0 1.20208
0.1 0.698314
0.2 0.473663
0.3 1.02726
0.4 0.950367
0.5 0.644025
0.6 1.12493
0.7 0.914853
0.8 0.690262
0.9 1.10142
1 0.973427
1.1 0.66054
1.2 0.615411
1.3 0.935052
1.4 0.822528
1.5 1.10177
1.6 0.798442
1.7 0.855378
1.8 0.567307
1.9 0.638957
2 0.746065
2.1 0.602208
2.2 0.880931
2.3 0.852127
2.4 1.11505
2.5 0.884753
2.6 0.893091
2.7 0.916907
2.8 1.03425
2.9 1.15322
3 0.972349
3.1 1.18634
3.2 0.613318
3.3 0.989895
3.4 0.91456
3.5 1.04458
3.6 1.10736
3.7 1.12765
3.8 1.00209
3.9 0.886781
4 0.951256
4.1 0.598074
4.2 0.834843
4.3 1.18637
4.4 1.11041
4.5 0.882313
4.6 0.647517
4.7 0.616687
4.8 0.849171
4.9 1.06807
5 1.09634
5.1 1.09283
5.2 0.849353
5.3 0.89037
5.4 0.586366
5.5 0.976079
5.6 0.998561
5.7 0.974657
5.8 1.13493
5.9 0.972629
6 1.13008
6.1 0.943218
6.2 1.23388
6.3 1.01794
6.4 0.854731
6.5 0.674283
6.6 1.11654
6.7 1.02213
6.8 0.738862
6.9 0.929327
7 1.21947
7.1 0.788188
7.2 1.04805
7.3 0.300599
7.4 0.476266
7.5 0.883253
7.6 0.954765
7.7 0.943317
7.8 0.89173
7.9 0.910337
8 1.04577
8.1 1.04451
8.2 0.862401
8.3 1.09922
8.4 1.10041
8.5 1.17405
8.6 0.894792
8.7 0.966238
8.8 0.797006
8.9 0.995335
9 0.817486
9.1 0.693977
9.2 1.10944
9.3 0.673899
9.4 1.07476
9.5 0.780669
9.6 0.500965
9.7 1.05276
9.8 1.14965
9.9 0.812464
10 1.05405
10.1 0.473112
10.2 0.973069
10.3 0.66789
10.4 0.89244
10.5 0.737898
10.6 0.96829
10.7 1.16451
10.8 -0.23732
10.9 -0.354054
11 -0.982707
11.1 -1.1302
11.2 -0.977096
11.3 -0.780412
11.4 -0.69341
11.5 -1.04073
11.6 -1.0798
11.7 -0.815914
11.8 -0.960268
11.9 -0.73577
12 -0.582058
12.1 -0.936537
12.2 -0.503082
12.3 -1.31424
12.4 -1.19836
12.5 -1.02575
12.6 -0.961674
12.7 -0.838962
12.8 -1.01019
12.9 -0.837
13 -1.15519
13.1 -1.10969
13.2 -1.00034
13.3 -0.852038
13.4 -0.997489
13.5 -0.903165
13.6 -0.658383
13.7 -1.21063
13.8 -0.819737
13.9 -0.859982
14 -1.10114
14.1 -0.591949
14.2 -0.659203
14.3 -0.93633
14.4 -1.06492
14.5 -1.25925
14.6 -1.06038
14.7 -0.928043
14.8 -0.795454
14.9 -0.81941
15 -1.1914
15.1 -1.30288
15.2 -1.09716
15.3 -1.27984
15.4 -0.775735
15.5 -0.961109
15.6 -1.00827
15.7 -1.07824
15.8 -0.994254
15.9 -1.04108
16 -1.08828
16.1 -1.1542
16.2 -1.01465
16.3 -1.0583
16.4 -0.887307
16.5 -0.762332
16.6 -1.26134
16.7 -0.652403
16.8 -0.884731
16.9 -0.909136
17 -0.917847
17.1 -1.07912
17.2 -0.879306
17.3 -0.840633
17.4 -1.09889
17.5 -1.20026
17.6 -0.958085
17.7 -1.05267
17.8 -1.27566
17.9 -1.15907
18 -0.792536
18.1 -1.01956
18.2 -1.08965
18.3 -0.628694
18.4 -0.678113
18.5 -1.01843
18.6 -0.898905
18.7 -0.857304
18.8 -0.924632
18.9 -0.706514
19 -1.12201
19.1 -0.736561
19.2 -0.911091
19.3 -0.796301
19.4 -1.18007
19.5 -1.35993
19.6 -0.908605
19.7 -0.862591
19.8 -1.19205
19.9 -1.03087
20 -1.15331
20.1 -1.06458
20.2 -0.997944
20.3 -0.400453
20.4 -0.866916
20.5 -0.860664
20.6 -1.05258
20.7 -0.884275
20.8 -1.23442
20.9 -1.28459
21 -0.788742
21.1 -1.05581
21.2 -1.07435
21.3 -0.962905
21.4 -0.907927
21.5 -1.15544
21.6 -1.05572
21.7 -1.00751
21.8 -0.892812
21.9 -1.00604
22 -0.785676
22.1 -1.00317
22.2 -0.59934
22.3 -0.99628
22.4 -0.83941
22.5 -1.1007
22.6 -1.01689
22.7 -1.02952
22.8 -0.8079
22.9 -0.820903
23 -0.918812
23.1 -0.970408
23.2 -0.89017
23.3 -0.648208
23.4 -1.02271
23.5 -0.96767
23.6 -0.911864
23.7 -0.558508
23.8 -1.02742
23.9 -1.08488
24 -0.912244
24.1 -0.960523
24.2 -0.754572
24.3 -0.833719
24.4 -0.766415
24.5 -0.814277
24.6 -1.12996
24.7 -1.10408
24.8 -1.19292
24.9 -0.433857
25 -0.548364
25.1 -0.555572
25.2 -1.05031
25.3 -1.15898
25.4 -0.736321
25.5 -0.758689
25.6 -0.925469
25.7 -1.05448
25.8 -1.1913
25.9 -1.06249
26 -0.878767
26.1 -0.927445
26.2 -1.00681
26.3 -1.08082
26.4 -1.03867
26.5 -0.687212
26.6 -0.972886
26.7 -0.821803
26.8 -0.7183
26.9 -0.858912
27 -1.11684
27.1 -0.898775
27.2 -0.879668
27.3 -0.775196
27.4 -1.17041
27.5 -0.735849
27.6 -0.976533
27.7 -1.17431
27.8 -0.907555
27.9 -0.747145
28 -0.940137
28.1 -1.00722
28.2 -1.01852
28.3 -1.00619
28.4 -1.00279
28.5 -0.943025
28.6 -1.06351
28.7 -1.12552
28.8 -0.913018
28.9 -0.628944
29 -0.882092
29.1 -0.971232
29.2 -1.01914
29.3 -1.17401
29.4 -0.655674
29.5 -0.697675
29.6 -0.969022
29.7 -0.544565
29.8 -0.98999
29.9 -1.06371
30 -1.07129
30.1 -0.893613
30.2 -1.12062
30.3 -1.03484
30.4 -0.93215
30.5 -0.827275
30.6 -0.755092
30.7 -1.011
30.8 -0.896545
30.9 -0.976124
31 -0.743839
31.1 -0.924957
31.2 -0.943919
31.3 -0.762464
31.4 -1.17289
31.5 -0.961068
31.6 -0.66352
31.7 -1.20152
31.8 -0.885953
31.9 -0.925504
32 -0.960312
32.1 -0.634589
32.2 -0.964714
32.3 -0.97783
32.4 -1.1902
32.5 -1.02936
32.6 -0.772941
32.7 -1.22934
32.8 -1.08775
32.9 -0.866024
33 -1.12979
33.1 -1.07426
33.2 -0.908232
33.3 -1.0222
33.4 -0.939154
33.5 -0.880908
33.6 -0.901739
33.7 -0.800982
33.8 -0.671856
33.9 -0.882119
34 -1.20842
34.1 -0.650584
34.2 -0.837865
34.3 -1.07849
34.4 -1.02265
34.5 -0.793352
34.6 -0.767381
34.7 -1.3759
34.8 -1.1774
34.9 -0.309094
35 0.24994
35.1 0.832758
35.2 0.923919
35.3 1.00532
35.4 0.956457
35.5 0.396094
35.6 0.351228
35.7 0.938124
35.8 0.992819
35.9 0.720782
36 0.829123
36.1 0.198848
36.2 0.869679
36.3 1.08783
36.4 0.889481
36.5 0.964589
36.6 0.75931
36.7 0.830125
36.8 1.04741
36.9 1.01517
37 1.1454
37.1 1.12907
37.2 1.15322
37.3 1.01753
37.4 1.16769
37.5 1.10542
37.6 0.826662
37.7 0.799536
37.8 0.76393
37.9 0.769547
38 0.912911
38.1 0.701135
38.2 1.17586
38.3 0.9074
38.4 0.641494
38.5 1.01208
38.6 0.384064
38.7 1.03351
38.8 0.962951
38.9 1.08808
39 1.02373
39.1 0.979113
39.2 0.916283
39.3 1.10513
39.4 0.867685
39.5 1.20333
39.6 0.830003
39.7 0.872627
39.8 0.944583
39.9 1.0867
40 1.06001
40.1 1.12628
40.2 0.937251
40.3 1.08603
40.4 0.875921
40.5 0.952132
40.6 0.478897
40.7 0.886638
40.8 0.987666
40.9 0.9848
41 0.894813
41.1 1.12505
41.2 1.14864
41.3 0.900057
41.4 1.04855
41.5 1.02076
41.6 0.794333
41.7 0.873411
41.8 0.922542
41.9 1.08506
42 1.0227
42.1 1.08678
42.2 0.908995
42.3 0.635703
42.4 0.908978
42.5 0.954765
42.6 0.958254
42.7 1.07166
42.8 0.959153
42.9 0.943827
43 0.687689
43.1 0.993379
43.2 0.616025
43.3 0.800622
43.4 0.849947
43.5 0.616157
43.6 0.540304
43.7 0.667037
43.8 0.161178
43.9 0.83669
44 1.1383
44.1 1.27795
44.2 0.744058
44.3 1.17234
44.4 0.967009
44.5 0.798967
44.6 1.2573
44.7 0.76325
44.8 0.935003
44.9 1.04621
45 0.948738
45.1 0.808626
45.2 0.96473
45.3 0.872111
45.4 0.975158
45.5 1.01734
45.6 0.757192
45.7 1.03872
45.8 0.41558
45.9 0.408143
46 0.78741
46.1 0.858686
46.2 0.99217
46.3 1.05995
46.4 1.17517
46.5 0.559421
46.6 0.931375
46.7 1.02548
46.8 0.761653
46.9 1.00493
47 0.839699
47.1 1.08953
47.2 0.663555
47.3 0.605281
47.4 1.0259
47.5 1.13749
47.6 0.734095
47.7 0.907698
47.8 0.983314
47.9 0.803841
48 1.15877
48.1 1.08267
48.2 0.98575
48.3 0.951952
48.4 0.970066
48.5 0.767012
48.6 0.986152
48.7 1.05792
48.8 0.985902
48.9 1.13527
49 1.07038
49.1 1.17428
49.2 0.903285
49.3 1.10636
49.4 1.04092
49.5 1.03731
49.6 0.803166
49.7 0.932366
49.8 0.765318
49.9 0.617474
50 0.911783
50.1 0.833094
50.2 0.894739
50.3 1.01698
50.4 0.806667
50.5 0.991211
50.6 0.901963
50.7 0.954918
50.8 0.929178
50.9 1.15504
51 0.957156
51.1 1.09113
51.2 0.75958
51.3 1.12807
51.4 0.932435
51.5 0.921578
51.6 0.577825
51.7 1.13888
51.8 0.883616
51.9 1.0487
52 1.06359
52.1 0.84951
52.2 0.962356
52.3 0.788001
52.4 0.912304
52.5 1.07095
52.6 1.03331
52.7 0.869571
52.8 1.08488
52.9 0.584557
53 1.07694
53.1 0.654312
53.2 0.986914
53.3 0.806139
53.4 0.744309
53.5 0.644994
53.6 0.924722
53.7 0.780666
53.8 0.806499
53.9 0.984955
54 0.306782
54.1 0.790101
54.2 1.24013
54.3 1.01119
54.4 0.892858
54.5 0.748893
54.6 0.533129
54.7 0.631706
54.8 1.14751
54.9 0.898394
55 0.805181
55.1 0.888066
55.2 1.13248
55.3 0.741303
55.4 1.28591
55.5 0.939635
55.6 0.883668
55.7 0.644527
55.8 0.87362
55.9 0.956061
56 0.785985
56.1 0.778403
56.2 1.005
56.3 0.927136
56.4 0.591996
56.5 0.73821
56.6 1.27343
56.7 1.11485
56.8 1.17266
56.9 0.966167
57 1.14061
57.1 0.791224
57.2 1.24009
57.3 0.908736
57.4 1.02447
57.5 0.49369
57.6 1.1753
57.7 0.689366
57.8 1.30746
57.9 0.474083
58 0.467
58.1 0.374396
58.2 0.707781
58.3 1.07818
58.4 0.767959
58.5 0.88066
58.6 0.928563
58.7 1.09276
58.8 0.993525
58.9 0.956684
59 0.780192
59.1 0.951129
59.2 1.06447
59.3 0.995219
59.4 1.00112
59.5 0.908095
59.6 0.73681
59.7 0.828245
59.8 0.982913
59.9 0.952161
60 0.852576
60.1 0.00481474
60.2 0.715514
60.3 1.04954
60.4 1.15706
60.5 1.07777
60.6 1.0999
60.7 1.18214
60.8 1.2578
60.9 0.626577
61 0.880699
61.1 0.920253
61.2 1.07003
61.3 0.793613
61.4 1.08875
61.5 1.19627
61.6 0.958475
61.7 1.03035
61.8 0.929152
61.9 0.910611
62 0.930082
62.1 1.01507
62.2 0.749118
62.3 0.814695
62.4 0.753849
62.5 1.19741
62.6 0.911844
62.7 1.10072
62.8 0.525906
62.9 0.95705
63 0.996584
63.1 0.712837
63.2 1.09415
63.3 1.1947
63.4 1.33417
63.5 1.19164
63.6 0.871592
63.7 0.675274
63.8 1.04789
63.9 1.00917
64 1.07499
64.1 1.02973
64.2 1.00278
64.3 0.716764
64.4 0.95149
64.5 0.773803
64.6 0.978192
64.7 1.07944
64.8 0.977781
64.9 0.841325
65 0.986773
65.1 1.13747
65.2 1.08885
65.3 1.12347
65.4 1.06631
65.5 0.633799
65.6 0.741372
65.7 1.21256
65.8 1.06135
65.9 0.843894
66 0.841567
66.1 1.13197
66.2 0.877778
66.3 0.973943
66.4 1.20006
66.5 0.858113
66.6 1.18622
66.7 1.06052
66.8 0.61742
66.9 0.653891
67 1.11616
67.1 0.960005
67.2 0.806858
67.3 1.06155
67.4 -0.532724
67.5 -0.931712
67.6 -1.18045
67.7 -1.0276
67.8 -1.10234
67.9 -0.757697
68 -0.950166
68.1 -1.04612
68.2 -1.05526
68.3 -1.08758
68.4 -1.0589
68.5 -0.764499
68.6 -0.975619
68.7 -0.709966
68.8 -0.965381
68.9 -0.87145
69 -0.8717
69.1 -0.835511
69.2 -1.03365
69.3 -1.15477
69.4 -1.05936
69.5 -0.964266
69.6 -1.11568
69.7 -0.794942
69.8 -0.916691
69.9 -0.855902
70 -0.732108
70.1 -0.88938
70.2 -0.809157
70.3 -0.400484
70.4 -0.510464
70.5 -1.15866
70.6 -1.11667
70.7 -1.12193
70.8 -1.27215
70.9 -1.1964
71 -0.943513
71.1 -0.917989
71.2 -1.23428
71.3 -0.676199
71.4 -1.12407
71.5 -1.06419
71.6 -1.05202
71.7 -0.791439
71.8 -0.85826
71.9 -1.12451
72 -1.29776
72.1 -0.935552
72.2 -1.20763
72.3 -0.923364
72.4 -1.15419
72.5 -0.915704
72.6 -1.19906
72.7 -1.17468
72.8 -0.861778
72.9 -0.700866
73 -1.10809
73.1 -1.01775
73.2 -1.00108
73.3 -1.09659
73.4 -0.91944
73.5 -1.03968
73.6 -1.2043
73.7 -0.87372
73.8 -0.64085
73.9 -0.854703
74 -0.992399
74.1 -0.839102
74.2 -0.992387
74.3 -0.678618
74.4 -0.856385
74.5 -0.919879
74.6 -0.984298
74.7 -0.950568
74.8 -1.12612
74.9 -1.10711
75 -0.755279
75.1 -0.952203
75.2 -0.980287
75.3 -0.997403
75.4 -0.936602
75.5 -0.992872
75.6 -1.01184
75.7 -0.997734
75.8 -0.98509
75.9 -0.80918
76 -0.906072
76.1 -0.844107
76.2 -1.05257
76.3 -0.797952
76.4 -0.879124
76.5 -0.887863
76.6 -1.22541
76.7 -1.03837
76.8 -1.03308
76.9 -0.944701
77 -0.850054
77.1 -1.13711
77.2 -1.0459
77.3 -1.22167
77.4 -0.950545
77.5 -1.12585
77.6 -0.808099
77.7 -1.00972
77.8 -1.03759
77.9 -0.958105
78 -1.20022
78.1 -0.904703
78.2 -0.302859
78.3 -0.460946
78.4 -1.00322
78.5 -0.951923
78.6 -0.941932
78.7 -0.844339
78.8 -0.677767
78.9 -0.872111
79 -1.10829
79.1 -1.01446
79.2 -1.24323
79.3 -0.880256
79.4 -0.844396
79.5 -0.84579
79.6 -0.49442
79.7 -0.822133
79.8 -0.668346
79.9 -0.719819
80 -0.994957
80.1 -0.647849
80.2 -0.98114
80.3 -0.893272
80.4 -0.762301
80.5 -0.921734
80.6 -0.822239
80.7 -0.935267
80.8 -0.463374
80.9 -0.595538
81 -0.882401
81.1 -0.957574
81.2 -0.96666
81.3 -0.834094
81.4 -0.736387
81.5 -0.869374
81.6 -0.882413
81.7 -0.810147
81.8 -0.870215
81.9 -0.974504
82 -0.786513
82.1 -0.944326
82.2 -0.742858
82.3 -0.924635
82.4 -1.00954
82.5 -0.965371
82.6 -1.02839
82.7 -0.80545
82.8 -0.908994
82.9 -1.16677
83 -0.839916
83.1 -1.09602
83.2 -0.820885
83.3 -0.56258
83.4 -1.06813
83.5 -0.872897
83.6 -0.605301
83.7 -1.00675
83.8 -1.14796
83.9 -0.907597
84 -1.08608
84.1 -0.997544
84.2 -0.930511
84.3 -1.03358
84.4 -0.964599
84.5 -1.11348
84.6 -0.756231
84.7 -0.977115
84.8 -0.554175
84.9 -0.955263
85 -0.816693
85.1 -0.595859
85.2 -1.05067
85.3 -0.767108
85.4 -1.01171
85.5 -1.22518
85.6 -0.844531
85.7 -1.13214
85.8 -0.892879
85.9 -0.820539
86 -1.12835
86.1 -0.648462
86.2 -0.79137
86.3 -0.720618
86.4 -0.633804
86.5 -0.763711
86.6 -1.05229
86.7 -0.884986
86.8 -0.440659
86.9 -0.921305
87 -0.944941
87.1 -1.06102
87.2 -0.903616
87.3 -1.08338
87.4 -0.968541
87.5 -0.929585
87.6 -0.90824
87.7 -1.05425
87.8 -1.06286
87.9 -0.865241
88 -1.29234
88.1 -0.921145
88.2 -1.21859
88.3 -0.478452
88.4 -0.197502
88.5 -0.988712
88.6 -0.872996
88.7 -0.87925
88.8 -1.0413
88.9 -0.945213
89 -1.0545
89.1 -0.866961
89.2 -0.667408
89.3 -0.949327
89.4 -0.693521
89.5 -1.12856
89.6 -0.717368
89.7 -0.848588
89.8 -1.08388
89.9 -1.13021
90 -0.944051
90.1 -1.12095
90.2 -0.961708
90.3 -0.940812
90.4 -0.775901
90.5 -0.612605
90.6 -0.921859
90.7 -0.881298
90.8 -0.927037
90.9 -0.892431
91 -0.710768
91.1 -0.5789
91.2 -1.03733
91.3 -0.823625
91.4 -0.991552
91.5 -1.05914
91.6 -1.0368
91.7 -1.02893
91.8 -0.658343
91.9 -0.469568
92 -0.641837
92.1 -0.740816
92.2 -0.910445
92.3 -1.13812
92.4 -0.782287
92.5 -1.10729
92.6 -0.894942
92.7 -0.994743
92.8 -1.0329
92.9 -1.03909
93 -1.21181
93.1 -0.875156
93.2 -1.05712
93.3 -0.91655
93.4 -0.943861
93.5 -0.896144
93.6 -0.840913
93.7 -0.931321
93.8 -0.804521
93.9 -0.937591
94 -0.619269
94.1 -0.931712
94.2 -1.19406
94.3 -0.676957
94.4 -0.867124
94.5 -0.929994
94.6 -1.10522
94.7 -0.92332
94.8 -0.983463
94.9 -0.545061
95 -1.09176
95.1 -1.01561
95.2 -0.541341
95.3 -0.69803
95.4 -1.18967
95.5 -1.06089
95.6 -1.02278
95.7 -0.926336
95.8 -0.866127
95.9 -1.06383
96 -1.03691
96.1 -1.27957
96.2 -0.705729
96.3 -0.998616
96.4 -1.0109
96.5 -0.95706
96.6 -0.989898
96.7 -0.827356
96.8 -1.014
96.9 -0.991947
97 -1.07397
97.1 -1.10405
97.2 -0.747722
97.3 -0.437995
97.4 -0.72331
97.5 -1.01386
97.6 -1.17948
97.7 -1.04872
97.8 -0.764206
97.9 -0.87666
98 -0.957589
98.1 -0.943284
98.2 -1.0056
98.3 -0.910258
98.4 -0.739763
98.5 -0.914194
98.6 -1.02486
98.7 -0.907006
98.8 -1.23668
98.9 -1.0417
99 -0.983704
99.1 -1.05544
99.2 -1.21986
99.3 -0.809053
99.4 -0.599205
99.5 -0.978869
99.6 -1.06254
99.7 -0.88162
99.8 -0.776564
99.9 -0.95564
100 -0.832116
100.001 -0.771248
