0 -0.886227
0.1 -0.889858
0.2 -0.893881
0.3 -0.883707
0.4 -0.868894
0.5 -0.882285
0.6 -0.881224
0.7 -0.867034
0.8 -0.873814
0.9 -0.865452
1 -0.868958
1.1 -0.87067
1.2 -0.860769
1.3 -0.867047
1.4 -0.860772
1.5 -0.86614
1.6 -0.853247
1.7 -0.854265
1.8 -0.849345
1.9 -0.837456
2 -0.845547
2.1 -0.840809
2.2 -0.835303
2.3 -0.847431
2.4 -0.833577
2.5 -0.827551
2.6 -0.837946
2.7 -0.833047
2.8 -0.824572
2.9 -0.829119
3 -0.8315
3.1 -0.825165
3.2 -0.826265
3.3 -0.825011
3.4 -0.813965
3.5 -0.824182
3.6 -0.814474
3.7 -0.80348
3.8 -0.812972
3.9 -0.81217
4 -0.821522
4.1 -0.801354
4.2 -0.800156
4.3 -0.800519
4.4 -0.799114
4.5 -0.793536
4.6 -0.791992
4.7 -0.786149
4.8 -0.800269
4.9 -0.796529
5 -0.802993
5.1 -0.798292
5.2 -0.791278
5.3 -0.790039
5.4 -0.790907
5.5 -0.783181
5.6 -0.791614
5.7 -0.788778
5.8 -0.785005
5.9 -0.785759
6 -0.781746
6.1 -0.782629
6.2 -0.786768
6.3 -0.788887
6.4 -0.788045
6.5 -0.793597
6.6 -0.786438
6.7 -0.778099
6.8 -0.776156
6.9 -0.779509
7 -0.78837
7.1 -0.78137
7.2 -0.772567
7.3 -0.767213
7.4 -0.769816
7.5 -0.769597
7.6 -0.766486
7.7 -0.768336
7.8 -0.770768
7.9 -0.772749
8 -0.78323
8.1 -0.769619
8.2 -0.77011
8.3 -0.776184
8.4 -0.77558
8.5 -0.777942
8.6 -0.766611
8.7 -0.772609
8.8 -0.760748
8.9 -0.761075
9 -0.763497
9.1 -0.77101
9.2 -0.758339
9.3 -0.764133
9.4 -0.767822
9.5 -0.759188
9.6 -0.761008
9.7 -0.763401
9.8 -0.766045
9.9 -0.758399
10 -0.77253
10.1 -0.771266
10.2 -0.773854
10.3 -0.771151
10.4 -0.769595
10.5 -0.762349
10.6 -0.759068
10.7 -0.76375
10.8 -0.767117
10.9 -0.766797
11 -0.760457
11.1 -0.755637
11.2 -0.763054
11.3 -0.761373
11.4 -0.757824
11.5 -0.758776
11.6 -0.761091
11.7 -0.754097
11.8 -0.748957
11.9 -0.748543
12 -0.754789
12.1 -0.753715
12.2 -0.746112
12.3 -0.754219
12.4 -0.748558
12.5 -0.737258
12.6 -0.728127
12.7 -0.737588
12.8 -0.744407
12.9 -0.734149
13 -0.737764
13.1 -0.734213
13.2 -0.720413
13.3 -0.732425
13.4 -0.739147
13.5 -0.734073
13.6 -0.739445
13.7 -0.739839
13.8 -0.748296
13.9 -0.741478
14 -0.742972
14.1 -0.742512
14.2 -0.746082
14.3 -0.737441
14.4 -0.738971
14.5 -0.754242
14.6 -0.742953
14.7 -0.744763
14.8 -0.739486
14.9 -0.740426
15 -0.743874
15.1 -0.726097
15.2 -0.736905
15.3 -0.740108
15.4 -0.742135
15.5 -0.748183
15.6 -0.740489
15.7 -0.738777
15.8 -0.748247
15.9 -0.75143
16 -0.753366
16.1 -0.743335
16.2 -0.754228
16.3 -0.744873
16.4 -0.74416
16.5 -0.75141
16.6 -0.74258
16.7 -0.745972
16.8 -0.735642
16.9 -0.755348
17 -0.738529
17.1 -0.749351
17.2 -0.7413
17.3 -0.745666
17.4 -0.73461
17.5 -0.739181
17.6 -0.746949
17.7 -0.75094
17.8 -0.751036
17.9 -0.749525
18 -0.751613
18.1 -0.753786
18.2 -0.754003
18.3 -0.754715
18.4 -0.764654
18.5 -0.757124
18.6 -0.751182
18.7 -0.742515
18.8 -0.740804
18.9 -0.743058
19 -0.726692
19.1 -0.736968
19.2 -0.737641
19.3 -0.744688
19.4 -0.74008
19.5 -0.731431
19.6 -0.740206
19.7 -0.746206
19.8 -0.746653
19.9 -0.736397
20 -0.734699
20.1 -0.748668
20.2 -0.753523
20.3 -0.752181
20.4 -0.741664
20.5 -0.746371
20.6 -0.756088
20.7 -0.759738
20.8 -0.76087
20.9 -0.748869
21 -0.746215
21.1 -0.747883
21.2 -0.756911
21.3 -0.758245
21.4 -0.756348
21.5 -0.767818
21.6 -0.746808
21.7 -0.756179
21.8 -0.750824
21.9 -0.743792
22 -0.749147
22.1 -0.754454
22.2 -0.753207
22.3 -0.762269
22.4 -0.748304
22.5 -0.75046
22.6 -0.757238
22.7 -0.755692
22.8 -0.757119
22.9 -0.753613
23 -0.755083
23.1 -0.75886
23.2 -0.758184
23.3 -0.756801
23.4 -0.753838
23.5 -0.753789
23.6 -0.747004
23.7 -0.752164
23.8 -0.739092
23.9 -0.736347
24 -0.745224
24.1 -0.733226
24.2 -0.738032
24.3 -0.742638
24.4 -0.740273
24.5 -0.745568
24.6 -0.75336
24.7 -0.740343
24.8 -0.740617
24.9 -0.740768
25 -0.748877
25.1 -0.737755
25.2 -0.733931
25.3 -0.745825
25.4 -0.745256
25.5 -0.741542
25.6 -0.743297
25.7 -0.733695
25.8 -0.740055
25.9 -0.735809
26 -0.739132
26.1 -0.740274
26.2 -0.748928
26.3 -0.738974
26.4 -0.736372
26.5 -0.729547
26.6 -0.744467
26.7 -0.745586
26.8 -0.740586
26.9 -0.729435
27 -0.728001
27.1 -0.728637
27.2 -0.729883
27.3 -0.73282
27.4 -0.728988
27.5 -0.721946
27.6 -0.719795
27.7 -0.735154
27.8 -0.723583
27.9 -0.717911
28 -0.736032
28.1 -0.731823
28.2 -0.731816
28.3 -0.726554
28.4 -0.727398
28.5 -0.742577
28.6 -0.746101
28.7 -0.733648
28.8 -0.730614
28.9 -0.728764
29 -0.729236
29.1 -0.733764
29.2 -0.729268
29.3 -0.723909
29.4 -0.719946
29.5 -0.720977
29.6 -0.725431
29.7 -0.734108
29.8 -0.723556
29.9 -0.72443
30 -0.734098
30.1 -0.733306
30.2 -0.73908
30.3 -0.73094
30.4 -0.736594
30.5 -0.726045
30.6 -0.72995
30.7 -0.724878
30.8 -0.723488
30.9 -0.709886
31 -0.723506
31.1 -0.716857
31.2 -0.733878
31.3 -0.729999
31.4 -0.727725
31.5 -0.736051
31.6 -0.731028
31.7 -0.722847
31.8 -0.723509
31.9 -0.72336
32 -0.719121
32.1 -0.724119
32.2 -0.716789
32.3 -0.714577
32.4 -0.724991
32.5 -0.722208
32.6 -0.722302
32.7 -0.714355
32.8 -0.722108
32.9 -0.712968
33 -0.716992
33.1 -0.71671
33.2 -0.71874
33.3 -0.732222
33.4 -0.71985
33.5 -0.724346
33.6 -0.722379
33.7 -0.717587
33.8 -0.717305
33.9 -0.724925
34 -0.733936
34.1 -0.73124
34.2 -0.731729
34.3 -0.724026
34.4 -0.725354
34.5 -0.728896
34.6 -0.72612
34.7 -0.731444
34.8 -0.721747
34.9 -0.719172
35 -0.722644
35.1 -0.71756
35.2 -0.721949
35.3 -0.723366
35.4 -0.725854
35.5 -0.723707
35.6 -0.736464
35.7 -0.724945
35.8 -0.736422
35.9 -0.742775
36 -0.729541
36.1 -0.737166
36.2 -0.750126
36.3 -0.730347
36.4 -0.740586
36.5 -0.735892
36.6 -0.734317
36.7 -0.742186
36.8 -0.738137
36.9 -0.739622
37 -0.74435
37.1 -0.745403
37.2 -0.737627
37.3 -0.736917
37.4 -0.74455
37.5 -0.7465
37.6 -0.746016
37.7 -0.73371
37.8 -0.741194
37.9 -0.744864
38 -0.743455
38.1 -0.755249
38.2 -0.732347
38.3 -0.737795
38.4 -0.734969
38.5 -0.743904
38.6 -0.741367
38.7 -0.730625
38.8 -0.734324
38.9 -0.738185
39 -0.732987
39.1 -0.742347
39.2 -0.74473
39.3 -0.747684
39.4 -0.733337
39.5 -0.736501
39.6 -0.749634
39.7 -0.747934
39.8 -0.74748
39.9 -0.748747
40 -0.746029
40.1 -0.750819
40.2 -0.751266
40.3 -0.753036
40.4 -0.76173
40.5 -0.752351
40.6 -0.748187
40.7 -0.749614
40.8 -0.753705
40.9 -0.751451
41 -0.738813
41.1 -0.752962
41.2 -0.74906
41.3 -0.738249
41.4 -0.751185
41.5 -0.756032
41.6 -0.755775
41.7 -0.750758
41.8 -0.751923
41.9 -0.754806
42 -0.745669
42.1 -0.740338
42.2 -0.750922
42.3 -0.7452
42.4 -0.748983
42.5 -0.753409
42.6 -0.756356
42.7 -0.745483
42.8 -0.743956
42.9 -0.744283
43 -0.757175
43.1 -0.757656
43.2 -0.744904
43.3 -0.752222
43.4 -0.740725
43.5 -0.738351
43.6 -0.740553
43.7 -0.740727
43.8 -0.747119
43.9 -0.752822
44 -0.743644
44.1 -0.742111
44.2 -0.756839
44.3 -0.742209
44.4 -0.746891
44.5 -0.742317
44.6 -0.75078
44.7 -0.757959
44.8 -0.733813
44.9 -0.737335
45 -0.747299
45.1 -0.738788
45.2 -0.73943
45.3 -0.747282
45.4 -0.743324
45.5 -0.745468
45.6 -0.750541
45.7 -0.747568
45.8 -0.750911
45.9 -0.749031
46 -0.750744
46.1 -0.746886
46.2 -0.761739
46.3 -0.757804
46.4 -0.762896
46.5 -0.757484
46.6 -0.752084
46.7 -0.754081
46.8 -0.759936
46.9 -0.751448
47 -0.754915
47.1 -0.761309
47.2 -0.759232
47.3 -0.750595
47.4 -0.754852
47.5 -0.755475
47.6 -0.764569
47.7 -0.769399
47.8 -0.768749
47.9 -0.764529
48 -0.765192
48.1 -0.768052
48.2 -0.762442
48.3 -0.760981
48.4 -0.76555
48.5 -0.759552
48.6 -0.757626
48.7 -0.760836
48.8 -0.752776
48.9 -0.757195
49 -0.755778
49.1 -0.762537
49.2 -0.76048
49.3 -0.762343
49.4 -0.756641
49.5 -0.755562
49.6 -0.76439
49.7 -0.758787
49.8 -0.750101
49.9 -0.747101
50 -0.747704
50.1 -0.753536
50.2 -0.741615
50.3 -0.742557
50.4 -0.742972
50.5 -0.750374
50.6 -0.731401
50.7 -0.747489
50.8 -0.742605
50.9 -0.749492
51 -0.747423
51.1 -0.748862
51.2 -0.752759
51.3 -0.749906
51.4 -0.741796
51.5 -0.75404
51.6 -0.739454
51.7 -0.747881
51.8 -0.748081
51.9 -0.755932
52 -0.753708
52.1 -0.736567
52.2 -0.729092
52.3 -0.740349
52.4 -0.73765
52.5 -0.747009
52.6 -0.758716
52.7 -0.757451
52.8 -0.750238
52.9 -0.75373
53 -0.761106
53.1 -0.75354
53.2 -0.753582
53.3 -0.757259
53.4 -0.747479
53.5 -0.741594
53.6 -0.756554
53.7 -0.747225
53.8 -0.746107
53.9 -0.748794
54 -0.74176
54.1 -0.744929
54.2 -0.744155
54.3 -0.744223
54.4 -0.754231
54.5 -0.736144
54.6 -0.744514
54.7 -0.754948
54.8 -0.748996
54.9 -0.743759
55 -0.741118
55.1 -0.744084
55.2 -0.74729
55.3 -0.747073
55.4 -0.739261
55.5 -0.749514
55.6 -0.739373
55.7 -0.740629
55.8 -0.740816
55.9 -0.737628
56 -0.741718
56.1 -0.743315
56.2 -0.749581
56.3 -0.742872
56.4 -0.749903
56.5 -0.749535
56.6 -0.751038
56.7 -0.746292
56.8 -0.74657
56.9 -0.755169
57 -0.747683
57.1 -0.763775
57.2 -0.746624
57.3 -0.754159
57.4 -0.752142
57.5 -0.744245
57.6 -0.751736
57.7 -0.751158
57.8 -0.750093
57.9 -0.744449
58 -0.74524
58.1 -0.752952
58.2 -0.752224
58.3 -0.750077
58.4 -0.757276
58.5 -0.750591
58.6 -0.750536
58.7 -0.754145
58.8 -0.749945
58.9 -0.751782
59 -0.739837
59.1 -0.750328
59.2 -0.7507
59.3 -0.751627
59.4 -0.759935
59.5 -0.750898
59.6 -0.770636
59.7 -0.758477
59.8 -0.759341
59.9 -0.755547
60 -0.749815
60.1 -0.756162
60.2 -0.754334
60.3 -0.771495
60.4 -0.757939
60.5 -0.752822
60.6 -0.75862
60.7 -0.749926
60.8 -0.765879
60.9 -0.754982
61 -0.754824
61.1 -0.750606
61.2 -0.762275
61.3 -0.751475
61.4 -0.765765
61.5 -0.764064
61.6 -0.765048
61.7 -0.768343
61.8 -0.763595
61.9 -0.754018
62 -0.763923
62.1 -0.754739
62.2 -0.76653
62.3 -0.76326
62.4 -0.758915
62.5 -0.76659
62.6 -0.773528
62.7 -0.769446
62.8 -0.762399
62.9 -0.768188
63 -0.764379
63.1 -0.765511
63.2 -0.770276
63.3 -0.759471
63.4 -0.758513
63.5 -0.762789
63.6 -0.770422
63.7 -0.767556
63.8 -0.759941
63.9 -0.768317
64 -0.762098
64.1 -0.77809
64.2 -0.773532
64.3 -0.771387
64.4 -0.7733
64.5 -0.770776
64.6 -0.763263
64.7 -0.768244
64.8 -0.766337
64.9 -0.765746
65 -0.77282
65.1 -0.765713
65.2 -0.761791
65.3 -0.775054
65.4 -0.751406
65.5 -0.777235
65.6 -0.770115
65.7 -0.769665
65.8 -0.773652
65.9 -0.760755
66 -0.768964
66.1 -0.763235
66.2 -0.767665
66.3 -0.763283
66.4 -0.765656
66.5 -0.764666
66.6 -0.766645
66.7 -0.774424
66.8 -0.760219
66.9 -0.768663
67 -0.784848
67.1 -0.783458
67.2 -0.771234
67.3 -0.782111
67.4 -0.779805
67.5 -0.777212
67.6 -0.770748
67.7 -0.772056
67.8 -0.770704
67.9 -0.773795
68 -0.7801
68.1 -0.767883
68.2 -0.77642
68.3 -0.768912
68.4 -0.77225
68.5 -0.753732
68.6 -0.763844
68.7 -0.763787
68.8 -0.765603
68.9 -0.765484
69 -0.755075
69.1 -0.747675
69.2 -0.749163
69.3 -0.764745
69.4 -0.770643
69.5 -0.759742
69.6 -0.759412
69.7 -0.763554
69.8 -0.741582
69.9 -0.750863
70 -0.758223
70.1 -0.760359
70.2 -0.745888
70.3 -0.75815
70.4 -0.764352
70.5 -0.764111
70.6 -0.774813
70.7 -0.769794
70.8 -0.766938
70.9 -0.767216
71 -0.769634
71.1 -0.769233
71.2 -0.773766
71.3 -0.762733
71.4 -0.763976
71.5 -0.757014
71.6 -0.759178
71.7 -0.765511
71.8 -0.762762
71.9 -0.745166
72 -0.754884
72.1 -0.754242
72.2 -0.751157
72.3 -0.768698
72.4 -0.764431
72.5 -0.770283
72.6 -0.770924
72.7 -0.765415
72.8 -0.767959
72.9 -0.761754
73 -0.765557
73.1 -0.77683
73.2 -0.769812
73.3 -0.75286
73.4 -0.756366
73.5 -0.759345
73.6 -0.766388
73.7 -0.767343
73.8 -0.784261
73.9 -0.773194
74 -0.769537
74.1 -0.768618
74.2 -0.762273
74.3 -0.783198
74.4 -0.785153
74.5 -0.768988
74.6 -0.761682
74.7 -0.767269
74.8 -0.777591
74.9 -0.766728
75 -0.768438
75.1 -0.777703
75.2 -0.768559
75.3 -0.767815
75.4 -0.773586
75.5 -0.785044
75.6 -0.770453
75.7 -0.768707
75.8 -0.775482
75.9 -0.761635
76 -0.762834
76.1 -0.775042
76.2 -0.776474
76.3 -0.77785
76.4 -0.770779
76.5 -0.766974
76.6 -0.780543
76.7 -0.784243
76.8 -0.780099
76.9 -0.77473
77 -0.781065
77.1 -0.780779
77.2 -0.77776
77.3 -0.77961
77.4 -0.788734
77.5 -0.773163
77.6 -0.765399
77.7 -0.773687
77.8 -0.766502
77.9 -0.769221
78 -0.773114
78.1 -0.770059
78.2 -0.759765
78.3 -0.758459
78.4 -0.771541
78.5 -0.770037
78.6 -0.767016
78.7 -0.7601
78.8 -0.763714
78.9 -0.765252
79 -0.75938
79.1 -0.767732
79.2 -0.774064
79.3 -0.769211
79.4 -0.768011
79.5 -0.765199
79.6 -0.761011
79.7 -0.76841
79.8 -0.774029
79.9 -0.76456
80 -0.764119
80.1 -0.75952
80.2 -0.753396
80.3 -0.751626
80.4 -0.77131
80.5 -0.765757
80.6 -0.757477
80.7 -0.767626
80.8 -0.765139
80.9 -0.764726
81 -0.772053
81.1 -0.767477
81.2 -0.764609
81.3 -0.760204
81.4 -0.765179
81.5 -0.77353
81.6 -0.768338
81.7 -0.765818
81.8 -0.764256
81.9 -0.769587
82 -0.780159
82.1 -0.775847
82.2 -0.769572
82.3 -0.775319
82.4 -0.762059
82.5 -0.764773
82.6 -0.765411
82.7 -0.770428
82.8 -0.774643
82.9 -0.779495
83 -0.773229
83.1 -0.772441
83.2 -0.776688
83.3 -0.775733
83.4 -0.773947
83.5 -0.775507
83.6 -0.774032
83.7 -0.775304
83.8 -0.784316
83.9 -0.787127
84 -0.774565
84.1 -0.770093
84.2 -0.772063
84.3 -0.760268
84.4 -0.771484
84.5 -0.761844
84.6 -0.775584
84.7 -0.767954
84.8 -0.782181
84.9 -0.782831
85 -0.774963
85.1 -0.774932
85.2 -0.781912
85.3 -0.765681
85.4 -0.767701
85.5 -0.780378
85.6 -0.774548
85.7 -0.771378
85.8 -0.778817
85.9 -0.776818
86 -0.780404
86.1 -0.780073
86.2 -0.779194
86.3 -0.775495
86.4 -0.782301
86.5 -0.774844
86.6 -0.782065
86.7 -0.776604
86.8 -0.776595
86.9 -0.78728
87 -0.77839
87.1 -0.779908
87.2 -0.790826
87.3 -0.787591
87.4 -0.787526
87.5 -0.781979
87.6 -0.783839
87.7 -0.802518
87.8 -0.785395
87.9 -0.791089
88 -0.794611
88.1 -0.780392
88.2 -0.788927
88.3 -0.779979
88.4 -0.781822
88.5 -0.784802
88.6 -0.793897
88.7 -0.781555
88.8 -0.789692
88.9 -0.79354
89 -0.798001
89.1 -0.796274
89.2 -0.797204
89.3 -0.81067
89.4 -0.807861
89.5 -0.804765
89.6 -0.8065
89.7 -0.798007
89.8 -0.806603
89.9 -0.814597
90 -0.810579
90.1 -0.807305
90.2 -0.801347
90.3 -0.799946
90.4 -0.807585
90.5 -0.79705
90.6 -0.798974
90.7 -0.797005
90.8 -0.794676
90.9 -0.794961
91 -0.79717
91.1 -0.802401
91.2 -0.797754
91.3 -0.794781
91.4 -0.791966
91.5 -0.787302
91.6 -0.790498
91.7 -0.799508
91.8 -0.799695
91.9 -0.779917
92 -0.782073
92.1 -0.791323
92.2 -0.796626
92.3 -0.79987
92.4 -0.790573
92.5 -0.793583
92.6 -0.806379
92.7 -0.795154
92.8 -0.804891
92.9 -0.798432
93 -0.797291
93.1 -0.801133
93.2 -0.805471
93.3 -0.812848
93.4 -0.80845
93.5 -0.808405
93.6 -0.806874
93.7 -0.805125
93.8 -0.798603
93.9 -0.801818
94 -0.793726
94.1 -0.799587
94.2 -0.798342
94.3 -0.803109
94.4 -0.796609
94.5 -0.803611
94.6 -0.791223
94.7 -0.78197
94.8 -0.78191
94.9 -0.790454
95 -0.789495
95.1 -0.784425
95.2 -0.794085
95.3 -0.795832
95.4 -0.792325
95.5 -0.796249
95.6 -0.78946
95.7 -0.791358
95.8 -0.794644
95.9 -0.806036
96 -0.802612
96.1 -0.788783
96.2 -0.795846
96.3 -0.802769
96.4 -0.803751
96.5 -0.797575
96.6 -0.802793
96.7 -0.790971
96.8 -0.796428
96.9 -0.79298
97 -0.803088
97.1 -0.794708
97.2 -0.788922
97.3 -0.793807
97.4 -0.80251
97.5 -0.806191
97.6 -0.796172
97.7 -0.802834
97.8 -0.806966
97.9 -0.797737
98 -0.793185
98.1 -0.788646
98.2 -0.796552
98.3 -0.794316
98.4 -0.789138
98.5 -0.795437
98.6 -0.782137
98.7 -0.780407
98.8 -0.778749
98.9 -0.775945
99 -0.791482
99.1 -0.782127
99.2 -0.782447
99.3 -0.773088
99.4 -0.790141
99.5 -0.781099
99.6 -0.786592
99.7 -0.784063
99.8 -0.774686
99.9 -0.789799
100 -0.78237
