23.5 4.69938
23.5015 4.63075
23.503 4.56243
23.5045 4.4944
23.506 4.42667
23.5075 4.35924
23.509 4.29211
23.5105 4.22527
23.512 4.15874
23.5135 4.09249
23.515 4.02654
23.5165 3.96089
23.518 3.89553
23.5195 3.83046
23.521 3.76568
23.5225 3.70119
23.524 3.637
23.5255 3.57309
23.527 3.50948
23.5285 3.44615
23.53 3.38311
23.5315 3.32036
23.533 3.25789
23.5345 3.19571
23.536 3.13381
23.5375 3.0722
23.539 3.01088
23.5405 2.94983
23.542 2.88907
23.5435 2.82859
23.545 2.7684
23.5465 2.70848
23.548 2.64884
23.5495 2.58948
23.551 2.5304
23.5525 2.4716
23.554 2.41307
23.5555 2.35483
23.557 2.29685
23.5585 2.23916
23.56 2.18173
23.5615 2.12458
23.563 2.06771
23.5645 2.0111
23.566 1.95477
23.5675 1.89871
23.569 1.84292
23.5705 1.7874
23.572 1.73215
23.5735 1.67716
23.575 1.62245
23.5765 1.568
23.578 1.51382
23.5795 1.4599
23.581 1.40625
23.5825 1.35287
23.584 1.29975
23.5855 1.24689
23.587 1.19429
23.5885 1.14196
23.59 1.08989
23.5915 1.03807
23.593 0.986523
23.5945 0.935231
23.596 0.884197
23.5975 0.833422
23.599 0.782904
23.6006 0.732642
23.6021 0.682637
23.6036 0.632888
23.6051 0.583393
23.6066 0.534152
23.6081 0.485165
23.6096 0.436431
23.6111 0.387949
23.6126 0.339719
23.6141 0.29174
23.6156 0.244011
23.6171 0.196532
23.6186 0.149303
23.6201 0.102321
23.6216 0.0555874
23.6231 0.00910099
23.6246 -0.0371389
23.6261 -0.0831329
23.6276 -0.128882
23.6291 -0.174386
23.6306 -0.219646
23.6321 -0.264662
23.6336 -0.309436
23.6351 -0.353968
23.6366 -0.398258
23.6381 -0.442308
23.6396 -0.486117
23.6411 -0.529686
23.6426 -0.573017
23.6441 -0.616109
23.6456 -0.658963
23.6471 -0.701581
23.6486 -0.743961
23.6501 -0.786106
23.6516 -0.828016
23.6531 -0.869691
23.6546 -0.911132
23.6561 -0.95234
23.6576 -0.993315
23.6591 -1.03406
23.6606 -1.07457
23.6621 -1.11485
23.6636 -1.1549
23.6651 -1.19472
23.6666 -1.23431
23.6681 -1.27367
23.6696 -1.31281
23.6711 -1.35172
23.6726 -1.3904
23.6741 -1.42885
23.6756 -1.46708
23.6771 -1.50509
23.6786 -1.54287
23.6801 -1.58043
23.6816 -1.61776
23.6831 -1.65487
23.6846 -1.69176
23.6861 -1.72843
23.6876 -1.76488
23.6891 -1.80111
23.6906 -1.83712
23.6921 -1.87291
23.6936 -1.90848
23.6951 -1.94384
23.6966 -1.97898
23.6981 -2.0139
23.6996 -2.0486
23.7011 -2.0831
23.7026 -2.11737
23.7041 -2.15144
23.7056 -2.18529
23.7071 -2.21892
23.7086 -2.25235
23.7101 -2.28556
23.7116 -2.31856
23.7131 -2.35135
23.7146 -2.38394
23.7161 -2.41631
23.7176 -2.44847
23.7191 -2.48043
23.7206 -2.51218
23.7221 -2.54372
23.7236 -2.57506
23.7251 -2.60619
23.7266 -2.63711
23.7281 -2.66783
23.7296 -2.69835
23.7311 -2.72867
23.7326 -2.75878
23.7341 -2.78869
23.7356 -2.81839
23.7371 -2.8479
23.7386 -2.87721
23.7401 -2.90631
23.7416 -2.93522
23.7431 -2.96393
23.7446 -2.99244
23.7461 -3.02076
23.7476 -3.04887
23.7491 -3.07679
23.7506 -3.10452
23.7521 -3.13205
23.7536 -3.15938
23.7551 -3.18652
23.7566 -3.21347
23.7581 -3.24023
23.7596 -3.26679
23.7611 -3.29316
23.7626 -3.31934
23.7641 -3.34533
23.7656 -3.37113
23.7671 -3.39674
23.7686 -3.42216
23.7701 -3.44739
23.7716 -3.47244
23.7731 -3.49729
23.7746 -3.52197
23.7761 -3.54645
23.7776 -3.57075
23.7791 -3.59487
23.7806 -3.6188
23.7821 -3.64254
23.7836 -3.66611
23.7851 -3.68949
23.7866 -3.71269
23.7881 -3.7357
23.7896 -3.75854
23.7911 -3.7812
23.7926 -3.80367
23.7941 -3.82597
23.7956 -3.84809
23.7971 -3.87003
23.7986 -3.89179
23.8002 -3.91338
23.8017 -3.93479
23.8032 -3.95602
23.8047 -3.97708
23.8062 -3.99796
23.8077 -4.01867
23.8092 -4.0392
23.8107 -4.05956
23.8122 -4.07975
23.8137 -4.09977
23.8152 -4.11961
23.8167 -4.13929
23.8182 -4.15879
23.8197 -4.17813
23.8212 -4.19729
23.8227 -4.21629
23.8242 -4.23511
23.8257 -4.25377
23.8272 -4.27226
23.8287 -4.29059
23.8302 -4.30875
23.8317 -4.32674
23.8332 -4.34457
23.8347 -4.36224
23.8362 -4.37974
23.8377 -4.39707
23.8392 -4.41425
23.8407 -4.43126
23.8422 -4.44811
23.8437 -4.4648
23.8452 -4.48133
23.8467 -4.49769
23.8482 -4.5139
23.8497 -4.52995
23.8512 -4.54584
23.8527 -4.56157
23.8542 -4.57715
23.8557 -4.59256
23.8572 -4.60782
23.8587 -4.62293
23.8602 -4.63788
23.8617 -4.65267
23.8632 -4.66731
23.8647 -4.6818
23.8662 -4.69613
23.8677 -4.71031
23.8692 -4.72434
23.8707 -4.73821
23.8722 -4.75194
23.8737 -4.76551
23.8752 -4.77893
23.8767 -4.79221
23.8782 -4.80533
23.8797 -4.81831
23.8812 -4.83113
23.8827 -4.84381
23.8842 -4.85635
23.8857 -4.86873
23.8872 -4.88097
23.8887 -4.89306
23.8902 -4.90501
23.8917 -4.91682
23.8932 -4.92848
23.8947 -4.94
23.8962 -4.95137
23.8977 -4.9626
23.8992 -4.97369
23.9007 -4.98464
23.9022 -4.99544
23.9037 -5.00611
23.9052 -5.01664
23.9067 -5.02702
23.9082 -5.03727
23.9097 -5.04738
23.9112 -5.05735
23.9127 -5.06718
23.9142 -5.07688
23.9157 -5.08644
23.9172 -5.09587
23.9187 -5.10515
23.9202 -5.11431
23.9217 -5.12333
23.9232 -5.13221
23.9247 -5.14096
23.9262 -5.14958
23.9277 -5.15807
23.9292 -5.16642
23.9307 -5.17464
23.9322 -5.18274
23.9337 -5.1907
23.9352 -5.19853
23.9367 -5.20623
23.9382 -5.2138
23.9397 -5.22125
23.9412 -5.22856
23.9427 -5.23575
23.9442 -5.24281
23.9457 -5.24974
23.9472 -5.25655
23.9487 -5.26323
23.9502 -5.26979
23.9517 -5.27622
23.9532 -5.28253
23.9547 -5.28872
23.9562 -5.29478
23.9577 -5.30072
23.9592 -5.30653
23.9607 -5.31223
23.9622 -5.3178
23.9637 -5.32325
23.9652 -5.32859
23.9667 -5.3338
23.9682 -5.33889
23.9697 -5.34387
23.9712 -5.34872
23.9727 -5.35346
23.9742 -5.35808
23.9757 -5.36258
23.9772 -5.36697
23.9787 -5.37124
23.9802 -5.37539
23.9817 -5.37943
23.9832 -5.38336
23.9847 -5.38717
23.9862 -5.39086
23.9877 -5.39445
23.9892 -5.39792
23.9907 -5.40128
23.9922 -5.40452
23.9937 -5.40766
23.9952 -5.41068
23.9967 -5.4136
23.9982 -5.4164
23.9997 -5.41909
24.0013 -5.42168
24.0028 -5.42415
24.0043 -5.42652
24.0058 -5.42878
24.0073 -5.43094
24.0088 -5.43298
24.0103 -5.43492
24.0118 -5.43676
24.0133 -5.43848
24.0148 -5.44011
24.0163 -5.44163
24.0178 -5.44304
24.0193 -5.44435
24.0208 -5.44556
24.0223 -5.44667
24.0238 -5.44767
24.0253 -5.44857
24.0268 -5.44937
24.0283 -5.45007
24.0298 -5.45067
24.0313 -5.45117
24.0328 -5.45157
24.0343 -5.45187
24.0358 -5.45207
24.0373 -5.45217
24.0388 -5.45218
24.0403 -5.45208
24.0418 -5.45189
24.0433 -5.45161
24.0448 -5.45123
24.0463 -5.45075
24.0478 -5.45018
24.0493 -5.44951
24.0508 -5.44875
24.0523 -5.44789
24.0538 -5.44695
24.0553 -5.4459
24.0568 -5.44477
24.0583 -5.44354
24.0598 -5.44223
24.0613 -5.44082
24.0628 -5.43932
24.0643 -5.43773
24.0658 -5.43605
24.0673 -5.43428
24.0688 -5.43242
24.0703 -5.43047
24.0718 -5.42844
24.0733 -5.42631
24.0748 -5.4241
24.0763 -5.4218
24.0778 -5.41942
24.0793 -5.41695
24.0808 -5.41439
24.0823 -5.41175
24.0838 -5.40903
24.0853 -5.40622
24.0868 -5.40332
24.0883 -5.40035
24.0898 -5.39728
24.0913 -5.39414
24.0928 -5.39092
24.0943 -5.38761
24.0958 -5.38422
24.0973 -5.38075
24.0988 -5.3772
24.1003 -5.37357
24.1018 -5.36986
24.1033 -5.36607
24.1048 -5.3622
24.1063 -5.35825
24.1078 -5.35422
24.1093 -5.35012
24.1108 -5.34594
24.1123 -5.34168
24.1138 -5.33735
24.1153 -5.33294
24.1168 -5.32845
24.1183 -5.32389
24.1198 -5.31925
24.1213 -5.31454
24.1228 -5.30976
24.1243 -5.3049
24.1258 -5.29997
24.1273 -5.29497
24.1288 -5.28989
24.1303 -5.28474
24.1318 -5.27952
24.1333 -5.27423
24.1348 -5.26887
24.1363 -5.26343
24.1378 -5.25793
24.1393 -5.25236
24.1408 -5.24672
24.1423 -5.24101
24.1438 -5.23523
24.1453 -5.22938
24.1468 -5.22347
24.1483 -5.21748
24.1498 -5.21144
24.1513 -5.20532
24.1528 -5.19914
24.1543 -5.19289
24.1558 -5.18658
24.1573 -5.1802
24.1588 -5.17376
24.1603 -5.16725
24.1618 -5.16068
24.1633 -5.15405
24.1648 -5.14736
24.1663 -5.1406
24.1678 -5.13378
24.1693 -5.12689
24.1708 -5.11995
24.1723 -5.11294
24.1738 -5.10588
24.1753 -5.09875
24.1768 -5.09157
24.1783 -5.08432
24.1798 -5.07702
24.1813 -5.06965
24.1828 -5.06223
24.1843 -5.05475
24.1858 -5.04721
24.1873 -5.03962
24.1888 -5.03197
24.1903 -5.02426
24.1918 -5.01649
24.1933 -5.00867
24.1948 -5.0008
24.1963 -4.99287
24.1978 -4.98488
24.1993 -4.97684
24.2009 -4.96875
24.2024 -4.9606
24.2039 -4.9524
24.2054 -4.94415
24.2069 -4.93584
24.2084 -4.92748
24.2099 -4.91907
24.2114 -4.91061
24.2129 -4.9021
24.2144 -4.89354
24.2159 -4.88492
24.2174 -4.87626
24.2189 -4.86755
24.2204 -4.85879
24.2219 -4.84998
24.2234 -4.84112
24.2249 -4.83221
24.2264 -4.82326
24.2279 -4.81426
24.2294 -4.80521
24.2309 -4.79611
24.2324 -4.78697
24.2339 -4.77778
24.2354 -4.76855
24.2369 -4.75927
24.2384 -4.74994
24.2399 -4.74058
24.2414 -4.73116
24.2429 -4.72171
24.2444 -4.71221
24.2459 -4.70266
24.2474 -4.69308
24.2489 -4.68345
24.2504 -4.67378
24.2519 -4.66407
24.2534 -4.65431
24.2549 -4.64452
24.2564 -4.63468
24.2579 -4.6248
24.2594 -4.61489
24.2609 -4.60493
24.2624 -4.59494
24.2639 -4.5849
24.2654 -4.57483
24.2669 -4.56472
24.2684 -4.55457
24.2699 -4.54438
24.2714 -4.53416
24.2729 -4.5239
24.2744 -4.5136
24.2759 -4.50326
24.2774 -4.49289
24.2789 -4.48249
24.2804 -4.47204
24.2819 -4.46157
24.2834 -4.45106
24.2849 -4.44051
24.2864 -4.42993
24.2879 -4.41932
24.2894 -4.40867
24.2909 -4.39799
24.2924 -4.38728
24.2939 -4.37653
24.2954 -4.36576
24.2969 -4.35495
24.2984 -4.34411
24.2999 -4.33324
24.3014 -4.32233
24.3029 -4.3114
24.3044 -4.30044
24.3059 -4.28945
24.3074 -4.27842
24.3089 -4.26737
24.3104 -4.25629
24.3119 -4.24518
24.3134 -4.23405
24.3149 -4.22288
24.3164 -4.21169
24.3179 -4.20047
24.3194 -4.18923
24.3209 -4.17795
24.3224 -4.16665
24.3239 -4.15533
24.3254 -4.14398
24.3269 -4.1326
24.3284 -4.1212
24.3299 -4.10977
24.3314 -4.09832
24.3329 -4.08685
24.3344 -4.07535
24.3359 -4.06383
24.3374 -4.05228
24.3389 -4.04071
24.3404 -4.02912
24.3419 -4.01751
24.3434 -4.00587
24.3449 -3.99422
24.3464 -3.98254
24.3479 -3.97084
24.3494 -3.95912
24.3509 -3.94738
24.3524 -3.93562
24.3539 -3.92384
24.3554 -3.91204
24.3569 -3.90022
24.3584 -3.88838
24.3599 -3.87652
24.3614 -3.86464
24.3629 -3.85275
24.3644 -3.84084
24.3659 -3.82891
24.3674 -3.81696
24.3689 -3.805
24.3704 -3.79302
24.3719 -3.78102
24.3734 -3.76901
24.3749 -3.75698
24.3764 -3.74494
24.3779 -3.73288
24.3794 -3.7208
24.3809 -3.70872
24.3824 -3.69661
24.3839 -3.6845
24.3854 -3.67236
24.3869 -3.66022
24.3884 -3.64806
24.3899 -3.63589
24.3914 -3.62371
24.3929 -3.61151
24.3944 -3.5993
24.3959 -3.58709
24.3974 -3.57485
24.3989 -3.56261
24.4005 -3.55036
24.402 -3.53809
24.4035 -3.52582
24.405 -3.51354
24.4065 -3.50124
24.408 -3.48894
24.4095 -3.47662
24.411 -3.4643
24.4125 -3.45197
24.414 -3.43963
24.4155 -3.42728
24.417 -3.41493
24.4185 -3.40256
24.42 -3.39019
24.4215 -3.37781
24.423 -3.36543
24.4245 -3.35303
24.426 -3.34064
24.4275 -3.32823
24.429 -3.31582
24.4305 -3.30341
24.432 -3.29098
24.4335 -3.27856
24.435 -3.26613
24.4365 -3.25369
24.438 -3.24125
24.4395 -3.22881
24.441 -3.21636
24.4425 -3.20391
24.444 -3.19145
24.4455 -3.179
24.447 -3.16654
24.4485 -3.15407
24.45 -3.14161
24.4515 -3.12914
24.453 -3.11667
24.4545 -3.1042
24.456 -3.09173
24.4575 -3.07926
24.459 -3.06679
24.4605 -3.05431
24.462 -3.04184
24.4635 -3.02937
24.465 -3.01689
24.4665 -3.00442
24.468 -2.99195
24.4695 -2.97948
24.471 -2.96701
24.4725 -2.95454
24.474 -2.94207
24.4755 -2.92961
24.477 -2.91715
24.4785 -2.90469
24.48 -2.89223
24.4815 -2.87978
24.483 -2.86733
24.4845 -2.85488
24.486 -2.84244
24.4875 -2.83
24.489 -2.81756
24.4905 -2.80513
24.492 -2.7927
24.4935 -2.78028
24.495 -2.76786
24.4965 -2.75545
24.498 -2.74305
24.4995 -2.73065
24.501 -2.71825
24.5025 -2.70587
24.504 -2.69348
24.5055 -2.68111
24.507 -2.66874
24.5085 -2.65638
24.51 -2.64403
24.5115 -2.63168
24.513 -2.61935
24.5145 -2.60702
24.516 -2.5947
24.5175 -2.58238
24.519 -2.57008
24.5205 -2.55778
24.522 -2.5455
24.5235 -2.53322
24.525 -2.52095
24.5265 -2.5087
24.528 -2.49645
24.5295 -2.48421
24.531 -2.47199
24.5325 -2.45977
24.534 -2.44757
24.5355 -2.43537
24.537 -2.42319
24.5385 -2.41102
24.54 -2.39886
24.5415 -2.38672
24.543 -2.37458
24.5445 -2.36246
24.546 -2.35035
24.5475 -2.33825
24.549 -2.32617
24.5505 -2.3141
24.552 -2.30204
24.5535 -2.29
24.555 -2.27797
24.5565 -2.26596
24.558 -2.25395
24.5595 -2.24197
24.561 -2.23
24.5625 -2.21804
24.564 -2.2061
24.5655 -2.19417
24.567 -2.18226
24.5685 -2.17036
24.57 -2.15848
24.5715 -2.14662
24.573 -2.13477
24.5745 -2.12294
24.576 -2.11113
24.5775 -2.09933
24.579 -2.08755
24.5805 -2.07579
24.582 -2.06404
24.5835 -2.05232
24.585 -2.04061
24.5865 -2.02892
24.588 -2.01724
24.5895 -2.00559
24.591 -1.99395
24.5925 -1.98233
24.594 -1.97073
24.5955 -1.95915
24.597 -1.94759
24.5985 -1.93605
24.6001 -1.92453
24.6016 -1.91303
24.6031 -1.90155
24.6046 -1.89009
24.6061 -1.87865
24.6076 -1.86723
24.6091 -1.85583
24.6106 -1.84445
24.6121 -1.8331
24.6136 -1.82176
24.6151 -1.81045
24.6166 -1.79916
24.6181 -1.78789
24.6196 -1.77664
24.6211 -1.76541
24.6226 -1.75421
24.6241 -1.74303
24.6256 -1.73187
24.6271 -1.72074
24.6286 -1.70963
24.6301 -1.69854
24.6316 -1.68747
24.6331 -1.67643
24.6346 -1.66541
24.6361 -1.65442
24.6376 -1.64345
24.6391 -1.63251
24.6406 -1.62159
24.6421 -1.61069
24.6436 -1.59982
24.6451 -1.58897
24.6466 -1.57815
24.6481 -1.56735
24.6496 -1.55658
24.6511 -1.54584
24.6526 -1.53512
24.6541 -1.52443
24.6556 -1.51376
24.6571 -1.50312
24.6586 -1.49251
24.6601 -1.48192
24.6616 -1.47136
24.6631 -1.46082
24.6646 -1.45032
24.6661 -1.43984
24.6676 -1.42938
24.6691 -1.41896
24.6706 -1.40856
24.6721 -1.39819
24.6736 -1.38785
24.6751 -1.37754
24.6766 -1.36725
24.6781 -1.357
24.6796 -1.34677
24.6811 -1.33657
24.6826 -1.3264
24.6841 -1.31626
24.6856 -1.30614
24.6871 -1.29606
24.6886 -1.28601
24.6901 -1.27598
24.6916 -1.26599
24.6931 -1.25602
24.6946 -1.24609
24.6961 -1.23618
24.6976 -1.22631
24.6991 -1.21647
24.7006 -1.20665
24.7021 -1.19687
24.7036 -1.18712
24.7051 -1.1774
24.7066 -1.16771
24.7081 -1.15805
24.7096 -1.14842
24.7111 -1.13883
24.7126 -1.12927
24.7141 -1.11973
24.7156 -1.11023
24.7171 -1.10077
24.7186 -1.09133
24.7201 -1.08193
24.7216 -1.07256
24.7231 -1.06322
24.7246 -1.05391
24.7261 -1.04464
24.7276 -1.0354
24.7291 -1.02619
24.7306 -1.01702
24.7321 -1.00788
24.7336 -0.998771
24.7351 -0.989698
24.7366 -0.980659
24.7381 -0.971653
24.7396 -0.962681
24.7411 -0.953743
24.7426 -0.94484
24.7441 -0.935971
24.7456 -0.927136
24.7471 -0.918336
24.7486 -0.90957
24.7501 -0.900839
24.7516 -0.892143
24.7531 -0.883482
24.7546 -0.874856
24.7561 -0.866266
24.7576 -0.85771
24.7591 -0.849191
24.7606 -0.840706
24.7621 -0.832258
24.7636 -0.823845
24.7651 -0.815468
24.7666 -0.807127
24.7681 -0.798822
24.7696 -0.790554
24.7711 -0.782321
24.7726 -0.774125
24.7741 -0.765966
24.7756 -0.757843
24.7771 -0.749757
24.7786 -0.741708
24.7801 -0.733696
24.7816 -0.725721
24.7831 -0.717783
24.7846 -0.709882
24.7861 -0.702019
24.7876 -0.694193
24.7891 -0.686405
24.7906 -0.678654
24.7921 -0.670941
24.7936 -0.663266
24.7951 -0.655628
24.7966 -0.648029
24.7981 -0.640468
24.7996 -0.632945
24.8012 -0.625461
24.8027 -0.618015
24.8042 -0.610607
24.8057 -0.603238
24.8072 -0.595907
24.8087 -0.588616
24.8102 -0.581363
24.8117 -0.574149
24.8132 -0.566974
24.8147 -0.559838
24.8162 -0.552742
24.8177 -0.545685
24.8192 -0.538667
24.8207 -0.531688
24.8222 -0.524749
24.8237 -0.51785
24.8252 -0.51099
24.8267 -0.50417
24.8282 -0.49739
24.8297 -0.49065
24.8312 -0.48395
24.8327 -0.47729
24.8342 -0.470671
24.8357 -0.464091
24.8372 -0.457552
24.8387 -0.451053
24.8402 -0.444595
24.8417 -0.438177
24.8432 -0.4318
24.8447 -0.425463
24.8462 -0.419167
24.8477 -0.412913
24.8492 -0.406699
24.8507 -0.400526
24.8522 -0.394394
24.8537 -0.388303
24.8552 -0.382253
24.8567 -0.376245
24.8582 -0.370278
24.8597 -0.364352
24.8612 -0.358468
24.8627 -0.352625
24.8642 -0.346824
24.8657 -0.341064
24.8672 -0.335346
24.8687 -0.32967
24.8702 -0.324036
24.8717 -0.318443
24.8732 -0.312893
24.8747 -0.307384
24.8762 -0.301918
24.8777 -0.296494
24.8792 -0.291112
24.8807 -0.285772
24.8822 -0.280474
24.8837 -0.275219
24.8852 -0.270006
24.8867 -0.264835
24.8882 -0.259707
24.8897 -0.254622
24.8912 -0.249579
24.8927 -0.244579
24.8942 -0.239622
24.8957 -0.234707
24.8972 -0.229835
24.8987 -0.225006
24.9002 -0.22022
24.9017 -0.215477
24.9032 -0.210776
24.9047 -0.206119
24.9062 -0.201505
24.9077 -0.196934
24.9092 -0.192406
24.9107 -0.187921
24.9122 -0.18348
24.9137 -0.179082
24.9152 -0.174727
24.9167 -0.170416
24.9182 -0.166148
24.9197 -0.161923
24.9212 -0.157742
24.9227 -0.153604
24.9242 -0.14951
24.9257 -0.14546
24.9272 -0.141453
24.9287 -0.13749
24.9302 -0.13357
24.9317 -0.129694
24.9332 -0.125862
24.9347 -0.122074
24.9362 -0.11833
24.9377 -0.114629
24.9392 -0.110972
24.9407 -0.10736
24.9422 -0.103791
24.9437 -0.100266
24.9452 -0.0967847
24.9467 -0.0933478
24.9482 -0.0899548
24.9497 -0.086606
24.9512 -0.0833012
24.9527 -0.0800405
24.9542 -0.0768239
24.9557 -0.0736515
24.9572 -0.0705233
24.9587 -0.0674392
24.9602 -0.0643993
24.9617 -0.0614037
24.9632 -0.0584523
24.9647 -0.0555452
24.9662 -0.0526823
24.9677 -0.0498638
24.9692 -0.0470895
24.9707 -0.0443596
24.9722 -0.041674
24.9737 -0.0390327
24.9752 -0.0364359
24.9767 -0.0338833
24.9782 -0.0313752
24.9797 -0.0289115
24.9812 -0.0264921
24.9827 -0.0241172
24.9842 -0.0217867
24.9857 -0.0195007
24.9872 -0.017259
24.9887 -0.0150619
24.9902 -0.0129091
24.9917 -0.0108008
24.9932 -0.008737
24.9947 -0.00671763
24.9962 -0.00474273
24.9977 -0.00281229
24.9992 -0.000926312
25.0008 0.000915195
25.0023 0.00271223
25.0038 0.00446481
25.0053 0.00617291
25.0068 0.00783656
25.0083 0.00945574
25.0098 0.0110305
25.0113 0.0125607
25.0128 0.0140466
25.0143 0.015488
25.0158 0.0168849
25.0173 0.0182374
25.0188 0.0195455
25.0203 0.0208092
25.0218 0.0220285
25.0233 0.0232034
25.0248 0.0243339
25.0263 0.02542
25.0278 0.0264618
25.0293 0.0274592
25.0308 0.0284123
25.0323 0.029321
25.0338 0.0301855
25.0353 0.0310056
25.0368 0.0317815
25.0383 0.0325131
25.0398 0.0332005
25.0413 0.0338437
25.0428 0.0344426
25.0443 0.0349974
25.0458 0.035508
25.0473 0.0359744
25.0488 0.0363967
25.0503 0.036775
25.0518 0.0371091
25.0533 0.0373992
25.0548 0.0376453
25.0563 0.0378473
25.0578 0.0380054
25.0593 0.0381195
25.0608 0.0381897
25.0623 0.038216
25.0638 0.0381984
25.0653 0.0381369
25.0668 0.0380317
25.0683 0.0378827
25.0698 0.0376899
25.0713 0.0374534
25.0728 0.0371732
25.0743 0.0368494
25.0758 0.0364819
25.0773 0.0360709
25.0788 0.0356163
25.0803 0.0351182
25.0818 0.0345766
25.0833 0.0339915
25.0848 0.0333631
25.0863 0.0326913
25.0878 0.0319762
25.0893 0.0312178
25.0908 0.0304161
25.0923 0.0295713
25.0938 0.0286833
25.0953 0.0277522
25.0968 0.026778
25.0983 0.0257607
25.0998 0.0247005
25.1013 0.0235974
25.1028 0.0224513
25.1043 0.0212624
25.1058 0.0200308
25.1073 0.0187563
25.1088 0.0174392
25.1103 0.0160794
25.1118 0.014677
25.1133 0.0132321
25.1148 0.0117447
25.1163 0.0102148
25.1178 0.00864251
25.1193 0.00702791
25.1208 0.00537102
25.1223 0.00367191
25.1238 0.00193063
25.1253 0.000147229
25.1268 -0.00167823
25.1283 -0.00354568
25.1298 -0.00545507
25.1313 -0.00740635
25.1328 -0.00939944
25.1343 -0.0114343
25.1358 -0.0135109
25.1373 -0.015629
25.1388 -0.0177888
25.1403 -0.0199901
25.1418 -0.0222328
25.1433 -0.0245169
25.1448 -0.0268423
25.1463 -0.029209
25.1478 -0.0316168
25.1493 -0.0340657
25.1508 -0.0365557
25.1523 -0.0390867
25.1538 -0.0416586
25.1553 -0.0442713
25.1568 -0.0469248
25.1583 -0.049619
25.1598 -0.0523538
25.1613 -0.0551291
25.1628 -0.0579449
25.1643 -0.0608011
25.1658 -0.0636976
25.1673 -0.0666344
25.1688 -0.0696114
25.1703 -0.0726284
25.1718 -0.0756854
25.1733 -0.0787824
25.1748 -0.0819193
25.1763 -0.0850959
25.1778 -0.0883122
25.1793 -0.0915681
25.1808 -0.0948636
25.1823 -0.0981985
25.1838 -0.101573
25.1853 -0.104986
25.1868 -0.108439
25.1883 -0.111931
25.1898 -0.115462
25.1913 -0.119032
25.1928 -0.12264
25.1943 -0.126288
25.1958 -0.129974
25.1973 -0.133698
25.1988 -0.137462
25.2004 -0.141263
25.2019 -0.145103
25.2034 -0.148981
25.2049 -0.152897
25.2064 -0.156851
25.2079 -0.160844
25.2094 -0.164874
25.2109 -0.168941
25.2124 -0.173047
25.2139 -0.17719
25.2154 -0.18137
25.2169 -0.185588
25.2184 -0.189843
25.2199 -0.194135
25.2214 -0.198464
25.2229 -0.20283
25.2244 -0.207233
25.2259 -0.211673
25.2274 -0.216149
25.2289 -0.220662
25.2304 -0.225211
25.2319 -0.229797
25.2334 -0.234418
25.2349 -0.239076
25.2364 -0.24377
25.2379 -0.2485
25.2394 -0.253266
25.2409 -0.258067
25.2424 -0.262904
25.2439 -0.267776
25.2454 -0.272684
25.2469 -0.277627
25.2484 -0.282604
25.2499 -0.287617
25.2514 -0.292665
25.2529 -0.297748
25.2544 -0.302865
25.2559 -0.308017
25.2574 -0.313203
25.2589 -0.318424
25.2604 -0.323678
25.2619 -0.328967
25.2634 -0.33429
25.2649 -0.339646
25.2664 -0.345037
25.2679 -0.35046
25.2694 -0.355918
25.2709 -0.361408
25.2724 -0.366932
25.2739 -0.372489
25.2754 -0.378079
25.2769 -0.383701
25.2784 -0.389357
25.2799 -0.395044
25.2814 -0.400765
25.2829 -0.406517
25.2844 -0.412302
25.2859 -0.418119
25.2874 -0.423968
25.2889 -0.429849
25.2904 -0.435761
25.2919 -0.441705
25.2934 -0.44768
25.2949 -0.453686
25.2964 -0.459724
25.2979 -0.465792
25.2994 -0.471892
25.3009 -0.478022
25.3024 -0.484183
25.3039 -0.490374
25.3054 -0.496595
25.3069 -0.502847
25.3084 -0.509128
25.3099 -0.515439
25.3114 -0.521781
25.3129 -0.528151
25.3144 -0.534551
25.3159 -0.540981
25.3174 -0.547439
25.3189 -0.553927
25.3204 -0.560444
25.3219 -0.566989
25.3234 -0.573562
25.3249 -0.580165
25.3264 -0.586795
25.3279 -0.593453
25.3294 -0.60014
25.3309 -0.606854
25.3324 -0.613596
25.3339 -0.620366
25.3354 -0.627162
25.3369 -0.633986
25.3384 -0.640838
25.3399 -0.647715
25.3414 -0.65462
25.3429 -0.661551
25.3444 -0.668509
25.3459 -0.675493
25.3474 -0.682503
25.3489 -0.689539
25.3504 -0.696601
25.3519 -0.703688
25.3534 -0.710801
25.3549 -0.717939
25.3564 -0.725102
25.3579 -0.73229
25.3594 -0.739503
25.3609 -0.746741
25.3624 -0.754003
25.3639 -0.76129
25.3654 -0.7686
25.3669 -0.775935
25.3684 -0.783293
25.3699 -0.790675
25.3714 -0.79808
25.3729 -0.805509
25.3744 -0.812961
25.3759 -0.820436
25.3774 -0.827933
25.3789 -0.835453
25.3804 -0.842996
25.3819 -0.850561
25.3834 -0.858148
25.3849 -0.865757
25.3864 -0.873387
25.3879 -0.881039
25.3894 -0.888713
25.3909 -0.896407
25.3924 -0.904123
25.3939 -0.911859
25.3954 -0.919616
25.3969 -0.927394
25.3984 -0.935192
25.3999 -0.94301
25.4015 -0.950848
25.403 -0.958705
25.4045 -0.966582
25.406 -0.974479
25.4075 -0.982395
25.409 -0.990329
25.4105 -0.998283
25.412 -1.00625
25.4135 -1.01425
25.415 -1.02225
25.4165 -1.03028
25.418 -1.03833
25.4195 -1.04639
25.421 -1.05447
25.4225 -1.06256
25.424 -1.07068
25.4255 -1.07881
25.427 -1.08696
25.4285 -1.09512
25.43 -1.1033
25.4315 -1.1115
25.433 -1.11971
25.4345 -1.12794
25.436 -1.13618
25.4375 -1.14444
25.439 -1.15271
25.4405 -1.161
25.442 -1.16931
25.4435 -1.17762
25.445 -1.18596
25.4465 -1.1943
25.448 -1.20266
25.4495 -1.21104
25.451 -1.21942
25.4525 -1.22783
25.454 -1.23624
25.4555 -1.24467
25.457 -1.2531
25.4585 -1.26156
25.46 -1.27002
25.4615 -1.2785
25.463 -1.28698
25.4645 -1.29548
25.466 -1.30399
25.4675 -1.31251
25.469 -1.32105
25.4705 -1.32959
25.472 -1.33814
25.4735 -1.34671
25.475 -1.35528
25.4765 -1.36386
25.478 -1.37246
25.4795 -1.38106
25.481 -1.38967
25.4825 -1.39829
25.484 -1.40692
25.4855 -1.41556
25.487 -1.42421
25.4885 -1.43286
25.49 -1.44153
25.4915 -1.4502
25.493 -1.45887
25.4945 -1.46756
25.496 -1.47625
25.4975 -1.48495
25.499 -1.49365
25.5005 -1.50236
25.502 -1.51108
25.5035 -1.5198
25.505 -1.52853
25.5065 -1.53726
25.508 -1.546
25.5095 -1.55475
25.511 -1.56349
25.5125 -1.57225
25.514 -1.581
25.5155 -1.58976
25.517 -1.59853
25.5185 -1.6073
25.52 -1.61607
25.5215 -1.62484
25.523 -1.63362
25.5245 -1.6424
25.526 -1.65118
25.5275 -1.65996
25.529 -1.66875
25.5305 -1.67753
25.532 -1.68632
25.5335 -1.69511
25.535 -1.7039
25.5365 -1.71269
25.538 -1.72148
25.5395 -1.73027
25.541 -1.73906
25.5425 -1.74785
25.544 -1.75664
25.5455 -1.76543
25.547 -1.77422
25.5485 -1.783
25.55 -1.79178
25.5515 -1.80057
25.553 -1.80935
25.5545 -1.81812
25.556 -1.8269
25.5575 -1.83567
25.559 -1.84444
25.5605 -1.8532
25.562 -1.86196
25.5635 -1.87072
25.565 -1.87947
25.5665 -1.88822
25.568 -1.89696
25.5695 -1.9057
25.571 -1.91443
25.5725 -1.92316
25.574 -1.93188
25.5755 -1.9406
25.577 -1.94931
25.5785 -1.95801
25.58 -1.96671
25.5815 -1.97539
25.583 -1.98407
25.5845 -1.99275
25.586 -2.00141
25.5875 -2.01007
25.589 -2.01872
25.5905 -2.02736
25.592 -2.03599
25.5935 -2.04461
25.595 -2.05322
25.5965 -2.06182
25.598 -2.07041
25.5995 -2.07899
25.6011 -2.08756
25.6026 -2.09612
25.6041 -2.10467
25.6056 -2.11321
25.6071 -2.12173
25.6086 -2.13025
25.6101 -2.13875
25.6116 -2.14723
25.6131 -2.15571
25.6146 -2.16417
25.6161 -2.17262
25.6176 -2.18105
25.6191 -2.18947
25.6206 -2.19788
25.6221 -2.20627
25.6236 -2.21465
25.6251 -2.22301
25.6266 -2.23135
25.6281 -2.23968
25.6296 -2.248
25.6311 -2.25629
25.6326 -2.26457
25.6341 -2.27284
25.6356 -2.28108
25.6371 -2.28931
25.6386 -2.29752
25.6401 -2.30572
25.6416 -2.31389
25.6431 -2.32205
25.6446 -2.33018
25.6461 -2.3383
25.6476 -2.3464
25.6491 -2.35448
25.6506 -2.36253
25.6521 -2.37057
25.6536 -2.37859
25.6551 -2.38658
25.6566 -2.39456
25.6581 -2.40251
25.6596 -2.41044
25.6611 -2.41835
25.6626 -2.42623
25.6641 -2.43409
25.6656 -2.44193
25.6671 -2.44975
25.6686 -2.45754
25.6701 -2.46531
25.6716 -2.47305
25.6731 -2.48077
25.6746 -2.48846
25.6761 -2.49613
25.6776 -2.50377
25.6791 -2.51139
25.6806 -2.51898
25.6821 -2.52654
25.6836 -2.53408
25.6851 -2.54159
25.6866 -2.54907
25.6881 -2.55652
25.6896 -2.56395
25.6911 -2.57135
25.6926 -2.57871
25.6941 -2.58605
25.6956 -2.59336
25.6971 -2.60064
25.6986 -2.60789
25.7001 -2.61511
25.7016 -2.6223
25.7031 -2.62945
25.7046 -2.63658
25.7061 -2.64367
25.7076 -2.65074
25.7091 -2.65777
25.7106 -2.66476
25.7121 -2.67173
25.7136 -2.67866
25.7151 -2.68555
25.7166 -2.69242
25.7181 -2.69925
25.7196 -2.70604
25.7211 -2.7128
25.7226 -2.71952
25.7241 -2.72621
25.7256 -2.73286
25.7271 -2.73948
25.7286 -2.74605
25.7301 -2.7526
25.7316 -2.7591
25.7331 -2.76557
25.7346 -2.77199
25.7361 -2.77838
25.7376 -2.78474
25.7391 -2.79105
25.7406 -2.79732
25.7421 -2.80355
25.7436 -2.80975
25.7451 -2.8159
25.7466 -2.82201
25.7481 -2.82808
25.7496 -2.83411
25.7511 -2.8401
25.7526 -2.84605
25.7541 -2.85195
25.7556 -2.85781
25.7571 -2.86363
25.7586 -2.8694
25.7601 -2.87513
25.7616 -2.88082
25.7631 -2.88646
25.7646 -2.89205
25.7661 -2.8976
25.7676 -2.90311
25.7691 -2.90857
25.7706 -2.91398
25.7721 -2.91935
25.7736 -2.92466
25.7751 -2.92994
25.7766 -2.93516
25.7781 -2.94034
25.7796 -2.94546
25.7811 -2.95054
25.7826 -2.95557
25.7841 -2.96055
25.7856 -2.96548
25.7871 -2.97036
25.7886 -2.97519
25.7901 -2.97997
25.7916 -2.98469
25.7931 -2.98937
25.7946 -2.99399
25.7961 -2.99856
25.7976 -3.00308
25.7991 -3.00754
25.8007 -3.01195
25.8022 -3.01631
25.8037 -3.02061
25.8052 -3.02486
25.8067 -3.02905
25.8082 -3.03319
25.8097 -3.03727
25.8112 -3.0413
25.8127 -3.04527
25.8142 -3.04918
25.8157 -3.05303
25.8172 -3.05683
25.8187 -3.06057
25.8202 -3.06425
25.8217 -3.06787
25.8232 -3.07143
25.8247 -3.07494
25.8262 -3.07838
25.8277 -3.08176
25.8292 -3.08508
25.8307 -3.08835
25.8322 -3.09154
25.8337 -3.09468
25.8352 -3.09776
25.8367 -3.10077
25.8382 -3.10372
25.8397 -3.10661
25.8412 -3.10943
25.8427 -3.11219
25.8442 -3.11488
25.8457 -3.11751
25.8472 -3.12008
25.8487 -3.12258
25.8502 -3.12501
25.8517 -3.12737
25.8532 -3.12967
25.8547 -3.1319
25.8562 -3.13407
25.8577 -3.13616
25.8592 -3.13819
25.8607 -3.14015
25.8622 -3.14204
25.8637 -3.14386
25.8652 -3.14561
25.8667 -3.14729
25.8682 -3.1489
25.8697 -3.15043
25.8712 -3.1519
25.8727 -3.15329
25.8742 -3.15462
25.8757 -3.15586
25.8772 -3.15704
25.8787 -3.15814
25.8802 -3.15917
25.8817 -3.16012
25.8832 -3.161
25.8847 -3.1618
25.8862 -3.16253
25.8877 -3.16318
25.8892 -3.16375
25.8907 -3.16425
25.8922 -3.16467
25.8937 -3.16502
25.8952 -3.16528
25.8967 -3.16547
25.8982 -3.16557
25.8997 -3.1656
25.9012 -3.16555
25.9027 -3.16542
25.9042 -3.1652
25.9057 -3.16491
25.9072 -3.16453
25.9087 -3.16408
25.9102 -3.16354
25.9117 -3.16292
25.9132 -3.16221
25.9147 -3.16142
25.9162 -3.16055
25.9177 -3.15959
25.9192 -3.15855
25.9207 -3.15742
25.9222 -3.15621
25.9237 -3.15491
25.9252 -3.15352
25.9267 -3.15205
25.9282 -3.15049
25.9297 -3.14885
25.9312 -3.14711
25.9327 -3.14529
25.9342 -3.14337
25.9357 -3.14137
25.9372 -3.13928
25.9387 -3.13709
25.9402 -3.13482
25.9417 -3.13245
25.9432 -3.13
25.9447 -3.12745
25.9462 -3.12481
25.9477 -3.12207
25.9492 -3.11924
25.9507 -3.11632
25.9522 -3.11331
25.9537 -3.1102
25.9552 -3.10699
25.9567 -3.10369
25.9582 -3.10029
25.9597 -3.0968
25.9612 -3.09321
25.9627 -3.08952
25.9642 -3.08573
25.9657 -3.08185
25.9672 -3.07786
25.9687 -3.07378
25.9702 -3.0696
25.9717 -3.06532
25.9732 -3.06094
25.9747 -3.05645
25.9762 -3.05187
25.9777 -3.04718
25.9792 -3.0424
25.9807 -3.0375
25.9822 -3.03251
25.9837 -3.02741
25.9852 -3.02221
25.9867 -3.0169
25.9882 -3.01149
25.9897 -3.00597
25.9912 -3.00035
25.9927 -2.99462
25.9942 -2.98879
25.9957 -2.98284
25.9972 -2.97679
25.9987 -2.97063
26.0003 -2.96436
26.0018 -2.95799
26.0033 -2.9515
26.0048 -2.9449
26.0063 -2.9382
26.0078 -2.93138
26.0093 -2.92445
26.0108 -2.91741
26.0123 -2.91025
26.0138 -2.90299
26.0153 -2.89561
26.0168 -2.88811
26.0183 -2.88051
26.0198 -2.87278
26.0213 -2.86495
26.0228 -2.85699
26.0243 -2.84892
26.0258 -2.84074
26.0273 -2.83244
26.0288 -2.82402
26.0303 -2.81548
26.0318 -2.80682
26.0333 -2.79804
26.0348 -2.78915
26.0363 -2.78013
26.0378 -2.771
26.0393 -2.76174
26.0408 -2.75236
26.0423 -2.74286
26.0438 -2.73324
26.0453 -2.7235
26.0468 -2.71363
26.0483 -2.70364
26.0498 -2.69352
26.0513 -2.68328
26.0528 -2.67292
26.0543 -2.66243
26.0558 -2.65181
26.0573 -2.64107
26.0588 -2.63019
26.0603 -2.6192
26.0618 -2.60807
26.0633 -2.59681
26.0648 -2.58543
26.0663 -2.57392
26.0678 -2.56227
26.0693 -2.5505
26.0708 -2.53859
26.0723 -2.52655
26.0738 -2.51439
26.0753 -2.50208
26.0768 -2.48965
26.0783 -2.47708
26.0798 -2.46438
26.0813 -2.45154
26.0828 -2.43857
26.0843 -2.42546
26.0858 -2.41222
26.0873 -2.39884
26.0888 -2.38532
26.0903 -2.37167
26.0918 -2.35788
26.0933 -2.34395
26.0948 -2.32988
26.0963 -2.31567
26.0978 -2.30132
26.0993 -2.28683
26.1008 -2.2722
26.1023 -2.25743
26.1038 -2.24251
26.1053 -2.22746
26.1068 -2.21226
26.1083 -2.19691
26.1098 -2.18143
26.1113 -2.16579
26.1128 -2.15002
26.1143 -2.13409
26.1158 -2.11802
26.1173 -2.10181
26.1188 -2.08545
26.1203 -2.06894
26.1218 -2.05228
26.1233 -2.03547
26.1248 -2.01851
26.1263 -2.00141
26.1278 -1.98415
26.1293 -1.96674
26.1308 -1.94919
26.1323 -1.93148
26.1338 -1.91361
26.1353 -1.8956
26.1368 -1.87743
26.1383 -1.85911
26.1398 -1.84063
26.1413 -1.822
26.1428 -1.80321
26.1443 -1.78426
26.1458 -1.76516
26.1473 -1.74591
26.1488 -1.72649
26.1503 -1.70692
26.1518 -1.68719
26.1533 -1.6673
26.1548 -1.64725
26.1563 -1.62704
26.1578 -1.60666
26.1593 -1.58613
26.1608 -1.56544
26.1623 -1.54458
26.1638 -1.52356
26.1653 -1.50238
26.1668 -1.48103
26.1683 -1.45952
26.1698 -1.43784
26.1713 -1.416
26.1728 -1.39399
26.1743 -1.37181
26.1758 -1.34947
26.1773 -1.32696
26.1788 -1.30428
26.1803 -1.28144
26.1818 -1.25842
26.1833 -1.23523
26.1848 -1.21188
26.1863 -1.18835
26.1878 -1.16465
26.1893 -1.14078
26.1908 -1.11673
26.1923 -1.09251
26.1938 -1.06812
26.1953 -1.04356
26.1968 -1.01882
26.1983 -0.9939
26.1998 -0.968808
26.2014 -0.94354
26.2029 -0.918094
26.2044 -0.892471
26.2059 -0.86667
26.2074 -0.84069
26.2089 -0.81453
26.2104 -0.788191
26.2119 -0.761671
26.2134 -0.734971
26.2149 -0.708089
26.2164 -0.681025
26.2179 -0.653778
26.2194 -0.626348
26.2209 -0.598734
26.2224 -0.570936
26.2239 -0.542954
26.2254 -0.514785
26.2269 -0.486431
26.2284 -0.45789
26.2299 -0.429162
26.2314 -0.400246
26.2329 -0.371142
26.2344 -0.341849
26.2359 -0.312367
26.2374 -0.282695
26.2389 -0.252832
26.2404 -0.222778
26.2419 -0.192533
26.2434 -0.162095
26.2449 -0.131464
26.2464 -0.10064
26.2479 -0.069622
26.2494 -0.0384094
26.2509 -0.00700168
26.2524 0.0246018
26.2539 0.0564015
26.2554 0.088398
26.2569 0.120592
26.2584 0.152984
26.2599 0.185575
26.2614 0.218364
26.2629 0.251354
26.2644 0.284544
26.2659 0.317935
26.2674 0.351527
26.2689 0.385321
26.2704 0.419318
26.2719 0.453519
26.2734 0.487923
26.2749 0.522532
26.2764 0.557345
26.2779 0.592364
26.2794 0.62759
26.2809 0.663022
26.2824 0.698661
26.2839 0.734509
26.2854 0.770565
26.2869 0.80683
26.2884 0.843305
26.2899 0.87999
26.2914 0.916886
26.2929 0.953994
26.2944 0.991314
26.2959 1.02885
26.2974 1.06659
26.2989 1.10455
26.3004 1.14273
26.3019 1.18112
26.3034 1.21972
26.3049 1.25854
26.3064 1.29758
26.3079 1.33684
26.3094 1.37631
26.3109 1.416
26.3124 1.45591
26.3139 1.49605
26.3154 1.5364
26.3169 1.57697
26.3184 1.61777
26.3199 1.65878
26.3214 1.70002
26.3229 1.74149
26.3244 1.78318
26.3259 1.82509
26.3274 1.86723
26.3289 1.90959
26.3304 1.95218
26.3319 1.995
26.3334 2.03805
26.3349 2.08132
26.3364 2.12482
26.3379 2.16856
26.3394 2.21252
26.3409 2.25671
26.3424 2.30114
26.3439 2.3458
26.3454 2.39069
26.3469 2.43581
26.3484 2.48117
26.3499 2.52676
26.3514 2.57259
26.3529 2.61866
26.3544 2.66496
26.3559 2.71149
26.3574 2.75827
26.3589 2.80528
26.3604 2.85253
26.3619 2.90003
26.3634 2.94776
26.3649 2.99573
26.3664 3.04395
26.3679 3.0924
26.3694 3.1411
26.3709 3.19005
26.3724 3.23923
26.3739 3.28867
26.3754 3.33834
26.3769 3.38827
26.3784 3.43844
26.3799 3.48885
26.3814 3.53952
26.3829 3.59043
26.3844 3.64159
26.3859 3.693
26.3874 3.74467
26.3889 3.79658
26.3904 3.84874
26.3919 3.90116
26.3934 3.95383
26.3949 4.00675
26.3964 4.05993
26.3979 4.11336
26.3994 4.16705
26.401 4.221
26.4025 4.2752
26.404 4.32966
26.4055 4.38437
26.407 4.43935
26.4085 4.49458
26.41 4.55008
26.4115 4.60583
26.413 4.66185
26.4145 4.71813
26.416 4.77467
26.4175 4.83147
26.419 4.88854
26.4205 4.94588
26.422 5.00347
26.4235 5.06134
26.425 5.11947
26.4265 5.17787
26.428 5.23653
26.4295 5.29547
26.431 5.35467
26.4325 5.41415
26.434 5.47389
26.4355 5.5339
26.437 5.59419
26.4385 5.65475
26.44 5.71558
26.4415 5.77669
26.443 5.83807
26.4445 5.89973
26.446 5.96166
26.4475 6.02387
26.449 6.08635
26.4505 6.14911
26.452 6.21216
26.4535 6.27548
26.455 6.33908
26.4565 6.40296
26.458 6.46712
26.4595 6.53156
26.461 6.59629
26.4625 6.6613
26.464 6.72659
26.4655 6.79217
26.467 6.85804
26.4685 6.92418
26.47 6.99062
26.4715 7.05734
26.473 7.12435
26.4745 7.19165
26.476 7.25924
26.4775 7.32712
26.479 7.39529
26.4805 7.46375
26.482 7.5325
26.4835 7.60155
26.485 7.67088
26.4865 7.74052
26.488 7.81044
26.4895 7.88067
26.491 7.95118
26.4925 8.022
26.494 8.09311
26.4955 8.16452
26.497 8.23623
26.4985 8.30824
26.5 8.38055
