3.66713 0.081159
3.72257 0.11723
3.77802 0.225442
3.83347 0.477936
3.88891 0.631237
3.94436 1.3256
3.99981 1.18131
4.05525 1.18131
4.1107 0.991944
4.16615 0.829626
4.22159 0.613202
4.27704 0.396777
4.33249 0.315618
4.38793 0.198389
4.44338 0.081159
4.49883 0.0991944
4.55427 0.0991944
4.60972 0.027053
4.66517 0.0180353
4.72061 0.027053
4.77606 0.027053
4.83151 0.027053
4.88695 0.027053
4.9424 0.00901767
4.99785 0.0360707
5.05329 0.0180353
5.10874 0
5.16419 0
5.21963 0.00901767
5.27508 0.0450883
5.33053 0.00901767
5.38598 0.0450883
5.44142 0.0721414
5.49687 0.144283
5.55232 0.135265
5.60776 0.198389
5.66321 0.342671
5.71866 0.514007
5.7741 0.514007
5.82955 0.703378
5.885 1.00998
5.94044 1.25346
5.99589 1.10917
6.05134 1.04605
6.10678 0.757484
6.16223 0.667308
6.21768 0.225442
6.27312 0.108212
6.32857 0.0360707
6.38402 0.027053
