43.5515 0.00884844
43.608 0.0265453
43.6645 0.0265453
43.721 0.203514
43.7775 0.407028
43.834 0.769814
43.8905 1.1503
43.947 1.4246
44.0035 1.45114
44.06 1.33611
44.1165 1.22993
44.173 0.991025
44.2296 0.752117
44.2861 0.460119
44.3426 0.159272
44.3991 0.238908
44.4556 0.0884844
44.5121 0.0619391
44.5686 0.0353937
44.6251 0.0530906
44.6816 0.0176969
44.7381 0.0353937
44.7946 0.00884844
44.8511 0
44.9076 0.0176969
44.9641 0
45.0207 0
45.0772 0.00884844
45.1337 0.0176969
45.1902 0
45.2467 0.00884844
45.3032 0
45.3597 0.00884844
45.4162 0.0530906
45.4727 0.0707875
45.5292 0.0973328
45.5857 0.106181
45.6422 0.185817
45.6987 0.309695
45.7552 0.389331
45.8118 0.513209
45.8683 0.707875
45.9248 0.831753
45.9813 0.875995
46.0378 0.875995
46.0943 0.68133
46.1508 0.39818
46.2073 0.336241
46.2638 0.212362
46.3203 0.0530906
