33.5 2.80558
33.5015 2.7472
33.503 2.68909
33.5045 2.63125
33.506 2.57367
33.5075 2.51636
33.509 2.45931
33.5105 2.40253
33.512 2.34601
33.5135 2.28975
33.515 2.23375
33.5165 2.17802
33.518 2.12254
33.5195 2.06733
33.521 2.01237
33.5225 1.95768
33.524 1.90324
33.5255 1.84906
33.527 1.79514
33.5285 1.74147
33.53 1.68806
33.5315 1.6349
33.533 1.582
33.5345 1.52936
33.536 1.47696
33.5375 1.42482
33.539 1.37293
33.5405 1.3213
33.542 1.26991
33.5435 1.21877
33.545 1.16789
33.5465 1.11725
33.548 1.06686
33.5495 1.01672
33.551 0.966827
33.5525 0.91718
33.554 0.867779
33.5555 0.818624
33.557 0.769713
33.5585 0.721047
33.56 0.672624
33.5615 0.624445
33.563 0.576508
33.5645 0.528812
33.566 0.481358
33.5675 0.434145
33.569 0.387172
33.5705 0.340438
33.572 0.293943
33.5735 0.247687
33.575 0.201668
33.5765 0.155886
33.578 0.110341
33.5795 0.0650312
33.581 0.0199572
33.5825 -0.0248822
33.584 -0.0694874
33.5855 -0.113859
33.587 -0.157998
33.5885 -0.201904
33.59 -0.245579
33.5915 -0.289022
33.593 -0.332235
33.5945 -0.375217
33.596 -0.417971
33.5975 -0.460495
33.599 -0.502791
33.6006 -0.54486
33.6021 -0.586701
33.6036 -0.628316
33.6051 -0.669705
33.6066 -0.710868
33.6081 -0.751807
33.6096 -0.792522
33.6111 -0.833013
33.6126 -0.873281
33.6141 -0.913326
33.6156 -0.95315
33.6171 -0.992752
33.6186 -1.03213
33.6201 -1.0713
33.6216 -1.11024
33.6231 -1.14896
33.6246 -1.18746
33.6261 -1.22575
33.6276 -1.26382
33.6291 -1.30167
33.6306 -1.33931
33.6321 -1.37673
33.6336 -1.41394
33.6351 -1.45093
33.6366 -1.48771
33.6381 -1.52427
33.6396 -1.56062
33.6411 -1.59676
33.6426 -1.63269
33.6441 -1.66841
33.6456 -1.70391
33.6471 -1.73921
33.6486 -1.77429
33.6501 -1.80917
33.6516 -1.84384
33.6531 -1.87831
33.6546 -1.91256
33.6561 -1.94661
33.6576 -1.98045
33.6591 -2.01409
33.6606 -2.04752
33.6621 -2.08075
33.6636 -2.11378
33.6651 -2.1466
33.6666 -2.17922
33.6681 -2.21163
33.6696 -2.24385
33.6711 -2.27586
33.6726 -2.30768
33.6741 -2.33929
33.6756 -2.37071
33.6771 -2.40192
33.6786 -2.43294
33.6801 -2.46376
33.6816 -2.49438
33.6831 -2.52481
33.6846 -2.55504
33.6861 -2.58508
33.6876 -2.61492
33.6891 -2.64456
33.6906 -2.67401
33.6921 -2.70327
33.6936 -2.73234
33.6951 -2.76121
33.6966 -2.78989
33.6981 -2.81839
33.6996 -2.84669
33.7011 -2.8748
33.7026 -2.90272
33.7041 -2.93045
33.7056 -2.95799
33.7071 -2.98535
33.7086 -3.01252
33.7101 -3.0395
33.7116 -3.0663
33.7131 -3.09291
33.7146 -3.11933
33.7161 -3.14557
33.7176 -3.17163
33.7191 -3.1975
33.7206 -3.22319
33.7221 -3.2487
33.7236 -3.27403
33.7251 -3.29917
33.7266 -3.32413
33.7281 -3.34891
33.7296 -3.37352
33.7311 -3.39794
33.7326 -3.42219
33.7341 -3.44625
33.7356 -3.47014
33.7371 -3.49385
33.7386 -3.51739
33.7401 -3.54075
33.7416 -3.56393
33.7431 -3.58694
33.7446 -3.60977
33.7461 -3.63243
33.7476 -3.65492
33.7491 -3.67723
33.7506 -3.69937
33.7521 -3.72134
33.7536 -3.74314
33.7551 -3.76477
33.7566 -3.78622
33.7581 -3.80751
33.7596 -3.82862
33.7611 -3.84957
33.7626 -3.87035
33.7641 -3.89096
33.7656 -3.91141
33.7671 -3.93169
33.7686 -3.9518
33.7701 -3.97174
33.7716 -3.99152
33.7731 -4.01114
33.7746 -4.03059
33.7761 -4.04988
33.7776 -4.069
33.7791 -4.08797
33.7806 -4.10677
33.7821 -4.1254
33.7836 -4.14388
33.7851 -4.1622
33.7866 -4.18035
33.7881 -4.19835
33.7896 -4.21619
33.7911 -4.23387
33.7926 -4.25139
33.7941 -4.26875
33.7956 -4.28596
33.7971 -4.30301
33.7986 -4.3199
33.8002 -4.33664
33.8017 -4.35322
33.8032 -4.36965
33.8047 -4.38592
33.8062 -4.40204
33.8077 -4.41801
33.8092 -4.43382
33.8107 -4.44949
33.8122 -4.465
33.8137 -4.48036
33.8152 -4.49557
33.8167 -4.51062
33.8182 -4.52553
33.8197 -4.54029
33.8212 -4.5549
33.8227 -4.56937
33.8242 -4.58368
33.8257 -4.59785
33.8272 -4.61187
33.8287 -4.62575
33.8302 -4.63948
33.8317 -4.65306
33.8332 -4.6665
33.8347 -4.6798
33.8362 -4.69295
33.8377 -4.70596
33.8392 -4.71882
33.8407 -4.73154
33.8422 -4.74412
33.8437 -4.75656
33.8452 -4.76886
33.8467 -4.78102
33.8482 -4.79304
33.8497 -4.80492
33.8512 -4.81666
33.8527 -4.82826
33.8542 -4.83972
33.8557 -4.85105
33.8572 -4.86224
33.8587 -4.87329
33.8602 -4.88421
33.8617 -4.89499
33.8632 -4.90563
33.8647 -4.91615
33.8662 -4.92652
33.8677 -4.93677
33.8692 -4.94687
33.8707 -4.95685
33.8722 -4.9667
33.8737 -4.97641
33.8752 -4.98599
33.8767 -4.99544
33.8782 -5.00476
33.8797 -5.01395
33.8812 -5.02301
33.8827 -5.03194
33.8842 -5.04075
33.8857 -5.04942
33.8872 -5.05797
33.8887 -5.06639
33.8902 -5.07468
33.8917 -5.08285
33.8932 -5.09089
33.8947 -5.0988
33.8962 -5.10659
33.8977 -5.11426
33.8992 -5.1218
33.9007 -5.12922
33.9022 -5.13652
33.9037 -5.14369
33.9052 -5.15074
33.9067 -5.15767
33.9082 -5.16448
33.9097 -5.17117
33.9112 -5.17774
33.9127 -5.18418
33.9142 -5.19051
33.9157 -5.19672
33.9172 -5.20281
33.9187 -5.20878
33.9202 -5.21464
33.9217 -5.22038
33.9232 -5.226
33.9247 -5.2315
33.9262 -5.23689
33.9277 -5.24217
33.9292 -5.24732
33.9307 -5.25237
33.9322 -5.2573
33.9337 -5.26212
33.9352 -5.26682
33.9367 -5.27141
33.9382 -5.27589
33.9397 -5.28026
33.9412 -5.28451
33.9427 -5.28866
33.9442 -5.29269
33.9457 -5.29662
33.9472 -5.30043
33.9487 -5.30414
33.9502 -5.30773
33.9517 -5.31122
33.9532 -5.3146
33.9547 -5.31788
33.9562 -5.32104
33.9577 -5.3241
33.9592 -5.32705
33.9607 -5.3299
33.9622 -5.33265
33.9637 -5.33528
33.9652 -5.33782
33.9667 -5.34025
33.9682 -5.34257
33.9697 -5.3448
33.9712 -5.34692
33.9727 -5.34894
33.9742 -5.35085
33.9757 -5.35267
33.9772 -5.35438
33.9787 -5.35599
33.9802 -5.35751
33.9817 -5.35892
33.9832 -5.36024
33.9847 -5.36145
33.9862 -5.36257
33.9877 -5.36359
33.9892 -5.36451
33.9907 -5.36534
33.9922 -5.36606
33.9937 -5.3667
33.9952 -5.36723
33.9967 -5.36767
33.9982 -5.36802
33.9997 -5.36827
34.0013 -5.36843
34.0028 -5.36849
34.0043 -5.36846
34.0058 -5.36834
34.0073 -5.36812
34.0088 -5.36781
34.0103 -5.36741
34.0118 -5.36692
34.0133 -5.36634
34.0148 -5.36567
34.0163 -5.36491
34.0178 -5.36405
34.0193 -5.36311
34.0208 -5.36208
34.0223 -5.36096
34.0238 -5.35976
34.0253 -5.35846
34.0268 -5.35708
34.0283 -5.35561
34.0298 -5.35406
34.0313 -5.35242
34.0328 -5.35069
34.0343 -5.34888
34.0358 -5.34699
34.0373 -5.34501
34.0388 -5.34294
34.0403 -5.34079
34.0418 -5.33856
34.0433 -5.33625
34.0448 -5.33385
34.0463 -5.33138
34.0478 -5.32882
34.0493 -5.32617
34.0508 -5.32345
34.0523 -5.32065
34.0538 -5.31777
34.0553 -5.31481
34.0568 -5.31177
34.0583 -5.30865
34.0598 -5.30545
34.0613 -5.30217
34.0628 -5.29882
34.0643 -5.29539
34.0658 -5.29188
34.0673 -5.2883
34.0688 -5.28464
34.0703 -5.2809
34.0718 -5.27709
34.0733 -5.2732
34.0748 -5.26924
34.0763 -5.26521
34.0778 -5.2611
34.0793 -5.25692
34.0808 -5.25266
34.0823 -5.24833
34.0838 -5.24393
34.0853 -5.23946
34.0868 -5.23492
34.0883 -5.2303
34.0898 -5.22562
34.0913 -5.22086
34.0928 -5.21604
34.0943 -5.21114
34.0958 -5.20618
34.0973 -5.20115
34.0988 -5.19605
34.1003 -5.19088
34.1018 -5.18564
34.1033 -5.18034
34.1048 -5.17496
34.1063 -5.16953
34.1078 -5.16402
34.1093 -5.15845
34.1108 -5.15282
34.1123 -5.14712
34.1138 -5.14135
34.1153 -5.13552
34.1168 -5.12963
34.1183 -5.12367
34.1198 -5.11765
34.1213 -5.11157
34.1228 -5.10542
34.1243 -5.09922
34.1258 -5.09295
34.1273 -5.08662
34.1288 -5.08023
34.1303 -5.07377
34.1318 -5.06726
34.1333 -5.06069
34.1348 -5.05405
34.1363 -5.04736
34.1378 -5.04061
34.1393 -5.0338
34.1408 -5.02694
34.1423 -5.02001
34.1438 -5.01303
34.1453 -5.00599
34.1468 -4.99889
34.1483 -4.99174
34.1498 -4.98453
34.1513 -4.97727
34.1528 -4.96995
34.1543 -4.96258
34.1558 -4.95515
34.1573 -4.94766
34.1588 -4.94013
34.1603 -4.93253
34.1618 -4.92489
34.1633 -4.91719
34.1648 -4.90945
34.1663 -4.90164
34.1678 -4.89379
34.1693 -4.88589
34.1708 -4.87793
34.1723 -4.86992
34.1738 -4.86187
34.1753 -4.85376
34.1768 -4.8456
34.1783 -4.8374
34.1798 -4.82914
34.1813 -4.82084
34.1828 -4.81249
34.1843 -4.80409
34.1858 -4.79564
34.1873 -4.78714
34.1888 -4.7786
34.1903 -4.77001
34.1918 -4.76138
34.1933 -4.75269
34.1948 -4.74397
34.1963 -4.73519
34.1978 -4.72638
34.1993 -4.71752
34.2009 -4.70861
34.2024 -4.69966
34.2039 -4.69067
34.2054 -4.68163
34.2069 -4.67255
34.2084 -4.66343
34.2099 -4.65426
34.2114 -4.64505
34.2129 -4.6358
34.2144 -4.62651
34.2159 -4.61718
34.2174 -4.60781
34.2189 -4.5984
34.2204 -4.58895
34.2219 -4.57946
34.2234 -4.56992
34.2249 -4.56035
34.2264 -4.55074
34.2279 -4.5411
34.2294 -4.53141
34.2309 -4.52169
34.2324 -4.51193
34.2339 -4.50213
34.2354 -4.49229
34.2369 -4.48242
34.2384 -4.47252
34.2399 -4.46257
34.2414 -4.45259
34.2429 -4.44258
34.2444 -4.43253
34.2459 -4.42245
34.2474 -4.41233
34.2489 -4.40218
34.2504 -4.39199
34.2519 -4.38177
34.2534 -4.37152
34.2549 -4.36124
34.2564 -4.35092
34.2579 -4.34057
34.2594 -4.33019
34.2609 -4.31978
34.2624 -4.30933
34.2639 -4.29886
34.2654 -4.28836
34.2669 -4.27782
34.2684 -4.26726
34.2699 -4.25666
34.2714 -4.24604
34.2729 -4.23538
34.2744 -4.2247
34.2759 -4.21399
34.2774 -4.20325
34.2789 -4.19249
34.2804 -4.18169
34.2819 -4.17087
34.2834 -4.16002
34.2849 -4.14915
34.2864 -4.13825
34.2879 -4.12732
34.2894 -4.11637
34.2909 -4.10539
34.2924 -4.09439
34.2939 -4.08336
34.2954 -4.07231
34.2969 -4.06123
34.2984 -4.05013
34.2999 -4.03901
34.3014 -4.02786
34.3029 -4.01669
34.3044 -4.00549
34.3059 -3.99428
34.3074 -3.98304
34.3089 -3.97178
34.3104 -3.9605
34.3119 -3.94919
34.3134 -3.93787
34.3149 -3.92652
34.3164 -3.91516
34.3179 -3.90377
34.3194 -3.89237
34.3209 -3.88094
34.3224 -3.8695
34.3239 -3.85803
34.3254 -3.84655
34.3269 -3.83505
34.3284 -3.82353
34.3299 -3.81199
34.3314 -3.80044
34.3329 -3.78887
34.3344 -3.77728
34.3359 -3.76567
34.3374 -3.75405
34.3389 -3.74241
34.3404 -3.73075
34.3419 -3.71908
34.3434 -3.70739
34.3449 -3.69569
34.3464 -3.68398
34.3479 -3.67225
34.3494 -3.6605
34.3509 -3.64874
34.3524 -3.63697
34.3539 -3.62518
34.3554 -3.61338
34.3569 -3.60157
34.3584 -3.58974
34.3599 -3.5779
34.3614 -3.56605
34.3629 -3.55419
34.3644 -3.54231
34.3659 -3.53043
34.3674 -3.51853
34.3689 -3.50662
34.3704 -3.4947
34.3719 -3.48278
34.3734 -3.47084
34.3749 -3.45889
34.3764 -3.44693
34.3779 -3.43496
34.3794 -3.42299
34.3809 -3.411
34.3824 -3.39901
34.3839 -3.387
34.3854 -3.37499
34.3869 -3.36297
34.3884 -3.35095
34.3899 -3.33892
34.3914 -3.32688
34.3929 -3.31483
34.3944 -3.30278
34.3959 -3.29072
34.3974 -3.27865
34.3989 -3.26658
34.4005 -3.2545
34.402 -3.24242
34.4035 -3.23033
34.405 -3.21824
34.4065 -3.20615
34.408 -3.19405
34.4095 -3.18194
34.411 -3.16983
34.4125 -3.15772
34.414 -3.14561
34.4155 -3.13349
34.417 -3.12137
34.4185 -3.10924
34.42 -3.09712
34.4215 -3.08499
34.423 -3.07286
34.4245 -3.06073
34.426 -3.0486
34.4275 -3.03646
34.429 -3.02433
34.4305 -3.01219
34.432 -3.00006
34.4335 -2.98792
34.435 -2.97579
34.4365 -2.96365
34.438 -2.95152
34.4395 -2.93938
34.441 -2.92725
34.4425 -2.91512
34.444 -2.90299
34.4455 -2.89086
34.447 -2.87874
34.4485 -2.86661
34.45 -2.85449
34.4515 -2.84237
34.453 -2.83025
34.4545 -2.81814
34.456 -2.80603
34.4575 -2.79393
34.459 -2.78182
34.4605 -2.76972
34.462 -2.75763
34.4635 -2.74554
34.465 -2.73346
34.4665 -2.72138
34.468 -2.7093
34.4695 -2.69723
34.471 -2.68517
34.4725 -2.67311
34.474 -2.66106
34.4755 -2.64901
34.477 -2.63697
34.4785 -2.62494
34.48 -2.61291
34.4815 -2.6009
34.483 -2.58888
34.4845 -2.57688
34.486 -2.56488
34.4875 -2.5529
34.489 -2.54092
34.4905 -2.52894
34.492 -2.51698
34.4935 -2.50503
34.495 -2.49308
34.4965 -2.48115
34.498 -2.46922
34.4995 -2.4573
34.501 -2.4454
34.5025 -2.4335
34.504 -2.42161
34.5055 -2.40974
34.507 -2.39787
34.5085 -2.38602
34.51 -2.37417
34.5115 -2.36234
34.513 -2.35052
34.5145 -2.33871
34.516 -2.32691
34.5175 -2.31513
34.519 -2.30336
34.5205 -2.2916
34.522 -2.27985
34.5235 -2.26812
34.525 -2.2564
34.5265 -2.24469
34.528 -2.23299
34.5295 -2.22131
34.531 -2.20965
34.5325 -2.19799
34.534 -2.18636
34.5355 -2.17473
34.537 -2.16312
34.5385 -2.15153
34.54 -2.13995
34.5415 -2.12839
34.543 -2.11684
34.5445 -2.1053
34.546 -2.09379
34.5475 -2.08229
34.549 -2.0708
34.5505 -2.05933
34.552 -2.04788
34.5535 -2.03645
34.555 -2.02503
34.5565 -2.01363
34.558 -2.00225
34.5595 -1.99088
34.561 -1.97953
34.5625 -1.9682
34.564 -1.95689
34.5655 -1.9456
34.567 -1.93432
34.5685 -1.92306
34.57 -1.91183
34.5715 -1.90061
34.573 -1.88941
34.5745 -1.87823
34.576 -1.86707
34.5775 -1.85592
34.579 -1.8448
34.5805 -1.8337
34.582 -1.82262
34.5835 -1.81156
34.585 -1.80052
34.5865 -1.7895
34.588 -1.7785
34.5895 -1.76752
34.591 -1.75657
34.5925 -1.74563
34.594 -1.73472
34.5955 -1.72383
34.597 -1.71296
34.5985 -1.70211
34.6001 -1.69128
34.6016 -1.68048
34.6031 -1.6697
34.6046 -1.65894
34.6061 -1.64821
34.6076 -1.6375
34.6091 -1.62681
34.6106 -1.61615
34.6121 -1.6055
34.6136 -1.59489
34.6151 -1.58429
34.6166 -1.57372
34.6181 -1.56318
34.6196 -1.55266
34.6211 -1.54216
34.6226 -1.53169
34.6241 -1.52124
34.6256 -1.51082
34.6271 -1.50042
34.6286 -1.49005
34.6301 -1.47971
34.6316 -1.46939
34.6331 -1.45909
34.6346 -1.44882
34.6361 -1.43858
34.6376 -1.42837
34.6391 -1.41818
34.6406 -1.40801
34.6421 -1.39788
34.6436 -1.38777
34.6451 -1.37769
34.6466 -1.36763
34.6481 -1.3576
34.6496 -1.3476
34.6511 -1.33763
34.6526 -1.32768
34.6541 -1.31777
34.6556 -1.30788
34.6571 -1.29802
34.6586 -1.28818
34.6601 -1.27838
34.6616 -1.2686
34.6631 -1.25886
34.6646 -1.24914
34.6661 -1.23945
34.6676 -1.22979
34.6691 -1.22016
34.6706 -1.21056
34.6721 -1.20098
34.6736 -1.19144
34.6751 -1.18193
34.6766 -1.17245
34.6781 -1.16299
34.6796 -1.15357
34.6811 -1.14418
34.6826 -1.13482
34.6841 -1.12549
34.6856 -1.11619
34.6871 -1.10692
34.6886 -1.09768
34.6901 -1.08848
34.6916 -1.0793
34.6931 -1.07016
34.6946 -1.06105
34.6961 -1.05197
34.6976 -1.04292
34.6991 -1.0339
34.7006 -1.02492
34.7021 -1.01596
34.7036 -1.00704
34.7051 -0.998156
34.7066 -0.989301
34.7081 -0.980479
34.7096 -0.971689
34.7111 -0.962932
34.7126 -0.954208
34.7141 -0.945518
34.7156 -0.936861
34.7171 -0.928237
34.7186 -0.919647
34.7201 -0.91109
34.7216 -0.902567
34.7231 -0.894078
34.7246 -0.885623
34.7261 -0.877202
34.7276 -0.868815
34.7291 -0.860463
34.7306 -0.852145
34.7321 -0.843861
34.7336 -0.835613
34.7351 -0.827399
34.7366 -0.81922
34.7381 -0.811076
34.7396 -0.802967
34.7411 -0.794893
34.7426 -0.786855
34.7441 -0.778852
34.7456 -0.770884
34.7471 -0.762952
34.7486 -0.755056
34.7501 -0.747196
34.7516 -0.739372
34.7531 -0.731584
34.7546 -0.723832
34.7561 -0.716116
34.7576 -0.708437
34.7591 -0.700794
34.7606 -0.693188
34.7621 -0.685618
34.7636 -0.678086
34.7651 -0.67059
34.7666 -0.663131
34.7681 -0.655709
34.7696 -0.648324
34.7711 -0.640977
34.7726 -0.633666
34.7741 -0.626394
34.7756 -0.619159
34.7771 -0.611961
34.7786 -0.604802
34.7801 -0.59768
34.7816 -0.590596
34.7831 -0.58355
34.7846 -0.576542
34.7861 -0.569572
34.7876 -0.562641
34.7891 -0.555748
34.7906 -0.548893
34.7921 -0.542077
34.7936 -0.5353
34.7951 -0.528561
34.7966 -0.521861
34.7981 -0.5152
34.7996 -0.508578
34.8012 -0.501995
34.8027 -0.495451
34.8042 -0.488947
34.8057 -0.482482
34.8072 -0.476056
34.8087 -0.469669
34.8102 -0.463322
34.8117 -0.457015
34.8132 -0.450748
34.8147 -0.44452
34.8162 -0.438332
34.8177 -0.432184
34.8192 -0.426076
34.8207 -0.420008
34.8222 -0.41398
34.8237 -0.407993
34.8252 -0.402046
34.8267 -0.396139
34.8282 -0.390273
34.8297 -0.384447
34.8312 -0.378662
34.8327 -0.372917
34.8342 -0.367213
34.8357 -0.36155
34.8372 -0.355928
34.8387 -0.350347
34.8402 -0.344807
34.8417 -0.339308
34.8432 -0.33385
34.8447 -0.328433
34.8462 -0.323058
34.8477 -0.317724
34.8492 -0.312431
34.8507 -0.30718
34.8522 -0.30197
34.8537 -0.296802
34.8552 -0.291676
34.8567 -0.286591
34.8582 -0.281548
34.8597 -0.276547
34.8612 -0.271588
34.8627 -0.266671
34.8642 -0.261796
34.8657 -0.256963
34.8672 -0.252172
34.8687 -0.247423
34.8702 -0.242716
34.8717 -0.238052
34.8732 -0.23343
34.8747 -0.22885
34.8762 -0.224313
34.8777 -0.219818
34.8792 -0.215366
34.8807 -0.210957
34.8822 -0.20659
34.8837 -0.202266
34.8852 -0.197984
34.8867 -0.193746
34.8882 -0.18955
34.8897 -0.185397
34.8912 -0.181287
34.8927 -0.17722
34.8942 -0.173196
34.8957 -0.169216
34.8972 -0.165278
34.8987 -0.161383
34.9002 -0.157532
34.9017 -0.153724
34.9032 -0.149959
34.9047 -0.146237
34.9062 -0.142559
34.9077 -0.138925
34.9092 -0.135333
34.9107 -0.131786
34.9122 -0.128281
34.9137 -0.124821
34.9152 -0.121403
34.9167 -0.11803
34.9182 -0.1147
34.9197 -0.111414
34.9212 -0.108171
34.9227 -0.104973
34.9242 -0.101818
34.9257 -0.0987069
34.9272 -0.0956398
34.9287 -0.0926165
34.9302 -0.0896371
34.9317 -0.0867017
34.9332 -0.0838103
34.9347 -0.0809629
34.9362 -0.0781595
34.9377 -0.0754002
34.9392 -0.072685
34.9407 -0.0700138
34.9422 -0.0673869
34.9437 -0.0648041
34.9452 -0.0622654
34.9467 -0.059771
34.9482 -0.0573208
34.9497 -0.0549149
34.9512 -0.0525532
34.9527 -0.0502359
34.9542 -0.0479628
34.9557 -0.0457341
34.9572 -0.0435497
34.9587 -0.0414098
34.9602 -0.0393142
34.9617 -0.037263
34.9632 -0.0352562
34.9647 -0.0332939
34.9662 -0.031376
34.9677 -0.0295026
34.9692 -0.0276737
34.9707 -0.0258892
34.9722 -0.0241493
34.9737 -0.0224539
34.9752 -0.020803
34.9767 -0.0191967
34.9782 -0.0176349
34.9797 -0.0161177
34.9812 -0.0146451
34.9827 -0.013217
34.9842 -0.0118335
34.9857 -0.0104946
34.9872 -0.00920029
34.9887 -0.0079506
34.9902 -0.00674551
34.9917 -0.00558503
34.9932 -0.00446917
34.9947 -0.00339793
34.9962 -0.00237131
34.9977 -0.00138932
34.9992 -0.00045195
35.0008 0.000440793
35.0023 0.00128891
35.0038 0.0020924
35.0053 0.00285127
35.0068 0.00356551
35.0083 0.00423514
35.0098 0.00486015
35.0113 0.00544054
35.0128 0.00597633
35.0143 0.00646752
35.0158 0.0069141
35.0173 0.0073161
35.0188 0.00767351
35.0203 0.00798634
35.0218 0.0082546
35.0233 0.00847831
35.0248 0.00865746
35.0263 0.00879207
35.0278 0.00888215
35.0293 0.00892772
35.0308 0.00892877
35.0323 0.00888533
35.0338 0.00879741
35.0353 0.00866502
35.0368 0.00848818
35.0383 0.0082669
35.0398 0.00800119
35.0413 0.00769108
35.0428 0.00733658
35.0443 0.00693771
35.0458 0.00649449
35.0473 0.00600693
35.0488 0.00547505
35.0503 0.00489887
35.0518 0.00427843
35.0533 0.00361372
35.0548 0.00290479
35.0563 0.00215164
35.0578 0.00135431
35.0593 0.000512818
35.0608 -0.000372814
35.0623 -0.00130256
35.0638 -0.00227639
35.0653 -0.00329429
35.0668 -0.00435622
35.0683 -0.00546216
35.0698 -0.00661207
35.0713 -0.00780594
35.0728 -0.00904373
35.0743 -0.0103254
35.0758 -0.0116509
35.0773 -0.0130203
35.0788 -0.0144335
35.0803 -0.0158904
35.0818 -0.0173911
35.0833 -0.0189354
35.0848 -0.0205235
35.0863 -0.0221551
35.0878 -0.0238303
35.0893 -0.0255491
35.0908 -0.0273115
35.0923 -0.0291173
35.0938 -0.0309665
35.0953 -0.0328592
35.0968 -0.0347952
35.0983 -0.0367745
35.0998 -0.0387972
35.1013 -0.040863
35.1028 -0.0429721
35.1043 -0.0451243
35.1058 -0.0473197
35.1073 -0.0495581
35.1088 -0.0518396
35.1103 -0.054164
35.1118 -0.0565314
35.1133 -0.0589417
35.1148 -0.0613948
35.1163 -0.0638907
35.1178 -0.0664293
35.1193 -0.0690107
35.1208 -0.0716347
35.1223 -0.0743013
35.1238 -0.0770105
35.1253 -0.0797621
35.1268 -0.0825562
35.1283 -0.0853927
35.1298 -0.0882716
35.1313 -0.0911927
35.1328 -0.0941561
35.1343 -0.0971616
35.1358 -0.100209
35.1373 -0.103299
35.1388 -0.106431
35.1403 -0.109604
35.1418 -0.11282
35.1433 -0.116077
35.1448 -0.119377
35.1463 -0.122718
35.1478 -0.1261
35.1493 -0.129524
35.1508 -0.13299
35.1523 -0.136497
35.1538 -0.140046
35.1553 -0.143636
35.1568 -0.147267
35.1583 -0.150939
35.1598 -0.154653
35.1613 -0.158407
35.1628 -0.162203
35.1643 -0.16604
35.1658 -0.169917
35.1673 -0.173836
35.1688 -0.177795
35.1703 -0.181794
35.1718 -0.185835
35.1733 -0.189915
35.1748 -0.194037
35.1763 -0.198198
35.1778 -0.2024
35.1793 -0.206643
35.1808 -0.210925
35.1823 -0.215247
35.1838 -0.21961
35.1853 -0.224012
35.1868 -0.228455
35.1883 -0.232937
35.1898 -0.237458
35.1913 -0.24202
35.1928 -0.246621
35.1943 -0.251261
35.1958 -0.255941
35.1973 -0.26066
35.1988 -0.265418
35.2004 -0.270216
35.2019 -0.275052
35.2034 -0.279928
35.2049 -0.284842
35.2064 -0.289796
35.2079 -0.294787
35.2094 -0.299818
35.2109 -0.304887
35.2124 -0.309995
35.2139 -0.31514
35.2154 -0.320325
35.2169 -0.325547
35.2184 -0.330808
35.2199 -0.336106
35.2214 -0.341442
35.2229 -0.346817
35.2244 -0.352229
35.2259 -0.357678
35.2274 -0.363165
35.2289 -0.36869
35.2304 -0.374252
35.2319 -0.379851
35.2334 -0.385488
35.2349 -0.391161
35.2364 -0.396872
35.2379 -0.402619
35.2394 -0.408403
35.2409 -0.414224
35.2424 -0.420081
35.2439 -0.425975
35.2454 -0.431905
35.2469 -0.437872
35.2484 -0.443874
35.2499 -0.449913
35.2514 -0.455988
35.2529 -0.462098
35.2544 -0.468244
35.2559 -0.474426
35.2574 -0.480644
35.2589 -0.486897
35.2604 -0.493185
35.2619 -0.499508
35.2634 -0.505867
35.2649 -0.512261
35.2664 -0.518689
35.2679 -0.525152
35.2694 -0.53165
35.2709 -0.538183
35.2724 -0.54475
35.2739 -0.551351
35.2754 -0.557986
35.2769 -0.564656
35.2784 -0.571359
35.2799 -0.578097
35.2814 -0.584868
35.2829 -0.591673
35.2844 -0.598511
35.2859 -0.605383
35.2874 -0.612288
35.2889 -0.619226
35.2904 -0.626197
35.2919 -0.633202
35.2934 -0.640239
35.2949 -0.647308
35.2964 -0.654411
35.2979 -0.661545
35.2994 -0.668712
35.3009 -0.675911
35.3024 -0.683143
35.3039 -0.690406
35.3054 -0.697701
35.3069 -0.705027
35.3084 -0.712386
35.3099 -0.719775
35.3114 -0.727196
35.3129 -0.734648
35.3144 -0.742131
35.3159 -0.749646
35.3174 -0.75719
35.3189 -0.764766
35.3204 -0.772372
35.3219 -0.780008
35.3234 -0.787675
35.3249 -0.795372
35.3264 -0.803098
35.3279 -0.810855
35.3294 -0.818641
35.3309 -0.826457
35.3324 -0.834303
35.3339 -0.842177
35.3354 -0.850081
35.3369 -0.858014
35.3384 -0.865975
35.3399 -0.873966
35.3414 -0.881985
35.3429 -0.890032
35.3444 -0.898108
35.3459 -0.906212
35.3474 -0.914344
35.3489 -0.922503
35.3504 -0.930691
35.3519 -0.938906
35.3534 -0.947149
35.3549 -0.955418
35.3564 -0.963715
35.3579 -0.97204
35.3594 -0.98039
35.3609 -0.988768
35.3624 -0.997172
35.3639 -1.0056
35.3654 -1.01406
35.3669 -1.02254
35.3684 -1.03105
35.3699 -1.03959
35.3714 -1.04815
35.3729 -1.05673
35.3744 -1.06534
35.3759 -1.07398
35.3774 -1.08264
35.3789 -1.09133
35.3804 -1.10004
35.3819 -1.10877
35.3834 -1.11753
35.3849 -1.12632
35.3864 -1.13512
35.3879 -1.14396
35.3894 -1.15281
35.3909 -1.16169
35.3924 -1.17059
35.3939 -1.17952
35.3954 -1.18847
35.3969 -1.19744
35.3984 -1.20644
35.3999 -1.21545
35.4015 -1.22449
35.403 -1.23355
35.4045 -1.24264
35.406 -1.25174
35.4075 -1.26087
35.409 -1.27002
35.4105 -1.27919
35.412 -1.28838
35.4135 -1.2976
35.415 -1.30683
35.4165 -1.31609
35.418 -1.32536
35.4195 -1.33466
35.421 -1.34397
35.4225 -1.35331
35.424 -1.36267
35.4255 -1.37204
35.427 -1.38144
35.4285 -1.39085
35.43 -1.40028
35.4315 -1.40974
35.433 -1.41921
35.4345 -1.4287
35.436 -1.43821
35.4375 -1.44773
35.439 -1.45728
35.4405 -1.46684
35.442 -1.47642
35.4435 -1.48602
35.445 -1.49563
35.4465 -1.50527
35.448 -1.51492
35.4495 -1.52458
35.451 -1.53426
35.4525 -1.54396
35.454 -1.55368
35.4555 -1.56341
35.457 -1.57316
35.4585 -1.58292
35.46 -1.5927
35.4615 -1.60249
35.463 -1.6123
35.4645 -1.62212
35.466 -1.63196
35.4675 -1.64182
35.469 -1.65168
35.4705 -1.66156
35.472 -1.67146
35.4735 -1.68137
35.475 -1.69129
35.4765 -1.70122
35.478 -1.71117
35.4795 -1.72114
35.481 -1.73111
35.4825 -1.7411
35.484 -1.7511
35.4855 -1.76111
35.487 -1.77113
35.4885 -1.78117
35.49 -1.79121
35.4915 -1.80127
35.493 -1.81134
35.4945 -1.82142
35.496 -1.83151
35.4975 -1.84161
35.499 -1.85172
35.5005 -1.86184
35.502 -1.87197
35.5035 -1.88212
35.505 -1.89227
35.5065 -1.90243
35.508 -1.91259
35.5095 -1.92277
35.511 -1.93296
35.5125 -1.94315
35.514 -1.95335
35.5155 -1.96357
35.517 -1.97378
35.5185 -1.98401
35.52 -1.99424
35.5215 -2.00448
35.523 -2.01473
35.5245 -2.02498
35.526 -2.03525
35.5275 -2.04551
35.529 -2.05578
35.5305 -2.06606
35.532 -2.07635
35.5335 -2.08664
35.535 -2.09693
35.5365 -2.10723
35.538 -2.11753
35.5395 -2.12784
35.541 -2.13816
35.5425 -2.14847
35.544 -2.15879
35.5455 -2.16912
35.547 -2.17944
35.5485 -2.18978
35.55 -2.20011
35.5515 -2.21045
35.553 -2.22078
35.5545 -2.23112
35.556 -2.24147
35.5575 -2.25181
35.559 -2.26216
35.5605 -2.27251
35.562 -2.28285
35.5635 -2.2932
35.565 -2.30355
35.5665 -2.3139
35.568 -2.32425
35.5695 -2.3346
35.571 -2.34495
35.5725 -2.3553
35.574 -2.36565
35.5755 -2.376
35.577 -2.38634
35.5785 -2.39669
35.58 -2.40703
35.5815 -2.41737
35.583 -2.42771
35.5845 -2.43804
35.586 -2.44837
35.5875 -2.4587
35.589 -2.46903
35.5905 -2.47935
35.592 -2.48967
35.5935 -2.49999
35.595 -2.5103
35.5965 -2.5206
35.598 -2.5309
35.5995 -2.5412
35.6011 -2.55149
35.6026 -2.56178
35.6041 -2.57206
35.6056 -2.58233
35.6071 -2.5926
35.6086 -2.60286
35.6101 -2.61312
35.6116 -2.62336
35.6131 -2.6336
35.6146 -2.64384
35.6161 -2.65406
35.6176 -2.66428
35.6191 -2.67449
35.6206 -2.68469
35.6221 -2.69488
35.6236 -2.70506
35.6251 -2.71523
35.6266 -2.7254
35.6281 -2.73555
35.6296 -2.74569
35.6311 -2.75583
35.6326 -2.76595
35.6341 -2.77606
35.6356 -2.78616
35.6371 -2.79625
35.6386 -2.80633
35.6401 -2.81639
35.6416 -2.82645
35.6431 -2.83649
35.6446 -2.84651
35.6461 -2.85653
35.6476 -2.86653
35.6491 -2.87652
35.6506 -2.88649
35.6521 -2.89645
35.6536 -2.9064
35.6551 -2.91633
35.6566 -2.92624
35.6581 -2.93615
35.6596 -2.94603
35.6611 -2.9559
35.6626 -2.96575
35.6641 -2.97559
35.6656 -2.98541
35.6671 -2.99522
35.6686 -3.005
35.6701 -3.01477
35.6716 -3.02453
35.6731 -3.03426
35.6746 -3.04397
35.6761 -3.05367
35.6776 -3.06335
35.6791 -3.07301
35.6806 -3.08265
35.6821 -3.09227
35.6836 -3.10187
35.6851 -3.11145
35.6866 -3.12101
35.6881 -3.13055
35.6896 -3.14007
35.6911 -3.14956
35.6926 -3.15904
35.6941 -3.16849
35.6956 -3.17792
35.6971 -3.18733
35.6986 -3.19672
35.7001 -3.20608
35.7016 -3.21542
35.7031 -3.22473
35.7046 -3.23402
35.7061 -3.24329
35.7076 -3.25253
35.7091 -3.26175
35.7106 -3.27094
35.7121 -3.28011
35.7136 -3.28925
35.7151 -3.29837
35.7166 -3.30746
35.7181 -3.31652
35.7196 -3.32555
35.7211 -3.33456
35.7226 -3.34354
35.7241 -3.35249
35.7256 -3.36142
35.7271 -3.37032
35.7286 -3.37918
35.7301 -3.38802
35.7316 -3.39683
35.7331 -3.40561
35.7346 -3.41436
35.7361 -3.42308
35.7376 -3.43177
35.7391 -3.44043
35.7406 -3.44905
35.7421 -3.45765
35.7436 -3.46621
35.7451 -3.47474
35.7466 -3.48324
35.7481 -3.49171
35.7496 -3.50014
35.7511 -3.50854
35.7526 -3.51691
35.7541 -3.52524
35.7556 -3.53354
35.7571 -3.5418
35.7586 -3.55003
35.7601 -3.55822
35.7616 -3.56638
35.7631 -3.5745
35.7646 -3.58259
35.7661 -3.59064
35.7676 -3.59865
35.7691 -3.60663
35.7706 -3.61456
35.7721 -3.62247
35.7736 -3.63033
35.7751 -3.63815
35.7766 -3.64594
35.7781 -3.65368
35.7796 -3.66139
35.7811 -3.66905
35.7826 -3.67668
35.7841 -3.68427
35.7856 -3.69181
35.7871 -3.69932
35.7886 -3.70678
35.7901 -3.7142
35.7916 -3.72158
35.7931 -3.72892
35.7946 -3.73621
35.7961 -3.74347
35.7976 -3.75067
35.7991 -3.75784
35.8007 -3.76496
35.8022 -3.77204
35.8037 -3.77907
35.8052 -3.78605
35.8067 -3.793
35.8082 -3.79989
35.8097 -3.80674
35.8112 -3.81354
35.8127 -3.8203
35.8142 -3.82701
35.8157 -3.83367
35.8172 -3.84029
35.8187 -3.84686
35.8202 -3.85337
35.8217 -3.85984
35.8232 -3.86626
35.8247 -3.87264
35.8262 -3.87896
35.8277 -3.88523
35.8292 -3.89145
35.8307 -3.89762
35.8322 -3.90374
35.8337 -3.90981
35.8352 -3.91582
35.8367 -3.92179
35.8382 -3.9277
35.8397 -3.93356
35.8412 -3.93936
35.8427 -3.94511
35.8442 -3.95081
35.8457 -3.95645
35.8472 -3.96204
35.8487 -3.96758
35.8502 -3.97306
35.8517 -3.97848
35.8532 -3.98385
35.8547 -3.98916
35.8562 -3.99441
35.8577 -3.99961
35.8592 -4.00475
35.8607 -4.00983
35.8622 -4.01485
35.8637 -4.01982
35.8652 -4.02472
35.8667 -4.02957
35.8682 -4.03436
35.8697 -4.03908
35.8712 -4.04375
35.8727 -4.04836
35.8742 -4.0529
35.8757 -4.05739
35.8772 -4.06181
35.8787 -4.06617
35.8802 -4.07047
35.8817 -4.0747
35.8832 -4.07887
35.8847 -4.08298
35.8862 -4.08702
35.8877 -4.091
35.8892 -4.09492
35.8907 -4.09877
35.8922 -4.10255
35.8937 -4.10627
35.8952 -4.10992
35.8967 -4.11351
35.8982 -4.11703
35.8997 -4.12048
35.9012 -4.12386
35.9027 -4.12718
35.9042 -4.13043
35.9057 -4.1336
35.9072 -4.13671
35.9087 -4.13975
35.9102 -4.14272
35.9117 -4.14562
35.9132 -4.14845
35.9147 -4.15121
35.9162 -4.15389
35.9177 -4.15651
35.9192 -4.15905
35.9207 -4.16152
35.9222 -4.16392
35.9237 -4.16624
35.9252 -4.16849
35.9267 -4.17067
35.9282 -4.17277
35.9297 -4.17479
35.9312 -4.17674
35.9327 -4.17862
35.9342 -4.18042
35.9357 -4.18214
35.9372 -4.18378
35.9387 -4.18535
35.9402 -4.18684
35.9417 -4.18826
35.9432 -4.18959
35.9447 -4.19084
35.9462 -4.19202
35.9477 -4.19312
35.9492 -4.19413
35.9507 -4.19507
35.9522 -4.19593
35.9537 -4.1967
35.9552 -4.19739
35.9567 -4.198
35.9582 -4.19853
35.9597 -4.19898
35.9612 -4.19934
35.9627 -4.19962
35.9642 -4.19981
35.9657 -4.19992
35.9672 -4.19995
35.9687 -4.19989
35.9702 -4.19974
35.9717 -4.19951
35.9732 -4.1992
35.9747 -4.19879
35.9762 -4.1983
35.9777 -4.19772
35.9792 -4.19705
35.9807 -4.1963
35.9822 -4.19545
35.9837 -4.19452
35.9852 -4.1935
35.9867 -4.19238
35.9882 -4.19118
35.9897 -4.18989
35.9912 -4.1885
35.9927 -4.18702
35.9942 -4.18545
35.9957 -4.18379
35.9972 -4.18203
35.9987 -4.18019
36.0003 -4.17824
36.0018 -4.17621
36.0033 -4.17408
36.0048 -4.17185
36.0063 -4.16953
36.0078 -4.16711
36.0093 -4.1646
36.0108 -4.16199
36.0123 -4.15928
36.0138 -4.15647
36.0153 -4.15357
36.0168 -4.15057
36.0183 -4.14747
36.0198 -4.14427
36.0213 -4.14097
36.0228 -4.13757
36.0243 -4.13407
36.0258 -4.13047
36.0273 -4.12677
36.0288 -4.12297
36.0303 -4.11906
36.0318 -4.11505
36.0333 -4.11094
36.0348 -4.10673
36.0363 -4.10241
36.0378 -4.09798
36.0393 -4.09345
36.0408 -4.08882
36.0423 -4.08408
36.0438 -4.07924
36.0453 -4.07428
36.0468 -4.06923
36.0483 -4.06406
36.0498 -4.05879
36.0513 -4.0534
36.0528 -4.04791
36.0543 -4.04231
36.0558 -4.0366
36.0573 -4.03078
36.0588 -4.02485
36.0603 -4.01881
36.0618 -4.01266
36.0633 -4.00639
36.0648 -4.00002
36.0663 -3.99353
36.0678 -3.98693
36.0693 -3.98021
36.0708 -3.97338
36.0723 -3.96644
36.0738 -3.95938
36.0753 -3.9522
36.0768 -3.94491
36.0783 -3.93751
36.0798 -3.92998
36.0813 -3.92234
36.0828 -3.91458
36.0843 -3.90671
36.0858 -3.89871
36.0873 -3.8906
36.0888 -3.88237
36.0903 -3.87401
36.0918 -3.86554
36.0933 -3.85695
36.0948 -3.84823
36.0963 -3.8394
36.0978 -3.83044
36.0993 -3.82135
36.1008 -3.81215
36.1023 -3.80282
36.1038 -3.79337
36.1053 -3.78379
36.1068 -3.77409
36.1083 -3.76427
36.1098 -3.75431
36.1113 -3.74424
36.1128 -3.73403
36.1143 -3.7237
36.1158 -3.71324
36.1173 -3.70265
36.1188 -3.69193
36.1203 -3.68109
36.1218 -3.67011
36.1233 -3.65901
36.1248 -3.64777
36.1263 -3.6364
36.1278 -3.6249
36.1293 -3.61327
36.1308 -3.60151
36.1323 -3.58962
36.1338 -3.57759
36.1353 -3.56543
36.1368 -3.55313
36.1383 -3.5407
36.1398 -3.52813
36.1413 -3.51543
36.1428 -3.50259
36.1443 -3.48962
36.1458 -3.47651
36.1473 -3.46326
36.1488 -3.44987
36.1503 -3.43634
36.1518 -3.42268
36.1533 -3.40888
36.1548 -3.39493
36.1563 -3.38085
36.1578 -3.36662
36.1593 -3.35226
36.1608 -3.33775
36.1623 -3.3231
36.1638 -3.3083
36.1653 -3.29337
36.1668 -3.27829
36.1683 -3.26306
36.1698 -3.24769
36.1713 -3.23218
36.1728 -3.21652
36.1743 -3.20071
36.1758 -3.18475
36.1773 -3.16865
36.1788 -3.15241
36.1803 -3.13601
36.1818 -3.11946
36.1833 -3.10277
36.1848 -3.08592
36.1863 -3.06893
36.1878 -3.05179
36.1893 -3.03449
36.1908 -3.01704
36.1923 -2.99944
36.1938 -2.98169
36.1953 -2.96378
36.1968 -2.94572
36.1983 -2.92751
36.1998 -2.90914
36.2014 -2.89062
36.2029 -2.87194
36.2044 -2.85311
36.2059 -2.83411
36.2074 -2.81497
36.2089 -2.79566
36.2104 -2.77619
36.2119 -2.75657
36.2134 -2.73679
36.2149 -2.71685
36.2164 -2.69675
36.2179 -2.67648
36.2194 -2.65606
36.2209 -2.63547
36.2224 -2.61473
36.2239 -2.59382
36.2254 -2.57274
36.2269 -2.55151
36.2284 -2.5301
36.2299 -2.50854
36.2314 -2.48681
36.2329 -2.46491
36.2344 -2.44285
36.2359 -2.42062
36.2374 -2.39822
36.2389 -2.37565
36.2404 -2.35292
36.2419 -2.33002
36.2434 -2.30695
36.2449 -2.28371
36.2464 -2.26029
36.2479 -2.23671
36.2494 -2.21296
36.2509 -2.18903
36.2524 -2.16493
36.2539 -2.14066
36.2554 -2.11621
36.2569 -2.0916
36.2584 -2.0668
36.2599 -2.04183
36.2614 -2.01669
36.2629 -1.99137
36.2644 -1.96587
36.2659 -1.9402
36.2674 -1.91434
36.2689 -1.88831
36.2704 -1.8621
36.2719 -1.83572
36.2734 -1.80915
36.2749 -1.7824
36.2764 -1.75547
36.2779 -1.72836
36.2794 -1.70107
36.2809 -1.67359
36.2824 -1.64593
36.2839 -1.61809
36.2854 -1.59007
36.2869 -1.56185
36.2884 -1.53346
36.2899 -1.50488
36.2914 -1.47611
36.2929 -1.44716
36.2944 -1.41801
36.2959 -1.38868
36.2974 -1.35917
36.2989 -1.32946
36.3004 -1.29956
36.3019 -1.26948
36.3034 -1.2392
36.3049 -1.20873
36.3064 -1.17807
36.3079 -1.14722
36.3094 -1.11618
36.3109 -1.08494
36.3124 -1.05351
36.3139 -1.02188
36.3154 -0.990062
36.3169 -0.958046
36.3184 -0.925834
36.3199 -0.893425
36.3214 -0.86082
36.3229 -0.828016
36.3244 -0.795015
36.3259 -0.761815
36.3274 -0.728415
36.3289 -0.694816
36.3304 -0.661016
36.3319 -0.627015
36.3334 -0.592813
36.3349 -0.558408
36.3364 -0.523802
36.3379 -0.488991
36.3394 -0.453978
36.3409 -0.418759
36.3424 -0.383336
36.3439 -0.347708
36.3454 -0.311874
36.3469 -0.275833
36.3484 -0.239585
36.3499 -0.203129
36.3514 -0.166465
36.3529 -0.129593
36.3544 -0.0925109
36.3559 -0.0552191
36.3574 -0.0177168
36.3589 0.0199965
36.3604 0.0579214
36.3619 0.0960584
36.3634 0.134408
36.3649 0.172971
36.3664 0.211748
36.3679 0.25074
36.3694 0.289946
36.3709 0.329368
36.3724 0.369006
36.3739 0.408861
36.3754 0.448933
36.3769 0.489223
36.3784 0.529731
36.3799 0.570458
36.3814 0.611405
36.3829 0.652572
36.3844 0.69396
36.3859 0.735569
36.3874 0.7774
36.3889 0.819454
36.3904 0.86173
36.3919 0.90423
36.3934 0.946955
36.3949 0.989904
36.3964 1.03308
36.3979 1.07648
36.3994 1.12011
36.401 1.16396
36.4025 1.20804
36.404 1.25235
36.4055 1.29689
36.407 1.34166
36.4085 1.38666
36.41 1.43188
36.4115 1.47734
36.413 1.52304
36.4145 1.56896
36.416 1.61512
36.4175 1.66151
36.419 1.70813
36.4205 1.75499
36.422 1.80209
36.4235 1.84942
36.425 1.89699
36.4265 1.94479
36.428 1.99283
36.4295 2.04111
36.431 2.08963
36.4325 2.13839
36.434 2.18739
36.4355 2.23663
36.437 2.28611
36.4385 2.33583
36.44 2.3858
36.4415 2.43601
36.443 2.48646
36.4445 2.53715
36.446 2.58809
36.4475 2.63928
36.449 2.69071
36.4505 2.74239
36.452 2.79432
36.4535 2.84649
36.455 2.89892
36.4565 2.95159
36.458 3.00451
36.4595 3.05768
36.461 3.1111
36.4625 3.16478
36.464 3.2187
36.4655 3.27288
36.467 3.32732
36.4685 3.382
36.47 3.43694
36.4715 3.49214
36.473 3.54759
36.4745 3.6033
36.476 3.65927
36.4775 3.71549
36.479 3.77197
36.4805 3.82871
36.482 3.88571
36.4835 3.94297
36.485 4.00049
36.4865 4.05827
36.488 4.11632
36.4895 4.17462
36.491 4.23319
36.4925 4.29202
36.494 4.35112
36.4955 4.41048
36.497 4.47011
36.4985 4.53001
36.5 4.59017
