43.5005 0.00054465
43.503 0.00060323
43.5055 0.000667585
43.508 0.000738228
43.5105 0.00081571
43.513 0.000900624
43.5155 0.000993609
43.518 0.00109535
43.5205 0.00120658
43.523 0.00132809
43.5255 0.00146073
43.528 0.00160539
43.5305 0.00176305
43.533 0.00193473
43.5355 0.00212154
43.538 0.00232465
43.5405 0.00254531
43.543 0.00278486
43.5455 0.0030447
43.548 0.00332634
43.5505 0.00363137
43.553 0.00396149
43.5555 0.00431848
43.558 0.00470424
43.5605 0.00512077
43.563 0.00557018
43.5655 0.00605471
43.568 0.00657671
43.5705 0.00713864
43.573 0.00774313
43.5755 0.00839291
43.578 0.00909085
43.5805 0.00983996
43.583 0.0106434
43.5855 0.0115045
43.588 0.0124268
43.5905 0.0134137
43.593 0.0144692
43.5955 0.0155971
43.598 0.0168015
43.6006 0.0180868
43.6031 0.0194573
43.6056 0.0209177
43.6081 0.0224728
43.6106 0.0241275
43.6131 0.0258869
43.6156 0.0277564
43.6181 0.0297414
43.6206 0.0318476
43.6231 0.0340809
43.6256 0.0364473
43.6281 0.0389529
43.6306 0.0416041
43.6331 0.0444075
43.6356 0.0473697
43.6381 0.0504976
43.6406 0.0537981
43.6431 0.0572785
43.6456 0.0609461
43.6481 0.0648082
43.6506 0.0688725
43.6531 0.0731467
43.6556 0.0776386
43.6581 0.0823561
43.6606 0.0873072
43.6631 0.0925
43.6656 0.0979428
43.6681 0.103644
43.6706 0.109611
43.6731 0.115853
43.6756 0.122379
43.6781 0.129196
43.6806 0.136313
43.6831 0.143738
43.6856 0.151479
43.6881 0.159546
43.6906 0.167945
43.6931 0.176686
43.6956 0.185776
43.6981 0.195222
43.7006 0.205033
43.7031 0.215217
43.7056 0.22578
43.7081 0.23673
43.7106 0.248074
43.7131 0.259818
43.7156 0.271969
43.7181 0.284532
43.7206 0.297515
43.7231 0.310922
43.7256 0.324758
43.7281 0.339029
43.7306 0.353738
43.7331 0.368889
43.7356 0.384487
43.7381 0.400534
43.7406 0.417033
43.7431 0.433986
43.7456 0.451394
43.7481 0.469259
43.7506 0.487581
43.7531 0.506361
43.7556 0.525597
43.7581 0.545289
43.7606 0.565435
43.7631 0.586032
43.7656 0.607078
43.7681 0.628568
43.7706 0.6505
43.7731 0.672867
43.7756 0.695664
43.7781 0.718885
43.7806 0.742524
43.7831 0.766572
43.7856 0.791021
43.7881 0.815863
43.7906 0.841088
43.7931 0.866685
43.7956 0.892645
43.7981 0.918954
43.8007 0.945602
43.8032 0.972576
43.8057 0.999861
43.8082 1.02744
43.8107 1.05531
43.8132 1.08344
43.8157 1.11183
43.8182 1.14045
43.8207 1.16929
43.8232 1.19834
43.8257 1.22756
43.8282 1.25695
43.8307 1.28649
43.8332 1.31615
43.8357 1.34592
43.8382 1.37578
43.8407 1.4057
43.8432 1.43567
43.8457 1.46566
43.8482 1.49566
43.8507 1.52564
43.8532 1.55558
43.8557 1.58545
43.8582 1.61524
43.8607 1.64492
43.8632 1.67448
43.8657 1.70388
43.8682 1.73311
43.8707 1.76214
43.8732 1.79095
43.8757 1.81953
43.8782 1.84783
43.8807 1.87586
43.8832 1.90357
43.8857 1.93096
43.8882 1.958
43.8907 1.98467
43.8932 2.01094
43.8957 2.0368
43.8982 2.06223
43.9007 2.08721
43.9032 2.11171
43.9057 2.13573
43.9082 2.15924
43.9107 2.18222
43.9132 2.20465
43.9157 2.22653
43.9182 2.24783
43.9207 2.26853
43.9232 2.28863
43.9257 2.30811
43.9282 2.32695
43.9307 2.34514
43.9332 2.36267
43.9357 2.37953
43.9382 2.3957
43.9407 2.41118
43.9432 2.42595
43.9457 2.44001
43.9482 2.45336
43.9507 2.46597
43.9532 2.47784
43.9557 2.48898
43.9582 2.49937
43.9607 2.50901
43.9632 2.51789
43.9657 2.52602
43.9682 2.53339
43.9707 2.53999
43.9732 2.54584
43.9757 2.55092
43.9782 2.55524
43.9807 2.5588
43.9832 2.56161
43.9857 2.56366
43.9882 2.56496
43.9907 2.56551
43.9932 2.56532
43.9957 2.56439
43.9982 2.56273
44.0008 2.56035
44.0033 2.55725
44.0058 2.55344
44.0083 2.54893
44.0108 2.54373
44.0133 2.53785
44.0158 2.53129
44.0183 2.52407
44.0208 2.5162
44.0233 2.50769
44.0258 2.49855
44.0283 2.48879
44.0308 2.47843
44.0333 2.46748
44.0358 2.45594
44.0383 2.44385
44.0408 2.4312
44.0433 2.41801
44.0458 2.4043
44.0483 2.39009
44.0508 2.37537
44.0533 2.36018
44.0558 2.34452
44.0583 2.32842
44.0608 2.31187
44.0633 2.29491
44.0658 2.27755
44.0683 2.25979
44.0708 2.24167
44.0733 2.22318
44.0758 2.20435
44.0783 2.1852
44.0808 2.16573
44.0833 2.14597
44.0858 2.12593
44.0883 2.10562
44.0908 2.08506
44.0933 2.06426
44.0958 2.04325
44.0983 2.02202
44.1008 2.00061
44.1033 1.97902
44.1058 1.95726
44.1083 1.93536
44.1108 1.91332
44.1133 1.89116
44.1158 1.8689
44.1183 1.84653
44.1208 1.82409
44.1233 1.80158
44.1258 1.77901
44.1283 1.7564
44.1308 1.73375
44.1333 1.71109
44.1358 1.68842
44.1383 1.66574
44.1408 1.64309
44.1433 1.62045
44.1458 1.59785
44.1483 1.57529
44.1508 1.55279
44.1533 1.53035
44.1558 1.50799
44.1583 1.4857
44.1608 1.46351
44.1633 1.44141
44.1658 1.41942
44.1683 1.39755
44.1708 1.3758
44.1733 1.35417
44.1758 1.33268
44.1783 1.31134
44.1808 1.29014
44.1833 1.26909
44.1858 1.24821
44.1883 1.22749
44.1908 1.20695
44.1933 1.18658
44.1958 1.16639
44.1983 1.14638
44.2009 1.12657
44.2034 1.10694
44.2059 1.08752
44.2084 1.06829
44.2109 1.04927
44.2134 1.03045
44.2159 1.01184
44.2184 0.993448
44.2209 0.975266
44.2234 0.957299
44.2259 0.93955
44.2284 0.92202
44.2309 0.904711
44.2334 0.887624
44.2359 0.87076
44.2384 0.85412
44.2409 0.837705
44.2434 0.821515
44.2459 0.805551
44.2484 0.789813
44.2509 0.774301
44.2534 0.759015
44.2559 0.743955
44.2584 0.72912
44.2609 0.714511
44.2634 0.700126
44.2659 0.685964
44.2684 0.672025
44.2709 0.658309
44.2734 0.644813
44.2759 0.631537
44.2784 0.61848
44.2809 0.60564
44.2834 0.593015
44.2859 0.580605
44.2884 0.568407
44.2909 0.556421
44.2934 0.544643
44.2959 0.533073
44.2984 0.521709
44.3009 0.510549
44.3034 0.49959
44.3059 0.48883
44.3084 0.478269
44.3109 0.467902
44.3134 0.45773
44.3159 0.447748
44.3184 0.437955
44.3209 0.428349
44.3234 0.418927
44.3259 0.409687
44.3284 0.400627
44.3309 0.391744
44.3334 0.383036
44.3359 0.3745
44.3384 0.366135
44.3409 0.357937
44.3434 0.349905
44.3459 0.342035
44.3484 0.334326
44.3509 0.326776
44.3534 0.31938
44.3559 0.312138
44.3584 0.305047
44.3609 0.298104
44.3634 0.291307
44.3659 0.284653
44.3684 0.27814
44.3709 0.271767
44.3734 0.265529
44.3759 0.259426
44.3784 0.253455
44.3809 0.247612
44.3834 0.241897
44.3859 0.236307
44.3884 0.230839
44.3909 0.225492
44.3934 0.220262
44.3959 0.215149
44.3984 0.210149
44.401 0.205261
44.4035 0.200482
44.406 0.19581
44.4085 0.191244
44.411 0.186781
44.4135 0.182419
44.416 0.178156
44.4185 0.17399
44.421 0.169919
44.4235 0.165942
44.426 0.162056
44.4285 0.15826
44.431 0.154551
44.4335 0.150928
44.436 0.147389
44.4385 0.143932
44.441 0.140556
44.4435 0.137259
44.446 0.134039
44.4485 0.130894
44.451 0.127824
44.4535 0.124825
44.456 0.121897
44.4585 0.119039
44.461 0.116248
44.4635 0.113523
44.466 0.110863
44.4685 0.108266
44.471 0.105731
44.4735 0.103256
44.476 0.100841
44.4785 0.0984832
44.481 0.096182
44.4835 0.0939359
44.486 0.0917437
44.4885 0.0896043
44.491 0.0875163
44.4935 0.0854786
44.496 0.08349
44.4985 0.0815494
44.501 0.0796557
44.5035 0.0778077
44.506 0.0760045
44.5085 0.0742449
44.511 0.072528
44.5135 0.0708527
44.516 0.069218
44.5185 0.0676231
44.521 0.0660669
44.5235 0.0645485
44.526 0.063067
44.5285 0.0616216
44.531 0.0602113
44.5335 0.0588354
44.536 0.057493
44.5385 0.0561833
44.541 0.0549055
44.5435 0.0536588
44.546 0.0524425
44.5485 0.0512559
44.551 0.0500982
44.5535 0.0489687
44.556 0.0478668
44.5585 0.0467918
44.561 0.0457429
44.5635 0.0447197
44.566 0.0437213
44.5685 0.0427473
44.571 0.0417971
44.5735 0.0408699
44.576 0.0399654
44.5785 0.0390829
44.581 0.0382219
44.5835 0.0373818
44.586 0.0365622
44.5885 0.0357624
44.591 0.0349822
44.5935 0.0342208
44.596 0.033478
44.5985 0.0327532
44.6011 0.032046
44.6036 0.0313559
44.6061 0.0306825
44.6086 0.0300254
44.6111 0.0293842
44.6136 0.0287586
44.6161 0.028148
44.6186 0.0275522
44.6211 0.0269707
44.6236 0.0264033
44.6261 0.0258495
44.6286 0.0253091
44.6311 0.0247816
44.6336 0.0242668
44.6361 0.0237644
44.6386 0.023274
44.6411 0.0227953
44.6436 0.0223281
44.6461 0.0218721
44.6486 0.0214269
44.6511 0.0209924
44.6536 0.0205682
44.6561 0.0201542
44.6586 0.0197499
44.6611 0.0193553
44.6636 0.01897
44.6661 0.0185938
44.6686 0.0182266
44.6711 0.017868
44.6736 0.0175179
44.6761 0.017176
44.6786 0.0168422
44.6811 0.0165162
44.6836 0.0161979
44.6861 0.0158871
44.6886 0.0155835
44.6911 0.015287
44.6936 0.0149975
44.6961 0.0147147
44.6986 0.0144385
44.7011 0.0141687
44.7036 0.0139052
44.7061 0.0136477
44.7086 0.0133963
44.7111 0.0131507
44.7136 0.0129107
44.7161 0.0126763
44.7186 0.0124472
44.7211 0.0122234
44.7236 0.0120048
44.7261 0.0117912
44.7286 0.0115825
44.7311 0.0113785
44.7336 0.0111792
44.7361 0.0109844
44.7386 0.0107941
44.7411 0.010608
44.7436 0.0104262
44.7461 0.0102485
44.7486 0.0100749
44.7511 0.00990513
44.7536 0.00973921
44.7561 0.00957702
44.7586 0.00941847
44.7611 0.00926348
44.7636 0.00911197
44.7661 0.00896384
44.7686 0.00881902
44.7711 0.00867744
44.7736 0.008539
44.7761 0.00840364
44.7786 0.00827129
44.7811 0.00814187
44.7836 0.00801532
44.7861 0.00789157
44.7886 0.00777055
44.7911 0.0076522
44.7936 0.00753645
44.7961 0.00742325
44.7986 0.00731253
44.8012 0.00720425
44.8037 0.00709833
44.8062 0.00699473
44.8087 0.0068934
44.8112 0.00679428
44.8137 0.00669731
44.8162 0.00660246
44.8187 0.00650968
44.8212 0.0064189
44.8237 0.0063301
44.8262 0.00624323
44.8287 0.00615824
44.8312 0.00607508
44.8337 0.00599373
44.8362 0.00591413
44.8387 0.00583626
44.8412 0.00576006
44.8437 0.00568551
44.8462 0.00561256
44.8487 0.00554119
44.8512 0.00547135
44.8537 0.00540302
44.8562 0.00533615
44.8587 0.00527073
44.8612 0.00520671
44.8637 0.00514407
44.8662 0.00508277
44.8687 0.00502279
44.8712 0.00496411
44.8737 0.00490669
44.8762 0.0048505
44.8787 0.00479552
44.8812 0.00474173
44.8837 0.00468909
44.8862 0.00463759
44.8887 0.00458721
44.8912 0.00453791
44.8937 0.00448967
44.8962 0.00444249
44.8987 0.00439632
44.9012 0.00435116
44.9037 0.00430698
44.9062 0.00426376
44.9087 0.00422149
44.9112 0.00418014
44.9137 0.0041397
44.9162 0.00410014
44.9187 0.00406146
44.9212 0.00402363
44.9237 0.00398664
44.9262 0.00395047
44.9287 0.00391511
44.9312 0.00388054
44.9337 0.00384674
44.9362 0.00381371
44.9387 0.00378142
44.9412 0.00374987
44.9437 0.00371904
44.9462 0.00368891
44.9487 0.00365948
44.9512 0.00363073
44.9537 0.00360266
44.9562 0.00357524
44.9587 0.00354846
44.9612 0.00352233
44.9637 0.00349682
44.9662 0.00347192
44.9687 0.00344763
44.9712 0.00342393
44.9737 0.00340081
44.9762 0.00337828
44.9787 0.0033563
44.9812 0.00333489
44.9837 0.00331402
44.9862 0.00329369
44.9887 0.00327389
44.9912 0.00325462
44.9937 0.00323586
44.9962 0.00321761
44.9987 0.00319986
45.0013 0.00318261
45.0038 0.00316584
45.0063 0.00314955
45.0088 0.00313373
45.0113 0.00311839
45.0138 0.0031035
45.0163 0.00308906
45.0188 0.00307508
45.0213 0.00306154
45.0238 0.00304844
45.0263 0.00303577
45.0288 0.00302353
45.0313 0.00301171
45.0338 0.00300031
45.0363 0.00298932
45.0388 0.00297874
45.0413 0.00296856
45.0438 0.00295879
45.0463 0.00294941
45.0488 0.00294043
45.0513 0.00293183
45.0538 0.00292362
45.0563 0.00291579
45.0588 0.00290835
45.0613 0.00290127
45.0638 0.00289457
45.0663 0.00288824
45.0688 0.00288227
45.0713 0.00287667
45.0738 0.00287144
45.0763 0.00286656
45.0788 0.00286204
45.0813 0.00285787
45.0838 0.00285406
45.0863 0.0028506
45.0888 0.00284748
45.0913 0.00284472
45.0938 0.0028423
45.0963 0.00284023
45.0988 0.0028385
45.1013 0.00283712
45.1038 0.00283607
45.1063 0.00283537
45.1088 0.002835
45.1113 0.00283498
45.1138 0.00283529
45.1163 0.00283594
45.1188 0.00283692
45.1213 0.00283825
45.1238 0.00283991
45.1263 0.00284191
45.1288 0.00284424
45.1313 0.00284691
45.1338 0.00284992
45.1363 0.00285326
45.1388 0.00285694
45.1413 0.00286096
45.1438 0.00286532
45.1463 0.00287002
45.1488 0.00287506
45.1513 0.00288044
45.1538 0.00288616
45.1563 0.00289222
45.1588 0.00289863
45.1613 0.00290538
45.1638 0.00291248
45.1663 0.00291993
45.1688 0.00292773
45.1713 0.00293588
45.1738 0.00294439
45.1763 0.00295325
45.1788 0.00296247
45.1813 0.00297205
45.1838 0.00298199
45.1863 0.00299229
45.1888 0.00300296
45.1913 0.003014
45.1938 0.00302541
45.1963 0.0030372
45.1988 0.00304936
45.2014 0.0030619
45.2039 0.00307483
45.2064 0.00308814
45.2089 0.00310184
45.2114 0.00311594
45.2139 0.00313043
45.2164 0.00314532
45.2189 0.00316061
45.2214 0.00317632
45.2239 0.00319243
45.2264 0.00320896
45.2289 0.00322591
45.2314 0.00324328
45.2339 0.00326108
45.2364 0.00327931
45.2389 0.00329798
45.2414 0.0033171
45.2439 0.00333665
45.2464 0.00335666
45.2489 0.00337713
45.2514 0.00339806
45.2539 0.00341946
45.2564 0.00344132
45.2589 0.00346367
45.2614 0.0034865
45.2639 0.00350982
45.2664 0.00353363
45.2689 0.00355795
45.2714 0.00358277
45.2739 0.00360811
45.2764 0.00363396
45.2789 0.00366035
45.2814 0.00368726
45.2839 0.00371472
45.2864 0.00374273
45.2889 0.00377129
45.2914 0.00380041
45.2939 0.0038301
45.2964 0.00386036
45.2989 0.00389121
45.3014 0.00392265
45.3039 0.0039547
45.3064 0.00398735
45.3089 0.00402061
45.3114 0.0040545
45.3139 0.00408902
45.3164 0.00412419
45.3189 0.00416
45.3214 0.00419648
45.3239 0.00423362
45.3264 0.00427144
45.3289 0.00430995
45.3314 0.00434916
45.3339 0.00438907
45.3364 0.00442969
45.3389 0.00447105
45.3414 0.00451314
45.3439 0.00455598
45.3464 0.00459957
45.3489 0.00464393
45.3514 0.00468908
45.3539 0.00473501
45.3564 0.00478174
45.3589 0.00482929
45.3614 0.00487766
45.3639 0.00492686
45.3664 0.00497691
45.3689 0.00502782
45.3714 0.00507961
45.3739 0.00513227
45.3764 0.00518584
45.3789 0.00524031
45.3814 0.0052957
45.3839 0.00535203
45.3864 0.00540931
45.3889 0.00546755
45.3914 0.00552676
45.3939 0.00558696
45.3964 0.00564816
45.3989 0.00571038
45.4015 0.00577362
45.404 0.00583792
45.4065 0.00590327
45.409 0.00596969
45.4115 0.0060372
45.414 0.00610582
45.4165 0.00617555
45.419 0.00624641
45.4215 0.00631842
45.424 0.0063916
45.4265 0.00646596
45.429 0.00654151
45.4315 0.00661827
45.434 0.00669626
45.4365 0.00677549
45.439 0.00685598
45.4415 0.00693775
45.444 0.00702081
45.4465 0.00710518
45.449 0.00719087
45.4515 0.00727791
45.454 0.00736631
45.4565 0.00745608
45.459 0.00754725
45.4615 0.00763982
45.464 0.00773383
45.4665 0.00782928
45.469 0.00792619
45.4715 0.00802459
45.474 0.00812448
45.4765 0.00822589
45.479 0.00832883
45.4815 0.00843332
45.484 0.00853938
45.4865 0.00864702
45.489 0.00875628
45.4915 0.00886715
45.494 0.00897966
45.4965 0.00909383
45.499 0.00920967
45.5015 0.0093272
45.504 0.00944645
45.5065 0.00956742
45.509 0.00969013
45.5115 0.00981461
45.514 0.00994086
45.5165 0.0100689
45.519 0.0101988
45.5215 0.0103305
45.524 0.010464
45.5265 0.0105994
45.529 0.0107367
45.5315 0.0108759
45.534 0.0110169
45.5365 0.0111599
45.539 0.0113049
45.5415 0.0114518
45.544 0.0116007
45.5465 0.0117515
45.549 0.0119044
45.5515 0.0120592
45.554 0.0122161
45.5565 0.012375
45.559 0.012536
45.5615 0.012699
45.564 0.0128641
45.5665 0.0130313
45.569 0.0132006
45.5715 0.013372
45.574 0.0135455
45.5765 0.0137211
45.579 0.0138989
45.5815 0.0140787
45.584 0.0142608
45.5865 0.0144449
45.589 0.0146313
45.5915 0.0148197
45.594 0.0150104
45.5965 0.0152032
45.599 0.0153982
45.6016 0.0155953
45.6041 0.0157946
45.6066 0.0159961
45.6091 0.0161997
45.6116 0.0164055
45.6141 0.0166135
45.6166 0.0168236
45.6191 0.0170358
45.6216 0.0172502
45.6241 0.0174667
45.6266 0.0176853
45.6291 0.0179061
45.6316 0.0181289
45.6341 0.0183538
45.6366 0.0185808
45.6391 0.0188098
45.6416 0.0190409
45.6441 0.019274
45.6466 0.019509
45.6491 0.0197461
45.6516 0.019985
45.6541 0.0202259
45.6566 0.0204687
45.6591 0.0207134
45.6616 0.0209599
45.6641 0.0212082
45.6666 0.0214582
45.6691 0.02171
45.6716 0.0219635
45.6741 0.0222186
45.6766 0.0224753
45.6791 0.0227337
45.6816 0.0229935
45.6841 0.0232548
45.6866 0.0235175
45.6891 0.0237816
45.6916 0.024047
45.6941 0.0243137
45.6966 0.0245815
45.6991 0.0248505
45.7016 0.0251206
45.7041 0.0253918
45.7066 0.0256638
45.7091 0.0259368
45.7116 0.0262105
45.7141 0.026485
45.7166 0.0267601
45.7191 0.0270359
45.7216 0.0273121
45.7241 0.0275887
45.7266 0.0278657
45.7291 0.0281429
45.7316 0.0284203
45.7341 0.0286977
45.7366 0.0289752
45.7391 0.0292524
45.7416 0.0295295
45.7441 0.0298062
45.7466 0.0300825
45.7491 0.0303582
45.7516 0.0306334
45.7541 0.0309077
45.7566 0.0311812
45.7591 0.0314537
45.7616 0.0317251
45.7641 0.0319953
45.7666 0.0322641
45.7691 0.0325315
45.7716 0.0327973
45.7741 0.0330614
45.7766 0.0333236
45.7791 0.0335839
45.7816 0.033842
45.7841 0.0340979
45.7866 0.0343515
45.7891 0.0346025
45.7916 0.0348509
45.7941 0.0350965
45.7966 0.0353392
45.7991 0.0355788
45.8017 0.0358152
45.8042 0.0360483
45.8067 0.0362778
45.8092 0.0365037
45.8117 0.0367258
45.8142 0.0369439
45.8167 0.037158
45.8192 0.0373678
45.8217 0.0375733
45.8242 0.0377742
45.8267 0.0379705
45.8292 0.0381619
45.8317 0.0383483
45.8342 0.0385296
45.8367 0.0387056
45.8392 0.0388763
45.8417 0.0390413
45.8442 0.0392007
45.8467 0.0393542
45.8492 0.0395017
45.8517 0.0396431
45.8542 0.0397782
45.8567 0.039907
45.8592 0.0400292
45.8617 0.0401447
45.8642 0.0402534
45.8667 0.0403552
45.8692 0.0404499
45.8717 0.0405374
45.8742 0.0406177
45.8767 0.0406905
45.8792 0.0407558
45.8817 0.0408135
45.8842 0.0408635
45.8867 0.0409056
45.8892 0.0409397
45.8917 0.0409659
45.8942 0.0409839
45.8967 0.0409937
45.8992 0.0409952
45.9017 0.0409883
45.9042 0.040973
45.9067 0.0409492
45.9092 0.0409168
45.9117 0.0408759
45.9142 0.0408262
45.9167 0.0407679
45.9192 0.0407008
45.9217 0.0406249
45.9242 0.0405402
45.9267 0.0404467
45.9292 0.0403443
45.9317 0.0402331
45.9342 0.040113
45.9367 0.0399841
45.9392 0.0398464
45.9417 0.0396999
45.9442 0.0395445
45.9467 0.0393804
45.9492 0.0392076
45.9517 0.0390261
45.9542 0.038836
45.9567 0.0386374
45.9592 0.0384302
45.9617 0.0382146
45.9642 0.0379907
45.9667 0.0377585
45.9692 0.0375182
45.9717 0.0372698
45.9742 0.0370135
45.9767 0.0367493
45.9792 0.0364774
45.9817 0.0361979
45.9842 0.035911
45.9867 0.0356168
45.9892 0.0353154
45.9917 0.035007
45.9942 0.0346917
45.9967 0.0343697
45.9992 0.0340413
46.0018 0.0337065
46.0043 0.0333655
46.0068 0.0330185
46.0093 0.0326658
46.0118 0.0323075
46.0143 0.0319438
46.0168 0.031575
46.0193 0.0312011
46.0218 0.0308226
46.0243 0.0304395
46.0268 0.0300521
46.0293 0.0296606
46.0318 0.0292652
46.0343 0.0288663
46.0368 0.0284639
46.0393 0.0280584
46.0418 0.02765
46.0443 0.0272389
46.0468 0.0268253
46.0493 0.0264096
46.0518 0.0259919
46.0543 0.0255725
46.0568 0.0251517
46.0593 0.0247296
46.0618 0.0243066
46.0643 0.0238828
46.0668 0.0234585
46.0693 0.023034
46.0718 0.0226095
46.0743 0.0221852
46.0768 0.0217614
46.0793 0.0213383
46.0818 0.0209161
46.0843 0.0204951
46.0868 0.0200755
46.0893 0.0196574
46.0918 0.0192412
46.0943 0.018827
46.0968 0.0184151
46.0993 0.0180056
46.1018 0.0175988
46.1043 0.0171948
46.1068 0.0167939
46.1093 0.0163962
46.1118 0.0160019
46.1143 0.0156112
46.1168 0.0152242
46.1193 0.0148412
46.1218 0.0144622
46.1243 0.0140875
46.1268 0.0137171
46.1293 0.0133513
46.1318 0.0129901
46.1343 0.0126336
46.1368 0.0122821
46.1393 0.0119355
46.1418 0.0115941
46.1443 0.0112579
46.1468 0.0109269
46.1493 0.0106014
46.1518 0.0102813
46.1543 0.0099667
46.1568 0.00965774
46.1593 0.00935443
46.1618 0.00905682
46.1643 0.00876497
46.1668 0.00847891
46.1693 0.00819867
46.1718 0.00792428
46.1743 0.00765575
46.1768 0.00739309
46.1793 0.00713633
46.1818 0.00688544
46.1843 0.00664043
46.1868 0.00640129
46.1893 0.006168
46.1918 0.00594054
46.1943 0.00571888
46.1968 0.00550298
46.1993 0.00529281
46.2019 0.00508833
46.2044 0.00488949
46.2069 0.00469623
46.2094 0.00450851
46.2119 0.00432625
46.2144 0.00414941
46.2169 0.00397791
46.2194 0.00381167
46.2219 0.00365063
46.2244 0.00349471
46.2269 0.00334383
46.2294 0.00319791
46.2319 0.00305685
46.2344 0.00292059
46.2369 0.00278901
46.2394 0.00266204
46.2419 0.00253958
46.2444 0.00242154
46.2469 0.00230782
46.2494 0.00219833
46.2519 0.00209296
46.2544 0.00199163
46.2569 0.00189422
46.2594 0.00180065
46.2619 0.00171081
46.2644 0.00162461
46.2669 0.00154193
46.2694 0.0014627
46.2719 0.0013868
46.2744 0.00131413
46.2769 0.00124461
46.2794 0.00117814
46.2819 0.00111461
46.2844 0.00105393
46.2869 0.000996014
46.2894 0.000940765
46.2919 0.00088809
46.2944 0.000837901
46.2969 0.000790109
46.2994 0.000744627
46.3019 0.000701369
46.3044 0.000660251
46.3069 0.000621192
46.3094 0.00058411
46.3119 0.000548929
46.3144 0.00051557
46.3169 0.000483958
46.3194 0.000454022
46.3219 0.000425689
46.3244 0.00039889
46.3269 0.000373559
46.3294 0.00034963
46.3319 0.00032704
46.3344 0.000305727
46.3369 0.000285632
46.3394 0.000266697
46.3419 0.000248867
46.3444 0.000232088
46.3469 0.000216308
46.3494 0.000201478
46.3519 0.000187549
46.3544 0.000174475
46.3569 0.000162212
46.3594 0.000150717
46.3619 0.000139949
46.3644 0.000129868
46.3669 0.000120437
46.3694 0.000111621
46.3719 0.000103384
46.3744 9.56931e-05
46.3769 8.85178e-05
46.3794 8.18276e-05
46.3819 7.5594e-05
46.3844 6.97898e-05
46.3869 6.43891e-05
46.3894 5.93674e-05
46.3919 5.47012e-05
46.3944 5.03683e-05
46.3969 4.63479e-05
46.3994 4.26198e-05
46.402 3.91653e-05
46.4045 3.59666e-05
46.407 3.30068e-05
46.4095 3.027e-05
46.412 2.77411e-05
46.4145 2.54062e-05
46.417 2.32517e-05
46.4195 2.12652e-05
46.422 1.9435e-05
46.4245 1.77499e-05
46.427 1.61996e-05
46.4295 1.47743e-05
46.432 1.34649e-05
46.4345 1.22628e-05
46.437 1.11601e-05
46.4395 1.01494e-05
46.442 9.22352e-06
46.4445 8.3761e-06
46.447 7.60103e-06
46.4495 6.89268e-06
46.452 6.24579e-06
46.4545 5.65547e-06
46.457 5.11718e-06
46.4595 4.62671e-06
46.462 4.18015e-06
46.4645 3.77389e-06
46.467 3.40456e-06
46.4695 3.06908e-06
46.472 2.76458e-06
46.4745 2.4884e-06
46.477 2.23812e-06
46.4795 2.01148e-06
46.482 1.8064e-06
46.4845 1.62099e-06
46.487 1.45349e-06
46.4895 1.30229e-06
46.492 1.16591e-06
46.4945 1.043e-06
46.497 9.32319e-07
46.4995 8.32728e-07
