28.5005 0.000142914
28.503 0.000159846
28.5055 0.000178635
28.508 0.000199468
28.5105 0.000222548
28.513 0.000248095
28.5155 0.000276349
28.518 0.000307572
28.5205 0.000342045
28.523 0.000380076
28.5255 0.000421996
28.528 0.000468165
28.5305 0.000518972
28.533 0.000574837
28.5355 0.000636212
28.538 0.000703586
28.5405 0.000777486
28.543 0.000858477
28.5455 0.000947167
28.548 0.00104421
28.5505 0.00115031
28.553 0.00126622
28.5555 0.00139273
28.558 0.00153073
28.5605 0.00168111
28.563 0.00184488
28.5655 0.00202308
28.568 0.00221682
28.5705 0.00242731
28.573 0.0026558
28.5755 0.00290365
28.578 0.00317229
28.5805 0.00346323
28.583 0.00377809
28.5855 0.00411858
28.588 0.00448649
28.5905 0.00488373
28.593 0.00531233
28.5955 0.00577439
28.598 0.00627216
28.6006 0.006808
28.6031 0.00738439
28.6056 0.00800393
28.6081 0.00866936
28.6106 0.00938355
28.6131 0.0101495
28.6156 0.0109704
28.6181 0.0118495
28.6206 0.0127902
28.6231 0.0137962
28.6256 0.0148711
28.6281 0.016019
28.6306 0.0172437
28.6331 0.0185497
28.6356 0.0199411
28.6381 0.0214227
28.6406 0.0229991
28.6431 0.0246751
28.6456 0.0264559
28.6481 0.0283465
28.6506 0.0303525
28.6531 0.0324794
28.6556 0.0347327
28.6581 0.0371186
28.6606 0.0396428
28.6631 0.0423118
28.6656 0.0451317
28.6681 0.0481091
28.6706 0.0512507
28.6731 0.0545631
28.6756 0.0580535
28.6781 0.0617287
28.6806 0.065596
28.6831 0.0696628
28.6856 0.0739363
28.6881 0.0784241
28.6906 0.0831338
28.6931 0.0880731
28.6956 0.0932497
28.6981 0.0986714
28.7006 0.104346
28.7031 0.110282
28.7056 0.116486
28.7081 0.122967
28.7106 0.129733
28.7131 0.136792
28.7156 0.144151
28.7181 0.151818
28.7206 0.159801
28.7231 0.168108
28.7256 0.176746
28.7281 0.185722
28.7306 0.195045
28.7331 0.204721
28.7356 0.214757
28.7381 0.22516
28.7406 0.235936
28.7431 0.247092
28.7456 0.258634
28.7481 0.270568
28.7506 0.282899
28.7531 0.295633
28.7556 0.308774
28.7581 0.322327
28.7606 0.336296
28.7631 0.350685
28.7656 0.365497
28.7681 0.380735
28.7706 0.396402
28.7731 0.412501
28.7756 0.429031
28.7781 0.445995
28.7806 0.463393
28.7831 0.481226
28.7856 0.499492
28.7881 0.51819
28.7906 0.537321
28.7931 0.55688
28.7956 0.576865
28.7981 0.597273
28.8007 0.618101
28.8032 0.639343
28.8057 0.660995
28.8082 0.68305
28.8107 0.705503
28.8132 0.728346
28.8157 0.751571
28.8182 0.775172
28.8207 0.799137
28.8232 0.82346
28.8257 0.848128
28.8282 0.873131
28.8307 0.898458
28.8332 0.924098
28.8357 0.950037
28.8382 0.976262
28.8407 1.00276
28.8432 1.02952
28.8457 1.05652
28.8482 1.08375
28.8507 1.11119
28.8532 1.13883
28.8557 1.16665
28.8582 1.19463
28.8607 1.22275
28.8632 1.25101
28.8657 1.27937
28.8682 1.30782
28.8707 1.33634
28.8732 1.36491
28.8757 1.39351
28.8782 1.42213
28.8807 1.45074
28.8832 1.47931
28.8857 1.50784
28.8882 1.5363
28.8907 1.56466
28.8932 1.59291
28.8957 1.62103
28.8982 1.649
28.9007 1.67679
28.9032 1.70438
28.9057 1.73176
28.9082 1.7589
28.9107 1.78578
28.9132 1.81238
28.9157 1.83869
28.9182 1.86467
28.9207 1.89031
28.9232 1.9156
28.9257 1.94051
28.9282 1.96502
28.9307 1.98911
28.9332 2.01277
28.9357 2.03598
28.9382 2.05873
28.9407 2.08098
28.9432 2.10273
28.9457 2.12397
28.9482 2.14467
28.9507 2.16482
28.9532 2.18442
28.9557 2.20343
28.9582 2.22185
28.9607 2.23968
28.9632 2.25689
28.9657 2.27347
28.9682 2.28942
28.9707 2.30472
28.9732 2.31937
28.9757 2.33335
28.9782 2.34666
28.9807 2.35929
28.9832 2.37124
28.9857 2.38249
28.9882 2.39305
28.9907 2.4029
28.9932 2.41205
28.9957 2.4205
28.9982 2.42823
29.0008 2.43524
29.0033 2.44155
29.0058 2.44714
29.0083 2.45201
29.0108 2.45617
29.0133 2.45962
29.0158 2.46236
29.0183 2.46439
29.0208 2.46572
29.0233 2.46635
29.0258 2.46628
29.0283 2.46553
29.0308 2.46409
29.0333 2.46197
29.0358 2.45918
29.0383 2.45573
29.0408 2.45162
29.0433 2.44686
29.0458 2.44147
29.0483 2.43544
29.0508 2.4288
29.0533 2.42154
29.0558 2.41369
29.0583 2.40525
29.0608 2.39623
29.0633 2.38664
29.0658 2.3765
29.0683 2.36581
29.0708 2.3546
29.0733 2.34287
29.0758 2.33064
29.0783 2.31791
29.0808 2.30471
29.0833 2.29104
29.0858 2.27692
29.0883 2.26236
29.0908 2.24738
29.0933 2.23199
29.0958 2.21621
29.0983 2.20004
29.1008 2.18351
29.1033 2.16663
29.1058 2.1494
29.1083 2.13185
29.1108 2.114
29.1133 2.09584
29.1158 2.07741
29.1183 2.0587
29.1208 2.03974
29.1233 2.02055
29.1258 2.00113
29.1283 1.98149
29.1308 1.96166
29.1333 1.94164
29.1358 1.92145
29.1383 1.9011
29.1408 1.8806
29.1433 1.85997
29.1458 1.83923
29.1483 1.81837
29.1508 1.79742
29.1533 1.77638
29.1558 1.75527
29.1583 1.73411
29.1608 1.71289
29.1633 1.69163
29.1658 1.67035
29.1683 1.64905
29.1708 1.62775
29.1733 1.60645
29.1758 1.58516
29.1783 1.5639
29.1808 1.54267
29.1833 1.52148
29.1858 1.50034
29.1883 1.47927
29.1908 1.45826
29.1933 1.43732
29.1958 1.41647
29.1983 1.39571
29.2009 1.37505
29.2034 1.3545
29.2059 1.33405
29.2084 1.31373
29.2109 1.29353
29.2134 1.27346
29.2159 1.25353
29.2184 1.23374
29.2209 1.21409
29.2234 1.1946
29.2259 1.17526
29.2284 1.15609
29.2309 1.13708
29.2334 1.11824
29.2359 1.09957
29.2384 1.08108
29.2409 1.06277
29.2434 1.04465
29.2459 1.0267
29.2484 1.00895
29.2509 0.991391
29.2534 0.974024
29.2559 0.956852
29.2584 0.939877
29.2609 0.923102
29.2634 0.906528
29.2659 0.890155
29.2684 0.873986
29.2709 0.858021
29.2734 0.842262
29.2759 0.826708
29.2784 0.811361
29.2809 0.79622
29.2834 0.781287
29.2859 0.766561
29.2884 0.752043
29.2909 0.737731
29.2934 0.723627
29.2959 0.709729
29.2984 0.696037
29.3009 0.68255
29.3034 0.669269
29.3059 0.656191
29.3084 0.643317
29.3109 0.630645
29.3134 0.618174
29.3159 0.605902
29.3184 0.59383
29.3209 0.581955
29.3234 0.570275
29.3259 0.558791
29.3284 0.547499
29.3309 0.536399
29.3334 0.525489
29.3359 0.514767
29.3384 0.504231
29.3409 0.49388
29.3434 0.483712
29.3459 0.473725
29.3484 0.463916
29.3509 0.454285
29.3534 0.444829
29.3559 0.435546
29.3584 0.426434
29.3609 0.417492
29.3634 0.408716
29.3659 0.400105
29.3684 0.391657
29.3709 0.383369
29.3734 0.37524
29.3759 0.367267
29.3784 0.359449
29.3809 0.351782
29.3834 0.344266
29.3859 0.336897
29.3884 0.329674
29.3909 0.322594
29.3934 0.315655
29.3959 0.308855
29.3984 0.302192
29.401 0.295663
29.4035 0.289268
29.406 0.283002
29.4085 0.276865
29.411 0.270855
29.4135 0.264968
29.416 0.259203
29.4185 0.253558
29.421 0.248031
29.4235 0.24262
29.426 0.237322
29.4285 0.232136
29.431 0.22706
29.4335 0.222092
29.436 0.21723
29.4385 0.212471
29.441 0.207815
29.4435 0.203258
29.446 0.1988
29.4485 0.194438
29.451 0.190171
29.4535 0.185997
29.456 0.181913
29.4585 0.177919
29.461 0.174012
29.4635 0.17019
29.466 0.166453
29.4685 0.162798
29.471 0.159224
29.4735 0.155729
29.476 0.152312
29.4785 0.148971
29.481 0.145704
29.4835 0.142509
29.486 0.139387
29.4885 0.136334
29.491 0.133349
29.4935 0.130432
29.496 0.12758
29.4985 0.124793
29.501 0.122068
29.5035 0.119405
29.506 0.116802
29.5085 0.114258
29.511 0.111772
29.5135 0.109342
29.516 0.106968
29.5185 0.104647
29.521 0.10238
29.5235 0.100164
29.526 0.0979986
29.5285 0.0958827
29.531 0.0938152
29.5335 0.091795
29.536 0.0898211
29.5385 0.0878923
29.541 0.0860078
29.5435 0.0841665
29.546 0.0823675
29.5485 0.0806098
29.551 0.0788925
29.5535 0.0772147
29.556 0.0755754
29.5585 0.0739739
29.561 0.0724092
29.5635 0.0708805
29.566 0.069387
29.5685 0.0679279
29.571 0.0665024
29.5735 0.0651098
29.576 0.0637492
29.5785 0.06242
29.581 0.0611214
29.5835 0.0598527
29.586 0.0586133
29.5885 0.0574024
29.591 0.0562194
29.5935 0.0550636
29.596 0.0539345
29.5985 0.0528313
29.6011 0.0517535
29.6036 0.0507006
29.6061 0.0496718
29.6086 0.0486667
29.6111 0.0476847
29.6136 0.0467253
29.6161 0.0457879
29.6186 0.044872
29.6211 0.0439771
29.6236 0.0431027
29.6261 0.0422484
29.6286 0.0414137
29.6311 0.040598
29.6336 0.039801
29.6361 0.0390223
29.6386 0.0382613
29.6411 0.0375177
29.6436 0.0367911
29.6461 0.036081
29.6486 0.0353871
29.6511 0.034709
29.6536 0.0340463
29.6561 0.0333987
29.6586 0.0327658
29.6611 0.0321472
29.6636 0.0315427
29.6661 0.0309518
29.6686 0.0303743
29.6711 0.0298099
29.6736 0.0292582
29.6761 0.0287189
29.6786 0.0281918
29.6811 0.0276766
29.6836 0.0271729
29.6861 0.0266806
29.6886 0.0261993
29.6911 0.0257288
29.6936 0.0252688
29.6961 0.0248191
29.6986 0.0243795
29.7011 0.0239497
29.7036 0.0235294
29.7061 0.0231185
29.7086 0.0227167
29.7111 0.0223239
29.7136 0.0219398
29.7161 0.0215642
29.7186 0.0211969
29.7211 0.0208377
29.7236 0.0204864
29.7261 0.0201429
29.7286 0.019807
29.7311 0.0194784
29.7336 0.0191571
29.7361 0.0188428
29.7386 0.0185354
29.7411 0.0182347
29.7436 0.0179406
29.7461 0.0176529
29.7486 0.0173715
29.7511 0.0170962
29.7536 0.016827
29.7561 0.0165635
29.7586 0.0163058
29.7611 0.0160537
29.7636 0.015807
29.7661 0.0155657
29.7686 0.0153295
29.7711 0.0150985
29.7736 0.0148725
29.7761 0.0146513
29.7786 0.0144349
29.7811 0.0142231
29.7836 0.0140159
29.7861 0.0138131
29.7886 0.0136146
29.7911 0.0134205
29.7936 0.0132304
29.7961 0.0130444
29.7986 0.0128624
29.8012 0.0126843
29.8037 0.0125099
29.8062 0.0123393
29.8087 0.0121723
29.8112 0.0120089
29.8137 0.0118489
29.8162 0.0116923
29.8187 0.0115391
29.8212 0.0113891
29.8237 0.0112422
29.8262 0.0110985
29.8287 0.0109579
29.8312 0.0108202
29.8337 0.0106854
29.8362 0.0105535
29.8387 0.0104243
29.8412 0.0102979
29.8437 0.0101742
29.8462 0.0100531
29.8487 0.00993455
29.8512 0.00981852
29.8537 0.00970494
29.8562 0.00959377
29.8587 0.00948496
29.8612 0.00937845
29.8637 0.0092742
29.8662 0.00917217
29.8687 0.00907231
29.8712 0.00897457
29.8737 0.00887891
29.8762 0.0087853
29.8787 0.00869368
29.8812 0.00860403
29.8837 0.00851629
29.8862 0.00843044
29.8887 0.00834643
29.8912 0.00826423
29.8937 0.00818381
29.8962 0.00810513
29.8987 0.00802815
29.9012 0.00795285
29.9037 0.00787919
29.9062 0.00780714
29.9087 0.00773668
29.9112 0.00766776
29.9137 0.00760037
29.9162 0.00753447
29.9187 0.00747004
29.9212 0.00740706
29.9237 0.00734548
29.9262 0.0072853
29.9287 0.00722648
29.9312 0.007169
29.9337 0.00711284
29.9362 0.00705797
29.9387 0.00700438
29.9412 0.00695204
29.9437 0.00690092
29.9462 0.00685102
29.9487 0.0068023
29.9512 0.00675476
29.9537 0.00670836
29.9562 0.0066631
29.9587 0.00661895
29.9612 0.00657589
29.9637 0.00653392
29.9662 0.006493
29.9687 0.00645314
29.9712 0.0064143
29.9737 0.00637648
29.9762 0.00633966
29.9787 0.00630383
29.9812 0.00626897
29.9837 0.00623507
29.9862 0.00620211
29.9887 0.00617009
29.9912 0.00613898
29.9937 0.00610878
29.9962 0.00607948
29.9987 0.00605107
30.0013 0.00602352
30.0038 0.00599684
30.0063 0.00597101
30.0088 0.00594603
30.0113 0.00592187
30.0138 0.00589854
30.0163 0.00587603
30.0188 0.00585431
30.0213 0.0058334
30.0238 0.00581327
30.0263 0.00579393
30.0288 0.00577535
30.0313 0.00575754
30.0338 0.0057405
30.0363 0.0057242
30.0388 0.00570864
30.0413 0.00569383
30.0438 0.00567975
30.0463 0.00566639
30.0488 0.00565376
30.0513 0.00564184
30.0538 0.00563063
30.0563 0.00562013
30.0588 0.00561034
30.0613 0.00560124
30.0638 0.00559283
30.0663 0.00558511
30.0688 0.00557808
30.0713 0.00557173
30.0738 0.00556606
30.0763 0.00556107
30.0788 0.00555675
30.0813 0.0055531
30.0838 0.00555013
30.0863 0.00554782
30.0888 0.00554617
30.0913 0.00554519
30.0938 0.00554487
30.0963 0.00554521
30.0988 0.00554621
30.1013 0.00554787
30.1038 0.0055502
30.1063 0.00555317
30.1088 0.00555681
30.1113 0.0055611
30.1138 0.00556606
30.1163 0.00557167
30.1188 0.00557794
30.1213 0.00558487
30.1238 0.00559247
30.1263 0.00560072
30.1288 0.00560964
30.1313 0.00561923
30.1338 0.00562948
30.1363 0.0056404
30.1388 0.00565199
30.1413 0.00566426
30.1438 0.00567721
30.1463 0.00569083
30.1488 0.00570513
30.1513 0.00572013
30.1538 0.00573581
30.1563 0.00575218
30.1588 0.00576925
30.1613 0.00578701
30.1638 0.00580549
30.1663 0.00582467
30.1688 0.00584457
30.1713 0.00586518
30.1738 0.00588652
30.1763 0.00590858
30.1788 0.00593138
30.1813 0.00595492
30.1838 0.0059792
30.1863 0.00600424
30.1888 0.00603003
30.1913 0.00605658
30.1938 0.00608391
30.1963 0.00611201
30.1988 0.0061409
30.2014 0.00617058
30.2039 0.00620106
30.2064 0.00623234
30.2089 0.00626444
30.2114 0.00629737
30.2139 0.00633112
30.2164 0.00636572
30.2189 0.00640116
30.2214 0.00643746
30.2239 0.00647463
30.2264 0.00651268
30.2289 0.00655161
30.2314 0.00659144
30.2339 0.00663218
30.2364 0.00667383
30.2389 0.00671641
30.2414 0.00675994
30.2439 0.00680441
30.2464 0.00684984
30.2489 0.00689625
30.2514 0.00694364
30.2539 0.00699203
30.2564 0.00704143
30.2589 0.00709186
30.2614 0.00714332
30.2639 0.00719583
30.2664 0.0072494
30.2689 0.00730406
30.2714 0.0073598
30.2739 0.00741664
30.2764 0.00747461
30.2789 0.00753372
30.2814 0.00759397
30.2839 0.00765539
30.2864 0.00771799
30.2889 0.00778179
30.2914 0.0078468
30.2939 0.00791304
30.2964 0.00798054
30.2989 0.00804929
30.3014 0.00811933
30.3039 0.00819068
30.3064 0.00826334
30.3089 0.00833733
30.3114 0.00841269
30.3139 0.00848942
30.3164 0.00856754
30.3189 0.00864708
30.3214 0.00872806
30.3239 0.00881049
30.3264 0.00889439
30.3289 0.0089798
30.3314 0.00906672
30.3339 0.00915518
30.3364 0.00924521
30.3389 0.00933682
30.3414 0.00943003
30.3439 0.00952488
30.3464 0.00962138
30.3489 0.00971956
30.3514 0.00981945
30.3539 0.00992105
30.3564 0.0100244
30.3589 0.0101295
30.3614 0.0102365
30.3639 0.0103453
30.3664 0.0104559
30.3689 0.0105684
30.3714 0.0106828
30.3739 0.0107991
30.3764 0.0109174
30.3789 0.0110377
30.3814 0.01116
30.3839 0.0112844
30.3864 0.0114108
30.3889 0.0115393
30.3914 0.01167
30.3939 0.0118028
30.3964 0.0119379
30.3989 0.0120751
30.4015 0.0122146
30.404 0.0123564
30.4065 0.0125005
30.409 0.012647
30.4115 0.0127958
30.414 0.0129471
30.4165 0.0131008
30.419 0.0132569
30.4215 0.0134156
30.424 0.0135768
30.4265 0.0137407
30.429 0.0139071
30.4315 0.0140762
30.434 0.0142479
30.4365 0.0144224
30.439 0.0145996
30.4415 0.0147796
30.444 0.0149625
30.4465 0.0151481
30.449 0.0153367
30.4515 0.0155282
30.454 0.0157227
30.4565 0.0159202
30.459 0.0161207
30.4615 0.0163243
30.464 0.016531
30.4665 0.0167408
30.469 0.0169539
30.4715 0.0171701
30.474 0.0173896
30.4765 0.0176124
30.479 0.0178385
30.4815 0.018068
30.484 0.0183009
30.4865 0.0185373
30.489 0.0187771
30.4915 0.0190204
30.494 0.0192673
30.4965 0.0195177
30.499 0.0197718
30.5015 0.0200295
30.504 0.0202909
30.5065 0.020556
30.509 0.0208249
30.5115 0.0210976
30.514 0.0213741
30.5165 0.0216545
30.519 0.0219388
30.5215 0.0222269
30.524 0.0225191
30.5265 0.0228152
30.529 0.0231154
30.5315 0.0234196
30.534 0.0237278
30.5365 0.0240402
30.539 0.0243567
30.5415 0.0246774
30.544 0.0250022
30.5465 0.0253313
30.549 0.0256646
30.5515 0.0260021
30.554 0.026344
30.5565 0.0266901
30.559 0.0270405
30.5615 0.0273953
30.564 0.0277545
30.5665 0.028118
30.569 0.0284859
30.5715 0.0288581
30.574 0.0292348
30.5765 0.029616
30.579 0.0300015
30.5815 0.0303915
30.584 0.0307859
30.5865 0.0311847
30.589 0.031588
30.5915 0.0319958
30.594 0.0324079
30.5965 0.0328245
30.599 0.0332455
30.6016 0.033671
30.6041 0.0341008
30.6066 0.034535
30.6091 0.0349736
30.6116 0.0354166
30.6141 0.0358638
30.6166 0.0363154
30.6191 0.0367713
30.6216 0.0372313
30.6241 0.0376957
30.6266 0.0381641
30.6291 0.0386368
30.6316 0.0391135
30.6341 0.0395942
30.6366 0.040079
30.6391 0.0405677
30.6416 0.0410603
30.6441 0.0415568
30.6466 0.042057
30.6491 0.0425609
30.6516 0.0430684
30.6541 0.0435795
30.6566 0.0440941
30.6591 0.0446121
30.6616 0.0451334
30.6641 0.0456579
30.6666 0.0461856
30.6691 0.0467163
30.6716 0.0472499
30.6741 0.0477864
30.6766 0.0483256
30.6791 0.0488674
30.6816 0.0494116
30.6841 0.0499582
30.6866 0.0505071
30.6891 0.051058
30.6916 0.0516109
30.6941 0.0521656
30.6966 0.052722
30.6991 0.0532798
30.7016 0.0538391
30.7041 0.0543995
30.7066 0.054961
30.7091 0.0555233
30.7116 0.0560863
30.7141 0.0566499
30.7166 0.0572137
30.7191 0.0577776
30.7216 0.0583415
30.7241 0.0589052
30.7266 0.0594683
30.7291 0.0600308
30.7316 0.0605923
30.7341 0.0611528
30.7366 0.0617119
30.7391 0.0622694
30.7416 0.0628252
30.7441 0.0633789
30.7466 0.0639303
30.7491 0.0644792
30.7516 0.0650253
30.7541 0.0655684
30.7566 0.0661082
30.7591 0.0666444
30.7616 0.0671769
30.7641 0.0677052
30.7666 0.0682292
30.7691 0.0687485
30.7716 0.069263
30.7741 0.0697722
30.7766 0.070276
30.7791 0.0707739
30.7816 0.0712658
30.7841 0.0717514
30.7866 0.0722303
30.7891 0.0727022
30.7916 0.0731669
30.7941 0.073624
30.7966 0.0740733
30.7991 0.0745144
30.8017 0.074947
30.8042 0.0753709
30.8067 0.0757857
30.8092 0.0761911
30.8117 0.0765868
30.8142 0.0769725
30.8167 0.0773479
30.8192 0.0777127
30.8217 0.0780666
30.8242 0.0784092
30.8267 0.0787404
30.8292 0.0790598
30.8317 0.079367
30.8342 0.0796619
30.8367 0.0799441
30.8392 0.0802133
30.8417 0.0804693
30.8442 0.0807118
30.8467 0.0809405
30.8492 0.0811551
30.8517 0.0813554
30.8542 0.0815411
30.8567 0.081712
30.8592 0.0818678
30.8617 0.0820083
30.8642 0.0821333
30.8667 0.0822425
30.8692 0.0823357
30.8717 0.0824128
30.8742 0.0824734
30.8767 0.0825175
30.8792 0.0825449
30.8817 0.0825554
30.8842 0.0825487
30.8867 0.0825248
30.8892 0.0824836
30.8917 0.0824249
30.8942 0.0823485
30.8967 0.0822545
30.8992 0.0821426
30.9017 0.0820128
30.9042 0.081865
30.9067 0.0816992
30.9092 0.0815153
30.9117 0.0813133
30.9142 0.0810932
30.9167 0.0808549
30.9192 0.0805985
30.9217 0.080324
30.9242 0.0800314
30.9267 0.0797208
30.9292 0.0793923
30.9317 0.0790458
30.9342 0.0786815
30.9367 0.0782996
30.9392 0.0779001
30.9417 0.0774831
30.9442 0.0770488
30.9467 0.0765975
30.9492 0.0761291
30.9517 0.075644
30.9542 0.0751424
30.9567 0.0746244
30.9592 0.0740904
30.9617 0.0735404
30.9642 0.0729749
30.9667 0.0723941
30.9692 0.0717983
30.9717 0.0711877
30.9742 0.0705627
30.9767 0.0699237
30.9792 0.0692709
30.9817 0.0686047
30.9842 0.0679255
30.9867 0.0672337
30.9892 0.0665296
30.9917 0.0658136
30.9942 0.0650862
30.9967 0.0643477
30.9992 0.0635986
31.0018 0.0628394
31.0043 0.0620704
31.0068 0.0612921
31.0093 0.060505
31.0118 0.0597095
31.0143 0.0589062
31.0168 0.0580954
31.0193 0.0572777
31.0218 0.0564536
31.0243 0.0556235
31.0268 0.054788
31.0293 0.0539475
31.0318 0.0531026
31.0343 0.0522537
31.0368 0.0514014
31.0393 0.0505461
31.0418 0.0496884
31.0443 0.0488288
31.0468 0.0479678
31.0493 0.0471058
31.0518 0.0462434
31.0543 0.045381
31.0568 0.0445192
31.0593 0.0436585
31.0618 0.0427993
31.0643 0.0419421
31.0668 0.0410873
31.0693 0.0402355
31.0718 0.0393871
31.0743 0.0385425
31.0768 0.0377022
31.0793 0.0368666
31.0818 0.0360362
31.0843 0.0352113
31.0868 0.0343923
31.0893 0.0335797
31.0918 0.0327738
31.0943 0.0319751
31.0968 0.0311837
31.0993 0.0304002
31.1018 0.0296248
31.1043 0.0288579
31.1068 0.0280997
31.1093 0.0273506
31.1118 0.0266109
31.1143 0.0258807
31.1168 0.0251605
31.1193 0.0244503
31.1218 0.0237505
31.1243 0.0230612
31.1268 0.0223827
31.1293 0.0217151
31.1318 0.0210586
31.1343 0.0204134
31.1368 0.0197796
31.1393 0.0191573
31.1418 0.0185466
31.1443 0.0179477
31.1468 0.0173606
31.1493 0.0167854
31.1518 0.0162222
31.1543 0.015671
31.1568 0.0151318
31.1593 0.0146046
31.1618 0.0140895
31.1643 0.0135865
31.1668 0.0130955
31.1693 0.0126165
31.1718 0.0121495
31.1743 0.0116944
31.1768 0.0112511
31.1793 0.0108196
31.1818 0.0103998
31.1843 0.00999163
31.1868 0.00959491
31.1893 0.00920957
31.1918 0.00883549
31.1943 0.00847254
31.1968 0.00812058
31.1993 0.00777946
31.2019 0.00744905
31.2044 0.00712917
31.2069 0.00681967
31.2094 0.00652038
31.2119 0.00623112
31.2144 0.00595172
31.2169 0.00568198
31.2194 0.00542173
31.2219 0.00517078
31.2244 0.00492892
31.2269 0.00469597
31.2294 0.00447172
31.2319 0.00425597
31.2344 0.00404852
31.2369 0.00384917
31.2394 0.0036577
31.2419 0.00347393
31.2444 0.00329763
31.2469 0.00312861
31.2494 0.00296666
31.2519 0.00281158
31.2544 0.00266316
31.2569 0.0025212
31.2594 0.0023855
31.2619 0.00225587
31.2644 0.0021321
31.2669 0.002014
31.2694 0.00190138
31.2719 0.00179406
31.2744 0.00169184
31.2769 0.00159454
31.2794 0.00150198
31.2819 0.00141398
31.2844 0.00133038
31.2869 0.001251
31.2894 0.00117567
31.2919 0.00110423
31.2944 0.00103653
31.2969 0.000972409
31.2994 0.000911715
31.3019 0.000854302
31.3044 0.000800027
31.3069 0.000748751
31.3094 0.000700341
31.3119 0.000654664
31.3144 0.000611595
31.3169 0.000571011
31.3194 0.000532793
31.3219 0.000496827
31.3244 0.000463003
31.3269 0.000431214
31.3294 0.000401356
31.3319 0.000373332
31.3344 0.000347046
31.3369 0.000322406
31.3394 0.000299326
31.3419 0.000277721
31.3444 0.00025751
31.3469 0.000238616
31.3494 0.000220965
31.3519 0.000204487
31.3544 0.000189115
31.3569 0.000174783
31.3594 0.000161432
31.3619 0.000149001
31.3644 0.000137437
31.3669 0.000126685
31.3694 0.000116697
31.3719 0.000107423
31.3744 9.88202e-05
31.3769 9.08443e-05
31.3794 8.34553e-05
31.3819 7.66148e-05
31.3844 7.02867e-05
31.3869 6.44368e-05
31.3894 5.90328e-05
31.3919 5.40443e-05
31.3944 4.94429e-05
31.3969 4.52014e-05
31.3994 4.12947e-05
31.402 3.7699e-05
31.4045 3.43919e-05
31.407 3.13525e-05
31.4095 2.85612e-05
31.412 2.59997e-05
31.4145 2.36508e-05
31.417 2.14985e-05
31.4195 1.95279e-05
31.422 1.77249e-05
31.4245 1.60765e-05
31.427 1.45707e-05
31.4295 1.31961e-05
31.432 1.19424e-05
31.4345 1.07997e-05
31.437 9.75895e-06
31.4395 8.81189e-06
31.442 7.95073e-06
31.4445 7.16828e-06
31.447 6.45791e-06
31.4495 5.81348e-06
31.452 5.22934e-06
31.4545 4.70027e-06
31.457 4.22145e-06
31.4595 3.78846e-06
31.462 3.39723e-06
31.4645 3.04402e-06
31.467 2.72538e-06
31.4695 2.43817e-06
31.472 2.1795e-06
31.4745 1.94672e-06
31.477 1.73741e-06
31.4795 1.54936e-06
31.482 1.38055e-06
31.4845 1.22914e-06
31.487 1.09345e-06
31.4895 9.71944e-07
31.492 8.63233e-07
31.4945 7.66052e-07
31.497 6.79251e-07
31.4995 6.01787e-07
