0 -4.82384
0.1 -3.57592
0.2 -2.89719
0.3 -2.97071
0.4 -3.68258
0.5 -2.16027
0.6 -3.6659
0.7 -3.40226
0.8 -3.68195
0.9 -3.48704
1 -3.60844
1.1 -3.64297
1.2 -1.75008
1.3 -3.65328
1.4 -1.84255
1.5 -3.69237
1.6 -3.68975
1.7 -3.32284
1.8 -3.67811
1.9 -3.68917
2 -3.69241
2.1 -3.6924
2.2 -3.02828
2.3 -3.53736
2.4 -2.92593
2.5 -3.24385
2.6 -3.41532
2.7 -3.28294
2.8 -2.91693
2.9 -3.63068
3 -3.67949
3.1 -3.54629
3.2 -3.68514
3.3 -2.98217
3.4 -3.6884
3.5 -3.67633
3.6 -1.37623
3.7 -3.07805
3.8 -3.3167
3.9 -3.61824
4 -3.64392
4.1 -3.53358
4.2 -3.30224
4.3 -3.39472
4.4 -3.59227
4.5 -3.68882
4.6 -3.00443
4.7 -1.57411
4.8 -3.5016
4.9 -3.51863
5 -3.64082
5.1 -3.68319
5.2 -3.5911
5.3 -3.29077
5.4 -3.68903
5.5 -3.56585
5.6 -2.38291
5.7 -3.48332
5.8 -3.66292
5.9 -3.53458
6 -2.17447
6.1 -3.61757
6.2 -3.67851
6.3 -3.60089
6.4 -3.29231
6.5 -3.68407
6.6 -2.76208
6.7 -3.68135
6.8 -3.6825
6.9 -3.69227
7 -3.45283
7.1 -3.6355
7.2 -3.6858
7.3 -3.48167
7.4 -3.51375
7.5 -3.45011
7.6 -3.436
7.7 -2.65378
7.8 -2.78388
7.9 -3.35604
8 -2.95845
8.1 -3.52872
8.2 -1.16732
8.3 -3.95523
8.4 -5.26051
8.5 -5.11035
8.6 -4.94179
8.7 -4.74849
8.8 -5.18598
8.9 -4.79873
9 -5.11371
9.1 -4.24764
9.2 -4.51977
9.3 -4.20746
9.4 -5.23818
9.5 -4.89987
9.6 -4.96643
9.7 -5.26018
9.8 -3.64689
9.9 -5.25615
10 -5.07552
10.1 -4.56475
10.2 -2.55437
10.3 -4.98588
10.4 -4.12239
10.5 -4.97661
10.6 -5.04352
10.7 -4.44509
10.8 -4.77288
10.9 -5.03573
11 -3.0696
11.1 -5.25366
11.2 -5.115
11.3 -5.19726
11.4 -5.03956
11.5 -5.09691
11.6 -4.49796
11.7 -4.43484
11.8 -5.11019
11.9 -4.56473
12 -4.75781
12.1 -4.48271
12.2 -4.66754
12.3 -5.24687
12.4 -5.24771
12.5 -5.15405
12.6 -5.07292
12.7 -4.90107
12.8 -5.20153
12.9 -3.40676
13 -5.01008
13.1 -5.25784
13.2 -5.15128
13.3 -5.11039
13.4 -5.24752
13.5 -4.63685
13.6 -5.07976
13.7 -3.92236
13.8 -5.1298
13.9 -3.3689
14 -5.25896
14.1 -4.53055
14.2 -4.81516
14.3 -5.12843
14.4 -4.82921
14.5 -4.97885
14.6 -5.1434
14.7 -3.35607
14.8 -1.40134
14.9 -4.3622
15 -4.4728
15.1 -1.87798
15.2 -4.49198
15.3 -5.17655
15.4 -5.08649
15.5 -4.76508
15.6 -4.9169
15.7 -4.99319
15.8 -3.37776
15.9 -5.05669
16 -5.21016
16.1 -5.25809
16.2 -5.25866
16.3 -5.19709
16.4 -5.25636
16.5 -2.80243
16.6 -4.28031
16.7 -5.1783
16.8 -5.17225
16.9 -4.78146
17 -5.20036
17.1 -5.25238
17.2 -4.90868
17.3 -5.21119
17.4 -5.12205
17.5 -4.18004
17.6 -5.21906
17.7 -4.79266
17.8 -5.25936
17.9 -3.90603
18 -2.6041
18.1 -5.20871
18.2 -5.24644
18.3 -4.59158
18.4 -5.25427
18.5 -4.69042
18.6 -5.23986
18.7 -5.25268
18.8 -4.35985
18.9 -4.90758
19 -5.25378
19.1 -5.22106
19.2 -4.86364
19.3 -4.6629
19.4 -4.97039
19.5 -5.23659
19.6 -5.18688
19.7 -4.78971
19.8 -2.15981
19.9 -1.88951
20 -0.375202
20.1 -5.17074
20.2 -4.50913
20.3 -5.1533
20.4 -5.2371
20.5 -5.25076
20.6 -5.25429
20.7 -5.25892
20.8 -5.17617
20.9 -5.25889
21 -5.1026
21.1 -4.87658
21.2 -5.05819
21.3 -5.2472
21.4 -5.16412
21.5 -5.20978
21.6 -4.92536
21.7 -5.20611
21.8 -4.64937
21.9 -4.59321
22 -1.56303
22.1 -5.25207
22.2 -4.97226
22.3 -3.98836
22.4 -5.16678
22.5 -5.11533
22.6 -5.01777
22.7 -5.06098
22.8 -3.54874
22.9 -4.52044
23 -5.02651
23.1 -5.23163
23.2 -5.23524
23.3 -5.07054
23.4 -5.17807
23.5 -5.01036
23.6 -5.23617
23.7 -4.3675
23.8 -5.24951
23.9 -5.24934
24 -5.22675
24.1 -4.73722
24.2 -4.42409
24.3 -3.38541
24.4 -4.91663
24.5 -5.25586
24.6 -5.14952
24.7 -5.23412
24.8 -5.23198
24.9 -5.25654
25 -4.24903
25.1 -5.18481
25.2 -5.04838
25.3 -4.38386
25.4 -5.24759
25.5 -5.22515
25.6 -5.18998
25.7 -4.9178
25.8 -4.65969
25.9 -5.24079
26 -4.26238
26.1 -5.19033
26.2 -5.25674
26.3 -5.06702
26.4 -5.06711
26.5 -4.57039
26.6 -5.23684
26.7 -5.25845
26.8 -5.24911
26.9 -5.23593
27 -4.89182
27.1 -1.12342
27.2 -3.90622
27.3 -4.37635
27.4 -4.98472
27.5 -5.25389
27.6 -5.22043
27.7 -5.1328
27.8 -5.09425
27.9 -4.92716
28 -5.20167
28.1 -5.0946
28.2 -4.80474
28.3 -4.89522
28.4 -4.92322
28.5 -5.04123
28.6 -4.88342
28.7 -4.88931
28.8 -5.2268
28.9 -5.258
29 -3.60669
29.1 -4.72252
29.2 -5.11981
29.3 -5.06816
29.4 -4.96728
29.5 -5.00972
29.6 -2.2125
29.7 -5.25101
29.8 -5.19224
29.9 -4.05117
30 -5.25443
30.1 -5.23341
30.2 -5.0807
30.3 -5.21531
30.4 -5.20902
30.5 -5.11389
30.6 -5.24267
30.7 -4.97189
30.8 -3.91811
30.9 -1.69851
31 -5.06683
31.1 -4.80444
31.2 -5.24484
31.3 -4.93235
31.4 -4.93396
31.5 -4.97625
31.6 -3.92814
31.7 -5.13121
31.8 -5.19095
31.9 -4.13209
32 -5.24509
32.1 -4.93123
32.2 -4.94787
32.3 -5.13839
32.4 -3.25178
32.5 -4.80063
32.6 -5.20761
32.7 -4.25716
32.8 -5.07636
32.9 -4.64413
33 -3.32267
33.1 -5.06452
33.2 -4.99957
33.3 -5.25651
33.4 -5.174
33.5 -4.96197
33.6 -4.99914
33.7 -5.07591
33.8 -5.15959
33.9 -5.03127
34 -5.25162
34.1 -4.58117
34.2 -5.25458
34.3 -5.01803
34.4 -4.64579
34.5 -5.23585
34.6 -5.06591
34.7 -4.93107
34.8 -5.23049
34.9 -5.23267
35 -4.39432
35.1 -5.24383
35.2 -4.29401
35.3 -4.58646
35.4 -2.9757
35.5 -5.25317
35.6 -5.25636
35.7 -5.2522
35.8 -5.25091
35.9 -4.98626
36 -5.24753
36.1 -3.99359
36.2 -5.22515
36.3 -5.22318
36.4 -5.22977
36.5 -4.30074
36.6 -5.11538
36.7 -5.15123
36.8 -5.13406
36.9 -5.01722
37 -4.76086
37.1 -4.46745
37.2 -4.14324
37.3 -5.24055
37.4 -4.46707
37.5 -4.63239
37.6 -5.18212
37.7 -4.81396
37.8 -5.00111
37.9 -4.2684
38 -4.89468
38.1 -5.01109
38.2 -5.07478
38.3 -4.7281
38.4 -4.76109
38.5 -4.14845
38.6 -5.08771
38.7 -4.55439
38.8 -5.14706
38.9 -4.79109
39 -5.25396
39.1 -5.24492
39.2 -4.62014
39.3 -3.14679
39.4 -3.41493
39.5 -4.65001
39.6 -4.81327
39.7 -4.94388
39.8 -3.60233
39.9 -3.53949
40 -5.0098
40.1 -4.13942
40.2 -3.33167
40.3 -5.1431
40.4 -5.21233
40.5 -4.81313
40.6 -5.2019
40.7 -5.07842
40.8 -4.7281
40.9 -3.45501
41 -5.23422
41.1 -1.8428
41.2 -5.17503
41.3 -5.0699
41.4 -3.83107
41.5 -5.1836
41.6 -4.76369
41.7 -4.22099
41.8 -5.09837
41.9 -4.80623
42 -5.16815
42.1 -5.24797
42.2 -0.319728
42.3 -0.115206
42.4 -3.32514
42.5 -2.81578
42.6 -5.11936
42.7 -4.82215
42.8 -5.22984
42.9 -5.10203
43 -5.14638
43.1 -4.39249
43.2 -4.8115
43.3 -4.22579
43.4 -5.12976
43.5 -5.24687
43.6 -4.97023
43.7 -4.79983
43.8 -3.34042
43.9 -4.19989
44 -4.98151
44.1 -5.22451
44.2 -5.25654
44.3 -5.22753
44.4 -4.85317
44.5 -4.61987
44.6 -5.24171
44.7 -3.60576
44.8 -3.8466
44.9 -4.75546
45 -0.0594346
45.1 -5.13655
45.2 -5.25548
45.3 -4.89359
45.4 -5.25642
45.5 -5.17605
45.6 -4.02938
45.7 -4.9744
45.8 -5.24956
45.9 -3.37591
46 -5.13659
46.1 -3.02124
46.2 -3.54222
46.3 -5.23918
46.4 -5.01523
46.5 -3.82346
46.6 -5.256
46.7 -4.13132
46.8 -4.2796
46.9 -4.92404
47 -5.17424
47.1 -5.25073
47.2 -4.12232
47.3 -5.19543
47.4 -4.9745
47.5 -5.22228
47.6 -2.80432
47.7 -5.16447
47.8 -3.63094
47.9 -4.29154
48 -5.25554
48.1 -5.23783
48.2 -5.09706
48.3 -3.06737
48.4 -4.90642
48.5 -5.20035
48.6 -5.18604
48.7 -4.59017
48.8 -5.13486
48.9 -5.15374
49 -5.07471
49.1 -3.99813
49.2 -5.24631
49.3 -4.11062
49.4 -4.6105
49.5 -3.1644
49.6 -4.86618
49.7 -4.85765
49.8 -4.55652
49.9 -4.7663
50 -4.90161
50.1 -4.60782
50.2 -4.00393
50.3 -5.01102
50.4 -5.22272
50.5 -5.25561
50.6 -4.70468
50.7 -4.55261
50.8 -1.10155
50.9 -3.80559
51 -5.22224
51.1 -5.24664
51.2 -4.91155
51.3 -4.54062
51.4 -3.48158
51.5 -5.07331
51.6 -5.2398
51.7 -5.12627
51.8 -5.2202
51.9 -4.97566
52 -4.95338
52.1 -5.11068
52.2 -5.23408
52.3 -4.47858
52.4 -5.1492
52.5 -3.52492
52.6 -5.15364
52.7 -3.1426
52.8 -4.74441
52.9 -4.21276
53 -4.4312
53.1 -5.05352
53.2 -5.08304
53.3 -4.96941
53.4 -5.25521
53.5 -5.19069
53.6 -5.25545
53.7 -4.2012
53.8 -5.24741
53.9 -5.18583
54 -5.09649
54.1 -3.55163
54.2 -4.70768
54.3 -3.30228
54.4 -3.98812
54.5 -0.634925
54.6 -3.26742
54.7 -0.1263
54.8 -5.21108
54.9 -4.40965
55 -4.97576
55.1 -4.91655
55.2 -5.2478
55.3 -5.00506
55.4 -4.72919
55.5 -4.99874
55.6 -5.11797
55.7 -4.63936
55.8 -4.93841
55.9 -5.25041
56 -3.12744
56.1 -5.24118
56.2 -5.25459
56.3 -4.90472
56.4 -4.87025
56.5 -3.72769
56.6 -4.87408
56.7 -3.51684
56.8 -4.78165
56.9 -3.61714
57 -4.84336
57.1 -4.57785
57.2 -5.25466
57.3 -4.99103
57.4 -5.18697
57.5 -5.24346
57.6 -4.95658
57.7 -5.25289
57.8 -5.18997
57.9 -5.12989
58 -5.14364
58.1 -2.51971
58.2 -5.24936
58.3 -5.24213
58.4 -5.24355
58.5 -4.5845
58.6 -5.22595
58.7 -4.9127
58.8 -5.16446
58.9 -4.8006
59 -5.15028
59.1 -5.20915
59.2 -5.0023
59.3 -4.17869
59.4 -4.947
59.5 -1.52665
59.6 -4.29974
59.7 -5.13819
59.8 -5.14445
59.9 -5.17918
60 -4.57108
60.1 -5.1856
60.2 -5.24527
60.3 -5.23656
60.4 -4.80168
60.5 -5.13936
60.6 -5.24578
60.7 -5.21109
60.8 -4.18156
60.9 -2.72717
61 -5.22507
61.1 -3.5999
61.2 -5.16968
61.3 -4.89074
61.4 -4.43741
61.5 -4.8991
61.6 -4.59996
61.7 -4.38106
61.8 -5.2537
61.9 -4.8267
62 -4.34509
62.1 -5.14283
62.2 -5.18849
62.3 -4.93953
62.4 -3.84962
62.5 -4.13464
62.6 -5.17667
62.7 -5.12254
62.8 -5.20452
62.9 -5.19413
63 -5.04365
63.1 -3.90949
63.2 -4.65207
63.3 -5.24893
63.4 -5.11296
63.5 -4.87296
63.6 -1.58057
63.7 -4.88704
63.8 -4.28634
63.9 -4.62681
64 -5.13555
64.1 -5.24278
64.2 -5.25347
64.3 -5.08373
64.4 -4.8874
64.5 -4.56371
64.6 -5.25306
64.7 -4.57426
64.8 -5.02182
64.9 -5.20017
65 -5.13667
65.1 -5.08981
65.2 -5.01143
65.3 -3.47217
65.4 -3.44132
65.5 -5.16875
65.6 -5.2146
65.7 -5.25374
65.8 -5.21919
65.9 -4.91197
66 -5.2339
66.1 -5.22204
66.2 -2.82223
66.3 -4.46362
66.4 -4.86137
66.5 -0.100331
66.6 -1.34057
66.7 -3.67945
66.8 -2.32109
66.9 -2.85561
67 -3.69925
67.1 -3.69478
67.2 -3.58281
67.3 -3.67
67.4 -2.80531
67.5 -3.44197
67.6 -3.39954
67.7 -3.62003
67.8 -3.31171
67.9 -3.69893
68 -3.70062
68.1 -1.27619
68.2 -3.61266
68.3 -0.954417
68.4 -3.4546
68.5 -0.443337
68.6 -3.69253
68.7 -3.62567
68.8 -3.28134
68.9 -3.67981
69 -3.59166
69.1 -3.09032
69.2 -3.20788
69.3 -3.60467
69.4 -3.43166
69.5 -3.68473
69.6 -2.08223
69.7 -3.6873
69.8 -3.69319
69.9 -3.53297
70 -3.35026
70.1 -3.07081
70.2 -0.379498
70.3 -3.62231
70.4 -3.70113
70.5 -3.48854
70.6 -0.424524
70.7 -3.21389
70.8 -1.44332
70.9 -3.12361
71 -3.69352
71.1 -3.14371
71.2 -3.70119
71.3 -3.70044
71.4 -3.24466
71.5 -3.38399
71.6 -3.6989
71.7 -3.62031
71.8 -3.69016
71.9 -3.52434
72 -3.28547
72.1 -3.0911
72.2 -3.59624
72.3 -3.42426
72.4 -2.18577
72.5 -3.13608
72.6 -3.69604
72.7 -3.70201
72.8 -3.65748
72.9 -3.53349
73 -2.97883
73.1 -3.51127
73.2 -1.34434
73.3 -3.66585
73.4 -3.61476
73.5 -3.36492
73.6 -3.22472
73.7 -2.96155
73.8 -3.6726
73.9 -2.79938
74 -2.02166
74.1 -3.69828
74.2 -3.28831
74.3 -3.64017
74.4 -3.15339
74.5 -2.86381
74.6 -2.8595
74.7 -3.26522
74.8 -3.69408
74.9 -3.55431
75 -3.66683
75.1 -3.64789
75.2 -2.80726
75.3 -3.66368
75.4 -2.12396
75.5 -3.5402
75.6 -3.68256
75.7 -3.64029
75.8 -2.8252
75.9 -3.69253
76 -3.68906
76.1 -2.9619
76.2 -3.64803
76.3 -3.6537
76.4 -3.69799
76.5 -3.6903
76.6 -3.70149
76.7 -2.12565
76.8 -3.03265
76.9 -3.54449
77 -3.50268
77.1 -3.05341
77.2 -3.24416
77.3 -2.98296
77.4 -3.70206
77.5 -3.29916
77.6 -3.7024
77.7 -3.58682
77.8 -3.61104
77.9 -3.41441
78 -3.53012
78.1 -3.39523
78.2 -3.67961
78.3 -3.62127
78.4 -3.15223
78.5 -1.36774
78.6 -3.67471
78.7 -3.25113
78.8 -3.23726
78.9 -3.53542
79 -3.35887
79.1 -3.14488
79.2 -2.71913
79.3 -2.28806
79.4 -3.6985
79.5 -3.20227
79.6 -3.64717
79.7 -3.16393
79.8 -3.6988
79.9 -3.46317
80 -2.8544
80.1 -3.64866
80.2 -3.67959
80.3 -2.91688
80.4 -3.50218
80.5 -2.49409
80.6 -3.69464
80.7 -3.63239
80.8 -3.59933
80.9 -3.44695
81 -3.68686
81.1 -3.68264
81.2 -2.67009
81.3 -3.20284
81.4 -3.63114
81.5 -3.26675
81.6 -2.85991
81.7 -3.68821
81.8 -3.56037
81.9 -3.6092
82 -2.85004
82.1 -3.54174
82.2 -2.67565
82.3 -3.07106
82.4 -2.96674
82.5 -3.70252
82.6 -1.89029
82.7 -3.61392
82.8 -3.39609
82.9 -3.66066
83 -3.11819
83.1 -1.57542
83.2 -2.49761
83.3 -2.66575
83.4 -3.60224
83.5 -3.32765
83.6 -1.54525
83.7 -3.29261
83.8 -3.38717
83.9 -3.44425
84 -2.25265
84.1 -3.28191
84.2 -3.62483
84.3 -3.37664
84.4 -3.62115
84.5 -3.61744
84.6 -2.71718
84.7 -1.60128
84.8 -3.67993
84.9 -3.57029
85 -2.4359
85.1 -3.70259
85.2 -3.64896
85.3 -3.37928
85.4 -3.43883
85.5 -3.31476
85.6 -3.68227
85.7 -2.92825
85.8 -3.04419
85.9 -3.65413
86 -3.37316
86.1 -3.68569
86.2 -3.22813
86.3 -3.69115
86.4 -1.34753
86.5 -2.54854
86.6 -3.68971
86.7 -3.17289
86.8 -3.02682
86.9 -3.55933
87 -3.69431
87.1 -2.83666
87.2 -3.6469
87.3 -3.25888
87.4 -3.70268
87.5 -3.67821
87.6 -3.40586
87.7 -3.62685
87.8 -1.99875
87.9 -3.67652
88 -1.30966
88.1 -3.33301
88.2 -3.50294
88.3 -3.66885
88.4 -3.52658
88.5 -3.58025
88.6 -2.7165
88.7 -3.60029
88.8 -3.39491
88.9 -3.57996
89 -3.69992
89.1 -3.64305
89.2 -3.58142
89.3 -2.34451
89.4 -3.5358
89.5 -2.36671
89.6 -3.01068
89.7 -1.80004
89.8 -3.54799
89.9 -3.66924
90 -3.40107
90.1 -2.86428
90.2 -2.74412
90.3 -1.73528
90.4 -3.67964
90.5 -3.68119
90.6 -3.64379
90.7 -3.00013
90.8 -3.5115
90.9 -3.66889
91 -3.70253
91.1 -3.10765
91.2 -3.44577
91.3 -1.73257
91.4 -3.34823
91.5 -3.53675
91.6 -3.70217
91.7 -2.71248
91.8 -3.1029
91.9 -3.13122
92 -3.69883
92.1 -3.28648
92.2 -3.65895
92.3 -3.24751
92.4 -3.67645
92.5 -3.63805
92.6 -3.16331
92.7 -3.54609
92.8 -3.50364
92.9 -1.16822
93 -2.88364
93.1 -3.25672
93.2 -2.37592
93.3 -3.69706
93.4 -3.44
93.5 -2.84197
93.6 -3.45809
93.7 -3.697
93.8 -3.69946
93.9 -3.5431
94 -2.93668
94.1 -3.30918
94.2 -3.62199
94.3 -3.68065
94.4 -3.06212
94.5 -5.00237
94.6 -4.75209
94.7 -5.18342
94.8 -5.16726
94.9 -5.25259
95 -3.10091
95.1 -4.99323
95.2 -4.94518
95.3 -5.18879
95.4 -5.2531
95.5 -2.84903
95.6 -3.09835
95.7 -3.82677
95.8 -5.19031
95.9 -5.23879
96 -4.69875
96.1 -5.2306
96.2 -4.94202
96.3 -2.06976
96.4 -5.20897
96.5 -3.96453
96.6 -5.24172
96.7 -5.25317
96.8 -3.79452
96.9 -4.5466
97 -4.99784
97.1 -5.21109
97.2 -4.92932
97.3 -5.0346
97.4 -4.82233
97.5 -5.11905
97.6 -4.73239
97.7 -5.12522
97.8 -4.56873
97.9 -4.52185
98 -4.99521
98.1 -4.72841
98.2 -5.24164
98.3 -4.79088
98.4 -5.20373
98.5 -5.18689
98.6 -4.95075
98.7 -5.10155
98.8 -5.08065
98.9 -4.93898
99 -5.09385
99.1 -4.40388
99.2 -5.12728
99.3 -2.42041
99.4 -4.33034
99.5 -4.76746
99.6 -4.65715
99.7 -5.22243
99.8 -5.23146
99.9 -5.10687
100 -5.15385
100.001 -4.95334
