13.5 3.88437
13.5015 3.82223
13.503 3.76036
13.5045 3.69877
13.506 3.63745
13.5075 3.57641
13.509 3.51565
13.5105 3.45516
13.512 3.39495
13.5135 3.335
13.515 3.27533
13.5165 3.21594
13.518 3.15681
13.5195 3.09796
13.521 3.03937
13.5225 2.98105
13.524 2.92301
13.5255 2.86523
13.527 2.80772
13.5285 2.75047
13.53 2.69349
13.5315 2.63678
13.533 2.58033
13.5345 2.52415
13.536 2.46823
13.5375 2.41257
13.539 2.35718
13.5405 2.30204
13.542 2.24717
13.5435 2.19256
13.545 2.13821
13.5465 2.08412
13.548 2.03029
13.5495 1.97671
13.551 1.92339
13.5525 1.87033
13.554 1.81753
13.5555 1.76498
13.557 1.71268
13.5585 1.66064
13.56 1.60886
13.5615 1.55733
13.563 1.50604
13.5645 1.45502
13.566 1.40424
13.5675 1.35371
13.569 1.30343
13.5705 1.2534
13.572 1.20363
13.5735 1.15409
13.575 1.10481
13.5765 1.05577
13.578 1.00698
13.5795 0.958438
13.581 0.910139
13.5825 0.862083
13.584 0.814272
13.5855 0.766703
13.587 0.719377
13.5885 0.672293
13.59 0.625451
13.5915 0.578849
13.593 0.532488
13.5945 0.486366
13.596 0.440483
13.5975 0.394838
13.599 0.349431
13.6006 0.304261
13.6021 0.259328
13.6036 0.21463
13.6051 0.170168
13.6066 0.125941
13.6081 0.0819477
13.6096 0.038188
13.6111 -0.00533881
13.6126 -0.0486333
13.6141 -0.091696
13.6156 -0.134528
13.6171 -0.177129
13.6186 -0.2195
13.6201 -0.261642
13.6216 -0.303555
13.6231 -0.34524
13.6246 -0.386697
13.6261 -0.427928
13.6276 -0.468932
13.6291 -0.50971
13.6306 -0.550263
13.6321 -0.590592
13.6336 -0.630696
13.6351 -0.670577
13.6366 -0.710235
13.6381 -0.749671
13.6396 -0.788886
13.6411 -0.827879
13.6426 -0.866652
13.6441 -0.905205
13.6456 -0.943538
13.6471 -0.981653
13.6486 -1.01955
13.6501 -1.05723
13.6516 -1.09469
13.6531 -1.13194
13.6546 -1.16897
13.6561 -1.20578
13.6576 -1.24238
13.6591 -1.27877
13.6606 -1.31494
13.6621 -1.3509
13.6636 -1.38665
13.6651 -1.42218
13.6666 -1.45751
13.6681 -1.49262
13.6696 -1.52752
13.6711 -1.56222
13.6726 -1.5967
13.6741 -1.63098
13.6756 -1.66505
13.6771 -1.69891
13.6786 -1.73257
13.6801 -1.76602
13.6816 -1.79926
13.6831 -1.8323
13.6846 -1.86514
13.6861 -1.89777
13.6876 -1.93019
13.6891 -1.96242
13.6906 -1.99444
13.6921 -2.02626
13.6936 -2.05788
13.6951 -2.0893
13.6966 -2.12052
13.6981 -2.15155
13.6996 -2.18237
13.7011 -2.21299
13.7026 -2.24342
13.7041 -2.27365
13.7056 -2.30368
13.7071 -2.33352
13.7086 -2.36316
13.7101 -2.39261
13.7116 -2.42186
13.7131 -2.45092
13.7146 -2.47979
13.7161 -2.50846
13.7176 -2.53694
13.7191 -2.56523
13.7206 -2.59333
13.7221 -2.62124
13.7236 -2.64896
13.7251 -2.67649
13.7266 -2.70383
13.7281 -2.73099
13.7296 -2.75795
13.7311 -2.78473
13.7326 -2.81132
13.7341 -2.83773
13.7356 -2.86395
13.7371 -2.88998
13.7386 -2.91584
13.7401 -2.9415
13.7416 -2.96699
13.7431 -2.99229
13.7446 -3.01741
13.7461 -3.04235
13.7476 -3.0671
13.7491 -3.09168
13.7506 -3.11608
13.7521 -3.14029
13.7536 -3.16433
13.7551 -3.18819
13.7566 -3.21187
13.7581 -3.23538
13.7596 -3.2587
13.7611 -3.28186
13.7626 -3.30483
13.7641 -3.32763
13.7656 -3.35026
13.7671 -3.37271
13.7686 -3.39499
13.7701 -3.41709
13.7716 -3.43903
13.7731 -3.46079
13.7746 -3.48238
13.7761 -3.5038
13.7776 -3.52504
13.7791 -3.54612
13.7806 -3.56703
13.7821 -3.58777
13.7836 -3.60834
13.7851 -3.62875
13.7866 -3.64898
13.7881 -3.66905
13.7896 -3.68896
13.7911 -3.7087
13.7926 -3.72827
13.7941 -3.74768
13.7956 -3.76692
13.7971 -3.786
13.7986 -3.80492
13.8002 -3.82368
13.8017 -3.84227
13.8032 -3.8607
13.8047 -3.87897
13.8062 -3.89708
13.8077 -3.91503
13.8092 -3.93282
13.8107 -3.95045
13.8122 -3.96793
13.8137 -3.98524
13.8152 -4.0024
13.8167 -4.0194
13.8182 -4.03625
13.8197 -4.05293
13.8212 -4.06947
13.8227 -4.08585
13.8242 -4.10207
13.8257 -4.11814
13.8272 -4.13406
13.8287 -4.14982
13.8302 -4.16543
13.8317 -4.18089
13.8332 -4.1962
13.8347 -4.21136
13.8362 -4.22637
13.8377 -4.24123
13.8392 -4.25594
13.8407 -4.27049
13.8422 -4.28491
13.8437 -4.29917
13.8452 -4.31329
13.8467 -4.32726
13.8482 -4.34108
13.8497 -4.35476
13.8512 -4.36829
13.8527 -4.38168
13.8542 -4.39492
13.8557 -4.40802
13.8572 -4.42097
13.8587 -4.43379
13.8602 -4.44646
13.8617 -4.45899
13.8632 -4.47137
13.8647 -4.48362
13.8662 -4.49572
13.8677 -4.50769
13.8692 -4.51952
13.8707 -4.53121
13.8722 -4.54275
13.8737 -4.55417
13.8752 -4.56544
13.8767 -4.57658
13.8782 -4.58758
13.8797 -4.59844
13.8812 -4.60917
13.8827 -4.61976
13.8842 -4.63022
13.8857 -4.64055
13.8872 -4.65074
13.8887 -4.6608
13.8902 -4.67072
13.8917 -4.68052
13.8932 -4.69018
13.8947 -4.69971
13.8962 -4.70911
13.8977 -4.71838
13.8992 -4.72752
13.9007 -4.73653
13.9022 -4.74541
13.9037 -4.75416
13.9052 -4.76279
13.9067 -4.77129
13.9082 -4.77966
13.9097 -4.7879
13.9112 -4.79602
13.9127 -4.80402
13.9142 -4.81188
13.9157 -4.81963
13.9172 -4.82725
13.9187 -4.83474
13.9202 -4.84211
13.9217 -4.84936
13.9232 -4.85649
13.9247 -4.8635
13.9262 -4.87038
13.9277 -4.87714
13.9292 -4.88379
13.9307 -4.89031
13.9322 -4.89671
13.9337 -4.903
13.9352 -4.90916
13.9367 -4.91521
13.9382 -4.92114
13.9397 -4.92695
13.9412 -4.93265
13.9427 -4.93823
13.9442 -4.94369
13.9457 -4.94904
13.9472 -4.95428
13.9487 -4.9594
13.9502 -4.9644
13.9517 -4.96929
13.9532 -4.97407
13.9547 -4.97874
13.9562 -4.98329
13.9577 -4.98773
13.9592 -4.99206
13.9607 -4.99628
13.9622 -5.00039
13.9637 -5.00439
13.9652 -5.00828
13.9667 -5.01206
13.9682 -5.01574
13.9697 -5.0193
13.9712 -5.02276
13.9727 -5.02611
13.9742 -5.02935
13.9757 -5.03248
13.9772 -5.03551
13.9787 -5.03844
13.9802 -5.04126
13.9817 -5.04397
13.9832 -5.04658
13.9847 -5.04909
13.9862 -5.05149
13.9877 -5.05379
13.9892 -5.05599
13.9907 -5.05809
13.9922 -5.06008
13.9937 -5.06197
13.9952 -5.06377
13.9967 -5.06546
13.9982 -5.06705
13.9997 -5.06855
14.0013 -5.06994
14.0028 -5.07123
14.0043 -5.07243
14.0058 -5.07353
14.0073 -5.07453
14.0088 -5.07544
14.0103 -5.07625
14.0118 -5.07696
14.0133 -5.07758
14.0148 -5.0781
14.0163 -5.07853
14.0178 -5.07886
14.0193 -5.0791
14.0208 -5.07925
14.0223 -5.0793
14.0238 -5.07926
14.0253 -5.07913
14.0268 -5.07891
14.0283 -5.0786
14.0298 -5.07819
14.0313 -5.07769
14.0328 -5.07711
14.0343 -5.07643
14.0358 -5.07567
14.0373 -5.07481
14.0388 -5.07387
14.0403 -5.07284
14.0418 -5.07172
14.0433 -5.07052
14.0448 -5.06923
14.0463 -5.06785
14.0478 -5.06639
14.0493 -5.06484
14.0508 -5.0632
14.0523 -5.06148
14.0538 -5.05968
14.0553 -5.05779
14.0568 -5.05582
14.0583 -5.05377
14.0598 -5.05163
14.0613 -5.04941
14.0628 -5.04711
14.0643 -5.04473
14.0658 -5.04227
14.0673 -5.03972
14.0688 -5.0371
14.0703 -5.03439
14.0718 -5.03161
14.0733 -5.02875
14.0748 -5.02581
14.0763 -5.02279
14.0778 -5.01969
14.0793 -5.01652
14.0808 -5.01327
14.0823 -5.00994
14.0838 -5.00653
14.0853 -5.00305
14.0868 -4.9995
14.0883 -4.99587
14.0898 -4.99216
14.0913 -4.98838
14.0928 -4.98453
14.0943 -4.9806
14.0958 -4.9766
14.0973 -4.97253
14.0988 -4.96838
14.1003 -4.96417
14.1018 -4.95988
14.1033 -4.95552
14.1048 -4.95109
14.1063 -4.94659
14.1078 -4.94201
14.1093 -4.93737
14.1108 -4.93266
14.1123 -4.92789
14.1138 -4.92304
14.1153 -4.91812
14.1168 -4.91314
14.1183 -4.90809
14.1198 -4.90297
14.1213 -4.89779
14.1228 -4.89254
14.1243 -4.88722
14.1258 -4.88184
14.1273 -4.8764
14.1288 -4.87088
14.1303 -4.86531
14.1318 -4.85967
14.1333 -4.85397
14.1348 -4.8482
14.1363 -4.84237
14.1378 -4.83648
14.1393 -4.83053
14.1408 -4.82451
14.1423 -4.81844
14.1438 -4.8123
14.1453 -4.8061
14.1468 -4.79984
14.1483 -4.79353
14.1498 -4.78715
14.1513 -4.78071
14.1528 -4.77422
14.1543 -4.76766
14.1558 -4.76105
14.1573 -4.75438
14.1588 -4.74766
14.1603 -4.74087
14.1618 -4.73403
14.1633 -4.72714
14.1648 -4.72019
14.1663 -4.71318
14.1678 -4.70612
14.1693 -4.699
14.1708 -4.69183
14.1723 -4.6846
14.1738 -4.67732
14.1753 -4.66999
14.1768 -4.6626
14.1783 -4.65517
14.1798 -4.64768
14.1813 -4.64013
14.1828 -4.63254
14.1843 -4.62489
14.1858 -4.6172
14.1873 -4.60945
14.1888 -4.60165
14.1903 -4.59381
14.1918 -4.58591
14.1933 -4.57797
14.1948 -4.56997
14.1963 -4.56193
14.1978 -4.55384
14.1993 -4.5457
14.2009 -4.53752
14.2024 -4.52928
14.2039 -4.52101
14.2054 -4.51268
14.2069 -4.50431
14.2084 -4.49589
14.2099 -4.48743
14.2114 -4.47892
14.2129 -4.47037
14.2144 -4.46177
14.2159 -4.45313
14.2174 -4.44445
14.2189 -4.43572
14.2204 -4.42695
14.2219 -4.41814
14.2234 -4.40929
14.2249 -4.40039
14.2264 -4.39145
14.2279 -4.38247
14.2294 -4.37345
14.2309 -4.36439
14.2324 -4.35529
14.2339 -4.34615
14.2354 -4.33697
14.2369 -4.32775
14.2384 -4.31849
14.2399 -4.30919
14.2414 -4.29985
14.2429 -4.29048
14.2444 -4.28107
14.2459 -4.27162
14.2474 -4.26213
14.2489 -4.25261
14.2504 -4.24305
14.2519 -4.23346
14.2534 -4.22382
14.2549 -4.21416
14.2564 -4.20446
14.2579 -4.19472
14.2594 -4.18495
14.2609 -4.17515
14.2624 -4.16531
14.2639 -4.15544
14.2654 -4.14553
14.2669 -4.1356
14.2684 -4.12563
14.2699 -4.11562
14.2714 -4.10559
14.2729 -4.09552
14.2744 -4.08543
14.2759 -4.0753
14.2774 -4.06514
14.2789 -4.05495
14.2804 -4.04474
14.2819 -4.03449
14.2834 -4.02421
14.2849 -4.0139
14.2864 -4.00357
14.2879 -3.9932
14.2894 -3.98281
14.2909 -3.97239
14.2924 -3.96194
14.2939 -3.95147
14.2954 -3.94097
14.2969 -3.93044
14.2984 -3.91989
14.2999 -3.90931
14.3014 -3.8987
14.3029 -3.88807
14.3044 -3.87741
14.3059 -3.86673
14.3074 -3.85602
14.3089 -3.84529
14.3104 -3.83454
14.3119 -3.82376
14.3134 -3.81296
14.3149 -3.80214
14.3164 -3.79129
14.3179 -3.78042
14.3194 -3.76953
14.3209 -3.75862
14.3224 -3.74768
14.3239 -3.73673
14.3254 -3.72575
14.3269 -3.71475
14.3284 -3.70374
14.3299 -3.6927
14.3314 -3.68164
14.3329 -3.67056
14.3344 -3.65947
14.3359 -3.64835
14.3374 -3.63722
14.3389 -3.62607
14.3404 -3.6149
14.3419 -3.60371
14.3434 -3.5925
14.3449 -3.58128
14.3464 -3.57004
14.3479 -3.55878
14.3494 -3.54751
14.3509 -3.53622
14.3524 -3.52492
14.3539 -3.5136
14.3554 -3.50226
14.3569 -3.49091
14.3584 -3.47955
14.3599 -3.46817
14.3614 -3.45677
14.3629 -3.44536
14.3644 -3.43394
14.3659 -3.42251
14.3674 -3.41106
14.3689 -3.3996
14.3704 -3.38813
14.3719 -3.37664
14.3734 -3.36515
14.3749 -3.35364
14.3764 -3.34212
14.3779 -3.33058
14.3794 -3.31904
14.3809 -3.30749
14.3824 -3.29593
14.3839 -3.28435
14.3854 -3.27277
14.3869 -3.26118
14.3884 -3.24958
14.3899 -3.23796
14.3914 -3.22634
14.3929 -3.21472
14.3944 -3.20308
14.3959 -3.19144
14.3974 -3.17978
14.3989 -3.16812
14.4005 -3.15646
14.402 -3.14478
14.4035 -3.1331
14.405 -3.12142
14.4065 -3.10972
14.408 -3.09802
14.4095 -3.08632
14.411 -3.07461
14.4125 -3.06289
14.414 -3.05117
14.4155 -3.03945
14.417 -3.02772
14.4185 -3.01599
14.42 -3.00425
14.4215 -2.99251
14.423 -2.98077
14.4245 -2.96902
14.426 -2.95727
14.4275 -2.94552
14.429 -2.93376
14.4305 -2.922
14.432 -2.91024
14.4335 -2.89848
14.435 -2.88672
14.4365 -2.87496
14.438 -2.86319
14.4395 -2.85143
14.441 -2.83966
14.4425 -2.8279
14.444 -2.81613
14.4455 -2.80437
14.447 -2.7926
14.4485 -2.78084
14.45 -2.76907
14.4515 -2.75731
14.453 -2.74555
14.4545 -2.73379
14.456 -2.72204
14.4575 -2.71028
14.459 -2.69853
14.4605 -2.68678
14.462 -2.67504
14.4635 -2.66329
14.465 -2.65155
14.4665 -2.63982
14.468 -2.62808
14.4695 -2.61635
14.471 -2.60463
14.4725 -2.59291
14.474 -2.58119
14.4755 -2.56948
14.477 -2.55778
14.4785 -2.54608
14.48 -2.53439
14.4815 -2.5227
14.483 -2.51102
14.4845 -2.49934
14.486 -2.48767
14.4875 -2.47601
14.489 -2.46435
14.4905 -2.4527
14.492 -2.44106
14.4935 -2.42943
14.495 -2.4178
14.4965 -2.40619
14.498 -2.39458
14.4995 -2.38298
14.501 -2.37139
14.5025 -2.3598
14.504 -2.34823
14.5055 -2.33666
14.507 -2.32511
14.5085 -2.31356
14.51 -2.30203
14.5115 -2.2905
14.513 -2.27899
14.5145 -2.26748
14.516 -2.25599
14.5175 -2.24451
14.519 -2.23304
14.5205 -2.22158
14.522 -2.21013
14.5235 -2.1987
14.525 -2.18727
14.5265 -2.17586
14.528 -2.16446
14.5295 -2.15308
14.531 -2.1417
14.5325 -2.13034
14.534 -2.11899
14.5355 -2.10766
14.537 -2.09634
14.5385 -2.08503
14.54 -2.07374
14.5415 -2.06247
14.543 -2.0512
14.5445 -2.03995
14.546 -2.02872
14.5475 -2.0175
14.549 -2.0063
14.5505 -1.99511
14.552 -1.98394
14.5535 -1.97278
14.555 -1.96164
14.5565 -1.95052
14.558 -1.93941
14.5595 -1.92832
14.561 -1.91725
14.5625 -1.90619
14.564 -1.89515
14.5655 -1.88413
14.567 -1.87312
14.5685 -1.86214
14.57 -1.85117
14.5715 -1.84022
14.573 -1.82928
14.5745 -1.81837
14.576 -1.80748
14.5775 -1.7966
14.579 -1.78574
14.5805 -1.7749
14.582 -1.76408
14.5835 -1.75328
14.585 -1.74251
14.5865 -1.73175
14.588 -1.72101
14.5895 -1.71029
14.591 -1.69959
14.5925 -1.68891
14.594 -1.67825
14.5955 -1.66762
14.597 -1.657
14.5985 -1.64641
14.6001 -1.63584
14.6016 -1.62529
14.6031 -1.61476
14.6046 -1.60425
14.6061 -1.59377
14.6076 -1.58331
14.6091 -1.57287
14.6106 -1.56245
14.6121 -1.55206
14.6136 -1.54169
14.6151 -1.53134
14.6166 -1.52102
14.6181 -1.51072
14.6196 -1.50044
14.6211 -1.49019
14.6226 -1.47996
14.6241 -1.46975
14.6256 -1.45957
14.6271 -1.44942
14.6286 -1.43929
14.6301 -1.42918
14.6316 -1.4191
14.6331 -1.40905
14.6346 -1.39901
14.6361 -1.38901
14.6376 -1.37903
14.6391 -1.36908
14.6406 -1.35915
14.6421 -1.34925
14.6436 -1.33937
14.6451 -1.32953
14.6466 -1.3197
14.6481 -1.30991
14.6496 -1.30014
14.6511 -1.2904
14.6526 -1.28068
14.6541 -1.271
14.6556 -1.26134
14.6571 -1.25171
14.6586 -1.2421
14.6601 -1.23253
14.6616 -1.22298
14.6631 -1.21346
14.6646 -1.20397
14.6661 -1.19451
14.6676 -1.18507
14.6691 -1.17567
14.6706 -1.16629
14.6721 -1.15694
14.6736 -1.14763
14.6751 -1.13834
14.6766 -1.12908
14.6781 -1.11985
14.6796 -1.11065
14.6811 -1.10148
14.6826 -1.09234
14.6841 -1.08323
14.6856 -1.07415
14.6871 -1.0651
14.6886 -1.05609
14.6901 -1.0471
14.6916 -1.03814
14.6931 -1.02922
14.6946 -1.02032
14.6961 -1.01146
14.6976 -1.00263
14.6991 -0.993831
14.7006 -0.985063
14.7021 -0.976326
14.7036 -0.967622
14.7051 -0.95895
14.7066 -0.95031
14.7081 -0.941702
14.7096 -0.933127
14.7111 -0.924584
14.7126 -0.916074
14.7141 -0.907596
14.7156 -0.899152
14.7171 -0.890741
14.7186 -0.882363
14.7201 -0.874018
14.7216 -0.865707
14.7231 -0.857429
14.7246 -0.849185
14.7261 -0.840975
14.7276 -0.832798
14.7291 -0.824656
14.7306 -0.816547
14.7321 -0.808473
14.7336 -0.800434
14.7351 -0.792429
14.7366 -0.784458
14.7381 -0.776522
14.7396 -0.768621
14.7411 -0.760755
14.7426 -0.752924
14.7441 -0.745128
14.7456 -0.737368
14.7471 -0.729643
14.7486 -0.721953
14.7501 -0.714299
14.7516 -0.706681
14.7531 -0.699098
14.7546 -0.691551
14.7561 -0.684041
14.7576 -0.676566
14.7591 -0.669128
14.7606 -0.661726
14.7621 -0.654361
14.7636 -0.647032
14.7651 -0.63974
14.7666 -0.632484
14.7681 -0.625266
14.7696 -0.618084
14.7711 -0.61094
14.7726 -0.603832
14.7741 -0.596762
14.7756 -0.589729
14.7771 -0.582734
14.7786 -0.575776
14.7801 -0.568856
14.7816 -0.561973
14.7831 -0.555129
14.7846 -0.548322
14.7861 -0.541553
14.7876 -0.534823
14.7891 -0.52813
14.7906 -0.521476
14.7921 -0.514861
14.7936 -0.508283
14.7951 -0.501745
14.7966 -0.495245
14.7981 -0.488783
14.7996 -0.482361
14.8012 -0.475977
14.8027 -0.469633
14.8042 -0.463328
14.8057 -0.457061
14.8072 -0.450834
14.8087 -0.444647
14.8102 -0.438498
14.8117 -0.43239
14.8132 -0.42632
14.8147 -0.420291
14.8162 -0.414301
14.8177 -0.408351
14.8192 -0.402441
14.8207 -0.396571
14.8222 -0.390741
14.8237 -0.384951
14.8252 -0.379201
14.8267 -0.373492
14.8282 -0.367823
14.8297 -0.362195
14.8312 -0.356606
14.8327 -0.351059
14.8342 -0.345552
14.8357 -0.340086
14.8372 -0.334661
14.8387 -0.329276
14.8402 -0.323933
14.8417 -0.31863
14.8432 -0.313369
14.8447 -0.308149
14.8462 -0.30297
14.8477 -0.297832
14.8492 -0.292736
14.8507 -0.287681
14.8522 -0.282667
14.8537 -0.277695
14.8552 -0.272765
14.8567 -0.267876
14.8582 -0.263029
14.8597 -0.258224
14.8612 -0.25346
14.8627 -0.248739
14.8642 -0.244059
14.8657 -0.239422
14.8672 -0.234827
14.8687 -0.230273
14.8702 -0.225762
14.8717 -0.221294
14.8732 -0.216867
14.8747 -0.212483
14.8762 -0.208141
14.8777 -0.203842
14.8792 -0.199585
14.8807 -0.195371
14.8822 -0.1912
14.8837 -0.187071
14.8852 -0.182985
14.8867 -0.178942
14.8882 -0.174942
14.8897 -0.170984
14.8912 -0.167069
14.8927 -0.163198
14.8942 -0.159369
14.8957 -0.155584
14.8972 -0.151841
14.8987 -0.148142
14.9002 -0.144486
14.9017 -0.140873
14.9032 -0.137304
14.9047 -0.133777
14.9062 -0.130295
14.9077 -0.126855
14.9092 -0.123459
14.9107 -0.120107
14.9122 -0.116798
14.9137 -0.113532
14.9152 -0.110311
14.9167 -0.107133
14.9182 -0.103998
14.9197 -0.100907
14.9212 -0.0978605
14.9227 -0.0948573
14.9242 -0.091898
14.9257 -0.0889825
14.9272 -0.0861109
14.9287 -0.0832832
14.9302 -0.0804994
14.9317 -0.0777596
14.9332 -0.0750638
14.9347 -0.0724121
14.9362 -0.0698044
14.9377 -0.0672409
14.9392 -0.0647214
14.9407 -0.0622461
14.9422 -0.059815
14.9437 -0.057428
14.9452 -0.0550853
14.9467 -0.0527868
14.9482 -0.0505326
14.9497 -0.0483227
14.9512 -0.0461571
14.9527 -0.0440358
14.9542 -0.0419589
14.9557 -0.0399264
14.9572 -0.0379382
14.9587 -0.0359945
14.9602 -0.0340952
14.9617 -0.0322404
14.9632 -0.03043
14.9647 -0.0286641
14.9662 -0.0269427
14.9677 -0.0252658
14.9692 -0.0236335
14.9707 -0.0220456
14.9722 -0.0205024
14.9737 -0.0190037
14.9752 -0.0175496
14.9767 -0.01614
14.9782 -0.0147751
14.9797 -0.0134548
14.9812 -0.0121791
14.9827 -0.010948
14.9842 -0.00976153
14.9857 -0.00861973
14.9872 -0.00752257
14.9887 -0.00647006
14.9902 -0.00546221
14.9917 -0.00449903
14.9932 -0.00358051
14.9947 -0.00270666
14.9962 -0.00187749
14.9977 -0.00109298
14.9992 -0.000353159
15.0008 0.00034199
15.0023 0.000992463
15.0038 0.00159826
15.0053 0.00215938
15.0068 0.00267583
15.0083 0.00314761
15.0098 0.00357473
15.0113 0.00395718
15.0128 0.00429497
15.0143 0.00458811
15.0158 0.0048366
15.0173 0.00504045
15.0188 0.00519967
15.0203 0.00531426
15.0218 0.00538423
15.0233 0.0054096
15.0248 0.00539036
15.0263 0.00532654
15.0278 0.00521814
15.0293 0.00506517
15.0308 0.00486765
15.0323 0.00462559
15.0338 0.00433901
15.0353 0.00400791
15.0368 0.00363231
15.0383 0.00321223
15.0398 0.00274768
15.0413 0.00223869
15.0428 0.00168526
15.0443 0.00108742
15.0458 0.000445183
15.0473 -0.000241429
15.0488 -0.000972397
15.0503 -0.0017477
15.0518 -0.00256732
15.0533 -0.00343122
15.0548 -0.0043394
15.0563 -0.00529182
15.0578 -0.00628847
15.0593 -0.00732931
15.0608 -0.00841432
15.0623 -0.00954348
15.0638 -0.0107168
15.0653 -0.0119341
15.0668 -0.0131956
15.0683 -0.014501
15.0698 -0.0158505
15.0713 -0.017244
15.0728 -0.0186814
15.0743 -0.0201627
15.0758 -0.0216879
15.0773 -0.023257
15.0788 -0.0248698
15.0803 -0.0265265
15.0818 -0.0282269
15.0833 -0.029971
15.0848 -0.0317588
15.0863 -0.0335903
15.0878 -0.0354653
15.0893 -0.037384
15.0908 -0.0393461
15.0923 -0.0413518
15.0938 -0.0434009
15.0953 -0.0454934
15.0968 -0.0476293
15.0983 -0.0498085
15.0998 -0.052031
15.1013 -0.0542968
15.1028 -0.0566057
15.1043 -0.0589579
15.1058 -0.0613531
15.1073 -0.0637914
15.1088 -0.0662727
15.1103 -0.068797
15.1118 -0.0713643
15.1133 -0.0739744
15.1148 -0.0766273
15.1163 -0.0793231
15.1178 -0.0820615
15.1193 -0.0848427
15.1208 -0.0876665
15.1223 -0.0905328
15.1238 -0.0934417
15.1253 -0.0963931
15.1268 -0.0993869
15.1283 -0.102423
15.1298 -0.105502
15.1313 -0.108622
15.1328 -0.111785
15.1343 -0.11499
15.1358 -0.118237
15.1373 -0.121527
15.1388 -0.124858
15.1403 -0.128231
15.1418 -0.131646
15.1433 -0.135102
15.1448 -0.138601
15.1463 -0.142141
15.1478 -0.145723
15.1493 -0.149346
15.1508 -0.153011
15.1523 -0.156717
15.1538 -0.160464
15.1553 -0.164253
15.1568 -0.168083
15.1583 -0.171954
15.1598 -0.175866
15.1613 -0.179819
15.1628 -0.183813
15.1643 -0.187848
15.1658 -0.191924
15.1673 -0.196041
15.1688 -0.200198
15.1703 -0.204396
15.1718 -0.208634
15.1733 -0.212913
15.1748 -0.217232
15.1763 -0.221591
15.1778 -0.225991
15.1793 -0.23043
15.1808 -0.23491
15.1823 -0.23943
15.1838 -0.24399
15.1853 -0.248589
15.1868 -0.253228
15.1883 -0.257907
15.1898 -0.262626
15.1913 -0.267384
15.1928 -0.272181
15.1943 -0.277018
15.1958 -0.281894
15.1973 -0.286809
15.1988 -0.291763
15.2004 -0.296756
15.2019 -0.301788
15.2034 -0.306859
15.2049 -0.311969
15.2064 -0.317117
15.2079 -0.322304
15.2094 -0.32753
15.2109 -0.332793
15.2124 -0.338095
15.2139 -0.343436
15.2154 -0.348814
15.2169 -0.354231
15.2184 -0.359685
15.2199 -0.365177
15.2214 -0.370707
15.2229 -0.376274
15.2244 -0.381879
15.2259 -0.387522
15.2274 -0.393202
15.2289 -0.398919
15.2304 -0.404673
15.2319 -0.410465
15.2334 -0.416293
15.2349 -0.422158
15.2364 -0.42806
15.2379 -0.433999
15.2394 -0.439974
15.2409 -0.445985
15.2424 -0.452033
15.2439 -0.458117
15.2454 -0.464238
15.2469 -0.470394
15.2484 -0.476586
15.2499 -0.482814
15.2514 -0.489078
15.2529 -0.495377
15.2544 -0.501712
15.2559 -0.508083
15.2574 -0.514488
15.2589 -0.520929
15.2604 -0.527405
15.2619 -0.533915
15.2634 -0.540461
15.2649 -0.547041
15.2664 -0.553656
15.2679 -0.560305
15.2694 -0.566989
15.2709 -0.573707
15.2724 -0.580459
15.2739 -0.587245
15.2754 -0.594065
15.2769 -0.600919
15.2784 -0.607806
15.2799 -0.614727
15.2814 -0.621682
15.2829 -0.62867
15.2844 -0.635691
15.2859 -0.642745
15.2874 -0.649832
15.2889 -0.656951
15.2904 -0.664104
15.2919 -0.671289
15.2934 -0.678506
15.2949 -0.685756
15.2964 -0.693038
15.2979 -0.700352
15.2994 -0.707698
15.3009 -0.715076
15.3024 -0.722485
15.3039 -0.729926
15.3054 -0.737399
15.3069 -0.744903
15.3084 -0.752437
15.3099 -0.760003
15.3114 -0.7676
15.3129 -0.775228
15.3144 -0.782886
15.3159 -0.790574
15.3174 -0.798293
15.3189 -0.806043
15.3204 -0.813822
15.3219 -0.821631
15.3234 -0.82947
15.3249 -0.837339
15.3264 -0.845237
15.3279 -0.853164
15.3294 -0.861121
15.3309 -0.869107
15.3324 -0.877122
15.3339 -0.885166
15.3354 -0.893238
15.3369 -0.901339
15.3384 -0.909468
15.3399 -0.917625
15.3414 -0.925811
15.3429 -0.934024
15.3444 -0.942266
15.3459 -0.950534
15.3474 -0.958831
15.3489 -0.967155
15.3504 -0.975506
15.3519 -0.983884
15.3534 -0.992288
15.3549 -1.00072
15.3564 -1.00918
15.3579 -1.01766
15.3594 -1.02617
15.3609 -1.03471
15.3624 -1.04327
15.3639 -1.05186
15.3654 -1.06048
15.3669 -1.06912
15.3684 -1.07778
15.3699 -1.08647
15.3714 -1.09519
15.3729 -1.10393
15.3744 -1.11269
15.3759 -1.12148
15.3774 -1.1303
15.3789 -1.13914
15.3804 -1.148
15.3819 -1.15688
15.3834 -1.16579
15.3849 -1.17473
15.3864 -1.18369
15.3879 -1.19267
15.3894 -1.20167
15.3909 -1.21069
15.3924 -1.21974
15.3939 -1.22882
15.3954 -1.23791
15.3969 -1.24702
15.3984 -1.25616
15.3999 -1.26532
15.4015 -1.2745
15.403 -1.28371
15.4045 -1.29293
15.406 -1.30218
15.4075 -1.31144
15.409 -1.32073
15.4105 -1.33004
15.412 -1.33937
15.4135 -1.34872
15.415 -1.35809
15.4165 -1.36748
15.418 -1.37689
15.4195 -1.38631
15.421 -1.39576
15.4225 -1.40523
15.424 -1.41472
15.4255 -1.42422
15.427 -1.43374
15.4285 -1.44329
15.43 -1.45285
15.4315 -1.46243
15.433 -1.47202
15.4345 -1.48164
15.436 -1.49127
15.4375 -1.50092
15.439 -1.51059
15.4405 -1.52027
15.442 -1.52997
15.4435 -1.53969
15.445 -1.54942
15.4465 -1.55917
15.448 -1.56894
15.4495 -1.57872
15.451 -1.58851
15.4525 -1.59833
15.454 -1.60816
15.4555 -1.618
15.457 -1.62786
15.4585 -1.63773
15.46 -1.64762
15.4615 -1.65752
15.463 -1.66743
15.4645 -1.67736
15.466 -1.68731
15.4675 -1.69726
15.469 -1.70723
15.4705 -1.71722
15.472 -1.72721
15.4735 -1.73722
15.475 -1.74724
15.4765 -1.75728
15.478 -1.76732
15.4795 -1.77738
15.481 -1.78745
15.4825 -1.79753
15.484 -1.80762
15.4855 -1.81772
15.487 -1.82784
15.4885 -1.83796
15.49 -1.8481
15.4915 -1.85824
15.493 -1.8684
15.4945 -1.87856
15.496 -1.88873
15.4975 -1.89892
15.499 -1.90911
15.5005 -1.91931
15.502 -1.92952
15.5035 -1.93974
15.505 -1.94997
15.5065 -1.9602
15.508 -1.97045
15.5095 -1.9807
15.511 -1.99096
15.5125 -2.00122
15.514 -2.01149
15.5155 -2.02177
15.517 -2.03206
15.5185 -2.04235
15.52 -2.05265
15.5215 -2.06295
15.523 -2.07326
15.5245 -2.08358
15.526 -2.09389
15.5275 -2.10422
15.529 -2.11455
15.5305 -2.12488
15.532 -2.13522
15.5335 -2.14556
15.535 -2.15591
15.5365 -2.16626
15.538 -2.17661
15.5395 -2.18697
15.541 -2.19733
15.5425 -2.20769
15.544 -2.21805
15.5455 -2.22842
15.547 -2.23879
15.5485 -2.24916
15.55 -2.25953
15.5515 -2.2699
15.553 -2.28028
15.5545 -2.29065
15.556 -2.30103
15.5575 -2.3114
15.559 -2.32178
15.5605 -2.33215
15.562 -2.34253
15.5635 -2.3529
15.565 -2.36327
15.5665 -2.37365
15.568 -2.38402
15.5695 -2.39438
15.571 -2.40475
15.5725 -2.41512
15.574 -2.42548
15.5755 -2.43584
15.577 -2.4462
15.5785 -2.45655
15.58 -2.4669
15.5815 -2.47725
15.583 -2.48759
15.5845 -2.49793
15.586 -2.50826
15.5875 -2.51859
15.589 -2.52892
15.5905 -2.53924
15.592 -2.54955
15.5935 -2.55986
15.595 -2.57016
15.5965 -2.58046
15.598 -2.59075
15.5995 -2.60103
15.6011 -2.61131
15.6026 -2.62158
15.6041 -2.63184
15.6056 -2.64209
15.6071 -2.65234
15.6086 -2.66258
15.6101 -2.67281
15.6116 -2.68303
15.6131 -2.69324
15.6146 -2.70344
15.6161 -2.71364
15.6176 -2.72382
15.6191 -2.73399
15.6206 -2.74415
15.6221 -2.75431
15.6236 -2.76445
15.6251 -2.77458
15.6266 -2.7847
15.6281 -2.7948
15.6296 -2.8049
15.6311 -2.81498
15.6326 -2.82505
15.6341 -2.83511
15.6356 -2.84515
15.6371 -2.85518
15.6386 -2.8652
15.6401 -2.8752
15.6416 -2.88519
15.6431 -2.89517
15.6446 -2.90513
15.6461 -2.91507
15.6476 -2.925
15.6491 -2.93492
15.6506 -2.94482
15.6521 -2.9547
15.6536 -2.96456
15.6551 -2.97441
15.6566 -2.98425
15.6581 -2.99406
15.6596 -3.00386
15.6611 -3.01364
15.6626 -3.0234
15.6641 -3.03315
15.6656 -3.04287
15.6671 -3.05258
15.6686 -3.06226
15.6701 -3.07193
15.6716 -3.08158
15.6731 -3.09121
15.6746 -3.10081
15.6761 -3.1104
15.6776 -3.11996
15.6791 -3.12951
15.6806 -3.13903
15.6821 -3.14853
15.6836 -3.15801
15.6851 -3.16747
15.6866 -3.1769
15.6881 -3.18631
15.6896 -3.1957
15.6911 -3.20506
15.6926 -3.2144
15.6941 -3.22372
15.6956 -3.23301
15.6971 -3.24227
15.6986 -3.25152
15.7001 -3.26073
15.7016 -3.26992
15.7031 -3.27909
15.7046 -3.28822
15.7061 -3.29733
15.7076 -3.30642
15.7091 -3.31548
15.7106 -3.32451
15.7121 -3.33351
15.7136 -3.34248
15.7151 -3.35143
15.7166 -3.36034
15.7181 -3.36923
15.7196 -3.37809
15.7211 -3.38692
15.7226 -3.39571
15.7241 -3.40448
15.7256 -3.41322
15.7271 -3.42193
15.7286 -3.4306
15.7301 -3.43924
15.7316 -3.44786
15.7331 -3.45644
15.7346 -3.46498
15.7361 -3.4735
15.7376 -3.48198
15.7391 -3.49043
15.7406 -3.49884
15.7421 -3.50722
15.7436 -3.51556
15.7451 -3.52388
15.7466 -3.53215
15.7481 -3.54039
15.7496 -3.5486
15.7511 -3.55676
15.7526 -3.5649
15.7541 -3.57299
15.7556 -3.58105
15.7571 -3.58907
15.7586 -3.59706
15.7601 -3.605
15.7616 -3.61291
15.7631 -3.62078
15.7646 -3.62861
15.7661 -3.6364
15.7676 -3.64415
15.7691 -3.65186
15.7706 -3.65953
15.7721 -3.66716
15.7736 -3.67475
15.7751 -3.6823
15.7766 -3.68981
15.7781 -3.69727
15.7796 -3.70469
15.7811 -3.71207
15.7826 -3.71941
15.7841 -3.7267
15.7856 -3.73395
15.7871 -3.74116
15.7886 -3.74832
15.7901 -3.75544
15.7916 -3.76251
15.7931 -3.76954
15.7946 -3.77652
15.7961 -3.78345
15.7976 -3.79034
15.7991 -3.79718
15.8007 -3.80398
15.8022 -3.81073
15.8037 -3.81743
15.8052 -3.82408
15.8067 -3.83068
15.8082 -3.83724
15.8097 -3.84374
15.8112 -3.8502
15.8127 -3.8566
15.8142 -3.86296
15.8157 -3.86927
15.8172 -3.87552
15.8187 -3.88172
15.8202 -3.88788
15.8217 -3.89398
15.8232 -3.90003
15.8247 -3.90602
15.8262 -3.91196
15.8277 -3.91785
15.8292 -3.92369
15.8307 -3.92947
15.8322 -3.9352
15.8337 -3.94087
15.8352 -3.94649
15.8367 -3.95205
15.8382 -3.95755
15.8397 -3.963
15.8412 -3.9684
15.8427 -3.97373
15.8442 -3.97901
15.8457 -3.98423
15.8472 -3.98939
15.8487 -3.9945
15.8502 -3.99955
15.8517 -4.00453
15.8532 -4.00946
15.8547 -4.01433
15.8562 -4.01913
15.8577 -4.02388
15.8592 -4.02857
15.8607 -4.03319
15.8622 -4.03775
15.8637 -4.04226
15.8652 -4.04669
15.8667 -4.05107
15.8682 -4.05538
15.8697 -4.05963
15.8712 -4.06382
15.8727 -4.06794
15.8742 -4.07199
15.8757 -4.07598
15.8772 -4.07991
15.8787 -4.08377
15.8802 -4.08756
15.8817 -4.09129
15.8832 -4.09495
15.8847 -4.09854
15.8862 -4.10207
15.8877 -4.10552
15.8892 -4.10891
15.8907 -4.11223
15.8922 -4.11548
15.8937 -4.11866
15.8952 -4.12177
15.8967 -4.12481
15.8982 -4.12778
15.8997 -4.13068
15.9012 -4.13351
15.9027 -4.13626
15.9042 -4.13895
15.9057 -4.14156
15.9072 -4.14409
15.9087 -4.14656
15.9102 -4.14895
15.9117 -4.15126
15.9132 -4.1535
15.9147 -4.15567
15.9162 -4.15776
15.9177 -4.15977
15.9192 -4.16171
15.9207 -4.16357
15.9222 -4.16535
15.9237 -4.16706
15.9252 -4.16869
15.9267 -4.17024
15.9282 -4.17171
15.9297 -4.1731
15.9312 -4.17442
15.9327 -4.17565
15.9342 -4.17681
15.9357 -4.17788
15.9372 -4.17887
15.9387 -4.17978
15.9402 -4.18061
15.9417 -4.18136
15.9432 -4.18202
15.9447 -4.1826
15.9462 -4.1831
15.9477 -4.18351
15.9492 -4.18384
15.9507 -4.18408
15.9522 -4.18424
15.9537 -4.18431
15.9552 -4.1843
15.9567 -4.1842
15.9582 -4.18402
15.9597 -4.18375
15.9612 -4.18339
15.9627 -4.18294
15.9642 -4.1824
15.9657 -4.18178
15.9672 -4.18106
15.9687 -4.18026
15.9702 -4.17936
15.9717 -4.17838
15.9732 -4.1773
15.9747 -4.17613
15.9762 -4.17488
15.9777 -4.17352
15.9792 -4.17208
15.9807 -4.17054
15.9822 -4.16891
15.9837 -4.16719
15.9852 -4.16537
15.9867 -4.16346
15.9882 -4.16145
15.9897 -4.15935
15.9912 -4.15715
15.9927 -4.15485
15.9942 -4.15246
15.9957 -4.14997
15.9972 -4.14738
15.9987 -4.1447
16.0003 -4.14191
16.0018 -4.13903
16.0033 -4.13605
16.0048 -4.13296
16.0063 -4.12978
16.0078 -4.1265
16.0093 -4.12311
16.0108 -4.11962
16.0123 -4.11604
16.0138 -4.11235
16.0153 -4.10855
16.0168 -4.10466
16.0183 -4.10065
16.0198 -4.09655
16.0213 -4.09234
16.0228 -4.08803
16.0243 -4.0836
16.0258 -4.07908
16.0273 -4.07445
16.0288 -4.06971
16.0303 -4.06486
16.0318 -4.05991
16.0333 -4.05484
16.0348 -4.04967
16.0363 -4.04439
16.0378 -4.039
16.0393 -4.0335
16.0408 -4.02789
16.0423 -4.02217
16.0438 -4.01634
16.0453 -4.01039
16.0468 -4.00434
16.0483 -3.99817
16.0498 -3.99189
16.0513 -3.98549
16.0528 -3.97898
16.0543 -3.97236
16.0558 -3.96562
16.0573 -3.95876
16.0588 -3.95179
16.0603 -3.94471
16.0618 -3.93751
16.0633 -3.93018
16.0648 -3.92275
16.0663 -3.91519
16.0678 -3.90752
16.0693 -3.89972
16.0708 -3.89181
16.0723 -3.88378
16.0738 -3.87562
16.0753 -3.86735
16.0768 -3.85895
16.0783 -3.85043
16.0798 -3.84179
16.0813 -3.83303
16.0828 -3.82415
16.0843 -3.81514
16.0858 -3.806
16.0873 -3.79674
16.0888 -3.78736
16.0903 -3.77785
16.0918 -3.76822
16.0933 -3.75846
16.0948 -3.74857
16.0963 -3.73855
16.0978 -3.72841
16.0993 -3.71814
16.1008 -3.70774
16.1023 -3.69721
16.1038 -3.68655
16.1053 -3.67576
16.1068 -3.66483
16.1083 -3.65378
16.1098 -3.6426
16.1113 -3.63128
16.1128 -3.61983
16.1143 -3.60825
16.1158 -3.59654
16.1173 -3.58469
16.1188 -3.5727
16.1203 -3.56058
16.1218 -3.54833
16.1233 -3.53594
16.1248 -3.52341
16.1263 -3.51075
16.1278 -3.49795
16.1293 -3.48501
16.1308 -3.47193
16.1323 -3.45871
16.1338 -3.44535
16.1353 -3.43186
16.1368 -3.41822
16.1383 -3.40444
16.1398 -3.39053
16.1413 -3.37646
16.1428 -3.36226
16.1443 -3.34792
16.1458 -3.33343
16.1473 -3.31879
16.1488 -3.30401
16.1503 -3.28909
16.1518 -3.27402
16.1533 -3.25881
16.1548 -3.24345
16.1563 -3.22795
16.1578 -3.21229
16.1593 -3.19649
16.1608 -3.18054
16.1623 -3.16444
16.1638 -3.14819
16.1653 -3.13179
16.1668 -3.11525
16.1683 -3.09855
16.1698 -3.0817
16.1713 -3.06469
16.1728 -3.04754
16.1743 -3.03023
16.1758 -3.01277
16.1773 -2.99516
16.1788 -2.97739
16.1803 -2.95946
16.1818 -2.94139
16.1833 -2.92315
16.1848 -2.90476
16.1863 -2.88621
16.1878 -2.86751
16.1893 -2.84864
16.1908 -2.82962
16.1923 -2.81044
16.1938 -2.7911
16.1953 -2.7716
16.1968 -2.75194
16.1983 -2.73211
16.1998 -2.71213
16.2014 -2.69199
16.2029 -2.67168
16.2044 -2.65121
16.2059 -2.63057
16.2074 -2.60977
16.2089 -2.58881
16.2104 -2.56768
16.2119 -2.54639
16.2134 -2.52493
16.2149 -2.5033
16.2164 -2.48151
16.2179 -2.45954
16.2194 -2.43741
16.2209 -2.41511
16.2224 -2.39265
16.2239 -2.37001
16.2254 -2.3472
16.2269 -2.32422
16.2284 -2.30107
16.2299 -2.27774
16.2314 -2.25425
16.2329 -2.23058
16.2344 -2.20674
16.2359 -2.18272
16.2374 -2.15853
16.2389 -2.13416
16.2404 -2.10962
16.2419 -2.0849
16.2434 -2.06001
16.2449 -2.03494
16.2464 -2.00969
16.2479 -1.98426
16.2494 -1.95865
16.2509 -1.93287
16.2524 -1.9069
16.2539 -1.88075
16.2554 -1.85442
16.2569 -1.82791
16.2584 -1.80122
16.2599 -1.77435
16.2614 -1.74729
16.2629 -1.72005
16.2644 -1.69262
16.2659 -1.66501
16.2674 -1.63721
16.2689 -1.60923
16.2704 -1.58106
16.2719 -1.55271
16.2734 -1.52416
16.2749 -1.49543
16.2764 -1.46651
16.2779 -1.4374
16.2794 -1.4081
16.2809 -1.37861
16.2824 -1.34893
16.2839 -1.31906
16.2854 -1.289
16.2869 -1.25874
16.2884 -1.22829
16.2899 -1.19765
16.2914 -1.16681
16.2929 -1.13578
16.2944 -1.10455
16.2959 -1.07313
16.2974 -1.04151
16.2989 -1.00969
16.3004 -0.977675
16.3019 -0.945462
16.3034 -0.913051
16.3049 -0.88044
16.3064 -0.847629
16.3079 -0.814618
16.3094 -0.781407
16.3109 -0.747993
16.3124 -0.714378
16.3139 -0.68056
16.3154 -0.646539
16.3169 -0.612314
16.3184 -0.577884
16.3199 -0.54325
16.3214 -0.50841
16.3229 -0.473365
16.3244 -0.438112
16.3259 -0.402653
16.3274 -0.366986
16.3289 -0.33111
16.3304 -0.295025
16.3319 -0.258731
16.3334 -0.222227
16.3349 -0.185513
16.3364 -0.148587
16.3379 -0.111449
16.3394 -0.0740995
16.3409 -0.0365367
16.3424 0.00123968
16.3439 0.0392301
16.3454 0.0774352
16.3469 0.115855
16.3484 0.154492
16.3499 0.193344
16.3514 0.232414
16.3529 0.271701
16.3544 0.311206
16.3559 0.35093
16.3574 0.390873
16.3589 0.431036
16.3604 0.47142
16.3619 0.512024
16.3634 0.552851
16.3649 0.593899
16.3664 0.635171
16.3679 0.676665
16.3694 0.718384
16.3709 0.760328
16.3724 0.802496
16.3739 0.844891
16.3754 0.887511
16.3769 0.930359
16.3784 0.973434
16.3799 1.01674
16.3814 1.06027
16.3829 1.10403
16.3844 1.14802
16.3859 1.19224
16.3874 1.2367
16.3889 1.28138
16.3904 1.3263
16.3919 1.37145
16.3934 1.41683
16.3949 1.46245
16.3964 1.5083
16.3979 1.55439
16.3994 1.60071
16.401 1.64727
16.4025 1.69407
16.404 1.74111
16.4055 1.78838
16.407 1.83589
16.4085 1.88364
16.41 1.93164
16.4115 1.97987
16.413 2.02834
16.4145 2.07706
16.416 2.12602
16.4175 2.17522
16.419 2.22467
16.4205 2.27436
16.422 2.32429
16.4235 2.37447
16.425 2.4249
16.4265 2.47557
16.428 2.52649
16.4295 2.57766
16.431 2.62908
16.4325 2.68075
16.434 2.73267
16.4355 2.78484
16.437 2.83725
16.4385 2.88993
16.44 2.94285
16.4415 2.99603
16.443 3.04946
16.4445 3.10314
16.446 3.15708
16.4475 3.21128
16.449 3.26573
16.4505 3.32043
16.452 3.3754
16.4535 3.43062
16.455 3.48611
16.4565 3.54185
16.458 3.59785
16.4595 3.65411
16.461 3.71063
16.4625 3.76742
16.464 3.82446
16.4655 3.88178
16.467 3.93935
16.4685 3.99719
16.47 4.05529
16.4715 4.11366
16.473 4.17229
16.4745 4.2312
16.476 4.29037
16.4775 4.3498
16.479 4.40951
16.4805 4.46949
16.482 4.52973
16.4835 4.59025
16.485 4.65103
16.4865 4.71209
16.488 4.77343
16.4895 4.83503
16.491 4.89691
16.4925 4.95907
16.494 5.02149
16.4955 5.0842
16.497 5.14718
16.4985 5.21044
16.5 5.27398
