38.6193 0.0266471
38.6756 0.177647
38.7319 0.18653
38.7882 0.48853
38.8445 1.00371
38.9008 1.54553
38.9571 1.83865
39.0134 1.82977
39.0696 1.74982
39.1259 1.4123
39.1822 1.11029
39.2385 0.719471
39.2948 0.426353
39.3511 0.33753
39.4074 0.257588
39.4637 0.124353
39.52 0.133235
39.5763 0.0977059
39.6326 0.0266471
39.6888 0.00888236
39.7451 0.00888236
39.8014 0.0444118
39.8577 0
39.914 0
39.9703 0
40.0266 0.0177647
40.0829 0.0266471
40.1392 0.00888236
40.1955 0
40.2518 0.00888236
40.3081 0.0177647
40.3643 0.0177647
40.4206 0.0266471
40.4769 0.0710589
40.5332 0.0444118
40.5895 0.177647
40.6458 0.0710589
40.7021 0.18653
40.7584 0.257588
40.8147 0.435236
40.871 0.595118
40.9273 0.461883
40.9835 0.470765
41.0398 0.541824
41.0961 0.284235
41.1524 0.18653
41.2087 0.168765
41.265 0.106588
41.3213 0.0177647
41.3776 0.00888236
