38.6427 0.0572457
38.6951 0.181278
38.7475 0.343474
38.7999 0.830062
38.8523 1.31665
38.9047 1.64104
38.9571 2.18488
39.0096 2.45202
39.062 2.43294
39.1144 2.09901
39.1668 1.41206
39.2192 1.2117
39.2716 0.782357
39.324 0.562916
39.3764 0.286228
39.4288 0.276687
39.4812 0.152655
39.5336 0.114491
39.586 0.0381638
39.6384 0.0190819
39.6908 0.0286228
39.7432 0.0286228
39.7956 0.00954094
39.848 0
39.9004 0
39.9529 0
40.0053 0.00954094
40.0577 0
40.1101 0.00954094
40.1625 0
40.2149 0
40.2673 0
40.3197 0
40.3721 0.00954094
40.4245 0.00954094
40.4769 0
40.5293 0.0286228
40.5817 0.0190819
40.6341 0.0190819
40.6865 0.0381638
40.7389 0.0763275
40.7913 0.0667866
40.8438 0.0477047
40.8962 0.0190819
40.9486 0.0954094
41.001 0.0954094
41.0534 0.0286228
41.1058 0
41.1582 0.0190819
41.2106 0.0286228
