18.5 2.37867
18.5015 2.32345
18.503 2.26849
18.5045 2.21379
18.506 2.15933
18.5075 2.10514
18.509 2.05119
18.5105 1.9975
18.512 1.94407
18.5135 1.89088
18.515 1.83795
18.5165 1.78526
18.518 1.73283
18.5195 1.68065
18.521 1.62871
18.5225 1.57703
18.524 1.52559
18.5255 1.4744
18.527 1.42345
18.5285 1.37275
18.53 1.3223
18.5315 1.27209
18.533 1.22213
18.5345 1.17241
18.536 1.12293
18.5375 1.07369
18.539 1.0247
18.5405 0.97595
18.542 0.927439
18.5435 0.879168
18.545 0.831136
18.5465 0.783343
18.548 0.735789
18.5495 0.688473
18.551 0.641394
18.5525 0.594551
18.554 0.547944
18.5555 0.501573
18.557 0.455437
18.5585 0.409535
18.56 0.363866
18.5615 0.318431
18.563 0.273229
18.5645 0.228258
18.566 0.183518
18.5675 0.13901
18.569 0.0947316
18.5705 0.0506829
18.572 0.00686334
18.5735 -0.0367277
18.575 -0.0800909
18.5765 -0.123227
18.578 -0.166136
18.5795 -0.208819
18.581 -0.251276
18.5825 -0.293508
18.584 -0.335515
18.5855 -0.377299
18.587 -0.418859
18.5885 -0.460197
18.59 -0.501312
18.5915 -0.542206
18.593 -0.582879
18.5945 -0.623331
18.596 -0.663563
18.5975 -0.703575
18.599 -0.743369
18.6006 -0.782945
18.6021 -0.822303
18.6036 -0.861444
18.6051 -0.900368
18.6066 -0.939076
18.6081 -0.977569
18.6096 -1.01585
18.6111 -1.05391
18.6126 -1.09176
18.6141 -1.1294
18.6156 -1.16682
18.6171 -1.20403
18.6186 -1.24103
18.6201 -1.27782
18.6216 -1.3144
18.6231 -1.35077
18.6246 -1.38693
18.6261 -1.42288
18.6276 -1.45862
18.6291 -1.49416
18.6306 -1.52949
18.6321 -1.56461
18.6336 -1.59952
18.6351 -1.63423
18.6366 -1.66874
18.6381 -1.70304
18.6396 -1.73714
18.6411 -1.77103
18.6426 -1.80472
18.6441 -1.83821
18.6456 -1.8715
18.6471 -1.90458
18.6486 -1.93747
18.6501 -1.97015
18.6516 -2.00264
18.6531 -2.03493
18.6546 -2.06701
18.6561 -2.09891
18.6576 -2.1306
18.6591 -2.1621
18.6606 -2.1934
18.6621 -2.2245
18.6636 -2.25541
18.6651 -2.28613
18.6666 -2.31665
18.6681 -2.34698
18.6696 -2.37711
18.6711 -2.40705
18.6726 -2.4368
18.6741 -2.46636
18.6756 -2.49573
18.6771 -2.52491
18.6786 -2.5539
18.6801 -2.5827
18.6816 -2.61131
18.6831 -2.63973
18.6846 -2.66796
18.6861 -2.69601
18.6876 -2.72387
18.6891 -2.75155
18.6906 -2.77903
18.6921 -2.80634
18.6936 -2.83346
18.6951 -2.86039
18.6966 -2.88715
18.6981 -2.91372
18.6996 -2.9401
18.7011 -2.96631
18.7026 -2.99233
18.7041 -3.01818
18.7056 -3.04384
18.7071 -3.06932
18.7086 -3.09462
18.7101 -3.11975
18.7116 -3.1447
18.7131 -3.16947
18.7146 -3.19406
18.7161 -3.21847
18.7176 -3.24271
18.7191 -3.26678
18.7206 -3.29066
18.7221 -3.31438
18.7236 -3.33792
18.7251 -3.36128
18.7266 -3.38448
18.7281 -3.4075
18.7296 -3.43035
18.7311 -3.45302
18.7326 -3.47553
18.7341 -3.49786
18.7356 -3.52003
18.7371 -3.54203
18.7386 -3.56385
18.7401 -3.58551
18.7416 -3.607
18.7431 -3.62833
18.7446 -3.64948
18.7461 -3.67047
18.7476 -3.6913
18.7491 -3.71196
18.7506 -3.73245
18.7521 -3.75278
18.7536 -3.77294
18.7551 -3.79295
18.7566 -3.81279
18.7581 -3.83246
18.7596 -3.85198
18.7611 -3.87133
18.7626 -3.89052
18.7641 -3.90955
18.7656 -3.92843
18.7671 -3.94714
18.7686 -3.96569
18.7701 -3.98409
18.7716 -4.00233
18.7731 -4.02041
18.7746 -4.03833
18.7761 -4.05609
18.7776 -4.07371
18.7791 -4.09116
18.7806 -4.10846
18.7821 -4.12561
18.7836 -4.1426
18.7851 -4.15944
18.7866 -4.17612
18.7881 -4.19265
18.7896 -4.20903
18.7911 -4.22526
18.7926 -4.24134
18.7941 -4.25727
18.7956 -4.27305
18.7971 -4.28867
18.7986 -4.30415
18.8002 -4.31948
18.8017 -4.33466
18.8032 -4.3497
18.8047 -4.36458
18.8062 -4.37933
18.8077 -4.39392
18.8092 -4.40837
18.8107 -4.42267
18.8122 -4.43683
18.8137 -4.45084
18.8152 -4.46471
18.8167 -4.47844
18.8182 -4.49202
18.8197 -4.50546
18.8212 -4.51876
18.8227 -4.53192
18.8242 -4.54494
18.8257 -4.55781
18.8272 -4.57055
18.8287 -4.58315
18.8302 -4.59561
18.8317 -4.60792
18.8332 -4.62011
18.8347 -4.63215
18.8362 -4.64405
18.8377 -4.65582
18.8392 -4.66746
18.8407 -4.67895
18.8422 -4.69032
18.8437 -4.70154
18.8452 -4.71264
18.8467 -4.72359
18.8482 -4.73442
18.8497 -4.74511
18.8512 -4.75567
18.8527 -4.7661
18.8542 -4.77639
18.8557 -4.78656
18.8572 -4.79659
18.8587 -4.8065
18.8602 -4.81627
18.8617 -4.82592
18.8632 -4.83543
18.8647 -4.84482
18.8662 -4.85408
18.8677 -4.86321
18.8692 -4.87221
18.8707 -4.88109
18.8722 -4.88984
18.8737 -4.89847
18.8752 -4.90697
18.8767 -4.91535
18.8782 -4.9236
18.8797 -4.93173
18.8812 -4.93973
18.8827 -4.94761
18.8842 -4.95537
18.8857 -4.96301
18.8872 -4.97053
18.8887 -4.97792
18.8902 -4.98519
18.8917 -4.99235
18.8932 -4.99938
18.8947 -5.0063
18.8962 -5.01309
18.8977 -5.01977
18.8992 -5.02633
18.9007 -5.03277
18.9022 -5.03909
18.9037 -5.0453
18.9052 -5.05139
18.9067 -5.05736
18.9082 -5.06322
18.9097 -5.06897
18.9112 -5.0746
18.9127 -5.08011
18.9142 -5.08552
18.9157 -5.09081
18.9172 -5.09598
18.9187 -5.10105
18.9202 -5.106
18.9217 -5.11084
18.9232 -5.11557
18.9247 -5.12019
18.9262 -5.1247
18.9277 -5.12909
18.9292 -5.13338
18.9307 -5.13757
18.9322 -5.14164
18.9337 -5.1456
18.9352 -5.14946
18.9367 -5.15321
18.9382 -5.15685
18.9397 -5.16039
18.9412 -5.16382
18.9427 -5.16714
18.9442 -5.17036
18.9457 -5.17348
18.9472 -5.17649
18.9487 -5.1794
18.9502 -5.1822
18.9517 -5.1849
18.9532 -5.1875
18.9547 -5.19
18.9562 -5.1924
18.9577 -5.19469
18.9592 -5.19688
18.9607 -5.19898
18.9622 -5.20097
18.9637 -5.20286
18.9652 -5.20466
18.9667 -5.20635
18.9682 -5.20795
18.9697 -5.20945
18.9712 -5.21085
18.9727 -5.21216
18.9742 -5.21336
18.9757 -5.21448
18.9772 -5.21549
18.9787 -5.21641
18.9802 -5.21724
18.9817 -5.21797
18.9832 -5.21861
18.9847 -5.21915
18.9862 -5.2196
18.9877 -5.21996
18.9892 -5.22022
18.9907 -5.22039
18.9922 -5.22047
18.9937 -5.22046
18.9952 -5.22036
18.9967 -5.22017
18.9982 -5.21989
18.9997 -5.21951
19.0013 -5.21905
19.0028 -5.2185
19.0043 -5.21786
19.0058 -5.21714
19.0073 -5.21632
19.0088 -5.21542
19.0103 -5.21443
19.0118 -5.21336
19.0133 -5.2122
19.0148 -5.21095
19.0163 -5.20962
19.0178 -5.2082
19.0193 -5.2067
19.0208 -5.20511
19.0223 -5.20344
19.0238 -5.20169
19.0253 -5.19985
19.0268 -5.19793
19.0283 -5.19593
19.0298 -5.19385
19.0313 -5.19169
19.0328 -5.18944
19.0343 -5.18712
19.0358 -5.18471
19.0373 -5.18223
19.0388 -5.17966
19.0403 -5.17702
19.0418 -5.1743
19.0433 -5.1715
19.0448 -5.16862
19.0463 -5.16566
19.0478 -5.16263
19.0493 -5.15952
19.0508 -5.15633
19.0523 -5.15307
19.0538 -5.14973
19.0553 -5.14632
19.0568 -5.14283
19.0583 -5.13927
19.0598 -5.13563
19.0613 -5.13192
19.0628 -5.12814
19.0643 -5.12428
19.0658 -5.12035
19.0673 -5.11635
19.0688 -5.11228
19.0703 -5.10814
19.0718 -5.10392
19.0733 -5.09964
19.0748 -5.09528
19.0763 -5.09085
19.0778 -5.08636
19.0793 -5.08179
19.0808 -5.07716
19.0823 -5.07246
19.0838 -5.06769
19.0853 -5.06285
19.0868 -5.05794
19.0883 -5.05297
19.0898 -5.04793
19.0913 -5.04283
19.0928 -5.03766
19.0943 -5.03242
19.0958 -5.02712
19.0973 -5.02175
19.0988 -5.01632
19.1003 -5.01083
19.1018 -5.00527
19.1033 -4.99964
19.1048 -4.99396
19.1063 -4.98821
19.1078 -4.9824
19.1093 -4.97653
19.1108 -4.9706
19.1123 -4.9646
19.1138 -4.95855
19.1153 -4.95243
19.1168 -4.94626
19.1183 -4.94002
19.1198 -4.93373
19.1213 -4.92737
19.1228 -4.92096
19.1243 -4.91449
19.1258 -4.90796
19.1273 -4.90137
19.1288 -4.89473
19.1303 -4.88803
19.1318 -4.88127
19.1333 -4.87446
19.1348 -4.86759
19.1363 -4.86066
19.1378 -4.85368
19.1393 -4.84665
19.1408 -4.83956
19.1423 -4.83242
19.1438 -4.82522
19.1453 -4.81797
19.1468 -4.81066
19.1483 -4.80331
19.1498 -4.7959
19.1513 -4.78844
19.1528 -4.78092
19.1543 -4.77336
19.1558 -4.76574
19.1573 -4.75808
19.1588 -4.75036
19.1603 -4.74259
19.1618 -4.73478
19.1633 -4.72691
19.1648 -4.719
19.1663 -4.71103
19.1678 -4.70302
19.1693 -4.69496
19.1708 -4.68686
19.1723 -4.6787
19.1738 -4.6705
19.1753 -4.66225
19.1768 -4.65396
19.1783 -4.64562
19.1798 -4.63723
19.1813 -4.6288
19.1828 -4.62032
19.1843 -4.6118
19.1858 -4.60323
19.1873 -4.59462
19.1888 -4.58597
19.1903 -4.57727
19.1918 -4.56853
19.1933 -4.55975
19.1948 -4.55092
19.1963 -4.54206
19.1978 -4.53315
19.1993 -4.5242
19.2009 -4.5152
19.2024 -4.50617
19.2039 -4.4971
19.2054 -4.48799
19.2069 -4.47883
19.2084 -4.46964
19.2099 -4.46041
19.2114 -4.45114
19.2129 -4.44183
19.2144 -4.43248
19.2159 -4.4231
19.2174 -4.41367
19.2189 -4.40421
19.2204 -4.39472
19.2219 -4.38518
19.2234 -4.37561
19.2249 -4.36601
19.2264 -4.35636
19.2279 -4.34669
19.2294 -4.33697
19.2309 -4.32723
19.2324 -4.31744
19.2339 -4.30763
19.2354 -4.29778
19.2369 -4.2879
19.2384 -4.27798
19.2399 -4.26803
19.2414 -4.25805
19.2429 -4.24803
19.2444 -4.23799
19.2459 -4.22791
19.2474 -4.2178
19.2489 -4.20766
19.2504 -4.19749
19.2519 -4.18728
19.2534 -4.17705
19.2549 -4.16679
19.2564 -4.1565
19.2579 -4.14617
19.2594 -4.13582
19.2609 -4.12545
19.2624 -4.11504
19.2639 -4.1046
19.2654 -4.09414
19.2669 -4.08365
19.2684 -4.07313
19.2699 -4.06258
19.2714 -4.05201
19.2729 -4.04141
19.2744 -4.03079
19.2759 -4.02014
19.2774 -4.00947
19.2789 -3.99876
19.2804 -3.98804
19.2819 -3.97729
19.2834 -3.96651
19.2849 -3.95572
19.2864 -3.94489
19.2879 -3.93405
19.2894 -3.92318
19.2909 -3.91229
19.2924 -3.90137
19.2939 -3.89044
19.2954 -3.87948
19.2969 -3.8685
19.2984 -3.8575
19.2999 -3.84647
19.3014 -3.83543
19.3029 -3.82436
19.3044 -3.81328
19.3059 -3.80217
19.3074 -3.79105
19.3089 -3.77991
19.3104 -3.76874
19.3119 -3.75756
19.3134 -3.74636
19.3149 -3.73514
19.3164 -3.7239
19.3179 -3.71265
19.3194 -3.70137
19.3209 -3.69008
19.3224 -3.67878
19.3239 -3.66745
19.3254 -3.65611
19.3269 -3.64476
19.3284 -3.63338
19.3299 -3.622
19.3314 -3.61059
19.3329 -3.59917
19.3344 -3.58774
19.3359 -3.57629
19.3374 -3.56483
19.3389 -3.55335
19.3404 -3.54186
19.3419 -3.53036
19.3434 -3.51884
19.3449 -3.50731
19.3464 -3.49577
19.3479 -3.48421
19.3494 -3.47265
19.3509 -3.46107
19.3524 -3.44948
19.3539 -3.43787
19.3554 -3.42626
19.3569 -3.41464
19.3584 -3.403
19.3599 -3.39136
19.3614 -3.3797
19.3629 -3.36804
19.3644 -3.35636
19.3659 -3.34468
19.3674 -3.33298
19.3689 -3.32128
19.3704 -3.30957
19.3719 -3.29785
19.3734 -3.28612
19.3749 -3.27439
19.3764 -3.26265
19.3779 -3.2509
19.3794 -3.23914
19.3809 -3.22738
19.3824 -3.21561
19.3839 -3.20383
19.3854 -3.19205
19.3869 -3.18026
19.3884 -3.16847
19.3899 -3.15667
19.3914 -3.14486
19.3929 -3.13305
19.3944 -3.12124
19.3959 -3.10942
19.3974 -3.0976
19.3989 -3.08577
19.4005 -3.07394
19.402 -3.06211
19.4035 -3.05027
19.405 -3.03843
19.4065 -3.02659
19.408 -3.01475
19.4095 -3.0029
19.411 -2.99105
19.4125 -2.9792
19.414 -2.96735
19.4155 -2.9555
19.417 -2.94364
19.4185 -2.93179
19.42 -2.91993
19.4215 -2.90808
19.423 -2.89622
19.4245 -2.88437
19.426 -2.87251
19.4275 -2.86066
19.429 -2.84881
19.4305 -2.83695
19.432 -2.8251
19.4335 -2.81325
19.435 -2.80141
19.4365 -2.78956
19.438 -2.77772
19.4395 -2.76588
19.441 -2.75404
19.4425 -2.7422
19.444 -2.73037
19.4455 -2.71854
19.447 -2.70672
19.4485 -2.69489
19.45 -2.68308
19.4515 -2.67126
19.453 -2.65946
19.4545 -2.64765
19.456 -2.63585
19.4575 -2.62406
19.459 -2.61227
19.4605 -2.60049
19.462 -2.58871
19.4635 -2.57694
19.465 -2.56517
19.4665 -2.55342
19.468 -2.54166
19.4695 -2.52992
19.471 -2.51818
19.4725 -2.50645
19.474 -2.49473
19.4755 -2.48301
19.477 -2.4713
19.4785 -2.4596
19.48 -2.44791
19.4815 -2.43623
19.483 -2.42456
19.4845 -2.41289
19.486 -2.40124
19.4875 -2.38959
19.489 -2.37795
19.4905 -2.36633
19.492 -2.35471
19.4935 -2.3431
19.495 -2.33151
19.4965 -2.31992
19.498 -2.30835
19.4995 -2.29678
19.501 -2.28523
19.5025 -2.27369
19.504 -2.26216
19.5055 -2.25064
19.507 -2.23914
19.5085 -2.22764
19.51 -2.21616
19.5115 -2.2047
19.513 -2.19324
19.5145 -2.1818
19.516 -2.17037
19.5175 -2.15895
19.519 -2.14755
19.5205 -2.13616
19.522 -2.12479
19.5235 -2.11343
19.525 -2.10208
19.5265 -2.09075
19.528 -2.07943
19.5295 -2.06813
19.531 -2.05684
19.5325 -2.04557
19.534 -2.03432
19.5355 -2.02308
19.537 -2.01185
19.5385 -2.00065
19.54 -1.98945
19.5415 -1.97828
19.543 -1.96712
19.5445 -1.95598
19.546 -1.94485
19.5475 -1.93375
19.549 -1.92265
19.5505 -1.91158
19.552 -1.90053
19.5535 -1.88949
19.555 -1.87847
19.5565 -1.86747
19.558 -1.85649
19.5595 -1.84552
19.561 -1.83458
19.5625 -1.82365
19.564 -1.81275
19.5655 -1.80186
19.567 -1.79099
19.5685 -1.78014
19.57 -1.76931
19.5715 -1.7585
19.573 -1.74772
19.5745 -1.73695
19.576 -1.7262
19.5775 -1.71547
19.579 -1.70477
19.5805 -1.69408
19.582 -1.68342
19.5835 -1.67278
19.585 -1.66216
19.5865 -1.65156
19.588 -1.64098
19.5895 -1.63043
19.591 -1.61989
19.5925 -1.60938
19.594 -1.5989
19.5955 -1.58843
19.597 -1.57799
19.5985 -1.56757
19.6001 -1.55717
19.6016 -1.5468
19.6031 -1.53645
19.6046 -1.52613
19.6061 -1.51582
19.6076 -1.50555
19.6091 -1.49529
19.6106 -1.48506
19.6121 -1.47486
19.6136 -1.46468
19.6151 -1.45452
19.6166 -1.44439
19.6181 -1.43429
19.6196 -1.42421
19.6211 -1.41415
19.6226 -1.40413
19.6241 -1.39412
19.6256 -1.38414
19.6271 -1.37419
19.6286 -1.36427
19.6301 -1.35437
19.6316 -1.3445
19.6331 -1.33465
19.6346 -1.32483
19.6361 -1.31504
19.6376 -1.30527
19.6391 -1.29554
19.6406 -1.28583
19.6421 -1.27614
19.6436 -1.26649
19.6451 -1.25686
19.6466 -1.24726
19.6481 -1.23769
19.6496 -1.22814
19.6511 -1.21863
19.6526 -1.20914
19.6541 -1.19968
19.6556 -1.19025
19.6571 -1.18085
19.6586 -1.17148
19.6601 -1.16214
19.6616 -1.15283
19.6631 -1.14354
19.6646 -1.13429
19.6661 -1.12507
19.6676 -1.11587
19.6691 -1.10671
19.6706 -1.09757
19.6721 -1.08847
19.6736 -1.0794
19.6751 -1.07035
19.6766 -1.06134
19.6781 -1.05236
19.6796 -1.04341
19.6811 -1.03449
19.6826 -1.0256
19.6841 -1.01674
19.6856 -1.00792
19.6871 -0.999123
19.6886 -0.990361
19.6901 -0.98163
19.6916 -0.972931
19.6931 -0.964264
19.6946 -0.95563
19.6961 -0.947027
19.6976 -0.938458
19.6991 -0.92992
19.7006 -0.921416
19.7021 -0.912944
19.7036 -0.904505
19.7051 -0.896099
19.7066 -0.887726
19.7081 -0.879387
19.7096 -0.87108
19.7111 -0.862808
19.7126 -0.854569
19.7141 -0.846364
19.7156 -0.838192
19.7171 -0.830055
19.7186 -0.821951
19.7201 -0.813882
19.7216 -0.805847
19.7231 -0.797847
19.7246 -0.789881
19.7261 -0.781949
19.7276 -0.774053
19.7291 -0.766191
19.7306 -0.758364
19.7321 -0.750572
19.7336 -0.742816
19.7351 -0.735095
19.7366 -0.727409
19.7381 -0.719758
19.7396 -0.712144
19.7411 -0.704565
19.7426 -0.697022
19.7441 -0.689514
19.7456 -0.682043
19.7471 -0.674608
19.7486 -0.667209
19.7501 -0.659846
19.7516 -0.65252
19.7531 -0.645231
19.7546 -0.637978
19.7561 -0.630762
19.7576 -0.623582
19.7591 -0.61644
19.7606 -0.609334
19.7621 -0.602266
19.7636 -0.595235
19.7651 -0.588241
19.7666 -0.581285
19.7681 -0.574366
19.7696 -0.567484
19.7711 -0.560641
19.7726 -0.553835
19.7741 -0.547067
19.7756 -0.540337
19.7771 -0.533645
19.7786 -0.526991
19.7801 -0.520376
19.7816 -0.513798
19.7831 -0.50726
19.7846 -0.500759
19.7861 -0.494298
19.7876 -0.487874
19.7891 -0.48149
19.7906 -0.475145
19.7921 -0.468838
19.7936 -0.462571
19.7951 -0.456342
19.7966 -0.450153
19.7981 -0.444003
19.7996 -0.437892
19.8012 -0.431821
19.8027 -0.425789
19.8042 -0.419797
19.8057 -0.413844
19.8072 -0.407932
19.8087 -0.402059
19.8102 -0.396226
19.8117 -0.390433
19.8132 -0.38468
19.8147 -0.378967
19.8162 -0.373294
19.8177 -0.367661
19.8192 -0.362069
19.8207 -0.356518
19.8222 -0.351006
19.8237 -0.345536
19.8252 -0.340106
19.8267 -0.334716
19.8282 -0.329368
19.8297 -0.32406
19.8312 -0.318793
19.8327 -0.313568
19.8342 -0.308383
19.8357 -0.303239
19.8372 -0.298137
19.8387 -0.293075
19.8402 -0.288056
19.8417 -0.283077
19.8432 -0.27814
19.8447 -0.273244
19.8462 -0.26839
19.8477 -0.263578
19.8492 -0.258807
19.8507 -0.254078
19.8522 -0.249391
19.8537 -0.244746
19.8552 -0.240143
19.8567 -0.235581
19.8582 -0.231062
19.8597 -0.226585
19.8612 -0.22215
19.8627 -0.217757
19.8642 -0.213406
19.8657 -0.209098
19.8672 -0.204832
19.8687 -0.200609
19.8702 -0.196428
19.8717 -0.19229
19.8732 -0.188194
19.8747 -0.184141
19.8762 -0.180131
19.8777 -0.176163
19.8792 -0.172238
19.8807 -0.168356
19.8822 -0.164517
19.8837 -0.160721
19.8852 -0.156967
19.8867 -0.153257
19.8882 -0.14959
19.8897 -0.145966
19.8912 -0.142385
19.8927 -0.138848
19.8942 -0.135353
19.8957 -0.131902
19.8972 -0.128495
19.8987 -0.12513
19.9002 -0.12181
19.9017 -0.118532
19.9032 -0.115298
19.9047 -0.112108
19.9062 -0.108961
19.9077 -0.105858
19.9092 -0.102798
19.9107 -0.0997826
19.9122 -0.0968105
19.9137 -0.0938822
19.9152 -0.0909977
19.9167 -0.0881571
19.9182 -0.0853603
19.9197 -0.0826074
19.9212 -0.0798984
19.9227 -0.0772334
19.9242 -0.0746125
19.9257 -0.0720355
19.9272 -0.0695026
19.9287 -0.0670138
19.9302 -0.0645691
19.9317 -0.0621686
19.9332 -0.0598122
19.9347 -0.0575001
19.9362 -0.0552322
19.9377 -0.0530085
19.9392 -0.0508291
19.9407 -0.048694
19.9422 -0.0466033
19.9437 -0.0445569
19.9452 -0.0425548
19.9467 -0.0405972
19.9482 -0.038684
19.9497 -0.0368152
19.9512 -0.0349909
19.9527 -0.0332111
19.9542 -0.0314758
19.9557 -0.029785
19.9572 -0.0281387
19.9587 -0.026537
19.9602 -0.0249799
19.9617 -0.0234673
19.9632 -0.0219994
19.9647 -0.0205761
19.9662 -0.0191974
19.9677 -0.0178633
19.9692 -0.016574
19.9707 -0.0153293
19.9722 -0.0141292
19.9737 -0.0129739
19.9752 -0.0118633
19.9767 -0.0107974
19.9782 -0.00977625
19.9797 -0.00879982
19.9812 -0.00786814
19.9827 -0.00698121
19.9842 -0.00613904
19.9857 -0.00534164
19.9872 -0.00458901
19.9887 -0.00388116
19.9902 -0.00321809
19.9917 -0.00259981
19.9932 -0.00202633
19.9947 -0.00149764
19.9962 -0.00101374
19.9977 -0.000574644
19.9992 -0.000180348
20.0008 0.000169148
20.0023 0.000473843
20.0038 0.000733738
20.0053 0.000948834
20.0068 0.00111913
20.0083 0.00124464
20.0098 0.00132535
20.0113 0.00136128
20.0128 0.00135242
20.0143 0.00129878
20.0158 0.00120037
20.0173 0.00105719
20.0188 0.000869251
20.0203 0.000636559
20.0218 0.000359121
20.0233 3.69452e-05
20.0248 -0.000329958
20.0263 -0.000741581
20.0278 -0.00119791
20.0293 -0.00169894
20.0308 -0.00224465
20.0323 -0.00283504
20.0338 -0.00347009
20.0353 -0.00414978
20.0368 -0.00487412
20.0383 -0.00564307
20.0398 -0.00645662
20.0413 -0.00731476
20.0428 -0.00821748
20.0443 -0.00916475
20.0458 -0.0101566
20.0473 -0.0111929
20.0488 -0.0122737
20.0503 -0.013399
20.0518 -0.0145688
20.0533 -0.015783
20.0548 -0.0170417
20.0563 -0.0183447
20.0578 -0.0196921
20.0593 -0.0210839
20.0608 -0.02252
20.0623 -0.0240003
20.0638 -0.025525
20.0653 -0.027094
20.0668 -0.0287071
20.0683 -0.0303645
20.0698 -0.032066
20.0713 -0.0338117
20.0728 -0.0356015
20.0743 -0.0374354
20.0758 -0.0393134
20.0773 -0.0412354
20.0788 -0.0432014
20.0803 -0.0452113
20.0818 -0.0472652
20.0833 -0.049363
20.0848 -0.0515047
20.0863 -0.0536902
20.0878 -0.0559195
20.0893 -0.0581926
20.0908 -0.0605094
20.0923 -0.0628699
20.0938 -0.0652741
20.0953 -0.0677219
20.0968 -0.0702133
20.0983 -0.0727482
20.0998 -0.0753266
20.1013 -0.0779485
20.1028 -0.0806138
20.1043 -0.0833225
20.1058 -0.0860745
20.1073 -0.0888699
20.1088 -0.0917085
20.1103 -0.0945903
20.1118 -0.0975153
20.1133 -0.100483
20.1148 -0.103495
20.1163 -0.106549
20.1178 -0.109646
20.1193 -0.112786
20.1208 -0.115969
20.1223 -0.119195
20.1238 -0.122464
20.1253 -0.125775
20.1268 -0.129129
20.1283 -0.132526
20.1298 -0.135965
20.1313 -0.139447
20.1328 -0.142972
20.1343 -0.146539
20.1358 -0.150148
20.1373 -0.153799
20.1388 -0.157493
20.1403 -0.161229
20.1418 -0.165007
20.1433 -0.168828
20.1448 -0.17269
20.1463 -0.176594
20.1478 -0.180541
20.1493 -0.184529
20.1508 -0.188559
20.1523 -0.19263
20.1538 -0.196744
20.1553 -0.200899
20.1568 -0.205095
20.1583 -0.209333
20.1598 -0.213613
20.1613 -0.217934
20.1628 -0.222296
20.1643 -0.2267
20.1658 -0.231144
20.1673 -0.23563
20.1688 -0.240157
20.1703 -0.244725
20.1718 -0.249333
20.1733 -0.253983
20.1748 -0.258673
20.1763 -0.263404
20.1778 -0.268176
20.1793 -0.272988
20.1808 -0.277841
20.1823 -0.282734
20.1838 -0.287667
20.1853 -0.292641
20.1868 -0.297655
20.1883 -0.302709
20.1898 -0.307803
20.1913 -0.312937
20.1928 -0.318111
20.1943 -0.323325
20.1958 -0.328579
20.1973 -0.333872
20.1988 -0.339205
20.2004 -0.344577
20.2019 -0.349989
20.2034 -0.35544
20.2049 -0.36093
20.2064 -0.366459
20.2079 -0.372028
20.2094 -0.377635
20.2109 -0.383282
20.2124 -0.388967
20.2139 -0.394691
20.2154 -0.400454
20.2169 -0.406255
20.2184 -0.412095
20.2199 -0.417974
20.2214 -0.42389
20.2229 -0.429845
20.2244 -0.435838
20.2259 -0.441869
20.2274 -0.447938
20.2289 -0.454045
20.2304 -0.460189
20.2319 -0.466372
20.2334 -0.472591
20.2349 -0.478849
20.2364 -0.485144
20.2379 -0.491476
20.2394 -0.497845
20.2409 -0.504252
20.2424 -0.510695
20.2439 -0.517175
20.2454 -0.523693
20.2469 -0.530247
20.2484 -0.536837
20.2499 -0.543464
20.2514 -0.550128
20.2529 -0.556828
20.2544 -0.563564
20.2559 -0.570336
20.2574 -0.577145
20.2589 -0.583989
20.2604 -0.590869
20.2619 -0.597785
20.2634 -0.604736
20.2649 -0.611723
20.2664 -0.618745
20.2679 -0.625802
20.2694 -0.632895
20.2709 -0.640023
20.2724 -0.647186
20.2739 -0.654383
20.2754 -0.661616
20.2769 -0.668883
20.2784 -0.676184
20.2799 -0.68352
20.2814 -0.69089
20.2829 -0.698295
20.2844 -0.705733
20.2859 -0.713206
20.2874 -0.720712
20.2889 -0.728252
20.2904 -0.735826
20.2919 -0.743433
20.2934 -0.751073
20.2949 -0.758747
20.2964 -0.766454
20.2979 -0.774194
20.2994 -0.781967
20.3009 -0.789773
20.3024 -0.797611
20.3039 -0.805482
20.3054 -0.813385
20.3069 -0.821321
20.3084 -0.829288
20.3099 -0.837288
20.3114 -0.84532
20.3129 -0.853383
20.3144 -0.861479
20.3159 -0.869605
20.3174 -0.877764
20.3189 -0.885953
20.3204 -0.894174
20.3219 -0.902425
20.3234 -0.910708
20.3249 -0.919021
20.3264 -0.927365
20.3279 -0.93574
20.3294 -0.944145
20.3309 -0.95258
20.3324 -0.961045
20.3339 -0.969541
20.3354 -0.978066
20.3369 -0.986621
20.3384 -0.995205
20.3399 -1.00382
20.3414 -1.01246
20.3429 -1.02113
20.3444 -1.02984
20.3459 -1.03857
20.3474 -1.04733
20.3489 -1.05611
20.3504 -1.06493
20.3519 -1.07377
20.3534 -1.08265
20.3549 -1.09155
20.3564 -1.10048
20.3579 -1.10943
20.3594 -1.11842
20.3609 -1.12743
20.3624 -1.13647
20.3639 -1.14553
20.3654 -1.15463
20.3669 -1.16375
20.3684 -1.17289
20.3699 -1.18207
20.3714 -1.19127
20.3729 -1.20049
20.3744 -1.20975
20.3759 -1.21902
20.3774 -1.22833
20.3789 -1.23766
20.3804 -1.24701
20.3819 -1.2564
20.3834 -1.2658
20.3849 -1.27523
20.3864 -1.28469
20.3879 -1.29417
20.3894 -1.30368
20.3909 -1.31321
20.3924 -1.32276
20.3939 -1.33234
20.3954 -1.34194
20.3969 -1.35157
20.3984 -1.36122
20.3999 -1.37089
20.4015 -1.38059
20.403 -1.39031
20.4045 -1.40005
20.406 -1.40982
20.4075 -1.41961
20.409 -1.42942
20.4105 -1.43925
20.412 -1.44911
20.4135 -1.45899
20.415 -1.46889
20.4165 -1.47881
20.418 -1.48875
20.4195 -1.49872
20.421 -1.5087
20.4225 -1.51871
20.424 -1.52874
20.4255 -1.53878
20.427 -1.54885
20.4285 -1.55894
20.43 -1.56905
20.4315 -1.57918
20.433 -1.58933
20.4345 -1.5995
20.436 -1.60969
20.4375 -1.6199
20.439 -1.63012
20.4405 -1.64037
20.442 -1.65063
20.4435 -1.66092
20.445 -1.67122
20.4465 -1.68154
20.448 -1.69188
20.4495 -1.70223
20.451 -1.71261
20.4525 -1.723
20.454 -1.73341
20.4555 -1.74383
20.457 -1.75428
20.4585 -1.76474
20.46 -1.77521
20.4615 -1.78571
20.463 -1.79621
20.4645 -1.80674
20.466 -1.81728
20.4675 -1.82784
20.469 -1.83841
20.4705 -1.849
20.472 -1.8596
20.4735 -1.87022
20.475 -1.88085
20.4765 -1.8915
20.478 -1.90216
20.4795 -1.91283
20.481 -1.92352
20.4825 -1.93423
20.484 -1.94494
20.4855 -1.95567
20.487 -1.96642
20.4885 -1.97717
20.49 -1.98794
20.4915 -1.99872
20.493 -2.00952
20.4945 -2.02033
20.496 -2.03114
20.4975 -2.04197
20.499 -2.05282
20.5005 -2.06367
20.502 -2.07453
20.5035 -2.08541
20.505 -2.0963
20.5065 -2.10719
20.508 -2.1181
20.5095 -2.12902
20.511 -2.13995
20.5125 -2.15088
20.514 -2.16183
20.5155 -2.17279
20.517 -2.18375
20.5185 -2.19473
20.52 -2.20571
20.5215 -2.2167
20.523 -2.2277
20.5245 -2.23871
20.526 -2.24973
20.5275 -2.26075
20.529 -2.27179
20.5305 -2.28282
20.532 -2.29387
20.5335 -2.30492
20.535 -2.31598
20.5365 -2.32705
20.538 -2.33812
20.5395 -2.3492
20.541 -2.36028
20.5425 -2.37137
20.544 -2.38247
20.5455 -2.39357
20.547 -2.40467
20.5485 -2.41578
20.55 -2.4269
20.5515 -2.43802
20.553 -2.44914
20.5545 -2.46026
20.556 -2.47139
20.5575 -2.48253
20.559 -2.49366
20.5605 -2.5048
20.562 -2.51594
20.5635 -2.52709
20.565 -2.53824
20.5665 -2.54938
20.568 -2.56053
20.5695 -2.57169
20.571 -2.58284
20.5725 -2.59399
20.574 -2.60515
20.5755 -2.61631
20.577 -2.62746
20.5785 -2.63862
20.58 -2.64977
20.5815 -2.66093
20.583 -2.67209
20.5845 -2.68324
20.586 -2.69439
20.5875 -2.70555
20.589 -2.7167
20.5905 -2.72785
20.592 -2.739
20.5935 -2.75014
20.595 -2.76128
20.5965 -2.77242
20.598 -2.78356
20.5995 -2.7947
20.6011 -2.80583
20.6026 -2.81695
20.6041 -2.82808
20.6056 -2.8392
20.6071 -2.85031
20.6086 -2.86142
20.6101 -2.87253
20.6116 -2.88363
20.6131 -2.89472
20.6146 -2.90581
20.6161 -2.91689
20.6176 -2.92797
20.6191 -2.93904
20.6206 -2.95011
20.6221 -2.96117
20.6236 -2.97222
20.6251 -2.98326
20.6266 -2.9943
20.6281 -3.00532
20.6296 -3.01634
20.6311 -3.02736
20.6326 -3.03836
20.6341 -3.04935
20.6356 -3.06034
20.6371 -3.07131
20.6386 -3.08228
20.6401 -3.09324
20.6416 -3.10418
20.6431 -3.11512
20.6446 -3.12604
20.6461 -3.13696
20.6476 -3.14786
20.6491 -3.15875
20.6506 -3.16963
20.6521 -3.1805
20.6536 -3.19136
20.6551 -3.2022
20.6566 -3.21303
20.6581 -3.22385
20.6596 -3.23466
20.6611 -3.24545
20.6626 -3.25622
20.6641 -3.26699
20.6656 -3.27774
20.6671 -3.28847
20.6686 -3.29919
20.6701 -3.3099
20.6716 -3.32058
20.6731 -3.33126
20.6746 -3.34192
20.6761 -3.35256
20.6776 -3.36318
20.6791 -3.37379
20.6806 -3.38438
20.6821 -3.39496
20.6836 -3.40551
20.6851 -3.41605
20.6866 -3.42657
20.6881 -3.43707
20.6896 -3.44756
20.6911 -3.45802
20.6926 -3.46847
20.6941 -3.47889
20.6956 -3.4893
20.6971 -3.49968
20.6986 -3.51005
20.7001 -3.52039
20.7016 -3.53072
20.7031 -3.54102
20.7046 -3.5513
20.7061 -3.56156
20.7076 -3.5718
20.7091 -3.58201
20.7106 -3.59221
20.7121 -3.60238
20.7136 -3.61252
20.7151 -3.62265
20.7166 -3.63275
20.7181 -3.64282
20.7196 -3.65287
20.7211 -3.6629
20.7226 -3.6729
20.7241 -3.68288
20.7256 -3.69283
20.7271 -3.70275
20.7286 -3.71265
20.7301 -3.72253
20.7316 -3.73237
20.7331 -3.74219
20.7346 -3.75198
20.7361 -3.76175
20.7376 -3.77148
20.7391 -3.78119
20.7406 -3.79087
20.7421 -3.80052
20.7436 -3.81015
20.7451 -3.81974
20.7466 -3.8293
20.7481 -3.83884
20.7496 -3.84834
20.7511 -3.85781
20.7526 -3.86725
20.7541 -3.87666
20.7556 -3.88604
20.7571 -3.89539
20.7586 -3.90471
20.7601 -3.91399
20.7616 -3.92324
20.7631 -3.93246
20.7646 -3.94164
20.7661 -3.95079
20.7676 -3.95991
20.7691 -3.96899
20.7706 -3.97804
20.7721 -3.98706
20.7736 -3.99603
20.7751 -4.00498
20.7766 -4.01388
20.7781 -4.02276
20.7796 -4.03159
20.7811 -4.04039
20.7826 -4.04915
20.7841 -4.05787
20.7856 -4.06656
20.7871 -4.07521
20.7886 -4.08382
20.7901 -4.09239
20.7916 -4.10092
20.7931 -4.10942
20.7946 -4.11787
20.7961 -4.12628
20.7976 -4.13466
20.7991 -4.14299
20.8007 -4.15128
20.8022 -4.15954
20.8037 -4.16775
20.8052 -4.17591
20.8067 -4.18404
20.8082 -4.19212
20.8097 -4.20017
20.8112 -4.20816
20.8127 -4.21612
20.8142 -4.22403
20.8157 -4.2319
20.8172 -4.23972
20.8187 -4.2475
20.8202 -4.25523
20.8217 -4.26292
20.8232 -4.27056
20.8247 -4.27815
20.8262 -4.2857
20.8277 -4.29321
20.8292 -4.30066
20.8307 -4.30807
20.8322 -4.31543
20.8337 -4.32274
20.8352 -4.33001
20.8367 -4.33722
20.8382 -4.34439
20.8397 -4.35151
20.8412 -4.35858
20.8427 -4.36559
20.8442 -4.37256
20.8457 -4.37948
20.8472 -4.38634
20.8487 -4.39316
20.8502 -4.39992
20.8517 -4.40663
20.8532 -4.41329
20.8547 -4.41989
20.8562 -4.42644
20.8577 -4.43294
20.8592 -4.43939
20.8607 -4.44578
20.8622 -4.45211
20.8637 -4.45839
20.8652 -4.46462
20.8667 -4.47079
20.8682 -4.47691
20.8697 -4.48296
20.8712 -4.48897
20.8727 -4.49491
20.8742 -4.5008
20.8757 -4.50663
20.8772 -4.5124
20.8787 -4.51811
20.8802 -4.52377
20.8817 -4.52936
20.8832 -4.5349
20.8847 -4.54038
20.8862 -4.54579
20.8877 -4.55115
20.8892 -4.55645
20.8907 -4.56168
20.8922 -4.56685
20.8937 -4.57196
20.8952 -4.57701
20.8967 -4.582
20.8982 -4.58692
20.8997 -4.59178
20.9012 -4.59658
20.9027 -4.60131
20.9042 -4.60598
20.9057 -4.61058
20.9072 -4.61512
20.9087 -4.61959
20.9102 -4.62399
20.9117 -4.62833
20.9132 -4.63261
20.9147 -4.63681
20.9162 -4.64095
20.9177 -4.64502
20.9192 -4.64903
20.9207 -4.65296
20.9222 -4.65683
20.9237 -4.66062
20.9252 -4.66435
20.9267 -4.66801
20.9282 -4.6716
20.9297 -4.67511
20.9312 -4.67856
20.9327 -4.68193
20.9342 -4.68523
20.9357 -4.68846
20.9372 -4.69162
20.9387 -4.6947
20.9402 -4.69772
20.9417 -4.70065
20.9432 -4.70352
20.9447 -4.7063
20.9462 -4.70902
20.9477 -4.71166
20.9492 -4.71422
20.9507 -4.71671
20.9522 -4.71912
20.9537 -4.72145
20.9552 -4.72371
20.9567 -4.72589
20.9582 -4.72799
20.9597 -4.73001
20.9612 -4.73196
20.9627 -4.73382
20.9642 -4.73561
20.9657 -4.73732
20.9672 -4.73894
20.9687 -4.74049
20.9702 -4.74195
20.9717 -4.74334
20.9732 -4.74464
20.9747 -4.74586
20.9762 -4.747
20.9777 -4.74805
20.9792 -4.74902
20.9807 -4.74991
20.9822 -4.75071
20.9837 -4.75143
20.9852 -4.75206
20.9867 -4.75261
20.9882 -4.75307
20.9897 -4.75345
20.9912 -4.75374
20.9927 -4.75394
20.9942 -4.75406
20.9957 -4.75408
20.9972 -4.75402
20.9987 -4.75387
21.0003 -4.75364
21.0018 -4.75331
21.0033 -4.75289
21.0048 -4.75239
21.0063 -4.75179
21.0078 -4.7511
21.0093 -4.75032
21.0108 -4.74945
21.0123 -4.74849
21.0138 -4.74743
21.0153 -4.74628
21.0168 -4.74504
21.0183 -4.7437
21.0198 -4.74227
21.0213 -4.74075
21.0228 -4.73913
21.0243 -4.73741
21.0258 -4.7356
21.0273 -4.7337
21.0288 -4.73169
21.0303 -4.72959
21.0318 -4.72739
21.0333 -4.7251
21.0348 -4.7227
21.0363 -4.72021
21.0378 -4.71762
21.0393 -4.71492
21.0408 -4.71213
21.0423 -4.70924
21.0438 -4.70625
21.0453 -4.70315
21.0468 -4.69996
21.0483 -4.69666
21.0498 -4.69326
21.0513 -4.68976
21.0528 -4.68615
21.0543 -4.68244
21.0558 -4.67862
21.0573 -4.6747
21.0588 -4.67068
21.0603 -4.66655
21.0618 -4.66231
21.0633 -4.65797
21.0648 -4.65352
21.0663 -4.64897
21.0678 -4.64431
21.0693 -4.63953
21.0708 -4.63465
21.0723 -4.62967
21.0738 -4.62457
21.0753 -4.61936
21.0768 -4.61404
21.0783 -4.60861
21.0798 -4.60307
21.0813 -4.59742
21.0828 -4.59166
21.0843 -4.58578
21.0858 -4.5798
21.0873 -4.57369
21.0888 -4.56748
21.0903 -4.56115
21.0918 -4.55471
21.0933 -4.54815
21.0948 -4.54147
21.0963 -4.53469
21.0978 -4.52778
21.0993 -4.52076
21.1008 -4.51362
21.1023 -4.50636
21.1038 -4.49898
21.1053 -4.49149
21.1068 -4.48388
21.1083 -4.47614
21.1098 -4.46829
21.1113 -4.46032
21.1128 -4.45222
21.1143 -4.44401
21.1158 -4.43567
21.1173 -4.42722
21.1188 -4.41864
21.1203 -4.40993
21.1218 -4.4011
21.1233 -4.39215
21.1248 -4.38308
21.1263 -4.37388
21.1278 -4.36455
21.1293 -4.3551
21.1308 -4.34552
21.1323 -4.33582
21.1338 -4.32599
21.1353 -4.31603
21.1368 -4.30595
21.1383 -4.29573
21.1398 -4.28539
21.1413 -4.27491
21.1428 -4.26431
21.1443 -4.25358
21.1458 -4.24271
21.1473 -4.23172
21.1488 -4.22059
21.1503 -4.20933
21.1518 -4.19794
21.1533 -4.18642
21.1548 -4.17476
21.1563 -4.16297
21.1578 -4.15104
21.1593 -4.13898
21.1608 -4.12679
21.1623 -4.11446
21.1638 -4.10199
21.1653 -4.08938
21.1668 -4.07664
21.1683 -4.06376
21.1698 -4.05074
21.1713 -4.03759
21.1728 -4.02429
21.1743 -4.01085
21.1758 -3.99728
21.1773 -3.98356
21.1788 -3.96971
21.1803 -3.95571
21.1818 -3.94157
21.1833 -3.92728
21.1848 -3.91286
21.1863 -3.89829
21.1878 -3.88358
21.1893 -3.86872
21.1908 -3.85372
21.1923 -3.83857
21.1938 -3.82328
21.1953 -3.80784
21.1968 -3.79225
21.1983 -3.77652
21.1998 -3.76064
21.2014 -3.74461
21.2029 -3.72843
21.2044 -3.71211
21.2059 -3.69563
21.2074 -3.679
21.2089 -3.66223
21.2104 -3.6453
21.2119 -3.62822
21.2134 -3.61099
21.2149 -3.5936
21.2164 -3.57607
21.2179 -3.55837
21.2194 -3.54053
21.2209 -3.52253
21.2224 -3.50438
21.2239 -3.48607
21.2254 -3.4676
21.2269 -3.44898
21.2284 -3.4302
21.2299 -3.41126
21.2314 -3.39217
21.2329 -3.37292
21.2344 -3.35351
21.2359 -3.33393
21.2374 -3.3142
21.2389 -3.29431
21.2404 -3.27426
21.2419 -3.25405
21.2434 -3.23367
21.2449 -3.21313
21.2464 -3.19243
21.2479 -3.17157
21.2494 -3.15054
21.2509 -3.12935
21.2524 -3.10799
21.2539 -3.08647
21.2554 -3.06478
21.2569 -3.04292
21.2584 -3.0209
21.2599 -2.99871
21.2614 -2.97635
21.2629 -2.95383
21.2644 -2.93113
21.2659 -2.90827
21.2674 -2.88523
21.2689 -2.86203
21.2704 -2.83865
21.2719 -2.8151
21.2734 -2.79138
21.2749 -2.76749
21.2764 -2.74343
21.2779 -2.71919
21.2794 -2.69477
21.2809 -2.67019
21.2824 -2.64542
21.2839 -2.62049
21.2854 -2.59537
21.2869 -2.57008
21.2884 -2.54461
21.2899 -2.51897
21.2914 -2.49314
21.2929 -2.46714
21.2944 -2.44096
21.2959 -2.4146
21.2974 -2.38805
21.2989 -2.36133
21.3004 -2.33443
21.3019 -2.30734
21.3034 -2.28007
21.3049 -2.25262
21.3064 -2.22499
21.3079 -2.19717
21.3094 -2.16917
21.3109 -2.14098
21.3124 -2.1126
21.3139 -2.08404
21.3154 -2.0553
21.3169 -2.02636
21.3184 -1.99724
21.3199 -1.96793
21.3214 -1.93844
21.3229 -1.90875
21.3244 -1.87887
21.3259 -1.8488
21.3274 -1.81855
21.3289 -1.7881
21.3304 -1.75746
21.3319 -1.72662
21.3334 -1.69559
21.3349 -1.66437
21.3364 -1.63296
21.3379 -1.60135
21.3394 -1.56955
21.3409 -1.53755
21.3424 -1.50535
21.3439 -1.47296
21.3454 -1.44037
21.3469 -1.40758
21.3484 -1.37459
21.3499 -1.34141
21.3514 -1.30803
21.3529 -1.27444
21.3544 -1.24066
21.3559 -1.20667
21.3574 -1.17248
21.3589 -1.13809
21.3604 -1.1035
21.3619 -1.0687
21.3634 -1.0337
21.3649 -0.9985
21.3664 -0.963092
21.3679 -0.927477
21.3694 -0.891657
21.3709 -0.85563
21.3724 -0.819396
21.3739 -0.782954
21.3754 -0.746304
21.3769 -0.709446
21.3784 -0.672378
21.3799 -0.6351
21.3814 -0.597611
21.3829 -0.559912
21.3844 -0.522001
21.3859 -0.483878
21.3874 -0.445543
21.3889 -0.406994
21.3904 -0.368232
21.3919 -0.329255
21.3934 -0.290063
21.3949 -0.250656
21.3964 -0.211032
21.3979 -0.171193
21.3994 -0.131136
21.401 -0.0908611
21.4025 -0.0503682
21.404 -0.00965647
21.4055 0.0312746
21.407 0.0724257
21.4085 0.113797
21.41 0.15539
21.4115 0.197204
21.413 0.239241
21.4145 0.2815
21.416 0.323983
21.4175 0.366689
21.419 0.40962
21.4205 0.452777
21.422 0.496158
21.4235 0.539766
21.425 0.583601
21.4265 0.627663
21.428 0.671953
21.4295 0.716472
21.431 0.76122
21.4325 0.806197
21.434 0.851405
21.4355 0.896843
21.437 0.942513
21.4385 0.988414
21.44 1.03455
21.4415 1.08092
21.443 1.12752
21.4445 1.17435
21.446 1.22142
21.4475 1.26873
21.449 1.31627
21.4505 1.36405
21.452 1.41206
21.4535 1.46032
21.455 1.50881
21.4565 1.55754
21.458 1.60651
21.4595 1.65572
21.461 1.70517
21.4625 1.75486
21.464 1.8048
21.4655 1.85497
21.467 1.90539
21.4685 1.95605
21.47 2.00696
21.4715 2.05811
21.473 2.10951
21.4745 2.16116
21.476 2.21305
21.4775 2.26518
21.479 2.31757
21.4805 2.3702
21.482 2.42308
21.4835 2.47622
21.485 2.5296
21.4865 2.58323
21.488 2.63712
21.4895 2.69125
21.491 2.74564
21.4925 2.80028
21.494 2.85518
21.4955 2.91033
21.497 2.96574
21.4985 3.0214
21.5 3.07731
