0 0.588891
0.1 0.696205
0.2 0.675974
0.3 0.570031
0.4 0.650943
0.5 0.579903
0.6 0.850809
0.7 0.70422
0.8 0.516886
0.9 0.668566
1 0.729226
1.1 0.629496
1.2 0.601155
1.3 0.651021
1.4 0.602646
1.5 0.668666
1.6 0.651924
1.7 0.648779
1.8 0.713553
1.9 0.709553
2 0.552937
2.1 0.67904
2.2 0.654428
2.3 0.611364
2.4 0.62144
2.5 0.61921
2.6 0.625132
2.7 0.717133
2.8 0.690414
2.9 0.760553
3 0.724802
3.1 0.648847
3.2 0.589324
3.3 0.727924
3.4 0.693426
3.5 0.830075
3.6 0.677427
3.7 0.735922
3.8 0.853789
3.9 0.724287
4 0.636358
4.1 0.645752
4.2 0.720831
4.3 0.719211
4.4 0.670643
4.5 0.793272
4.6 0.703458
4.7 0.668436
4.8 0.740801
4.9 0.656731
5 0.745789
5.1 0.681319
5.2 0.806659
5.3 0.767262
5.4 0.702633
5.5 0.733624
5.6 0.728711
5.7 0.718819
5.8 0.698018
5.9 0.773758
6 0.596191
6.1 0.679842
6.2 0.655501
6.3 0.728355
6.4 0.609392
6.5 0.66982
6.6 0.75605
6.7 0.675396
6.8 0.747613
6.9 0.732052
7 0.756368
7.1 0.881212
7.2 0.741039
7.3 0.799368
7.4 0.744539
7.5 0.64304
7.6 0.682219
7.7 0.659353
7.8 0.743004
7.9 0.716793
8 0.661808
8.1 0.756429
8.2 0.774993
8.3 0.715397
8.4 0.759056
8.5 0.70268
8.6 0.769706
8.7 0.7645
8.8 0.629498
8.9 0.703025
9 0.666688
9.1 0.836662
9.2 0.559421
9.3 0.761157
9.4 0.741771
9.5 0.793921
9.6 0.6789
9.7 0.636599
9.8 0.636412
9.9 0.70458
10 0.685262
10.1 0.654563
10.2 0.71038
10.3 0.777465
10.4 0.75268
10.5 0.707208
10.6 0.689437
10.7 0.74355
10.8 0.688456
10.9 0.708929
11 0.815156
11.1 0.792002
11.2 0.764855
11.3 0.770281
11.4 0.735976
11.5 0.772821
11.6 0.777889
11.7 0.777354
11.8 0.754501
11.9 0.713246
12 0.682166
12.1 0.817789
12.2 0.737172
12.3 0.677448
12.4 0.748276
12.5 0.731896
12.6 0.706594
12.7 0.658592
12.8 0.782914
12.9 0.76094
13 0.682845
13.1 0.626091
13.2 0.742185
13.3 0.76584
13.4 0.814999
13.5 0.744857
13.6 0.812949
13.7 0.72207
13.8 0.720045
13.9 0.63944
14 0.858928
14.1 0.660787
14.2 0.826349
14.3 0.821745
14.4 0.832427
14.5 0.672423
14.6 0.694231
14.7 0.741224
14.8 0.699816
14.9 0.847437
15 0.773125
15.1 0.942099
15.2 0.841102
15.3 0.757672
15.4 0.858623
15.5 0.836675
15.6 0.786681
15.7 0.787709
15.8 0.760694
15.9 0.685607
16 0.862458
16.1 0.790288
16.2 0.680056
16.3 0.727315
16.4 0.828081
16.5 0.833208
16.6 0.825329
16.7 0.801598
16.8 0.732775
16.9 0.779605
17 0.771976
17.1 0.693952
17.2 0.78591
17.3 0.749678
17.4 0.731124
17.5 0.730154
17.6 0.821138
17.7 0.724632
17.8 0.753774
17.9 0.797745
18 0.830483
18.1 0.858553
18.2 0.798425
18.3 0.870025
18.4 0.814739
18.5 0.818792
18.6 0.809818
18.7 0.817266
18.8 0.730537
18.9 0.844454
19 0.710175
19.1 0.803865
19.2 0.771749
19.3 0.819542
19.4 0.798572
19.5 0.782206
19.6 0.878408
19.7 0.759229
19.8 0.811177
19.9 0.823843
20 0.780632
20.1 0.776038
20.2 0.783373
20.3 0.863608
20.4 0.864167
20.5 0.915429
20.6 0.788722
20.7 0.825343
20.8 0.880668
20.9 0.85299
21 0.836355
21.1 0.850291
21.2 0.928579
21.3 0.801661
21.4 0.852606
21.5 0.832606
21.6 0.947314
21.7 0.932473
21.8 0.932223
21.9 0.793281
22 0.812825
22.1 0.86478
22.2 0.803928
22.3 0.830244
22.4 0.862422
22.5 0.975304
22.6 0.87462
22.7 0.807623
22.8 0.873009
22.9 0.832596
23 0.937504
23.1 0.902102
23.2 0.975754
23.3 0.888016
23.4 0.907063
23.5 0.865585
23.6 0.847869
23.7 0.929572
23.8 0.927757
23.9 0.929074
24 0.896308
24.1 0.978743
24.2 0.867625
24.3 0.764999
24.4 0.928293
24.5 0.907817
24.6 0.92339
24.7 0.953057
24.8 0.830391
24.9 0.975034
25 0.841492
25.1 0.861424
25.2 0.939365
25.3 1.03697
25.4 1.00288
25.5 0.930168
25.6 0.859608
25.7 0.960399
25.8 0.922969
25.9 0.850688
26 0.905296
26.1 0.96761
26.2 0.846482
26.3 1.03661
26.4 0.890753
26.5 0.978304
26.6 1.06478
26.7 0.944571
26.8 0.987391
26.9 1.0085
27 0.972013
27.1 1.19665
27.2 1.02625
27.3 0.984406
27.4 1.02791
27.5 0.977244
27.6 0.984557
27.7 1.08772
27.8 1.03361
27.9 1.02201
28 1.02801
28.1 1.02552
28.2 1.12693
28.3 1.12021
28.4 1.08702
28.5 0.963933
28.6 1.1573
28.7 1.03461
28.8 0.986631
28.9 1.06344
29 1.10879
29.1 1.10005
29.2 1.01382
29.3 1.07681
29.4 0.985646
29.5 0.977792
29.6 1.08763
29.7 1.20493
29.8 1.00996
29.9 1.05004
30 1.04592
30.1 1.12997
30.2 1.02426
30.3 1.0583
30.4 1.12007
30.5 1.1613
30.6 1.09906
30.7 1.04655
30.8 1.07139
30.9 1.18036
31 1.14352
31.1 1.17092
31.2 1.13697
31.3 1.06997
31.4 1.14458
31.5 1.0881
31.6 1.0721
31.7 1.24922
31.8 0.998223
31.9 1.09865
32 1.21443
32.1 1.15588
32.2 1.08802
32.3 1.05103
32.4 1.14061
32.5 1.08064
32.6 1.07628
32.7 1.07226
32.8 1.09177
32.9 1.07378
33 1.00259
33.1 1.14158
33.2 1.13063
33.3 1.18893
33.4 1.08086
33.5 1.16085
33.6 1.1348
33.7 1.13103
33.8 1.28652
33.9 1.12642
34 1.2166
34.1 1.39472
34.2 1.25311
34.3 1.22351
34.4 1.11488
34.5 1.15014
34.6 1.17832
34.7 1.23522
34.8 1.11245
34.9 1.27426
35 1.28989
35.1 1.24488
35.2 1.02272
35.3 1.03924
35.4 1.0639
35.5 1.25479
35.6 1.23157
35.7 1.20931
35.8 1.23178
35.9 1.26315
36 1.24765
36.1 1.14832
36.2 1.24706
36.3 1.15199
36.4 1.14625
36.5 1.29693
36.6 1.2955
36.7 1.19777
36.8 1.13318
36.9 1.16403
37 1.2503
37.1 1.35228
37.2 1.14596
37.3 1.20001
37.4 1.19351
37.5 1.23197
37.6 1.12826
37.7 1.15194
37.8 1.23465
37.9 1.1373
38 1.27482
38.1 1.15096
38.2 1.17075
38.3 1.19663
38.4 1.1651
38.5 1.3363
38.6 1.27382
38.7 1.33229
38.8 1.24729
38.9 1.14672
39 1.2373
39.1 1.17066
39.2 1.20238
39.3 1.20333
39.4 1.23754
39.5 1.2265
39.6 1.27479
39.7 1.21443
39.8 1.20909
39.9 1.33773
40 1.23975
40.1 1.26645
40.2 1.20226
40.3 1.17555
40.4 1.08461
40.5 1.11301
40.6 1.20523
40.7 1.09114
40.8 1.2806
40.9 1.1997
41 1.25724
41.1 1.23582
41.2 1.284
41.3 1.2698
41.4 1.26969
41.5 1.35103
41.6 1.25375
41.7 1.26813
41.8 1.10285
41.9 1.14451
42 1.37137
42.1 1.22255
42.2 1.29839
42.3 1.2102
42.4 1.23928
42.5 1.2884
42.6 1.21865
42.7 1.10159
42.8 1.2905
42.9 1.19437
43 1.30973
43.1 1.41084
43.2 1.28189
43.3 1.36976
43.4 1.23672
43.5 1.27551
43.6 1.20819
43.7 1.1373
43.8 1.23896
43.9 1.17384
44 1.22628
44.1 1.18981
44.2 1.18883
44.3 1.2869
44.4 1.38788
44.5 1.23669
44.6 1.17418
44.7 1.15522
44.8 1.22579
44.9 1.22513
45 1.25516
45.1 1.28541
45.2 1.29543
45.3 1.31894
45.4 1.33981
45.5 1.33854
45.6 1.22429
45.7 1.21352
45.8 1.22764
45.9 1.25908
46 1.38186
46.1 1.26399
46.2 1.2891
46.3 1.25786
46.4 1.25835
46.5 1.22195
46.6 1.27515
46.7 1.20078
46.8 1.28818
46.9 1.28373
47 1.22538
47.1 1.25914
47.2 1.28458
47.3 1.26919
47.4 1.23763
47.5 1.40216
47.6 1.19421
47.7 1.19143
47.8 1.26916
47.9 1.23097
48 1.312
48.1 1.22596
48.2 1.24676
48.3 1.13143
48.4 1.2712
48.5 1.30593
48.6 1.08667
48.7 1.23868
48.8 1.15988
48.9 1.17285
49 1.12035
49.1 1.23564
49.2 1.38502
49.3 1.19597
49.4 1.23172
49.5 1.21084
49.6 1.16935
49.7 1.27442
49.8 1.25382
49.9 1.30132
50 1.29095
50.1 1.35454
50.2 1.29166
50.3 1.22704
50.4 1.15088
50.5 1.30132
50.6 1.06543
50.7 1.0817
50.8 1.18311
50.9 1.14198
51 1.11951
51.1 1.27153
51.2 1.232
51.3 1.2043
51.4 1.41905
51.5 1.33481
51.6 1.28276
51.7 1.21705
51.8 1.20754
51.9 1.19936
52 1.26985
52.1 1.34038
52.2 1.26235
52.3 1.306
52.4 1.19431
52.5 1.1175
52.6 1.22579
52.7 1.31919
52.8 1.20051
52.9 1.38162
53 1.26926
53.1 1.29896
53.2 1.26938
53.3 1.26991
53.4 1.37647
53.5 1.28529
53.6 1.22833
53.7 1.30829
53.8 1.28907
53.9 1.35579
54 1.33051
54.1 1.23223
54.2 1.411
54.3 1.34444
54.4 1.30339
54.5 1.28691
54.6 1.26357
54.7 1.18434
54.8 1.36495
54.9 1.32311
55 1.18451
55.1 1.18402
55.2 1.19465
55.3 1.21797
55.4 1.27073
55.5 1.30659
55.6 1.28257
55.7 1.258
55.8 1.32616
55.9 1.21174
56 1.28164
56.1 1.14624
56.2 1.18734
56.3 1.2466
56.4 1.28422
56.5 1.41554
56.6 1.33534
56.7 1.26367
56.8 1.37336
56.9 1.19086
57 1.16303
57.1 1.31551
57.2 1.2799
57.3 1.23764
57.4 1.3501
57.5 1.41293
57.6 1.32987
57.7 1.42226
57.8 1.30042
57.9 1.40003
58 1.36098
58.1 1.43526
58.2 1.35808
58.3 1.26949
58.4 1.26989
58.5 1.24451
58.6 1.35455
58.7 1.31297
58.8 1.35921
58.9 1.55507
59 1.28094
59.1 1.35366
59.2 1.21269
59.3 1.39703
59.4 1.42846
59.5 1.35001
59.6 1.24243
59.7 1.32781
59.8 1.28307
59.9 1.39653
60 1.27744
60.1 1.18251
60.2 1.19947
60.3 1.3128
60.4 1.37473
60.5 1.22862
60.6 1.1843
60.7 1.30198
60.8 1.32834
60.9 1.30255
61 1.32653
61.1 1.30588
61.2 1.24384
61.3 1.27096
61.4 1.26677
61.5 1.26495
61.6 1.14625
61.7 1.29056
61.8 1.14719
61.9 1.42125
62 1.28361
62.1 1.23727
62.2 1.34071
62.3 1.2424
62.4 1.25263
62.5 1.31643
62.6 1.23047
62.7 1.24709
62.8 1.36806
62.9 1.28729
63 1.38978
63.1 1.39544
63.2 1.27927
63.3 1.29657
63.4 1.40834
63.5 1.40709
63.6 1.21272
63.7 1.54503
63.8 1.38693
63.9 1.567
64 1.38439
64.1 1.30036
64.2 1.37371
64.3 1.34956
64.4 1.38342
64.5 1.4673
64.6 1.24535
64.7 1.30553
64.8 1.34072
64.9 1.35214
65 1.5695
65.1 1.31972
65.2 1.35955
65.3 1.37949
65.4 1.55179
65.5 1.40448
65.6 1.42714
65.7 1.23741
65.8 1.42437
65.9 1.32956
66 1.28236
66.1 1.32434
66.2 1.24854
66.3 1.28944
66.4 1.23387
66.5 1.20627
66.6 1.34457
66.7 1.27478
66.8 1.19391
66.9 1.13201
67 1.14582
67.1 1.24064
67.2 1.14038
67.3 1.25919
67.4 1.26846
67.5 1.27837
67.6 1.21965
67.7 1.16828
67.8 1.11989
67.9 1.08698
68 1.13547
68.1 1.23596
68.2 0.999034
68.3 1.15636
68.4 1.11466
68.5 1.13369
68.6 1.23237
68.7 1.16394
68.8 1.28193
68.9 1.07868
69 1.20592
69.1 1.27626
69.2 1.22095
69.3 1.15147
69.4 1.19971
69.5 1.30964
69.6 1.26869
69.7 1.34324
69.8 1.36884
69.9 1.31492
70 1.23654
70.1 1.30025
70.2 1.31076
70.3 1.29269
70.4 1.13557
70.5 1.3826
70.6 1.14792
70.7 1.27849
70.8 1.33571
70.9 1.3494
71 1.24196
71.1 1.29442
71.2 1.18277
71.3 1.11035
71.4 1.21112
71.5 1.10466
71.6 1.10356
71.7 1.10126
71.8 1.30369
71.9 1.18995
72 1.32578
72.1 1.1479
72.2 1.13743
72.3 1.12337
72.4 1.12092
72.5 1.14801
72.6 1.15645
72.7 1.36029
72.8 1.18559
72.9 1.12743
73 1.07876
73.1 1.152
73.2 1.08606
73.3 1.08184
73.4 1.09665
73.5 1.06427
73.6 1.01246
73.7 1.10847
73.8 1.1073
73.9 1.09419
74 1.02183
74.1 1.07751
74.2 1.04886
74.3 1.11685
74.4 1.08308
74.5 1.08318
74.6 1.20075
74.7 1.17609
74.8 1.07899
74.9 1.12483
75 1.16153
75.1 1.23088
75.2 1.12683
75.3 1.11864
75.4 1.1173
75.5 1.13653
75.6 1.0934
75.7 1.07181
75.8 1.01881
75.9 1.15064
76 1.01468
76.1 1.02136
76.2 1.18985
76.3 1.05317
76.4 1.13256
76.5 1.26805
76.6 1.12283
76.7 1.28601
76.8 1.15271
76.9 1.14871
77 1.08624
77.1 1.22036
77.2 1.15502
77.3 1.21843
77.4 1.07974
77.5 1.13276
77.6 0.935941
77.7 1.00685
77.8 1.19722
77.9 1.13249
78 1.16145
78.1 1.20606
78.2 1.04633
78.3 1.10137
78.4 1.10739
78.5 1.17829
78.6 1.08327
78.7 1.02231
78.8 1.16998
78.9 1.02199
79 1.22078
79.1 1.19005
79.2 1.27472
79.3 1.16577
79.4 1.1196
79.5 1.15902
79.6 1.00361
79.7 1.13567
79.8 0.97109
79.9 0.960353
80 1.08621
80.1 1.12006
80.2 1.03769
80.3 1.02228
80.4 1.13018
80.5 1.13483
80.6 1.18442
80.7 1.06995
80.8 1.04564
80.9 1.05135
81 1.15688
81.1 1.12729
81.2 1.21321
81.3 1.12887
81.4 1.20276
81.5 1.20418
81.6 1.05262
81.7 1.20563
81.8 1.25023
81.9 1.17931
82 1.19937
82.1 1.15643
82.2 1.22512
82.3 1.00026
82.4 1.19127
82.5 1.03237
82.6 1.09197
82.7 1.12688
82.8 1.13842
82.9 1.10278
83 1.06021
83.1 1.06176
83.2 1.14675
83.3 1.21301
83.4 1.16446
83.5 1.04011
83.6 1.17866
83.7 1.00676
83.8 1.05727
83.9 1.08729
84 1.16299
84.1 1.13271
84.2 1.11856
84.3 1.18127
84.4 1.12359
84.5 1.22884
84.6 1.38111
84.7 1.29219
84.8 1.14776
84.9 1.16348
85 1.15107
85.1 1.13155
85.2 1.10004
85.3 1.10414
85.4 1.1276
85.5 1.14545
85.6 1.12575
85.7 1.15863
85.8 1.20773
85.9 1.14986
86 1.06479
86.1 1.27602
86.2 1.21722
86.3 1.1416
86.4 1.23052
86.5 1.04545
86.6 1.14508
86.7 1.10444
86.8 1.19587
86.9 1.24741
87 1.19332
87.1 1.0873
87.2 1.21642
87.3 1.12208
87.4 1.14248
87.5 1.01521
87.6 1.32233
87.7 1.12118
87.8 1.08936
87.9 1.17804
88 1.03235
88.1 1.13118
88.2 1.19584
88.3 1.1324
88.4 1.09497
88.5 1.06336
88.6 1.14698
88.7 1.11799
88.8 1.13864
88.9 1.23282
89 1.04765
89.1 1.021
89.2 0.94635
89.3 1.06029
89.4 0.999029
89.5 1.02104
89.6 1.13005
89.7 0.998618
89.8 1.10758
89.9 0.983373
90 0.942465
90.1 0.956216
90.2 1.09758
90.3 1.01189
90.4 0.990808
90.5 1.08713
90.6 1.07094
90.7 0.884499
90.8 1.07279
90.9 0.986016
91 1.06145
91.1 1.0453
91.2 0.985699
91.3 1.06271
91.4 0.968042
91.5 1.05879
91.6 1.05872
91.7 1.09053
91.8 1.0578
91.9 1.04975
92 1.06626
92.1 0.960095
92.2 0.966832
92.3 0.892003
92.4 1.1366
92.5 1.12571
92.6 0.961541
92.7 1.06151
92.8 0.954377
92.9 1.03849
93 1.14056
93.1 1.15906
93.2 0.942344
93.3 1.14074
93.4 0.958239
93.5 1.22089
93.6 1.04727
93.7 1.00608
93.8 0.975687
93.9 1.06329
94 1.07116
94.1 0.88669
94.2 1.04094
94.3 0.946557
94.4 1.1039
94.5 1.01343
94.6 0.946934
94.7 0.993797
94.8 0.959847
94.9 0.994149
95 0.891277
95.1 1.01376
95.2 1.01656
95.3 1.07524
95.4 1.05155
95.5 0.991693
95.6 0.956528
95.7 0.948989
95.8 0.942289
95.9 0.92829
96 0.916149
96.1 0.931156
96.2 0.886301
96.3 0.857621
96.4 0.972467
96.5 0.936399
96.6 0.814147
96.7 1.02173
96.8 0.989772
96.9 0.935745
97 0.888395
97.1 0.877958
97.2 0.880047
97.3 0.908888
97.4 0.874692
97.5 1.00607
97.6 0.916709
97.7 0.938024
97.8 0.963559
97.9 1.02529
98 1.06075
98.1 1.03154
98.2 1.07891
98.3 0.975119
98.4 1.07883
98.5 1.08882
98.6 0.892353
98.7 1.00726
98.8 0.995471
98.9 0.950702
99 0.849217
99.1 0.989332
99.2 0.995541
99.3 0.916611
99.4 0.819794
99.5 0.961625
99.6 0.903874
99.7 0.923969
99.8 0.971933
99.9 0.996391
100 0.523004
