13.5 4.68362
13.5015 4.61806
13.503 4.55279
13.5045 4.4878
13.506 4.4231
13.5075 4.35869
13.509 4.29456
13.5105 4.23072
13.512 4.16716
13.5135 4.10388
13.515 4.04089
13.5165 3.97818
13.518 3.91574
13.5195 3.85359
13.521 3.79172
13.5225 3.73013
13.524 3.66882
13.5255 3.60778
13.527 3.54703
13.5285 3.48655
13.53 3.42634
13.5315 3.36641
13.533 3.30676
13.5345 3.24737
13.536 3.18827
13.5375 3.12943
13.539 3.07087
13.5405 3.01258
13.542 2.95456
13.5435 2.89681
13.545 2.83932
13.5465 2.78211
13.548 2.72517
13.5495 2.66849
13.551 2.61208
13.5525 2.55594
13.554 2.50006
13.5555 2.44445
13.557 2.3891
13.5585 2.33401
13.56 2.27919
13.5615 2.22463
13.563 2.17033
13.5645 2.1163
13.566 2.06252
13.5675 2.009
13.569 1.95574
13.5705 1.90275
13.572 1.85001
13.5735 1.79752
13.575 1.74529
13.5765 1.69332
13.578 1.64161
13.5795 1.59015
13.581 1.53894
13.5825 1.48799
13.584 1.43729
13.5855 1.38684
13.587 1.33664
13.5885 1.2867
13.59 1.237
13.5915 1.18756
13.593 1.13836
13.5945 1.08941
13.596 1.04072
13.5975 0.992263
13.599 0.944057
13.6006 0.896097
13.6021 0.848382
13.6036 0.800913
13.6051 0.753687
13.6066 0.706705
13.6081 0.659966
13.6096 0.613469
13.6111 0.567213
13.6126 0.521199
13.6141 0.475425
13.6156 0.429891
13.6171 0.384596
13.6186 0.33954
13.6201 0.294722
13.6216 0.250141
13.6231 0.205797
13.6246 0.161689
13.6261 0.117816
13.6276 0.0741785
13.6291 0.0307751
13.6306 -0.0123945
13.6321 -0.0553311
13.6336 -0.0980352
13.6351 -0.140507
13.6366 -0.182748
13.6381 -0.224759
13.6396 -0.266539
13.6411 -0.30809
13.6426 -0.349412
13.6441 -0.390506
13.6456 -0.431372
13.6471 -0.472011
13.6486 -0.512423
13.6501 -0.55261
13.6516 -0.592572
13.6531 -0.632309
13.6546 -0.671822
13.6561 -0.711111
13.6576 -0.750178
13.6591 -0.789022
13.6606 -0.827645
13.6621 -0.866047
13.6636 -0.904228
13.6651 -0.942189
13.6666 -0.979931
13.6681 -1.01745
13.6696 -1.05476
13.6711 -1.09185
13.6726 -1.12872
13.6741 -1.16537
13.6756 -1.20181
13.6771 -1.23804
13.6786 -1.27404
13.6801 -1.30984
13.6816 -1.34542
13.6831 -1.38079
13.6846 -1.41595
13.6861 -1.45089
13.6876 -1.48563
13.6891 -1.52015
13.6906 -1.55446
13.6921 -1.58857
13.6936 -1.62246
13.6951 -1.65615
13.6966 -1.68963
13.6981 -1.72291
13.6996 -1.75597
13.7011 -1.78883
13.7026 -1.82149
13.7041 -1.85394
13.7056 -1.88619
13.7071 -1.91823
13.7086 -1.95007
13.7101 -1.98171
13.7116 -2.01315
13.7131 -2.04438
13.7146 -2.07541
13.7161 -2.10625
13.7176 -2.13688
13.7191 -2.16732
13.7206 -2.19756
13.7221 -2.2276
13.7236 -2.25744
13.7251 -2.28709
13.7266 -2.31653
13.7281 -2.34579
13.7296 -2.37485
13.7311 -2.40371
13.7326 -2.43238
13.7341 -2.46086
13.7356 -2.48915
13.7371 -2.51724
13.7386 -2.54514
13.7401 -2.57285
13.7416 -2.60037
13.7431 -2.6277
13.7446 -2.65484
13.7461 -2.68179
13.7476 -2.70856
13.7491 -2.73513
13.7506 -2.76152
13.7521 -2.78772
13.7536 -2.81374
13.7551 -2.83957
13.7566 -2.86521
13.7581 -2.89067
13.7596 -2.91595
13.7611 -2.94105
13.7626 -2.96596
13.7641 -2.99069
13.7656 -3.01523
13.7671 -3.0396
13.7686 -3.06379
13.7701 -3.08779
13.7716 -3.11162
13.7731 -3.13527
13.7746 -3.15874
13.7761 -3.18203
13.7776 -3.20514
13.7791 -3.22808
13.7806 -3.25084
13.7821 -3.27343
13.7836 -3.29584
13.7851 -3.31808
13.7866 -3.34014
13.7881 -3.36203
13.7896 -3.38374
13.7911 -3.40529
13.7926 -3.42666
13.7941 -3.44786
13.7956 -3.46889
13.7971 -3.48975
13.7986 -3.51044
13.8002 -3.53096
13.8017 -3.55131
13.8032 -3.57149
13.8047 -3.59151
13.8062 -3.61136
13.8077 -3.63104
13.8092 -3.65056
13.8107 -3.66991
13.8122 -3.6891
13.8137 -3.70812
13.8152 -3.72698
13.8167 -3.74567
13.8182 -3.7642
13.8197 -3.78257
13.8212 -3.80078
13.8227 -3.81883
13.8242 -3.83671
13.8257 -3.85444
13.8272 -3.87201
13.8287 -3.88941
13.8302 -3.90666
13.8317 -3.92375
13.8332 -3.94068
13.8347 -3.95746
13.8362 -3.97408
13.8377 -3.99054
13.8392 -4.00685
13.8407 -4.023
13.8422 -4.039
13.8437 -4.05484
13.8452 -4.07053
13.8467 -4.08607
13.8482 -4.10145
13.8497 -4.11669
13.8512 -4.13177
13.8527 -4.1467
13.8542 -4.16148
13.8557 -4.17611
13.8572 -4.19059
13.8587 -4.20492
13.8602 -4.21911
13.8617 -4.23314
13.8632 -4.24703
13.8647 -4.26077
13.8662 -4.27437
13.8677 -4.28782
13.8692 -4.30112
13.8707 -4.31428
13.8722 -4.3273
13.8737 -4.34017
13.8752 -4.35289
13.8767 -4.36548
13.8782 -4.37792
13.8797 -4.39022
13.8812 -4.40238
13.8827 -4.4144
13.8842 -4.42628
13.8857 -4.43802
13.8872 -4.44962
13.8887 -4.46108
13.8902 -4.4724
13.8917 -4.48358
13.8932 -4.49463
13.8947 -4.50554
13.8962 -4.51631
13.8977 -4.52695
13.8992 -4.53745
13.9007 -4.54782
13.9022 -4.55805
13.9037 -4.56815
13.9052 -4.57812
13.9067 -4.58795
13.9082 -4.59765
13.9097 -4.60721
13.9112 -4.61665
13.9127 -4.62596
13.9142 -4.63513
13.9157 -4.64417
13.9172 -4.65309
13.9187 -4.66188
13.9202 -4.67053
13.9217 -4.67906
13.9232 -4.68746
13.9247 -4.69574
13.9262 -4.70388
13.9277 -4.71191
13.9292 -4.7198
13.9307 -4.72757
13.9322 -4.73522
13.9337 -4.74274
13.9352 -4.75013
13.9367 -4.75741
13.9382 -4.76456
13.9397 -4.77159
13.9412 -4.77849
13.9427 -4.78528
13.9442 -4.79194
13.9457 -4.79848
13.9472 -4.80491
13.9487 -4.81121
13.9502 -4.8174
13.9517 -4.82346
13.9532 -4.82941
13.9547 -4.83524
13.9562 -4.84095
13.9577 -4.84655
13.9592 -4.85202
13.9607 -4.85739
13.9622 -4.86263
13.9637 -4.86777
13.9652 -4.87279
13.9667 -4.87769
13.9682 -4.88248
13.9697 -4.88716
13.9712 -4.89172
13.9727 -4.89617
13.9742 -4.90051
13.9757 -4.90474
13.9772 -4.90886
13.9787 -4.91287
13.9802 -4.91677
13.9817 -4.92056
13.9832 -4.92424
13.9847 -4.92781
13.9862 -4.93127
13.9877 -4.93462
13.9892 -4.93787
13.9907 -4.94101
13.9922 -4.94405
13.9937 -4.94698
13.9952 -4.9498
13.9967 -4.95252
13.9982 -4.95513
13.9997 -4.95764
14.0013 -4.96005
14.0028 -4.96235
14.0043 -4.96455
14.0058 -4.96664
14.0073 -4.96864
14.0088 -4.97053
14.0103 -4.97233
14.0118 -4.97402
14.0133 -4.97561
14.0148 -4.9771
14.0163 -4.9785
14.0178 -4.97979
14.0193 -4.98099
14.0208 -4.98209
14.0223 -4.98309
14.0238 -4.98399
14.0253 -4.9848
14.0268 -4.98551
14.0283 -4.98612
14.0298 -4.98664
14.0313 -4.98706
14.0328 -4.98739
14.0343 -4.98763
14.0358 -4.98777
14.0373 -4.98782
14.0388 -4.98778
14.0403 -4.98764
14.0418 -4.98741
14.0433 -4.98709
14.0448 -4.98668
14.0463 -4.98618
14.0478 -4.98559
14.0493 -4.98491
14.0508 -4.98414
14.0523 -4.98328
14.0538 -4.98233
14.0553 -4.98129
14.0568 -4.98017
14.0583 -4.97895
14.0598 -4.97766
14.0613 -4.97627
14.0628 -4.9748
14.0643 -4.97324
14.0658 -4.9716
14.0673 -4.96987
14.0688 -4.96806
14.0703 -4.96617
14.0718 -4.96419
14.0733 -4.96213
14.0748 -4.95998
14.0763 -4.95776
14.0778 -4.95545
14.0793 -4.95306
14.0808 -4.95059
14.0823 -4.94804
14.0838 -4.9454
14.0853 -4.94269
14.0868 -4.9399
14.0883 -4.93703
14.0898 -4.93408
14.0913 -4.93105
14.0928 -4.92795
14.0943 -4.92477
14.0958 -4.92151
14.0973 -4.91817
14.0988 -4.91476
14.1003 -4.91127
14.1018 -4.9077
14.1033 -4.90407
14.1048 -4.90035
14.1063 -4.89656
14.1078 -4.8927
14.1093 -4.88877
14.1108 -4.88476
14.1123 -4.88068
14.1138 -4.87653
14.1153 -4.8723
14.1168 -4.86801
14.1183 -4.86364
14.1198 -4.8592
14.1213 -4.85469
14.1228 -4.85011
14.1243 -4.84547
14.1258 -4.84075
14.1273 -4.83596
14.1288 -4.83111
14.1303 -4.82619
14.1318 -4.8212
14.1333 -4.81614
14.1348 -4.81102
14.1363 -4.80583
14.1378 -4.80057
14.1393 -4.79525
14.1408 -4.78986
14.1423 -4.78441
14.1438 -4.7789
14.1453 -4.77332
14.1468 -4.76767
14.1483 -4.76196
14.1498 -4.75619
14.1513 -4.75036
14.1528 -4.74447
14.1543 -4.73851
14.1558 -4.73249
14.1573 -4.72641
14.1588 -4.72027
14.1603 -4.71407
14.1618 -4.70781
14.1633 -4.70149
14.1648 -4.69511
14.1663 -4.68867
14.1678 -4.68217
14.1693 -4.67562
14.1708 -4.669
14.1723 -4.66233
14.1738 -4.65561
14.1753 -4.64882
14.1768 -4.64198
14.1783 -4.63509
14.1798 -4.62813
14.1813 -4.62113
14.1828 -4.61407
14.1843 -4.60695
14.1858 -4.59978
14.1873 -4.59256
14.1888 -4.58528
14.1903 -4.57795
14.1918 -4.57056
14.1933 -4.56313
14.1948 -4.55564
14.1963 -4.5481
14.1978 -4.54051
14.1993 -4.53287
14.2009 -4.52518
14.2024 -4.51744
14.2039 -4.50965
14.2054 -4.5018
14.2069 -4.49391
14.2084 -4.48598
14.2099 -4.47799
14.2114 -4.46995
14.2129 -4.46187
14.2144 -4.45374
14.2159 -4.44556
14.2174 -4.43734
14.2189 -4.42907
14.2204 -4.42075
14.2219 -4.41239
14.2234 -4.40398
14.2249 -4.39553
14.2264 -4.38703
14.2279 -4.37849
14.2294 -4.36991
14.2309 -4.36128
14.2324 -4.35261
14.2339 -4.34389
14.2354 -4.33514
14.2369 -4.32634
14.2384 -4.3175
14.2399 -4.30861
14.2414 -4.29969
14.2429 -4.29073
14.2444 -4.28172
14.2459 -4.27268
14.2474 -4.26359
14.2489 -4.25447
14.2504 -4.2453
14.2519 -4.2361
14.2534 -4.22686
14.2549 -4.21758
14.2564 -4.20826
14.2579 -4.19891
14.2594 -4.18952
14.2609 -4.18009
14.2624 -4.17063
14.2639 -4.16112
14.2654 -4.15159
14.2669 -4.14202
14.2684 -4.13241
14.2699 -4.12277
14.2714 -4.11309
14.2729 -4.10338
14.2744 -4.09363
14.2759 -4.08385
14.2774 -4.07404
14.2789 -4.0642
14.2804 -4.05432
14.2819 -4.04441
14.2834 -4.03447
14.2849 -4.02449
14.2864 -4.01449
14.2879 -4.00445
14.2894 -3.99439
14.2909 -3.98429
14.2924 -3.97416
14.2939 -3.96401
14.2954 -3.95382
14.2969 -3.9436
14.2984 -3.93336
14.2999 -3.92309
14.3014 -3.91279
14.3029 -3.90246
14.3044 -3.8921
14.3059 -3.88172
14.3074 -3.87131
14.3089 -3.86087
14.3104 -3.85041
14.3119 -3.83992
14.3134 -3.8294
14.3149 -3.81886
14.3164 -3.8083
14.3179 -3.79771
14.3194 -3.78709
14.3209 -3.77645
14.3224 -3.76579
14.3239 -3.7551
14.3254 -3.74439
14.3269 -3.73366
14.3284 -3.7229
14.3299 -3.71212
14.3314 -3.70132
14.3329 -3.6905
14.3344 -3.67966
14.3359 -3.66879
14.3374 -3.6579
14.3389 -3.647
14.3404 -3.63607
14.3419 -3.62512
14.3434 -3.61416
14.3449 -3.60317
14.3464 -3.59217
14.3479 -3.58114
14.3494 -3.5701
14.3509 -3.55904
14.3524 -3.54796
14.3539 -3.53686
14.3554 -3.52575
14.3569 -3.51461
14.3584 -3.50347
14.3599 -3.4923
14.3614 -3.48112
14.3629 -3.46992
14.3644 -3.45871
14.3659 -3.44748
14.3674 -3.43624
14.3689 -3.42498
14.3704 -3.41371
14.3719 -3.40242
14.3734 -3.39112
14.3749 -3.3798
14.3764 -3.36847
14.3779 -3.35713
14.3794 -3.34577
14.3809 -3.33441
14.3824 -3.32303
14.3839 -3.31163
14.3854 -3.30023
14.3869 -3.28882
14.3884 -3.27739
14.3899 -3.26595
14.3914 -3.2545
14.3929 -3.24304
14.3944 -3.23157
14.3959 -3.22009
14.3974 -3.20861
14.3989 -3.19711
14.4005 -3.1856
14.402 -3.17408
14.4035 -3.16256
14.405 -3.15103
14.4065 -3.13948
14.408 -3.12793
14.4095 -3.11638
14.411 -3.10481
14.4125 -3.09324
14.414 -3.08166
14.4155 -3.07008
14.417 -3.05849
14.4185 -3.04689
14.42 -3.03529
14.4215 -3.02368
14.423 -3.01207
14.4245 -3.00045
14.426 -2.98883
14.4275 -2.9772
14.429 -2.96557
14.4305 -2.95394
14.432 -2.9423
14.4335 -2.93066
14.435 -2.91901
14.4365 -2.90736
14.438 -2.89571
14.4395 -2.88406
14.441 -2.8724
14.4425 -2.86074
14.444 -2.84908
14.4455 -2.83742
14.447 -2.82576
14.4485 -2.8141
14.45 -2.80244
14.4515 -2.79077
14.453 -2.77911
14.4545 -2.76744
14.456 -2.75578
14.4575 -2.74412
14.459 -2.73245
14.4605 -2.72079
14.462 -2.70913
14.4635 -2.69747
14.465 -2.68582
14.4665 -2.67416
14.468 -2.66251
14.4695 -2.65086
14.471 -2.63921
14.4725 -2.62756
14.474 -2.61592
14.4755 -2.60428
14.477 -2.59265
14.4785 -2.58102
14.48 -2.56939
14.4815 -2.55777
14.483 -2.54615
14.4845 -2.53454
14.486 -2.52293
14.4875 -2.51133
14.489 -2.49973
14.4905 -2.48814
14.492 -2.47655
14.4935 -2.46497
14.495 -2.4534
14.4965 -2.44183
14.498 -2.43027
14.4995 -2.41872
14.501 -2.40717
14.5025 -2.39563
14.504 -2.3841
14.5055 -2.37258
14.507 -2.36106
14.5085 -2.34956
14.51 -2.33806
14.5115 -2.32657
14.513 -2.31509
14.5145 -2.30362
14.516 -2.29216
14.5175 -2.28071
14.519 -2.26926
14.5205 -2.25783
14.522 -2.24641
14.5235 -2.235
14.525 -2.2236
14.5265 -2.21221
14.528 -2.20083
14.5295 -2.18946
14.531 -2.17811
14.5325 -2.16676
14.534 -2.15543
14.5355 -2.14411
14.537 -2.13281
14.5385 -2.12151
14.54 -2.11023
14.5415 -2.09896
14.543 -2.08771
14.5445 -2.07646
14.546 -2.06524
14.5475 -2.05402
14.549 -2.04282
14.5505 -2.03163
14.552 -2.02046
14.5535 -2.0093
14.555 -1.99816
14.5565 -1.98703
14.558 -1.97592
14.5595 -1.96482
14.561 -1.95374
14.5625 -1.94268
14.564 -1.93163
14.5655 -1.92059
14.567 -1.90958
14.5685 -1.89858
14.57 -1.88759
14.5715 -1.87663
14.573 -1.86568
14.5745 -1.85474
14.576 -1.84383
14.5775 -1.83293
14.579 -1.82205
14.5805 -1.81119
14.582 -1.80035
14.5835 -1.78953
14.585 -1.77872
14.5865 -1.76793
14.588 -1.75716
14.5895 -1.74642
14.591 -1.73569
14.5925 -1.72498
14.594 -1.71429
14.5955 -1.70362
14.597 -1.69297
14.5985 -1.68234
14.6001 -1.67173
14.6016 -1.66114
14.6031 -1.65057
14.6046 -1.64002
14.6061 -1.6295
14.6076 -1.619
14.6091 -1.60851
14.6106 -1.59805
14.6121 -1.58761
14.6136 -1.57719
14.6151 -1.5668
14.6166 -1.55643
14.6181 -1.54608
14.6196 -1.53575
14.6211 -1.52545
14.6226 -1.51516
14.6241 -1.50491
14.6256 -1.49467
14.6271 -1.48446
14.6286 -1.47427
14.6301 -1.46411
14.6316 -1.45397
14.6331 -1.44385
14.6346 -1.43376
14.6361 -1.4237
14.6376 -1.41365
14.6391 -1.40364
14.6406 -1.39365
14.6421 -1.38368
14.6436 -1.37374
14.6451 -1.36382
14.6466 -1.35393
14.6481 -1.34407
14.6496 -1.33423
14.6511 -1.32442
14.6526 -1.31463
14.6541 -1.30487
14.6556 -1.29514
14.6571 -1.28543
14.6586 -1.27575
14.6601 -1.2661
14.6616 -1.25648
14.6631 -1.24688
14.6646 -1.23731
14.6661 -1.22777
14.6676 -1.21825
14.6691 -1.20877
14.6706 -1.19931
14.6721 -1.18988
14.6736 -1.18047
14.6751 -1.1711
14.6766 -1.16176
14.6781 -1.15244
14.6796 -1.14315
14.6811 -1.1339
14.6826 -1.12467
14.6841 -1.11547
14.6856 -1.1063
14.6871 -1.09716
14.6886 -1.08805
14.6901 -1.07897
14.6916 -1.06992
14.6931 -1.0609
14.6946 -1.05191
14.6961 -1.04295
14.6976 -1.03402
14.6991 -1.02512
14.7006 -1.01626
14.7021 -1.00742
14.7036 -0.998617
14.7051 -0.989844
14.7066 -0.981102
14.7081 -0.972392
14.7096 -0.963713
14.7111 -0.955067
14.7126 -0.946452
14.7141 -0.937869
14.7156 -0.929319
14.7171 -0.920801
14.7186 -0.912315
14.7201 -0.903862
14.7216 -0.895441
14.7231 -0.887054
14.7246 -0.878699
14.7261 -0.870378
14.7276 -0.86209
14.7291 -0.853835
14.7306 -0.845613
14.7321 -0.837425
14.7336 -0.829271
14.7351 -0.82115
14.7366 -0.813064
14.7381 -0.805011
14.7396 -0.796993
14.7411 -0.789009
14.7426 -0.781059
14.7441 -0.773144
14.7456 -0.765263
14.7471 -0.757417
14.7486 -0.749606
14.7501 -0.74183
14.7516 -0.734089
14.7531 -0.726383
14.7546 -0.718712
14.7561 -0.711077
14.7576 -0.703477
14.7591 -0.695913
14.7606 -0.688385
14.7621 -0.680892
14.7636 -0.673436
14.7651 -0.666015
14.7666 -0.658631
14.7681 -0.651282
14.7696 -0.64397
14.7711 -0.636695
14.7726 -0.629456
14.7741 -0.622254
14.7756 -0.615088
14.7771 -0.60796
14.7786 -0.600868
14.7801 -0.593813
14.7816 -0.586796
14.7831 -0.579816
14.7846 -0.572873
14.7861 -0.565967
14.7876 -0.559099
14.7891 -0.552269
14.7906 -0.545476
14.7921 -0.538721
14.7936 -0.532004
14.7951 -0.525326
14.7966 -0.518685
14.7981 -0.512082
14.7996 -0.505518
14.8012 -0.498992
14.8027 -0.492504
14.8042 -0.486055
14.8057 -0.479645
14.8072 -0.473273
14.8087 -0.46694
14.8102 -0.460646
14.8117 -0.454391
14.8132 -0.448175
14.8147 -0.441998
14.8162 -0.43586
14.8177 -0.429762
14.8192 -0.423703
14.8207 -0.417684
14.8222 -0.411704
14.8237 -0.405763
14.8252 -0.399862
14.8267 -0.394002
14.8282 -0.38818
14.8297 -0.382399
14.8312 -0.376658
14.8327 -0.370957
14.8342 -0.365296
14.8357 -0.359676
14.8372 -0.354095
14.8387 -0.348555
14.8402 -0.343056
14.8417 -0.337597
14.8432 -0.332178
14.8447 -0.3268
14.8462 -0.321463
14.8477 -0.316167
14.8492 -0.310912
14.8507 -0.305697
14.8522 -0.300524
14.8537 -0.295391
14.8552 -0.2903
14.8567 -0.28525
14.8582 -0.280241
14.8597 -0.275274
14.8612 -0.270348
14.8627 -0.265463
14.8642 -0.26062
14.8657 -0.255818
14.8672 -0.251058
14.8687 -0.24634
14.8702 -0.241663
14.8717 -0.237028
14.8732 -0.232436
14.8747 -0.227885
14.8762 -0.223376
14.8777 -0.218909
14.8792 -0.214484
14.8807 -0.210101
14.8822 -0.20576
14.8837 -0.201462
14.8852 -0.197206
14.8867 -0.192992
14.8882 -0.188821
14.8897 -0.184692
14.8912 -0.180606
14.8927 -0.176562
14.8942 -0.172561
14.8957 -0.168602
14.8972 -0.164686
14.8987 -0.160813
14.9002 -0.156983
14.9017 -0.153195
14.9032 -0.149451
14.9047 -0.145749
14.9062 -0.14209
14.9077 -0.138474
14.9092 -0.134901
14.9107 -0.131372
14.9122 -0.127885
14.9137 -0.124442
14.9152 -0.121041
14.9167 -0.117684
14.9182 -0.114371
14.9197 -0.1111
14.9212 -0.107873
14.9227 -0.104689
14.9242 -0.101549
14.9257 -0.0984522
14.9272 -0.0953988
14.9287 -0.0923889
14.9302 -0.0894226
14.9317 -0.0864998
14.9332 -0.0836207
14.9347 -0.0807851
14.9362 -0.0779933
14.9377 -0.0752451
14.9392 -0.0725407
14.9407 -0.06988
14.9422 -0.0672631
14.9437 -0.0646899
14.9452 -0.0621606
14.9467 -0.0596752
14.9482 -0.0572336
14.9497 -0.054836
14.9512 -0.0524822
14.9527 -0.0501724
14.9542 -0.0479066
14.9557 -0.0456847
14.9572 -0.0435069
14.9587 -0.0413731
14.9602 -0.0392833
14.9617 -0.0372376
14.9632 -0.0352359
14.9647 -0.0332784
14.9662 -0.031365
14.9677 -0.0294957
14.9692 -0.0276705
14.9707 -0.0258895
14.9722 -0.0241527
14.9737 -0.02246
14.9752 -0.0208115
14.9767 -0.0192073
14.9782 -0.0176472
14.9797 -0.0161314
14.9812 -0.0146598
14.9827 -0.0132325
14.9842 -0.0118494
14.9857 -0.0105105
14.9872 -0.00921597
14.9887 -0.00796567
14.9902 -0.00675965
14.9917 -0.00559791
14.9932 -0.00448045
14.9947 -0.00340728
14.9962 -0.00237841
14.9977 -0.00139382
14.9992 -0.000453534
15.0008 0.00044246
15.0023 0.00129416
15.0038 0.00210156
15.0053 0.00286468
15.0068 0.0035835
15.0083 0.00425803
15.0098 0.00488828
15.0113 0.00547424
15.0128 0.00601593
15.0143 0.00651335
15.0158 0.0069665
15.0173 0.0073754
15.0188 0.00774004
15.0203 0.00806044
15.0218 0.00833661
15.0233 0.00856855
15.0248 0.00875628
15.0263 0.0088998
15.0278 0.00899913
15.0293 0.00905427
15.0308 0.00906525
15.0323 0.00903208
15.0338 0.00895476
15.0353 0.00883332
15.0368 0.00866776
15.0383 0.00845811
15.0398 0.00820438
15.0413 0.00790659
15.0428 0.00756476
15.0443 0.0071789
15.0458 0.00674904
15.0473 0.00627519
15.0488 0.00575738
15.0503 0.00519562
15.0518 0.00458995
15.0533 0.00394037
15.0548 0.00324692
15.0563 0.00250962
15.0578 0.00172849
15.0593 0.000903556
15.0608 3.48503e-05
15.0623 -0.000877604
15.0638 -0.00183378
15.0653 -0.00283365
15.0668 -0.00387718
15.0683 -0.00496435
15.0698 -0.00609513
15.0713 -0.00726948
15.0728 -0.00848737
15.0743 -0.00974878
15.0758 -0.0110537
15.0773 -0.012402
15.0788 -0.0137937
15.0803 -0.0152289
15.0818 -0.0167073
15.0833 -0.0182291
15.0848 -0.0197941
15.0863 -0.0214024
15.0878 -0.0230538
15.0893 -0.0247485
15.0908 -0.0264862
15.0923 -0.028267
15.0938 -0.0300908
15.0953 -0.0319577
15.0968 -0.0338675
15.0983 -0.0358202
15.0998 -0.0378157
15.1013 -0.0398541
15.1028 -0.0419353
15.1043 -0.0440592
15.1058 -0.0462257
15.1073 -0.048435
15.1088 -0.0506868
15.1103 -0.0529811
15.1118 -0.055318
15.1133 -0.0576973
15.1148 -0.060119
15.1163 -0.062583
15.1178 -0.0650894
15.1193 -0.0676379
15.1208 -0.0702287
15.1223 -0.0728616
15.1238 -0.0755366
15.1253 -0.0782536
15.1268 -0.0810126
15.1283 -0.0838135
15.1298 -0.0866562
15.1313 -0.0895408
15.1328 -0.0924671
15.1343 -0.0954351
15.1358 -0.0984447
15.1373 -0.101496
15.1388 -0.104589
15.1403 -0.107723
15.1418 -0.110898
15.1433 -0.114115
15.1448 -0.117373
15.1463 -0.120673
15.1478 -0.124013
15.1493 -0.127394
15.1508 -0.130817
15.1523 -0.13428
15.1538 -0.137785
15.1553 -0.14133
15.1568 -0.144915
15.1583 -0.148542
15.1598 -0.152209
15.1613 -0.155917
15.1628 -0.159665
15.1643 -0.163453
15.1658 -0.167282
15.1673 -0.17115
15.1688 -0.17506
15.1703 -0.179009
15.1718 -0.182998
15.1733 -0.187027
15.1748 -0.191096
15.1763 -0.195205
15.1778 -0.199353
15.1793 -0.203541
15.1808 -0.207768
15.1823 -0.212035
15.1838 -0.216342
15.1853 -0.220688
15.1868 -0.225072
15.1883 -0.229496
15.1898 -0.23396
15.1913 -0.238462
15.1928 -0.243003
15.1943 -0.247582
15.1958 -0.252201
15.1973 -0.256858
15.1988 -0.261553
15.2004 -0.266287
15.2019 -0.27106
15.2034 -0.27587
15.2049 -0.280719
15.2064 -0.285606
15.2079 -0.290531
15.2094 -0.295494
15.2109 -0.300494
15.2124 -0.305533
15.2139 -0.310609
15.2154 -0.315722
15.2169 -0.320873
15.2184 -0.326062
15.2199 -0.331287
15.2214 -0.33655
15.2229 -0.341849
15.2244 -0.347186
15.2259 -0.35256
15.2274 -0.35797
15.2289 -0.363417
15.2304 -0.3689
15.2319 -0.37442
15.2334 -0.379976
15.2349 -0.385569
15.2364 -0.391198
15.2379 -0.396862
15.2394 -0.402563
15.2409 -0.408299
15.2424 -0.414071
15.2439 -0.419879
15.2454 -0.425722
15.2469 -0.431601
15.2484 -0.437515
15.2499 -0.443464
15.2514 -0.449448
15.2529 -0.455467
15.2544 -0.461521
15.2559 -0.46761
15.2574 -0.473733
15.2589 -0.479891
15.2604 -0.486083
15.2619 -0.492309
15.2634 -0.49857
15.2649 -0.504864
15.2664 -0.511193
15.2679 -0.517555
15.2694 -0.523951
15.2709 -0.530381
15.2724 -0.536844
15.2739 -0.54334
15.2754 -0.54987
15.2769 -0.556432
15.2784 -0.563028
15.2799 -0.569656
15.2814 -0.576317
15.2829 -0.583011
15.2844 -0.589737
15.2859 -0.596495
15.2874 -0.603286
15.2889 -0.610109
15.2904 -0.616964
15.2919 -0.62385
15.2934 -0.630768
15.2949 -0.637718
15.2964 -0.644699
15.2979 -0.651712
15.2994 -0.658755
15.3009 -0.66583
15.3024 -0.672936
15.3039 -0.680072
15.3054 -0.687239
15.3069 -0.694437
15.3084 -0.701665
15.3099 -0.708923
15.3114 -0.716211
15.3129 -0.723529
15.3144 -0.730877
15.3159 -0.738255
15.3174 -0.745662
15.3189 -0.753098
15.3204 -0.760564
15.3219 -0.768059
15.3234 -0.775583
15.3249 -0.783136
15.3264 -0.790717
15.3279 -0.798327
15.3294 -0.805966
15.3309 -0.813632
15.3324 -0.821327
15.3339 -0.829049
15.3354 -0.8368
15.3369 -0.844578
15.3384 -0.852384
15.3399 -0.860217
15.3414 -0.868077
15.3429 -0.875964
15.3444 -0.883878
15.3459 -0.891819
15.3474 -0.899786
15.3489 -0.90778
15.3504 -0.9158
15.3519 -0.923847
15.3534 -0.931919
15.3549 -0.940017
15.3564 -0.948141
15.3579 -0.95629
15.3594 -0.964465
15.3609 -0.972665
15.3624 -0.98089
15.3639 -0.989139
15.3654 -0.997414
15.3669 -1.00571
15.3684 -1.01404
15.3699 -1.02238
15.3714 -1.03076
15.3729 -1.03915
15.3744 -1.04757
15.3759 -1.05601
15.3774 -1.06448
15.3789 -1.07297
15.3804 -1.08148
15.3819 -1.09002
15.3834 -1.09857
15.3849 -1.10715
15.3864 -1.11576
15.3879 -1.12438
15.3894 -1.13303
15.3909 -1.1417
15.3924 -1.15039
15.3939 -1.1591
15.3954 -1.16784
15.3969 -1.17659
15.3984 -1.18537
15.3999 -1.19416
15.4015 -1.20298
15.403 -1.21182
15.4045 -1.22068
15.406 -1.22955
15.4075 -1.23845
15.409 -1.24737
15.4105 -1.25631
15.412 -1.26526
15.4135 -1.27424
15.415 -1.28323
15.4165 -1.29225
15.418 -1.30128
15.4195 -1.31033
15.421 -1.3194
15.4225 -1.32849
15.424 -1.33759
15.4255 -1.34672
15.427 -1.35586
15.4285 -1.36501
15.43 -1.37419
15.4315 -1.38338
15.433 -1.39259
15.4345 -1.40181
15.436 -1.41106
15.4375 -1.42031
15.439 -1.42959
15.4405 -1.43888
15.442 -1.44818
15.4435 -1.4575
15.445 -1.46684
15.4465 -1.47619
15.448 -1.48555
15.4495 -1.49493
15.451 -1.50433
15.4525 -1.51374
15.454 -1.52316
15.4555 -1.5326
15.457 -1.54205
15.4585 -1.55151
15.46 -1.56099
15.4615 -1.57048
15.463 -1.57998
15.4645 -1.58949
15.466 -1.59902
15.4675 -1.60856
15.469 -1.61811
15.4705 -1.62768
15.472 -1.63725
15.4735 -1.64684
15.475 -1.65643
15.4765 -1.66604
15.478 -1.67566
15.4795 -1.68529
15.481 -1.69493
15.4825 -1.70458
15.484 -1.71424
15.4855 -1.72391
15.487 -1.73359
15.4885 -1.74328
15.49 -1.75297
15.4915 -1.76268
15.493 -1.7724
15.4945 -1.78212
15.496 -1.79185
15.4975 -1.80159
15.499 -1.81133
15.5005 -1.82109
15.502 -1.83085
15.5035 -1.84062
15.505 -1.85039
15.5065 -1.86017
15.508 -1.86996
15.5095 -1.87976
15.511 -1.88956
15.5125 -1.89936
15.514 -1.90917
15.5155 -1.91899
15.517 -1.92881
15.5185 -1.93864
15.52 -1.94847
15.5215 -1.9583
15.523 -1.96814
15.5245 -1.97798
15.526 -1.98783
15.5275 -1.99768
15.529 -2.00753
15.5305 -2.01739
15.532 -2.02725
15.5335 -2.03711
15.535 -2.04697
15.5365 -2.05684
15.538 -2.0667
15.5395 -2.07657
15.541 -2.08644
15.5425 -2.09631
15.544 -2.10618
15.5455 -2.11606
15.547 -2.12593
15.5485 -2.1358
15.55 -2.14567
15.5515 -2.15554
15.553 -2.16541
15.5545 -2.17528
15.556 -2.18515
15.5575 -2.19502
15.559 -2.20489
15.5605 -2.21475
15.562 -2.22461
15.5635 -2.23447
15.565 -2.24433
15.5665 -2.25418
15.568 -2.26403
15.5695 -2.27388
15.571 -2.28372
15.5725 -2.29356
15.574 -2.30339
15.5755 -2.31323
15.577 -2.32305
15.5785 -2.33287
15.58 -2.34269
15.5815 -2.3525
15.583 -2.3623
15.5845 -2.3721
15.586 -2.38189
15.5875 -2.39168
15.589 -2.40146
15.5905 -2.41123
15.592 -2.421
15.5935 -2.43075
15.595 -2.4405
15.5965 -2.45024
15.598 -2.45998
15.5995 -2.4697
15.6011 -2.47942
15.6026 -2.48912
15.6041 -2.49882
15.6056 -2.50851
15.6071 -2.51818
15.6086 -2.52785
15.6101 -2.53751
15.6116 -2.54715
15.6131 -2.55679
15.6146 -2.56641
15.6161 -2.57602
15.6176 -2.58562
15.6191 -2.59521
15.6206 -2.60479
15.6221 -2.61435
15.6236 -2.6239
15.6251 -2.63344
15.6266 -2.64296
15.6281 -2.65247
15.6296 -2.66197
15.6311 -2.67145
15.6326 -2.68091
15.6341 -2.69037
15.6356 -2.6998
15.6371 -2.70922
15.6386 -2.71863
15.6401 -2.72802
15.6416 -2.73739
15.6431 -2.74675
15.6446 -2.75609
15.6461 -2.76541
15.6476 -2.77471
15.6491 -2.784
15.6506 -2.79327
15.6521 -2.80252
15.6536 -2.81175
15.6551 -2.82097
15.6566 -2.83016
15.6581 -2.83934
15.6596 -2.84849
15.6611 -2.85763
15.6626 -2.86674
15.6641 -2.87584
15.6656 -2.88491
15.6671 -2.89396
15.6686 -2.90299
15.6701 -2.912
15.6716 -2.92099
15.6731 -2.92995
15.6746 -2.93889
15.6761 -2.94781
15.6776 -2.9567
15.6791 -2.96558
15.6806 -2.97442
15.6821 -2.98325
15.6836 -2.99205
15.6851 -3.00082
15.6866 -3.00957
15.6881 -3.01829
15.6896 -3.02699
15.6911 -3.03566
15.6926 -3.04431
15.6941 -3.05292
15.6956 -3.06152
15.6971 -3.07008
15.6986 -3.07862
15.7001 -3.08713
15.7016 -3.09561
15.7031 -3.10406
15.7046 -3.11248
15.7061 -3.12088
15.7076 -3.12924
15.7091 -3.13758
15.7106 -3.14588
15.7121 -3.15416
15.7136 -3.1624
15.7151 -3.17061
15.7166 -3.17879
15.7181 -3.18694
15.7196 -3.19506
15.7211 -3.20315
15.7226 -3.2112
15.7241 -3.21922
15.7256 -3.22721
15.7271 -3.23516
15.7286 -3.24308
15.7301 -3.25096
15.7316 -3.25881
15.7331 -3.26663
15.7346 -3.27441
15.7361 -3.28215
15.7376 -3.28986
15.7391 -3.29754
15.7406 -3.30517
15.7421 -3.31277
15.7436 -3.32033
15.7451 -3.32786
15.7466 -3.33535
15.7481 -3.34279
15.7496 -3.35021
15.7511 -3.35758
15.7526 -3.36491
15.7541 -3.3722
15.7556 -3.37946
15.7571 -3.38667
15.7586 -3.39384
15.7601 -3.40097
15.7616 -3.40806
15.7631 -3.41511
15.7646 -3.42212
15.7661 -3.42908
15.7676 -3.43601
15.7691 -3.44289
15.7706 -3.44972
15.7721 -3.45651
15.7736 -3.46326
15.7751 -3.46997
15.7766 -3.47663
15.7781 -3.48324
15.7796 -3.48981
15.7811 -3.49634
15.7826 -3.50282
15.7841 -3.50925
15.7856 -3.51563
15.7871 -3.52197
15.7886 -3.52826
15.7901 -3.53451
15.7916 -3.5407
15.7931 -3.54685
15.7946 -3.55295
15.7961 -3.559
15.7976 -3.565
15.7991 -3.57095
15.8007 -3.57684
15.8022 -3.58269
15.8037 -3.58849
15.8052 -3.59424
15.8067 -3.59993
15.8082 -3.60558
15.8097 -3.61117
15.8112 -3.61671
15.8127 -3.62219
15.8142 -3.62763
15.8157 -3.633
15.8172 -3.63833
15.8187 -3.6436
15.8202 -3.64881
15.8217 -3.65397
15.8232 -3.65908
15.8247 -3.66413
15.8262 -3.66912
15.8277 -3.67405
15.8292 -3.67893
15.8307 -3.68375
15.8322 -3.68852
15.8337 -3.69322
15.8352 -3.69787
15.8367 -3.70245
15.8382 -3.70698
15.8397 -3.71145
15.8412 -3.71586
15.8427 -3.72021
15.8442 -3.7245
15.8457 -3.72872
15.8472 -3.73289
15.8487 -3.73699
15.8502 -3.74103
15.8517 -3.74501
15.8532 -3.74893
15.8547 -3.75278
15.8562 -3.75657
15.8577 -3.76029
15.8592 -3.76395
15.8607 -3.76755
15.8622 -3.77108
15.8637 -3.77454
15.8652 -3.77794
15.8667 -3.78127
15.8682 -3.78453
15.8697 -3.78773
15.8712 -3.79086
15.8727 -3.79392
15.8742 -3.79692
15.8757 -3.79984
15.8772 -3.8027
15.8787 -3.80548
15.8802 -3.8082
15.8817 -3.81085
15.8832 -3.81342
15.8847 -3.81592
15.8862 -3.81836
15.8877 -3.82072
15.8892 -3.82301
15.8907 -3.82522
15.8922 -3.82737
15.8937 -3.82944
15.8952 -3.83143
15.8967 -3.83335
15.8982 -3.8352
15.8997 -3.83697
15.9012 -3.83867
15.9027 -3.84029
15.9042 -3.84183
15.9057 -3.8433
15.9072 -3.84469
15.9087 -3.846
15.9102 -3.84724
15.9117 -3.8484
15.9132 -3.84948
15.9147 -3.85047
15.9162 -3.85139
15.9177 -3.85223
15.9192 -3.85299
15.9207 -3.85367
15.9222 -3.85427
15.9237 -3.85479
15.9252 -3.85522
15.9267 -3.85558
15.9282 -3.85585
15.9297 -3.85603
15.9312 -3.85613
15.9327 -3.85615
15.9342 -3.85609
15.9357 -3.85594
15.9372 -3.8557
15.9387 -3.85538
15.9402 -3.85498
15.9417 -3.85448
15.9432 -3.8539
15.9447 -3.85323
15.9462 -3.85248
15.9477 -3.85163
15.9492 -3.8507
15.9507 -3.84968
15.9522 -3.84857
15.9537 -3.84737
15.9552 -3.84608
15.9567 -3.8447
15.9582 -3.84323
15.9597 -3.84166
15.9612 -3.84001
15.9627 -3.83826
15.9642 -3.83642
15.9657 -3.83448
15.9672 -3.83246
15.9687 -3.83034
15.9702 -3.82812
15.9717 -3.82581
15.9732 -3.8234
15.9747 -3.8209
15.9762 -3.8183
15.9777 -3.81561
15.9792 -3.81281
15.9807 -3.80992
15.9822 -3.80693
15.9837 -3.80385
15.9852 -3.80066
15.9867 -3.79738
15.9882 -3.794
15.9897 -3.79051
15.9912 -3.78693
15.9927 -3.78324
15.9942 -3.77945
15.9957 -3.77556
15.9972 -3.77157
15.9987 -3.76748
16.0003 -3.76328
16.0018 -3.75898
16.0033 -3.75457
16.0048 -3.75006
16.0063 -3.74545
16.0078 -3.74073
16.0093 -3.7359
16.0108 -3.73097
16.0123 -3.72593
16.0138 -3.72078
16.0153 -3.71553
16.0168 -3.71016
16.0183 -3.70469
16.0198 -3.69911
16.0213 -3.69342
16.0228 -3.68762
16.0243 -3.68171
16.0258 -3.67569
16.0273 -3.66956
16.0288 -3.66331
16.0303 -3.65696
16.0318 -3.65049
16.0333 -3.64391
16.0348 -3.63721
16.0363 -3.6304
16.0378 -3.62348
16.0393 -3.61644
16.0408 -3.60928
16.0423 -3.60201
16.0438 -3.59462
16.0453 -3.58712
16.0468 -3.5795
16.0483 -3.57176
16.0498 -3.5639
16.0513 -3.55592
16.0528 -3.54783
16.0543 -3.53961
16.0558 -3.53128
16.0573 -3.52282
16.0588 -3.51425
16.0603 -3.50555
16.0618 -3.49673
16.0633 -3.48778
16.0648 -3.47872
16.0663 -3.46953
16.0678 -3.46022
16.0693 -3.45078
16.0708 -3.44122
16.0723 -3.43153
16.0738 -3.42172
16.0753 -3.41178
16.0768 -3.40171
16.0783 -3.39152
16.0798 -3.3812
16.0813 -3.37075
16.0828 -3.36017
16.0843 -3.34946
16.0858 -3.33863
16.0873 -3.32766
16.0888 -3.31656
16.0903 -3.30534
16.0918 -3.29398
16.0933 -3.28248
16.0948 -3.27086
16.0963 -3.2591
16.0978 -3.24721
16.0993 -3.23519
16.1008 -3.22303
16.1023 -3.21073
16.1038 -3.19831
16.1053 -3.18574
16.1068 -3.17304
16.1083 -3.1602
16.1098 -3.14722
16.1113 -3.13411
16.1128 -3.12086
16.1143 -3.10747
16.1158 -3.09394
16.1173 -3.08027
16.1188 -3.06646
16.1203 -3.0525
16.1218 -3.03841
16.1233 -3.02418
16.1248 -3.0098
16.1263 -2.99528
16.1278 -2.98062
16.1293 -2.96581
16.1308 -2.95086
16.1323 -2.93576
16.1338 -2.92052
16.1353 -2.90513
16.1368 -2.8896
16.1383 -2.87392
16.1398 -2.85809
16.1413 -2.84212
16.1428 -2.82599
16.1443 -2.80972
16.1458 -2.7933
16.1473 -2.77672
16.1488 -2.76
16.1503 -2.74313
16.1518 -2.7261
16.1533 -2.70893
16.1548 -2.6916
16.1563 -2.67411
16.1578 -2.65648
16.1593 -2.63869
16.1608 -2.62074
16.1623 -2.60265
16.1638 -2.58439
16.1653 -2.56598
16.1668 -2.54741
16.1683 -2.52869
16.1698 -2.50981
16.1713 -2.49077
16.1728 -2.47157
16.1743 -2.45221
16.1758 -2.43269
16.1773 -2.41301
16.1788 -2.39317
16.1803 -2.37317
16.1818 -2.35301
16.1833 -2.33269
16.1848 -2.3122
16.1863 -2.29155
16.1878 -2.27074
16.1893 -2.24976
16.1908 -2.22862
16.1923 -2.20731
16.1938 -2.18583
16.1953 -2.16419
16.1968 -2.14238
16.1983 -2.12041
16.1998 -2.09826
16.2014 -2.07595
16.2029 -2.05347
16.2044 -2.03082
16.2059 -2.008
16.2074 -1.985
16.2089 -1.96184
16.2104 -1.9385
16.2119 -1.915
16.2134 -1.89132
16.2149 -1.86746
16.2164 -1.84343
16.2179 -1.81923
16.2194 -1.79485
16.2209 -1.7703
16.2224 -1.74557
16.2239 -1.72066
16.2254 -1.69558
16.2269 -1.67032
16.2284 -1.64488
16.2299 -1.61926
16.2314 -1.59346
16.2329 -1.56748
16.2344 -1.54132
16.2359 -1.51498
16.2374 -1.48846
16.2389 -1.46176
16.2404 -1.43487
16.2419 -1.4078
16.2434 -1.38055
16.2449 -1.35311
16.2464 -1.32549
16.2479 -1.29768
16.2494 -1.26969
16.2509 -1.24151
16.2524 -1.21314
16.2539 -1.18459
16.2554 -1.15584
16.2569 -1.12691
16.2584 -1.09779
16.2599 -1.06848
16.2614 -1.03897
16.2629 -1.00928
16.2644 -0.979397
16.2659 -0.94932
16.2674 -0.91905
16.2689 -0.888587
16.2704 -0.85793
16.2719 -0.827079
16.2734 -0.796033
16.2749 -0.764791
16.2764 -0.733353
16.2779 -0.701719
16.2794 -0.669887
16.2809 -0.637858
16.2824 -0.60563
16.2839 -0.573203
16.2854 -0.540577
16.2869 -0.50775
16.2884 -0.474723
16.2899 -0.441495
16.2914 -0.408065
16.2929 -0.374433
16.2944 -0.340597
16.2959 -0.306558
16.2974 -0.272315
16.2989 -0.237868
16.3004 -0.203215
16.3019 -0.168356
16.3034 -0.133291
16.3049 -0.0980188
16.3064 -0.0625392
16.3079 -0.0268514
16.3094 0.00904508
16.3109 0.0451509
16.3124 0.0814665
16.3139 0.117993
16.3154 0.15473
16.3169 0.191679
16.3184 0.22884
16.3199 0.266213
16.3214 0.303801
16.3229 0.341602
16.3244 0.379617
16.3259 0.417848
16.3274 0.456295
16.3289 0.494958
16.3304 0.533838
16.3319 0.572935
16.3334 0.61225
16.3349 0.651784
16.3364 0.691538
16.3379 0.731511
16.3394 0.771705
16.3409 0.812119
16.3424 0.852756
16.3439 0.893614
16.3454 0.934696
16.3469 0.976001
16.3484 1.01753
16.3499 1.05928
16.3514 1.10126
16.3529 1.14347
16.3544 1.1859
16.3559 1.22856
16.3574 1.27144
16.3589 1.31456
16.3604 1.3579
16.3619 1.40147
16.3634 1.44527
16.3649 1.48931
16.3664 1.53357
16.3679 1.57807
16.3694 1.62279
16.3709 1.66776
16.3724 1.71295
16.3739 1.75838
16.3754 1.80405
16.3769 1.84995
16.3784 1.89608
16.3799 1.94245
16.3814 1.98907
16.3829 2.03591
16.3844 2.083
16.3859 2.13033
16.3874 2.17789
16.3889 2.2257
16.3904 2.27375
16.3919 2.32203
16.3934 2.37057
16.3949 2.41934
16.3964 2.46836
16.3979 2.51762
16.3994 2.56713
16.401 2.61688
16.4025 2.66688
16.404 2.71712
16.4055 2.76761
16.407 2.81835
16.4085 2.86934
16.41 2.92058
16.4115 2.97206
16.413 3.0238
16.4145 3.07579
16.416 3.12803
16.4175 3.18052
16.419 3.23327
16.4205 3.28626
16.422 3.33952
16.4235 3.39302
16.425 3.44679
16.4265 3.50081
16.428 3.55508
16.4295 3.60961
16.431 3.66441
16.4325 3.71945
16.434 3.77476
16.4355 3.83033
16.437 3.88616
16.4385 3.94225
16.44 3.9986
16.4415 4.05522
16.443 4.11209
16.4445 4.16923
16.446 4.22664
16.4475 4.28431
16.449 4.34224
16.4505 4.40045
16.452 4.45892
16.4535 4.51765
16.455 4.57666
16.4565 4.63593
16.458 4.69547
16.4595 4.75529
16.461 4.81537
16.4625 4.87572
16.464 4.93635
16.4655 4.99725
16.467 5.05842
16.4685 5.11987
16.47 5.18159
16.4715 5.24359
16.473 5.30586
16.4745 5.36841
16.476 5.43124
16.4775 5.49434
16.479 5.55773
16.4805 5.62139
16.482 5.68533
16.4835 5.74956
16.485 5.81406
16.4865 5.87885
16.488 5.94391
16.4895 6.00927
16.491 6.0749
16.4925 6.14082
16.494 6.20703
16.4955 6.27352
16.497 6.3403
16.4985 6.40736
16.5 6.47471
