0 -4.9843
0.1 -4.73899
0.2 -4.84259
0.3 -4.75411
0.4 -4.34175
0.5 -4.18617
0.6 -4.5318
0.7 -4.4041
0.8 -4.72991
0.9 -4.36629
1 -4.22669
1.1 -4.29771
1.2 -4.82737
1.3 -3.23112
1.4 -3.93509
1.5 -4.11232
1.6 -4.8261
1.7 -2.74234
1.8 -4.66938
1.9 -2.56573
2 -4.10097
2.1 -4.73518
2.2 -4.69146
2.3 -4.80231
2.4 -4.83543
2.5 -2.93401
2.6 -4.69251
2.7 -4.77781
2.8 -4.78911
2.9 -4.82686
3 -2.10953
3.1 -4.79715
3.2 -2.43467
3.3 -4.60144
3.4 -4.80775
3.5 -3.27033
3.6 -4.78701
3.7 -4.67481
3.8 -2.40371
3.9 -4.79684
4 -4.74109
4.1 -4.70105
4.2 -4.69572
4.3 -3.97336
4.4 -4.8051
4.5 -4.15705
4.6 -4.73222
4.7 -4.51592
4.8 -4.31978
4.9 -4.79611
5 -4.45845
5.1 -4.71147
5.2 -4.20749
5.3 -2.39627
5.4 -3.10732
5.5 -4.50932
5.6 -1.4723
5.7 -4.77813
5.8 -4.74496
5.9 -4.75107
6 -4.5262
6.1 -4.75347
6.2 -4.29794
6.3 -3.39684
6.4 -3.05548
6.5 -4.55757
6.6 -4.36007
6.7 -4.74779
6.8 -4.76628
6.9 -2.94113
7 -4.76073
7.1 -3.82331
7.2 -4.73699
7.3 -4.69798
7.4 -4.75392
7.5 -4.75307
7.6 -4.6446
7.7 -4.73718
7.8 -4.16996
7.9 -4.66238
8 -2.93475
8.1 -4.61989
8.2 -4.49118
8.3 -4.7318
8.4 -4.40512
8.5 -2.63775
8.6 -4.68469
8.7 -4.7161
8.8 -4.33954
8.9 -4.71928
9 -3.47295
9.1 -4.65947
9.2 -4.57933
9.3 -4.25395
9.4 -4.56271
9.5 -3.97593
9.6 -4.56174
9.7 -2.50639
9.8 -1.95109
9.9 -4.59576
10 -4.55937
10.1 -4.22058
10.2 -4.66172
10.3 -4.68177
10.4 -4.65733
10.5 -3.89506
10.6 -4.59109
10.7 -4.26678
10.8 -4.63729
10.9 -3.48284
11 -4.40173
11.1 -4.64342
11.2 -3.45555
11.3 -4.61525
11.4 -4.55464
11.5 -3.2472
11.6 -4.593
11.7 -4.19334
11.8 -4.12405
11.9 -4.54743
12 -3.55288
12.1 -4.6114
12.2 -4.55954
12.3 -4.57577
12.4 -4.54793
12.5 -4.22537
12.6 -4.46057
12.7 -4.0256
12.8 -4.591
12.9 -3.19991
13 -3.67421
13.1 -4.59397
13.2 -4.25883
13.3 -4.09795
13.4 -4.5757
13.5 -4.55637
13.6 -4.33345
13.7 -4.36289
13.8 -4.56626
13.9 -4.25408
14 -1.33374
14.1 -4.55827
14.2 -3.09655
14.3 -4.30932
14.4 -4.28038
14.5 -3.84154
14.6 -3.11668
14.7 -4.25079
14.8 -4.20733
14.9 -4.31546
15 -4.4539
15.1 -4.31843
15.2 -1.42608
15.3 -4.51714
15.4 -4.40212
15.5 -4.47291
15.6 -3.98623
15.7 -3.926
15.8 -4.39138
15.9 -3.51473
16 -4.12394
16.1 -4.3947
16.2 -4.43617
16.3 -4.4765
16.4 -4.47486
16.5 -3.95996
16.6 -4.40746
16.7 -3.87432
16.8 -4.43648
16.9 -4.17753
17 -4.32436
17.1 -4.27471
17.2 -2.72799
17.3 -3.95516
17.4 -3.88335
17.5 -4.30641
17.6 -4.40919
17.7 -4.35461
17.8 -4.42937
17.9 -4.36009
18 -4.05544
18.1 -4.40661
18.2 -3.95756
18.3 -3.94168
18.4 -0.0647966
18.5 -4.40763
18.6 -4.1736
18.7 -4.34661
18.8 -4.20228
18.9 -4.0303
19 -4.26418
19.1 -4.31594
19.2 -4.2634
19.3 -3.57624
19.4 -3.89932
19.5 -4.28388
19.6 -1.54338
19.7 -3.7981
19.8 -4.21284
19.9 -4.36233
20 -3.69793
20.1 -3.92851
20.2 -4.32394
20.3 -4.34526
20.4 -1.7596
20.5 -2.38652
20.6 -3.38628
20.7 -1.28363
20.8 -4.33723
20.9 -3.59083
21 -3.62614
21.1 -4.00759
21.2 -4.32032
21.3 -4.26012
21.4 -3.35853
21.5 -3.59063
21.6 -4.12047
21.7 -3.76331
21.8 -4.12377
21.9 -4.24254
22 -4.24379
22.1 -2.71426
22.2 -4.02671
22.3 -4.25307
22.4 -3.46138
22.5 -4.25643
22.6 -1.74724
22.7 -4.27056
22.8 -3.53088
22.9 -4.18187
23 -3.39872
23.1 -4.15648
23.2 -3.91734
23.3 -4.18823
23.4 -4.26198
23.5 -3.51241
23.6 -4.23112
23.7 -4.24649
23.8 -4.25134
23.9 -4.25838
24 -4.18667
24.1 -3.8179
24.2 -3.87016
24.3 -3.62679
24.4 -3.31481
24.5 -3.24519
24.6 -4.22225
24.7 -3.66254
24.8 -3.28618
24.9 -3.95467
25 -3.87621
25.1 -1.24275
25.2 -2.98213
25.3 -3.79608
25.4 -3.48669
25.5 -4.01402
25.6 -2.73913
25.7 -4.11471
25.8 -4.19547
25.9 -3.70494
26 -4.12076
26.1 -3.75878
26.2 -4.20935
26.3 -4.08183
26.4 -3.92355
26.5 -4.01958
26.6 -3.85283
26.7 -3.87431
26.8 -4.16825
26.9 -3.50761
27 -3.08153
27.1 -4.13946
27.2 -3.32914
27.3 -4.03068
27.4 -4.02887
27.5 -3.13381
27.6 -4.17797
27.7 -4.18476
27.8 -2.58505
27.9 -2.72675
28 -3.16944
28.1 -3.86859
28.2 -4.15899
28.3 -4.17159
28.4 -2.60486
28.5 -3.72488
28.6 -4.1694
28.7 -2.15406
28.8 -2.36982
28.9 -1.78437
29 -4.16366
29.1 -3.07685
29.2 -3.8204
29.3 -3.89625
29.4 -3.72626
29.5 -4.09298
29.6 -3.71019
29.7 -3.98658
29.8 -4.14391
29.9 -4.14911
30 -3.63612
30.1 -4.14301
30.2 -4.13136
30.3 -4.13403
30.4 -3.9354
30.5 -2.56083
30.6 -4.02472
30.7 -4.1211
30.8 -3.98861
30.9 -3.71287
31 -4.12058
31.1 -3.64725
31.2 -4.01392
31.3 -3.51909
31.4 -4.10795
31.5 -4.02375
31.6 -3.77982
31.7 -4.10732
31.8 -4.04647
31.9 -3.84001
32 -2.29145
32.1 -1.54177
32.2 -3.81826
32.3 -2.33024
32.4 -3.78069
32.5 -4.10924
32.6 -1.38733
32.7 -1.61473
32.8 -4.09295
32.9 -3.85182
33 -3.90094
33.1 -4.02301
33.2 -4.0155
33.3 -3.84104
33.4 -3.69988
33.5 -3.53025
33.6 -3.67029
33.7 -4.0542
33.8 -4.08395
33.9 -2.76641
34 -3.96457
34.1 -2.95257
34.2 -2.7756
34.3 -2.72075
34.4 -3.69499
34.5 -3.25182
34.6 -3.8168
34.7 -3.87037
34.8 -4.07919
34.9 -3.94364
35 -3.57642
35.1 -4.08209
35.2 -3.61746
35.3 -4.05233
35.4 -2.67158
35.5 -3.32887
35.6 -3.91029
35.7 -2.17305
35.8 -4.02054
35.9 -3.75382
36 -3.75017
36.1 -3.63886
36.2 -3.94039
36.3 -2.64718
36.4 -4.04301
36.5 -4.01629
36.6 -3.75602
36.7 -3.56911
36.8 -3.03084
36.9 -3.16183
37 -4.008
37.1 -3.56512
37.2 -3.37345
37.3 -4.02658
37.4 -3.98337
37.5 -3.84978
37.6 -4.02238
37.7 -3.93749
37.8 -3.98634
37.9 -3.83689
38 -3.98128
38.1 -3.69748
38.2 -3.74716
38.3 -3.83873
38.4 -2.30572
38.5 -1.2544
38.6 -0.16709
38.7 -4.01406
38.8 -3.73122
38.9 -4.01858
39 -2.86269
39.1 -3.93718
39.2 -3.10617
39.3 -3.54409
39.4 -4.02047
39.5 -3.86826
39.6 -2.38635
39.7 -3.63871
39.8 -3.90609
39.9 -3.92764
40 -3.67483
40.1 -3.90105
40.2 -3.97294
40.3 -2.13174
40.4 -3.50673
40.5 -3.88683
40.6 -1.61444
40.7 -3.98338
40.8 -3.48874
40.9 -3.90907
41 -3.97451
41.1 -3.90438
41.2 -4.00567
41.3 -3.95944
41.4 -2.13899
41.5 -3.98193
41.6 -3.91102
41.7 -3.65587
41.8 -3.08901
41.9 -3.9135
42 -3.71478
42.1 -3.99607
42.2 -3.99832
42.3 -3.78973
42.4 -2.97766
42.5 -3.97274
42.6 -3.91551
42.7 -3.5848
42.8 -3.90005
42.9 -3.98278
43 -3.3109
43.1 -0.491675
43.2 -3.95226
43.3 -4.31432
43.4 -4.10519
43.5 -4.2926
43.6 -4.40215
43.7 -3.11038
43.8 -4.73686
43.9 -4.87128
44 -5.00764
44.1 -4.6725
44.2 -4.90334
44.3 -4.95769
44.4 -2.9202
44.5 -0.0385047
44.6 -3.92871
44.7 -3.81745
44.8 -3.6281
44.9 -3.95247
45 -2.25618
45.1 -2.47316
45.2 -3.69875
45.3 -1.81674
45.4 -2.7338
45.5 -3.88831
45.6 -2.842
45.7 -3.83304
45.8 -3.87504
45.9 -1.77917
46 -3.85012
46.1 -3.40743
46.2 -3.73617
46.3 -0.0127719
46.4 -3.92075
46.5 -3.62158
46.6 -3.21315
46.7 -3.85954
46.8 -3.38971
46.9 -3.90903
47 -2.98541
47.1 -3.64697
47.2 -3.90314
47.3 -3.87707
47.4 -3.10926
47.5 -3.89024
47.6 -2.17995
47.7 -3.68874
47.8 -3.91537
47.9 -2.95059
48 -3.03232
48.1 -3.80966
48.2 -3.91341
48.3 -1.12211
48.4 -3.83355
48.5 -3.89424
48.6 -3.01071
48.7 -3.71702
48.8 -2.83512
48.9 -3.82374
49 -3.88798
49.1 -2.98784
49.2 -3.89423
49.3 -3.83313
49.4 -3.63136
49.5 -3.66966
49.6 -3.87182
49.7 -3.84662
49.8 -3.3414
49.9 -3.8785
50 -3.52449
50.1 -3.60855
50.2 -2.64368
50.3 -3.8164
50.4 -3.87393
50.5 -3.07343
50.6 -3.73066
50.7 -3.65757
50.8 -2.97912
50.9 -3.7606
51 -2.50179
51.1 -1.59313
51.2 -3.85469
51.3 -3.83877
51.4 -3.52882
51.5 -3.77661
51.6 -3.65869
51.7 -2.90186
51.8 -3.22738
51.9 -3.78703
52 -3.80842
52.1 -3.4871
52.2 -1.29303
52.3 -2.86706
52.4 -3.15662
52.5 -3.82964
52.6 -3.59767
52.7 -3.82165
52.8 -1.84795
52.9 -3.79649
53 -3.08554
53.1 -3.78024
53.2 -3.75437
53.3 -3.24658
53.4 -3.34912
53.5 -3.79043
53.6 -3.54157
53.7 -3.73866
53.8 -3.7854
53.9 -3.65882
54 -3.0838
54.1 -3.79301
54.2 -1.45177
54.3 -3.78788
54.4 -3.51057
54.5 -3.51951
54.6 -2.99989
54.7 -3.7772
54.8 -3.76398
54.9 -3.69877
55 -3.20059
55.1 -3.75163
55.2 -1.74384
55.3 -2.90341
55.4 -1.43817
55.5 -3.27519
55.6 -3.54647
55.7 -2.69039
55.8 -3.52062
55.9 -3.11221
56 -0.536774
56.1 -2.81932
56.2 -3.29353
56.3 -3.64994
56.4 -2.186
56.5 -3.09401
56.6 -3.68023
56.7 -3.45187
56.8 -2.88021
56.9 -2.00108
57 -3.6742
57.1 -2.98404
57.2 -2.82807
57.3 -3.05229
57.4 -3.55908
57.5 -3.53869
57.6 -3.09641
57.7 -1.56699
57.8 -2.58021
57.9 -5.29898
58 -4.96039
58.1 -3.5732
58.2 -5.21626
58.3 -5.10167
58.4 -5.31508
58.5 -2.90711
58.6 -4.13618
58.7 -5.00627
58.8 -5.12764
58.9 -3.75659
59 -5.14034
59.1 -5.33489
59.2 -3.8435
59.3 -5.20124
59.4 -4.51406
59.5 -1.32607
59.6 -4.9192
59.7 -5.19971
59.8 -5.32675
59.9 -3.03593
60 -4.91063
60.1 -5.28574
60.2 -5.06061
60.3 -4.63455
60.4 -5.37468
60.5 -5.30173
60.6 -5.33856
60.7 -5.33244
60.8 -3.85407
60.9 -4.97844
61 -5.17863
61.1 -5.38504
61.2 -4.56528
61.3 -5.39894
61.4 -5.39681
61.5 -5.29751
61.6 -5.38287
61.7 -2.90453
61.8 -5.42302
61.9 -4.65907
62 -3.88065
62.1 -5.18
62.2 -4.60183
62.3 -1.29216
62.4 -4.93028
62.5 -5.38339
62.6 -5.37802
62.7 -5.45353
62.8 -5.40231
62.9 -5.20736
63 -5.46539
63.1 -5.02705
63.2 -5.47084
63.3 -5.37697
63.4 -5.3944
63.5 -5.48473
63.6 -5.48391
63.7 -5.37668
63.8 -5.13507
63.9 -5.14797
64 -5.3897
64.1 -5.46829
64.2 -5.26856
64.3 -4.50089
64.4 -5.37273
64.5 -5.18784
64.6 -3.55983
64.7 -5.52559
64.8 -5.07248
64.9 -3.86137
65 -5.14161
65.1 -5.50001
65.2 -5.54199
65.3 -3.55518
65.4 -5.50082
65.5 -4.48093
65.6 -4.00168
65.7 -5.31313
65.8 -5.57287
65.9 -4.4156
66 -5.31441
66.1 -4.18057
66.2 -5.40209
66.3 -5.58836
66.4 -5.59596
66.5 -3.04217
66.6 -0.816407
66.7 -5.43036
66.8 -5.38972
66.9 -5.04207
67 -5.52985
67.1 -4.62331
67.2 -3.81973
67.3 -4.37373
67.4 -5.4472
67.5 -5.47637
67.6 -5.64633
67.7 -3.61011
67.8 -5.43886
67.9 -5.65967
68 -5.66227
68.1 -5.00098
68.2 -5.64722
68.3 -4.983
68.4 -5.67434
68.5 -5.63616
68.6 -5.44981
68.7 -5.12232
68.8 -5.68095
68.9 -4.14269
69 -4.80233
69.1 -5.69463
69.2 -5.50064
69.3 -5.42619
69.4 -5.71311
69.5 -4.67196
69.6 -5.57843
69.7 -5.51593
69.8 -5.73478
69.9 -5.74009
70 -5.73107
70.1 -5.3323
70.2 -5.68533
70.3 -4.35076
70.4 -5.22039
70.5 -5.19466
70.6 -5.76699
70.7 -4.2289
70.8 -4.25116
70.9 -5.14154
71 -5.75704
71.1 -3.29904
71.2 -5.40277
71.3 -5.78994
71.4 -5.78732
71.5 -5.74854
71.6 -5.34374
71.7 -5.77391
71.8 -5.80093
71.9 -5.71517
72 -5.14706
72.1 -5.73832
72.2 -5.78519
72.3 -5.82338
72.4 -5.82158
72.5 -5.83578
72.6 -4.7883
72.7 -5.46343
72.8 -3.71106
72.9 -5.41234
73 -5.71927
73.1 -5.85566
73.2 -5.71076
73.3 -5.80819
73.4 -5.51929
73.5 -4.75314
73.6 -5.82457
73.7 -5.51188
73.8 -5.77485
73.9 -5.52597
74 -5.47679
74.1 -5.78829
74.2 -2.45235
74.3 -5.77338
74.4 -5.77296
74.5 -3.94617
74.6 -5.73069
74.7 -5.51462
74.8 -5.79149
74.9 -5.70884
75 -4.47042
75.1 -5.20749
75.2 -5.21408
75.3 -5.81692
75.4 -5.91719
75.5 -4.74852
75.6 -5.5668
75.7 -5.75395
75.8 -5.80391
75.9 -5.95088
76 -5.48936
76.1 -4.06698
76.2 -5.80848
76.3 -5.95386
76.4 -5.63327
76.5 -5.92501
76.6 -5.33416
76.7 -5.97235
76.8 -5.51457
76.9 -5.33168
77 -5.98075
77.1 -5.92551
77.2 -3.3606
77.3 -5.76572
77.4 -5.03019
77.5 -5.9587
77.6 -5.90889
77.7 -5.99316
77.8 -5.89607
77.9 -5.95897
78 -5.27637
78.1 -5.87453
78.2 -5.0524
78.3 -6.01154
78.4 -3.68792
78.5 -2.69303
78.6 -5.96204
78.7 -6.02137
78.8 -6.02971
78.9 -6.03464
79 -5.89164
79.1 -4.75612
79.2 -6.04151
79.3 -5.68253
79.4 -5.01682
79.5 -6.04262
79.6 -5.69412
79.7 -5.3421
79.8 -4.81862
79.9 -5.88382
80 -6.0233
80.1 -4.72279
80.2 -6.06377
80.3 -6.04998
80.4 -5.8948
80.5 -5.99442
80.6 -6.07465
80.7 -6.06013
80.8 -5.628
80.9 -5.54007
81 -5.34116
81.1 -6.08458
81.2 -4.23284
81.3 -5.77181
81.4 -3.10876
81.5 -5.93435
81.6 -6.0957
81.7 -6.08357
81.8 -4.78753
81.9 -6.08302
82 -5.82649
82.1 -6.10517
82.2 -5.93375
82.3 -4.66871
82.4 -5.29141
82.5 -5.73168
82.6 -3.95917
82.7 -5.68866
82.8 -5.24548
82.9 -6.11584
83 -6.08906
83.1 -6.01709
83.2 -5.41158
83.3 -5.95919
83.4 -6.08542
83.5 -4.93482
83.6 -6.10952
83.7 -5.63696
83.8 -4.55699
83.9 -6.11283
84 -6.13923
84.1 -6.13653
84.2 -6.01508
84.3 -0.938918
84.4 -5.78015
84.5 -5.96016
84.6 -5.37567
84.7 -6.14528
84.8 -3.75172
84.9 -5.7383
85 -6.08981
85.1 -6.11694
85.2 -6.08225
85.3 -4.75837
85.4 -6.06174
85.5 -5.18784
85.6 -5.64476
85.7 -6.12978
85.8 -6.16232
85.9 -5.73085
86 -6.11375
86.1 -6.1696
86.2 -6.1678
86.3 -4.69402
86.4 -6.16711
86.5 -6.0089
86.6 -5.3665
86.7 -6.17027
86.8 -5.88664
86.9 -5.99986
87 -6.18724
87.1 -5.89762
87.2 -6.17871
87.3 -5.33856
87.4 -6.13904
87.5 -6.16662
87.6 -6.18439
87.7 -5.57104
87.8 -6.17551
87.9 -6.19455
88 -6.16906
88.1 -5.8103
88.2 -6.04491
88.3 -5.97318
88.4 -6.14933
88.5 -3.53796
88.6 -6.1654
88.7 -5.79336
88.8 -6.04666
88.9 -6.19963
89 -5.93738
89.1 -6.21155
89.2 -2.77196
89.3 -6.1538
89.4 -5.98557
89.5 -6.20072
89.6 -6.17571
89.7 -6.20114
89.8 -4.10887
89.9 -5.75484
90 -5.7395
90.1 -5.78248
90.2 -5.93603
90.3 -5.66639
90.4 -6.21712
90.5 -5.22754
90.6 -5.47303
90.7 -6.03931
90.8 -4.78386
90.9 -6.08213
91 -6.15633
91.1 -5.54023
91.2 -5.79747
91.3 -5.95614
91.4 -4.83037
91.5 -5.44545
91.6 -5.86185
91.7 -6.23387
91.8 -6.2202
91.9 -6.22087
92 -6.1923
92.1 -6.04938
92.2 -6.2021
92.3 -6.20369
92.4 -5.86814
92.5 -5.9093
92.6 -6.24847
92.7 -5.87585
92.8 -6.23661
92.9 -6.18812
93 -5.66404
93.1 -4.95689
93.2 -4.82959
93.3 -6.08292
93.4 -6.24519
93.5 -6.20135
93.6 -5.76165
93.7 -5.50152
93.8 -3.49531
93.9 -5.52044
94 -6.12918
94.1 -5.81779
94.2 -5.19905
94.3 -6.26555
94.4 -6.17601
94.5 -6.21839
94.6 -5.93088
94.7 -6.25889
94.8 -5.82955
94.9 -6.14218
95 -6.24223
95.1 -5.92153
95.2 -6.07833
95.3 -5.00166
95.4 -4.6876
95.5 -5.99641
95.6 -5.03839
95.7 -5.06741
95.8 -5.4087
95.9 -5.34115
96 -5.21035
96.1 -6.25593
96.2 -6.17556
96.3 -6.26938
96.4 -5.83299
96.5 -6.09691
96.6 -6.25115
96.7 -5.16833
96.8 -5.88379
96.9 -6.27998
97 -5.76502
97.1 -6.11
97.2 -6.26885
97.3 -4.93606
97.4 -6.19658
97.5 -5.3929
97.6 -6.19253
97.7 -4.23627
97.8 -5.93564
97.9 -6.28114
98 -5.89533
98.1 -6.00332
98.2 -5.9682
98.3 -6.04364
98.4 -6.00683
98.5 -4.99468
98.6 -4.26567
98.7 -6.15843
98.8 -6.28109
98.9 -5.98677
99 -6.04999
99.1 -6.28694
99.2 -5.67254
99.3 -5.82196
99.4 -5.12372
99.5 -5.97096
99.6 -5.72314
99.7 -6.19462
99.8 -5.46086
99.9 -6.07394
100 -6.2712
100.001 -4.87058
