28.5758 0.00913197
28.6306 0.0456599
28.6853 0.118716
28.7401 0.173507
28.7948 0.520522
28.8496 1.0867
28.9043 1.60723
28.9591 2.05469
29.0138 2.23733
29.0686 1.95424
29.1234 1.91771
29.1781 1.30587
29.2329 0.904065
29.2876 0.60271
29.3424 0.483995
29.3971 0.347015
29.4519 0.191771
29.5066 0.127848
29.5614 0.0821878
29.6161 0.0730558
29.6709 0.0456599
29.7256 0.0456599
29.7804 0.0273959
29.8351 0.0182639
29.8899 0
29.9446 0.00913197
29.9994 0.0182639
30.0541 0.0273959
30.1089 0.00913197
30.1637 0.0365279
30.2184 0
30.2732 0.0182639
30.3279 0
30.3827 0.0456599
30.4374 0.0273959
30.4922 0.0273959
30.5469 0.0365279
30.6017 0.100452
30.6564 0.118716
30.7112 0.118716
30.7659 0.173507
30.8207 0.228299
30.8754 0.246563
30.9302 0.301355
30.9849 0.210035
31.0397 0.301355
31.0944 0.13698
31.1492 0.0456599
31.204 0.0273959
31.2587 0.0182639
