0 -0.892131
0.1 -0.876585
0.2 -0.870745
0.3 -0.866216
0.4 -0.859871
0.5 -0.861224
0.6 -0.858212
0.7 -0.837288
0.8 -0.848499
0.9 -0.852198
1 -0.832852
1.1 -0.838069
1.2 -0.83188
1.3 -0.819177
1.4 -0.813536
1.5 -0.82183
1.6 -0.824876
1.7 -0.825788
1.8 -0.828346
1.9 -0.826057
2 -0.816079
2.1 -0.804905
2.2 -0.811235
2.3 -0.803018
2.4 -0.803514
2.5 -0.784685
2.6 -0.780138
2.7 -0.780851
2.8 -0.777455
2.9 -0.772235
3 -0.762261
3.1 -0.758966
3.2 -0.759271
3.3 -0.75766
3.4 -0.741095
3.5 -0.748426
3.6 -0.748023
3.7 -0.74167
3.8 -0.746223
3.9 -0.739649
4 -0.734786
4.1 -0.726798
4.2 -0.734078
4.3 -0.728392
4.4 -0.716508
4.5 -0.729568
4.6 -0.726249
4.7 -0.728463
4.8 -0.722491
4.9 -0.705519
5 -0.701414
5.1 -0.697021
5.2 -0.698012
5.3 -0.692314
5.4 -0.693329
5.5 -0.681177
5.6 -0.690328
5.7 -0.677789
5.8 -0.683444
5.9 -0.679291
6 -0.675673
6.1 -0.67404
6.2 -0.665676
6.3 -0.670586
6.4 -0.66237
6.5 -0.667988
6.6 -0.6615
6.7 -0.660619
6.8 -0.664319
6.9 -0.659236
7 -0.647352
7.1 -0.643825
7.2 -0.649081
7.3 -0.656735
7.4 -0.639845
7.5 -0.632337
7.6 -0.633798
7.7 -0.636639
7.8 -0.629568
7.9 -0.619922
8 -0.621407
8.1 -0.626716
8.2 -0.606161
8.3 -0.616621
8.4 -0.6009
8.5 -0.609855
8.6 -0.602215
8.7 -0.604618
8.8 -0.598587
8.9 -0.595168
9 -0.594053
9.1 -0.584072
9.2 -0.58584
9.3 -0.585998
9.4 -0.578043
9.5 -0.585955
9.6 -0.576761
9.7 -0.578736
9.8 -0.570064
9.9 -0.569313
10 -0.575985
10.1 -0.577172
10.2 -0.565107
10.3 -0.566992
10.4 -0.556783
10.5 -0.566192
10.6 -0.565547
10.7 -0.558403
10.8 -0.558212
10.9 -0.547562
11 -0.538586
11.1 -0.542607
11.2 -0.546171
11.3 -0.529699
11.4 -0.541235
11.5 -0.543792
11.6 -0.530313
11.7 -0.528628
11.8 -0.521341
11.9 -0.516779
12 -0.510811
12.1 -0.507035
12.2 -0.520046
12.3 -0.502394
12.4 -0.499908
12.5 -0.500668
12.6 -0.49559
12.7 -0.506975
12.8 -0.499891
12.9 -0.501829
13 -0.501492
13.1 -0.502179
13.2 -0.510195
13.3 -0.498437
13.4 -0.491903
13.5 -0.497561
13.6 -0.49807
13.7 -0.493647
13.8 -0.491635
13.9 -0.482327
14 -0.484815
14.1 -0.482041
14.2 -0.476944
14.3 -0.484107
14.4 -0.492969
14.5 -0.486733
14.6 -0.479714
14.7 -0.481512
14.8 -0.474459
14.9 -0.47984
15 -0.488716
15.1 -0.470247
15.2 -0.48156
15.3 -0.478048
15.4 -0.476662
15.5 -0.472816
15.6 -0.463128
15.7 -0.478477
15.8 -0.463783
15.9 -0.471601
16 -0.471338
16.1 -0.464514
16.2 -0.455581
16.3 -0.465679
16.4 -0.466427
16.5 -0.465971
16.6 -0.473873
16.7 -0.472666
16.8 -0.465958
16.9 -0.466368
17 -0.462563
17.1 -0.446895
17.2 -0.454966
17.3 -0.476193
17.4 -0.459932
17.5 -0.45258
17.6 -0.451821
17.7 -0.455525
17.8 -0.449599
17.9 -0.449745
18 -0.451722
18.1 -0.447296
18.2 -0.442502
18.3 -0.455656
18.4 -0.446363
18.5 -0.437261
18.6 -0.443772
18.7 -0.435662
18.8 -0.420678
18.9 -0.440127
19 -0.432256
19.1 -0.422791
19.2 -0.427123
19.3 -0.429263
19.4 -0.436698
19.5 -0.430002
19.6 -0.431231
19.7 -0.427352
19.8 -0.410953
19.9 -0.424171
20 -0.422016
20.1 -0.417703
20.2 -0.431413
20.3 -0.419838
20.4 -0.41793
20.5 -0.419399
20.6 -0.422788
20.7 -0.423125
20.8 -0.411285
20.9 -0.420059
21 -0.414909
21.1 -0.415157
21.2 -0.417062
21.3 -0.418937
21.4 -0.422763
21.5 -0.402703
21.6 -0.405501
21.7 -0.413142
21.8 -0.408312
21.9 -0.403809
22 -0.405851
22.1 -0.39815
22.2 -0.404728
22.3 -0.414689
22.4 -0.400119
22.5 -0.414521
22.6 -0.398954
22.7 -0.404763
22.8 -0.400641
22.9 -0.406967
23 -0.40229
23.1 -0.393727
23.2 -0.397902
23.3 -0.400792
23.4 -0.401339
23.5 -0.392503
23.6 -0.383399
23.7 -0.387246
23.8 -0.386803
23.9 -0.404434
24 -0.386879
24.1 -0.372307
24.2 -0.375151
24.3 -0.382057
24.4 -0.378407
24.5 -0.376615
24.6 -0.380978
24.7 -0.367604
24.8 -0.368704
24.9 -0.373984
25 -0.377263
25.1 -0.378554
25.2 -0.388731
25.3 -0.374542
25.4 -0.379976
25.5 -0.384199
25.6 -0.377987
25.7 -0.385191
25.8 -0.384035
25.9 -0.38651
26 -0.386283
26.1 -0.374939
26.2 -0.387673
26.3 -0.376139
26.4 -0.375679
26.5 -0.368931
26.6 -0.374753
26.7 -0.36532
26.8 -0.365076
26.9 -0.368494
27 -0.381618
27.1 -0.380134
27.2 -0.382705
27.3 -0.37541
27.4 -0.371766
27.5 -0.376718
27.6 -0.372551
27.7 -0.381028
27.8 -0.378078
27.9 -0.382393
28 -0.383644
28.1 -0.396028
28.2 -0.383138
28.3 -0.379766
28.4 -0.384538
28.5 -0.399228
28.6 -0.395255
28.7 -0.395123
28.8 -0.398873
28.9 -0.390783
29 -0.398913
29.1 -0.399618
29.2 -0.397285
29.3 -0.390672
29.4 -0.389064
29.5 -0.387467
29.6 -0.39701
29.7 -0.382885
29.8 -0.385735
29.9 -0.375989
30 -0.3884
30.1 -0.395331
30.2 -0.394636
30.3 -0.382545
30.4 -0.389044
30.5 -0.402981
30.6 -0.387556
30.7 -0.375497
30.8 -0.38657
30.9 -0.381436
31 -0.379921
31.1 -0.384044
31.2 -0.380071
31.3 -0.385243
31.4 -0.388487
31.5 -0.384113
31.6 -0.389172
31.7 -0.389815
31.8 -0.380455
31.9 -0.380039
32 -0.386834
32.1 -0.392374
32.2 -0.378562
32.3 -0.383663
32.4 -0.383819
32.5 -0.387952
32.6 -0.383154
32.7 -0.37781
32.8 -0.382259
32.9 -0.38379
33 -0.381729
33.1 -0.380983
33.2 -0.389328
33.3 -0.378153
33.4 -0.382938
33.5 -0.367943
33.6 -0.370064
33.7 -0.370946
33.8 -0.378668
33.9 -0.383785
34 -0.385212
34.1 -0.388103
34.2 -0.385109
34.3 -0.38766
34.4 -0.379961
34.5 -0.380486
34.6 -0.385226
34.7 -0.367419
34.8 -0.39593
34.9 -0.383601
35 -0.384726
35.1 -0.388312
35.2 -0.38745
35.3 -0.373476
35.4 -0.373504
35.5 -0.385461
35.6 -0.380246
35.7 -0.378841
35.8 -0.392848
35.9 -0.381454
36 -0.374904
36.1 -0.377216
36.2 -0.371614
36.3 -0.370357
36.4 -0.368627
36.5 -0.372326
36.6 -0.373334
36.7 -0.365422
36.8 -0.368866
36.9 -0.381227
37 -0.363322
37.1 -0.36218
37.2 -0.364968
37.3 -0.366438
37.4 -0.357567
37.5 -0.372526
37.6 -0.36488
37.7 -0.372565
37.8 -0.370918
37.9 -0.362428
38 -0.364692
38.1 -0.374626
38.2 -0.365071
38.3 -0.37604
38.4 -0.369369
38.5 -0.375372
38.6 -0.37019
38.7 -0.373941
38.8 -0.377607
38.9 -0.37678
39 -0.364018
39.1 -0.365395
39.2 -0.366546
39.3 -0.371172
39.4 -0.36829
39.5 -0.373959
39.6 -0.373875
39.7 -0.370434
39.8 -0.373627
39.9 -0.375443
40 -0.378799
40.1 -0.366967
40.2 -0.35571
40.3 -0.378741
40.4 -0.380122
40.5 -0.37613
40.6 -0.369838
40.7 -0.374932
40.8 -0.381881
40.9 -0.376497
41 -0.385911
41.1 -0.376206
41.2 -0.391115
41.3 -0.386537
41.4 -0.388579
41.5 -0.38164
41.6 -0.384477
41.7 -0.380195
41.8 -0.403039
41.9 -0.39989
42 -0.397466
42.1 -0.393153
42.2 -0.396404
42.3 -0.402265
42.4 -0.406332
42.5 -0.411784
42.6 -0.411894
42.7 -0.4166
42.8 -0.408376
42.9 -0.409592
43 -0.417783
43.1 -0.416794
43.2 -0.422833
43.3 -0.415553
43.4 -0.415547
43.5 -0.422558
43.6 -0.408694
43.7 -0.415275
43.8 -0.420317
43.9 -0.425852
44 -0.430496
44.1 -0.434849
44.2 -0.43638
44.3 -0.423238
44.4 -0.43683
44.5 -0.437079
44.6 -0.436412
44.7 -0.436723
44.8 -0.443034
44.9 -0.443318
45 -0.436934
45.1 -0.443405
45.2 -0.45364
45.3 -0.448342
45.4 -0.45013
45.5 -0.455298
45.6 -0.45883
45.7 -0.448373
45.8 -0.458322
45.9 -0.451524
46 -0.455858
46.1 -0.461045
46.2 -0.449504
46.3 -0.463239
46.4 -0.463962
46.5 -0.466628
46.6 -0.466091
46.7 -0.468111
46.8 -0.461925
46.9 -0.468775
47 -0.461462
47.1 -0.460345
47.2 -0.460732
47.3 -0.460043
47.4 -0.4677
47.5 -0.470717
47.6 -0.465896
47.7 -0.464181
47.8 -0.470582
47.9 -0.459275
48 -0.453932
48.1 -0.469645
48.2 -0.468911
48.3 -0.456311
48.4 -0.471994
48.5 -0.461954
48.6 -0.460259
48.7 -0.463509
48.8 -0.464979
48.9 -0.469564
49 -0.473423
49.1 -0.474539
49.2 -0.476936
49.3 -0.479794
49.4 -0.478463
49.5 -0.480741
49.6 -0.479576
49.7 -0.487472
49.8 -0.480559
49.9 -0.493495
50 -0.49002
50.1 -0.500553
50.2 -0.497231
50.3 -0.49645
50.4 -0.507541
50.5 -0.510092
50.6 -0.521199
50.7 -0.510746
50.8 -0.518834
50.9 -0.519655
51 -0.510406
51.1 -0.515475
51.2 -0.524343
51.3 -0.518322
51.4 -0.520764
51.5 -0.520941
51.6 -0.533496
51.7 -0.532401
51.8 -0.518063
51.9 -0.531865
52 -0.532271
52.1 -0.532993
52.2 -0.530278
52.3 -0.535065
52.4 -0.542452
52.5 -0.547119
52.6 -0.552849
52.7 -0.540371
52.8 -0.561389
52.9 -0.563295
53 -0.55313
53.1 -0.556755
53.2 -0.564261
53.3 -0.565809
53.4 -0.566326
53.5 -0.55084
53.6 -0.562203
53.7 -0.566979
53.8 -0.580756
53.9 -0.57086
54 -0.573189
54.1 -0.585471
54.2 -0.579785
54.3 -0.579759
54.4 -0.586925
54.5 -0.591837
54.6 -0.591524
54.7 -0.601164
54.8 -0.591654
54.9 -0.590989
55 -0.599068
55.1 -0.603089
55.2 -0.599396
55.3 -0.606344
55.4 -0.617916
55.5 -0.612673
55.6 -0.609355
55.7 -0.625055
55.8 -0.62246
55.9 -0.63063
56 -0.622486
56.1 -0.631114
56.2 -0.624575
56.3 -0.631544
56.4 -0.632377
56.5 -0.638801
56.6 -0.644005
56.7 -0.650543
56.8 -0.634583
56.9 -0.659034
57 -0.655033
57.1 -0.66184
57.2 -0.654806
57.3 -0.650762
57.4 -0.660789
57.5 -0.657284
57.6 -0.659766
57.7 -0.661674
57.8 -0.657306
57.9 -0.664232
58 -0.675446
58.1 -0.674508
58.2 -0.680491
58.3 -0.680095
58.4 -0.684546
58.5 -0.69671
58.6 -0.699066
58.7 -0.693323
58.8 -0.698774
58.9 -0.689677
59 -0.693488
59.1 -0.700396
59.2 -0.690384
59.3 -0.699849
59.4 -0.697728
59.5 -0.7081
59.6 -0.710505
59.7 -0.706553
59.8 -0.717484
59.9 -0.714764
60 -0.717502
60.1 -0.719376
60.2 -0.722991
60.3 -0.73468
60.4 -0.731536
60.5 -0.725896
60.6 -0.736155
60.7 -0.736373
60.8 -0.74109
60.9 -0.733099
61 -0.742839
61.1 -0.729393
61.2 -0.739097
61.3 -0.75595
61.4 -0.747165
61.5 -0.755879
61.6 -0.769757
61.7 -0.764927
61.8 -0.771103
61.9 -0.764038
62 -0.767106
62.1 -0.766896
62.2 -0.77645
62.3 -0.765272
62.4 -0.780306
62.5 -0.776594
62.6 -0.772535
62.7 -0.778674
62.8 -0.774642
62.9 -0.782263
63 -0.777094
63.1 -0.788197
63.2 -0.778446
63.3 -0.794496
63.4 -0.786262
63.5 -0.806591
63.6 -0.805024
63.7 -0.80613
63.8 -0.801407
63.9 -0.813157
64 -0.811838
64.1 -0.799625
64.2 -0.813714
64.3 -0.811025
64.4 -0.805228
64.5 -0.812553
64.6 -0.809095
64.7 -0.804478
64.8 -0.811924
64.9 -0.816731
65 -0.815906
65.1 -0.826224
65.2 -0.817136
65.3 -0.821652
65.4 -0.829557
65.5 -0.816747
65.6 -0.817508
65.7 -0.830654
65.8 -0.82502
65.9 -0.832336
66 -0.836633
66.1 -0.829976
66.2 -0.837278
66.3 -0.84594
66.4 -0.843345
66.5 -0.842077
66.6 -0.84212
66.7 -0.844313
66.8 -0.838748
66.9 -0.853681
67 -0.853689
67.1 -0.848947
67.2 -0.855048
67.3 -0.853788
67.4 -0.851687
67.5 -0.875964
67.6 -0.859279
67.7 -0.869938
67.8 -0.864961
67.9 -0.870347
68 -0.87484
68.1 -0.869187
68.2 -0.870761
68.3 -0.876856
68.4 -0.885585
68.5 -0.884367
68.6 -0.89109
68.7 -0.882205
68.8 -0.876633
68.9 -0.878581
69 -0.877625
69.1 -0.876948
69.2 -0.883548
69.3 -0.882319
69.4 -0.883504
69.5 -0.879016
69.6 -0.876827
69.7 -0.878805
69.8 -0.874919
69.9 -0.871619
70 -0.888201
70.1 -0.887252
70.2 -0.88984
70.3 -0.883888
70.4 -0.878529
70.5 -0.882659
70.6 -0.893851
70.7 -0.887922
70.8 -0.892085
70.9 -0.8918
71 -0.895797
71.1 -0.889993
71.2 -0.902349
71.3 -0.896179
71.4 -0.893489
71.5 -0.898585
71.6 -0.900007
71.7 -0.903933
71.8 -0.894768
71.9 -0.892486
72 -0.905269
72.1 -0.911672
72.2 -0.890437
72.3 -0.895486
72.4 -0.904336
72.5 -0.892252
72.6 -0.899786
72.7 -0.894182
72.8 -0.900758
72.9 -0.904505
73 -0.910737
73.1 -0.908197
73.2 -0.893818
73.3 -0.906597
73.4 -0.898185
73.5 -0.895522
73.6 -0.894735
73.7 -0.898998
73.8 -0.902867
73.9 -0.904498
74 -0.907649
74.1 -0.909429
74.2 -0.905723
74.3 -0.900043
74.4 -0.910404
74.5 -0.906424
74.6 -0.912606
74.7 -0.916924
74.8 -0.911035
74.9 -0.91095
75 -0.913404
75.1 -0.911376
75.2 -0.908867
75.3 -0.906958
75.4 -0.909579
75.5 -0.901134
75.6 -0.891194
75.7 -0.909538
75.8 -0.911677
75.9 -0.915678
76 -0.915891
76.1 -0.906193
76.2 -0.914354
76.3 -0.921667
76.4 -0.91157
76.5 -0.918978
76.6 -0.920409
76.7 -0.917834
76.8 -0.9271
76.9 -0.915504
77 -0.912571
77.1 -0.922124
77.2 -0.922549
77.3 -0.915719
77.4 -0.92749
77.5 -0.928731
77.6 -0.9255
77.7 -0.919889
77.8 -0.922971
77.9 -0.926879
78 -0.921214
78.1 -0.931297
78.2 -0.936385
78.3 -0.930531
78.4 -0.930159
78.5 -0.919787
78.6 -0.921888
78.7 -0.925006
78.8 -0.921146
78.9 -0.918817
79 -0.930824
79.1 -0.929012
79.2 -0.916458
79.3 -0.918736
79.4 -0.913046
79.5 -0.931124
79.6 -0.915582
79.7 -0.922082
79.8 -0.91077
79.9 -0.928275
80 -0.913836
80.1 -0.917388
80.2 -0.917557
80.3 -0.92499
80.4 -0.920799
80.5 -0.917892
80.6 -0.924289
80.7 -0.924708
80.8 -0.937965
80.9 -0.928441
81 -0.926708
81.1 -0.929975
81.2 -0.928476
81.3 -0.922432
81.4 -0.925075
81.5 -0.925419
81.6 -0.932229
81.7 -0.925388
81.8 -0.926267
81.9 -0.930501
82 -0.934377
82.1 -0.937407
82.2 -0.933916
82.3 -0.941051
82.4 -0.932855
82.5 -0.939563
82.6 -0.937287
82.7 -0.934463
82.8 -0.930304
82.9 -0.937807
83 -0.938436
83.1 -0.936163
83.2 -0.939607
83.3 -0.930611
83.4 -0.93534
83.5 -0.940129
83.6 -0.943166
83.7 -0.9389
83.8 -0.94851
83.9 -0.944225
84 -0.945807
84.1 -0.946992
84.2 -0.940718
84.3 -0.946602
84.4 -0.946565
84.5 -0.946572
84.6 -0.950104
84.7 -0.955342
84.8 -0.948412
84.9 -0.945088
85 -0.948276
85.1 -0.934409
85.2 -0.940887
85.3 -0.943524
85.4 -0.948123
85.5 -0.939007
85.6 -0.953937
85.7 -0.954182
85.8 -0.936052
85.9 -0.943377
86 -0.944173
86.1 -0.9412
86.2 -0.939317
86.3 -0.931343
86.4 -0.939312
86.5 -0.934669
86.6 -0.936778
86.7 -0.940801
86.8 -0.942661
86.9 -0.954946
87 -0.941104
87.1 -0.941608
87.2 -0.947352
87.3 -0.954401
87.4 -0.952008
87.5 -0.943679
87.6 -0.942239
87.7 -0.947493
87.8 -0.943817
87.9 -0.944822
88 -0.952599
88.1 -0.935744
88.2 -0.950651
88.3 -0.951351
88.4 -0.946815
88.5 -0.945581
88.6 -0.945282
88.7 -0.940123
88.8 -0.947171
88.9 -0.95196
89 -0.941447
89.1 -0.947952
89.2 -0.938912
89.3 -0.948332
89.4 -0.942186
89.5 -0.958103
89.6 -0.951445
89.7 -0.951714
89.8 -0.959823
89.9 -0.938873
90 -0.95077
90.1 -0.940519
90.2 -0.947691
90.3 -0.938683
90.4 -0.940845
90.5 -0.94244
90.6 -0.935828
90.7 -0.938773
90.8 -0.947888
90.9 -0.942785
91 -0.935169
91.1 -0.938068
91.2 -0.945077
91.3 -0.936165
91.4 -0.934705
91.5 -0.940882
91.6 -0.946692
91.7 -0.941503
91.8 -0.947961
91.9 -0.936933
92 -0.944355
92.1 -0.950351
92.2 -0.951299
92.3 -0.944721
92.4 -0.942985
92.5 -0.948246
92.6 -0.948188
92.7 -0.953373
92.8 -0.950076
92.9 -0.948649
93 -0.943909
93.1 -0.93605
93.2 -0.944363
93.3 -0.942488
93.4 -0.944554
93.5 -0.950065
93.6 -0.94067
93.7 -0.938246
93.8 -0.941899
93.9 -0.948867
94 -0.949979
94.1 -0.946698
94.2 -0.949966
94.3 -0.944375
94.4 -0.95105
94.5 -0.947872
94.6 -0.950683
94.7 -0.961762
94.8 -0.947009
94.9 -0.947437
95 -0.947868
95.1 -0.946715
95.2 -0.963573
95.3 -0.953152
95.4 -0.955679
95.5 -0.952746
95.6 -0.948001
95.7 -0.951191
95.8 -0.946345
95.9 -0.948161
96 -0.954752
96.1 -0.949349
96.2 -0.953317
96.3 -0.955408
96.4 -0.951155
96.5 -0.95609
96.6 -0.960943
96.7 -0.97518
96.8 -0.962497
96.9 -0.957797
97 -0.962924
97.1 -0.953288
97.2 -0.949547
97.3 -0.952573
97.4 -0.956128
97.5 -0.951562
97.6 -0.964366
97.7 -0.950104
97.8 -0.958972
97.9 -0.963559
98 -0.96714
98.1 -0.956296
98.2 -0.969181
98.3 -0.957992
98.4 -0.964205
98.5 -0.953722
98.6 -0.959865
98.7 -0.950555
98.8 -0.961961
98.9 -0.965032
99 -0.960831
99.1 -0.969373
99.2 -0.958551
99.3 -0.953046
99.4 -0.958574
99.5 -0.957558
99.6 -0.954493
99.7 -0.965488
99.8 -0.960983
99.9 -0.952334
100 -0.951182
