0 0.0083391
0.1 0.00833069
0.2 0.00834577
0.3 0.00836676
0.4 0.00838753
0.5 0.0084072
0.6 0.0084292
0.7 0.0084524
0.8 0.00846802
0.9 0.00848917
1 0.00850949
1.1 0.0085298
1.2 0.00855388
1.3 0.0085747
1.4 0.00859421
1.5 0.00861596
1.6 0.00864142
1.7 0.00866788
1.8 0.00869301
1.9 0.00871254
2 0.00874098
2.1 0.00876823
2.2 0.00879212
2.3 0.00881785
2.4 0.00884308
2.5 0.00887322
2.6 0.00890168
2.7 0.00892868
2.8 0.008963
2.9 0.00899051
3 0.00902223
3.1 0.00905483
3.2 0.00908767
3.3 0.00912855
3.4 0.00916702
3.5 0.00920958
3.6 0.00924774
3.7 0.00928862
3.8 0.00932396
3.9 0.00936199
4 0.00940845
4.1 0.00945467
4.2 0.00949334
4.3 0.00953208
4.4 0.00956971
4.5 0.00961612
4.6 0.00966102
4.7 0.00970766
4.8 0.0097493
4.9 0.0097891
5 0.00984345
5.1 0.00989845
5.2 0.00994855
5.3 0.0100066
5.4 0.0100585
5.5 0.0101116
5.6 0.0101732
5.7 0.0102318
5.8 0.0102943
5.9 0.0103549
6 0.0104211
6.1 0.0104816
6.2 0.0105468
6.3 0.0106052
6.4 0.0106703
6.5 0.0107363
6.6 0.0107972
6.7 0.0108639
6.8 0.0109333
6.9 0.0109994
7 0.0110682
7.1 0.0111389
7.2 0.0112147
7.3 0.011297
7.4 0.0113789
7.5 0.0114522
7.6 0.0115338
7.7 0.0116106
7.8 0.0116879
7.9 0.0117669
8 0.011849
8.1 0.0119331
8.2 0.0120178
8.3 0.0120947
8.4 0.0121835
8.5 0.0122764
8.6 0.0123626
8.7 0.0124513
8.8 0.0125477
8.9 0.0126361
9 0.0127227
9.1 0.0128293
9.2 0.0129277
9.3 0.0130165
9.4 0.0131157
9.5 0.0131973
9.6 0.0132823
9.7 0.0133774
9.8 0.0134747
9.9 0.0135696
10 0.0136642
10.1 0.0137605
10.2 0.0138576
10.3 0.0139544
10.4 0.0140628
10.5 0.0141695
10.6 0.0142733
10.7 0.0143843
10.8 0.0144942
10.9 0.0145977
11 0.0146994
11.1 0.0148043
11.2 0.0149027
11.3 0.0149992
11.4 0.0151054
11.5 0.0152116
11.6 0.0153163
11.7 0.0154114
11.8 0.0155142
11.9 0.0156266
12 0.0157206
12.1 0.0158153
12.2 0.0159298
12.3 0.0160329
12.4 0.0161382
12.5 0.0162503
12.6 0.0163661
12.7 0.0164688
12.8 0.0165726
12.9 0.016688
13 0.0168086
13.1 0.016919
13.2 0.0170259
13.3 0.0171382
13.4 0.0172405
13.5 0.0173445
13.6 0.0174474
13.7 0.0175555
13.8 0.0176665
13.9 0.0177744
14 0.0178801
14.1 0.0179796
14.2 0.0180796
14.3 0.0181819
14.4 0.0182916
14.5 0.0183853
14.6 0.01848
14.7 0.0185773
14.8 0.0186836
14.9 0.0187801
15 0.0188822
15.1 0.0189812
15.2 0.0190672
15.3 0.0191661
15.4 0.0192575
15.5 0.0193423
15.6 0.0194268
15.7 0.0195202
15.8 0.0196077
15.9 0.0197022
16 0.0197967
16.1 0.0198934
16.2 0.0199922
16.3 0.0200915
16.4 0.0201771
16.5 0.0202657
16.6 0.020356
16.7 0.0204534
16.8 0.0205488
16.9 0.0206443
17 0.0207331
17.1 0.0208205
17.2 0.0209088
17.3 0.0209974
17.4 0.0210868
17.5 0.0211789
17.6 0.0212707
17.7 0.0213621
17.8 0.021449
17.9 0.0215432
18 0.0216337
18.1 0.02172
18.2 0.0218145
18.3 0.0219056
18.4 0.0219882
18.5 0.0220736
18.6 0.022161
18.7 0.0222506
18.8 0.0223392
18.9 0.0224245
19 0.0225109
19.1 0.0225971
19.2 0.02269
19.3 0.0227804
19.4 0.0228629
19.5 0.0229475
19.6 0.0230343
19.7 0.0231246
19.8 0.0232145
19.9 0.0232967
20 0.0233835
20.1 0.0234717
20.2 0.0235614
20.3 0.0236512
20.4 0.0237361
20.5 0.0238218
20.6 0.0239105
20.7 0.0240039
20.8 0.0240937
20.9 0.0241893
21 0.0242883
21.1 0.0243746
21.2 0.0244672
21.3 0.0245613
21.4 0.0246617
21.5 0.0247626
21.6 0.0248555
21.7 0.0249535
21.8 0.0250517
21.9 0.0251489
22 0.0252454
22.1 0.0253396
22.2 0.0254397
22.3 0.0255323
22.4 0.0256248
22.5 0.025722
22.6 0.0258232
22.7 0.02592
22.8 0.0260123
22.9 0.0261096
23 0.0262061
23.1 0.0263035
23.2 0.0264029
23.3 0.0265008
23.4 0.0266011
23.5 0.0266965
23.6 0.0267922
23.7 0.0268896
23.8 0.0269905
23.9 0.0270878
24 0.0271872
24.1 0.0272931
24.2 0.0273966
24.3 0.0274994
24.4 0.0276033
24.5 0.0277079
24.6 0.0278145
24.7 0.0279188
24.8 0.0280212
24.9 0.028125
25 0.0282266
25.1 0.0283253
25.2 0.0284332
25.3 0.0285426
25.4 0.0286491
25.5 0.0287573
25.6 0.0288632
25.7 0.0289731
25.8 0.0290827
25.9 0.0291915
26 0.029298
26.1 0.0294054
26.2 0.029516
26.3 0.0296266
26.4 0.0297361
26.5 0.029847
26.6 0.0299538
26.7 0.0300615
26.8 0.0301702
26.9 0.0302758
27 0.0303807
27.1 0.0304845
27.2 0.0305909
27.3 0.0306951
27.4 0.0307964
27.5 0.0308973
27.6 0.0310028
27.7 0.0311088
27.8 0.0312188
27.9 0.0313257
28 0.0314318
28.1 0.0315444
28.2 0.0316565
28.3 0.0317666
28.4 0.0318746
28.5 0.031984
28.6 0.0320915
28.7 0.0322034
28.8 0.0323166
28.9 0.0324333
29 0.0325489
29.1 0.0326651
29.2 0.0327787
29.3 0.032895
29.4 0.0330134
29.5 0.0331346
29.6 0.0332549
29.7 0.0333764
29.8 0.0334956
29.9 0.0336157
30 0.0337405
30.1 0.0338679
30.2 0.0339956
30.3 0.0341231
30.4 0.0342551
30.5 0.034385
30.6 0.0345184
30.7 0.0346499
30.8 0.0347797
30.9 0.0349117
31 0.0350423
31.1 0.035177
31.2 0.0353137
31.3 0.0354504
31.4 0.0355837
31.5 0.0357233
31.6 0.0358653
31.7 0.0360028
31.8 0.0361374
31.9 0.0362804
32 0.0364239
32.1 0.0365604
32.2 0.0366983
32.3 0.0368347
32.4 0.0369715
32.5 0.0371092
32.6 0.0372436
32.7 0.0373779
32.8 0.0375109
32.9 0.0376459
33 0.0377871
33.1 0.0379286
33.2 0.0380697
33.3 0.0382152
33.4 0.0383558
33.5 0.0384947
33.6 0.0386398
33.7 0.0387798
33.8 0.0389256
33.9 0.0390681
34 0.0392135
34.1 0.0393598
34.2 0.0395042
34.3 0.0396501
34.4 0.0397923
34.5 0.0399398
34.6 0.0400922
34.7 0.0402406
34.8 0.0403942
34.9 0.0405468
35 0.0406985
35.1 0.0408512
35.2 0.0410053
35.3 0.0411557
35.4 0.0413051
35.5 0.0414597
35.6 0.0416129
35.7 0.0417676
35.8 0.0419198
35.9 0.0420725
36 0.042224
36.1 0.042376
36.2 0.0425277
36.3 0.0426868
36.4 0.0428413
36.5 0.042994
36.6 0.0431431
36.7 0.0432903
36.8 0.0434406
36.9 0.0435948
37 0.0437496
37.1 0.0439014
37.2 0.0440576
37.3 0.0442121
37.4 0.0443687
37.5 0.044528
37.6 0.0446851
37.7 0.0448401
37.8 0.0449939
37.9 0.0451509
38 0.0453115
38.1 0.0454671
38.2 0.04562
38.3 0.0457745
38.4 0.0459388
38.5 0.0461001
38.6 0.0462596
38.7 0.046421
38.8 0.0465856
38.9 0.0467509
39 0.0469185
39.1 0.0470884
39.2 0.0472568
39.3 0.0474292
39.4 0.0475975
39.5 0.047772
39.6 0.0479427
39.7 0.0481212
39.8 0.0482972
39.9 0.048472
40 0.0486477
40.1 0.0488281
40.2 0.0490078
40.3 0.0491853
40.4 0.0493643
40.5 0.0495415
40.6 0.0497225
40.7 0.0499044
40.8 0.0500853
40.9 0.0502657
41 0.0504503
41.1 0.0506345
41.2 0.0508226
41.3 0.0510115
41.4 0.0511982
41.5 0.0513848
41.6 0.0515668
41.7 0.0517528
41.8 0.0519432
41.9 0.052135
42 0.0523302
42.1 0.0525242
42.2 0.0527272
42.3 0.0529272
42.4 0.0531301
42.5 0.0533304
42.6 0.0535339
42.7 0.0537386
42.8 0.0539418
42.9 0.0541431
43 0.0543442
43.1 0.0545563
43.2 0.0547692
43.3 0.0549807
43.4 0.0551971
43.5 0.0554166
43.6 0.0556347
43.7 0.0558564
43.8 0.0560808
43.9 0.0563027
44 0.0565263
44.1 0.0567562
44.2 0.0569808
44.3 0.0572041
44.4 0.0574314
44.5 0.0576595
44.6 0.0578865
44.7 0.0581165
44.8 0.0583449
44.9 0.0585708
45 0.0587965
45.1 0.0590284
45.2 0.0592717
45.3 0.0595168
45.4 0.0597596
45.5 0.0600051
45.6 0.0602563
45.7 0.0605118
45.8 0.0607736
45.9 0.0610336
46 0.0612936
46.1 0.0615589
46.2 0.0618311
46.3 0.0620989
46.4 0.062373
46.5 0.0626479
46.6 0.0629332
46.7 0.0632134
46.8 0.063499
46.9 0.0637853
47 0.0640671
47.1 0.0643558
47.2 0.0646429
47.3 0.0649371
47.4 0.0652244
47.5 0.0655211
47.6 0.0658146
47.7 0.0661105
47.8 0.0664056
47.9 0.0666957
48 0.0669837
48.1 0.0672767
48.2 0.0675708
48.3 0.0678713
48.4 0.0681719
48.5 0.0684624
48.6 0.0687536
48.7 0.0690412
48.8 0.0693328
48.9 0.0696322
49 0.0699389
49.1 0.0702412
49.2 0.0705416
49.3 0.0708446
49.4 0.0711492
49.5 0.0714592
49.6 0.0717745
49.7 0.072092
49.8 0.0724166
49.9 0.0727423
50 0.0730776
50.1 0.0734033
50.2 0.0737235
50.3 0.0740405
50.4 0.0743607
50.5 0.0746841
50.6 0.075013
50.7 0.0753347
50.8 0.075669
50.9 0.0760076
51 0.076357
51.1 0.0767002
51.2 0.0770449
51.3 0.0773857
51.4 0.0777298
51.5 0.0780673
51.6 0.0784143
51.7 0.0787579
51.8 0.0791177
51.9 0.0794966
52 0.0798718
52.1 0.0802309
52.2 0.0805877
52.3 0.0809636
52.4 0.0813444
52.5 0.0817342
52.6 0.0821321
52.7 0.0825245
52.8 0.0829151
52.9 0.0832975
53 0.0836846
53.1 0.0840671
53.2 0.0844361
53.3 0.0848125
53.4 0.0851966
53.5 0.0855813
53.6 0.0859646
53.7 0.0863401
53.8 0.086712
53.9 0.0870903
54 0.0874637
54.1 0.0878452
54.2 0.0882401
54.3 0.0886336
54.4 0.089031
54.5 0.0894296
54.6 0.0898311
54.7 0.0902382
54.8 0.0906445
54.9 0.0910661
55 0.0914907
55.1 0.0919164
55.2 0.0923579
55.3 0.0927937
55.4 0.0932439
55.5 0.0936954
55.6 0.0941348
55.7 0.0945911
55.8 0.0950598
55.9 0.0955303
56 0.096001
56.1 0.0964773
56.2 0.0969522
56.3 0.0974069
56.4 0.0978609
56.5 0.098322
56.6 0.0987793
56.7 0.0992376
56.8 0.0996878
56.9 0.100134
57 0.100567
57.1 0.100999
57.2 0.101437
57.3 0.101863
57.4 0.102292
57.5 0.102723
57.6 0.103148
57.7 0.103576
57.8 0.10401
57.9 0.104452
58 0.104899
58.1 0.105362
58.2 0.105824
58.3 0.10628
58.4 0.106741
58.5 0.107189
58.6 0.107654
58.7 0.108112
58.8 0.108571
58.9 0.109016
59 0.109479
59.1 0.109959
59.2 0.110444
59.3 0.110922
59.4 0.111401
59.5 0.111891
59.6 0.112392
59.7 0.112915
59.8 0.113427
59.9 0.113942
60 0.114437
60.1 0.114919
60.2 0.115407
60.3 0.115903
60.4 0.116422
60.5 0.116936
60.6 0.11745
60.7 0.117947
60.8 0.118464
60.9 0.118989
61 0.119523
61.1 0.120086
61.2 0.120636
61.3 0.121203
61.4 0.121764
61.5 0.122319
61.6 0.122884
61.7 0.12345
61.8 0.124034
61.9 0.124609
62 0.125189
62.1 0.125773
62.2 0.126369
62.3 0.126988
62.4 0.127621
62.5 0.128239
62.6 0.128868
62.7 0.1295
62.8 0.130121
62.9 0.130769
63 0.131396
63.1 0.132014
63.2 0.132646
63.3 0.133258
63.4 0.133898
63.5 0.134533
63.6 0.135168
63.7 0.135814
63.8 0.136476
63.9 0.137159
64 0.137842
64.1 0.138521
64.2 0.13921
64.3 0.139893
64.4 0.14059
64.5 0.141292
64.6 0.142004
64.7 0.142701
64.8 0.143374
64.9 0.144045
65 0.144709
65.1 0.145394
65.2 0.146107
65.3 0.146785
65.4 0.147466
65.5 0.148122
65.6 0.14879
65.7 0.149476
65.8 0.150144
65.9 0.150848
66 0.15154
66.1 0.152249
66.2 0.152937
66.3 0.153645
66.4 0.154324
66.5 0.154978
66.6 0.155658
66.7 0.156331
66.8 0.157037
66.9 0.15772
67 0.158396
67.1 0.159084
67.2 0.15976
67.3 0.160427
67.4 0.16111
67.5 0.161793
67.6 0.162479
67.7 0.163153
67.8 0.163847
67.9 0.164546
68 0.165233
68.1 0.165908
68.2 0.166587
68.3 0.167271
68.4 0.167931
68.5 0.168623
68.6 0.169322
68.7 0.170018
68.8 0.170714
68.9 0.171366
69 0.172036
69.1 0.172712
69.2 0.173416
69.3 0.174123
69.4 0.174844
69.5 0.175553
69.6 0.176267
69.7 0.176983
69.8 0.177704
69.9 0.178435
70 0.179164
70.1 0.179919
70.2 0.180638
70.3 0.181365
70.4 0.182063
70.5 0.18276
70.6 0.183467
70.7 0.184178
70.8 0.184891
70.9 0.185579
71 0.186242
71.1 0.186892
71.2 0.187546
71.3 0.188185
71.4 0.1888
71.5 0.189408
71.6 0.190029
71.7 0.190646
71.8 0.191272
71.9 0.191893
72 0.192496
72.1 0.193111
72.2 0.193742
72.3 0.19434
72.4 0.194915
72.5 0.195472
72.6 0.196032
72.7 0.196549
72.8 0.197093
72.9 0.197611
73 0.198159
73.1 0.198705
73.2 0.199224
73.3 0.19973
73.4 0.200195
73.5 0.200663
73.6 0.201087
73.7 0.201522
73.8 0.201938
73.9 0.202392
74 0.202798
74.1 0.203241
74.2 0.203652
74.3 0.204043
74.4 0.204445
74.5 0.20483
74.6 0.205223
74.7 0.205632
74.8 0.20604
74.9 0.206365
75 0.206691
75.1 0.20699
75.2 0.207289
75.3 0.207583
75.4 0.207923
75.5 0.208229
75.6 0.208555
75.7 0.208885
75.8 0.209226
75.9 0.20957
76 0.209892
76.1 0.210193
76.2 0.21048
76.3 0.210781
76.4 0.211042
76.5 0.211312
76.6 0.211584
76.7 0.211841
76.8 0.212092
76.9 0.212362
77 0.212632
77.1 0.212892
77.2 0.213128
77.3 0.21336
77.4 0.213605
77.5 0.213845
77.6 0.214095
77.7 0.214332
77.8 0.21455
77.9 0.214789
78 0.215025
78.1 0.215245
78.2 0.215454
78.3 0.215667
78.4 0.215881
78.5 0.216126
78.6 0.216366
78.7 0.216606
78.8 0.216841
78.9 0.217054
79 0.217263
79.1 0.217503
79.2 0.217704
79.3 0.217876
79.4 0.218049
79.5 0.21822
79.6 0.218385
79.7 0.218544
79.8 0.218737
79.9 0.218891
80 0.219039
80.1 0.219193
80.2 0.21936
80.3 0.219513
80.4 0.219664
80.5 0.219793
80.6 0.219928
80.7 0.220071
80.8 0.220219
80.9 0.220361
81 0.220506
81.1 0.22065
81.2 0.220804
81.3 0.220938
81.4 0.221089
81.5 0.221231
81.6 0.221362
81.7 0.221467
81.8 0.221578
81.9 0.221685
82 0.221827
82.1 0.221943
82.2 0.222064
82.3 0.222195
82.4 0.222336
82.5 0.222473
82.6 0.222609
82.7 0.222739
82.8 0.222842
82.9 0.222918
83 0.223051
83.1 0.223165
83.2 0.223254
83.3 0.22335
83.4 0.22343
83.5 0.223501
83.6 0.223612
83.7 0.223711
83.8 0.223807
83.9 0.223908
84 0.223999
84.1 0.22408
84.2 0.224177
84.3 0.224261
84.4 0.224342
84.5 0.224414
84.6 0.22451
84.7 0.22459
84.8 0.224659
84.9 0.22473
85 0.224802
85.1 0.224852
85.2 0.224896
85.3 0.224947
85.4 0.225041
85.5 0.225134
85.6 0.2252
85.7 0.225269
85.8 0.225298
85.9 0.225329
86 0.225376
86.1 0.225421
86.2 0.225483
86.3 0.225542
86.4 0.225605
86.5 0.22564
86.6 0.225689
86.7 0.225736
86.8 0.225795
86.9 0.22586
87 0.225912
87.1 0.225961
87.2 0.226016
87.3 0.226059
87.4 0.226108
87.5 0.226139
87.6 0.226177
87.7 0.226243
87.8 0.226273
87.9 0.226299
88 0.226316
88.1 0.226332
88.2 0.226361
88.3 0.226394
88.4 0.226411
88.5 0.226433
88.6 0.226454
88.7 0.226493
88.8 0.226525
88.9 0.226535
89 0.226551
89.1 0.226576
89.2 0.226607
89.3 0.226623
89.4 0.226642
89.5 0.22665
89.6 0.226667
89.7 0.226677
89.8 0.22669
89.9 0.22672
90 0.226749
90.1 0.22678
90.2 0.226798
90.3 0.226837
90.4 0.226848
90.5 0.226881
90.6 0.226918
90.7 0.226945
90.8 0.226985
90.9 0.227036
91 0.227079
91.1 0.227109
91.2 0.227132
91.3 0.227161
91.4 0.227194
91.5 0.227226
91.6 0.227252
91.7 0.227284
91.8 0.227321
91.9 0.227334
92 0.227356
92.1 0.227376
92.2 0.2274
92.3 0.227419
92.4 0.227448
92.5 0.227476
92.6 0.227505
92.7 0.227521
92.8 0.22755
92.9 0.227574
93 0.227599
93.1 0.227612
93.2 0.227632
93.3 0.227653
93.4 0.227661
93.5 0.227679
93.6 0.227701
93.7 0.227723
93.8 0.227742
93.9 0.227763
94 0.227781
94.1 0.227806
94.2 0.22783
94.3 0.227839
94.4 0.227854
94.5 0.227869
94.6 0.227881
94.7 0.227897
94.8 0.22791
94.9 0.227916
95 0.227931
95.1 0.227931
95.2 0.227942
95.3 0.227947
95.4 0.227937
95.5 0.22795
95.6 0.227964
95.7 0.227974
95.8 0.22798
95.9 0.227989
96 0.227992
96.1 0.227994
96.2 0.227993
96.3 0.228011
96.4 0.228016
96.5 0.228023
96.6 0.228031
96.7 0.228028
96.8 0.228029
96.9 0.228026
97 0.228028
97.1 0.228034
97.2 0.22804
97.3 0.228039
97.4 0.228041
97.5 0.228038
97.6 0.228035
97.7 0.228031
97.8 0.228033
97.9 0.228044
98 0.22805
98.1 0.228059
98.2 0.228054
98.3 0.228063
98.4 0.228074
98.5 0.228079
98.6 0.228081
98.7 0.228092
98.8 0.228097
98.9 0.2281
99 0.228108
99.1 0.228108
99.2 0.228111
99.3 0.228113
99.4 0.228123
99.5 0.22813
99.6 0.228135
99.7 0.228132
99.8 0.228144
99.9 0.228143
100 0.480522
