13.5005 0.000490558
13.503 0.000541179
13.5055 0.000596575
13.508 0.000657151
13.5105 0.000723339
13.513 0.000795603
13.5155 0.00087444
13.518 0.000960382
13.5205 0.001054
13.523 0.00115589
13.5255 0.00126672
13.528 0.00138717
13.5305 0.00151797
13.533 0.00165992
13.5355 0.00181384
13.538 0.00198062
13.5405 0.0021612
13.543 0.00235657
13.5455 0.0025678
13.548 0.00279601
13.5505 0.00304236
13.553 0.00330813
13.5555 0.00359461
13.558 0.00390321
13.5605 0.00423539
13.563 0.0045927
13.5655 0.00497676
13.568 0.00538927
13.5705 0.00583203
13.573 0.00630692
13.5755 0.00681591
13.578 0.00736106
13.5805 0.00794453
13.583 0.00856858
13.5855 0.00923555
13.588 0.0099479
13.5905 0.0107082
13.593 0.0115191
13.5955 0.0123834
13.598 0.0133039
13.6006 0.0142837
13.6031 0.0153258
13.6056 0.0164335
13.6081 0.0176101
13.6106 0.018859
13.6131 0.0201838
13.6156 0.0215881
13.6181 0.0230757
13.6206 0.0246505
13.6231 0.0263165
13.6256 0.0280778
13.6281 0.0299386
13.6306 0.0319033
13.6331 0.0339763
13.6356 0.0361621
13.6381 0.0384653
13.6406 0.0408908
13.6431 0.0434432
13.6456 0.0461276
13.6481 0.0489488
13.6506 0.0519121
13.6531 0.0550224
13.6556 0.0582851
13.6581 0.0617054
13.6606 0.0652887
13.6631 0.0690403
13.6656 0.0729656
13.6681 0.0770702
13.6706 0.0813594
13.6731 0.0858388
13.6756 0.0905139
13.6781 0.0953902
13.6806 0.100473
13.6831 0.105768
13.6856 0.111281
13.6881 0.117017
13.6906 0.122981
13.6931 0.129179
13.6956 0.135615
13.6981 0.142295
13.7006 0.149225
13.7031 0.156408
13.7056 0.16385
13.7081 0.171555
13.7106 0.179528
13.7131 0.187773
13.7156 0.196294
13.7181 0.205095
13.7206 0.214181
13.7231 0.223554
13.7256 0.233217
13.7281 0.243175
13.7306 0.253429
13.7331 0.263983
13.7356 0.274838
13.7381 0.285997
13.7406 0.297461
13.7431 0.309231
13.7456 0.32131
13.7481 0.333696
13.7506 0.346392
13.7531 0.359397
13.7556 0.37271
13.7581 0.386331
13.7606 0.400259
13.7631 0.414492
13.7656 0.429028
13.7681 0.443866
13.7706 0.459002
13.7731 0.474434
13.7756 0.490158
13.7781 0.50617
13.7806 0.522466
13.7831 0.539041
13.7856 0.55589
13.7881 0.573007
13.7906 0.590387
13.7931 0.608023
13.7956 0.625907
13.7981 0.644034
13.8007 0.662395
13.8032 0.680982
13.8057 0.699787
13.8082 0.7188
13.8107 0.738013
13.8132 0.757416
13.8157 0.776999
13.8182 0.796752
13.8207 0.816664
13.8232 0.836724
13.8257 0.85692
13.8282 0.877241
13.8307 0.897675
13.8332 0.91821
13.8357 0.938833
13.8382 0.959531
13.8407 0.980292
13.8432 1.0011
13.8457 1.02195
13.8482 1.04281
13.8507 1.06369
13.8532 1.08456
13.8557 1.10541
13.8582 1.12623
13.8607 1.147
13.8632 1.1677
13.8657 1.18833
13.8682 1.20887
13.8707 1.2293
13.8732 1.24961
13.8757 1.26978
13.8782 1.28981
13.8807 1.30967
13.8832 1.32936
13.8857 1.34885
13.8882 1.36814
13.8907 1.38721
13.8932 1.40604
13.8957 1.42462
13.8982 1.44295
13.9007 1.461
13.9032 1.47877
13.9057 1.49623
13.9082 1.51339
13.9107 1.53022
13.9132 1.54671
13.9157 1.56286
13.9182 1.57865
13.9207 1.59407
13.9232 1.60911
13.9257 1.62376
13.9282 1.63802
13.9307 1.65186
13.9332 1.66529
13.9357 1.67829
13.9382 1.69085
13.9407 1.70297
13.9432 1.71465
13.9457 1.72587
13.9482 1.73662
13.9507 1.74691
13.9532 1.75672
13.9557 1.76606
13.9582 1.77491
13.9607 1.78327
13.9632 1.79114
13.9657 1.79852
13.9682 1.8054
13.9707 1.81178
13.9732 1.81766
13.9757 1.82304
13.9782 1.82791
13.9807 1.83228
13.9832 1.83615
13.9857 1.83951
13.9882 1.84237
13.9907 1.84473
13.9932 1.84659
13.9957 1.84795
13.9982 1.84881
14.0008 1.84919
14.0033 1.84907
14.0058 1.84847
14.0083 1.84739
14.0108 1.84584
14.0133 1.84381
14.0158 1.84131
14.0183 1.83836
14.0208 1.83494
14.0233 1.83108
14.0258 1.82678
14.0283 1.82204
14.0308 1.81687
14.0333 1.81128
14.0358 1.80527
14.0383 1.79886
14.0408 1.79204
14.0433 1.78484
14.0458 1.77725
14.0483 1.76929
14.0508 1.76096
14.0533 1.75228
14.0558 1.74324
14.0583 1.73387
14.0608 1.72417
14.0633 1.71414
14.0658 1.70381
14.0683 1.69317
14.0708 1.68224
14.0733 1.67103
14.0758 1.65955
14.0783 1.6478
14.0808 1.6358
14.0833 1.62355
14.0858 1.61107
14.0883 1.59836
14.0908 1.58544
14.0933 1.57232
14.0958 1.55899
14.0983 1.54549
14.1008 1.5318
14.1033 1.51795
14.1058 1.50394
14.1083 1.48978
14.1108 1.47548
14.1133 1.46106
14.1158 1.44651
14.1183 1.43185
14.1208 1.41708
14.1233 1.40222
14.1258 1.38728
14.1283 1.37225
14.1308 1.35716
14.1333 1.34201
14.1358 1.3268
14.1383 1.31155
14.1408 1.29626
14.1433 1.28094
14.1458 1.2656
14.1483 1.25025
14.1508 1.23488
14.1533 1.21952
14.1558 1.20416
14.1583 1.18881
14.1608 1.17348
14.1633 1.15818
14.1658 1.1429
14.1683 1.12767
14.1708 1.11247
14.1733 1.09733
14.1758 1.08224
14.1783 1.0672
14.1808 1.05224
14.1833 1.03734
14.1858 1.02251
14.1883 1.00776
14.1908 0.993093
14.1933 0.978513
14.1958 0.964023
14.1983 0.949628
14.2009 0.935331
14.2034 0.921135
14.2059 0.907044
14.2084 0.893061
14.2109 0.879189
14.2134 0.865431
14.2159 0.85179
14.2184 0.838268
14.2209 0.824868
14.2234 0.811592
14.2259 0.798442
14.2284 0.785421
14.2309 0.772529
14.2334 0.759769
14.2359 0.747142
14.2384 0.734651
14.2409 0.722295
14.2434 0.710077
14.2459 0.697998
14.2484 0.686058
14.2509 0.674259
14.2534 0.6626
14.2559 0.651084
14.2584 0.63971
14.2609 0.628479
14.2634 0.617391
14.2659 0.606447
14.2684 0.595646
14.2709 0.58499
14.2734 0.574477
14.2759 0.564107
14.2784 0.553882
14.2809 0.543799
14.2834 0.53386
14.2859 0.524063
14.2884 0.514408
14.2909 0.504895
14.2934 0.495523
14.2959 0.486292
14.2984 0.4772
14.3009 0.468247
14.3034 0.459433
14.3059 0.450756
14.3084 0.442215
14.3109 0.433809
14.3134 0.425539
14.3159 0.417401
14.3184 0.409396
14.3209 0.401523
14.3234 0.393779
14.3259 0.386164
14.3284 0.378678
14.3309 0.371318
14.3334 0.364083
14.3359 0.356972
14.3384 0.349984
14.3409 0.343117
14.3434 0.33637
14.3459 0.329743
14.3484 0.323232
14.3509 0.316837
14.3534 0.310558
14.3559 0.304391
14.3584 0.298336
14.3609 0.292391
14.3634 0.286555
14.3659 0.280827
14.3684 0.275204
14.3709 0.269686
14.3734 0.264272
14.3759 0.258959
14.3784 0.253746
14.3809 0.248632
14.3834 0.243615
14.3859 0.238694
14.3884 0.233868
14.3909 0.229135
14.3934 0.224493
14.3959 0.219942
14.3984 0.215479
14.401 0.211103
14.4035 0.206814
14.406 0.202609
14.4085 0.198487
14.411 0.194447
14.4135 0.190488
14.416 0.186608
14.4185 0.182805
14.421 0.179079
14.4235 0.175428
14.426 0.171851
14.4285 0.168346
14.431 0.164912
14.4335 0.161549
14.436 0.158254
14.4385 0.155027
14.441 0.151866
14.4435 0.14877
14.446 0.145738
14.4485 0.142769
14.451 0.139861
14.4535 0.137013
14.456 0.134225
14.4585 0.131495
14.461 0.128822
14.4635 0.126205
14.466 0.123643
14.4685 0.121135
14.471 0.118679
14.4735 0.116275
14.476 0.113922
14.4785 0.111619
14.481 0.109364
14.4835 0.107157
14.486 0.104997
14.4885 0.102883
14.491 0.100814
14.4935 0.0987893
14.496 0.0968076
14.4985 0.0948681
14.501 0.0929701
14.5035 0.0911127
14.506 0.0892951
14.5085 0.0875165
14.511 0.085776
14.5135 0.0840729
14.516 0.0824065
14.5185 0.0807758
14.521 0.0791803
14.5235 0.0776191
14.526 0.0760916
14.5285 0.0745969
14.531 0.0731346
14.5335 0.0717038
14.536 0.0703039
14.5385 0.0689342
14.541 0.0675941
14.5435 0.066283
14.546 0.0650003
14.5485 0.0637453
14.551 0.0625174
14.5535 0.0613161
14.556 0.0601409
14.5585 0.058991
14.561 0.057866
14.5635 0.0567654
14.566 0.0556886
14.5685 0.0546351
14.571 0.0536045
14.5735 0.0525961
14.576 0.0516095
14.5785 0.0506443
14.581 0.0497
14.5835 0.0487761
14.586 0.0478722
14.5885 0.0469878
14.591 0.0461225
14.5935 0.0452759
14.596 0.0444477
14.5985 0.0436373
14.6011 0.0428444
14.6036 0.0420685
14.6061 0.0413095
14.6086 0.0405668
14.6111 0.0398401
14.6136 0.039129
14.6161 0.0384332
14.6186 0.0377525
14.6211 0.0370863
14.6236 0.0364345
14.6261 0.0357966
14.6286 0.0351725
14.6311 0.0345617
14.6336 0.033964
14.6361 0.0333792
14.6386 0.0328068
14.6411 0.0322467
14.6436 0.0316986
14.6461 0.0311622
14.6486 0.0306372
14.6511 0.0301234
14.6536 0.0296206
14.6561 0.0291285
14.6586 0.0286468
14.6611 0.0281754
14.6636 0.027714
14.6661 0.0272624
14.6686 0.0268204
14.6711 0.0263878
14.6736 0.0259643
14.6761 0.0255498
14.6786 0.025144
14.6811 0.0247468
14.6836 0.024358
14.6861 0.0239774
14.6886 0.0236048
14.6911 0.0232401
14.6936 0.0228831
14.6961 0.0225335
14.6986 0.0221913
14.7011 0.0218563
14.7036 0.0215283
14.7061 0.0212072
14.7086 0.0208928
14.7111 0.020585
14.7136 0.0202836
14.7161 0.0199885
14.7186 0.0196996
14.7211 0.0194167
14.7236 0.0191397
14.7261 0.0188685
14.7286 0.0186029
14.7311 0.0183429
14.7336 0.0180883
14.7361 0.0178389
14.7386 0.0175948
14.7411 0.0173557
14.7436 0.0171216
14.7461 0.0168923
14.7486 0.0166678
14.7511 0.016448
14.7536 0.0162327
14.7561 0.0160219
14.7586 0.0158154
14.7611 0.0156133
14.7636 0.0154153
14.7661 0.0152214
14.7686 0.0150316
14.7711 0.0148456
14.7736 0.0146635
14.7761 0.0144852
14.7786 0.0143106
14.7811 0.0141397
14.7836 0.0139722
14.7861 0.0138083
14.7886 0.0136477
14.7911 0.0134905
14.7936 0.0133366
14.7961 0.0131858
14.7986 0.0130382
14.8012 0.0128937
14.8037 0.0127522
14.8062 0.0126136
14.8087 0.012478
14.8112 0.0123452
14.8137 0.0122152
14.8162 0.0120879
14.8187 0.0119633
14.8212 0.0118413
14.8237 0.0117219
14.8262 0.011605
14.8287 0.0114906
14.8312 0.0113787
14.8337 0.0112691
14.8362 0.0111619
14.8387 0.011057
14.8412 0.0109544
14.8437 0.0108539
14.8462 0.0107557
14.8487 0.0106596
14.8512 0.0105655
14.8537 0.0104736
14.8562 0.0103837
14.8587 0.0102957
14.8612 0.0102097
14.8637 0.0101257
14.8662 0.0100435
14.8687 0.0099632
14.8712 0.00988471
14.8737 0.00980802
14.8762 0.00973309
14.8787 0.00965989
14.8812 0.00958841
14.8837 0.0095186
14.8862 0.00945045
14.8887 0.00938393
14.8912 0.009319
14.8937 0.00925566
14.8962 0.00919386
14.8987 0.0091336
14.9012 0.00907484
14.9037 0.00901756
14.9062 0.00896175
14.9087 0.00890737
14.9112 0.00885442
14.9137 0.00880287
14.9162 0.0087527
14.9187 0.00870389
14.9212 0.00865643
14.9237 0.00861029
14.9262 0.00856547
14.9287 0.00852193
14.9312 0.00847967
14.9337 0.00843868
14.9362 0.00839893
14.9387 0.00836041
14.9412 0.0083231
14.9437 0.008287
14.9462 0.00825209
14.9487 0.00821836
14.9512 0.00818579
14.9537 0.00815437
14.9562 0.0081241
14.9587 0.00809495
14.9612 0.00806693
14.9637 0.00804001
14.9662 0.00801419
14.9687 0.00798946
14.9712 0.00796581
14.9737 0.00794324
14.9762 0.00792172
14.9787 0.00790126
14.9812 0.00788185
14.9837 0.00786349
14.9862 0.00784615
14.9887 0.00782984
14.9912 0.00781456
14.9937 0.00780029
14.9962 0.00778703
14.9987 0.00777478
15.0013 0.00776352
15.0038 0.00775327
15.0063 0.007744
15.0088 0.00773573
15.0113 0.00772844
15.0138 0.00772214
15.0163 0.00771681
15.0188 0.00771246
15.0213 0.00770909
15.0238 0.0077067
15.0263 0.00770527
15.0288 0.00770482
15.0313 0.00770534
15.0338 0.00770684
15.0363 0.0077093
15.0388 0.00771274
15.0413 0.00771715
15.0438 0.00772253
15.0463 0.00772889
15.0488 0.00773622
15.0513 0.00774454
15.0538 0.00775383
15.0563 0.00776411
15.0588 0.00777538
15.0613 0.00778763
15.0638 0.00780089
15.0663 0.00781514
15.0688 0.00783039
15.0713 0.00784665
15.0738 0.00786392
15.0763 0.00788221
15.0788 0.00790152
15.0813 0.00792187
15.0838 0.00794325
15.0863 0.00796567
15.0888 0.00798914
15.0913 0.00801367
15.0938 0.00803927
15.0963 0.00806594
15.0988 0.00809369
15.1013 0.00812253
15.1038 0.00815248
15.1063 0.00818353
15.1088 0.00821571
15.1113 0.00824902
15.1138 0.00828347
15.1163 0.00831907
15.1188 0.00835584
15.1213 0.00839378
15.1238 0.00843292
15.1263 0.00847326
15.1288 0.00851481
15.1313 0.0085576
15.1338 0.00860163
15.1363 0.00864692
15.1388 0.00869348
15.1413 0.00874134
15.1438 0.0087905
15.1463 0.00884098
15.1488 0.00889281
15.1513 0.00894599
15.1538 0.00900054
15.1563 0.00905649
15.1588 0.00911385
15.1613 0.00917265
15.1638 0.0092329
15.1663 0.00929462
15.1688 0.00935784
15.1713 0.00942257
15.1738 0.00948884
15.1763 0.00955667
15.1788 0.00962609
15.1813 0.00969711
15.1838 0.00976977
15.1863 0.00984409
15.1888 0.0099201
15.1913 0.00999781
15.1938 0.0100773
15.1963 0.0101585
15.1988 0.0102415
15.2014 0.0103263
15.2039 0.010413
15.2064 0.0105016
15.2089 0.0105921
15.2114 0.0106846
15.2139 0.010779
15.2164 0.0108754
15.2189 0.0109739
15.2214 0.0110745
15.2239 0.0111772
15.2264 0.011282
15.2289 0.0113891
15.2314 0.0114984
15.2339 0.0116099
15.2364 0.0117238
15.2389 0.01184
15.2414 0.0119586
15.2439 0.0120797
15.2464 0.0122032
15.2489 0.0123293
15.2514 0.012458
15.2539 0.0125892
15.2564 0.0127232
15.2589 0.0128598
15.2614 0.0129993
15.2639 0.0131415
15.2664 0.0132867
15.2689 0.0134347
15.2714 0.0135858
15.2739 0.0137399
15.2764 0.013897
15.2789 0.0140574
15.2814 0.0142209
15.2839 0.0143878
15.2864 0.0145579
15.2889 0.0147315
15.2914 0.0149085
15.2939 0.0150891
15.2964 0.0152733
15.2989 0.0154611
15.3014 0.0156527
15.3039 0.0158481
15.3064 0.0160474
15.3089 0.0162507
15.3114 0.016458
15.3139 0.0166694
15.3164 0.016885
15.3189 0.0171049
15.3214 0.0173291
15.3239 0.0175579
15.3264 0.0177911
15.3289 0.018029
15.3314 0.0182716
15.3339 0.018519
15.3364 0.0187713
15.3389 0.0190286
15.3414 0.019291
15.3439 0.0195586
15.3464 0.0198315
15.3489 0.0201098
15.3514 0.0203937
15.3539 0.0206831
15.3564 0.0209783
15.3589 0.0212793
15.3614 0.0215863
15.3639 0.0218994
15.3664 0.0222186
15.3689 0.0225442
15.3714 0.0228763
15.3739 0.0232149
15.3764 0.0235602
15.3789 0.0239123
15.3814 0.0242714
15.3839 0.0246376
15.3864 0.0250111
15.3889 0.0253919
15.3914 0.0257803
15.3939 0.0261764
15.3964 0.0265803
15.3989 0.0269921
15.4015 0.0274122
15.404 0.0278405
15.4065 0.0282773
15.409 0.0287227
15.4115 0.0291769
15.414 0.02964
15.4165 0.0301123
15.419 0.030594
15.4215 0.0310851
15.424 0.0315859
15.4265 0.0320966
15.429 0.0326173
15.4315 0.0331483
15.434 0.0336898
15.4365 0.0342418
15.439 0.0348048
15.4415 0.0353788
15.444 0.0359641
15.4465 0.0365608
15.449 0.0371693
15.4515 0.0377897
15.454 0.0384222
15.4565 0.0390671
15.459 0.0397247
15.4615 0.040395
15.464 0.0410785
15.4665 0.0417752
15.469 0.0424856
15.4715 0.0432098
15.474 0.043948
15.4765 0.0447006
15.479 0.0454678
15.4815 0.0462498
15.484 0.047047
15.4865 0.0478596
15.489 0.0486878
15.4915 0.0495321
15.494 0.0503925
15.4965 0.0512696
15.499 0.0521634
15.5015 0.0530743
15.504 0.0540027
15.5065 0.0549488
15.509 0.055913
15.5115 0.0568954
15.514 0.0578966
15.5165 0.0589167
15.519 0.0599561
15.5215 0.0610151
15.524 0.0620941
15.5265 0.0631933
15.529 0.0643132
15.5315 0.065454
15.534 0.0666162
15.5365 0.0677999
15.539 0.0690057
15.5415 0.0702338
15.544 0.0714845
15.5465 0.0727584
15.549 0.0740556
15.5515 0.0753766
15.554 0.0767217
15.5565 0.0780914
15.559 0.0794859
15.5615 0.0809056
15.564 0.082351
15.5665 0.0838223
15.569 0.08532
15.5715 0.0868444
15.574 0.088396
15.5765 0.089975
15.579 0.0915819
15.5815 0.0932171
15.584 0.0948809
15.5865 0.0965737
15.589 0.0982959
15.5915 0.100048
15.594 0.10183
15.5965 0.103643
15.599 0.105486
15.6016 0.107361
15.6041 0.109268
15.6066 0.111206
15.6091 0.113178
15.6116 0.115181
15.6141 0.117218
15.6166 0.119289
15.6191 0.121393
15.6216 0.123532
15.6241 0.125705
15.6266 0.127913
15.6291 0.130156
15.6316 0.132435
15.6341 0.134749
15.6366 0.1371
15.6391 0.139488
15.6416 0.141912
15.6441 0.144374
15.6466 0.146873
15.6491 0.149409
15.6516 0.151984
15.6541 0.154596
15.6566 0.157248
15.6591 0.159938
15.6616 0.162667
15.6641 0.165435
15.6666 0.168242
15.6691 0.171089
15.6716 0.173975
15.6741 0.176902
15.6766 0.179868
15.6791 0.182875
15.6816 0.185922
15.6841 0.189009
15.6866 0.192136
15.6891 0.195304
15.6916 0.198512
15.6941 0.201761
15.6966 0.20505
15.6991 0.20838
15.7016 0.211749
15.7041 0.21516
15.7066 0.21861
15.7091 0.2221
15.7116 0.22563
15.7141 0.2292
15.7166 0.23281
15.7191 0.236458
15.7216 0.240146
15.7241 0.243872
15.7266 0.247636
15.7291 0.251438
15.7316 0.255278
15.7341 0.259155
15.7366 0.263069
15.7391 0.267019
15.7416 0.271005
15.7441 0.275025
15.7466 0.27908
15.7491 0.283169
15.7516 0.287291
15.7541 0.291445
15.7566 0.295632
15.7591 0.299849
15.7616 0.304096
15.7641 0.308372
15.7666 0.312676
15.7691 0.317008
15.7716 0.321365
15.7741 0.325748
15.7766 0.330156
15.7791 0.334586
15.7816 0.339038
15.7841 0.34351
15.7866 0.348002
15.7891 0.352511
15.7916 0.357037
15.7941 0.361579
15.7966 0.366134
15.7991 0.370701
15.8017 0.375279
15.8042 0.379866
15.8067 0.38446
15.8092 0.38906
15.8117 0.393664
15.8142 0.39827
15.8167 0.402876
15.8192 0.407481
15.8217 0.412082
15.8242 0.416678
15.8267 0.421267
15.8292 0.425846
15.8317 0.430413
15.8342 0.434966
15.8367 0.439504
15.8392 0.444024
15.8417 0.448523
15.8442 0.452999
15.8467 0.45745
15.8492 0.461874
15.8517 0.466268
15.8542 0.47063
15.8567 0.474957
15.8592 0.479246
15.8617 0.483496
15.8642 0.487704
15.8667 0.491866
15.8692 0.495981
15.8717 0.500046
15.8742 0.504058
15.8767 0.508015
15.8792 0.511913
15.8817 0.515751
15.8842 0.519524
15.8867 0.523232
15.8892 0.52687
15.8917 0.530437
15.8942 0.533929
15.8967 0.537344
15.8992 0.540679
15.9017 0.543932
15.9042 0.547099
15.9067 0.550178
15.9092 0.553166
15.9117 0.556061
15.9142 0.55886
15.9167 0.561561
15.9192 0.56416
15.9217 0.566656
15.9242 0.569045
15.9267 0.571326
15.9292 0.573495
15.9317 0.575552
15.9342 0.577492
15.9367 0.579314
15.9392 0.581016
15.9417 0.582596
15.9442 0.584051
15.9467 0.585379
15.9492 0.586579
15.9517 0.587648
15.9542 0.588585
15.9567 0.589388
15.9592 0.590056
15.9617 0.590586
15.9642 0.590977
15.9667 0.591228
15.9692 0.591338
15.9717 0.591306
15.9742 0.591129
15.9767 0.590808
15.9792 0.590341
15.9817 0.589728
15.9842 0.588968
15.9867 0.58806
15.9892 0.587005
15.9917 0.5858
15.9942 0.584447
15.9967 0.582946
15.9992 0.581296
16.0018 0.579497
16.0043 0.57755
16.0068 0.575455
16.0093 0.573213
16.0118 0.570825
16.0143 0.56829
16.0168 0.565611
16.0193 0.562787
16.0218 0.559821
16.0243 0.556713
16.0268 0.553466
16.0293 0.55008
16.0318 0.546557
16.0343 0.542899
16.0368 0.539108
16.0393 0.535186
16.0418 0.531135
16.0443 0.526958
16.0468 0.522657
16.0493 0.518234
16.0518 0.513692
16.0543 0.509034
16.0568 0.504262
16.0593 0.49938
16.0618 0.494391
16.0643 0.489297
16.0668 0.484103
16.0693 0.478811
16.0718 0.473425
16.0743 0.467948
16.0768 0.462385
16.0793 0.456737
16.0818 0.451011
16.0843 0.445208
16.0868 0.439334
16.0893 0.433391
16.0918 0.427385
16.0943 0.421318
16.0968 0.415195
16.0993 0.409021
16.1018 0.402799
16.1043 0.396533
16.1068 0.390227
16.1093 0.383887
16.1118 0.377515
16.1143 0.371117
16.1168 0.364696
16.1193 0.358256
16.1218 0.351802
16.1243 0.345338
16.1268 0.338868
16.1293 0.332396
16.1318 0.325926
16.1343 0.319462
16.1368 0.313008
16.1393 0.306569
16.1418 0.300147
16.1443 0.293747
16.1468 0.287373
16.1493 0.281028
16.1518 0.274715
16.1543 0.268439
16.1568 0.262203
16.1593 0.25601
16.1618 0.249864
16.1643 0.243767
16.1668 0.237722
16.1693 0.231734
16.1718 0.225803
16.1743 0.219935
16.1768 0.21413
16.1793 0.208392
16.1818 0.202723
16.1843 0.197125
16.1868 0.191601
16.1893 0.186153
16.1918 0.180782
16.1943 0.175491
16.1968 0.170281
16.1993 0.165154
16.2019 0.160112
16.2044 0.155156
16.2069 0.150286
16.2094 0.145505
16.2119 0.140813
16.2144 0.136212
16.2169 0.131701
16.2194 0.127282
16.2219 0.122955
16.2244 0.118721
16.2269 0.114581
16.2294 0.110533
16.2319 0.106579
16.2344 0.102718
16.2369 0.0989507
16.2394 0.0952764
16.2419 0.0916951
16.2444 0.0882063
16.2469 0.0848096
16.2494 0.0815043
16.2519 0.07829
16.2544 0.0751658
16.2569 0.072131
16.2594 0.0691847
16.2619 0.0663259
16.2644 0.0635537
16.2669 0.060867
16.2694 0.0582646
16.2719 0.0557454
16.2744 0.0533081
16.2769 0.0509514
16.2794 0.048674
16.2819 0.0464744
16.2844 0.0443514
16.2869 0.0423034
16.2894 0.0403289
16.2919 0.0384264
16.2944 0.0365944
16.2969 0.0348313
16.2994 0.0331355
16.3019 0.0315054
16.3044 0.0299395
16.3069 0.028436
16.3094 0.0269934
16.3119 0.02561
16.3144 0.0242843
16.3169 0.0230145
16.3194 0.0217991
16.3219 0.0206364
16.3244 0.0195248
16.3269 0.0184628
16.3294 0.0174487
16.3319 0.016481
16.3344 0.0155581
16.3369 0.0146786
16.3394 0.0138408
16.3419 0.0130433
16.3444 0.0122847
16.3469 0.0115635
16.3494 0.0108783
16.3519 0.0102276
16.3544 0.00961027
16.3569 0.00902483
16.3594 0.00847002
16.3619 0.00794458
16.3644 0.00744726
16.3669 0.00697688
16.3694 0.00653225
16.3719 0.00611225
16.3744 0.00571576
16.3769 0.00534171
16.3794 0.00498908
16.3819 0.00465684
16.3844 0.00434403
16.3869 0.0040497
16.3894 0.00377295
16.3919 0.00351291
16.3944 0.00326872
16.3969 0.00303958
16.3994 0.0028247
16.402 0.00262333
16.4045 0.00243475
16.407 0.00225827
16.4095 0.00209322
16.412 0.00193897
16.4145 0.00179492
16.417 0.00166048
16.4195 0.00153509
16.422 0.00141824
16.4245 0.00130941
16.427 0.00120812
16.4295 0.00111392
16.432 0.00102638
16.4345 0.000945071
16.437 0.000869617
16.4395 0.000799642
16.442 0.000734795
16.4445 0.000674742
16.447 0.00061917
16.4495 0.000567782
16.452 0.000520296
16.4545 0.000476449
16.457 0.000435991
16.4595 0.000398687
16.462 0.000364318
16.4645 0.000332675
16.467 0.000303564
16.4695 0.000276802
16.472 0.000252218
16.4745 0.000229652
16.477 0.000208954
16.4795 0.000189982
16.482 0.000172608
16.4845 0.000156707
16.487 0.000142166
16.4895 0.000128879
16.492 0.000116748
16.4945 0.00010568
16.497 9.5589e-05
16.4995 8.63972e-05
