3.5005 0.000812061
3.503 0.00089196
3.5055 0.00097901
3.508 0.00107378
3.51051 0.00117688
3.51301 0.00128895
3.51551 0.00141068
3.51801 0.00154282
3.52051 0.00168613
3.52301 0.00184146
3.52551 0.00200969
3.52801 0.00219175
3.53052 0.00238864
3.53302 0.0026014
3.53552 0.00283116
3.53802 0.00307909
3.54052 0.00334644
3.54302 0.00363452
3.54552 0.00394471
3.54802 0.00427847
3.55053 0.00463734
3.55303 0.00502293
3.55553 0.00543695
3.55803 0.00588117
3.56053 0.00635745
3.56303 0.00686777
3.56553 0.00741417
3.56803 0.00799879
3.57054 0.00862388
3.57304 0.00929177
3.57554 0.0100049
3.57804 0.0107658
3.58054 0.0115772
3.58304 0.0124417
3.58554 0.0133623
3.58804 0.0143419
3.59055 0.0153836
3.59305 0.0164906
3.59555 0.0176662
3.59805 0.0189138
3.60055 0.020237
3.60305 0.0216393
3.60555 0.0231245
3.60805 0.0246966
3.61056 0.0263594
3.61306 0.0281172
3.61556 0.0299739
3.61806 0.0319341
3.62056 0.034002
3.62306 0.0361823
3.62556 0.0384794
3.62806 0.0408982
3.63057 0.0434435
3.63307 0.04612
3.63557 0.0489329
3.63807 0.0518872
3.64057 0.0549879
3.64307 0.0582404
3.64557 0.0616499
3.64807 0.0652218
3.65058 0.0689613
3.65308 0.072874
3.65558 0.0769653
3.65808 0.0812407
3.66058 0.0857058
3.66308 0.090366
3.66558 0.0952269
3.66808 0.100294
3.67059 0.105573
3.67309 0.111069
3.67559 0.116788
3.67809 0.122735
3.68059 0.128915
3.68309 0.135334
3.68559 0.141996
3.68809 0.148908
3.6906 0.156074
3.6931 0.163499
3.6956 0.171187
3.6981 0.179143
3.7006 0.187372
3.7031 0.195878
3.7056 0.204665
3.7081 0.213737
3.71061 0.223098
3.71311 0.232751
3.71561 0.242699
3.71811 0.252946
3.72061 0.263494
3.72311 0.274345
3.72561 0.285503
3.72811 0.296968
3.73062 0.308743
3.73312 0.320828
3.73562 0.333225
3.73812 0.345935
3.74062 0.358957
3.74312 0.372291
3.74562 0.385938
3.74812 0.399896
3.75063 0.414164
3.75313 0.428741
3.75563 0.443625
3.75813 0.458812
3.76063 0.474302
3.76313 0.49009
3.76563 0.506172
3.76813 0.522546
3.77064 0.539206
3.77314 0.556147
3.77564 0.573365
3.77814 0.590853
3.78064 0.608606
3.78314 0.626617
3.78564 0.644879
3.78814 0.663385
3.79065 0.682126
3.79315 0.701096
3.79565 0.720285
3.79815 0.739684
3.80065 0.759284
3.80315 0.779076
3.80565 0.799049
3.80815 0.819192
3.81066 0.839495
3.81316 0.859948
3.81566 0.880538
3.81816 0.901253
3.82066 0.922082
3.82316 0.943012
3.82566 0.964032
3.82816 0.985126
3.83067 1.00628
3.83317 1.02749
3.83567 1.04873
3.83817 1.07
3.84067 1.09127
3.84317 1.11254
3.84567 1.13379
3.84817 1.155
3.85068 1.17617
3.85318 1.19727
3.85568 1.21829
3.85818 1.23923
3.86068 1.26005
3.86318 1.28076
3.86568 1.30133
3.86818 1.32175
3.87069 1.342
3.87319 1.36207
3.87569 1.38196
3.87819 1.40163
3.88069 1.42109
3.88319 1.4403
3.88569 1.45927
3.88819 1.47798
3.8907 1.49641
3.8932 1.51456
3.8957 1.5324
3.8982 1.54993
3.9007 1.56713
3.9032 1.58399
3.9057 1.60051
3.9082 1.61666
3.91071 1.63244
3.91321 1.64784
3.91571 1.66285
3.91821 1.67745
3.92071 1.69164
3.92321 1.70541
3.92571 1.71876
3.92821 1.73166
3.93072 1.74412
3.93322 1.75612
3.93572 1.76766
3.93822 1.77874
3.94072 1.78934
3.94322 1.79947
3.94572 1.80911
3.94822 1.81826
3.95073 1.82692
3.95323 1.83508
3.95573 1.84274
3.95823 1.8499
3.96073 1.85656
3.96323 1.8627
3.96573 1.86834
3.96823 1.87347
3.97074 1.87809
3.97324 1.8822
3.97574 1.88579
3.97824 1.88888
3.98074 1.89146
3.98324 1.89353
3.98574 1.8951
3.98824 1.89616
3.99075 1.89673
3.99325 1.89679
3.99575 1.89637
3.99825 1.89545
4.00075 1.89406
4.00325 1.89218
4.00575 1.88982
4.00825 1.887
4.01076 1.88371
4.01326 1.87996
4.01576 1.87577
4.01826 1.87112
4.02076 1.86604
4.02326 1.86053
4.02576 1.85459
4.02826 1.84824
4.03077 1.84148
4.03327 1.83431
4.03577 1.82676
4.03827 1.81882
4.04077 1.81051
4.04327 1.80183
4.04577 1.79279
4.04827 1.7834
4.05078 1.77367
4.05328 1.76362
4.05578 1.75324
4.05828 1.74255
4.06078 1.73156
4.06328 1.72028
4.06578 1.70871
4.06828 1.69688
4.07079 1.68477
4.07329 1.67242
4.07579 1.65982
4.07829 1.64699
4.08079 1.63393
4.08329 1.62066
4.08579 1.60719
4.08829 1.59352
4.0908 1.57967
4.0933 1.56564
4.0958 1.55144
4.0983 1.53709
4.1008 1.52259
4.1033 1.50795
4.1058 1.49318
4.1083 1.4783
4.11081 1.4633
4.11331 1.4482
4.11581 1.43301
4.11831 1.41773
4.12081 1.40238
4.12331 1.38696
4.12581 1.37148
4.12831 1.35594
4.13082 1.34037
4.13332 1.32476
4.13582 1.30912
4.13832 1.29346
4.14082 1.27778
4.14332 1.2621
4.14582 1.24642
4.14832 1.23075
4.15083 1.21509
4.15333 1.19945
4.15583 1.18384
4.15833 1.16826
4.16083 1.15272
4.16333 1.13723
4.16583 1.12178
4.16833 1.10639
4.17084 1.09106
4.17334 1.0758
4.17584 1.06061
4.17834 1.04549
4.18084 1.03045
4.18334 1.0155
4.18584 1.00063
4.18834 0.98586
4.19085 0.971183
4.19335 0.956606
4.19585 0.942133
4.19835 0.927767
4.20085 0.913511
4.20335 0.899368
4.20585 0.88534
4.20835 0.871432
4.21086 0.857645
4.21336 0.843982
4.21586 0.830445
4.21836 0.817036
4.22086 0.803757
4.22336 0.790611
4.22586 0.777598
4.22836 0.764721
4.23087 0.751981
4.23337 0.739379
4.23587 0.726917
4.23837 0.714595
4.24087 0.702415
4.24337 0.690378
4.24587 0.678484
4.24837 0.666734
4.25088 0.655129
4.25338 0.643669
4.25588 0.632354
4.25838 0.621185
4.26088 0.610162
4.26338 0.599285
4.26588 0.588554
4.26838 0.577969
4.27089 0.56753
4.27339 0.557236
4.27589 0.547087
4.27839 0.537083
4.28089 0.527224
4.28339 0.517508
4.28589 0.507936
4.28839 0.498506
4.2909 0.489219
4.2934 0.480072
4.2959 0.471066
4.2984 0.4622
4.3009 0.453472
4.3034 0.444882
4.3059 0.436428
4.3084 0.42811
4.31091 0.419927
4.31341 0.411877
4.31591 0.40396
4.31841 0.396174
4.32091 0.388517
4.32341 0.38099
4.32591 0.37359
4.32841 0.366316
4.33092 0.359166
4.33342 0.352141
4.33592 0.345238
4.33842 0.338455
4.34092 0.331792
4.34342 0.325247
4.34592 0.318818
4.34842 0.312505
4.35093 0.306306
4.35343 0.300219
4.35593 0.294243
4.35843 0.288376
4.36093 0.282617
4.36343 0.276965
4.36593 0.271418
4.36843 0.265975
4.37094 0.260633
4.37344 0.255393
4.37594 0.250252
4.37844 0.245208
4.38094 0.240261
4.38344 0.235408
4.38594 0.230649
4.38844 0.225983
4.39095 0.221406
4.39345 0.216919
4.39595 0.21252
4.39845 0.208206
4.40095 0.203978
4.40345 0.199833
4.40595 0.195771
4.40845 0.191789
4.41096 0.187887
4.41346 0.184062
4.41596 0.180315
4.41846 0.176642
4.42096 0.173044
4.42346 0.169519
4.42596 0.166065
4.42846 0.162682
4.43097 0.159368
4.43347 0.156121
4.43597 0.152941
4.43847 0.149826
4.44097 0.146775
4.44347 0.143788
4.44597 0.140862
4.44847 0.137997
4.45098 0.135191
4.45348 0.132444
4.45598 0.129753
4.45848 0.127119
4.46098 0.124541
4.46348 0.122016
4.46598 0.119544
4.46848 0.117124
4.47099 0.114755
4.47349 0.112437
4.47599 0.110167
4.47849 0.107945
4.48099 0.10577
4.48349 0.103641
4.48599 0.101558
4.48849 0.0995184
4.491 0.0975226
4.4935 0.0955693
4.496 0.0936576
4.4985 0.0917868
4.501 0.0899559
4.5035 0.0881642
4.506 0.0864108
4.5085 0.084695
4.51101 0.083016
4.51351 0.081373
4.51601 0.0797653
4.51851 0.0781922
4.52101 0.0766528
4.52351 0.0751466
4.52601 0.0736728
4.52851 0.0722307
4.53102 0.0708197
4.53352 0.069439
4.53602 0.0680882
4.53852 0.0667665
4.54102 0.0654733
4.54352 0.064208
4.54602 0.06297
4.54852 0.0617587
4.55103 0.0605736
4.55353 0.059414
4.55603 0.0582795
4.55853 0.0571695
4.56103 0.0560835
4.56353 0.0550209
4.56603 0.0539813
4.56853 0.0529641
4.57104 0.0519688
4.57354 0.0509951
4.57604 0.0500424
4.57854 0.0491102
4.58104 0.0481981
4.58354 0.0473058
4.58604 0.0464326
4.58854 0.0455783
4.59105 0.0447424
4.59355 0.0439245
4.59605 0.0431242
4.59855 0.0423411
4.60105 0.0415749
4.60355 0.0408251
4.60605 0.0400915
4.60855 0.0393736
4.61106 0.0386712
4.61356 0.0379838
4.61606 0.0373112
4.61856 0.036653
4.62106 0.0360089
4.62356 0.0353786
4.62606 0.0347617
4.62856 0.0341581
4.63107 0.0335673
4.63357 0.0329892
4.63607 0.0324234
4.63857 0.0318697
4.64107 0.0313278
4.64357 0.0307974
4.64607 0.0302783
4.64857 0.0297703
4.65108 0.029273
4.65358 0.0287863
4.65608 0.0283099
4.65858 0.0278436
4.66108 0.0273872
4.66358 0.0269404
4.66608 0.0265031
4.66858 0.0260751
4.67109 0.025656
4.67359 0.0252458
4.67609 0.0248443
4.67859 0.0244512
4.68109 0.0240663
4.68359 0.0236896
4.68609 0.0233208
4.68859 0.0229597
4.6911 0.0226061
4.6936 0.02226
4.6961 0.0219212
4.6986 0.0215894
4.7011 0.0212645
4.7036 0.0209464
4.7061 0.020635
4.7086 0.0203301
4.71111 0.0200315
4.71361 0.0197391
4.71611 0.0194528
4.71861 0.0191725
4.72111 0.018898
4.72361 0.0186291
4.72611 0.0183659
4.72861 0.0181081
4.73112 0.0178556
4.73362 0.0176084
4.73612 0.0173663
4.73862 0.0171292
4.74112 0.016897
4.74362 0.0166696
4.74612 0.0164469
4.74862 0.0162288
4.75113 0.0160151
4.75363 0.0158059
4.75613 0.015601
4.75863 0.0154004
4.76113 0.0152038
4.76363 0.0150113
4.76613 0.0148228
4.76863 0.0146382
4.77114 0.0144573
4.77364 0.0142802
4.77614 0.0141068
4.77864 0.0139369
4.78114 0.0137705
4.78364 0.0136076
4.78614 0.013448
4.78864 0.0132917
4.79115 0.0131386
4.79365 0.0129887
4.79615 0.0128419
4.79865 0.0126981
4.80115 0.0125573
4.80365 0.0124195
4.80615 0.0122844
4.80865 0.0121522
4.81116 0.0120228
4.81366 0.011896
4.81616 0.0117719
4.81866 0.0116504
4.82116 0.0115314
4.82366 0.0114149
4.82616 0.0113009
4.82866 0.0111893
4.83117 0.01108
4.83367 0.0109731
4.83617 0.0108684
4.83867 0.0107659
4.84117 0.0106656
4.84367 0.0105675
4.84617 0.0104715
4.84867 0.0103775
4.85118 0.0102856
4.85368 0.0101957
4.85618 0.0101077
4.85868 0.0100217
4.86118 0.00993755
4.86368 0.00985527
4.86618 0.00977482
4.86868 0.00969616
4.87119 0.00961926
4.87369 0.00954411
4.87619 0.00947066
4.87869 0.00939889
4.88119 0.00932877
4.88369 0.00926027
4.88619 0.00919338
4.88869 0.00912806
4.8912 0.00906428
4.8937 0.00900204
4.8962 0.00894129
4.8987 0.00888202
4.9012 0.0088242
4.9037 0.00876782
4.9062 0.00871285
4.9087 0.00865928
4.91121 0.00860707
4.91371 0.00855622
4.91621 0.00850671
4.91871 0.00845851
4.92121 0.0084116
4.92371 0.00836598
4.92621 0.00832162
4.92871 0.00827851
4.93122 0.00823663
4.93372 0.00819596
4.93622 0.0081565
4.93872 0.00811822
4.94122 0.00808112
4.94372 0.00804518
4.94622 0.00801038
4.94872 0.00797671
4.95123 0.00794417
4.95373 0.00791274
4.95623 0.0078824
4.95873 0.00785315
4.96123 0.00782498
4.96373 0.00779787
4.96623 0.00777182
4.96873 0.00774682
4.97124 0.00772285
4.97374 0.00769991
4.97624 0.007678
4.97874 0.00765709
4.98124 0.00763719
4.98374 0.00761829
4.98624 0.00760038
4.98874 0.00758346
4.99125 0.00756751
4.99375 0.00755253
4.99625 0.00753853
4.99875 0.00752548
5.00125 0.00751339
5.00375 0.00750225
5.00625 0.00749206
5.00875 0.00748281
5.01126 0.00747451
5.01376 0.00746714
5.01626 0.0074607
5.01876 0.0074552
5.02126 0.00745063
5.02376 0.00744698
5.02626 0.00744426
5.02876 0.00744246
5.03127 0.00744159
5.03377 0.00744164
5.03627 0.00744261
5.03877 0.00744451
5.04127 0.00744732
5.04377 0.00745106
5.04627 0.00745572
5.04877 0.00746131
5.05128 0.00746782
5.05378 0.00747526
5.05628 0.00748363
5.05878 0.00749293
5.06128 0.00750316
5.06378 0.00751434
5.06628 0.00752645
5.06878 0.00753951
5.07129 0.00755352
5.07379 0.00756847
5.07629 0.00758439
5.07879 0.00760127
5.08129 0.00761911
5.08379 0.00763793
5.08629 0.00765772
5.08879 0.0076785
5.0913 0.00770027
5.0938 0.00772304
5.0963 0.00774681
5.0988 0.00777159
5.1013 0.00779739
5.1038 0.00782422
5.1063 0.00785209
5.1088 0.00788101
5.11131 0.00791097
5.11381 0.007942
5.11631 0.00797411
5.11881 0.0080073
5.12131 0.00804158
5.12381 0.00807697
5.12631 0.00811348
5.12881 0.00815112
5.13132 0.00818989
5.13382 0.00822983
5.13632 0.00827092
5.13882 0.0083132
5.14132 0.00835668
5.14382 0.00840136
5.14632 0.00844726
5.14882 0.0084944
5.15133 0.0085428
5.15383 0.00859246
5.15633 0.00864341
5.15883 0.00869566
5.16133 0.00874924
5.16383 0.00880415
5.16633 0.00886041
5.16883 0.00891805
5.17134 0.00897709
5.17384 0.00903754
5.17634 0.00909942
5.17884 0.00916276
5.18134 0.00922757
5.18384 0.00929388
5.18634 0.00936172
5.18884 0.00943109
5.19135 0.00950204
5.19385 0.00957457
5.19635 0.00964872
5.19885 0.00972451
5.20135 0.00980197
5.20385 0.00988112
5.20635 0.00996199
5.20885 0.0100446
5.21136 0.010129
5.21386 0.0102152
5.21636 0.0103033
5.21886 0.0103932
5.22136 0.010485
5.22386 0.0105787
5.22636 0.0106744
5.22886 0.0107721
5.23137 0.0108718
5.23387 0.0109736
5.23637 0.0110775
5.23887 0.0111835
5.24137 0.0112917
5.24387 0.0114021
5.24637 0.0115148
5.24887 0.0116297
5.25138 0.011747
5.25388 0.0118667
5.25638 0.0119887
5.25888 0.0121133
5.26138 0.0122403
5.26388 0.0123699
5.26638 0.0125021
5.26888 0.0126369
5.27139 0.0127744
5.27389 0.0129147
5.27639 0.0130578
5.27889 0.0132037
5.28139 0.0133525
5.28389 0.0135042
5.28639 0.0136589
5.28889 0.0138168
5.2914 0.0139777
5.2939 0.0141418
5.2964 0.0143091
5.2989 0.0144798
5.3014 0.0146538
5.3039 0.0148312
5.3064 0.0150121
5.3089 0.0151966
5.31141 0.0153847
5.31391 0.0155765
5.31641 0.015772
5.31891 0.0159714
5.32141 0.0161747
5.32391 0.016382
5.32641 0.0165933
5.32891 0.0168088
5.33142 0.0170285
5.33392 0.0172525
5.33642 0.0174808
5.33892 0.0177137
5.34142 0.0179511
5.34392 0.0181931
5.34642 0.0184398
5.34892 0.0186914
5.35143 0.0189479
5.35393 0.0192094
5.35643 0.019476
5.35893 0.0197478
5.36143 0.0200249
5.36393 0.0203074
5.36643 0.0205954
5.36893 0.0208891
5.37144 0.0211884
5.37394 0.0214936
5.37644 0.0218048
5.37894 0.022122
5.38144 0.0224455
5.38394 0.0227752
5.38644 0.0231113
5.38894 0.023454
5.39145 0.0238034
5.39395 0.0241595
5.39645 0.0245226
5.39895 0.0248928
5.40145 0.0252702
5.40395 0.0256549
5.40645 0.0260471
5.40895 0.0264469
5.41146 0.0268546
5.41396 0.0272701
5.41646 0.0276937
5.41896 0.0281255
5.42146 0.0285657
5.42396 0.0290145
5.42646 0.0294719
5.42896 0.0299383
5.43147 0.0304136
5.43397 0.0308982
5.43647 0.0313922
5.43897 0.0318957
5.44147 0.032409
5.44397 0.0329321
5.44647 0.0334654
5.44897 0.034009
5.45148 0.0345631
5.45398 0.0351278
5.45648 0.0357034
5.45898 0.0362901
5.46148 0.0368881
5.46398 0.0374976
5.46648 0.0381187
5.46898 0.0387518
5.47149 0.039397
5.47399 0.0400546
5.47649 0.0407247
5.47899 0.0414076
5.48149 0.0421035
5.48399 0.0428127
5.48649 0.0435354
5.48899 0.0442718
5.4915 0.0450222
5.494 0.0457868
5.4965 0.0465659
5.499 0.0473597
5.5015 0.0481684
5.504 0.0489924
5.5065 0.0498319
5.509 0.0506872
5.51151 0.0515584
5.51401 0.052446
5.51651 0.0533501
5.51901 0.0542711
5.52151 0.0552092
5.52401 0.0561647
5.52651 0.0571379
5.52901 0.0581291
5.53152 0.0591385
5.53402 0.0601665
5.53652 0.0612134
5.53902 0.0622794
5.54152 0.0633649
5.54402 0.0644702
5.54652 0.0655956
5.54902 0.0667413
5.55153 0.0679077
5.55403 0.0690951
5.55653 0.0703039
5.55903 0.0715343
5.56153 0.0727866
5.56403 0.0740613
5.56653 0.0753585
5.56903 0.0766787
5.57154 0.0780221
5.57404 0.079389
5.57654 0.0807799
5.57904 0.082195
5.58154 0.0836347
5.58404 0.0850993
5.58654 0.086589
5.58904 0.0881043
5.59155 0.0896455
5.59405 0.0912129
5.59655 0.0928068
5.59905 0.0944276
5.60155 0.0960755
5.60405 0.0977509
5.60655 0.0994542
5.60905 0.101186
5.61156 0.102945
5.61406 0.104734
5.61656 0.106552
5.61906 0.108399
5.62156 0.110276
5.62406 0.112183
5.62656 0.11412
5.62906 0.116088
5.63157 0.118086
5.63407 0.120116
5.63657 0.122178
5.63907 0.124271
5.64157 0.126396
5.64407 0.128553
5.64657 0.130743
5.64907 0.132965
5.65158 0.135221
5.65408 0.13751
5.65658 0.139832
5.65908 0.142188
5.66158 0.144578
5.66408 0.147001
5.66658 0.14946
5.66908 0.151952
5.67159 0.154479
5.67409 0.157041
5.67659 0.159637
5.67909 0.162269
5.68159 0.164935
5.68409 0.167637
5.68659 0.170374
5.68909 0.173146
5.6916 0.175953
5.6941 0.178796
5.6966 0.181674
5.6991 0.184587
5.7016 0.187536
5.7041 0.19052
5.7066 0.193539
5.7091 0.196593
5.71161 0.199682
5.71411 0.202806
5.71661 0.205965
5.71911 0.209158
5.72161 0.212385
5.72411 0.215646
5.72661 0.218941
5.72911 0.22227
5.73162 0.225632
5.73412 0.229026
5.73662 0.232453
5.73912 0.235913
5.74162 0.239404
5.74412 0.242926
5.74662 0.246478
5.74912 0.250061
5.75163 0.253674
5.75413 0.257316
5.75663 0.260986
5.75913 0.264684
5.76163 0.268409
5.76413 0.27216
5.76663 0.275937
5.76913 0.279739
5.77164 0.283565
5.77414 0.287414
5.77664 0.291286
5.77914 0.295179
5.78164 0.299092
5.78414 0.303025
5.78664 0.306975
5.78914 0.310944
5.79165 0.314928
5.79415 0.318927
5.79665 0.32294
5.79915 0.326965
5.80165 0.331001
5.80415 0.335048
5.80665 0.339103
5.80915 0.343164
5.81166 0.347232
5.81416 0.351304
5.81666 0.355378
5.81916 0.359453
5.82166 0.363528
5.82416 0.3676
5.82666 0.371669
5.82916 0.375732
5.83167 0.379788
5.83417 0.383834
5.83667 0.38787
5.83917 0.391893
5.84167 0.395901
5.84417 0.399892
5.84667 0.403865
5.84917 0.407816
5.85168 0.411746
5.85418 0.41565
5.85668 0.419528
5.85918 0.423376
5.86168 0.427194
5.86418 0.430978
5.86668 0.434726
5.86918 0.438437
5.87169 0.442108
5.87419 0.445736
5.87669 0.44932
5.87919 0.452858
5.88169 0.456346
5.88419 0.459782
5.88669 0.463165
5.88919 0.466491
5.8917 0.469759
5.8942 0.472966
5.8967 0.47611
5.8992 0.479188
5.9017 0.482199
5.9042 0.485139
5.9067 0.488006
5.9092 0.490798
5.91171 0.493513
5.91421 0.496148
5.91671 0.498702
5.91921 0.501171
5.92171 0.503553
5.92421 0.505847
5.92671 0.50805
5.92921 0.51016
5.93172 0.512174
5.93422 0.514092
5.93672 0.515909
5.93922 0.517626
5.94172 0.519239
5.94422 0.520747
5.94672 0.522147
5.94922 0.523438
5.95173 0.524619
5.95423 0.525687
5.95673 0.526641
5.95923 0.527479
5.96173 0.5282
5.96423 0.528803
5.96673 0.529285
5.96923 0.529645
5.97174 0.529884
5.97424 0.529998
5.97674 0.529987
5.97924 0.529851
5.98174 0.529588
5.98424 0.529198
5.98674 0.528679
5.98924 0.528032
5.99175 0.527255
5.99425 0.526349
5.99675 0.525313
5.99925 0.524146
6.00175 0.522849
6.00425 0.521422
6.00675 0.519864
6.00925 0.518177
6.01176 0.51636
6.01426 0.514413
6.01676 0.512337
6.01926 0.510134
6.02176 0.507803
6.02426 0.505345
6.02676 0.502762
6.02926 0.500054
6.03177 0.497223
6.03427 0.49427
6.03677 0.491196
6.03927 0.488003
6.04177 0.484693
6.04427 0.481267
6.04677 0.477727
6.04927 0.474075
6.05178 0.470313
6.05428 0.466444
6.05678 0.462468
6.05928 0.45839
6.06178 0.45421
6.06428 0.449933
6.06678 0.44556
6.06928 0.441093
6.07179 0.436537
6.07429 0.431893
6.07679 0.427165
6.07929 0.422355
6.08179 0.417467
6.08429 0.412504
6.08679 0.407469
6.08929 0.402365
6.0918 0.397196
6.0943 0.391964
6.0968 0.386674
6.0993 0.381329
6.1018 0.375933
6.1043 0.370488
6.1068 0.364999
6.1093 0.359468
6.11181 0.353901
6.11431 0.3483
6.11681 0.342668
6.11931 0.33701
6.12181 0.33133
6.12431 0.32563
6.12681 0.319915
6.12931 0.314188
6.13182 0.308452
6.13432 0.302712
6.13682 0.296971
6.13932 0.291232
6.14182 0.285499
6.14432 0.279775
6.14682 0.274064
6.14932 0.268369
6.15183 0.262694
6.15433 0.257041
6.15683 0.251414
6.15933 0.245816
6.16183 0.240251
6.16433 0.23472
6.16683 0.229227
6.16933 0.223775
6.17184 0.218367
6.17434 0.213005
6.17684 0.207692
6.17934 0.20243
6.18184 0.197222
6.18434 0.19207
6.18684 0.186977
6.18934 0.181944
6.19185 0.176973
6.19435 0.172067
6.19685 0.167228
6.19935 0.162456
6.20185 0.157755
6.20435 0.153124
6.20685 0.148566
6.20935 0.144082
6.21186 0.139674
6.21436 0.135341
6.21686 0.131087
6.21936 0.12691
6.22186 0.122812
6.22436 0.118795
6.22686 0.114857
6.22936 0.111001
6.23187 0.107226
6.23437 0.103533
6.23687 0.0999215
6.23937 0.0963921
6.24187 0.0929448
6.24437 0.0895796
6.24687 0.0862963
6.24937 0.0830946
6.25188 0.0799743
6.25438 0.0769351
6.25688 0.0739764
6.25938 0.0710977
6.26188 0.0682985
6.26438 0.0655781
6.26688 0.0629356
6.26938 0.0603704
6.27189 0.0578816
6.27439 0.0554683
6.27689 0.0531295
6.27939 0.0508641
6.28189 0.0486712
6.28439 0.0465497
6.28689 0.0444982
6.28939 0.0425158
6.2919 0.0406012
6.2944 0.0387531
6.2969 0.0369702
6.2994 0.0352512
6.3019 0.0335948
6.3044 0.0319997
6.3069 0.0304644
6.3094 0.0289876
6.31191 0.0275679
6.31441 0.0262039
6.31691 0.0248942
6.31941 0.0236373
6.32191 0.0224319
6.32441 0.0212765
6.32691 0.0201697
6.32941 0.01911
6.33192 0.0180962
6.33442 0.0171268
6.33692 0.0162004
6.33942 0.0153156
6.34192 0.0144711
6.34442 0.0136655
6.34692 0.0128975
6.34942 0.0121658
6.35193 0.0114692
6.35443 0.0108063
6.35693 0.0101759
6.35943 0.00957673
6.36193 0.00900769
6.36443 0.00846755
6.36693 0.00795518
6.36943 0.00746944
6.37194 0.00700925
6.37444 0.00657354
6.37694 0.00616126
6.37944 0.00577141
6.38194 0.005403
6.38444 0.00505508
6.38694 0.00472671
6.38944 0.004417
6.39195 0.00412507
6.39445 0.00385009
6.39695 0.00359124
6.39945 0.00334773
6.40195 0.0031188
6.40445 0.00290372
6.40695 0.00270179
6.40945 0.00251233
6.41196 0.00233469
6.41446 0.00216824
6.41696 0.00201238
6.41946 0.00186653
6.42196 0.00173015
6.42446 0.0016027
6.42696 0.00148368
6.42946 0.00137261
6.43197 0.00126903
6.43447 0.00117251
6.43697 0.00108261
6.43947 0.000998946
6.44197 0.00092114
6.44447 0.00084883
6.44697 0.000781675
6.44947 0.000719352
6.45198 0.000661552
6.45448 0.000607987
6.45698 0.000558379
6.45948 0.000512471
6.46198 0.000470016
6.46448 0.000430782
6.46698 0.000394552
6.46948 0.000361118
6.47199 0.000330289
6.47449 0.000301881
6.47699 0.000275723
6.47949 0.000251655
6.48199 0.000229525
6.48449 0.000209194
6.48699 0.000190528
6.48949 0.000173403
6.492 0.000157705
6.4945 0.000143325
6.497 0.000130162
6.4995 0.000118122
