0 -4.58964
0.1 -4.52833
0.2 -4.58531
0.3 -4.62756
0.4 -4.61394
0.5 -4.6184
0.6 -4.56572
0.7 -4.59744
0.8 -4.5787
0.9 -4.55443
1 -4.58326
1.1 -4.58775
1.2 -4.57164
1.3 -4.57725
1.4 -4.56171
1.5 -4.54418
1.6 -4.52941
1.7 -4.56761
1.8 -4.58071
1.9 -4.53271
2 -4.57378
2.1 -4.53374
2.2 -4.54005
2.3 -4.53385
2.4 -4.50137
2.5 -4.52388
2.6 -4.54348
2.7 -4.50804
2.8 -4.5604
2.9 -4.59776
3 -4.53523
3.1 -4.58818
3.2 -4.54638
3.3 -4.51127
3.4 -4.50433
3.5 -4.52922
3.6 -4.51563
3.7 -4.47149
3.8 -4.51609
3.9 -4.5118
4 -4.55256
4.1 -4.53494
4.2 -4.50575
4.3 -4.47584
4.4 -4.50521
4.5 -4.4768
4.6 -4.5521
4.7 -4.52199
4.8 -4.54528
4.9 -4.478
5 -4.46406
5.1 -4.52845
5.2 -4.48522
5.3 -4.48113
5.4 -4.4913
5.5 -4.48454
5.6 -4.53746
5.7 -4.52458
5.8 -4.50729
5.9 -4.49199
6 -4.49873
6.1 -4.47869
6.2 -4.47358
6.3 -4.4746
6.4 -4.50375
6.5 -4.52583
6.6 -4.49141
6.7 -4.50501
6.8 -4.4771
6.9 -4.49374
7 -4.48444
7.1 -4.51066
7.2 -4.4743
7.3 -4.50189
7.4 -4.46986
7.5 -4.5235
7.6 -4.48128
7.7 -4.48817
7.8 -4.44324
7.9 -4.46292
8 -4.44792
8.1 -4.47658
8.2 -4.43808
8.3 -4.49572
8.4 -4.47228
8.5 -4.43624
8.6 -4.44782
8.7 -4.46511
8.8 -4.45002
8.9 -4.43525
9 -4.44552
9.1 -4.44583
9.2 -4.44771
9.3 -4.43104
9.4 -4.4415
9.5 -4.44029
9.6 -4.4396
9.7 -4.46293
9.8 -4.44869
9.9 -4.40674
10 -4.45069
10.1 -4.4076
10.2 -4.43313
10.3 -4.37147
10.4 -4.34656
10.5 -4.41733
10.6 -4.40915
10.7 -4.45056
10.8 -4.39299
10.9 -4.39764
11 -4.38311
11.1 -4.37718
11.2 -4.39604
11.3 -4.43919
11.4 -4.32514
11.5 -4.39298
11.6 -4.3963
11.7 -4.38338
11.8 -4.43973
11.9 -4.4221
12 -4.39923
12.1 -4.4038
12.2 -4.39809
12.3 -4.38808
12.4 -4.39392
12.5 -4.43657
12.6 -4.42927
12.7 -4.39069
12.8 -4.38044
12.9 -4.38682
13 -4.38829
13.1 -4.38555
13.2 -4.40181
13.3 -4.40195
13.4 -4.31238
13.5 -4.40164
13.6 -4.40472
13.7 -4.41459
13.8 -4.39679
13.9 -4.33656
14 -4.39297
14.1 -4.39626
14.2 -4.33191
14.3 -4.35519
14.4 -4.40358
14.5 -4.37166
14.6 -4.37658
14.7 -4.39697
14.8 -4.3808
14.9 -4.40634
15 -4.40605
15.1 -4.35159
15.2 -4.37105
15.3 -4.37624
15.4 -4.33004
15.5 -4.4021
15.6 -4.40181
15.7 -4.39478
15.8 -4.33339
15.9 -4.34048
16 -4.29659
16.1 -4.39647
16.2 -4.35391
16.3 -4.31857
16.4 -4.31199
16.5 -4.32266
16.6 -4.34628
16.7 -4.3164
16.8 -4.36833
16.9 -4.33152
17 -4.34478
17.1 -4.30548
17.2 -4.35395
17.3 -4.3755
17.4 -4.37323
17.5 -4.3302
17.6 -4.3689
17.7 -4.37465
17.8 -4.31219
17.9 -4.31368
18 -4.35999
18.1 -4.35498
18.2 -4.31825
18.3 -4.31356
18.4 -4.35405
18.5 -4.33875
18.6 -4.37817
18.7 -4.34826
18.8 -4.32586
18.9 -4.28729
19 -4.33061
19.1 -4.3344
19.2 -4.34129
19.3 -4.29294
19.4 -4.33816
19.5 -4.34659
19.6 -4.30282
19.7 -4.33851
19.8 -4.27141
19.9 -4.27981
20 -4.31935
20.1 -4.32748
20.2 -4.30544
20.3 -4.31372
20.4 -4.29754
20.5 -4.32876
20.6 -4.30179
20.7 -4.29869
20.8 -4.32988
20.9 -4.29531
21 -4.25712
21.1 -4.30314
21.2 -4.28753
21.3 -4.26712
21.4 -4.29239
21.5 -4.29256
21.6 -4.26155
21.7 -4.27644
21.8 -4.25016
21.9 -4.21815
22 -4.23809
22.1 -4.29877
22.2 -4.30495
22.3 -4.28328
22.4 -4.25588
22.5 -4.31078
22.6 -4.26183
22.7 -4.25903
22.8 -4.27952
22.9 -4.30571
23 -4.29217
23.1 -4.25212
23.2 -4.23456
23.3 -4.25338
23.4 -4.23994
23.5 -4.26094
23.6 -4.22842
23.7 -4.27357
23.8 -4.24033
23.9 -4.24082
24 -4.2032
24.1 -4.22919
24.2 -4.23417
24.3 -4.23436
24.4 -4.22113
24.5 -4.22828
24.6 -4.23917
24.7 -4.236
24.8 -4.25026
24.9 -4.21939
25 -4.23588
25.1 -4.22292
25.2 -4.25402
25.3 -4.22303
25.4 -4.22886
25.5 -4.23108
25.6 -4.22871
25.7 -4.22896
25.8 -4.19301
25.9 -4.21452
26 -4.23026
26.1 -4.25654
26.2 -4.21136
26.3 -4.22922
26.4 -4.19683
26.5 -4.16501
26.6 -4.23588
26.7 -4.20258
26.8 -4.18615
26.9 -4.2413
27 -4.18975
27.1 -4.20053
27.2 -4.23533
27.3 -4.21201
27.4 -4.20548
27.5 -4.16163
27.6 -4.24793
27.7 -4.16255
27.8 -4.14683
27.9 -4.18406
28 -4.19174
28.1 -4.14897
28.2 -4.18767
28.3 -4.16779
28.4 -4.19691
28.5 -4.16116
28.6 -4.14585
28.7 -4.19495
28.8 -4.1645
28.9 -4.16048
29 -4.2049
29.1 -4.15651
29.2 -4.15455
29.3 -4.15579
29.4 -4.14009
29.5 -4.1949
29.6 -4.14954
29.7 -4.13241
29.8 -4.18256
29.9 -4.18108
30 -4.17424
30.1 -4.14183
30.2 -4.13863
30.3 -4.14595
30.4 -4.17448
30.5 -4.14782
30.6 -4.13248
30.7 -4.17544
30.8 -4.09374
30.9 -4.17605
31 -4.19138
31.1 -4.12002
31.2 -4.15993
31.3 -4.1216
31.4 -4.15462
31.5 -4.10405
31.6 -4.13083
31.7 -4.17113
31.8 -4.11206
31.9 -4.11472
32 -4.13088
32.1 -4.1334
32.2 -4.13695
32.3 -4.1348
32.4 -4.12564
32.5 -4.17604
32.6 -4.12675
32.7 -4.16728
32.8 -4.14332
32.9 -4.17702
33 -4.14125
33.1 -4.08834
33.2 -4.14952
33.3 -4.10263
33.4 -4.13485
33.5 -4.13724
33.6 -4.12116
33.7 -4.10658
33.8 -4.14221
33.9 -4.16505
34 -4.08005
34.1 -4.10015
34.2 -4.12566
34.3 -4.08406
34.4 -4.15158
34.5 -4.13079
34.6 -4.10687
34.7 -4.10371
34.8 -4.16293
34.9 -4.15969
35 -4.14392
35.1 -4.10287
35.2 -4.07273
35.3 -4.14935
35.4 -4.14147
35.5 -4.12034
35.6 -4.12943
35.7 -4.09166
35.8 -4.16828
35.9 -4.18462
36 -4.15496
36.1 -4.11562
36.2 -4.12834
36.3 -4.07716
36.4 -4.12682
36.5 -4.13595
36.6 -4.12253
36.7 -4.15382
36.8 -4.12189
36.9 -4.1345
37 -4.13099
37.1 -4.12976
37.2 -4.11322
37.3 -4.15273
37.4 -4.11523
37.5 -4.13125
37.6 -4.12362
37.7 -4.1119
37.8 -4.07924
37.9 -4.08269
38 -4.11437
38.1 -4.11211
38.2 -4.09757
38.3 -4.11033
38.4 -4.08122
38.5 -4.08959
38.6 -4.1096
38.7 -4.09019
38.8 -4.09987
38.9 -4.12172
39 -4.1024
39.1 -4.07692
39.2 -4.15295
39.3 -4.12694
39.4 -4.13211
39.5 -4.12502
39.6 -4.11482
39.7 -4.16376
39.8 -4.12955
39.9 -4.14581
40 -4.18849
40.1 -4.13258
40.2 -4.12656
40.3 -4.19293
40.4 -4.15104
40.5 -4.13322
40.6 -4.1351
40.7 -4.0905
40.8 -4.14728
40.9 -4.1657
41 -4.16982
41.1 -4.20629
41.2 -4.14681
41.3 -4.12001
41.4 -4.15775
41.5 -4.17669
41.6 -4.1256
41.7 -4.14751
41.8 -4.14213
41.9 -4.14946
42 -4.13135
42.1 -4.16676
42.2 -4.18289
42.3 -4.10073
42.4 -4.07996
42.5 -4.20044
42.6 -4.15615
42.7 -4.11661
42.8 -4.13183
42.9 -4.12934
43 -4.17123
43.1 -4.10435
43.2 -4.11734
43.3 -4.12987
43.4 -4.11306
43.5 -4.12655
43.6 -4.14591
43.7 -4.09207
43.8 -4.1439
43.9 -4.16939
44 -4.1029
44.1 -4.13397
44.2 -4.18353
44.3 -4.16852
44.4 -4.16469
44.5 -4.15959
44.6 -4.09925
44.7 -4.1735
44.8 -4.14376
44.9 -4.13934
45 -4.12526
45.1 -4.13529
45.2 -4.18872
45.3 -4.15669
45.4 -4.19022
45.5 -4.15674
45.6 -4.1359
45.7 -4.1386
45.8 -4.13145
45.9 -4.13377
46 -4.16689
46.1 -4.18982
46.2 -4.14653
46.3 -4.13135
46.4 -4.16674
46.5 -4.20908
46.6 -4.12113
46.7 -4.11608
46.8 -4.13469
46.9 -4.14244
47 -4.19637
47.1 -4.20021
47.2 -4.1793
47.3 -4.1698
47.4 -4.139
47.5 -4.17127
47.6 -4.17326
47.7 -4.18645
47.8 -4.1862
47.9 -4.16028
48 -4.20778
48.1 -4.13642
48.2 -4.13519
48.3 -4.15619
48.4 -4.14544
48.5 -4.18304
48.6 -4.18075
48.7 -4.1449
48.8 -4.15485
48.9 -4.21946
49 -4.19086
49.1 -4.18853
49.2 -4.19471
49.3 -4.17709
49.4 -4.16897
49.5 -4.14723
49.6 -4.16759
49.7 -4.21266
49.8 -4.19596
49.9 -4.18301
50 -4.18692
50.1 -4.28493
50.2 -4.17799
50.3 -4.21825
50.4 -4.22071
50.5 -4.19367
50.6 -4.17359
50.7 -4.17151
50.8 -4.26476
50.9 -4.18911
51 -4.24247
51.1 -4.23697
51.2 -4.21008
51.3 -4.16663
51.4 -4.21578
51.5 -4.24698
51.6 -4.23075
51.7 -4.22007
51.8 -4.24152
51.9 -4.25526
52 -4.21635
52.1 -4.22849
52.2 -4.29742
52.3 -4.22265
52.4 -4.23432
52.5 -4.28819
52.6 -4.29786
52.7 -4.24439
52.8 -4.2125
52.9 -4.26607
53 -4.29143
53.1 -4.26366
53.2 -4.28016
53.3 -4.27774
53.4 -4.2614
53.5 -4.27323
53.6 -4.31921
53.7 -4.30347
53.8 -4.29663
53.9 -4.28228
54 -4.29212
54.1 -4.29196
54.2 -4.31045
54.3 -4.27966
54.4 -4.25905
54.5 -4.29848
54.6 -4.25458
54.7 -4.26957
54.8 -4.29036
54.9 -4.28404
55 -4.2895
55.1 -4.29131
55.2 -4.26432
55.3 -4.29169
55.4 -4.29778
55.5 -4.30436
55.6 -4.29771
55.7 -4.33316
55.8 -4.33371
55.9 -4.28496
56 -4.25119
56.1 -4.32812
56.2 -4.28967
56.3 -4.34643
56.4 -4.33019
56.5 -4.33586
56.6 -4.3092
56.7 -4.32972
56.8 -4.3156
56.9 -4.3327
57 -4.33304
57.1 -4.34914
57.2 -4.30853
57.3 -4.32406
57.4 -4.35694
57.5 -4.32756
57.6 -4.31735
57.7 -4.32861
57.8 -4.36656
57.9 -4.34777
58 -4.33966
58.1 -4.35754
58.2 -4.3525
58.3 -4.41818
58.4 -4.35193
58.5 -4.47051
58.6 -4.37988
58.7 -4.43546
58.8 -4.44022
58.9 -4.42546
59 -4.44574
59.1 -4.40586
59.2 -4.42977
59.3 -4.41593
59.4 -4.40731
59.5 -4.40907
59.6 -4.45062
59.7 -4.47239
59.8 -4.46651
59.9 -4.47492
60 -4.43129
60.1 -4.43746
60.2 -4.4827
60.3 -4.46412
60.4 -4.50677
60.5 -4.49141
60.6 -4.48036
60.7 -4.52913
60.8 -4.50312
60.9 -4.46686
61 -4.44982
61.1 -4.49763
61.2 -4.49158
61.3 -4.57161
61.4 -4.55391
61.5 -4.55431
61.6 -4.52477
61.7 -4.49477
61.8 -4.52656
61.9 -4.56167
62 -4.51561
62.1 -4.56848
62.2 -4.564
62.3 -4.57877
62.4 -4.57691
62.5 -4.56993
62.6 -4.60063
62.7 -4.6137
62.8 -4.56765
62.9 -4.60883
63 -4.60466
63.1 -4.61412
63.2 -4.57984
63.3 -4.59916
63.4 -4.57805
63.5 -4.61226
63.6 -4.60091
63.7 -4.65868
63.8 -4.62571
63.9 -4.68537
64 -4.66727
64.1 -4.61864
64.2 -4.66724
64.3 -4.66489
64.4 -4.64871
64.5 -4.68743
64.6 -4.67949
64.7 -4.62886
64.8 -4.65486
64.9 -4.71747
65 -4.69693
65.1 -4.70068
65.2 -4.71399
65.3 -4.76738
65.4 -4.77381
65.5 -4.7241
65.6 -4.74534
65.7 -4.76345
65.8 -4.73246
65.9 -4.78327
66 -4.80136
66.1 -4.77734
66.2 -4.85985
66.3 -4.82424
66.4 -4.79881
66.5 -4.83536
66.6 -4.89946
66.7 -4.82685
66.8 -4.78099
66.9 -4.88223
67 -4.8812
67.1 -4.90134
67.2 -4.8689
67.3 -4.93487
67.4 -4.88137
67.5 -4.92115
67.6 -4.93291
67.7 -4.93277
67.8 -4.91511
67.9 -4.97125
68 -4.92866
68.1 -5.013
68.2 -4.99101
68.3 -4.95011
68.4 -4.97015
68.5 -5.00441
68.6 -4.9666
68.7 -5.04637
68.8 -5.04136
68.9 -4.99778
69 -4.99432
69.1 -5.04526
69.2 -5.08617
69.3 -5.0628
69.4 -5.09046
69.5 -5.0553
69.6 -5.08494
69.7 -5.08436
69.8 -5.1347
69.9 -5.17549
70 -5.12157
70.1 -5.13771
70.2 -5.07436
70.3 -5.18
70.4 -5.14159
70.5 -5.21033
70.6 -5.21881
70.7 -5.21254
70.8 -5.17462
70.9 -5.16898
71 -5.1895
71.1 -5.22232
71.2 -5.21195
71.3 -5.25826
71.4 -5.24741
71.5 -5.2693
71.6 -5.25371
71.7 -5.30825
71.8 -5.25828
71.9 -5.35056
72 -5.34758
72.1 -5.28706
72.2 -5.28621
72.3 -5.34662
72.4 -5.3282
72.5 -5.32855
72.6 -5.36341
72.7 -5.33797
72.8 -5.37983
72.9 -5.36648
73 -5.38119
73.1 -5.39344
73.2 -5.36157
73.3 -5.44211
73.4 -5.4708
73.5 -5.44948
73.6 -5.44832
73.7 -5.48176
73.8 -5.48205
73.9 -5.46384
74 -5.48402
74.1 -5.48078
74.2 -5.49638
74.3 -5.54095
74.4 -5.51312
74.5 -5.54856
74.6 -5.509
74.7 -5.53452
74.8 -5.52213
74.9 -5.52293
75 -5.51866
75.1 -5.5618
75.2 -5.56298
75.3 -5.54667
75.4 -5.58271
75.5 -5.61435
75.6 -5.60254
75.7 -5.60635
75.8 -5.61632
75.9 -5.64779
76 -5.64463
76.1 -5.66646
76.2 -5.60784
76.3 -5.60637
76.4 -5.60642
76.5 -5.62838
76.6 -5.65328
76.7 -5.63485
76.8 -5.6383
76.9 -5.6531
77 -5.67384
77.1 -5.6578
77.2 -5.64601
77.3 -5.67444
77.4 -5.63111
77.5 -5.66812
77.6 -5.60699
77.7 -5.72497
77.8 -5.62271
77.9 -5.69113
78 -5.67023
78.1 -5.68992
78.2 -5.71894
78.3 -5.70261
78.4 -5.76355
78.5 -5.71956
78.6 -5.73503
78.7 -5.70131
78.8 -5.75582
78.9 -5.75991
79 -5.7864
79.1 -5.71817
79.2 -5.74975
79.3 -5.74889
79.4 -5.79662
79.5 -5.73758
79.6 -5.78376
79.7 -5.80186
79.8 -5.74816
79.9 -5.80148
80 -5.76929
80.1 -5.80547
80.2 -5.77528
80.3 -5.78438
80.4 -5.78435
80.5 -5.78596
80.6 -5.82038
80.7 -5.82044
80.8 -5.81104
80.9 -5.81813
81 -5.84303
81.1 -5.81513
81.2 -5.82611
81.3 -5.82315
81.4 -5.83931
81.5 -5.83078
81.6 -5.84878
81.7 -5.81793
81.8 -5.83558
81.9 -5.85997
82 -5.81697
82.1 -5.83475
82.2 -5.88206
82.3 -5.84543
82.4 -5.77698
82.5 -5.83241
82.6 -5.86072
82.7 -5.86657
82.8 -5.90973
82.9 -5.83654
83 -5.83228
83.1 -5.87618
83.2 -5.9093
83.3 -5.92528
83.4 -5.84473
83.5 -5.84779
83.6 -5.88292
83.7 -5.91148
83.8 -5.90648
83.9 -5.89316
84 -5.93696
84.1 -5.91062
84.2 -5.92647
84.3 -5.92218
84.4 -5.95034
84.5 -5.86475
84.6 -5.86304
84.7 -5.88976
84.8 -5.9304
84.9 -5.88174
85 -5.95334
85.1 -5.94302
85.2 -5.94062
85.3 -5.94947
85.4 -5.9214
85.5 -5.94605
85.6 -5.93593
85.7 -5.92382
85.8 -5.90723
85.9 -5.94224
86 -5.90939
86.1 -5.94152
86.2 -5.92682
86.3 -5.97058
86.4 -5.92542
86.5 -5.97036
86.6 -5.94704
86.7 -5.93538
86.8 -5.97082
86.9 -5.95612
87 -5.93902
87.1 -5.98617
87.2 -5.9352
87.3 -6.01728
87.4 -5.97253
87.5 -5.97678
87.6 -5.95507
87.7 -5.95989
87.8 -5.93684
87.9 -5.95301
88 -5.93324
88.1 -5.94371
88.2 -5.99837
88.3 -5.95365
88.4 -5.95998
88.5 -5.97792
88.6 -6.01435
88.7 -6.02138
88.8 -5.9694
88.9 -5.98106
89 -5.97405
89.1 -6.00496
89.2 -6.04742
89.3 -5.9686
89.4 -5.97229
89.5 -5.96259
89.6 -6.02612
89.7 -6.01945
89.8 -6.01037
89.9 -6.0503
90 -5.99467
90.1 -6.02995
90.2 -6.01095
90.3 -6.03753
90.4 -6.07842
90.5 -6.00943
90.6 -6.04845
90.7 -6.03619
90.8 -6.05022
90.9 -6.03048
91 -6.0132
91.1 -6.01478
91.2 -6.06941
91.3 -6.00586
91.4 -6.10337
91.5 -6.06444
91.6 -6.02276
91.7 -6.04184
91.8 -6.05872
91.9 -6.07812
92 -6.07826
92.1 -6.09509
92.2 -6.05938
92.3 -6.04968
92.4 -6.07255
92.5 -6.06207
92.6 -6.09047
92.7 -6.08996
92.8 -6.13669
92.9 -6.05399
93 -6.07987
93.1 -6.07962
93.2 -6.10128
93.3 -6.07288
93.4 -6.0856
93.5 -6.04639
93.6 -6.02695
93.7 -6.09744
93.8 -6.06394
93.9 -6.04388
94 -6.05462
94.1 -6.04814
94.2 -6.04967
94.3 -6.1014
94.4 -6.06383
94.5 -6.04801
94.6 -6.03446
94.7 -6.05601
94.8 -6.0473
94.9 -6.06368
95 -6.08978
95.1 -6.09214
95.2 -6.06179
95.3 -6.11024
95.4 -6.09156
95.5 -6.07889
95.6 -6.02543
95.7 -6.09473
95.8 -6.11805
95.9 -6.1087
96 -6.13004
96.1 -6.11665
96.2 -6.06052
96.3 -6.0374
96.4 -6.1002
96.5 -6.13468
96.6 -6.09858
96.7 -6.11394
96.8 -6.10442
96.9 -6.07809
97 -6.13306
97.1 -6.1151
97.2 -6.10777
97.3 -6.12915
97.4 -6.09687
97.5 -6.12966
97.6 -6.08557
97.7 -6.06673
97.8 -6.06189
97.9 -6.12139
98 -6.13707
98.1 -6.11696
98.2 -6.11437
98.3 -6.10842
98.4 -6.07388
98.5 -6.05722
98.6 -6.07286
98.7 -6.06945
98.8 -6.09659
98.9 -6.0555
99 -6.11076
99.1 -6.08156
99.2 -6.07644
99.3 -6.11196
99.4 -6.10816
99.5 -6.11948
99.6 -6.12314
99.7 -6.07821
99.8 -6.13901
99.9 -6.12888
100 -4.49724
