3.5005 0.000255431
3.503 0.000282762
3.5055 0.000312779
3.508 0.00034572
3.51051 0.00038184
3.51301 0.000421415
3.51551 0.000464743
3.51801 0.000512141
3.52051 0.000563952
3.52301 0.000620544
3.52551 0.000682308
3.52801 0.000749668
3.53052 0.000823072
3.53302 0.000903003
3.53552 0.000989975
3.53802 0.00108454
3.54052 0.00118727
3.54302 0.0012988
3.54552 0.00141979
3.54802 0.00155094
3.55053 0.00169301
3.55303 0.00184677
3.55553 0.00201309
3.55803 0.00219283
3.56053 0.00238696
3.56303 0.00259646
3.56553 0.00282239
3.56803 0.00306586
3.57054 0.00332804
3.57304 0.00361016
3.57554 0.00391353
3.57804 0.00423951
3.58054 0.00458953
3.58304 0.0049651
3.58554 0.0053678
3.58804 0.00579929
3.59055 0.00626129
3.59305 0.00675561
3.59555 0.00728415
3.59805 0.00784888
3.60055 0.00845185
3.60305 0.00909522
3.60555 0.00978121
3.60805 0.0105122
3.61056 0.0112904
3.61306 0.0121186
3.61556 0.0129992
3.61806 0.0139349
3.62056 0.0149286
3.62306 0.015983
3.62556 0.0171012
3.62806 0.0182862
3.63057 0.0195411
3.63307 0.0208693
3.63557 0.022274
3.63807 0.0237587
3.64057 0.0253269
3.64307 0.0269821
3.64557 0.0287282
3.64807 0.0305688
3.65058 0.0325079
3.65308 0.0345493
3.65558 0.0366971
3.65808 0.0389553
3.66058 0.0413282
3.66308 0.0438199
3.66558 0.0464347
3.66808 0.0491769
3.67059 0.052051
3.67309 0.0550613
3.67559 0.0582124
3.67809 0.0615086
3.68059 0.0649546
3.68309 0.0685549
3.68559 0.0723141
3.68809 0.0762367
3.6906 0.0803272
3.6931 0.0845903
3.6956 0.0890305
3.6981 0.0936522
3.7006 0.09846
3.7031 0.103458
3.7056 0.108651
3.7081 0.114043
3.71061 0.119639
3.71311 0.125442
3.71561 0.131457
3.71811 0.137687
3.72061 0.144136
3.72311 0.150809
3.72561 0.157708
3.72811 0.164838
3.73062 0.1722
3.73312 0.179799
3.73562 0.187638
3.73812 0.195718
3.74062 0.204043
3.74312 0.212616
3.74562 0.221437
3.74812 0.230509
3.75063 0.239834
3.75313 0.249413
3.75563 0.259247
3.75813 0.269337
3.76063 0.279683
3.76313 0.290287
3.76563 0.301148
3.76813 0.312265
3.77064 0.323638
3.77314 0.335267
3.77564 0.34715
3.77814 0.359285
3.78064 0.371671
3.78314 0.384305
3.78564 0.397185
3.78814 0.410308
3.79065 0.423672
3.79315 0.437271
3.79565 0.451103
3.79815 0.465163
3.80065 0.479447
3.80315 0.493949
3.80565 0.508665
3.80815 0.523589
3.81066 0.538714
3.81316 0.554035
3.81566 0.569544
3.81816 0.585236
3.82066 0.601102
3.82316 0.617135
3.82566 0.633328
3.82816 0.649671
3.83067 0.666157
3.83317 0.682776
3.83567 0.699519
3.83817 0.716378
3.84067 0.733343
3.84317 0.750403
3.84567 0.767549
3.84817 0.78477
3.85068 0.802056
3.85318 0.819396
3.85568 0.83678
3.85818 0.854196
3.86068 0.871632
3.86318 0.889079
3.86568 0.906523
3.86818 0.923954
3.87069 0.94136
3.87319 0.95873
3.87569 0.97605
3.87819 0.99331
3.88069 1.0105
3.88319 1.0276
3.88569 1.04461
3.88819 1.06151
3.8907 1.07828
3.8932 1.09493
3.8957 1.11143
3.8982 1.12778
3.9007 1.14396
3.9032 1.15996
3.9057 1.17578
3.9082 1.19139
3.91071 1.20679
3.91321 1.22197
3.91571 1.23691
3.91821 1.25161
3.92071 1.26606
3.92321 1.28024
3.92571 1.29415
3.92821 1.30777
3.93072 1.3211
3.93322 1.33413
3.93572 1.34685
3.93822 1.35925
3.94072 1.37133
3.94322 1.38307
3.94572 1.39446
3.94822 1.40551
3.95073 1.4162
3.95323 1.42653
3.95573 1.43649
3.95823 1.44608
3.96073 1.45528
3.96323 1.4641
3.96573 1.47254
3.96823 1.48057
3.97074 1.48822
3.97324 1.49545
3.97574 1.50229
3.97824 1.50872
3.98074 1.51474
3.98324 1.52034
3.98574 1.52554
3.98824 1.53031
3.99075 1.53468
3.99325 1.53863
3.99575 1.54216
3.99825 1.54527
4.00075 1.54797
4.00325 1.55026
4.00575 1.55213
4.00825 1.55359
4.01076 1.55464
4.01326 1.55529
4.01576 1.55552
4.01826 1.55536
4.02076 1.5548
4.02326 1.55384
4.02576 1.55249
4.02826 1.55075
4.03077 1.54863
4.03327 1.54613
4.03577 1.54325
4.03827 1.54001
4.04077 1.5364
4.04327 1.53243
4.04577 1.52811
4.04827 1.52345
4.05078 1.51844
4.05328 1.5131
4.05578 1.50744
4.05828 1.50145
4.06078 1.49515
4.06328 1.48854
4.06578 1.48163
4.06828 1.47442
4.07079 1.46693
4.07329 1.45917
4.07579 1.45113
4.07829 1.44283
4.08079 1.43427
4.08329 1.42547
4.08579 1.41642
4.08829 1.40715
4.0908 1.39765
4.0933 1.38793
4.0958 1.378
4.0983 1.36788
4.1008 1.35756
4.1033 1.34706
4.1058 1.33638
4.1083 1.32553
4.11081 1.31452
4.11331 1.30335
4.11581 1.29204
4.11831 1.28059
4.12081 1.26902
4.12331 1.25732
4.12581 1.2455
4.12831 1.23358
4.13082 1.22155
4.13332 1.20944
4.13582 1.19723
4.13832 1.18495
4.14082 1.1726
4.14332 1.16018
4.14582 1.1477
4.14832 1.13517
4.15083 1.1226
4.15333 1.10999
4.15583 1.09735
4.15833 1.08468
4.16083 1.07199
4.16333 1.05928
4.16583 1.04657
4.16833 1.03385
4.17084 1.02114
4.17334 1.00844
4.17584 0.995746
4.17834 0.983074
4.18084 0.970425
4.18334 0.957805
4.18584 0.945218
4.18834 0.932668
4.19085 0.92016
4.19335 0.907699
4.19585 0.895288
4.19835 0.882931
4.20085 0.870632
4.20335 0.858396
4.20585 0.846225
4.20835 0.834123
4.21086 0.822093
4.21336 0.810138
4.21586 0.798262
4.21836 0.786467
4.22086 0.774756
4.22336 0.763132
4.22586 0.751597
4.22836 0.740154
4.23087 0.728804
4.23337 0.717551
4.23587 0.706395
4.23837 0.69534
4.24087 0.684386
4.24337 0.673536
4.24587 0.66279
4.24837 0.652151
4.25088 0.64162
4.25338 0.631198
4.25588 0.620886
4.25838 0.610686
4.26088 0.600597
4.26338 0.590622
4.26588 0.58076
4.26838 0.571013
4.27089 0.561381
4.27339 0.551865
4.27589 0.542465
4.27839 0.533181
4.28089 0.524013
4.28339 0.514963
4.28589 0.50603
4.28839 0.497213
4.2909 0.488514
4.2934 0.479931
4.2959 0.471466
4.2984 0.463117
4.3009 0.454884
4.3034 0.446767
4.3059 0.438766
4.3084 0.430881
4.31091 0.42311
4.31341 0.415453
4.31591 0.40791
4.31841 0.40048
4.32091 0.393162
4.32341 0.385956
4.32591 0.378861
4.32841 0.371877
4.33092 0.365002
4.33342 0.358235
4.33592 0.351576
4.33842 0.345025
4.34092 0.338579
4.34342 0.332238
4.34592 0.326001
4.34842 0.319868
4.35093 0.313836
4.35343 0.307906
4.35593 0.302075
4.35843 0.296344
4.36093 0.29071
4.36343 0.285174
4.36593 0.279733
4.36843 0.274386
4.37094 0.269134
4.37344 0.263973
4.37594 0.258904
4.37844 0.253925
4.38094 0.249035
4.38344 0.244233
4.38594 0.239518
4.38844 0.234888
4.39095 0.230342
4.39345 0.22588
4.39595 0.221499
4.39845 0.2172
4.40095 0.21298
4.40345 0.208839
4.40595 0.204775
4.40845 0.200788
4.41096 0.196876
4.41346 0.193037
4.41596 0.189272
4.41846 0.185578
4.42096 0.181955
4.42346 0.178401
4.42596 0.174916
4.42846 0.171498
4.43097 0.168147
4.43347 0.16486
4.43597 0.161638
4.43847 0.158478
4.44097 0.15538
4.44347 0.152344
4.44597 0.149367
4.44847 0.146449
4.45098 0.143588
4.45348 0.140785
4.45598 0.138037
4.45848 0.135344
4.46098 0.132705
4.46348 0.130119
4.46598 0.127584
4.46848 0.125101
4.47099 0.122668
4.47349 0.120284
4.47599 0.117948
4.47849 0.115659
4.48099 0.113417
4.48349 0.111221
4.48599 0.109069
4.48849 0.106961
4.491 0.104897
4.4935 0.102874
4.496 0.100893
4.4985 0.0989528
4.501 0.0970523
4.5035 0.0951909
4.506 0.0933679
4.5085 0.0915825
4.51101 0.089834
4.51351 0.0881216
4.51601 0.0864446
4.51851 0.0848024
4.52101 0.0831942
4.52351 0.0816193
4.52601 0.0800772
4.52851 0.0785671
4.53102 0.0770884
4.53352 0.0756405
4.53602 0.0742228
4.53852 0.0728345
4.54102 0.0714753
4.54352 0.0701444
4.54602 0.0688412
4.54852 0.0675653
4.55103 0.066316
4.55353 0.0650929
4.55603 0.0638953
4.55853 0.0627227
4.56103 0.0615747
4.56353 0.0604507
4.56603 0.0593502
4.56853 0.0582727
4.57104 0.0572179
4.57354 0.056185
4.57604 0.0551738
4.57854 0.0541838
4.58104 0.0532145
4.58354 0.0522656
4.58604 0.0513364
4.58854 0.0504268
4.59105 0.0495361
4.59355 0.0486642
4.59605 0.0478104
4.59855 0.0469746
4.60105 0.0461562
4.60355 0.0453549
4.60605 0.0445704
4.60855 0.0438023
4.61106 0.0430502
4.61356 0.0423139
4.61606 0.0415929
4.61856 0.040887
4.62106 0.0401959
4.62356 0.0395191
4.62606 0.0388565
4.62856 0.0382076
4.63107 0.0375723
4.63357 0.0369503
4.63607 0.0363411
4.63857 0.0357447
4.64107 0.0351606
4.64357 0.0345887
4.64607 0.0340287
4.64857 0.0334803
4.65108 0.0329433
4.65358 0.0324174
4.65608 0.0319025
4.65858 0.0313982
4.66108 0.0309043
4.66358 0.0304207
4.66608 0.0299471
4.66858 0.0294832
4.67109 0.029029
4.67359 0.0285841
4.67609 0.0281484
4.67859 0.0277217
4.68109 0.0273038
4.68359 0.0268945
4.68609 0.0264936
4.68859 0.026101
4.6911 0.0257164
4.6936 0.0253398
4.6961 0.0249709
4.6986 0.0246096
4.7011 0.0242557
4.7036 0.023909
4.7061 0.0235695
4.7086 0.0232369
4.71111 0.0229111
4.71361 0.022592
4.71611 0.0222794
4.71861 0.0219733
4.72111 0.0216734
4.72361 0.0213796
4.72611 0.0210918
4.72861 0.0208099
4.73112 0.0205338
4.73362 0.0202633
4.73612 0.0199983
4.73862 0.0197388
4.74112 0.0194845
4.74362 0.0192355
4.74612 0.0189915
4.74862 0.0187525
4.75113 0.0185184
4.75363 0.0182891
4.75613 0.0180644
4.75863 0.0178444
4.76113 0.0176288
4.76363 0.0174177
4.76613 0.0172109
4.76863 0.0170083
4.77114 0.0168098
4.77364 0.0166155
4.77614 0.0164251
4.77864 0.0162386
4.78114 0.016056
4.78364 0.0158771
4.78614 0.0157019
4.78864 0.0155303
4.79115 0.0153623
4.79365 0.0151977
4.79615 0.0150365
4.79865 0.0148787
4.80115 0.0147242
4.80365 0.0145728
4.80615 0.0144247
4.80865 0.0142796
4.81116 0.0141376
4.81366 0.0139985
4.81616 0.0138624
4.81866 0.0137291
4.82116 0.0135987
4.82366 0.013471
4.82616 0.0133461
4.82866 0.0132238
4.83117 0.0131042
4.83367 0.0129871
4.83617 0.0128725
4.83867 0.0127605
4.84117 0.0126509
4.84367 0.0125437
4.84617 0.0124388
4.84867 0.0123363
4.85118 0.012236
4.85368 0.012138
4.85618 0.0120422
4.85868 0.0119485
4.86118 0.011857
4.86368 0.0117676
4.86618 0.0116802
4.86868 0.0115949
4.87119 0.0115116
4.87369 0.0114302
4.87619 0.0113508
4.87869 0.0112733
4.88119 0.0111976
4.88369 0.0111238
4.88619 0.0110519
4.88869 0.0109817
4.8912 0.0109133
4.8937 0.0108466
4.8962 0.0107817
4.8987 0.0107185
4.9012 0.0106569
4.9037 0.010597
4.9062 0.0105387
4.9087 0.010482
4.91121 0.0104269
4.91371 0.0103734
4.91621 0.0103214
4.91871 0.010271
4.92121 0.010222
4.92371 0.0101746
4.92621 0.0101286
4.92871 0.0100841
4.93122 0.010041
4.93372 0.0099994
4.93622 0.00995917
4.93872 0.00992035
4.94122 0.00988291
4.94372 0.00984683
4.94622 0.00981212
4.94872 0.00977876
4.95123 0.00974673
4.95373 0.00971602
4.95623 0.00968662
4.95873 0.00965852
4.96123 0.00963172
4.96373 0.0096062
4.96623 0.00958195
4.96873 0.00955896
4.97124 0.00953723
4.97374 0.00951675
4.97624 0.00949751
4.97874 0.0094795
4.98124 0.00946272
4.98374 0.00944716
4.98624 0.00943282
4.98874 0.00941969
4.99125 0.00940776
4.99375 0.00939704
4.99625 0.00938751
4.99875 0.00937918
5.00125 0.00937204
5.00375 0.00936608
5.00625 0.00936131
5.00875 0.00935773
5.01126 0.00935533
5.01376 0.00935411
5.01626 0.00935407
5.01876 0.00935521
5.02126 0.00935753
5.02376 0.00936104
5.02626 0.00936572
5.02876 0.00937159
5.03127 0.00937865
5.03377 0.00938689
5.03627 0.00939632
5.03877 0.00940694
5.04127 0.00941876
5.04377 0.00943178
5.04627 0.009446
5.04877 0.00946143
5.05128 0.00947807
5.05378 0.00949593
5.05628 0.00951502
5.05878 0.00953534
5.06128 0.00955689
5.06378 0.00957969
5.06628 0.00960374
5.06878 0.00962905
5.07129 0.00965563
5.07379 0.00968348
5.07629 0.00971262
5.07879 0.00974306
5.08129 0.0097748
5.08379 0.00980785
5.08629 0.00984224
5.08879 0.00987796
5.0913 0.00991504
5.0938 0.00995348
5.0963 0.00999329
5.0988 0.0100345
5.1013 0.0100771
5.1038 0.0101211
5.1063 0.0101666
5.1088 0.0102135
5.11131 0.0102619
5.11381 0.0103117
5.11631 0.0103631
5.11881 0.0104159
5.12131 0.0104703
5.12381 0.0105263
5.12631 0.0105838
5.12881 0.0106429
5.13132 0.0107036
5.13382 0.010766
5.13632 0.01083
5.13882 0.0108957
5.14132 0.010963
5.14382 0.0110321
5.14632 0.011103
5.14882 0.0111756
5.15133 0.01125
5.15383 0.0113263
5.15633 0.0114044
5.15883 0.0114843
5.16133 0.0115662
5.16383 0.01165
5.16633 0.0117358
5.16883 0.0118236
5.17134 0.0119134
5.17384 0.0120052
5.17634 0.0120992
5.17884 0.0121952
5.18134 0.0122934
5.18384 0.0123939
5.18634 0.0124965
5.18884 0.0126014
5.19135 0.0127087
5.19385 0.0128182
5.19635 0.0129302
5.19885 0.0130446
5.20135 0.0131614
5.20385 0.0132808
5.20635 0.0134027
5.20885 0.0135272
5.21136 0.0136543
5.21386 0.0137842
5.21636 0.0139168
5.21886 0.0140522
5.22136 0.0141904
5.22386 0.0143315
5.22636 0.0144755
5.22886 0.0146226
5.23137 0.0147727
5.23387 0.0149259
5.23637 0.0150822
5.23887 0.0152418
5.24137 0.0154047
5.24387 0.0155709
5.24637 0.0157406
5.24887 0.0159137
5.25138 0.0160903
5.25388 0.0162706
5.25638 0.0164545
5.25888 0.0166422
5.26138 0.0168337
5.26388 0.0170291
5.26638 0.0172284
5.26888 0.0174318
5.27139 0.0176393
5.27389 0.0178511
5.27639 0.0180671
5.27889 0.0182874
5.28139 0.0185123
5.28389 0.0187416
5.28639 0.0189756
5.28889 0.0192144
5.2914 0.0194579
5.2939 0.0197064
5.2964 0.0199598
5.2989 0.0202184
5.3014 0.0204822
5.3039 0.0207513
5.3064 0.0210258
5.3089 0.0213058
5.31141 0.0215915
5.31391 0.0218829
5.31641 0.0221802
5.31891 0.0224835
5.32141 0.0227928
5.32391 0.0231085
5.32641 0.0234304
5.32891 0.0237588
5.33142 0.0240939
5.33392 0.0244357
5.33642 0.0247844
5.33892 0.0251401
5.34142 0.0255029
5.34392 0.0258731
5.34642 0.0262507
5.34892 0.0266359
5.35143 0.0270289
5.35393 0.0274298
5.35643 0.0278388
5.35893 0.028256
5.36143 0.0286816
5.36393 0.0291158
5.36643 0.0295588
5.36893 0.0300107
5.37144 0.0304717
5.37394 0.0309419
5.37644 0.0314217
5.37894 0.0319111
5.38144 0.0324104
5.38394 0.0329198
5.38644 0.0334394
5.38894 0.0339696
5.39145 0.0345104
5.39395 0.0350621
5.39645 0.0356249
5.39895 0.0361991
5.40145 0.0367848
5.40395 0.0373824
5.40645 0.037992
5.40895 0.0386139
5.41146 0.0392483
5.41396 0.0398955
5.41646 0.0405557
5.41896 0.0412292
5.42146 0.0419163
5.42396 0.0426172
5.42646 0.0433322
5.42896 0.0440615
5.43147 0.0448056
5.43397 0.0455645
5.43647 0.0463388
5.43897 0.0471285
5.44147 0.0479341
5.44397 0.0487559
5.44647 0.0495941
5.44897 0.0504491
5.45148 0.0513212
5.45398 0.0522108
5.45648 0.0531181
5.45898 0.0540436
5.46148 0.0549875
5.46398 0.0559503
5.46648 0.0569322
5.46898 0.0579337
5.47149 0.058955
5.47399 0.0599967
5.47649 0.061059
5.47899 0.0621424
5.48149 0.0632472
5.48399 0.0643739
5.48649 0.0655228
5.48899 0.0666944
5.4915 0.067889
5.494 0.0691072
5.4965 0.0703492
5.499 0.0716156
5.5015 0.0729068
5.504 0.0742233
5.5065 0.0755654
5.509 0.0769337
5.51151 0.0783286
5.51401 0.0797505
5.51651 0.0812
5.51901 0.0826776
5.52151 0.0841836
5.52401 0.0857186
5.52651 0.0872832
5.52901 0.0888777
5.53152 0.0905027
5.53402 0.0921587
5.53652 0.0938462
5.53902 0.0955658
5.54152 0.097318
5.54402 0.0991032
5.54652 0.100922
5.54902 0.102775
5.55153 0.104663
5.55403 0.106586
5.55653 0.108545
5.55903 0.11054
5.56153 0.112572
5.56403 0.114641
5.56653 0.116749
5.56903 0.118895
5.57154 0.121081
5.57404 0.123306
5.57654 0.125571
5.57904 0.127877
5.58154 0.130225
5.58404 0.132615
5.58654 0.135047
5.58904 0.137523
5.59155 0.140042
5.59405 0.142606
5.59655 0.145214
5.59905 0.147868
5.60155 0.150569
5.60405 0.153315
5.60655 0.156109
5.60905 0.158951
5.61156 0.161841
5.61406 0.16478
5.61656 0.167768
5.61906 0.170806
5.62156 0.173895
5.62406 0.177035
5.62656 0.180226
5.62906 0.18347
5.63157 0.186766
5.63407 0.190115
5.63657 0.193518
5.63907 0.196975
5.64157 0.200486
5.64407 0.204052
5.64657 0.207674
5.64907 0.211352
5.65158 0.215086
5.65408 0.218877
5.65658 0.222724
5.65908 0.226629
5.66158 0.230592
5.66408 0.234614
5.66658 0.238693
5.66908 0.242831
5.67159 0.247029
5.67409 0.251285
5.67659 0.255601
5.67909 0.259977
5.68159 0.264413
5.68409 0.268908
5.68659 0.273464
5.68909 0.27808
5.6916 0.282756
5.6941 0.287493
5.6966 0.29229
5.6991 0.297147
5.7016 0.302064
5.7041 0.307042
5.7066 0.312079
5.7091 0.317176
5.71161 0.322333
5.71411 0.327549
5.71661 0.332824
5.71911 0.338158
5.72161 0.34355
5.72411 0.349
5.72661 0.354507
5.72911 0.360071
5.73162 0.365692
5.73412 0.371368
5.73662 0.377099
5.73912 0.382884
5.74162 0.388723
5.74412 0.394614
5.74662 0.400558
5.74912 0.406552
5.75163 0.412595
5.75413 0.418688
5.75663 0.424828
5.75913 0.431015
5.76163 0.437247
5.76413 0.443522
5.76663 0.449841
5.76913 0.4562
5.77164 0.462599
5.77414 0.469036
5.77664 0.475509
5.77914 0.482018
5.78164 0.488559
5.78414 0.495131
5.78664 0.501732
5.78914 0.508361
5.79165 0.515015
5.79415 0.521691
5.79665 0.528389
5.79915 0.535106
5.80165 0.541838
5.80415 0.548585
5.80665 0.555343
5.80915 0.56211
5.81166 0.568884
5.81416 0.575661
5.81666 0.582439
5.81916 0.589215
5.82166 0.595986
5.82416 0.602749
5.82666 0.609502
5.82916 0.616241
5.83167 0.622963
5.83417 0.629665
5.83667 0.636343
5.83917 0.642995
5.84167 0.649616
5.84417 0.656203
5.84667 0.662754
5.84917 0.669264
5.85168 0.675729
5.85418 0.682147
5.85668 0.688513
5.85918 0.694823
5.86168 0.701074
5.86418 0.707262
5.86668 0.713383
5.86918 0.719434
5.87169 0.725409
5.87419 0.731306
5.87669 0.73712
5.87919 0.742847
5.88169 0.748483
5.88419 0.754024
5.88669 0.759466
5.88919 0.764806
5.8917 0.770038
5.8942 0.775159
5.8967 0.780165
5.8992 0.785051
5.9017 0.789814
5.9042 0.79445
5.9067 0.798954
5.9092 0.803323
5.91171 0.807552
5.91421 0.811638
5.91671 0.815577
5.91921 0.819365
5.92171 0.822999
5.92421 0.826473
5.92671 0.829786
5.92921 0.832933
5.93172 0.835911
5.93422 0.838716
5.93672 0.841344
5.93922 0.843794
5.94172 0.846061
5.94422 0.848142
5.94672 0.850035
5.94922 0.851736
5.95173 0.853243
5.95423 0.854553
5.95673 0.855663
5.95923 0.856572
5.96173 0.857276
5.96423 0.857774
5.96673 0.858064
5.96923 0.858143
5.97174 0.858011
5.97424 0.857665
5.97674 0.857104
5.97924 0.856327
5.98174 0.855333
5.98424 0.854121
5.98674 0.852691
5.98924 0.851041
5.99175 0.849171
5.99425 0.847081
5.99675 0.844771
5.99925 0.842241
6.00175 0.839492
6.00425 0.836524
6.00675 0.833338
6.00925 0.829935
6.01176 0.826315
6.01426 0.822481
6.01676 0.818433
6.01926 0.814173
6.02176 0.809704
6.02426 0.805027
6.02676 0.800144
6.02926 0.795059
6.03177 0.789773
6.03427 0.784289
6.03677 0.778611
6.03927 0.772742
6.04177 0.766685
6.04427 0.760443
6.04677 0.754021
6.04927 0.747422
6.05178 0.74065
6.05428 0.733709
6.05678 0.726605
6.05928 0.719341
6.06178 0.711922
6.06428 0.704353
6.06678 0.696639
6.06928 0.688785
6.07179 0.680796
6.07429 0.672678
6.07679 0.664436
6.07929 0.656076
6.08179 0.647602
6.08429 0.639022
6.08679 0.63034
6.08929 0.621564
6.0918 0.612698
6.0943 0.603748
6.0968 0.594722
6.0993 0.585624
6.1018 0.576462
6.1043 0.567241
6.1068 0.557968
6.1093 0.548648
6.11181 0.539289
6.11431 0.529896
6.11681 0.520475
6.11931 0.511034
6.12181 0.501577
6.12431 0.492111
6.12681 0.482642
6.12931 0.473177
6.13182 0.463721
6.13432 0.45428
6.13682 0.44486
6.13932 0.435466
6.14182 0.426105
6.14432 0.416782
6.14682 0.407502
6.14932 0.398272
6.15183 0.389095
6.15433 0.379977
6.15683 0.370923
6.15933 0.361939
6.16183 0.353028
6.16433 0.344195
6.16683 0.335445
6.16933 0.326782
6.17184 0.31821
6.17434 0.309732
6.17684 0.301354
6.17934 0.293078
6.18184 0.284908
6.18434 0.276847
6.18684 0.268898
6.18934 0.261064
6.19185 0.253348
6.19435 0.245752
6.19685 0.238279
6.19935 0.230931
6.20185 0.22371
6.20435 0.216618
6.20685 0.209656
6.20935 0.202826
6.21186 0.19613
6.21436 0.189568
6.21686 0.183141
6.21936 0.176851
6.22186 0.170697
6.22436 0.16468
6.22686 0.158801
6.22936 0.15306
6.23187 0.147456
6.23437 0.14199
6.23687 0.136661
6.23937 0.131469
6.24187 0.126412
6.24437 0.121491
6.24687 0.116705
6.24937 0.112052
6.25188 0.107531
6.25438 0.103142
6.25688 0.0988824
6.25938 0.0947512
6.26188 0.0907469
6.26438 0.0868678
6.26688 0.0831123
6.26938 0.0794784
6.27189 0.0759644
6.27439 0.0725683
6.27689 0.069288
6.27939 0.0661215
6.28189 0.0630667
6.28439 0.0601214
6.28689 0.0572832
6.28939 0.0545501
6.2919 0.0519196
6.2944 0.0493894
6.2969 0.0469572
6.2994 0.0446206
6.3019 0.0423772
6.3044 0.0402246
6.3069 0.0381603
6.3094 0.036182
6.31191 0.0342872
6.31441 0.0324735
6.31691 0.0307385
6.31941 0.0290799
6.32191 0.0274952
6.32441 0.0259821
6.32691 0.0245383
6.32941 0.0231614
6.33192 0.0218492
6.33442 0.0205994
6.33692 0.0194099
6.33942 0.0182783
6.34192 0.0172026
6.34442 0.0161807
6.34692 0.0152105
6.34942 0.01429
6.35193 0.0134171
6.35443 0.0125901
6.35693 0.0118069
6.35943 0.0110657
6.36193 0.0103647
6.36443 0.00970222
6.36693 0.00907652
6.36943 0.00848593
6.37194 0.00792886
6.37444 0.00740376
6.37694 0.00690913
6.37944 0.00644349
6.38194 0.00600546
6.38444 0.00559366
6.38694 0.0052068
6.38944 0.00484359
6.39195 0.00450284
6.39445 0.00418337
6.39695 0.00388405
6.39945 0.00360381
6.40195 0.00334161
6.40445 0.00309646
6.40695 0.00286741
6.40945 0.00265355
6.41196 0.00245401
6.41446 0.00226797
6.41696 0.00209463
6.41946 0.00193324
6.42196 0.00178308
6.42446 0.00164347
6.42696 0.00151377
6.42946 0.00139335
6.43197 0.00128163
6.43447 0.00117805
6.43697 0.0010821
6.43947 0.000993274
6.44197 0.000911104
6.44447 0.000835147
6.44697 0.000764984
6.44947 0.000700222
6.45198 0.000640489
6.45448 0.000585435
6.45698 0.000534731
6.45948 0.000488068
6.46198 0.000445157
6.46448 0.000405725
6.46698 0.000369518
6.46948 0.000336296
6.47199 0.000305838
6.47449 0.000277934
6.47699 0.00025239
6.47949 0.000229023
6.48199 0.000207666
6.48449 0.00018816
6.48699 0.000170358
6.48949 0.000154125
6.492 0.000139333
6.4945 0.000125865
6.497 0.000113613
6.4995 0.000102475
