43.5 3.58227
43.5015 3.51856
43.503 3.45514
43.5045 3.392
43.506 3.32915
43.5075 3.26658
43.509 3.20429
43.5105 3.14228
43.512 3.08055
43.5135 3.0191
43.515 2.95794
43.5165 2.89705
43.518 2.83643
43.5195 2.7761
43.521 2.71604
43.5225 2.65626
43.524 2.59676
43.5255 2.53753
43.527 2.47857
43.5285 2.41989
43.53 2.36148
43.5315 2.30334
43.533 2.24547
43.5345 2.18788
43.536 2.13055
43.5375 2.0735
43.539 2.01671
43.5405 1.96019
43.542 1.90394
43.5435 1.84796
43.545 1.79225
43.5465 1.73679
43.548 1.68161
43.5495 1.62669
43.551 1.57203
43.5525 1.51764
43.554 1.46351
43.5555 1.40964
43.557 1.35603
43.5585 1.30268
43.56 1.2496
43.5615 1.19677
43.563 1.1442
43.5645 1.09189
43.566 1.03984
43.5675 0.988041
43.569 0.936502
43.5705 0.885218
43.572 0.834189
43.5735 0.783415
43.575 0.732894
43.5765 0.682626
43.578 0.632612
43.5795 0.582849
43.581 0.533337
43.5825 0.484076
43.584 0.435065
43.5855 0.386303
43.587 0.33779
43.5885 0.289526
43.59 0.241509
43.5915 0.193739
43.593 0.146215
43.5945 0.0989369
43.596 0.0519039
43.5975 0.00511536
43.599 -0.0414293
43.6006 -0.0877307
43.6021 -0.13379
43.6036 -0.179606
43.6051 -0.225182
43.6066 -0.270516
43.6081 -0.315611
43.6096 -0.360466
43.6111 -0.405082
43.6126 -0.44946
43.6141 -0.4936
43.6156 -0.537502
43.6171 -0.581169
43.6186 -0.624599
43.6201 -0.667794
43.6216 -0.710755
43.6231 -0.753481
43.6246 -0.795974
43.6261 -0.838234
43.6276 -0.880262
43.6291 -0.922058
43.6306 -0.963623
43.6321 -1.00496
43.6336 -1.04606
43.6351 -1.08694
43.6366 -1.12759
43.6381 -1.168
43.6396 -1.2082
43.6411 -1.24816
43.6426 -1.2879
43.6441 -1.32741
43.6456 -1.3667
43.6471 -1.40576
43.6486 -1.4446
43.6501 -1.48322
43.6516 -1.52161
43.6531 -1.55978
43.6546 -1.59773
43.6561 -1.63546
43.6576 -1.67297
43.6591 -1.71026
43.6606 -1.74733
43.6621 -1.78418
43.6636 -1.82081
43.6651 -1.85723
43.6666 -1.89343
43.6681 -1.92941
43.6696 -1.96518
43.6711 -2.00073
43.6726 -2.03607
43.6741 -2.07119
43.6756 -2.1061
43.6771 -2.1408
43.6786 -2.17528
43.6801 -2.20956
43.6816 -2.24362
43.6831 -2.27747
43.6846 -2.31112
43.6861 -2.34455
43.6876 -2.37778
43.6891 -2.41079
43.6906 -2.4436
43.6921 -2.47621
43.6936 -2.5086
43.6951 -2.54079
43.6966 -2.57278
43.6981 -2.60456
43.6996 -2.63614
43.7011 -2.66751
43.7026 -2.69868
43.7041 -2.72965
43.7056 -2.76042
43.7071 -2.79098
43.7086 -2.82135
43.7101 -2.85151
43.7116 -2.88148
43.7131 -2.91124
43.7146 -2.94081
43.7161 -2.97018
43.7176 -2.99935
43.7191 -3.02833
43.7206 -3.05711
43.7221 -3.08569
43.7236 -3.11408
43.7251 -3.14228
43.7266 -3.17028
43.7281 -3.19809
43.7296 -3.2257
43.7311 -3.25313
43.7326 -3.28036
43.7341 -3.3074
43.7356 -3.33425
43.7371 -3.36091
43.7386 -3.38738
43.7401 -3.41366
43.7416 -3.43976
43.7431 -3.46566
43.7446 -3.49138
43.7461 -3.51691
43.7476 -3.54226
43.7491 -3.56742
43.7506 -3.5924
43.7521 -3.61719
43.7536 -3.64179
43.7551 -3.66622
43.7566 -3.69046
43.7581 -3.71452
43.7596 -3.7384
43.7611 -3.76209
43.7626 -3.78561
43.7641 -3.80894
43.7656 -3.8321
43.7671 -3.85508
43.7686 -3.87787
43.7701 -3.9005
43.7716 -3.92294
43.7731 -3.94521
43.7746 -3.9673
43.7761 -3.98921
43.7776 -4.01095
43.7791 -4.03252
43.7806 -4.05391
43.7821 -4.07512
43.7836 -4.09617
43.7851 -4.11704
43.7866 -4.13774
43.7881 -4.15827
43.7896 -4.17862
43.7911 -4.19881
43.7926 -4.21883
43.7941 -4.23868
43.7956 -4.25836
43.7971 -4.27787
43.7986 -4.29721
43.8002 -4.31639
43.8017 -4.3354
43.8032 -4.35424
43.8047 -4.37292
43.8062 -4.39143
43.8077 -4.40978
43.8092 -4.42796
43.8107 -4.44598
43.8122 -4.46384
43.8137 -4.48153
43.8152 -4.49907
43.8167 -4.51644
43.8182 -4.53365
43.8197 -4.5507
43.8212 -4.56759
43.8227 -4.58432
43.8242 -4.60089
43.8257 -4.61731
43.8272 -4.63356
43.8287 -4.64966
43.8302 -4.6656
43.8317 -4.68139
43.8332 -4.69702
43.8347 -4.7125
43.8362 -4.72782
43.8377 -4.74298
43.8392 -4.75799
43.8407 -4.77285
43.8422 -4.78756
43.8437 -4.80212
43.8452 -4.81652
43.8467 -4.83077
43.8482 -4.84487
43.8497 -4.85882
43.8512 -4.87262
43.8527 -4.88628
43.8542 -4.89978
43.8557 -4.91313
43.8572 -4.92634
43.8587 -4.9394
43.8602 -4.95232
43.8617 -4.96509
43.8632 -4.97771
43.8647 -4.99019
43.8662 -5.00252
43.8677 -5.01471
43.8692 -5.02675
43.8707 -5.03865
43.8722 -5.05041
43.8737 -5.06203
43.8752 -5.07351
43.8767 -5.08484
43.8782 -5.09604
43.8797 -5.10709
43.8812 -5.118
43.8827 -5.12878
43.8842 -5.13941
43.8857 -5.14991
43.8872 -5.16027
43.8887 -5.1705
43.8902 -5.18058
43.8917 -5.19053
43.8932 -5.20035
43.8947 -5.21003
43.8962 -5.21957
43.8977 -5.22898
43.8992 -5.23826
43.9007 -5.2474
43.9022 -5.25642
43.9037 -5.26529
43.9052 -5.27404
43.9067 -5.28265
43.9082 -5.29114
43.9097 -5.29949
43.9112 -5.30772
43.9127 -5.31581
43.9142 -5.32378
43.9157 -5.33161
43.9172 -5.33932
43.9187 -5.3469
43.9202 -5.35436
43.9217 -5.36169
43.9232 -5.36889
43.9247 -5.37596
43.9262 -5.38292
43.9277 -5.38974
43.9292 -5.39644
43.9307 -5.40302
43.9322 -5.40948
43.9337 -5.41581
43.9352 -5.42202
43.9367 -5.42811
43.9382 -5.43407
43.9397 -5.43992
43.9412 -5.44564
43.9427 -5.45125
43.9442 -5.45674
43.9457 -5.4621
43.9472 -5.46735
43.9487 -5.47248
43.9502 -5.47749
43.9517 -5.48239
43.9532 -5.48716
43.9547 -5.49183
43.9562 -5.49637
43.9577 -5.5008
43.9592 -5.50512
43.9607 -5.50932
43.9622 -5.51341
43.9637 -5.51738
43.9652 -5.52124
43.9667 -5.52499
43.9682 -5.52862
43.9697 -5.53215
43.9712 -5.53556
43.9727 -5.53886
43.9742 -5.54205
43.9757 -5.54513
43.9772 -5.54811
43.9787 -5.55097
43.9802 -5.55372
43.9817 -5.55637
43.9832 -5.55891
43.9847 -5.56134
43.9862 -5.56366
43.9877 -5.56588
43.9892 -5.568
43.9907 -5.57
43.9922 -5.5719
43.9937 -5.5737
43.9952 -5.57539
43.9967 -5.57698
43.9982 -5.57847
43.9997 -5.57985
44.0013 -5.58113
44.0028 -5.58231
44.0043 -5.58339
44.0058 -5.58437
44.0073 -5.58524
44.0088 -5.58602
44.0103 -5.5867
44.0118 -5.58727
44.0133 -5.58775
44.0148 -5.58813
44.0163 -5.58841
44.0178 -5.5886
44.0193 -5.58868
44.0208 -5.58867
44.0223 -5.58857
44.0238 -5.58836
44.0253 -5.58807
44.0268 -5.58767
44.0283 -5.58719
44.0298 -5.58661
44.0313 -5.58593
44.0328 -5.58516
44.0343 -5.5843
44.0358 -5.58335
44.0373 -5.5823
44.0388 -5.58117
44.0403 -5.57994
44.0418 -5.57862
44.0433 -5.57721
44.0448 -5.57571
44.0463 -5.57412
44.0478 -5.57244
44.0493 -5.57068
44.0508 -5.56882
44.0523 -5.56688
44.0538 -5.56485
44.0553 -5.56274
44.0568 -5.56053
44.0583 -5.55824
44.0598 -5.55587
44.0613 -5.55341
44.0628 -5.55086
44.0643 -5.54823
44.0658 -5.54552
44.0673 -5.54272
44.0688 -5.53984
44.0703 -5.53688
44.0718 -5.53383
44.0733 -5.5307
44.0748 -5.52749
44.0763 -5.5242
44.0778 -5.52083
44.0793 -5.51738
44.0808 -5.51385
44.0823 -5.51024
44.0838 -5.50655
44.0853 -5.50278
44.0868 -5.49893
44.0883 -5.495
44.0898 -5.491
44.0913 -5.48692
44.0928 -5.48276
44.0943 -5.47853
44.0958 -5.47422
44.0973 -5.46983
44.0988 -5.46537
44.1003 -5.46084
44.1018 -5.45623
44.1033 -5.45154
44.1048 -5.44679
44.1063 -5.44196
44.1078 -5.43705
44.1093 -5.43208
44.1108 -5.42703
44.1123 -5.42191
44.1138 -5.41672
44.1153 -5.41146
44.1168 -5.40613
44.1183 -5.40072
44.1198 -5.39525
44.1213 -5.38971
44.1228 -5.3841
44.1243 -5.37842
44.1258 -5.37268
44.1273 -5.36686
44.1288 -5.36098
44.1303 -5.35503
44.1318 -5.34902
44.1333 -5.34293
44.1348 -5.33679
44.1363 -5.33057
44.1378 -5.3243
44.1393 -5.31795
44.1408 -5.31155
44.1423 -5.30507
44.1438 -5.29854
44.1453 -5.29194
44.1468 -5.28528
44.1483 -5.27856
44.1498 -5.27177
44.1513 -5.26493
44.1528 -5.25802
44.1543 -5.25105
44.1558 -5.24402
44.1573 -5.23693
44.1588 -5.22978
44.1603 -5.22257
44.1618 -5.2153
44.1633 -5.20797
44.1648 -5.20059
44.1663 -5.19315
44.1678 -5.18564
44.1693 -5.17809
44.1708 -5.17047
44.1723 -5.1628
44.1738 -5.15507
44.1753 -5.14729
44.1768 -5.13945
44.1783 -5.13155
44.1798 -5.1236
44.1813 -5.1156
44.1828 -5.10754
44.1843 -5.09943
44.1858 -5.09127
44.1873 -5.08305
44.1888 -5.07478
44.1903 -5.06646
44.1918 -5.05808
44.1933 -5.04966
44.1948 -5.04118
44.1963 -5.03265
44.1978 -5.02408
44.1993 -5.01545
44.2009 -5.00677
44.2024 -4.99804
44.2039 -4.98927
44.2054 -4.98044
44.2069 -4.97157
44.2084 -4.96265
44.2099 -4.95368
44.2114 -4.94466
44.2129 -4.9356
44.2144 -4.92649
44.2159 -4.91734
44.2174 -4.90814
44.2189 -4.89889
44.2204 -4.8896
44.2219 -4.88026
44.2234 -4.87088
44.2249 -4.86145
44.2264 -4.85198
44.2279 -4.84247
44.2294 -4.83291
44.2309 -4.82331
44.2324 -4.81367
44.2339 -4.80399
44.2354 -4.79426
44.2369 -4.78449
44.2384 -4.77468
44.2399 -4.76483
44.2414 -4.75495
44.2429 -4.74502
44.2444 -4.73505
44.2459 -4.72504
44.2474 -4.71499
44.2489 -4.7049
44.2504 -4.69478
44.2519 -4.68461
44.2534 -4.67441
44.2549 -4.66417
44.2564 -4.6539
44.2579 -4.64358
44.2594 -4.63323
44.2609 -4.62285
44.2624 -4.61243
44.2639 -4.60197
44.2654 -4.59148
44.2669 -4.58095
44.2684 -4.57039
44.2699 -4.55979
44.2714 -4.54916
44.2729 -4.5385
44.2744 -4.5278
44.2759 -4.51707
44.2774 -4.50631
44.2789 -4.49551
44.2804 -4.48469
44.2819 -4.47383
44.2834 -4.46294
44.2849 -4.45202
44.2864 -4.44107
44.2879 -4.43008
44.2894 -4.41907
44.2909 -4.40803
44.2924 -4.39696
44.2939 -4.38586
44.2954 -4.37473
44.2969 -4.36357
44.2984 -4.35238
44.2999 -4.34117
44.3014 -4.32993
44.3029 -4.31866
44.3044 -4.30736
44.3059 -4.29604
44.3074 -4.28469
44.3089 -4.27331
44.3104 -4.26191
44.3119 -4.25048
44.3134 -4.23903
44.3149 -4.22755
44.3164 -4.21605
44.3179 -4.20453
44.3194 -4.19298
44.3209 -4.1814
44.3224 -4.16981
44.3239 -4.15819
44.3254 -4.14654
44.3269 -4.13488
44.3284 -4.12319
44.3299 -4.11148
44.3314 -4.09975
44.3329 -4.088
44.3344 -4.07622
44.3359 -4.06443
44.3374 -4.05261
44.3389 -4.04078
44.3404 -4.02893
44.3419 -4.01705
44.3434 -4.00516
44.3449 -3.99324
44.3464 -3.98131
44.3479 -3.96936
44.3494 -3.9574
44.3509 -3.94541
44.3524 -3.93341
44.3539 -3.92139
44.3554 -3.90935
44.3569 -3.8973
44.3584 -3.88522
44.3599 -3.87314
44.3614 -3.86104
44.3629 -3.84892
44.3644 -3.83678
44.3659 -3.82463
44.3674 -3.81247
44.3689 -3.80029
44.3704 -3.7881
44.3719 -3.7759
44.3734 -3.76368
44.3749 -3.75144
44.3764 -3.7392
44.3779 -3.72694
44.3794 -3.71467
44.3809 -3.70238
44.3824 -3.69009
44.3839 -3.67778
44.3854 -3.66546
44.3869 -3.65313
44.3884 -3.64079
44.3899 -3.62844
44.3914 -3.61608
44.3929 -3.60371
44.3944 -3.59133
44.3959 -3.57894
44.3974 -3.56654
44.3989 -3.55413
44.4005 -3.54171
44.402 -3.52928
44.4035 -3.51685
44.405 -3.5044
44.4065 -3.49195
44.408 -3.47949
44.4095 -3.46703
44.411 -3.45456
44.4125 -3.44208
44.414 -3.42959
44.4155 -3.4171
44.417 -3.4046
44.4185 -3.3921
44.42 -3.37959
44.4215 -3.36708
44.423 -3.35456
44.4245 -3.34204
44.426 -3.32951
44.4275 -3.31698
44.429 -3.30444
44.4305 -3.2919
44.432 -3.27936
44.4335 -3.26681
44.435 -3.25426
44.4365 -3.24171
44.438 -3.22916
44.4395 -3.2166
44.441 -3.20405
44.4425 -3.19149
44.444 -3.17893
44.4455 -3.16637
44.447 -3.1538
44.4485 -3.14124
44.45 -3.12868
44.4515 -3.11611
44.453 -3.10355
44.4545 -3.09098
44.456 -3.07842
44.4575 -3.06586
44.459 -3.0533
44.4605 -3.04074
44.462 -3.02818
44.4635 -3.01562
44.465 -3.00307
44.4665 -2.99052
44.468 -2.97797
44.4695 -2.96542
44.471 -2.95288
44.4725 -2.94033
44.474 -2.9278
44.4755 -2.91526
44.477 -2.90273
44.4785 -2.89021
44.48 -2.87768
44.4815 -2.86517
44.483 -2.85265
44.4845 -2.84015
44.486 -2.82764
44.4875 -2.81515
44.489 -2.80266
44.4905 -2.79017
44.492 -2.77769
44.4935 -2.76522
44.495 -2.75275
44.4965 -2.74029
44.498 -2.72784
44.4995 -2.71539
44.501 -2.70296
44.5025 -2.69053
44.504 -2.6781
44.5055 -2.66569
44.507 -2.65328
44.5085 -2.64088
44.51 -2.6285
44.5115 -2.61612
44.513 -2.60375
44.5145 -2.59138
44.516 -2.57903
44.5175 -2.56669
44.519 -2.55436
44.5205 -2.54204
44.522 -2.52973
44.5235 -2.51743
44.525 -2.50514
44.5265 -2.49286
44.528 -2.48059
44.5295 -2.46834
44.531 -2.45609
44.5325 -2.44386
44.534 -2.43164
44.5355 -2.41943
44.537 -2.40724
44.5385 -2.39506
44.54 -2.38289
44.5415 -2.37073
44.543 -2.35859
44.5445 -2.34646
44.546 -2.33434
44.5475 -2.32224
44.549 -2.31016
44.5505 -2.29808
44.552 -2.28602
44.5535 -2.27398
44.555 -2.26195
44.5565 -2.24994
44.558 -2.23794
44.5595 -2.22596
44.561 -2.21399
44.5625 -2.20204
44.564 -2.1901
44.5655 -2.17818
44.567 -2.16628
44.5685 -2.1544
44.57 -2.14253
44.5715 -2.13068
44.573 -2.11884
44.5745 -2.10703
44.576 -2.09523
44.5775 -2.08344
44.579 -2.07168
44.5805 -2.05994
44.582 -2.04821
44.5835 -2.0365
44.585 -2.02481
44.5865 -2.01314
44.588 -2.00149
44.5895 -1.98986
44.591 -1.97824
44.5925 -1.96665
44.594 -1.95508
44.5955 -1.94352
44.597 -1.93199
44.5985 -1.92048
44.6001 -1.90898
44.6016 -1.89751
44.6031 -1.88606
44.6046 -1.87463
44.6061 -1.86322
44.6076 -1.85183
44.6091 -1.84047
44.6106 -1.82912
44.6121 -1.8178
44.6136 -1.8065
44.6151 -1.79522
44.6166 -1.78397
44.6181 -1.77274
44.6196 -1.76153
44.6211 -1.75034
44.6226 -1.73918
44.6241 -1.72804
44.6256 -1.71692
44.6271 -1.70583
44.6286 -1.69476
44.6301 -1.68371
44.6316 -1.67269
44.6331 -1.66169
44.6346 -1.65072
44.6361 -1.63977
44.6376 -1.62884
44.6391 -1.61795
44.6406 -1.60707
44.6421 -1.59622
44.6436 -1.5854
44.6451 -1.5746
44.6466 -1.56383
44.6481 -1.55308
44.6496 -1.54236
44.6511 -1.53167
44.6526 -1.521
44.6541 -1.51036
44.6556 -1.49975
44.6571 -1.48916
44.6586 -1.4786
44.6601 -1.46806
44.6616 -1.45755
44.6631 -1.44708
44.6646 -1.43662
44.6661 -1.4262
44.6676 -1.4158
44.6691 -1.40543
44.6706 -1.39509
44.6721 -1.38478
44.6736 -1.3745
44.6751 -1.36424
44.6766 -1.35402
44.6781 -1.34382
44.6796 -1.33365
44.6811 -1.32351
44.6826 -1.3134
44.6841 -1.30332
44.6856 -1.29326
44.6871 -1.28324
44.6886 -1.27325
44.6901 -1.26329
44.6916 -1.25336
44.6931 -1.24345
44.6946 -1.23358
44.6961 -1.22374
44.6976 -1.21393
44.6991 -1.20415
44.7006 -1.1944
44.7021 -1.18468
44.7036 -1.175
44.7051 -1.16534
44.7066 -1.15572
44.7081 -1.14612
44.7096 -1.13656
44.7111 -1.12703
44.7126 -1.11753
44.7141 -1.10807
44.7156 -1.09864
44.7171 -1.08923
44.7186 -1.07987
44.7201 -1.07053
44.7216 -1.06123
44.7231 -1.05196
44.7246 -1.04272
44.7261 -1.03351
44.7276 -1.02434
44.7291 -1.0152
44.7306 -1.0061
44.7321 -0.997026
44.7336 -0.987989
44.7351 -0.978984
44.7366 -0.970014
44.7381 -0.961078
44.7396 -0.952176
44.7411 -0.943308
44.7426 -0.934474
44.7441 -0.925674
44.7456 -0.91691
44.7471 -0.90818
44.7486 -0.899484
44.7501 -0.890824
44.7516 -0.882198
44.7531 -0.873608
44.7546 -0.865053
44.7561 -0.856533
44.7576 -0.848048
44.7591 -0.839599
44.7606 -0.831186
44.7621 -0.822808
44.7636 -0.814467
44.7651 -0.806161
44.7666 -0.797891
44.7681 -0.789657
44.7696 -0.78146
44.7711 -0.773299
44.7726 -0.765174
44.7741 -0.757086
44.7756 -0.749035
44.7771 -0.74102
44.7786 -0.733043
44.7801 -0.725102
44.7816 -0.717198
44.7831 -0.709331
44.7846 -0.701502
44.7861 -0.69371
44.7876 -0.685955
44.7891 -0.678238
44.7906 -0.670559
44.7921 -0.662917
44.7936 -0.655313
44.7951 -0.647747
44.7966 -0.640219
44.7981 -0.632729
44.7996 -0.625277
44.8012 -0.617863
44.8027 -0.610488
44.8042 -0.603151
44.8057 -0.595853
44.8072 -0.588593
44.8087 -0.581372
44.8102 -0.574189
44.8117 -0.567046
44.8132 -0.559941
44.8147 -0.552876
44.8162 -0.545849
44.8177 -0.538862
44.8192 -0.531914
44.8207 -0.525005
44.8222 -0.518136
44.8237 -0.511306
44.8252 -0.504516
44.8267 -0.497765
44.8282 -0.491054
44.8297 -0.484383
44.8312 -0.477752
44.8327 -0.471161
44.8342 -0.46461
44.8357 -0.458099
44.8372 -0.451628
44.8387 -0.445197
44.8402 -0.438807
44.8417 -0.432457
44.8432 -0.426147
44.8447 -0.419878
44.8462 -0.413649
44.8477 -0.407462
44.8492 -0.401315
44.8507 -0.395208
44.8522 -0.389143
44.8537 -0.383118
44.8552 -0.377135
44.8567 -0.371192
44.8582 -0.365291
44.8597 -0.359431
44.8612 -0.353612
44.8627 -0.347834
44.8642 -0.342098
44.8657 -0.336403
44.8672 -0.33075
44.8687 -0.325138
44.8702 -0.319568
44.8717 -0.314039
44.8732 -0.308553
44.8747 -0.303108
44.8762 -0.297704
44.8777 -0.292343
44.8792 -0.287023
44.8807 -0.281746
44.8822 -0.276511
44.8837 -0.271317
44.8852 -0.266166
44.8867 -0.261057
44.8882 -0.25599
44.8897 -0.250966
44.8912 -0.245984
44.8927 -0.241044
44.8942 -0.236147
44.8957 -0.231292
44.8972 -0.22648
44.8987 -0.22171
44.9002 -0.216983
44.9017 -0.212299
44.9032 -0.207657
44.9047 -0.203058
44.9062 -0.198502
44.9077 -0.193988
44.9092 -0.189518
44.9107 -0.185091
44.9122 -0.180706
44.9137 -0.176364
44.9152 -0.172066
44.9167 -0.16781
44.9182 -0.163598
44.9197 -0.159429
44.9212 -0.155303
44.9227 -0.15122
44.9242 -0.14718
44.9257 -0.143184
44.9272 -0.139231
44.9287 -0.135321
44.9302 -0.131455
44.9317 -0.127632
44.9332 -0.123853
44.9347 -0.120117
44.9362 -0.116424
44.9377 -0.112776
44.9392 -0.10917
44.9407 -0.105608
44.9422 -0.10209
44.9437 -0.0986157
44.9452 -0.0951848
44.9467 -0.0917976
44.9482 -0.0884541
44.9497 -0.0851544
44.9512 -0.0818984
44.9527 -0.0786861
44.9542 -0.0755177
44.9557 -0.0723931
44.9572 -0.0693123
44.9587 -0.0662754
44.9602 -0.0632823
44.9617 -0.0603332
44.9632 -0.0574279
44.9647 -0.0545666
44.9662 -0.0517492
44.9677 -0.0489758
44.9692 -0.0462463
44.9707 -0.0435609
44.9722 -0.0409194
44.9737 -0.0383219
44.9752 -0.0357685
44.9767 -0.0332591
44.9782 -0.0307937
44.9797 -0.0283724
44.9812 -0.0259951
44.9827 -0.0236619
44.9842 -0.0213728
44.9857 -0.0191278
44.9872 -0.0169269
44.9887 -0.0147701
44.9902 -0.0126574
44.9917 -0.0105888
44.9932 -0.00856426
44.9947 -0.00658388
44.9962 -0.00464762
44.9977 -0.00275548
44.9992 -0.000907463
45.0008 0.000896432
45.0023 0.0026562
45.0038 0.00437185
45.0053 0.00604338
45.0068 0.00767079
45.0083 0.00925409
45.0098 0.0107933
45.0113 0.0122883
45.0128 0.0137393
45.0143 0.0151462
45.0158 0.016509
45.0173 0.0178276
45.0188 0.0191022
45.0203 0.0203328
45.0218 0.0215193
45.0233 0.0226617
45.0248 0.0237601
45.0263 0.0248144
45.0278 0.0258247
45.0293 0.026791
45.0308 0.0277134
45.0323 0.0285917
45.0338 0.029426
45.0353 0.0302165
45.0368 0.0309629
45.0383 0.0316655
45.0398 0.0323241
45.0413 0.0329388
45.0428 0.0335097
45.0443 0.0340367
45.0458 0.0345199
45.0473 0.0349592
45.0488 0.0353548
45.0503 0.0357066
45.0518 0.0360146
45.0533 0.0362789
45.0548 0.0364995
45.0563 0.0366764
45.0578 0.0368097
45.0593 0.0368993
45.0608 0.0369453
45.0623 0.0369478
45.0638 0.0369066
45.0653 0.036822
45.0668 0.0366938
45.0683 0.0365222
45.0698 0.0363071
45.0713 0.0360487
45.0728 0.0357468
45.0743 0.0354016
45.0758 0.0350131
45.0773 0.0345813
45.0788 0.0341063
45.0803 0.033588
45.0818 0.0330266
45.0833 0.032422
45.0848 0.0317743
45.0863 0.0310836
45.0878 0.0303498
45.0893 0.029573
45.0908 0.0287532
45.0923 0.0278906
45.0938 0.0269851
45.0953 0.0260367
45.0968 0.0250455
45.0983 0.0240116
45.0998 0.022935
45.1013 0.0218157
45.1028 0.0206538
45.1043 0.0194493
45.1058 0.0182023
45.1073 0.0169128
45.1088 0.0155809
45.1103 0.0142066
45.1118 0.0127899
45.1133 0.011331
45.1148 0.00982978
45.1163 0.00828639
45.1178 0.00670085
45.1193 0.00507323
45.1208 0.00340357
45.1223 0.00169192
45.1238 -6.16623e-05
45.1253 -0.00185712
45.1268 -0.0036944
45.1283 -0.00557346
45.1298 -0.00749422
45.1313 -0.00945664
45.1328 -0.0114607
45.1343 -0.0135062
45.1358 -0.0155933
45.1373 -0.0177217
45.1388 -0.0198915
45.1403 -0.0221027
45.1418 -0.024355
45.1433 -0.0266486
45.1448 -0.0289832
45.1463 -0.0313589
45.1478 -0.0337756
45.1493 -0.0362333
45.1508 -0.0387317
45.1523 -0.041271
45.1538 -0.043851
45.1553 -0.0464717
45.1568 -0.0491329
45.1583 -0.0518347
45.1598 -0.0545769
45.1613 -0.0573595
45.1628 -0.0601824
45.1643 -0.0630456
45.1658 -0.0659489
45.1673 -0.0688923
45.1688 -0.0718758
45.1703 -0.0748992
45.1718 -0.0779625
45.1733 -0.0810655
45.1748 -0.0842083
45.1763 -0.0873908
45.1778 -0.0906128
45.1793 -0.0938743
45.1808 -0.0971752
45.1823 -0.100515
45.1838 -0.103895
45.1853 -0.107314
45.1868 -0.110771
45.1883 -0.114268
45.1898 -0.117804
45.1913 -0.121379
45.1928 -0.124992
45.1943 -0.128644
45.1958 -0.132334
45.1973 -0.136064
45.1988 -0.139831
45.2004 -0.143637
45.2019 -0.147481
45.2034 -0.151363
45.2049 -0.155284
45.2064 -0.159242
45.2079 -0.163238
45.2094 -0.167272
45.2109 -0.171344
45.2124 -0.175453
45.2139 -0.1796
45.2154 -0.183784
45.2169 -0.188006
45.2184 -0.192265
45.2199 -0.196561
45.2214 -0.200894
45.2229 -0.205264
45.2244 -0.20967
45.2259 -0.214114
45.2274 -0.218594
45.2289 -0.223111
45.2304 -0.227664
45.2319 -0.232254
45.2334 -0.23688
45.2349 -0.241542
45.2364 -0.24624
45.2379 -0.250974
45.2394 -0.255743
45.2409 -0.260549
45.2424 -0.26539
45.2439 -0.270267
45.2454 -0.275179
45.2469 -0.280126
45.2484 -0.285109
45.2499 -0.290127
45.2514 -0.295179
45.2529 -0.300267
45.2544 -0.305389
45.2559 -0.310546
45.2574 -0.315738
45.2589 -0.320964
45.2604 -0.326224
45.2619 -0.331518
45.2634 -0.336847
45.2649 -0.34221
45.2664 -0.347606
45.2679 -0.353036
45.2694 -0.3585
45.2709 -0.363997
45.2724 -0.369527
45.2739 -0.375091
45.2754 -0.380688
45.2769 -0.386318
45.2784 -0.391981
45.2799 -0.397677
45.2814 -0.403405
45.2829 -0.409166
45.2844 -0.414959
45.2859 -0.420785
45.2874 -0.426642
45.2889 -0.432532
45.2904 -0.438454
45.2919 -0.444407
45.2934 -0.450392
45.2949 -0.456409
45.2964 -0.462457
45.2979 -0.468536
45.2994 -0.474646
45.3009 -0.480788
45.3024 -0.48696
45.3039 -0.493163
45.3054 -0.499396
45.3069 -0.50566
45.3084 -0.511955
45.3099 -0.518279
45.3114 -0.524634
45.3129 -0.531018
45.3144 -0.537433
45.3159 -0.543877
45.3174 -0.55035
45.3189 -0.556853
45.3204 -0.563385
45.3219 -0.569946
45.3234 -0.576536
45.3249 -0.583155
45.3264 -0.589803
45.3279 -0.596479
45.3294 -0.603184
45.3309 -0.609916
45.3324 -0.616677
45.3339 -0.623466
45.3354 -0.630282
45.3369 -0.637127
45.3384 -0.643998
45.3399 -0.650897
45.3414 -0.657824
45.3429 -0.664777
45.3444 -0.671757
45.3459 -0.678764
45.3474 -0.685798
45.3489 -0.692858
45.3504 -0.699944
45.3519 -0.707057
45.3534 -0.714195
45.3549 -0.72136
45.3564 -0.72855
45.3579 -0.735765
45.3594 -0.743006
45.3609 -0.750272
45.3624 -0.757563
45.3639 -0.764879
45.3654 -0.77222
45.3669 -0.779585
45.3684 -0.786975
45.3699 -0.794389
45.3714 -0.801827
45.3729 -0.809289
45.3744 -0.816775
45.3759 -0.824284
45.3774 -0.831817
45.3789 -0.839373
45.3804 -0.846952
45.3819 -0.854555
45.3834 -0.862179
45.3849 -0.869827
45.3864 -0.877497
45.3879 -0.885189
45.3894 -0.892903
45.3909 -0.900639
45.3924 -0.908397
45.3939 -0.916177
45.3954 -0.923978
45.3969 -0.9318
45.3984 -0.939643
45.3999 -0.947507
45.4015 -0.955391
45.403 -0.963297
45.4045 -0.971222
45.406 -0.979168
45.4075 -0.987134
45.409 -0.995119
45.4105 -1.00312
45.412 -1.01115
45.4135 -1.01919
45.415 -1.02726
45.4165 -1.03534
45.418 -1.04344
45.4195 -1.05156
45.421 -1.0597
45.4225 -1.06785
45.424 -1.07603
45.4255 -1.08422
45.427 -1.09243
45.4285 -1.10065
45.43 -1.1089
45.4315 -1.11716
45.433 -1.12544
45.4345 -1.13373
45.436 -1.14204
45.4375 -1.15037
45.439 -1.15871
45.4405 -1.16707
45.442 -1.17545
45.4435 -1.18384
45.445 -1.19224
45.4465 -1.20066
45.448 -1.2091
45.4495 -1.21755
45.451 -1.22601
45.4525 -1.23449
45.454 -1.24299
45.4555 -1.2515
45.457 -1.26002
45.4585 -1.26855
45.46 -1.2771
45.4615 -1.28566
45.463 -1.29424
45.4645 -1.30282
45.466 -1.31142
45.4675 -1.32003
45.469 -1.32866
45.4705 -1.33729
45.472 -1.34594
45.4735 -1.3546
45.475 -1.36327
45.4765 -1.37195
45.478 -1.38065
45.4795 -1.38935
45.481 -1.39806
45.4825 -1.40679
45.484 -1.41552
45.4855 -1.42426
45.487 -1.43302
45.4885 -1.44178
45.49 -1.45055
45.4915 -1.45933
45.493 -1.46812
45.4945 -1.47692
45.496 -1.48573
45.4975 -1.49454
45.499 -1.50337
45.5005 -1.5122
45.502 -1.52103
45.5035 -1.52988
45.505 -1.53873
45.5065 -1.54759
45.508 -1.55645
45.5095 -1.56533
45.511 -1.5742
45.5125 -1.58309
45.514 -1.59198
45.5155 -1.60087
45.517 -1.60977
45.5185 -1.61868
45.52 -1.62758
45.5215 -1.6365
45.523 -1.64542
45.5245 -1.65434
45.526 -1.66327
45.5275 -1.6722
45.529 -1.68113
45.5305 -1.69007
45.532 -1.69901
45.5335 -1.70795
45.535 -1.71689
45.5365 -1.72584
45.538 -1.73479
45.5395 -1.74374
45.541 -1.75269
45.5425 -1.76164
45.544 -1.7706
45.5455 -1.77955
45.547 -1.78851
45.5485 -1.79746
45.55 -1.80642
45.5515 -1.81538
45.553 -1.82433
45.5545 -1.83329
45.556 -1.84224
45.5575 -1.85119
45.559 -1.86014
45.5605 -1.86909
45.562 -1.87804
45.5635 -1.88699
45.565 -1.89593
45.5665 -1.90487
45.568 -1.91381
45.5695 -1.92275
45.571 -1.93168
45.5725 -1.9406
45.574 -1.94953
45.5755 -1.95845
45.577 -1.96736
45.5785 -1.97627
45.58 -1.98518
45.5815 -1.99408
45.583 -2.00298
45.5845 -2.01187
45.586 -2.02075
45.5875 -2.02963
45.589 -2.0385
45.5905 -2.04736
45.592 -2.05622
45.5935 -2.06507
45.595 -2.07391
45.5965 -2.08275
45.598 -2.09158
45.5995 -2.1004
45.6011 -2.10921
45.6026 -2.11801
45.6041 -2.1268
45.6056 -2.13558
45.6071 -2.14436
45.6086 -2.15312
45.6101 -2.16188
45.6116 -2.17062
45.6131 -2.17935
45.6146 -2.18807
45.6161 -2.19678
45.6176 -2.20548
45.6191 -2.21417
45.6206 -2.22285
45.6221 -2.23151
45.6236 -2.24016
45.6251 -2.2488
45.6266 -2.25742
45.6281 -2.26604
45.6296 -2.27463
45.6311 -2.28322
45.6326 -2.29179
45.6341 -2.30034
45.6356 -2.30888
45.6371 -2.31741
45.6386 -2.32592
45.6401 -2.33442
45.6416 -2.34289
45.6431 -2.35136
45.6446 -2.3598
45.6461 -2.36823
45.6476 -2.37665
45.6491 -2.38504
45.6506 -2.39342
45.6521 -2.40178
45.6536 -2.41012
45.6551 -2.41844
45.6566 -2.42675
45.6581 -2.43504
45.6596 -2.4433
45.6611 -2.45155
45.6626 -2.45978
45.6641 -2.46798
45.6656 -2.47617
45.6671 -2.48433
45.6686 -2.49248
45.6701 -2.5006
45.6716 -2.5087
45.6731 -2.51678
45.6746 -2.52484
45.6761 -2.53288
45.6776 -2.54089
45.6791 -2.54888
45.6806 -2.55684
45.6821 -2.56479
45.6836 -2.5727
45.6851 -2.5806
45.6866 -2.58847
45.6881 -2.59631
45.6896 -2.60413
45.6911 -2.61192
45.6926 -2.61969
45.6941 -2.62743
45.6956 -2.63515
45.6971 -2.64284
45.6986 -2.6505
45.7001 -2.65813
45.7016 -2.66574
45.7031 -2.67332
45.7046 -2.68087
45.7061 -2.68839
45.7076 -2.69588
45.7091 -2.70335
45.7106 -2.71078
45.7121 -2.71819
45.7136 -2.72556
45.7151 -2.73291
45.7166 -2.74022
45.7181 -2.7475
45.7196 -2.75475
45.7211 -2.76197
45.7226 -2.76916
45.7241 -2.77631
45.7256 -2.78343
45.7271 -2.79052
45.7286 -2.79758
45.7301 -2.8046
45.7316 -2.81159
45.7331 -2.81854
45.7346 -2.82546
45.7361 -2.83235
45.7376 -2.8392
45.7391 -2.84601
45.7406 -2.85279
45.7421 -2.85953
45.7436 -2.86624
45.7451 -2.8729
45.7466 -2.87953
45.7481 -2.88613
45.7496 -2.89268
45.7511 -2.8992
45.7526 -2.90568
45.7541 -2.91212
45.7556 -2.91852
45.7571 -2.92489
45.7586 -2.93121
45.7601 -2.93749
45.7616 -2.94373
45.7631 -2.94993
45.7646 -2.95609
45.7661 -2.96221
45.7676 -2.96829
45.7691 -2.97432
45.7706 -2.98031
45.7721 -2.98626
45.7736 -2.99216
45.7751 -2.99803
45.7766 -3.00385
45.7781 -3.00962
45.7796 -3.01535
45.7811 -3.02103
45.7826 -3.02667
45.7841 -3.03227
45.7856 -3.03781
45.7871 -3.04332
45.7886 -3.04877
45.7901 -3.05418
45.7916 -3.05954
45.7931 -3.06485
45.7946 -3.07012
45.7961 -3.07534
45.7976 -3.0805
45.7991 -3.08562
45.8007 -3.09069
45.8022 -3.09571
45.8037 -3.10068
45.8052 -3.1056
45.8067 -3.11047
45.8082 -3.11529
45.8097 -3.12006
45.8112 -3.12477
45.8127 -3.12943
45.8142 -3.13404
45.8157 -3.1386
45.8172 -3.1431
45.8187 -3.14755
45.8202 -3.15195
45.8217 -3.15629
45.8232 -3.16057
45.8247 -3.16481
45.8262 -3.16898
45.8277 -3.1731
45.8292 -3.17717
45.8307 -3.18117
45.8322 -3.18512
45.8337 -3.18902
45.8352 -3.19285
45.8367 -3.19663
45.8382 -3.20035
45.8397 -3.20401
45.8412 -3.20761
45.8427 -3.21115
45.8442 -3.21464
45.8457 -3.21806
45.8472 -3.22142
45.8487 -3.22472
45.8502 -3.22796
45.8517 -3.23114
45.8532 -3.23425
45.8547 -3.23731
45.8562 -3.2403
45.8577 -3.24322
45.8592 -3.24609
45.8607 -3.24889
45.8622 -3.25162
45.8637 -3.25429
45.8652 -3.2569
45.8667 -3.25944
45.8682 -3.26191
45.8697 -3.26432
45.8712 -3.26666
45.8727 -3.26893
45.8742 -3.27114
45.8757 -3.27328
45.8772 -3.27535
45.8787 -3.27735
45.8802 -3.27928
45.8817 -3.28115
45.8832 -3.28294
45.8847 -3.28467
45.8862 -3.28632
45.8877 -3.2879
45.8892 -3.28941
45.8907 -3.29085
45.8922 -3.29222
45.8937 -3.29352
45.8952 -3.29474
45.8967 -3.29589
45.8982 -3.29697
45.8997 -3.29797
45.9012 -3.29889
45.9027 -3.29975
45.9042 -3.30053
45.9057 -3.30123
45.9072 -3.30185
45.9087 -3.3024
45.9102 -3.30288
45.9117 -3.30327
45.9132 -3.30359
45.9147 -3.30383
45.9162 -3.30399
45.9177 -3.30407
45.9192 -3.30408
45.9207 -3.304
45.9222 -3.30385
45.9237 -3.30361
45.9252 -3.30329
45.9267 -3.30289
45.9282 -3.30241
45.9297 -3.30185
45.9312 -3.30121
45.9327 -3.30048
45.9342 -3.29967
45.9357 -3.29878
45.9372 -3.2978
45.9387 -3.29674
45.9402 -3.29559
45.9417 -3.29436
45.9432 -3.29304
45.9447 -3.29163
45.9462 -3.29014
45.9477 -3.28856
45.9492 -3.2869
45.9507 -3.28514
45.9522 -3.2833
45.9537 -3.28137
45.9552 -3.27935
45.9567 -3.27724
45.9582 -3.27505
45.9597 -3.27276
45.9612 -3.27038
45.9627 -3.26791
45.9642 -3.26534
45.9657 -3.26269
45.9672 -3.25994
45.9687 -3.2571
45.9702 -3.25417
45.9717 -3.25114
45.9732 -3.24802
45.9747 -3.24481
45.9762 -3.2415
45.9777 -3.23809
45.9792 -3.23459
45.9807 -3.23099
45.9822 -3.2273
45.9837 -3.22351
45.9852 -3.21962
45.9867 -3.21563
45.9882 -3.21154
45.9897 -3.20736
45.9912 -3.20307
45.9927 -3.19869
45.9942 -3.19421
45.9957 -3.18962
45.9972 -3.18494
45.9987 -3.18015
46.0003 -3.17526
46.0018 -3.17027
46.0033 -3.16518
46.0048 -3.15998
46.0063 -3.15468
46.0078 -3.14927
46.0093 -3.14376
46.0108 -3.13815
46.0123 -3.13243
46.0138 -3.1266
46.0153 -3.12067
46.0168 -3.11463
46.0183 -3.10849
46.0198 -3.10223
46.0213 -3.09587
46.0228 -3.0894
46.0243 -3.08282
46.0258 -3.07613
46.0273 -3.06933
46.0288 -3.06242
46.0303 -3.0554
46.0318 -3.04827
46.0333 -3.04103
46.0348 -3.03367
46.0363 -3.0262
46.0378 -3.01862
46.0393 -3.01092
46.0408 -3.00312
46.0423 -2.99519
46.0438 -2.98715
46.0453 -2.979
46.0468 -2.97073
46.0483 -2.96235
46.0498 -2.95384
46.0513 -2.94522
46.0528 -2.93649
46.0543 -2.92763
46.0558 -2.91866
46.0573 -2.90956
46.0588 -2.90035
46.0603 -2.89102
46.0618 -2.88156
46.0633 -2.87199
46.0648 -2.86229
46.0663 -2.85247
46.0678 -2.84253
46.0693 -2.83247
46.0708 -2.82229
46.0723 -2.81198
46.0738 -2.80154
46.0753 -2.79098
46.0768 -2.7803
46.0783 -2.76949
46.0798 -2.75855
46.0813 -2.74749
46.0828 -2.7363
46.0843 -2.72499
46.0858 -2.71354
46.0873 -2.70197
46.0888 -2.69027
46.0903 -2.67843
46.0918 -2.66647
46.0933 -2.65438
46.0948 -2.64216
46.0963 -2.6298
46.0978 -2.61732
46.0993 -2.6047
46.1008 -2.59195
46.1023 -2.57906
46.1038 -2.56604
46.1053 -2.55289
46.1068 -2.5396
46.1083 -2.52618
46.1098 -2.51262
46.1113 -2.49893
46.1128 -2.4851
46.1143 -2.47113
46.1158 -2.45702
46.1173 -2.44278
46.1188 -2.4284
46.1203 -2.41387
46.1218 -2.39921
46.1233 -2.38441
46.1248 -2.36947
46.1263 -2.35438
46.1278 -2.33916
46.1293 -2.32379
46.1308 -2.30828
46.1323 -2.29263
46.1338 -2.27683
46.1353 -2.26089
46.1368 -2.24481
46.1383 -2.22858
46.1398 -2.2122
46.1413 -2.19568
46.1428 -2.17901
46.1443 -2.16219
46.1458 -2.14523
46.1473 -2.12812
46.1488 -2.11086
46.1503 -2.09345
46.1518 -2.07589
46.1533 -2.05818
46.1548 -2.04032
46.1563 -2.02231
46.1578 -2.00415
46.1593 -1.98584
46.1608 -1.96737
46.1623 -1.94875
46.1638 -1.92998
46.1653 -1.91105
46.1668 -1.89196
46.1683 -1.87273
46.1698 -1.85333
46.1713 -1.83378
46.1728 -1.81408
46.1743 -1.79421
46.1758 -1.77419
46.1773 -1.75401
46.1788 -1.73367
46.1803 -1.71317
46.1818 -1.69251
46.1833 -1.6717
46.1848 -1.65072
46.1863 -1.62958
46.1878 -1.60827
46.1893 -1.58681
46.1908 -1.56518
46.1923 -1.54339
46.1938 -1.52143
46.1953 -1.49931
46.1968 -1.47703
46.1983 -1.45457
46.1998 -1.43196
46.2014 -1.40917
46.2029 -1.38622
46.2044 -1.3631
46.2059 -1.33982
46.2074 -1.31636
46.2089 -1.29274
46.2104 -1.26894
46.2119 -1.24498
46.2134 -1.22084
46.2149 -1.19653
46.2164 -1.17205
46.2179 -1.1474
46.2194 -1.12258
46.2209 -1.09758
46.2224 -1.07241
46.2239 -1.04706
46.2254 -1.02154
46.2269 -0.995838
46.2284 -0.969963
46.2299 -0.943912
46.2314 -0.917683
46.2329 -0.891277
46.2344 -0.864692
46.2359 -0.837928
46.2374 -0.810985
46.2389 -0.783861
46.2404 -0.756557
46.2419 -0.729072
46.2434 -0.701405
46.2449 -0.673556
46.2464 -0.645525
46.2479 -0.61731
46.2494 -0.588911
46.2509 -0.560327
46.2524 -0.531559
46.2539 -0.502605
46.2554 -0.473465
46.2569 -0.444139
46.2584 -0.414625
46.2599 -0.384923
46.2614 -0.355034
46.2629 -0.324955
46.2644 -0.294687
46.2659 -0.264229
46.2674 -0.233581
46.2689 -0.202742
46.2704 -0.17171
46.2719 -0.140487
46.2734 -0.109071
46.2749 -0.0774622
46.2764 -0.0456591
46.2779 -0.0136617
46.2794 0.0185308
46.2809 0.0509187
46.2824 0.0835028
46.2839 0.116283
46.2854 0.149261
46.2869 0.182437
46.2884 0.215811
46.2899 0.249384
46.2914 0.283157
46.2929 0.317129
46.2944 0.351302
46.2959 0.385676
46.2974 0.420252
46.2989 0.455031
46.3004 0.490012
46.3019 0.525197
46.3034 0.560586
46.3049 0.596179
46.3064 0.631977
46.3079 0.667982
46.3094 0.704192
46.3109 0.74061
46.3124 0.777235
46.3139 0.814068
46.3154 0.85111
46.3169 0.888361
46.3184 0.925821
46.3199 0.963493
46.3214 1.00137
46.3229 1.03947
46.3244 1.07777
46.3259 1.11629
46.3274 1.15502
46.3289 1.19397
46.3304 1.23313
46.3319 1.2725
46.3334 1.31209
46.3349 1.3519
46.3364 1.39193
46.3379 1.43217
46.3394 1.47263
46.3409 1.5133
46.3424 1.5542
46.3439 1.59532
46.3454 1.63665
46.3469 1.67821
46.3484 1.71999
46.3499 1.76199
46.3514 1.80421
46.3529 1.84666
46.3544 1.88933
46.3559 1.93223
46.3574 1.97535
46.3589 2.01869
46.3604 2.06227
46.3619 2.10606
46.3634 2.15009
46.3649 2.19435
46.3664 2.23883
46.3679 2.28354
46.3694 2.32848
46.3709 2.37366
46.3724 2.41906
46.3739 2.4647
46.3754 2.51057
46.3769 2.55667
46.3784 2.603
46.3799 2.64957
46.3814 2.69637
46.3829 2.74341
46.3844 2.79068
46.3859 2.83819
46.3874 2.88594
46.3889 2.93393
46.3904 2.98215
46.3919 3.03061
46.3934 3.07932
46.3949 3.12826
46.3964 3.17744
46.3979 3.22687
46.3994 3.27653
46.401 3.32644
46.4025 3.37659
46.404 3.42699
46.4055 3.47763
46.407 3.52852
46.4085 3.57965
46.41 3.63103
46.4115 3.68265
46.413 3.73452
46.4145 3.78664
46.416 3.83901
46.4175 3.89163
46.419 3.9445
46.4205 3.99762
46.422 4.05099
46.4235 4.10461
46.425 4.15849
46.4265 4.21262
46.428 4.267
46.4295 4.32164
46.431 4.37653
46.4325 4.43168
46.434 4.48708
46.4355 4.54274
46.437 4.59866
46.4385 4.65484
46.44 4.71127
46.4415 4.76797
46.443 4.82492
46.4445 4.88214
46.446 4.93961
46.4475 4.99735
46.449 5.05535
46.4505 5.11362
46.452 5.17215
46.4535 5.23094
46.455 5.29
46.4565 5.34932
46.458 5.40891
46.4595 5.46877
46.461 5.5289
46.4625 5.58929
46.464 5.64995
46.4655 5.71089
46.467 5.77209
46.4685 5.83356
46.47 5.89531
46.4715 5.95733
46.473 6.01962
46.4745 6.08218
46.476 6.14502
46.4775 6.20813
46.479 6.27152
46.4805 6.33519
46.482 6.39913
46.4835 6.46335
46.485 6.52784
46.4865 6.59262
46.488 6.65767
46.4895 6.72301
46.491 6.78863
46.4925 6.85452
46.494 6.9207
46.4955 6.98717
46.497 7.05391
46.4985 7.12094
46.5 7.18825
