8.5 2.61609
8.5015 2.55936
8.503 2.50289
8.5045 2.44669
8.506 2.39075
8.5075 2.33506
8.509 2.27964
8.51051 2.22447
8.51201 2.16956
8.51351 2.11491
8.51501 2.06052
8.51651 2.00638
8.51801 1.9525
8.51951 1.89887
8.52101 1.8455
8.52251 1.79238
8.52401 1.73951
8.52551 1.6869
8.52701 1.63454
8.52851 1.58243
8.53002 1.53057
8.53152 1.47896
8.53302 1.4276
8.53452 1.37649
8.53602 1.32563
8.53752 1.27502
8.53902 1.22465
8.54052 1.17453
8.54202 1.12466
8.54352 1.07503
8.54502 1.02565
8.54652 0.976507
8.54802 0.927611
8.54952 0.878959
8.55103 0.830548
8.55253 0.782379
8.55403 0.734452
8.55553 0.686765
8.55703 0.639318
8.55853 0.592111
8.56003 0.545143
8.56153 0.498412
8.56303 0.45192
8.56453 0.405664
8.56603 0.359645
8.56753 0.313862
8.56903 0.268314
8.57054 0.223001
8.57204 0.177922
8.57354 0.133077
8.57504 0.0884644
8.57654 0.0440843
8.57804 -6.39582e-05
8.57954 -0.043981
8.58104 -0.0876675
8.58254 -0.131124
8.58404 -0.174351
8.58554 -0.217349
8.58704 -0.260119
8.58854 -0.302661
8.59005 -0.344976
8.59155 -0.387064
8.59305 -0.428926
8.59455 -0.470563
8.59605 -0.511976
8.59755 -0.553164
8.59905 -0.594128
8.60055 -0.634869
8.60205 -0.675388
8.60355 -0.715684
8.60505 -0.75576
8.60655 -0.795614
8.60805 -0.835248
8.60955 -0.874663
8.61106 -0.913859
8.61256 -0.952836
8.61406 -0.991595
8.61556 -1.03014
8.61706 -1.06846
8.61856 -1.10657
8.62006 -1.14446
8.62156 -1.18214
8.62306 -1.2196
8.62456 -1.25685
8.62606 -1.29389
8.62756 -1.33071
8.62906 -1.36732
8.63057 -1.40372
8.63207 -1.43991
8.63357 -1.47589
8.63507 -1.51166
8.63657 -1.54721
8.63807 -1.58256
8.63957 -1.6177
8.64107 -1.65264
8.64257 -1.68736
8.64407 -1.72188
8.64557 -1.75619
8.64707 -1.7903
8.64857 -1.8242
8.65008 -1.8579
8.65158 -1.89139
8.65308 -1.92468
8.65458 -1.95777
8.65608 -1.99066
8.65758 -2.02334
8.65908 -2.05582
8.66058 -2.08811
8.66208 -2.12019
8.66358 -2.15207
8.66508 -2.18375
8.66658 -2.21524
8.66808 -2.24653
8.66958 -2.27762
8.67109 -2.30851
8.67259 -2.33921
8.67409 -2.36971
8.67559 -2.40002
8.67709 -2.43013
8.67859 -2.46005
8.68009 -2.48977
8.68159 -2.5193
8.68309 -2.54864
8.68459 -2.57779
8.68609 -2.60674
8.68759 -2.63551
8.68909 -2.66408
8.6906 -2.69247
8.6921 -2.72066
8.6936 -2.74867
8.6951 -2.77649
8.6966 -2.80412
8.6981 -2.83157
8.6996 -2.85882
8.7011 -2.8859
8.7026 -2.91278
8.7041 -2.93948
8.7056 -2.966
8.7071 -2.99234
8.7086 -3.01849
8.71011 -3.04445
8.71161 -3.07024
8.71311 -3.09584
8.71461 -3.12127
8.71611 -3.14651
8.71761 -3.17157
8.71911 -3.19645
8.72061 -3.22116
8.72211 -3.24568
8.72361 -3.27003
8.72511 -3.2942
8.72661 -3.31819
8.72811 -3.342
8.72961 -3.36564
8.73112 -3.38911
8.73262 -3.4124
8.73412 -3.43551
8.73562 -3.45845
8.73712 -3.48122
8.73862 -3.50382
8.74012 -3.52624
8.74162 -3.54849
8.74312 -3.57057
8.74462 -3.59248
8.74612 -3.61422
8.74762 -3.63579
8.74912 -3.65719
8.75063 -3.67842
8.75213 -3.69948
8.75363 -3.72038
8.75513 -3.74111
8.75663 -3.76167
8.75813 -3.78207
8.75963 -3.8023
8.76113 -3.82236
8.76263 -3.84226
8.76413 -3.862
8.76563 -3.88157
8.76713 -3.90098
8.76863 -3.92023
8.77014 -3.93931
8.77164 -3.95824
8.77314 -3.977
8.77464 -3.9956
8.77614 -4.01404
8.77764 -4.03233
8.77914 -4.05045
8.78064 -4.06842
8.78214 -4.08622
8.78364 -4.10387
8.78514 -4.12136
8.78664 -4.1387
8.78814 -4.15588
8.78964 -4.1729
8.79115 -4.18977
8.79265 -4.20649
8.79415 -4.22305
8.79565 -4.23946
8.79715 -4.25571
8.79865 -4.27181
8.80015 -4.28776
8.80165 -4.30356
8.80315 -4.31921
8.80465 -4.3347
8.80615 -4.35005
8.80765 -4.36525
8.80915 -4.38029
8.81066 -4.39519
8.81216 -4.40994
8.81366 -4.42455
8.81516 -4.439
8.81666 -4.45331
8.81816 -4.46748
8.81966 -4.48149
8.82116 -4.49537
8.82266 -4.50909
8.82416 -4.52268
8.82566 -4.53612
8.82716 -4.54941
8.82866 -4.56257
8.83017 -4.57558
8.83167 -4.58845
8.83317 -4.60117
8.83467 -4.61376
8.83617 -4.62621
8.83767 -4.63851
8.83917 -4.65068
8.84067 -4.66271
8.84217 -4.6746
8.84367 -4.68635
8.84517 -4.69796
8.84667 -4.70944
8.84817 -4.72078
8.84967 -4.73199
8.85118 -4.74306
8.85268 -4.75399
8.85418 -4.76479
8.85568 -4.77545
8.85718 -4.78598
8.85868 -4.79638
8.86018 -4.80665
8.86168 -4.81678
8.86318 -4.82678
8.86468 -4.83665
8.86618 -4.84639
8.86768 -4.85599
8.86918 -4.86547
8.87069 -4.87482
8.87219 -4.88404
8.87369 -4.89313
8.87519 -4.90209
8.87669 -4.91092
8.87819 -4.91963
8.87969 -4.92821
8.88119 -4.93667
8.88269 -4.94499
8.88419 -4.9532
8.88569 -4.96127
8.88719 -4.96923
8.88869 -4.97706
8.8902 -4.98476
8.8917 -4.99235
8.8932 -4.99981
8.8947 -5.00714
8.8962 -5.01436
8.8977 -5.02145
8.8992 -5.02843
8.9007 -5.03528
8.9022 -5.04201
8.9037 -5.04863
8.9052 -5.05512
8.9067 -5.0615
8.9082 -5.06776
8.9097 -5.0739
8.91121 -5.07992
8.91271 -5.08583
8.91421 -5.09162
8.91571 -5.09729
8.91721 -5.10285
8.91871 -5.10829
8.92021 -5.11362
8.92171 -5.11884
8.92321 -5.12394
8.92471 -5.12893
8.92621 -5.1338
8.92771 -5.13856
8.92921 -5.14322
8.93072 -5.14775
8.93222 -5.15218
8.93372 -5.1565
8.93522 -5.16071
8.93672 -5.16481
8.93822 -5.16879
8.93972 -5.17267
8.94122 -5.17644
8.94272 -5.18011
8.94422 -5.18366
8.94572 -5.18711
8.94722 -5.19045
8.94872 -5.19369
8.95023 -5.19682
8.95173 -5.19984
8.95323 -5.20276
8.95473 -5.20558
8.95623 -5.20829
8.95773 -5.21089
8.95923 -5.2134
8.96073 -5.2158
8.96223 -5.2181
8.96373 -5.22029
8.96523 -5.22239
8.96673 -5.22438
8.96823 -5.22628
8.96973 -5.22807
8.97124 -5.22976
8.97274 -5.23136
8.97424 -5.23285
8.97574 -5.23425
8.97724 -5.23555
8.97874 -5.23675
8.98024 -5.23785
8.98174 -5.23885
8.98324 -5.23976
8.98474 -5.24058
8.98624 -5.2413
8.98774 -5.24192
8.98924 -5.24245
8.99075 -5.24288
8.99225 -5.24322
8.99375 -5.24346
8.99525 -5.24362
8.99675 -5.24368
8.99825 -5.24364
8.99975 -5.24352
9.00125 -5.2433
9.00275 -5.243
9.00425 -5.2426
9.00575 -5.24211
9.00725 -5.24153
9.00875 -5.24087
9.01026 -5.24011
9.01176 -5.23926
9.01326 -5.23833
9.01476 -5.23731
9.01626 -5.2362
9.01776 -5.23501
9.01926 -5.23372
9.02076 -5.23236
9.02226 -5.2309
9.02376 -5.22936
9.02526 -5.22774
9.02676 -5.22603
9.02826 -5.22423
9.02976 -5.22236
9.03127 -5.2204
9.03277 -5.21835
9.03427 -5.21623
9.03577 -5.21402
9.03727 -5.21173
9.03877 -5.20936
9.04027 -5.2069
9.04177 -5.20437
9.04327 -5.20175
9.04477 -5.19906
9.04627 -5.19629
9.04777 -5.19344
9.04927 -5.1905
9.05078 -5.1875
9.05228 -5.18441
9.05378 -5.18124
9.05528 -5.178
9.05678 -5.17468
9.05828 -5.17129
9.05978 -5.16782
9.06128 -5.16427
9.06278 -5.16065
9.06428 -5.15695
9.06578 -5.15318
9.06728 -5.14934
9.06878 -5.14542
9.07029 -5.14143
9.07179 -5.13736
9.07329 -5.13322
9.07479 -5.12902
9.07629 -5.12473
9.07779 -5.12038
9.07929 -5.11596
9.08079 -5.11146
9.08229 -5.1069
9.08379 -5.10227
9.08529 -5.09756
9.08679 -5.09279
9.08829 -5.08795
9.08979 -5.08304
9.0913 -5.07806
9.0928 -5.07301
9.0943 -5.0679
9.0958 -5.06272
9.0973 -5.05748
9.0988 -5.05216
9.1003 -5.04679
9.1018 -5.04134
9.1033 -5.03583
9.1048 -5.03026
9.1063 -5.02462
9.1078 -5.01892
9.1093 -5.01316
9.11081 -5.00733
9.11231 -5.00144
9.11381 -4.99549
9.11531 -4.98947
9.11681 -4.98339
9.11831 -4.97725
9.11981 -4.97106
9.12131 -4.9648
9.12281 -4.95848
9.12431 -4.9521
9.12581 -4.94566
9.12731 -4.93916
9.12881 -4.9326
9.13032 -4.92598
9.13182 -4.91931
9.13332 -4.91258
9.13482 -4.90579
9.13632 -4.89894
9.13782 -4.89204
9.13932 -4.88508
9.14082 -4.87806
9.14232 -4.87099
9.14382 -4.86386
9.14532 -4.85668
9.14682 -4.84945
9.14832 -4.84216
9.14982 -4.83481
9.15133 -4.82741
9.15283 -4.81996
9.15433 -4.81246
9.15583 -4.8049
9.15733 -4.79729
9.15883 -4.78963
9.16033 -4.78192
9.16183 -4.77416
9.16333 -4.76635
9.16483 -4.75848
9.16633 -4.75057
9.16783 -4.7426
9.16933 -4.73459
9.17084 -4.72653
9.17234 -4.71842
9.17384 -4.71026
9.17534 -4.70205
9.17684 -4.6938
9.17834 -4.68549
9.17984 -4.67715
9.18134 -4.66875
9.18284 -4.66031
9.18434 -4.65182
9.18584 -4.64329
9.18734 -4.63471
9.18884 -4.62608
9.19035 -4.61741
9.19185 -4.6087
9.19335 -4.59994
9.19485 -4.59114
9.19635 -4.5823
9.19785 -4.57341
9.19935 -4.56448
9.20085 -4.55551
9.20235 -4.54649
9.20385 -4.53744
9.20535 -4.52834
9.20685 -4.5192
9.20835 -4.51002
9.20985 -4.5008
9.21136 -4.49154
9.21286 -4.48224
9.21436 -4.4729
9.21586 -4.46353
9.21736 -4.45411
9.21886 -4.44465
9.22036 -4.43516
9.22186 -4.42563
9.22336 -4.41606
9.22486 -4.40646
9.22636 -4.39681
9.22786 -4.38713
9.22936 -4.37742
9.23087 -4.36767
9.23237 -4.35788
9.23387 -4.34806
9.23537 -4.3382
9.23687 -4.32831
9.23837 -4.31838
9.23987 -4.30842
9.24137 -4.29843
9.24287 -4.2884
9.24437 -4.27834
9.24587 -4.26825
9.24737 -4.25812
9.24887 -4.24797
9.25038 -4.23778
9.25188 -4.22756
9.25338 -4.2173
9.25488 -4.20702
9.25638 -4.19671
9.25788 -4.18636
9.25938 -4.17599
9.26088 -4.16558
9.26238 -4.15515
9.26388 -4.14469
9.26538 -4.1342
9.26688 -4.12368
9.26838 -4.11313
9.26988 -4.10256
9.27139 -4.09195
9.27289 -4.08132
9.27439 -4.07066
9.27589 -4.05998
9.27739 -4.04927
9.27889 -4.03853
9.28039 -4.02777
9.28189 -4.01698
9.28339 -4.00617
9.28489 -3.99533
9.28639 -3.98447
9.28789 -3.97358
9.28939 -3.96267
9.2909 -3.95174
9.2924 -3.94078
9.2939 -3.9298
9.2954 -3.91879
9.2969 -3.90777
9.2984 -3.89672
9.2999 -3.88564
9.3014 -3.87455
9.3029 -3.86344
9.3044 -3.8523
9.3059 -3.84115
9.3074 -3.82997
9.3089 -3.81877
9.31041 -3.80756
9.31191 -3.79632
9.31341 -3.78506
9.31491 -3.77379
9.31641 -3.76249
9.31791 -3.75118
9.31941 -3.73985
9.32091 -3.7285
9.32241 -3.71713
9.32391 -3.70575
9.32541 -3.69435
9.32691 -3.68293
9.32841 -3.67149
9.32991 -3.66004
9.33142 -3.64857
9.33292 -3.63709
9.33442 -3.62559
9.33592 -3.61408
9.33742 -3.60255
9.33892 -3.591
9.34042 -3.57944
9.34192 -3.56787
9.34342 -3.55629
9.34492 -3.54469
9.34642 -3.53307
9.34792 -3.52145
9.34942 -3.50981
9.35093 -3.49815
9.35243 -3.48649
9.35393 -3.47481
9.35543 -3.46313
9.35693 -3.45143
9.35843 -3.43971
9.35993 -3.42799
9.36143 -3.41626
9.36293 -3.40452
9.36443 -3.39276
9.36593 -3.381
9.36743 -3.36923
9.36893 -3.35745
9.37044 -3.34565
9.37194 -3.33385
9.37344 -3.32205
9.37494 -3.31023
9.37644 -3.2984
9.37794 -3.28657
9.37944 -3.27473
9.38094 -3.26288
9.38244 -3.25103
9.38394 -3.23916
9.38544 -3.22729
9.38694 -3.21542
9.38844 -3.20354
9.38994 -3.19165
9.39145 -3.17976
9.39295 -3.16786
9.39445 -3.15596
9.39595 -3.14405
9.39745 -3.13214
9.39895 -3.12022
9.40045 -3.1083
9.40195 -3.09638
9.40345 -3.08445
9.40495 -3.07252
9.40645 -3.06058
9.40795 -3.04864
9.40945 -3.0367
9.41096 -3.02476
9.41246 -3.01282
9.41396 -3.00087
9.41546 -2.98892
9.41696 -2.97697
9.41846 -2.96502
9.41996 -2.95307
9.42146 -2.94112
9.42296 -2.92916
9.42446 -2.91721
9.42596 -2.90526
9.42746 -2.89331
9.42896 -2.88135
9.43047 -2.8694
9.43197 -2.85745
9.43347 -2.8455
9.43497 -2.83355
9.43647 -2.82161
9.43797 -2.80966
9.43947 -2.79772
9.44097 -2.78578
9.44247 -2.77384
9.44397 -2.76191
9.44547 -2.74998
9.44697 -2.73805
9.44847 -2.72612
9.44997 -2.7142
9.45148 -2.70228
9.45298 -2.69037
9.45448 -2.67846
9.45598 -2.66656
9.45748 -2.65466
9.45898 -2.64277
9.46048 -2.63088
9.46198 -2.61899
9.46348 -2.60712
9.46498 -2.59524
9.46648 -2.58338
9.46798 -2.57152
9.46948 -2.55967
9.47099 -2.54782
9.47249 -2.53598
9.47399 -2.52415
9.47549 -2.51233
9.47699 -2.50051
9.47849 -2.4887
9.47999 -2.4769
9.48149 -2.46511
9.48299 -2.45333
9.48449 -2.44155
9.48599 -2.42979
9.48749 -2.41803
9.48899 -2.40628
9.4905 -2.39455
9.492 -2.38282
9.4935 -2.3711
9.495 -2.3594
9.4965 -2.3477
9.498 -2.33601
9.4995 -2.32434
9.501 -2.31267
9.5025 -2.30102
9.504 -2.28938
9.5055 -2.27775
9.507 -2.26613
9.5085 -2.25452
9.51001 -2.24293
9.51151 -2.23135
9.51301 -2.21978
9.51451 -2.20823
9.51601 -2.19668
9.51751 -2.18515
9.51901 -2.17364
9.52051 -2.16214
9.52201 -2.15065
9.52351 -2.13917
9.52501 -2.12771
9.52651 -2.11627
9.52801 -2.10484
9.52951 -2.09342
9.53102 -2.08202
9.53252 -2.07064
9.53402 -2.05927
9.53552 -2.04791
9.53702 -2.03657
9.53852 -2.02525
9.54002 -2.01394
9.54152 -2.00265
9.54302 -1.99138
9.54452 -1.98012
9.54602 -1.96888
9.54752 -1.95766
9.54902 -1.94645
9.55053 -1.93527
9.55203 -1.9241
9.55353 -1.91294
9.55503 -1.90181
9.55653 -1.89069
9.55803 -1.8796
9.55953 -1.86852
9.56103 -1.85746
9.56253 -1.84641
9.56403 -1.83539
9.56553 -1.82439
9.56703 -1.81341
9.56853 -1.80244
9.57004 -1.7915
9.57154 -1.78057
9.57304 -1.76967
9.57454 -1.75879
9.57604 -1.74793
9.57754 -1.73708
9.57904 -1.72626
9.58054 -1.71546
9.58204 -1.70468
9.58354 -1.69393
9.58504 -1.68319
9.58654 -1.67248
9.58804 -1.66179
9.58954 -1.65112
9.59105 -1.64047
9.59255 -1.62984
9.59405 -1.61924
9.59555 -1.60866
9.59705 -1.5981
9.59855 -1.58757
9.60005 -1.57706
9.60155 -1.56657
9.60305 -1.55611
9.60455 -1.54567
9.60605 -1.53525
9.60755 -1.52486
9.60905 -1.5145
9.61056 -1.50415
9.61206 -1.49383
9.61356 -1.48354
9.61506 -1.47327
9.61656 -1.46303
9.61806 -1.45281
9.61956 -1.44262
9.62106 -1.43245
9.62256 -1.42231
9.62406 -1.41219
9.62556 -1.4021
9.62706 -1.39204
9.62856 -1.382
9.63007 -1.37199
9.63157 -1.36201
9.63307 -1.35205
9.63457 -1.34212
9.63607 -1.33221
9.63757 -1.32234
9.63907 -1.31249
9.64057 -1.30267
9.64207 -1.29287
9.64357 -1.2831
9.64507 -1.27337
9.64657 -1.26366
9.64807 -1.25397
9.64957 -1.24432
9.65108 -1.2347
9.65258 -1.2251
9.65408 -1.21553
9.65558 -1.20599
9.65708 -1.19648
9.65858 -1.187
9.66008 -1.17755
9.66158 -1.16813
9.66308 -1.15874
9.66458 -1.14938
9.66608 -1.14004
9.66758 -1.13074
9.66908 -1.12147
9.67059 -1.11223
9.67209 -1.10302
9.67359 -1.09384
9.67509 -1.08469
9.67659 -1.07557
9.67809 -1.06648
9.67959 -1.05742
9.68109 -1.0484
9.68259 -1.03941
9.68409 -1.03044
9.68559 -1.02151
9.68709 -1.01261
9.68859 -1.00375
9.6901 -0.994911
9.6916 -0.986109
9.6931 -0.977338
9.6946 -0.9686
9.6961 -0.959895
9.6976 -0.951222
9.6991 -0.942582
9.7006 -0.933975
9.7021 -0.925401
9.7036 -0.91686
9.7051 -0.908353
9.7066 -0.899879
9.7081 -0.891438
9.7096 -0.883031
9.71111 -0.874658
9.71261 -0.866319
9.71411 -0.858014
9.71561 -0.849743
9.71711 -0.841506
9.71861 -0.833304
9.72011 -0.825136
9.72161 -0.817003
9.72311 -0.808904
9.72461 -0.80084
9.72611 -0.792812
9.72761 -0.784818
9.72911 -0.776859
9.73062 -0.768936
9.73212 -0.761048
9.73362 -0.753196
9.73512 -0.745379
9.73662 -0.737598
9.73812 -0.729853
9.73962 -0.722143
9.74112 -0.71447
9.74262 -0.706833
9.74412 -0.699232
9.74562 -0.691668
9.74712 -0.68414
9.74862 -0.676648
9.75013 -0.669194
9.75163 -0.661776
9.75313 -0.654394
9.75463 -0.64705
9.75613 -0.639743
9.75763 -0.632473
9.75913 -0.625241
9.76063 -0.618046
9.76213 -0.610888
9.76363 -0.603768
9.76513 -0.596685
9.76663 -0.589641
9.76813 -0.582634
9.76963 -0.575665
9.77114 -0.568734
9.77264 -0.561842
9.77414 -0.554987
9.77564 -0.548171
9.77714 -0.541394
9.77864 -0.534655
9.78014 -0.527954
9.78164 -0.521292
9.78314 -0.514669
9.78464 -0.508085
9.78614 -0.50154
9.78764 -0.495034
9.78914 -0.488567
9.79065 -0.48214
9.79215 -0.475751
9.79365 -0.469402
9.79515 -0.463093
9.79665 -0.456823
9.79815 -0.450593
9.79965 -0.444402
9.80115 -0.438252
9.80265 -0.432141
9.80415 -0.42607
9.80565 -0.42004
9.80715 -0.414049
9.80865 -0.408099
9.81016 -0.402189
9.81166 -0.396319
9.81316 -0.39049
9.81466 -0.384702
9.81616 -0.378954
9.81766 -0.373247
9.81916 -0.36758
9.82066 -0.361954
9.82216 -0.35637
9.82366 -0.350826
9.82516 -0.345323
9.82666 -0.339862
9.82816 -0.334442
9.82966 -0.329063
9.83117 -0.323725
9.83267 -0.318429
9.83417 -0.313174
9.83567 -0.307961
9.83717 -0.302789
9.83867 -0.297659
9.84017 -0.292571
9.84167 -0.287525
9.84317 -0.28252
9.84467 -0.277558
9.84617 -0.272637
9.84767 -0.267759
9.84917 -0.262923
9.85068 -0.258128
9.85218 -0.253377
9.85368 -0.248667
9.85518 -0.244
9.85668 -0.239376
9.85818 -0.234793
9.85968 -0.230254
9.86118 -0.225757
9.86268 -0.221303
9.86418 -0.216891
9.86568 -0.212523
9.86718 -0.208197
9.86868 -0.203914
9.87019 -0.199674
9.87169 -0.195477
9.87319 -0.191323
9.87469 -0.187212
9.87619 -0.183145
9.87769 -0.17912
9.87919 -0.175139
9.88069 -0.171201
9.88219 -0.167307
9.88369 -0.163456
9.88519 -0.159648
9.88669 -0.155884
9.88819 -0.152164
9.88969 -0.148487
9.8912 -0.144854
9.8927 -0.141264
9.8942 -0.137718
9.8957 -0.134216
9.8972 -0.130758
9.8987 -0.127344
9.9002 -0.123974
9.9017 -0.120647
9.9032 -0.117365
9.9047 -0.114126
9.9062 -0.110932
9.9077 -0.107782
9.9092 -0.104676
9.91071 -0.101614
9.91221 -0.0985962
9.91371 -0.0956228
9.91521 -0.0926938
9.91671 -0.089809
9.91821 -0.0869687
9.91971 -0.0841727
9.92121 -0.0814212
9.92271 -0.0787141
9.92421 -0.0760515
9.92571 -0.0734335
9.92721 -0.07086
9.92871 -0.0683311
9.93022 -0.0658469
9.93172 -0.0634073
9.93322 -0.0610123
9.93472 -0.0586621
9.93622 -0.0563566
9.93772 -0.0540959
9.93922 -0.05188
9.94072 -0.0497088
9.94222 -0.0475825
9.94372 -0.0455011
9.94522 -0.0434646
9.94672 -0.0414729
9.94822 -0.0395262
9.94972 -0.0376244
9.95123 -0.0357676
9.95273 -0.0339558
9.95423 -0.0321891
9.95573 -0.0304673
9.95723 -0.0287906
9.95873 -0.0271589
9.96023 -0.0255724
9.96173 -0.0240309
9.96323 -0.0225346
9.96473 -0.0210834
9.96623 -0.0196773
9.96773 -0.0183164
9.96923 -0.0170007
9.97074 -0.0157301
9.97224 -0.0145048
9.97374 -0.0133247
9.97524 -0.0121898
9.97674 -0.0111001
9.97824 -0.0100557
9.97974 -0.00905648
9.98124 -0.00810256
9.98274 -0.00719391
9.98424 -0.00633054
9.98574 -0.00551245
9.98724 -0.00473965
9.98874 -0.00401214
9.99025 -0.00332993
9.99175 -0.00269303
9.99325 -0.00210143
9.99475 -0.00155515
9.99625 -0.00105418
9.99775 -0.000598518
9.99925 -0.000188177
10.0008 0.000176848
10.0023 0.000496555
10.0038 0.000770946
10.0053 0.00100002
10.0068 0.00118379
10.0083 0.00132224
10.0098 0.00141538
10.0113 0.00146322
10.0128 0.00146577
10.0143 0.00142301
10.0158 0.00133497
10.0173 0.00120165
10.0188 0.00102305
10.0203 0.000799176
10.0218 0.000530046
10.0233 0.000215663
10.0248 -0.000143962
10.0263 -0.000548821
10.0278 -0.000998902
10.0293 -0.00149419
10.0308 -0.00203469
10.0323 -0.00262037
10.0338 -0.00325122
10.0353 -0.00392724
10.0368 -0.0046484
10.0383 -0.00541469
10.0398 -0.0062261
10.0413 -0.00708261
10.0428 -0.00798421
10.0443 -0.00893087
10.0458 -0.00992258
10.0473 -0.0109593
10.0488 -0.0120411
10.0503 -0.0131678
10.0518 -0.0143395
10.0533 -0.0155562
10.0548 -0.0168178
10.0563 -0.0181243
10.0578 -0.0194757
10.0593 -0.0208719
10.0608 -0.022313
10.0623 -0.0237989
10.0638 -0.0253296
10.0653 -0.026905
10.0668 -0.0285252
10.0683 -0.0301901
10.0698 -0.0318996
10.0713 -0.0336538
10.0728 -0.0354527
10.0743 -0.0372961
10.0758 -0.0391841
10.0773 -0.0411166
10.0788 -0.0430936
10.0803 -0.0451151
10.0818 -0.047181
10.0833 -0.0492913
10.0848 -0.051446
10.0863 -0.0536451
10.0878 -0.0558884
10.0893 -0.058176
10.0908 -0.0605078
10.0923 -0.0628838
10.0938 -0.0653039
10.0953 -0.0677682
10.0968 -0.0702765
10.0983 -0.0728289
10.0998 -0.0754253
10.1013 -0.0780656
10.1028 -0.0807499
10.1043 -0.083478
10.1058 -0.0862499
10.1073 -0.0890656
10.1088 -0.0919251
10.1103 -0.0948283
10.1118 -0.0977751
10.1133 -0.100766
10.1148 -0.1038
10.1163 -0.106877
10.1178 -0.109998
10.1193 -0.113162
10.1208 -0.11637
10.1223 -0.119621
10.1238 -0.122916
10.1253 -0.126253
10.1268 -0.129634
10.1283 -0.133058
10.1298 -0.136525
10.1313 -0.140035
10.1328 -0.143587
10.1343 -0.147183
10.1358 -0.150822
10.1373 -0.154503
10.1388 -0.158228
10.1403 -0.161994
10.1418 -0.165804
10.1433 -0.169656
10.1448 -0.173551
10.1463 -0.177488
10.1478 -0.181467
10.1493 -0.185489
10.1508 -0.189553
10.1523 -0.193659
10.1538 -0.197807
10.1553 -0.201998
10.1568 -0.20623
10.1583 -0.210504
10.1598 -0.214821
10.1613 -0.219179
10.1628 -0.223579
10.1643 -0.22802
10.1658 -0.232503
10.1673 -0.237028
10.1688 -0.241594
10.1703 -0.246202
10.1718 -0.250851
10.1733 -0.255541
10.1748 -0.260273
10.1763 -0.265045
10.1778 -0.269859
10.1793 -0.274714
10.1808 -0.279609
10.1823 -0.284546
10.1838 -0.289523
10.1853 -0.294541
10.1868 -0.299599
10.1883 -0.304698
10.1898 -0.309838
10.1913 -0.315018
10.1928 -0.320238
10.1943 -0.325498
10.1958 -0.330799
10.1973 -0.33614
10.1988 -0.34152
10.2004 -0.346941
10.2019 -0.352401
10.2034 -0.357902
10.2049 -0.363441
10.2064 -0.369021
10.2079 -0.37464
10.2094 -0.380298
10.2109 -0.385995
10.2124 -0.391732
10.2139 -0.397508
10.2154 -0.403323
10.2169 -0.409177
10.2184 -0.41507
10.2199 -0.421002
10.2214 -0.426972
10.2229 -0.432981
10.2244 -0.439029
10.2259 -0.445115
10.2274 -0.451239
10.2289 -0.457402
10.2304 -0.463603
10.2319 -0.469841
10.2334 -0.476118
10.2349 -0.482433
10.2364 -0.488785
10.2379 -0.495175
10.2394 -0.501603
10.2409 -0.508068
10.2424 -0.514571
10.2439 -0.52111
10.2454 -0.527687
10.2469 -0.534301
10.2484 -0.540953
10.2499 -0.54764
10.2514 -0.554365
10.2529 -0.561127
10.2544 -0.567924
10.2559 -0.574759
10.2574 -0.58163
10.2589 -0.588537
10.2604 -0.59548
10.2619 -0.602459
10.2634 -0.609474
10.2649 -0.616525
10.2664 -0.623612
10.2679 -0.630734
10.2694 -0.637892
10.2709 -0.645085
10.2724 -0.652314
10.2739 -0.659578
10.2754 -0.666876
10.2769 -0.67421
10.2784 -0.681579
10.2799 -0.688982
10.2814 -0.69642
10.2829 -0.703892
10.2844 -0.711399
10.2859 -0.71894
10.2874 -0.726515
10.2889 -0.734124
10.2904 -0.741767
10.2919 -0.749444
10.2934 -0.757154
10.2949 -0.764898
10.2964 -0.772676
10.2979 -0.780486
10.2994 -0.78833
10.3009 -0.796207
10.3024 -0.804117
10.3039 -0.81206
10.3054 -0.820035
10.3069 -0.828043
10.3084 -0.836084
10.3099 -0.844156
10.3114 -0.852261
10.3129 -0.860398
10.3144 -0.868567
10.3159 -0.876768
10.3174 -0.885
10.3189 -0.893264
10.3204 -0.901559
10.3219 -0.909886
10.3234 -0.918244
10.3249 -0.926632
10.3264 -0.935052
10.3279 -0.943502
10.3294 -0.951983
10.3309 -0.960495
10.3324 -0.969036
10.3339 -0.977608
10.3354 -0.986211
10.3369 -0.994843
10.3384 -1.0035
10.3399 -1.0122
10.3414 -1.02092
10.3429 -1.02967
10.3444 -1.03845
10.3459 -1.04726
10.3474 -1.05609
10.3489 -1.06496
10.3504 -1.07385
10.3519 -1.08278
10.3534 -1.09173
10.3549 -1.10071
10.3564 -1.10972
10.3579 -1.11875
10.3594 -1.12782
10.3609 -1.13691
10.3624 -1.14603
10.3639 -1.15518
10.3654 -1.16435
10.3669 -1.17355
10.3684 -1.18278
10.3699 -1.19203
10.3714 -1.20131
10.3729 -1.21062
10.3744 -1.21996
10.3759 -1.22932
10.3774 -1.2387
10.3789 -1.24811
10.3804 -1.25755
10.3819 -1.26701
10.3834 -1.2765
10.3849 -1.28602
10.3864 -1.29555
10.3879 -1.30512
10.3894 -1.31471
10.3909 -1.32432
10.3924 -1.33396
10.3939 -1.34362
10.3954 -1.3533
10.3969 -1.36301
10.3984 -1.37275
10.3999 -1.3825
10.4015 -1.39228
10.403 -1.40209
10.4045 -1.41191
10.406 -1.42176
10.4075 -1.43163
10.409 -1.44153
10.4105 -1.45145
10.412 -1.46139
10.4135 -1.47135
10.415 -1.48133
10.4165 -1.49134
10.418 -1.50137
10.4195 -1.51141
10.421 -1.52148
10.4225 -1.53157
10.424 -1.54169
10.4255 -1.55182
10.427 -1.56197
10.4285 -1.57215
10.43 -1.58234
10.4315 -1.59255
10.433 -1.60279
10.4345 -1.61304
10.436 -1.62331
10.4375 -1.63361
10.439 -1.64392
10.4405 -1.65425
10.442 -1.6646
10.4435 -1.67496
10.445 -1.68535
10.4465 -1.69575
10.448 -1.70618
10.4495 -1.71662
10.451 -1.72707
10.4525 -1.73755
10.454 -1.74804
10.4555 -1.75855
10.457 -1.76908
10.4585 -1.77962
10.46 -1.79018
10.4615 -1.80076
10.463 -1.81135
10.4645 -1.82196
10.466 -1.83258
10.4675 -1.84323
10.469 -1.85388
10.4705 -1.86455
10.472 -1.87524
10.4735 -1.88594
10.475 -1.89665
10.4765 -1.90738
10.478 -1.91813
10.4795 -1.92889
10.481 -1.93966
10.4825 -1.95044
10.484 -1.96124
10.4855 -1.97205
10.487 -1.98288
10.4885 -1.99372
10.49 -2.00457
10.4915 -2.01543
10.493 -2.02631
10.4945 -2.0372
10.496 -2.0481
10.4975 -2.05901
10.499 -2.06993
10.5005 -2.08087
10.502 -2.09181
10.5035 -2.10277
10.505 -2.11373
10.5065 -2.12471
10.508 -2.1357
10.5095 -2.1467
10.511 -2.1577
10.5125 -2.16872
10.514 -2.17975
10.5155 -2.19078
10.517 -2.20183
10.5185 -2.21288
10.52 -2.22394
10.5215 -2.23501
10.523 -2.24609
10.5245 -2.25718
10.526 -2.26827
10.5275 -2.27937
10.529 -2.29048
10.5305 -2.3016
10.532 -2.31272
10.5335 -2.32385
10.535 -2.33498
10.5365 -2.34612
10.538 -2.35727
10.5395 -2.36842
10.541 -2.37958
10.5425 -2.39075
10.544 -2.40192
10.5455 -2.41309
10.547 -2.42427
10.5485 -2.43545
10.55 -2.44664
10.5515 -2.45783
10.553 -2.46903
10.5545 -2.48022
10.556 -2.49143
10.5575 -2.50263
10.559 -2.51384
10.5605 -2.52505
10.562 -2.53626
10.5635 -2.54747
10.565 -2.55869
10.5665 -2.56991
10.568 -2.58113
10.5695 -2.59235
10.571 -2.60357
10.5725 -2.61479
10.574 -2.62601
10.5755 -2.63724
10.577 -2.64846
10.5785 -2.65968
10.58 -2.67091
10.5815 -2.68213
10.583 -2.69335
10.5845 -2.70457
10.586 -2.71579
10.5875 -2.727
10.589 -2.73822
10.5905 -2.74943
10.592 -2.76064
10.5935 -2.77185
10.595 -2.78305
10.5965 -2.79425
10.598 -2.80545
10.5995 -2.81665
10.6011 -2.82784
10.6026 -2.83902
10.6041 -2.85021
10.6056 -2.86138
10.6071 -2.87256
10.6086 -2.88372
10.6101 -2.89489
10.6116 -2.90604
10.6131 -2.91719
10.6146 -2.92834
10.6161 -2.93948
10.6176 -2.95061
10.6191 -2.96174
10.6206 -2.97285
10.6221 -2.98396
10.6236 -2.99507
10.6251 -3.00616
10.6266 -3.01725
10.6281 -3.02833
10.6296 -3.0394
10.6311 -3.05046
10.6326 -3.06151
10.6341 -3.07256
10.6356 -3.08359
10.6371 -3.09461
10.6386 -3.10562
10.6401 -3.11663
10.6416 -3.12762
10.6431 -3.1386
10.6446 -3.14957
10.6461 -3.16053
10.6476 -3.17147
10.6491 -3.18241
10.6506 -3.19333
10.6521 -3.20424
10.6536 -3.21514
10.6551 -3.22602
10.6566 -3.23689
10.6581 -3.24775
10.6596 -3.25859
10.6611 -3.26942
10.6626 -3.28023
10.6641 -3.29103
10.6656 -3.30181
10.6671 -3.31258
10.6686 -3.32334
10.6701 -3.33407
10.6716 -3.3448
10.6731 -3.3555
10.6746 -3.36619
10.6761 -3.37686
10.6776 -3.38752
10.6791 -3.39815
10.6806 -3.40877
10.6821 -3.41937
10.6836 -3.42996
10.6851 -3.44052
10.6866 -3.45106
10.6881 -3.46159
10.6896 -3.4721
10.6911 -3.48258
10.6926 -3.49305
10.6941 -3.5035
10.6956 -3.51392
10.6971 -3.52433
10.6986 -3.53471
10.7001 -3.54508
10.7016 -3.55542
10.7031 -3.56574
10.7046 -3.57603
10.7061 -3.58631
10.7076 -3.59656
10.7091 -3.60679
10.7106 -3.61699
10.7121 -3.62717
10.7136 -3.63733
10.7151 -3.64746
10.7166 -3.65757
10.7181 -3.66765
10.7196 -3.67771
10.7211 -3.68774
10.7226 -3.69775
10.7241 -3.70773
10.7256 -3.71769
10.7271 -3.72761
10.7286 -3.73751
10.7301 -3.74739
10.7316 -3.75723
10.7331 -3.76705
10.7346 -3.77684
10.7361 -3.7866
10.7376 -3.79633
10.7391 -3.80604
10.7406 -3.81571
10.7421 -3.82535
10.7436 -3.83497
10.7451 -3.84455
10.7466 -3.8541
10.7481 -3.86363
10.7496 -3.87312
10.7511 -3.88258
10.7526 -3.892
10.7541 -3.9014
10.7556 -3.91076
10.7571 -3.92009
10.7586 -3.92939
10.7601 -3.93865
10.7616 -3.94788
10.7631 -3.95708
10.7646 -3.96624
10.7661 -3.97537
10.7676 -3.98446
10.7691 -3.99352
10.7706 -4.00254
10.7721 -4.01152
10.7736 -4.02047
10.7751 -4.02939
10.7766 -4.03826
10.7781 -4.0471
10.7796 -4.0559
10.7811 -4.06466
10.7826 -4.07339
10.7841 -4.08208
10.7856 -4.09072
10.7871 -4.09933
10.7886 -4.1079
10.7901 -4.11643
10.7916 -4.12492
10.7931 -4.13337
10.7946 -4.14178
10.7961 -4.15015
10.7976 -4.15847
10.7991 -4.16676
10.8007 -4.175
10.8022 -4.1832
10.8037 -4.19136
10.8052 -4.19947
10.8067 -4.20754
10.8082 -4.21557
10.8097 -4.22355
10.8112 -4.23149
10.8127 -4.23938
10.8142 -4.24723
10.8157 -4.25504
10.8172 -4.2628
10.8187 -4.27051
10.8202 -4.27817
10.8217 -4.28579
10.8232 -4.29337
10.8247 -4.30089
10.8262 -4.30837
10.8277 -4.3158
10.8292 -4.32318
10.8307 -4.33051
10.8322 -4.33779
10.8337 -4.34503
10.8352 -4.35221
10.8367 -4.35934
10.8382 -4.36643
10.8397 -4.37346
10.8412 -4.38044
10.8427 -4.38737
10.8442 -4.39425
10.8457 -4.40108
10.8472 -4.40785
10.8487 -4.41457
10.8502 -4.42124
10.8517 -4.42785
10.8532 -4.43441
10.8547 -4.44092
10.8562 -4.44737
10.8577 -4.45377
10.8592 -4.46011
10.8607 -4.46639
10.8622 -4.47262
10.8637 -4.4788
10.8652 -4.48491
10.8667 -4.49097
10.8682 -4.49697
10.8697 -4.50292
10.8712 -4.50881
10.8727 -4.51463
10.8742 -4.5204
10.8757 -4.52611
10.8772 -4.53176
10.8787 -4.53735
10.8802 -4.54288
10.8817 -4.54835
10.8832 -4.55376
10.8847 -4.55911
10.8862 -4.56439
10.8877 -4.56962
10.8892 -4.57478
10.8907 -4.57987
10.8922 -4.58491
10.8937 -4.58988
10.8952 -4.59479
10.8967 -4.59963
10.8982 -4.60441
10.8997 -4.60912
10.9012 -4.61377
10.9027 -4.61835
10.9042 -4.62287
10.9057 -4.62732
10.9072 -4.6317
10.9087 -4.63602
10.9102 -4.64026
10.9117 -4.64444
10.9132 -4.64855
10.9147 -4.6526
10.9162 -4.65657
10.9177 -4.66048
10.9192 -4.66431
10.9207 -4.66807
10.9222 -4.67177
10.9237 -4.67539
10.9252 -4.67894
10.9267 -4.68242
10.9282 -4.68583
10.9297 -4.68916
10.9312 -4.69242
10.9327 -4.69561
10.9342 -4.69873
10.9357 -4.70177
10.9372 -4.70473
10.9387 -4.70763
10.9402 -4.71044
10.9417 -4.71318
10.9432 -4.71585
10.9447 -4.71844
10.9462 -4.72095
10.9477 -4.72338
10.9492 -4.72574
10.9507 -4.72802
10.9522 -4.73022
10.9537 -4.73234
10.9552 -4.73439
10.9567 -4.73635
10.9582 -4.73823
10.9597 -4.74004
10.9612 -4.74176
10.9627 -4.7434
10.9642 -4.74496
10.9657 -4.74644
10.9672 -4.74784
10.9687 -4.74915
10.9702 -4.75038
10.9717 -4.75153
10.9732 -4.75259
10.9747 -4.75357
10.9762 -4.75447
10.9777 -4.75528
10.9792 -4.756
10.9807 -4.75664
10.9822 -4.75719
10.9837 -4.75766
10.9852 -4.75803
10.9867 -4.75832
10.9882 -4.75853
10.9897 -4.75864
10.9912 -4.75867
10.9927 -4.75861
10.9942 -4.75845
10.9957 -4.75821
10.9972 -4.75788
10.9987 -4.75746
11.0003 -4.75694
11.0018 -4.75634
11.0033 -4.75564
11.0048 -4.75485
11.0063 -4.75397
11.0078 -4.75299
11.0093 -4.75192
11.0108 -4.75076
11.0123 -4.7495
11.0138 -4.74815
11.0153 -4.7467
11.0168 -4.74516
11.0183 -4.74352
11.0198 -4.74178
11.0213 -4.73995
11.0228 -4.73802
11.0243 -4.73599
11.0258 -4.73386
11.0273 -4.73164
11.0288 -4.72931
11.0303 -4.72689
11.0318 -4.72437
11.0333 -4.72175
11.0348 -4.71902
11.0363 -4.7162
11.0378 -4.71327
11.0393 -4.71024
11.0408 -4.70711
11.0423 -4.70388
11.0438 -4.70054
11.0453 -4.6971
11.0468 -4.69355
11.0483 -4.6899
11.0498 -4.68615
11.0513 -4.68229
11.0528 -4.67832
11.0543 -4.67425
11.0558 -4.67007
11.0573 -4.66579
11.0588 -4.6614
11.0603 -4.65689
11.0618 -4.65228
11.0633 -4.64757
11.0648 -4.64274
11.0663 -4.6378
11.0678 -4.63275
11.0693 -4.62759
11.0708 -4.62233
11.0723 -4.61694
11.0738 -4.61145
11.0753 -4.60585
11.0768 -4.60013
11.0783 -4.5943
11.0798 -4.58835
11.0813 -4.58229
11.0828 -4.57612
11.0843 -4.56983
11.0858 -4.56343
11.0873 -4.55691
11.0888 -4.55027
11.0903 -4.54352
11.0918 -4.53665
11.0933 -4.52966
11.0948 -4.52255
11.0963 -4.51533
11.0978 -4.50798
11.0993 -4.50052
11.1008 -4.49294
11.1023 -4.48523
11.1038 -4.47741
11.1053 -4.46946
11.1068 -4.46139
11.1083 -4.4532
11.1098 -4.44489
11.1113 -4.43646
11.1128 -4.4279
11.1143 -4.41921
11.1158 -4.41041
11.1173 -4.40147
11.1188 -4.39242
11.1203 -4.38323
11.1218 -4.37392
11.1233 -4.36448
11.1248 -4.35492
11.1263 -4.34523
11.1278 -4.33541
11.1293 -4.32546
11.1308 -4.31538
11.1323 -4.30517
11.1338 -4.29483
11.1353 -4.28437
11.1368 -4.27377
11.1383 -4.26304
11.1398 -4.25217
11.1413 -4.24118
11.1428 -4.23005
11.1443 -4.21879
11.1458 -4.2074
11.1473 -4.19587
11.1488 -4.1842
11.1503 -4.1724
11.1518 -4.16047
11.1533 -4.1484
11.1548 -4.13619
11.1563 -4.12385
11.1578 -4.11137
11.1593 -4.09875
11.1608 -4.08599
11.1623 -4.07309
11.1638 -4.06005
11.1653 -4.04688
11.1668 -4.03356
11.1683 -4.0201
11.1698 -4.0065
11.1713 -3.99276
11.1728 -3.97888
11.1743 -3.96485
11.1758 -3.95068
11.1773 -3.93637
11.1788 -3.92191
11.1803 -3.90731
11.1818 -3.89256
11.1833 -3.87767
11.1848 -3.86263
11.1863 -3.84744
11.1878 -3.83211
11.1893 -3.81663
11.1908 -3.801
11.1923 -3.78522
11.1938 -3.7693
11.1953 -3.75322
11.1968 -3.73699
11.1983 -3.72062
11.1998 -3.70409
11.2014 -3.68741
11.2029 -3.67058
11.2044 -3.65359
11.2059 -3.63646
11.2074 -3.61916
11.2089 -3.60172
11.2104 -3.58412
11.2119 -3.56637
11.2134 -3.54846
11.2149 -3.53039
11.2164 -3.51217
11.2179 -3.49379
11.2194 -3.47525
11.2209 -3.45656
11.2224 -3.4377
11.2239 -3.41869
11.2254 -3.39952
11.2269 -3.38019
11.2284 -3.36069
11.2299 -3.34104
11.2314 -3.32122
11.2329 -3.30125
11.2344 -3.28111
11.2359 -3.2608
11.2374 -3.24034
11.2389 -3.21971
11.2404 -3.19891
11.2419 -3.17795
11.2434 -3.15682
11.2449 -3.13553
11.2464 -3.11407
11.2479 -3.09245
11.2494 -3.07066
11.2509 -3.04869
11.2524 -3.02656
11.2539 -3.00426
11.2554 -2.9818
11.2569 -2.95916
11.2584 -2.93635
11.2599 -2.91336
11.2614 -2.89021
11.2629 -2.86689
11.2644 -2.84339
11.2659 -2.81972
11.2674 -2.79587
11.2689 -2.77185
11.2704 -2.74766
11.2719 -2.72329
11.2734 -2.69874
11.2749 -2.67402
11.2764 -2.64912
11.2779 -2.62404
11.2794 -2.59879
11.2809 -2.57336
11.2824 -2.54774
11.2839 -2.52195
11.2854 -2.49598
11.2869 -2.46983
11.2884 -2.44349
11.2899 -2.41698
11.2914 -2.39028
11.2929 -2.3634
11.2944 -2.33634
11.2959 -2.30909
11.2974 -2.28166
11.2989 -2.25404
11.3004 -2.22624
11.3019 -2.19825
11.3034 -2.17007
11.3049 -2.14171
11.3064 -2.11316
11.3079 -2.08443
11.3094 -2.0555
11.3109 -2.02638
11.3124 -1.99708
11.3139 -1.96759
11.3154 -1.9379
11.3169 -1.90802
11.3184 -1.87795
11.3199 -1.84769
11.3214 -1.81724
11.3229 -1.78659
11.3244 -1.75575
11.3259 -1.72471
11.3274 -1.69348
11.3289 -1.66205
11.3304 -1.63043
11.3319 -1.59861
11.3334 -1.56659
11.3349 -1.53438
11.3364 -1.50196
11.3379 -1.46935
11.3394 -1.43654
11.3409 -1.40353
11.3424 -1.37031
11.3439 -1.3369
11.3454 -1.30328
11.3469 -1.26947
11.3484 -1.23545
11.3499 -1.20122
11.3514 -1.16679
11.3529 -1.13216
11.3544 -1.09732
11.3559 -1.06228
11.3574 -1.02703
11.3589 -0.991577
11.3604 -0.955914
11.3619 -0.920043
11.3634 -0.883964
11.3649 -0.847676
11.3664 -0.811179
11.3679 -0.774471
11.3694 -0.737553
11.3709 -0.700424
11.3724 -0.663083
11.3739 -0.62553
11.3754 -0.587764
11.3769 -0.549785
11.3784 -0.511591
11.3799 -0.473183
11.3814 -0.43456
11.3829 -0.395722
11.3844 -0.356667
11.3859 -0.317395
11.3874 -0.277906
11.3889 -0.238199
11.3904 -0.198273
11.3919 -0.158128
11.3934 -0.117764
11.3949 -0.0771795
11.3964 -0.0363741
11.3979 0.00465262
11.3994 0.0459013
11.401 0.0873725
11.4025 0.129067
11.404 0.170985
11.4055 0.213127
11.407 0.255494
11.4085 0.298086
11.41 0.340905
11.4115 0.38395
11.413 0.427222
11.4145 0.470722
11.416 0.51445
11.4175 0.558407
11.419 0.602593
11.4205 0.64701
11.422 0.691657
11.4235 0.736535
11.425 0.781646
11.4265 0.826988
11.428 0.872563
11.4295 0.918372
11.431 0.964416
11.4325 1.01069
11.434 1.05721
11.4355 1.10396
11.437 1.15094
11.4385 1.19816
11.44 1.24562
11.4415 1.29332
11.443 1.34126
11.4445 1.38944
11.446 1.43785
11.4475 1.48651
11.449 1.53541
11.4505 1.58455
11.452 1.63393
11.4535 1.68356
11.455 1.73343
11.4565 1.78354
11.458 1.8339
11.4595 1.88451
11.461 1.93535
11.4625 1.98645
11.464 2.0378
11.4655 2.08939
11.467 2.14123
11.4685 2.19332
11.47 2.24565
11.4715 2.29824
11.473 2.35108
11.4745 2.40417
11.476 2.45752
11.4775 2.51111
11.479 2.56496
11.4805 2.61906
11.482 2.67342
11.4835 2.72803
11.485 2.7829
11.4865 2.83802
11.488 2.8934
11.4895 2.94904
11.491 3.00494
11.4925 3.06109
11.494 3.11751
11.4955 3.17418
11.497 3.23112
11.4985 3.28831
11.5 3.34577
