33.5694 0.0182781
33.6241 0.100529
33.6788 0.219337
33.7335 0.658011
33.7882 1.22463
33.843 1.95575
33.8977 2.26648
33.9524 2.36701
34.0071 2.34873
34.0618 2.01059
34.1165 1.46225
34.1712 1.20635
34.2259 0.685428
34.2806 0.484369
34.3353 0.237615
34.3901 0.118808
34.4448 0.118808
34.4995 0.0365562
34.5542 0.0365562
34.6089 0.0365562
34.6636 0.00913904
34.7183 0.00913904
34.773 0.00913904
34.8277 0.0182781
34.8825 0
34.9372 0
34.9919 0
35.0466 0
35.1013 0
35.156 0
35.2107 0
35.2654 0
35.3201 0
35.3748 0.00913904
35.4296 0
35.4843 0.00913904
35.539 0.00913904
35.5937 0.00913904
35.6484 0.0182781
35.7031 0.0274171
35.7578 0.0365562
35.8125 0.0456952
35.8672 0.0731123
35.9219 0.137086
35.9767 0.0365562
36.0314 0.0548342
36.0861 0.0548342
36.1408 0.0456952
36.1955 0.0365562
36.2502 0.0365562
