0 0.124314
0.1 0.128294
0.2 0.138063
0.3 0.148032
0.4 0.162399
0.5 0.180072
0.6 0.203745
0.7 0.201075
0.8 0.198811
0.9 0.201912
1 0.208872
1.1 0.23429
1.2 0.251673
1.3 0.251976
1.4 0.264272
1.5 0.275516
1.6 0.285922
1.7 0.289036
1.8 0.292736
1.9 0.308221
2 0.313813
2.1 0.322315
2.2 0.339019
2.3 0.338653
2.4 0.358227
2.5 0.361426
2.6 0.374185
2.7 0.368354
2.8 0.3753
2.9 0.392728
3 0.392137
3.1 0.403809
3.2 0.400876
3.3 0.415782
3.4 0.415491
3.5 0.424216
3.6 0.415088
3.7 0.411445
3.8 0.430039
3.9 0.428874
4 0.431534
4.1 0.440248
4.2 0.447299
4.3 0.460686
4.4 0.462614
4.5 0.482236
4.6 0.492395
4.7 0.488591
4.8 0.495917
4.9 0.502537
5 0.504773
5.1 0.518066
5.2 0.512225
5.3 0.533112
5.4 0.538735
5.5 0.549887
5.6 0.552898
5.7 0.537982
5.8 0.551531
5.9 0.552987
6 0.564474
6.1 0.56081
6.2 0.560657
6.3 0.591914
6.4 0.6012
6.5 0.598531
6.6 0.600341
6.7 0.613235
6.8 0.606749
6.9 0.608625
7 0.618425
7.1 0.6023
7.2 0.613963
7.3 0.637675
7.4 0.633453
7.5 0.641984
7.6 0.640692
7.7 0.63006
7.8 0.640503
7.9 0.645984
8 0.638844
8.1 0.632191
8.2 0.637064
8.3 0.658897
8.4 0.654115
8.5 0.671438
8.6 0.676737
8.7 0.681022
8.8 0.677985
8.9 0.695023
9 0.700111
9.1 0.700137
9.2 0.709562
9.3 0.699318
9.4 0.707562
9.5 0.708295
9.6 0.702699
9.7 0.728594
9.8 0.721477
9.9 0.736787
10 0.73153
10.1 0.735059
10.2 0.741805
10.3 0.747475
10.4 0.753991
10.5 0.736228
10.6 0.742684
10.7 0.756838
10.8 0.772451
10.9 0.750413
11 0.772354
11.1 0.750238
11.2 0.756924
11.3 0.77366
11.4 0.769148
11.5 0.769317
11.6 0.759688
11.7 0.776374
11.8 0.777543
11.9 0.781162
12 0.807613
12.1 0.777201
12.2 0.792725
12.3 0.778774
12.4 0.815469
12.5 0.80537
12.6 0.795684
12.7 0.800365
12.8 0.801252
12.9 0.823745
13 0.806967
13.1 0.840355
13.2 0.807607
13.3 0.826641
13.4 0.824103
13.5 0.832053
13.6 0.828518
13.7 0.825281
13.8 0.814603
13.9 0.845789
14 0.852086
14.1 0.838128
14.2 0.845048
14.3 0.83297
14.4 0.845913
14.5 0.841287
14.6 0.854781
14.7 0.846258
14.8 0.824467
14.9 0.853584
15 0.836308
15.1 0.846543
15.2 0.8381
15.3 0.851042
15.4 0.860139
15.5 0.832349
15.6 0.855505
15.7 0.847753
15.8 0.853885
15.9 0.865516
16 0.850703
16.1 0.847848
16.2 0.844754
16.3 0.850481
16.4 0.860374
16.5 0.859077
16.6 0.861807
16.7 0.858463
16.8 0.857888
16.9 0.879366
17 0.859973
17.1 0.855773
17.2 0.865746
17.3 0.876198
17.4 0.85979
17.5 0.865691
17.6 0.842472
17.7 0.841144
17.8 0.849034
17.9 0.867697
18 0.864138
18.1 0.870389
18.2 0.853435
18.3 0.854915
18.4 0.861636
18.5 0.858382
18.6 0.862311
18.7 0.852276
18.8 0.871536
18.9 0.863828
19 0.868738
19.1 0.864256
19.2 0.871491
19.3 0.863263
19.4 0.857376
19.5 0.857277
19.6 0.858934
19.7 0.861386
19.8 0.859778
19.9 0.870867
20 0.870203
20.1 0.86607
20.2 0.864437
20.3 0.849088
20.4 0.883672
20.5 0.852215
20.6 0.857794
20.7 0.851008
20.8 0.877396
20.9 0.886653
21 0.873886
21.1 0.862691
21.2 0.846482
21.3 0.856694
21.4 0.858319
21.5 0.839181
21.6 0.874984
21.7 0.874173
21.8 0.862559
21.9 0.856809
22 0.844244
22.1 0.85158
22.2 0.87022
22.3 0.865806
22.4 0.859233
22.5 0.864018
22.6 0.860097
22.7 0.840463
22.8 0.865004
22.9 0.862667
23 0.870836
23.1 0.834173
23.2 0.849933
23.3 0.855394
23.4 0.849916
23.5 0.844059
23.6 0.850738
23.7 0.845892
23.8 0.863399
23.9 0.835403
24 0.833682
24.1 0.867301
24.2 0.858426
24.3 0.851529
24.4 0.851175
24.5 0.83718
24.6 0.86313
24.7 0.820585
24.8 0.83566
24.9 0.844607
25 0.839972
25.1 0.848832
25.2 0.846339
25.3 0.83809
25.4 0.833584
25.5 0.838773
25.6 0.827032
25.7 0.856933
25.8 0.85172
25.9 0.833613
26 0.841546
26.1 0.845703
26.2 0.818555
26.3 0.833408
26.4 0.823321
26.5 0.841991
26.6 0.822036
26.7 0.821363
26.8 0.820317
26.9 0.858875
27 0.81908
27.1 0.820812
27.2 0.843744
27.3 0.828626
27.4 0.831048
27.5 0.836847
27.6 0.820242
27.7 0.853447
27.8 0.837862
27.9 0.83812
28 0.818929
28.1 0.821563
28.2 0.820082
28.3 0.824132
28.4 0.818061
28.5 0.803954
28.6 0.810974
28.7 0.819379
28.8 0.832654
28.9 0.81423
29 0.808227
29.1 0.79546
29.2 0.800102
29.3 0.813451
29.4 0.808186
29.5 0.80988
29.6 0.821491
29.7 0.798272
29.8 0.81665
29.9 0.806871
30 0.807703
30.1 0.81074
30.2 0.795295
30.3 0.790856
30.4 0.789899
30.5 0.802544
30.6 0.810939
30.7 0.813429
30.8 0.807061
30.9 0.790216
31 0.770464
31.1 0.775526
31.2 0.802531
31.3 0.784657
31.4 0.786105
31.5 0.77666
31.6 0.794142
31.7 0.796641
31.8 0.777175
31.9 0.78995
32 0.779514
32.1 0.779722
32.2 0.794268
32.3 0.792683
32.4 0.777024
32.5 0.799249
32.6 0.773215
32.7 0.762782
32.8 0.788492
32.9 0.746182
33 0.75833
33.1 0.758347
33.2 0.768002
33.3 0.755687
33.4 0.764254
33.5 0.769138
33.6 0.769788
33.7 0.739037
33.8 0.746412
33.9 0.746912
34 0.747537
34.1 0.743129
34.2 0.742711
34.3 0.722924
34.4 0.742075
34.5 0.742235
34.6 0.743607
34.7 0.745419
34.8 0.737601
34.9 0.737215
35 0.740189
35.1 0.746375
35.2 0.736328
35.3 0.74295
35.4 0.720832
35.5 0.732095
35.6 0.740767
35.7 0.740301
35.8 0.73284
35.9 0.720359
36 0.720059
36.1 0.730199
36.2 0.726611
36.3 0.727477
36.4 0.722233
36.5 0.705216
36.6 0.715655
36.7 0.711566
36.8 0.715927
36.9 0.71343
37 0.71776
37.1 0.70701
37.2 0.713063
37.3 0.689247
37.4 0.71856
37.5 0.727439
37.6 0.721791
37.7 0.717846
37.8 0.70838
37.9 0.712324
38 0.722947
38.1 0.701971
38.2 0.715013
38.3 0.709295
38.4 0.713041
38.5 0.700332
38.6 0.698944
38.7 0.689567
38.8 0.691468
38.9 0.705297
39 0.688264
39.1 0.70361
39.2 0.689999
39.3 0.700343
39.4 0.70098
39.5 0.692012
39.6 0.677545
39.7 0.666901
39.8 0.681292
39.9 0.657353
40 0.675019
40.1 0.676471
40.2 0.676089
40.3 0.661885
40.4 0.670878
40.5 0.678546
40.6 0.671977
40.7 0.67034
40.8 0.665383
40.9 0.656438
41 0.657768
41.1 0.659706
41.2 0.647733
41.3 0.654152
41.4 0.65021
41.5 0.650241
41.6 0.639045
41.7 0.620729
41.8 0.642618
41.9 0.65279
42 0.644156
42.1 0.627943
42.2 0.630989
42.3 0.632221
42.4 0.64784
42.5 0.637386
42.6 0.645214
42.7 0.632628
42.8 0.62682
42.9 0.64025
43 0.628662
43.1 0.625703
43.2 0.610036
43.3 0.625017
43.4 0.617575
43.5 0.62363
43.6 0.613087
43.7 0.607407
43.8 0.610358
43.9 0.615891
44 0.600275
44.1 0.611313
44.2 0.596406
44.3 0.6029
44.4 0.587948
44.5 0.604892
44.6 0.591255
44.7 0.595269
44.8 0.58399
44.9 0.59537
45 0.564209
45.1 0.571106
45.2 0.560408
45.3 0.556951
45.4 0.560854
45.5 0.565176
45.6 0.55861
45.7 0.559867
45.8 0.570512
45.9 0.570466
46 0.548631
46.1 0.550309
46.2 0.559446
46.3 0.545922
46.4 0.543871
46.5 0.567305
46.6 0.558113
46.7 0.576102
46.8 0.545601
46.9 0.554295
47 0.555813
47.1 0.547172
47.2 0.547258
47.3 0.539605
47.4 0.565411
47.5 0.537122
47.6 0.523438
47.7 0.539348
47.8 0.524603
47.9 0.535567
48 0.537462
48.1 0.547042
48.2 0.534477
48.3 0.537036
48.4 0.518681
48.5 0.520656
48.6 0.515145
48.7 0.524861
48.8 0.524075
48.9 0.527214
49 0.525632
49.1 0.537653
49.2 0.522018
49.3 0.511851
49.4 0.515242
49.5 0.501028
49.6 0.507478
49.7 0.525976
49.8 0.509173
49.9 0.507239
50 0.492595
50.1 0.517782
50.2 0.498413
50.3 0.50364
50.4 0.501122
50.5 0.495068
50.6 0.504872
50.7 0.508554
50.8 0.493491
50.9 0.505521
51 0.508719
51.1 0.493434
51.2 0.492725
51.3 0.494196
51.4 0.484071
51.5 0.501475
51.6 0.499088
51.7 0.498306
51.8 0.501863
51.9 0.508408
52 0.494097
52.1 0.485576
52.2 0.4771
52.3 0.471268
52.4 0.468575
52.5 0.462208
52.6 0.477337
52.7 0.463066
52.8 0.467851
52.9 0.452845
53 0.468084
53.1 0.452793
53.2 0.454529
53.3 0.463751
53.4 0.46802
53.5 0.465688
53.6 0.453052
53.7 0.442437
53.8 0.468168
53.9 0.436852
54 0.442318
54.1 0.449756
54.2 0.451763
54.3 0.446315
54.4 0.448995
54.5 0.458298
54.6 0.440022
54.7 0.430052
54.8 0.435174
54.9 0.439958
55 0.454468
55.1 0.452932
55.2 0.445109
55.3 0.447573
55.4 0.451738
55.5 0.429763
55.6 0.44903
55.7 0.447299
55.8 0.455544
55.9 0.450771
56 0.442699
56.1 0.427972
56.2 0.445636
56.3 0.441255
56.4 0.451076
56.5 0.455178
56.6 0.451465
56.7 0.434697
56.8 0.446775
56.9 0.430184
57 0.423199
57.1 0.43442
57.2 0.439882
57.3 0.436182
57.4 0.42391
57.5 0.42851
57.6 0.422502
57.7 0.429199
57.8 0.426865
57.9 0.421964
58 0.404776
58.1 0.416943
58.2 0.418986
58.3 0.423057
58.4 0.427313
58.5 0.422336
58.6 0.40578
58.7 0.407062
58.8 0.423652
58.9 0.410772
59 0.417971
59.1 0.423766
59.2 0.412466
59.3 0.424496
59.4 0.408676
59.5 0.426688
59.6 0.431661
59.7 0.400145
59.8 0.414177
59.9 0.409472
60 0.411515
60.1 0.389562
60.2 0.401913
60.3 0.425216
60.4 0.408001
60.5 0.422449
60.6 0.415533
60.7 0.408849
60.8 0.403507
60.9 0.407788
61 0.421689
61.1 0.416885
61.2 0.410263
61.3 0.417422
61.4 0.402198
61.5 0.399036
61.6 0.409827
61.7 0.398292
61.8 0.409284
61.9 0.389427
62 0.382478
62.1 0.384665
62.2 0.389602
62.3 0.388428
62.4 0.388601
62.5 0.387487
62.6 0.382204
62.7 0.38495
62.8 0.396611
62.9 0.382298
63 0.385671
63.1 0.387999
63.2 0.397261
63.3 0.388663
63.4 0.387993
63.5 0.378629
63.6 0.374768
63.7 0.375233
63.8 0.369604
63.9 0.365932
64 0.352342
64.1 0.348837
64.2 0.350609
64.3 0.353699
64.4 0.362323
64.5 0.346149
64.6 0.361316
64.7 0.35387
64.8 0.344525
64.9 0.345092
65 0.359268
65.1 0.344832
65.2 0.353338
65.3 0.349483
65.4 0.351102
65.5 0.348148
65.6 0.348453
65.7 0.334163
65.8 0.334132
65.9 0.334208
66 0.347576
66.1 0.342198
66.2 0.336148
66.3 0.334072
66.4 0.330937
66.5 0.332112
66.6 0.34144
66.7 0.332392
66.8 0.333147
66.9 0.339504
67 0.326721
67.1 0.338659
67.2 0.333211
67.3 0.338682
67.4 0.328996
67.5 0.320276
67.6 0.308966
67.7 0.308645
67.8 0.313885
67.9 0.324255
68 0.327331
68.1 0.334376
68.2 0.334424
68.3 0.32539
68.4 0.32951
68.5 0.330794
68.6 0.333398
68.7 0.345679
68.8 0.365328
68.9 0.35172
69 0.334187
69.1 0.344284
69.2 0.364099
69.3 0.344166
69.4 0.327087
69.5 0.333814
69.6 0.326338
69.7 0.324896
69.8 0.305635
69.9 0.319895
70 0.315526
70.1 0.313302
70.2 0.30722
70.3 0.312489
70.4 0.301512
70.5 0.289664
70.6 0.30223
70.7 0.305931
70.8 0.287084
70.9 0.290148
71 0.298149
71.1 0.283388
71.2 0.284155
71.3 0.279871
71.4 0.268376
71.5 0.284197
71.6 0.276995
71.7 0.278095
71.8 0.26447
71.9 0.261258
72 0.265774
72.1 0.26259
72.2 0.259978
72.3 0.260103
72.4 0.255254
72.5 0.244689
72.6 0.265575
72.7 0.251631
72.8 0.266904
72.9 0.262333
73 0.261614
73.1 0.259295
73.2 0.26904
73.3 0.270373
73.4 0.274924
73.5 0.275987
73.6 0.27162
73.7 0.270928
73.8 0.28381
73.9 0.271066
74 0.262043
74.1 0.26287
74.2 0.261945
74.3 0.266589
74.4 0.273789
74.5 0.263684
74.6 0.258
74.7 0.279568
74.8 0.2644
74.9 0.258826
75 0.267826
75.1 0.253728
75.2 0.244505
75.3 0.237531
75.4 0.239577
75.5 0.235113
75.6 0.240516
75.7 0.243582
75.8 0.231736
75.9 0.235826
76 0.235683
76.1 0.234885
76.2 0.225818
76.3 0.241922
76.4 0.240771
76.5 0.247307
76.6 0.241018
76.7 0.236727
76.8 0.243246
76.9 0.243202
77 0.241377
77.1 0.236977
77.2 0.235828
77.3 0.221584
77.4 0.221121
77.5 0.224733
77.6 0.228416
77.7 0.217956
77.8 0.22321
77.9 0.22264
78 0.217831
78.1 0.218759
78.2 0.211346
78.3 0.215143
78.4 0.221217
78.5 0.205961
78.6 0.21187
78.7 0.203715
78.8 0.199633
78.9 0.194127
79 0.185406
79.1 0.191051
79.2 0.191474
79.3 0.192695
79.4 0.179788
79.5 0.182657
79.6 0.177914
79.7 0.17508
79.8 0.169335
79.9 0.173627
80 0.162851
80.1 0.159671
80.2 0.15175
80.3 0.14308
80.4 0.148077
80.5 0.148028
80.6 0.151398
80.7 0.157998
80.8 0.160366
80.9 0.144669
81 0.134446
81.1 0.144588
81.2 0.135118
81.3 0.147207
81.4 0.146706
81.5 0.13561
81.6 0.151833
81.7 0.156306
81.8 0.147834
81.9 0.151504
82 0.14703
82.1 0.144924
82.2 0.146807
82.3 0.146694
82.4 0.134608
82.5 0.143745
82.6 0.142358
82.7 0.132501
82.8 0.132184
82.9 0.13591
83 0.121572
83.1 0.121955
83.2 0.115254
83.3 0.106417
83.4 0.11068
83.5 0.107768
83.6 0.121243
83.7 0.113898
83.8 0.115298
83.9 0.110349
84 0.113589
84.1 0.114064
84.2 0.113399
84.3 0.117572
84.4 0.127957
84.5 0.124704
84.6 0.118997
84.7 0.118954
84.8 0.119352
84.9 0.128685
85 0.122224
85.1 0.122155
85.2 0.124872
85.3 0.115928
85.4 0.120066
85.5 0.123639
85.6 0.100373
85.7 0.105584
85.8 0.11093
85.9 0.103826
86 0.0985951
86.1 0.0956356
86.2 0.0982649
86.3 0.100355
86.4 0.0963011
86.5 0.0992398
86.6 0.105709
86.7 0.103666
86.8 0.103014
86.9 0.0879923
87 0.0852731
87.1 0.0919592
87.2 0.0901472
87.3 0.0847453
87.4 0.0799096
87.5 0.0762926
87.6 0.0828733
87.7 0.090033
87.8 0.08829
87.9 0.0933509
88 0.0872804
88.1 0.0881162
88.2 0.0839787
88.3 0.088812
88.4 0.0895026
88.5 0.0823412
88.6 0.076213
88.7 0.0733834
88.8 0.0703265
88.9 0.0728655
89 0.0694082
89.1 0.072311
89.2 0.07322
89.3 0.0746579
89.4 0.0716811
89.5 0.0701862
89.6 0.0764598
89.7 0.0729611
89.8 0.0766087
89.9 0.0799191
90 0.0743321
90.1 0.0645015
90.2 0.0621168
90.3 0.0587367
90.4 0.0520888
90.5 0.0510594
90.6 0.0547432
90.7 0.054494
90.8 0.0533419
90.9 0.0534435
91 0.0490833
91.1 0.0564467
91.2 0.0621844
91.3 0.0562256
91.4 0.0543448
91.5 0.0571205
91.6 0.0546043
91.7 0.0558888
91.8 0.0542767
91.9 0.0535318
92 0.0539149
92.1 0.0519963
92.2 0.0508182
92.3 0.0542235
92.4 0.0555463
92.5 0.0572041
92.6 0.0537378
92.7 0.0513951
92.8 0.0468024
92.9 0.0471626
93 0.0472168
93.1 0.0508242
93.2 0.050069
93.3 0.0525436
93.4 0.0575416
93.5 0.0586485
93.6 0.0585074
93.7 0.0556357
93.8 0.0578748
93.9 0.0636276
94 0.062034
94.1 0.0578362
94.2 0.0610781
94.3 0.0574679
94.4 0.0607252
94.5 0.068505
94.6 0.0631359
94.7 0.0582614
94.8 0.0591155
94.9 0.0619867
95 0.0511131
95.1 0.0517339
95.2 0.0553937
95.3 0.0553545
95.4 0.0572842
95.5 0.0550894
95.6 0.0523657
95.7 0.0534392
95.8 0.0531638
95.9 0.0540184
96 0.0549561
96.1 0.0512889
96.2 0.0446902
96.3 0.046433
96.4 0.0470272
96.5 0.0426988
96.6 0.0440943
96.7 0.0438985
96.8 0.0457103
96.9 0.047071
97 0.0446475
97.1 0.0436361
97.2 0.0439001
97.3 0.0389072
97.4 0.0428319
97.5 0.0389984
97.6 0.0403303
97.7 0.0450283
97.8 0.0341677
97.9 0.0353294
98 0.0369743
98.1 0.0347913
98.2 0.0344242
98.3 0.0325419
98.4 0.0348476
98.5 0.0408594
98.6 0.0410872
98.7 0.0396004
98.8 0.0379736
98.9 0.0423723
99 0.0395226
99.1 0.0383085
99.2 0.0357946
99.3 0.0399377
99.4 0.0317766
99.5 0.0329007
99.6 0.0336338
99.7 0.0341894
99.8 0.0362238
99.9 0.0387113
100 0.0405724
