0 0.132463
0.1 0.125716
0.2 0.122889
0.3 0.127994
0.4 0.132439
0.5 0.144884
0.6 0.146951
0.7 0.160486
0.8 0.162031
0.9 0.167902
1 0.1764
1.1 0.168809
1.2 0.177499
1.3 0.181857
1.4 0.186915
1.5 0.188929
1.6 0.195217
1.7 0.192169
1.8 0.206419
1.9 0.21666
2 0.201384
2.1 0.217702
2.2 0.226
2.3 0.238914
2.4 0.235114
2.5 0.235374
2.6 0.232094
2.7 0.242748
2.8 0.241451
2.9 0.249333
3 0.260786
3.1 0.25526
3.2 0.257784
3.3 0.245012
3.4 0.241869
3.5 0.256383
3.6 0.250888
3.7 0.26624
3.8 0.257375
3.9 0.269021
4 0.282065
4.1 0.27926
4.2 0.263875
4.3 0.262365
4.4 0.2693
4.5 0.275063
4.6 0.28768
4.7 0.269723
4.8 0.280095
4.9 0.281262
5 0.289666
5.1 0.292278
5.2 0.285902
5.3 0.300081
5.4 0.305853
5.5 0.307051
5.6 0.285542
5.7 0.314053
5.8 0.308392
5.9 0.305545
6 0.307432
6.1 0.305336
6.2 0.301504
6.3 0.307266
6.4 0.317439
6.5 0.314281
6.6 0.306753
6.7 0.310169
6.8 0.331243
6.9 0.315933
7 0.316978
7.1 0.326179
7.2 0.334652
7.3 0.323745
7.4 0.338674
7.5 0.323822
7.6 0.336267
7.7 0.334741
7.8 0.330642
7.9 0.339935
8 0.343872
8.1 0.346774
8.2 0.3545
8.3 0.334591
8.4 0.34605
8.5 0.342902
8.6 0.340715
8.7 0.348106
8.8 0.36319
8.9 0.355029
9 0.360408
9.1 0.36508
9.2 0.369852
9.3 0.370427
9.4 0.371813
9.5 0.359374
9.6 0.356149
9.7 0.35639
9.8 0.353477
9.9 0.355137
10 0.355083
10.1 0.374579
10.2 0.35342
10.3 0.350893
10.4 0.350533
10.5 0.36719
10.6 0.348207
10.7 0.342721
10.8 0.356875
10.9 0.364916
11 0.354063
11.1 0.353356
11.2 0.358829
11.3 0.350711
11.4 0.362829
11.5 0.366146
11.6 0.364899
11.7 0.353523
11.8 0.354138
11.9 0.36585
12 0.370896
12.1 0.365147
12.2 0.365817
12.3 0.36414
12.4 0.350862
12.5 0.36909
12.6 0.385427
12.7 0.376597
12.8 0.387645
12.9 0.382227
13 0.371818
13.1 0.372747
13.2 0.364035
13.3 0.393216
13.4 0.403444
13.5 0.392214
13.6 0.387457
13.7 0.414096
13.8 0.404107
13.9 0.400939
14 0.404217
14.1 0.389711
14.2 0.385222
14.3 0.385762
14.4 0.385311
14.5 0.385515
14.6 0.394931
14.7 0.385004
14.8 0.395328
14.9 0.406972
15 0.389517
15.1 0.387764
15.2 0.380847
15.3 0.382179
15.4 0.403764
15.5 0.39799
15.6 0.396753
15.7 0.388671
15.8 0.391003
15.9 0.397815
16 0.392724
16.1 0.409974
16.2 0.397596
16.3 0.402151
16.4 0.396764
16.5 0.395036
16.6 0.399745
16.7 0.400459
16.8 0.398245
16.9 0.411247
17 0.394755
17.1 0.405324
17.2 0.406309
17.3 0.414041
17.4 0.39776
17.5 0.425339
17.6 0.413208
17.7 0.406594
17.8 0.413582
17.9 0.409917
18 0.42137
18.1 0.434282
18.2 0.442984
18.3 0.434756
18.4 0.42248
18.5 0.422934
18.6 0.434095
18.7 0.425506
18.8 0.429952
18.9 0.438854
19 0.45152
19.1 0.450138
19.2 0.451692
19.3 0.43672
19.4 0.436994
19.5 0.446416
19.6 0.424885
19.7 0.432047
19.8 0.426163
19.9 0.423453
20 0.422243
20.1 0.417998
20.2 0.424227
20.3 0.418689
20.4 0.417359
20.5 0.420177
20.6 0.417204
20.7 0.421814
20.8 0.431839
20.9 0.427967
21 0.427001
21.1 0.43018
21.2 0.441634
21.3 0.445857
21.4 0.44199
21.5 0.448628
21.6 0.436917
21.7 0.463311
21.8 0.439815
21.9 0.450816
22 0.436211
22.1 0.439793
22.2 0.444341
22.3 0.450603
22.4 0.448081
22.5 0.454758
22.6 0.450153
22.7 0.425589
22.8 0.444209
22.9 0.44697
23 0.437718
23.1 0.456186
23.2 0.467499
23.3 0.454686
23.4 0.445848
23.5 0.447788
23.6 0.450994
23.7 0.449883
23.8 0.456525
23.9 0.428686
24 0.45102
24.1 0.455063
24.2 0.446426
24.3 0.443808
24.4 0.464531
24.5 0.45529
24.6 0.459177
24.7 0.457039
24.8 0.456524
24.9 0.464475
25 0.46432
25.1 0.465093
25.2 0.458723
25.3 0.46639
25.4 0.463375
25.5 0.463895
25.6 0.468568
25.7 0.470149
25.8 0.467162
25.9 0.461835
26 0.470055
26.1 0.464161
26.2 0.473675
26.3 0.472915
26.4 0.475315
26.5 0.461642
26.6 0.475129
26.7 0.47984
26.8 0.455488
26.9 0.467354
27 0.458036
27.1 0.469735
27.2 0.45049
27.3 0.468131
27.4 0.461194
27.5 0.457106
27.6 0.461158
27.7 0.457832
27.8 0.467739
27.9 0.476737
28 0.442073
28.1 0.463318
28.2 0.475367
28.3 0.464515
28.4 0.483208
28.5 0.468123
28.6 0.466937
28.7 0.468136
28.8 0.455986
28.9 0.45538
29 0.464733
29.1 0.4553
29.2 0.45982
29.3 0.462823
29.4 0.445315
29.5 0.438453
29.6 0.44666
29.7 0.446571
29.8 0.454612
29.9 0.461123
30 0.45773
30.1 0.453975
30.2 0.462599
30.3 0.469769
30.4 0.465221
30.5 0.463664
30.6 0.460067
30.7 0.462658
30.8 0.461291
30.9 0.463175
31 0.456354
31.1 0.469279
31.2 0.469089
31.3 0.446451
31.4 0.444052
31.5 0.456008
31.6 0.463424
31.7 0.45565
31.8 0.463699
31.9 0.459961
32 0.465949
32.1 0.472012
32.2 0.474684
32.3 0.449646
32.4 0.46679
32.5 0.466455
32.6 0.470957
32.7 0.476184
32.8 0.446727
32.9 0.455946
33 0.439955
33.1 0.446117
33.2 0.44715
33.3 0.449856
33.4 0.45449
33.5 0.443957
33.6 0.453631
33.7 0.462819
33.8 0.459358
33.9 0.45658
34 0.459345
34.1 0.457136
34.2 0.447304
34.3 0.443298
34.4 0.460691
34.5 0.460436
34.6 0.447513
34.7 0.426633
34.8 0.438034
34.9 0.443876
35 0.43916
35.1 0.445227
35.2 0.45329
35.3 0.451638
35.4 0.444125
35.5 0.457093
35.6 0.457365
35.7 0.446607
35.8 0.446771
35.9 0.443967
36 0.448038
36.1 0.45844
36.2 0.445218
36.3 0.443556
36.4 0.427888
36.5 0.435459
36.6 0.437786
36.7 0.44739
36.8 0.432304
36.9 0.438432
37 0.424674
37.1 0.433083
37.2 0.422919
37.3 0.421134
37.4 0.418648
37.5 0.418023
37.6 0.418566
37.7 0.441042
37.8 0.424229
37.9 0.446691
38 0.42469
38.1 0.434224
38.2 0.4394
38.3 0.455889
38.4 0.441646
38.5 0.452802
38.6 0.431992
38.7 0.42997
38.8 0.434109
38.9 0.440586
39 0.443239
39.1 0.440685
39.2 0.445178
39.3 0.454522
39.4 0.450238
39.5 0.437075
39.6 0.429275
39.7 0.432621
39.8 0.45226
39.9 0.436002
40 0.452193
40.1 0.429344
40.2 0.445137
40.3 0.441753
40.4 0.445505
40.5 0.439249
40.6 0.445488
40.7 0.442313
40.8 0.452376
40.9 0.450734
41 0.448261
41.1 0.45463
41.2 0.442066
41.3 0.441488
41.4 0.438106
41.5 0.457834
41.6 0.444029
41.7 0.453229
41.8 0.447747
41.9 0.442497
42 0.444147
42.1 0.459651
42.2 0.463556
42.3 0.470099
42.4 0.458269
42.5 0.453596
42.6 0.45448
42.7 0.457053
42.8 0.45006
42.9 0.453716
43 0.439275
43.1 0.440499
43.2 0.443709
43.3 0.454738
43.4 0.446501
43.5 0.440831
43.6 0.442671
43.7 0.459436
43.8 0.461592
43.9 0.450677
44 0.455375
44.1 0.441375
44.2 0.451254
44.3 0.445502
44.4 0.44199
44.5 0.432717
44.6 0.427576
44.7 0.43501
44.8 0.444177
44.9 0.443124
45 0.429427
45.1 0.425719
45.2 0.425547
45.3 0.438733
45.4 0.444628
45.5 0.442426
45.6 0.450175
45.7 0.458194
45.8 0.430911
45.9 0.43161
46 0.424121
46.1 0.43961
46.2 0.440312
46.3 0.430807
46.4 0.41915
46.5 0.424611
46.6 0.428154
46.7 0.44146
46.8 0.425871
46.9 0.420172
47 0.434978
47.1 0.422827
47.2 0.427861
47.3 0.426913
47.4 0.419343
47.5 0.423962
47.6 0.426721
47.7 0.425618
47.8 0.435179
47.9 0.433497
48 0.435516
48.1 0.431882
48.2 0.43656
48.3 0.422828
48.4 0.422559
48.5 0.442232
48.6 0.424462
48.7 0.441683
48.8 0.449913
48.9 0.453751
49 0.451542
49.1 0.457868
49.2 0.443592
49.3 0.450215
49.4 0.445494
49.5 0.453653
49.6 0.465487
49.7 0.434324
49.8 0.464512
49.9 0.438252
50 0.436958
50.1 0.445297
50.2 0.448901
50.3 0.430691
50.4 0.437362
50.5 0.425269
50.6 0.422306
50.7 0.423201
50.8 0.43454
50.9 0.438943
51 0.437279
51.1 0.440703
51.2 0.441315
51.3 0.437567
51.4 0.435508
51.5 0.438747
51.6 0.438704
51.7 0.442133
51.8 0.432714
51.9 0.423129
52 0.442009
52.1 0.431404
52.2 0.423135
52.3 0.42936
52.4 0.433661
52.5 0.440154
52.6 0.436496
52.7 0.422654
52.8 0.418094
52.9 0.430365
53 0.435637
53.1 0.431747
53.2 0.441081
53.3 0.438589
53.4 0.435546
53.5 0.448221
53.6 0.443948
53.7 0.451533
53.8 0.459779
53.9 0.446729
54 0.442698
54.1 0.461932
54.2 0.43421
54.3 0.420312
54.4 0.426563
54.5 0.425265
54.6 0.426494
54.7 0.438404
54.8 0.412278
54.9 0.434233
55 0.426928
55.1 0.428404
55.2 0.430853
55.3 0.445969
55.4 0.430855
55.5 0.432842
55.6 0.420413
55.7 0.426763
55.8 0.442136
55.9 0.43215
56 0.408437
56.1 0.42183
56.2 0.422627
56.3 0.417672
56.4 0.418066
56.5 0.428083
56.6 0.420702
56.7 0.43302
56.8 0.428972
56.9 0.413575
57 0.415051
57.1 0.397394
57.2 0.433301
57.3 0.404882
57.4 0.420758
57.5 0.415882
57.6 0.416841
57.7 0.415089
57.8 0.420884
57.9 0.415175
58 0.406791
58.1 0.415088
58.2 0.434337
58.3 0.418638
58.4 0.411161
58.5 0.42472
58.6 0.424656
58.7 0.432025
58.8 0.422095
58.9 0.427565
59 0.430559
59.1 0.418225
59.2 0.426449
59.3 0.431906
59.4 0.419487
59.5 0.438715
59.6 0.417119
59.7 0.420788
59.8 0.413187
59.9 0.41739
60 0.411128
60.1 0.410206
60.2 0.399971
60.3 0.412466
60.4 0.391217
60.5 0.402803
60.6 0.385263
60.7 0.392232
60.8 0.407019
60.9 0.401576
61 0.40376
61.1 0.40375
61.2 0.422893
61.3 0.409828
61.4 0.415389
61.5 0.414296
61.6 0.427482
61.7 0.41204
61.8 0.418379
61.9 0.414061
62 0.406879
62.1 0.407208
62.2 0.40024
62.3 0.390609
62.4 0.396822
62.5 0.402451
62.6 0.400191
62.7 0.402569
62.8 0.40013
62.9 0.401078
63 0.39106
63.1 0.400512
63.2 0.413754
63.3 0.395277
63.4 0.401595
63.5 0.420079
63.6 0.421466
63.7 0.410683
63.8 0.413595
63.9 0.410631
64 0.412597
64.1 0.407273
64.2 0.425812
64.3 0.41549
64.4 0.425723
64.5 0.425281
64.6 0.418908
64.7 0.421975
64.8 0.430595
64.9 0.413146
65 0.429461
65.1 0.417494
65.2 0.441685
65.3 0.443457
65.4 0.446819
65.5 0.438858
65.6 0.451959
65.7 0.45494
65.8 0.455193
65.9 0.440954
66 0.423787
66.1 0.431522
66.2 0.431974
66.3 0.430016
66.4 0.430055
66.5 0.444653
66.6 0.427218
66.7 0.427048
66.8 0.425897
66.9 0.416661
67 0.427691
67.1 0.408937
67.2 0.409165
67.3 0.406299
67.4 0.413947
67.5 0.425971
67.6 0.431202
67.7 0.437187
67.8 0.442988
67.9 0.440298
68 0.445215
68.1 0.443848
68.2 0.454638
68.3 0.435178
68.4 0.465211
68.5 0.428497
68.6 0.419968
68.7 0.432107
68.8 0.426647
68.9 0.4279
69 0.421839
69.1 0.433787
69.2 0.425679
69.3 0.421274
69.4 0.430955
69.5 0.429496
69.6 0.430754
69.7 0.433042
69.8 0.433273
69.9 0.430106
70 0.421783
70.1 0.423821
70.2 0.416232
70.3 0.414699
70.4 0.407916
70.5 0.422225
70.6 0.411259
70.7 0.417353
70.8 0.409894
70.9 0.41566
71 0.416659
71.1 0.410541
71.2 0.418027
71.3 0.41811
71.4 0.425208
71.5 0.425328
71.6 0.426457
71.7 0.440201
71.8 0.428668
71.9 0.417195
72 0.437053
72.1 0.441569
72.2 0.433456
72.3 0.439895
72.4 0.433691
72.5 0.435544
72.6 0.430514
72.7 0.408413
72.8 0.414739
72.9 0.422719
73 0.413839
73.1 0.433706
73.2 0.430262
73.3 0.419737
73.4 0.41287
73.5 0.424367
73.6 0.407653
73.7 0.39816
73.8 0.400367
73.9 0.413425
74 0.419532
74.1 0.412819
74.2 0.398882
74.3 0.399803
74.4 0.405558
74.5 0.405115
74.6 0.408939
74.7 0.406185
74.8 0.40444
74.9 0.415545
75 0.407185
75.1 0.425936
75.2 0.433462
75.3 0.41898
75.4 0.416127
75.5 0.418537
75.6 0.427333
75.7 0.415836
75.8 0.413267
75.9 0.420739
76 0.423467
76.1 0.440797
76.2 0.415684
76.3 0.413432
76.4 0.421005
76.5 0.424093
76.6 0.422868
76.7 0.412207
76.8 0.41276
76.9 0.424548
77 0.43801
77.1 0.434276
77.2 0.428609
77.3 0.439798
77.4 0.432287
77.5 0.43863
77.6 0.454356
77.7 0.457885
77.8 0.435364
77.9 0.440883
78 0.461821
78.1 0.443288
78.2 0.456502
78.3 0.466304
78.4 0.440466
78.5 0.464175
78.6 0.447854
78.7 0.459592
78.8 0.450917
78.9 0.454004
79 0.455744
79.1 0.447084
79.2 0.45946
79.3 0.477069
79.4 0.457488
79.5 0.447008
79.6 0.46082
79.7 0.448308
79.8 0.47281
79.9 0.448356
80 0.452983
80.1 0.456413
80.2 0.457943
80.3 0.46847
80.4 0.453124
80.5 0.448126
80.6 0.450565
80.7 0.443067
80.8 0.457858
80.9 0.461294
81 0.452883
81.1 0.457185
81.2 0.446395
81.3 0.437496
81.4 0.442885
81.5 0.461931
81.6 0.444511
81.7 0.462517
81.8 0.467719
81.9 0.461658
82 0.461134
82.1 0.453623
82.2 0.455827
82.3 0.455258
82.4 0.454848
82.5 0.454326
82.6 0.450022
82.7 0.45053
82.8 0.45009
82.9 0.44906
83 0.463223
83.1 0.462651
83.2 0.460321
83.3 0.467552
83.4 0.471074
83.5 0.473277
83.6 0.467715
83.7 0.457318
83.8 0.476861
83.9 0.473003
84 0.474431
84.1 0.461363
84.2 0.471002
84.3 0.465733
84.4 0.461013
84.5 0.463924
84.6 0.475583
84.7 0.467284
84.8 0.457022
84.9 0.462722
85 0.465247
85.1 0.449684
85.2 0.454989
85.3 0.464598
85.4 0.442496
85.5 0.444885
85.6 0.452753
85.7 0.465917
85.8 0.459754
85.9 0.434993
86 0.437911
86.1 0.427927
86.2 0.43646
86.3 0.453051
86.4 0.440376
86.5 0.437141
86.6 0.437039
86.7 0.447473
86.8 0.430929
86.9 0.442637
87 0.456071
87.1 0.448917
87.2 0.435171
87.3 0.437538
87.4 0.448165
87.5 0.427971
87.6 0.430021
87.7 0.433129
87.8 0.446364
87.9 0.429866
88 0.437436
88.1 0.442459
88.2 0.437922
88.3 0.451328
88.4 0.442895
88.5 0.433757
88.6 0.442075
88.7 0.424736
88.8 0.447884
88.9 0.436905
89 0.440566
89.1 0.4425
89.2 0.449493
89.3 0.440878
89.4 0.453969
89.5 0.42128
89.6 0.43722
89.7 0.43388
89.8 0.4373
89.9 0.439996
90 0.435324
90.1 0.42711
90.2 0.426892
90.3 0.428157
90.4 0.438042
90.5 0.435907
90.6 0.426026
90.7 0.43395
90.8 0.451687
90.9 0.436697
91 0.452142
91.1 0.430292
91.2 0.445465
91.3 0.436616
91.4 0.436982
91.5 0.447389
91.6 0.437291
91.7 0.42688
91.8 0.430257
91.9 0.42557
92 0.418355
92.1 0.426571
92.2 0.426045
92.3 0.430209
92.4 0.440192
92.5 0.435449
92.6 0.434512
92.7 0.444896
92.8 0.44221
92.9 0.443093
93 0.440772
93.1 0.439119
93.2 0.430093
93.3 0.439855
93.4 0.430852
93.5 0.4457
93.6 0.433051
93.7 0.443013
93.8 0.44058
93.9 0.436997
94 0.431535
94.1 0.438255
94.2 0.434559
94.3 0.426096
94.4 0.414266
94.5 0.432424
94.6 0.425108
94.7 0.420615
94.8 0.417185
94.9 0.410371
95 0.420634
95.1 0.416139
95.2 0.427088
95.3 0.428711
95.4 0.410973
95.5 0.42931
95.6 0.409866
95.7 0.436006
95.8 0.423985
95.9 0.417674
96 0.433146
96.1 0.425285
96.2 0.435742
96.3 0.426902
96.4 0.451382
96.5 0.416369
96.6 0.429761
96.7 0.423973
96.8 0.412919
96.9 0.452907
97 0.437946
97.1 0.438915
97.2 0.442597
97.3 0.438155
97.4 0.430105
97.5 0.447969
97.6 0.438789
97.7 0.433804
97.8 0.430078
97.9 0.429638
98 0.440571
98.1 0.425157
98.2 0.431257
98.3 0.416052
98.4 0.418156
98.5 0.437897
98.6 0.440352
98.7 0.445501
98.8 0.444196
98.9 0.44279
99 0.448744
99.1 0.455355
99.2 0.44366
99.3 0.448803
99.4 0.454559
99.5 0.459333
99.6 0.46761
99.7 0.467099
99.8 0.449623
99.9 0.454188
100 0.444089
