18.7125 0.133915
18.7648 0.267829
18.8171 0.631312
18.8693 0.774792
18.9216 1.41567
18.9739 1.75046
19.0261 1.64524
19.0784 1.63567
19.1307 1.29132
19.183 1.2148
19.2352 0.813053
19.2875 0.554789
19.3398 0.449571
19.392 0.344352
19.4443 0.28696
19.4966 0.114784
19.5489 0.124349
19.6011 0.0765227
19.6534 0.0382613
19.7057 0.0191307
19.7579 0.0191307
19.8102 0.00956533
19.8625 0.028696
19.9148 0.0191307
19.967 0
20.0193 0.0191307
20.0716 0.0191307
20.1239 0.028696
20.1761 0.0191307
20.2284 0.0191307
20.2807 0.00956533
20.3329 0.028696
20.3852 0.0382613
20.4375 0.0478267
20.4898 0.0382613
20.542 0.0956533
20.5943 0.200872
20.6466 0.277395
20.6988 0.28696
20.7511 0.382613
20.8034 0.478267
20.8557 0.526093
20.9079 0.640877
20.9602 0.640877
21.0125 0.650443
21.0648 0.468701
21.117 0.334787
21.1693 0.0956533
21.2216 0.086088
21.2738 0.0382613
