0 0.011604
0.1 0.0116248
0.2 0.0116456
0.3 0.0116659
0.4 0.0116858
0.5 0.011706
0.6 0.0117255
0.7 0.0117449
0.8 0.0117646
0.9 0.0117854
1 0.0118045
1.1 0.0118241
1.2 0.0118443
1.3 0.0118637
1.4 0.0118827
1.5 0.0119023
1.6 0.0119209
1.7 0.0119396
1.8 0.0119594
1.9 0.0119783
2 0.0119971
2.1 0.0120164
2.2 0.012035
2.3 0.0120527
2.4 0.0120697
2.5 0.0120864
2.6 0.0121033
2.7 0.0121214
2.8 0.0121394
2.9 0.0121552
3 0.012172
3.1 0.0121893
3.2 0.0122064
3.3 0.0122229
3.4 0.0122406
3.5 0.0122573
3.6 0.0122753
3.7 0.0122931
3.8 0.0123113
3.9 0.0123291
4 0.0123476
4.1 0.0123636
4.2 0.0123788
4.3 0.0123963
4.4 0.0124146
4.5 0.0124316
4.6 0.012449
4.7 0.0124661
4.8 0.0124843
4.9 0.0125009
5 0.0125166
5.1 0.0125324
5.2 0.0125484
5.3 0.0125644
5.4 0.01258
5.5 0.0125976
5.6 0.0126147
5.7 0.0126325
5.8 0.0126493
5.9 0.0126653
6 0.0126828
6.1 0.0127002
6.2 0.0127179
6.3 0.0127356
6.4 0.0127513
6.5 0.0127683
6.6 0.0127855
6.7 0.0128018
6.8 0.0128186
6.9 0.0128352
7 0.0128507
7.1 0.0128645
7.2 0.01288
7.3 0.0128954
7.4 0.0129092
7.5 0.0129239
7.6 0.0129397
7.7 0.0129547
7.8 0.0129699
7.9 0.0129849
8 0.0129992
8.1 0.0130154
8.2 0.0130316
8.3 0.0130483
8.4 0.0130641
8.5 0.0130798
8.6 0.013095
8.7 0.0131104
8.8 0.0131266
8.9 0.0131423
9 0.0131591
9.1 0.0131759
9.2 0.0131925
9.3 0.0132081
9.4 0.0132235
9.5 0.0132395
9.6 0.013254
9.7 0.0132692
9.8 0.0132857
9.9 0.0133024
10 0.0133192
10.1 0.0133354
10.2 0.0133514
10.3 0.0133666
10.4 0.0133824
10.5 0.0134002
10.6 0.0134175
10.7 0.013435
10.8 0.0134506
10.9 0.0134684
11 0.0134843
11.1 0.0134992
11.2 0.0135148
11.3 0.013532
11.4 0.0135475
11.5 0.0135637
11.6 0.0135807
11.7 0.0135971
11.8 0.0136139
11.9 0.0136304
12 0.0136468
12.1 0.0136644
12.2 0.0136818
12.3 0.0136998
12.4 0.0137173
12.5 0.0137341
12.6 0.0137508
12.7 0.0137678
12.8 0.0137855
12.9 0.0138044
13 0.0138223
13.1 0.0138413
13.2 0.0138578
13.3 0.0138751
13.4 0.0138931
13.5 0.0139109
13.6 0.0139287
13.7 0.0139461
13.8 0.0139645
13.9 0.0139846
14 0.0140045
14.1 0.0140221
14.2 0.0140402
14.3 0.0140575
14.4 0.0140765
14.5 0.0140953
14.6 0.0141129
14.7 0.0141304
14.8 0.0141488
14.9 0.0141683
15 0.0141887
15.1 0.0142078
15.2 0.0142263
15.3 0.0142458
15.4 0.0142646
15.5 0.0142814
15.6 0.0142995
15.7 0.0143187
15.8 0.0143366
15.9 0.0143561
16 0.014376
16.1 0.0143929
16.2 0.0144109
16.3 0.0144279
16.4 0.0144442
16.5 0.0144607
16.6 0.0144767
16.7 0.0144936
16.8 0.0145104
16.9 0.0145283
17 0.014546
17.1 0.0145647
17.2 0.014583
17.3 0.0146004
17.4 0.0146194
17.5 0.0146385
17.6 0.0146568
17.7 0.014675
17.8 0.0146936
17.9 0.0147129
18 0.0147318
18.1 0.0147504
18.2 0.014769
18.3 0.0147876
18.4 0.0148055
18.5 0.0148255
18.6 0.0148444
18.7 0.0148636
18.8 0.0148818
18.9 0.0149006
19 0.0149194
19.1 0.0149399
19.2 0.0149596
19.3 0.014979
19.4 0.0149992
19.5 0.015021
19.6 0.015041
19.7 0.0150605
19.8 0.0150818
19.9 0.0151036
20 0.0151234
20.1 0.0151427
20.2 0.0151652
20.3 0.0151864
20.4 0.0152087
20.5 0.0152291
20.6 0.0152498
20.7 0.0152724
20.8 0.0152949
20.9 0.0153156
21 0.0153375
21.1 0.0153583
21.2 0.0153777
21.3 0.0153992
21.4 0.0154207
21.5 0.0154427
21.6 0.0154644
21.7 0.0154854
21.8 0.0155062
21.9 0.0155284
22 0.0155519
22.1 0.0155741
22.2 0.0155955
22.3 0.0156174
22.4 0.0156374
22.5 0.0156586
22.6 0.0156805
22.7 0.0157032
22.8 0.0157238
22.9 0.0157448
23 0.0157654
23.1 0.0157864
23.2 0.0158084
23.3 0.0158295
23.4 0.0158509
23.5 0.0158732
23.6 0.0158971
23.7 0.0159204
23.8 0.0159434
23.9 0.0159668
24 0.0159895
24.1 0.0160122
24.2 0.0160373
24.3 0.0160623
24.4 0.0160869
24.5 0.0161117
24.6 0.0161376
24.7 0.016163
24.8 0.0161872
24.9 0.0162128
25 0.0162388
25.1 0.0162656
25.2 0.0162925
25.3 0.0163189
25.4 0.016344
25.5 0.0163694
25.6 0.0163955
25.7 0.016421
25.8 0.0164474
25.9 0.0164762
26 0.0165041
26.1 0.0165319
26.2 0.0165588
26.3 0.016586
26.4 0.016615
26.5 0.016644
26.6 0.0166724
26.7 0.0166997
26.8 0.0167293
26.9 0.0167593
27 0.0167859
27.1 0.0168123
27.2 0.0168383
27.3 0.0168643
27.4 0.016893
27.5 0.0169216
27.6 0.0169493
27.7 0.0169789
27.8 0.0170091
27.9 0.0170377
28 0.0170698
28.1 0.0171015
28.2 0.0171328
28.3 0.0171625
28.4 0.0171931
28.5 0.0172221
28.6 0.0172513
28.7 0.0172808
28.8 0.0173093
28.9 0.0173392
29 0.0173691
29.1 0.0173991
29.2 0.0174289
29.3 0.0174615
29.4 0.0174924
29.5 0.0175236
29.6 0.0175554
29.7 0.0175871
29.8 0.0176189
29.9 0.0176488
30 0.0176782
30.1 0.0177118
30.2 0.0177417
30.3 0.0177697
30.4 0.0178
30.5 0.017831
30.6 0.0178625
30.7 0.0178931
30.8 0.0179244
30.9 0.0179543
31 0.0179855
31.1 0.0180168
31.2 0.0180479
31.3 0.0180802
31.4 0.0181122
31.5 0.0181454
31.6 0.0181772
31.7 0.0182104
31.8 0.0182454
31.9 0.0182795
32 0.0183128
32.1 0.0183467
32.2 0.0183813
32.3 0.0184146
32.4 0.0184477
32.5 0.0184829
32.6 0.0185178
32.7 0.0185524
32.8 0.0185879
32.9 0.0186237
33 0.0186575
33.1 0.0186922
33.2 0.0187267
33.3 0.0187605
33.4 0.0187946
33.5 0.0188295
33.6 0.018866
33.7 0.0189012
33.8 0.0189401
33.9 0.0189771
34 0.0190152
34.1 0.0190524
34.2 0.0190918
34.3 0.0191315
34.4 0.0191719
34.5 0.0192133
34.6 0.0192541
34.7 0.0192942
34.8 0.0193342
34.9 0.0193722
35 0.019411
35.1 0.0194496
35.2 0.0194888
35.3 0.0195287
35.4 0.0195686
35.5 0.0196082
35.6 0.0196506
35.7 0.0196948
35.8 0.0197416
35.9 0.0197862
36 0.0198297
36.1 0.0198749
36.2 0.0199199
36.3 0.0199681
36.4 0.0200153
36.5 0.020065
36.6 0.0201119
36.7 0.0201603
36.8 0.0202099
36.9 0.020258
37 0.0203076
37.1 0.0203577
37.2 0.0204078
37.3 0.0204579
37.4 0.0205087
37.5 0.0205595
37.6 0.0206101
37.7 0.0206632
37.8 0.0207161
37.9 0.0207676
38 0.0208201
38.1 0.0208754
38.2 0.0209325
38.3 0.0209889
38.4 0.0210449
38.5 0.0211069
38.6 0.0211699
38.7 0.0212262
38.8 0.0212847
38.9 0.0213446
39 0.0214085
39.1 0.0214724
39.2 0.021534
39.3 0.021592
39.4 0.0216533
39.5 0.0217176
39.6 0.0217811
39.7 0.0218489
39.8 0.021912
39.9 0.0219776
40 0.0220477
40.1 0.0221167
40.2 0.0221831
40.3 0.0222504
40.4 0.02232
40.5 0.0223929
40.6 0.0224679
40.7 0.02254
40.8 0.0226149
40.9 0.0226937
41 0.0227722
41.1 0.0228515
41.2 0.0229337
41.3 0.0230153
41.4 0.0230954
41.5 0.0231741
41.6 0.0232561
41.7 0.023334
41.8 0.0234172
41.9 0.0235046
42 0.0235941
42.1 0.0236814
42.2 0.0237683
42.3 0.023852
42.4 0.0239375
42.5 0.024023
42.6 0.0241101
42.7 0.0242011
42.8 0.0242924
42.9 0.0243864
43 0.0244784
43.1 0.0245714
43.2 0.0246638
43.3 0.0247559
43.4 0.0248521
43.5 0.0249497
43.6 0.0250492
43.7 0.0251504
43.8 0.0252482
43.9 0.025355
44 0.0254633
44.1 0.0255745
44.2 0.0256788
44.3 0.0257861
44.4 0.0258948
44.5 0.0260064
44.6 0.026118
44.7 0.0262298
44.8 0.0263471
44.9 0.0264665
45 0.0265887
45.1 0.0267107
45.2 0.026832
45.3 0.0269554
45.4 0.0270833
45.5 0.0272061
45.6 0.0273298
45.7 0.0274567
45.8 0.027591
45.9 0.0277208
46 0.0278538
46.1 0.027991
46.2 0.0281269
46.3 0.0282623
46.4 0.0284062
46.5 0.0285527
46.6 0.0286981
46.7 0.0288474
46.8 0.0289972
46.9 0.0291422
47 0.0292917
47.1 0.0294402
47.2 0.0295901
47.3 0.0297431
47.4 0.0299028
47.5 0.0300633
47.6 0.0302321
47.7 0.0304045
47.8 0.0305772
47.9 0.0307555
48 0.0309285
48.1 0.0311005
48.2 0.0312777
48.3 0.0314615
48.4 0.0316382
48.5 0.0318243
48.6 0.0320062
48.7 0.0321845
48.8 0.032373
48.9 0.0325586
49 0.03276
49.1 0.0329584
49.2 0.0331517
49.3 0.0333527
49.4 0.0335593
49.5 0.0337663
49.6 0.0339747
49.7 0.0341892
49.8 0.0343999
49.9 0.0346197
50 0.0348363
50.1 0.035053
50.2 0.0352722
50.3 0.0355014
50.4 0.03572
50.5 0.035956
50.6 0.036193
50.7 0.036428
50.8 0.0366829
50.9 0.0369274
51 0.037179
51.1 0.0374326
51.2 0.0376975
51.3 0.0379474
51.4 0.0382132
51.5 0.0384813
51.6 0.0387599
51.7 0.0390408
51.8 0.0393224
51.9 0.0396186
52 0.0399118
52.1 0.0402073
52.2 0.0405139
52.3 0.0408206
52.4 0.0411326
52.5 0.0414494
52.6 0.0417676
52.7 0.0420917
52.8 0.0424307
52.9 0.0427685
53 0.04311
53.1 0.043454
53.2 0.0438162
53.3 0.0441803
53.4 0.0445434
53.5 0.0449159
53.6 0.0453003
53.7 0.0456897
53.8 0.046082
53.9 0.0464832
54 0.0468902
54.1 0.0473028
54.2 0.0477182
54.3 0.0481454
54.4 0.0485884
54.5 0.0490383
54.6 0.0495014
54.7 0.0499637
54.8 0.0504372
54.9 0.0509159
55 0.0514003
55.1 0.0519027
55.2 0.0524239
55.3 0.0529544
55.4 0.0534929
55.5 0.0540333
55.6 0.054573
55.7 0.0551357
55.8 0.0557229
55.9 0.0563119
56 0.0569234
56.1 0.057534
56.2 0.0581567
56.3 0.0588051
56.4 0.0594733
56.5 0.0601549
56.6 0.0608436
56.7 0.061561
56.8 0.0623032
56.9 0.0630542
57 0.0638126
57.1 0.0645983
57.2 0.0654142
57.3 0.0662454
57.4 0.0671042
57.5 0.0679839
57.6 0.0688699
57.7 0.0698065
57.8 0.0707812
57.9 0.0717715
58 0.0727818
58.1 0.0738025
58.2 0.0748541
58.3 0.0759138
58.4 0.0769946
58.5 0.0780832
58.6 0.0792319
58.7 0.0803915
58.8 0.0815884
58.9 0.0828145
59 0.0840529
59.1 0.0853516
59.2 0.0866563
59.3 0.0879944
59.4 0.0893751
59.5 0.0908018
59.6 0.0922996
59.7 0.0938439
59.8 0.0954333
59.9 0.0970669
60 0.0987392
60.1 0.100409
60.2 0.102105
60.3 0.103865
60.4 0.105681
60.5 0.107537
60.6 0.109451
60.7 0.111442
60.8 0.113471
60.9 0.115532
61 0.11768
61.1 0.119903
61.2 0.122166
61.3 0.124475
61.4 0.126823
61.5 0.129224
61.6 0.131676
61.7 0.134158
61.8 0.136694
61.9 0.13927
62 0.141861
62.1 0.144547
62.2 0.147322
62.3 0.150107
62.4 0.152912
62.5 0.155839
62.6 0.158796
62.7 0.161815
62.8 0.164894
62.9 0.168047
63 0.17128
63.1 0.174509
63.2 0.177814
63.3 0.181185
63.4 0.184589
63.5 0.18802
63.6 0.191496
63.7 0.19503
63.8 0.198563
63.9 0.202151
64 0.205838
64.1 0.209487
64.2 0.213123
64.3 0.216851
64.4 0.220659
64.5 0.224472
64.6 0.22834
64.7 0.232166
64.8 0.236045
64.9 0.239937
65 0.243854
65.1 0.247885
65.2 0.251922
65.3 0.255888
65.4 0.259903
65.5 0.263902
65.6 0.26785
65.7 0.271827
65.8 0.275903
65.9 0.279887
66 0.283889
66.1 0.28793
66.2 0.291943
66.3 0.295955
66.4 0.299985
66.5 0.303957
66.6 0.307963
66.7 0.311896
66.8 0.315833
66.9 0.319759
67 0.323684
67.1 0.327555
67.2 0.331409
67.3 0.335283
67.4 0.339071
67.5 0.342778
67.6 0.346456
67.7 0.350145
67.8 0.353856
67.9 0.357482
68 0.361177
68.1 0.36476
68.2 0.368321
68.3 0.371839
68.4 0.375321
68.5 0.378724
68.6 0.382107
68.7 0.385393
68.8 0.388645
68.9 0.391776
69 0.394807
69.1 0.397795
69.2 0.400745
69.3 0.403505
69.4 0.406201
69.5 0.408783
69.6 0.411247
69.7 0.413679
69.8 0.416142
69.9 0.418591
70 0.420935
70.1 0.423214
70.2 0.425458
70.3 0.4277
70.4 0.429926
70.5 0.432076
70.6 0.4342
70.7 0.436268
70.8 0.438327
70.9 0.440282
71 0.442161
71.1 0.443971
71.2 0.445707
71.3 0.447411
71.4 0.449063
71.5 0.450713
71.6 0.452321
71.7 0.453828
71.8 0.455323
71.9 0.45681
72 0.458237
72.1 0.459652
72.2 0.461036
72.3 0.462394
72.4 0.463683
72.5 0.464928
72.6 0.466176
72.7 0.467366
72.8 0.468499
72.9 0.469617
73 0.470747
73.1 0.471862
73.2 0.472899
73.3 0.473877
73.4 0.474811
73.5 0.475686
73.6 0.476545
73.7 0.477363
73.8 0.47814
73.9 0.478857
74 0.47956
74.1 0.480278
74.2 0.480964
74.3 0.481629
74.4 0.482245
74.5 0.482842
74.6 0.483407
74.7 0.483953
74.8 0.484472
74.9 0.484959
75 0.485418
75.1 0.485897
75.2 0.486355
75.3 0.486816
75.4 0.487239
75.5 0.487667
75.6 0.488044
75.7 0.488434
75.8 0.488804
75.9 0.489146
76 0.48948
76.1 0.489814
76.2 0.490125
76.3 0.490417
76.4 0.490712
76.5 0.491007
76.6 0.491303
76.7 0.491574
76.8 0.491838
76.9 0.492108
77 0.492369
77.1 0.49263
77.2 0.492886
77.3 0.493107
77.4 0.493312
77.5 0.493523
77.6 0.493726
77.7 0.493933
77.8 0.494136
77.9 0.494325
78 0.494498
78.1 0.494668
78.2 0.49484
78.3 0.495004
78.4 0.495147
78.5 0.495291
78.6 0.495405
78.7 0.495549
78.8 0.495684
78.9 0.495791
79 0.495907
79.1 0.496026
79.2 0.496126
79.3 0.496238
79.4 0.496345
79.5 0.49643
79.6 0.496523
79.7 0.49659
79.8 0.496654
79.9 0.496725
80 0.496792
80.1 0.496858
80.2 0.496926
80.3 0.496995
80.4 0.497054
80.5 0.497112
80.6 0.497158
80.7 0.497201
80.8 0.497259
80.9 0.497304
81 0.497345
81.1 0.497378
81.2 0.497406
81.3 0.497429
81.4 0.497462
81.5 0.497477
81.6 0.497506
81.7 0.49754
81.8 0.49757
81.9 0.497594
82 0.497619
82.1 0.49765
82.2 0.497667
82.3 0.49768
82.4 0.497689
82.5 0.497695
82.6 0.497715
82.7 0.497728
82.8 0.497745
82.9 0.497747
83 0.497752
83.1 0.497756
83.2 0.497768
83.3 0.497768
83.4 0.497776
83.5 0.497786
83.6 0.497804
83.7 0.497803
83.8 0.497804
83.9 0.497818
84 0.497829
84.1 0.497833
84.2 0.497837
84.3 0.49784
84.4 0.497847
84.5 0.497847
84.6 0.497846
84.7 0.497846
84.8 0.497849
84.9 0.497852
85 0.497858
85.1 0.497869
85.2 0.497878
85.3 0.497884
85.4 0.497889
85.5 0.497889
85.6 0.497889
85.7 0.49788
85.8 0.497878
85.9 0.497881
86 0.497876
86.1 0.497866
86.2 0.497868
86.3 0.497871
86.4 0.497871
86.5 0.49787
86.6 0.497873
86.7 0.497868
86.8 0.49786
86.9 0.497856
87 0.497852
87.1 0.497846
87.2 0.497848
87.3 0.497842
87.4 0.497855
87.5 0.49786
87.6 0.497862
87.7 0.497862
87.8 0.497861
87.9 0.497858
88 0.497847
88.1 0.497843
88.2 0.497838
88.3 0.497839
88.4 0.497839
88.5 0.497828
88.6 0.497821
88.7 0.497817
88.8 0.497813
88.9 0.49781
89 0.497811
89.1 0.497803
89.2 0.497798
89.3 0.497788
89.4 0.497793
89.5 0.497794
89.6 0.497789
89.7 0.497788
89.8 0.497779
89.9 0.497775
90 0.497771
90.1 0.497769
90.2 0.497767
90.3 0.497763
90.4 0.497755
90.5 0.497751
90.6 0.497743
90.7 0.497739
90.8 0.497742
90.9 0.497746
91 0.497744
91.1 0.497742
91.2 0.497743
91.3 0.49774
91.4 0.497729
91.5 0.497721
91.6 0.497712
91.7 0.497711
91.8 0.497712
91.9 0.497707
92 0.497704
92.1 0.497704
92.2 0.497702
92.3 0.497702
92.4 0.497695
92.5 0.497698
92.6 0.497702
92.7 0.497704
92.8 0.497709
92.9 0.497711
93 0.497714
93.1 0.497709
93.2 0.497706
93.3 0.497702
93.4 0.497696
93.5 0.497694
93.6 0.497696
93.7 0.497692
93.8 0.497693
93.9 0.497693
94 0.497687
94.1 0.497687
94.2 0.497687
94.3 0.497682
94.4 0.497677
94.5 0.497676
94.6 0.49767
94.7 0.497676
94.8 0.497681
94.9 0.497682
95 0.497686
95.1 0.49769
95.2 0.497689
95.3 0.497686
95.4 0.497683
95.5 0.497682
95.6 0.49768
95.7 0.497682
95.8 0.497679
95.9 0.497678
96 0.49768
96.1 0.49768
96.2 0.49768
96.3 0.497683
96.4 0.497681
96.5 0.497677
96.6 0.497674
96.7 0.497666
96.8 0.497666
96.9 0.497666
97 0.497668
97.1 0.497668
97.2 0.497666
97.3 0.49767
97.4 0.497674
97.5 0.497677
97.6 0.49768
97.7 0.497681
97.8 0.497686
97.9 0.497689
98 0.497688
98.1 0.497691
98.2 0.497692
98.3 0.49769
98.4 0.497693
98.5 0.497694
98.6 0.497693
98.7 0.497695
98.8 0.497695
98.9 0.497695
99 0.497695
99.1 0.497692
99.2 0.497694
99.3 0.497694
99.4 0.497696
99.5 0.497699
99.6 0.4977
99.7 0.497702
99.8 0.497701
99.9 0.497701
100 0.845795
