28.6115 0.0347917
28.669 0.104375
28.7265 0.226146
28.784 0.626251
28.8415 0.92198
28.8989 1.28729
28.9564 1.2786
29.0139 1.51344
29.0714 1.28729
29.1289 1.09594
29.1864 0.913282
29.2439 0.50448
29.3013 0.356615
29.3588 0.260938
29.4163 0.121771
29.4738 0.0782814
29.5313 0.0782814
29.5888 0.0260938
29.6462 0.0173959
29.7037 0.00869793
29.7612 0.00869793
29.8187 0.00869793
29.8762 0.00869793
29.9337 0.00869793
29.9912 0.0260938
30.0486 0.0260938
30.1061 0
30.1636 0.0173959
30.2211 0.0260938
30.2786 0.0173959
30.3361 0.00869793
30.3936 0.0434896
30.451 0.0347917
30.5085 0.0695834
30.566 0.0521876
30.6235 0.113073
30.681 0.226146
30.7385 0.408803
30.7959 0.495782
30.8534 0.66974
30.9109 0.721928
30.9684 1.14813
31.0259 0.817605
31.0834 0.626251
31.1409 0.50448
31.1983 0.304427
31.2558 0.173959
31.3133 0.0608855
31.3708 0.0173959
31.4283 0.00869793
