0 -10
0.1 -10.0559
0.2 -10.0556
0.3 -10.0553
0.4 -10.0551
0.5 -10.0548
0.6 -10.0545
0.7 -10.0542
0.8 -10.054
0.9 -10.0537
1 -10.0534
1.1 -10.0531
1.2 -10.0528
1.3 -10.0525
1.4 -10.0522
1.5 -10.0519
1.6 -10.0516
1.7 -10.0513
1.8 -10.051
1.9 -10.0507
2 -10.0504
2.1 -10.0501
2.2 -10.0498
2.3 -10.0495
2.4 -10.0492
2.5 -10.0489
2.6 -10.0486
2.7 -10.0482
2.8 -10.0479
2.9 -10.0476
3 -10.0473
3.1 -10.0469
3.2 -10.0466
3.3 -10.0463
3.4 -10.0459
3.5 -10.0456
3.6 -10.0452
3.7 -10.0449
3.8 -10.0446
3.9 -10.0442
4 -10.0439
4.1 -10.0435
4.2 -10.0431
4.3 -10.0428
4.4 -10.0424
4.5 -10.0421
4.6 -10.0417
4.7 -10.0413
4.8 -10.041
4.9 -10.0406
5 -10.0402
5.1 -10.0398
5.2 -10.0394
5.3 -10.0391
5.4 -10.0387
5.5 -10.0383
5.6 -10.0379
5.7 -10.0375
5.8 -10.0371
5.9 -10.0367
6 -10.0363
6.1 -10.0359
6.2 -10.0355
6.3 -10.0351
6.4 -10.0347
6.5 -10.0342
6.6 -10.0338
6.7 -10.0334
6.8 -10.033
6.9 -10.0326
7 -10.0321
7.1 -10.0317
7.2 -10.0313
7.3 -10.0308
7.4 -10.0304
7.5 -10.0299
7.6 -10.0295
7.7 -10.029
7.8 -10.0286
7.9 -10.0281
8 -10.0277
8.1 -10.0272
8.2 -10.0268
8.3 -10.0263
8.4 -10.0258
8.5 -10.0254
8.6 -10.0249
8.7 -10.0244
8.8 -10.0239
8.9 -10.0235
9 -10.023
9.1 -10.0225
9.2 -10.022
9.3 -10.0215
9.4 -10.021
9.5 -10.0205
9.6 -10.02
9.7 -10.0195
9.8 -10.019
9.9 -10.0185
10 -10.018
10.1 -10.0175
10.2 -10.017
10.3 -10.0165
10.4 -10.016
10.5 -10.0155
10.6 -10.015
10.7 -10.0144
10.8 -10.0139
10.9 -10.0134
11 -10.0129
11.1 -10.0123
11.2 -10.0118
11.3 -10.0113
11.4 -10.0107
11.5 -10.0102
11.6 -10.0097
11.7 -10.0091
11.8 -10.0086
11.9 -10.008
12 -10.0075
12.1 -10.0069
12.2 -10.0064
12.3 -10.0058
12.4 -10.0053
12.5 -10.0047
12.6 -10.0042
12.7 -10.0036
12.8 -10.0031
12.9 -10.0025
13 -10.002
13.1 -10.0014
13.2 -10.0009
13.3 -10.0003
13.4 -9.99975
13.5 -9.9992
13.6 -9.99864
13.7 -9.99808
13.8 -9.99752
13.9 -9.99696
14 -9.9964
14.1 -9.99584
14.2 -9.99528
14.3 -9.99472
14.4 -9.99416
14.5 -9.9936
14.6 -9.99304
14.7 -9.99249
14.8 -9.99193
14.9 -9.99137
15 -9.99081
15.1 -9.99025
15.2 -9.9897
15.3 -9.98914
15.4 -9.98859
15.5 -9.98804
15.6 -9.98748
15.7 -9.98693
15.8 -9.98638
15.9 -9.98583
16 -9.98528
16.1 -9.98473
16.2 -9.98419
16.3 -9.98364
16.4 -9.9831
16.5 -9.98256
16.6 -9.98202
16.7 -9.98148
16.8 -9.98094
16.9 -9.9804
17 -9.97987
17.1 -9.97933
17.2 -9.9788
17.3 -9.97827
17.4 -9.97774
17.5 -9.97722
17.6 -9.97669
17.7 -9.97617
17.8 -9.97564
17.9 -9.97512
18 -9.97461
18.1 -9.97409
18.2 -9.97357
18.3 -9.97306
18.4 -9.97255
18.5 -9.97203
18.6 -9.97153
18.7 -9.97102
18.8 -9.97051
18.9 -9.97001
19 -9.9695
19.1 -9.969
19.2 -9.9685
19.3 -9.968
19.4 -9.9675
19.5 -9.967
19.6 -9.96651
19.7 -9.96601
19.8 -9.96552
19.9 -9.96502
20 -9.96453
20.1 -9.96404
20.2 -9.96354
20.3 -9.96305
20.4 -9.96256
20.5 -9.96207
20.6 -9.96158
20.7 -9.96109
20.8 -9.9606
20.9 -9.96011
21 -9.95962
21.1 -9.95913
21.2 -9.95864
21.3 -9.95814
21.4 -9.95765
21.5 -9.95716
21.6 -9.95666
21.7 -9.95617
21.8 -9.95567
21.9 -9.95517
22 -9.95467
22.1 -9.95417
22.2 -9.95367
22.3 -9.95316
22.4 -9.95265
22.5 -9.95214
22.6 -9.95163
22.7 -9.95112
22.8 -9.9506
22.9 -9.95008
23 -9.94955
23.1 -9.94903
23.2 -9.9485
23.3 -9.94796
23.4 -9.94743
23.5 -9.94689
23.6 -9.94634
23.7 -9.94579
23.8 -9.94524
23.9 -9.94468
24 -9.94411
24.1 -9.94355
24.2 -9.94297
24.3 -9.94239
24.4 -9.94181
24.5 -9.94122
24.6 -9.94062
24.7 -9.94002
24.8 -9.93941
24.9 -9.93879
25 -9.93817
25.1 -9.93754
25.2 -9.93691
25.3 -9.93626
25.4 -9.93561
25.5 -9.93495
25.6 -9.93429
25.7 -9.93361
25.8 -9.93293
25.9 -9.93224
26 -9.93154
26.1 -9.93083
26.2 -9.93012
26.3 -9.92939
26.4 -9.92866
26.5 -9.92792
26.6 -9.92716
26.7 -9.9264
26.8 -9.92563
26.9 -9.92486
27 -9.92407
27.1 -9.92327
27.2 -9.92247
27.3 -9.92165
27.4 -9.92083
27.5 -9.91999
27.6 -9.91915
27.7 -9.91831
27.8 -9.91745
27.9 -9.91658
28 -9.91571
28.1 -9.91483
28.2 -9.91394
28.3 -9.91305
28.4 -9.91215
28.5 -9.91124
28.6 -9.91033
28.7 -9.90941
28.8 -9.90848
28.9 -9.90755
29 -9.90662
29.1 -9.90569
29.2 -9.90475
29.3 -9.90381
29.4 -9.90286
29.5 -9.90192
29.6 -9.90097
29.7 -9.90002
29.8 -9.89908
29.9 -9.89813
30 -9.89719
30.1 -9.89624
30.2 -9.8953
30.3 -9.89436
30.4 -9.89342
30.5 -9.89249
30.6 -9.89156
30.7 -9.89064
30.8 -9.88972
30.9 -9.88881
31 -9.8879
31.1 -9.88701
31.2 -9.88611
31.3 -9.88523
31.4 -9.88435
31.5 -9.88348
31.6 -9.88262
31.7 -9.88177
31.8 -9.88093
31.9 -9.88009
32 -9.87927
32.1 -9.87846
32.2 -9.87765
32.3 -9.87686
32.4 -9.87608
32.5 -9.87531
32.6 -9.87455
32.7 -9.8738
32.8 -9.87306
32.9 -9.87233
33 -9.87162
33.1 -9.87091
33.2 -9.87022
33.3 -9.86954
33.4 -9.86887
33.5 -9.86822
33.6 -9.86757
33.7 -9.86694
33.8 -9.86632
33.9 -9.86571
34 -9.86511
34.1 -9.86452
34.2 -9.86394
34.3 -9.86338
34.4 -9.86282
34.5 -9.86228
34.6 -9.86175
34.7 -9.86123
34.8 -9.86072
34.9 -9.86022
35 -9.85973
35.1 -9.85926
35.2 -9.85879
35.3 -9.85833
35.4 -9.85788
35.5 -9.85745
35.6 -9.85702
35.7 -9.8566
35.8 -9.85619
35.9 -9.85579
36 -9.8554
36.1 -9.85502
36.2 -9.85465
36.3 -9.85428
36.4 -9.85393
36.5 -9.85358
36.6 -9.85324
36.7 -9.85291
36.8 -9.85258
36.9 -9.85227
37 -9.85196
37.1 -9.85166
37.2 -9.85136
37.3 -9.85108
37.4 -9.8508
37.5 -9.85052
37.6 -9.85026
37.7 -9.85
37.8 -9.84974
37.9 -9.8495
38 -9.84926
38.1 -9.84902
38.2 -9.84879
38.3 -9.84857
38.4 -9.84835
38.5 -9.84814
38.6 -9.84793
38.7 -9.84772
38.8 -9.84753
38.9 -9.84733
39 -9.84715
39.1 -9.84696
39.2 -9.84679
39.3 -9.84661
39.4 -9.84644
39.5 -9.84628
39.6 -9.84611
39.7 -9.84596
39.8 -9.8458
39.9 -9.84566
40 -9.84551
40.1 -9.84537
40.2 -9.84523
40.3 -9.8451
40.4 -9.84496
40.5 -9.84484
40.6 -9.84471
40.7 -9.84459
40.8 -9.84447
40.9 -9.84436
41 -9.84425
41.1 -9.84414
41.2 -9.84403
41.3 -9.84393
41.4 -9.84383
41.5 -9.84373
41.6 -9.84363
41.7 -9.84354
41.8 -9.84345
41.9 -9.84336
42 -9.84327
42.1 -9.84319
42.2 -9.84311
42.3 -9.84303
42.4 -9.84295
42.5 -9.84288
42.6 -9.8428
42.7 -9.84273
42.8 -9.84266
42.9 -9.8426
43 -9.84253
43.1 -9.84247
43.2 -9.84241
43.3 -9.84235
43.4 -9.84229
43.5 -9.84223
43.6 -9.84218
43.7 -9.84212
43.8 -9.84207
43.9 -9.84202
44 -9.84197
44.1 -9.84193
44.2 -9.84188
44.3 -9.84184
44.4 -9.84179
44.5 -9.84175
44.6 -9.84171
44.7 -9.84167
44.8 -9.84163
44.9 -9.8416
45 -9.84156
45.1 -9.84153
45.2 -9.84149
45.3 -9.84146
45.4 -9.84143
45.5 -9.8414
45.6 -9.84137
45.7 -9.84135
45.8 -9.84132
45.9 -9.84129
46 -9.84127
46.1 -9.84124
46.2 -9.84122
46.3 -9.8412
46.4 -9.84118
46.5 -9.84116
46.6 -9.84114
46.7 -9.84112
46.8 -9.84111
46.9 -9.84109
47 -9.84107
47.1 -9.84106
47.2 -9.84105
47.3 -9.84103
47.4 -9.84102
47.5 -9.84101
47.6 -9.841
47.7 -9.84099
47.8 -9.84098
47.9 -9.84097
48 -9.84096
48.1 -9.84096
48.2 -9.84095
48.3 -9.84094
48.4 -9.84094
48.5 -9.84094
48.6 -9.84093
48.7 -9.84093
48.8 -9.84093
48.9 -9.84093
49 -9.84092
49.1 -9.84092
49.2 -9.84092
49.3 -9.84093
49.4 -9.84093
49.5 -9.84093
49.6 -9.84093
49.7 -9.84094
49.8 -9.84094
49.9 -9.84094
50 -9.84095
50.1 -9.84095
50.2 -9.84096
50.3 -9.84097
50.4 -9.84097
50.5 -9.84098
50.6 -9.84099
50.7 -9.841
50.8 -9.84101
50.9 -9.84102
51 -9.84103
51.1 -9.84104
51.2 -9.84105
51.3 -9.84106
51.4 -9.84108
51.5 -9.84109
51.6 -9.8411
51.7 -9.84112
51.8 -9.84113
51.9 -9.84114
52 -9.84116
52.1 -9.84118
52.2 -9.84119
52.3 -9.84121
52.4 -9.84122
52.5 -9.84124
52.6 -9.84126
52.7 -9.84128
52.8 -9.8413
52.9 -9.84132
53 -9.84134
53.1 -9.84136
53.2 -9.84138
53.3 -9.8414
53.4 -9.84142
53.5 -9.84144
53.6 -9.84146
53.7 -9.84148
53.8 -9.8415
53.9 -9.84153
54 -9.84155
54.1 -9.84157
54.2 -9.8416
54.3 -9.84162
54.4 -9.84165
54.5 -9.84167
54.6 -9.8417
54.7 -9.84172
54.8 -9.84175
54.9 -9.84177
55 -9.8418
55.1 -9.84182
55.2 -9.84185
55.3 -9.84188
55.4 -9.8419
55.5 -9.84193
55.6 -9.84196
55.7 -9.84199
55.8 -9.84201
55.9 -9.84204
56 -9.84207
56.1 -9.8421
56.2 -9.84212
56.3 -9.84215
56.4 -9.84218
56.5 -9.84221
56.6 -9.84224
56.7 -9.84227
56.8 -9.8423
56.9 -9.84232
57 -9.84235
57.1 -9.84238
57.2 -9.84241
57.3 -9.84244
57.4 -9.84247
57.5 -9.8425
57.6 -9.84253
57.7 -9.84255
57.8 -9.84258
57.9 -9.84261
58 -9.84264
58.1 -9.84267
58.2 -9.8427
58.3 -9.84272
58.4 -9.84275
58.5 -9.84278
58.6 -9.84281
58.7 -9.84283
58.8 -9.84286
58.9 -9.84289
59 -9.84291
59.1 -9.84294
59.2 -9.84297
59.3 -9.84299
59.4 -9.84302
59.5 -9.84304
59.6 -9.84307
59.7 -9.84309
59.8 -9.84312
59.9 -9.84314
60 -9.84316
60.1 -9.84319
60.2 -9.84321
60.3 -9.84323
60.4 -9.84325
60.5 -9.84327
60.6 -9.8433
60.7 -9.84332
60.8 -9.84334
60.9 -9.84336
61 -9.84337
61.1 -9.84339
61.2 -9.84341
61.3 -9.84343
61.4 -9.84345
61.5 -9.84346
61.6 -9.84348
61.7 -9.84349
61.8 -9.84351
61.9 -9.84352
62 -9.84354
62.1 -9.84355
62.2 -9.84356
62.3 -9.84357
62.4 -9.84358
62.5 -9.84359
62.6 -9.8436
62.7 -9.84361
62.8 -9.84362
62.9 -9.84363
63 -9.84364
63.1 -9.84365
63.2 -9.84365
63.3 -9.84366
63.4 -9.84366
63.5 -9.84367
63.6 -9.84367
63.7 -9.84367
63.8 -9.84368
63.9 -9.84368
64 -9.84368
64.1 -9.84368
64.2 -9.84368
64.3 -9.84368
64.4 -9.84368
64.5 -9.84368
64.6 -9.84367
64.7 -9.84367
64.8 -9.84367
64.9 -9.84366
65 -9.84366
65.1 -9.84365
65.2 -9.84365
65.3 -9.84364
65.4 -9.84363
65.5 -9.84363
65.6 -9.84362
65.7 -9.84361
65.8 -9.8436
65.9 -9.84359
66 -9.84358
66.1 -9.84357
66.2 -9.84356
66.3 -9.84355
66.4 -9.84354
66.5 -9.84352
66.6 -9.84351
66.7 -9.8435
66.8 -9.84348
66.9 -9.84347
67 -9.84345
67.1 -9.84344
67.2 -9.84342
67.3 -9.84341
67.4 -9.84339
67.5 -9.84338
67.6 -9.84336
67.7 -9.84334
67.8 -9.84333
67.9 -9.84331
68 -9.84329
68.1 -9.84327
68.2 -9.84325
68.3 -9.84324
68.4 -9.84322
68.5 -9.8432
68.6 -9.84318
68.7 -9.84316
68.8 -9.84314
68.9 -9.84312
69 -9.8431
69.1 -9.84308
69.2 -9.84306
69.3 -9.84304
69.4 -9.84302
69.5 -9.843
69.6 -9.84298
69.7 -9.84296
69.8 -9.84294
69.9 -9.84292
70 -9.8429
70.1 -9.84288
70.2 -9.84286
70.3 -9.84284
70.4 -9.84282
70.5 -9.8428
70.6 -9.84278
70.7 -9.84276
70.8 -9.84274
70.9 -9.84272
71 -9.8427
71.1 -9.84268
71.2 -9.84266
71.3 -9.84264
71.4 -9.84262
71.5 -9.8426
71.6 -9.84258
71.7 -9.84256
71.8 -9.84254
71.9 -9.84252
72 -9.8425
72.1 -9.84249
72.2 -9.84247
72.3 -9.84245
72.4 -9.84243
72.5 -9.84242
72.6 -9.8424
72.7 -9.84238
72.8 -9.84237
72.9 -9.84235
73 -9.84233
73.1 -9.84232
73.2 -9.8423
73.3 -9.84229
73.4 -9.84227
73.5 -9.84226
73.6 -9.84224
73.7 -9.84223
73.8 -9.84222
73.9 -9.8422
74 -9.84219
74.1 -9.84218
74.2 -9.84216
74.3 -9.84215
74.4 -9.84214
74.5 -9.84213
74.6 -9.84212
74.7 -9.84211
74.8 -9.8421
74.9 -9.84209
75 -9.84208
75.1 -9.84207
75.2 -9.84206
75.3 -9.84205
75.4 -9.84204
75.5 -9.84204
75.6 -9.84203
75.7 -9.84202
75.8 -9.84202
75.9 -9.84201
76 -9.842
76.1 -9.842
76.2 -9.84199
76.3 -9.84199
76.4 -9.84198
76.5 -9.84198
76.6 -9.84198
76.7 -9.84197
76.8 -9.84197
76.9 -9.84197
77 -9.84197
77.1 -9.84197
77.2 -9.84196
77.3 -9.84196
77.4 -9.84196
77.5 -9.84196
77.6 -9.84196
77.7 -9.84196
77.8 -9.84196
77.9 -9.84197
78 -9.84197
78.1 -9.84197
78.2 -9.84197
78.3 -9.84197
78.4 -9.84198
78.5 -9.84198
78.6 -9.84199
78.7 -9.84199
78.8 -9.84199
78.9 -9.842
79 -9.842
79.1 -9.84201
79.2 -9.84202
79.3 -9.84202
79.4 -9.84203
79.5 -9.84204
79.6 -9.84204
79.7 -9.84205
79.8 -9.84206
79.9 -9.84207
80 -9.84208
80.1 -9.84209
80.2 -9.8421
80.3 -9.84211
80.4 -9.84212
80.5 -9.84213
80.6 -9.84214
80.7 -9.84215
80.8 -9.84216
80.9 -9.84217
81 -9.84218
81.1 -9.8422
81.2 -9.84221
81.3 -9.84222
81.4 -9.84223
81.5 -9.84225
81.6 -9.84226
81.7 -9.84228
81.8 -9.84229
81.9 -9.84231
82 -9.84232
82.1 -9.84234
82.2 -9.84235
82.3 -9.84237
82.4 -9.84238
82.5 -9.8424
82.6 -9.84242
82.7 -9.84243
82.8 -9.84245
82.9 -9.84247
83 -9.84248
83.1 -9.8425
83.2 -9.84252
83.3 -9.84254
83.4 -9.84256
83.5 -9.84258
83.6 -9.8426
83.7 -9.84262
83.8 -9.84264
83.9 -9.84265
84 -9.84267
84.1 -9.8427
84.2 -9.84272
84.3 -9.84274
84.4 -9.84276
84.5 -9.84278
84.6 -9.8428
84.7 -9.84282
84.8 -9.84284
84.9 -9.84287
85 -9.84289
85.1 -9.84291
85.2 -9.84293
85.3 -9.84296
85.4 -9.84298
85.5 -9.843
85.6 -9.84302
85.7 -9.84305
85.8 -9.84307
85.9 -9.8431
86 -9.84312
86.1 -9.84314
86.2 -9.84317
86.3 -9.84319
86.4 -9.84322
86.5 -9.84324
86.6 -9.84327
86.7 -9.84329
86.8 -9.84332
86.9 -9.84334
87 -9.84337
87.1 -9.8434
87.2 -9.84342
87.3 -9.84345
87.4 -9.84347
87.5 -9.8435
87.6 -9.84353
87.7 -9.84355
87.8 -9.84358
87.9 -9.84361
88 -9.84363
88.1 -9.84366
88.2 -9.84369
88.3 -9.84372
88.4 -9.84374
88.5 -9.84377
88.6 -9.8438
88.7 -9.84383
88.8 -9.84386
88.9 -9.84388
89 -9.84391
89.1 -9.84394
89.2 -9.84397
89.3 -9.844
89.4 -9.84403
89.5 -9.84405
89.6 -9.84408
89.7 -9.84411
89.8 -9.84414
89.9 -9.84417
90 -9.8442
90.1 -9.84423
90.2 -9.84426
90.3 -9.84429
90.4 -9.84432
90.5 -9.84435
90.6 -9.84438
90.7 -9.84441
90.8 -9.84444
90.9 -9.84447
91 -9.8445
91.1 -9.84453
91.2 -9.84456
91.3 -9.84459
91.4 -9.84462
91.5 -9.84465
91.6 -9.84468
91.7 -9.84471
91.8 -9.84474
91.9 -9.84477
92 -9.8448
92.1 -9.84483
92.2 -9.84486
92.3 -9.84489
92.4 -9.84492
92.5 -9.84495
92.6 -9.84498
92.7 -9.84501
92.8 -9.84504
92.9 -9.84507
93 -9.84511
93.1 -9.84514
93.2 -9.84517
93.3 -9.8452
93.4 -9.84523
93.5 -9.84526
93.6 -9.84529
93.7 -9.84532
93.8 -9.84535
93.9 -9.84538
94 -9.84542
94.1 -9.84545
94.2 -9.84548
94.3 -9.84551
94.4 -9.84554
94.5 -9.84557
94.6 -9.8456
94.7 -9.84563
94.8 -9.84567
94.9 -9.8457
95 -9.84573
95.1 -9.84576
95.2 -9.84579
95.3 -9.84582
95.4 -9.84585
95.5 -9.84589
95.6 -9.84592
95.7 -9.84595
95.8 -9.84598
95.9 -9.84601
96 -9.84604
96.1 -9.84607
96.2 -9.84611
96.3 -9.84614
96.4 -9.84617
96.5 -9.8462
96.6 -9.84623
96.7 -9.84626
96.8 -9.84629
96.9 -9.84632
97 -9.84636
97.1 -9.84639
97.2 -9.84642
97.3 -9.84645
97.4 -9.84648
97.5 -9.84651
97.6 -9.84654
97.7 -9.84658
97.8 -9.84661
97.9 -9.84664
98 -9.84667
98.1 -9.8467
98.2 -9.84673
98.3 -9.84676
98.4 -9.84679
98.5 -9.84682
98.6 -9.84686
98.7 -9.84689
98.8 -9.84692
98.9 -9.84695
99 -9.84698
99.1 -9.84701
99.2 -9.84704
99.3 -9.84707
99.4 -9.8471
99.5 -9.84713
99.6 -9.84716
99.7 -9.8472
99.8 -9.84723
99.9 -9.84726
100 -9.84729
100.001 -10
