23.5005 0.000456778
23.503 0.000503249
23.5055 0.000554042
23.508 0.000609514
23.5105 0.000670052
23.513 0.000736068
23.5155 0.000808002
23.518 0.000886328
23.5205 0.000971548
23.523 0.0010642
23.5255 0.00116486
23.528 0.00127413
23.5305 0.00139268
23.533 0.00152118
23.5355 0.00166037
23.538 0.00181103
23.5405 0.00197399
23.543 0.00215013
23.5455 0.00234037
23.548 0.00254568
23.5505 0.00276712
23.553 0.00300577
23.5555 0.00326279
23.558 0.00353939
23.5605 0.00383685
23.563 0.00415653
23.5655 0.00449984
23.568 0.00486827
23.5705 0.00526337
23.573 0.00568679
23.5755 0.00614024
23.578 0.00662551
23.5805 0.00714447
23.583 0.0076991
23.5855 0.00829142
23.588 0.00892357
23.5905 0.00959777
23.593 0.0103163
23.5955 0.0110816
23.598 0.0118962
23.6006 0.0127626
23.6031 0.0136835
23.6056 0.0146617
23.6081 0.0157001
23.6106 0.0168016
23.6131 0.0179694
23.6156 0.0192065
23.6181 0.0205162
23.6206 0.0219019
23.6231 0.0233671
23.6256 0.0249152
23.6281 0.02655
23.6306 0.0282752
23.6331 0.0300945
23.6356 0.0320119
23.6381 0.0340313
23.6406 0.036157
23.6431 0.0383929
23.6456 0.0407434
23.6481 0.0432128
23.6506 0.0458054
23.6531 0.0485257
23.6556 0.0513781
23.6581 0.0543673
23.6606 0.0574978
23.6631 0.0607742
23.6656 0.0642014
23.6681 0.0677838
23.6706 0.0715264
23.6731 0.0754339
23.6756 0.079511
23.6781 0.0837624
23.6806 0.088193
23.6831 0.0928075
23.6856 0.0976106
23.6881 0.102607
23.6906 0.107801
23.6931 0.113198
23.6956 0.118802
23.6981 0.124618
23.7006 0.130649
23.7031 0.136901
23.7056 0.143377
23.7081 0.150082
23.7106 0.157019
23.7131 0.164193
23.7156 0.171606
23.7181 0.179263
23.7206 0.187167
23.7231 0.195321
23.7256 0.203728
23.7281 0.212391
23.7306 0.221312
23.7331 0.230494
23.7356 0.239939
23.7381 0.249649
23.7406 0.259626
23.7431 0.26987
23.7456 0.280384
23.7481 0.291167
23.7506 0.302221
23.7531 0.313546
23.7556 0.325142
23.7581 0.337008
23.7606 0.349144
23.7631 0.361548
23.7656 0.37422
23.7681 0.387158
23.7706 0.40036
23.7731 0.413823
23.7756 0.427545
23.7781 0.441523
23.7806 0.455754
23.7831 0.470233
23.7856 0.484957
23.7881 0.499921
23.7906 0.51512
23.7931 0.53055
23.7956 0.546204
23.7981 0.562077
23.8007 0.578163
23.8032 0.594454
23.8057 0.610945
23.8082 0.627627
23.8107 0.644494
23.8132 0.661537
23.8157 0.678748
23.8182 0.696118
23.8207 0.713639
23.8232 0.731301
23.8257 0.749095
23.8282 0.767012
23.8307 0.78504
23.8332 0.803171
23.8357 0.821393
23.8382 0.839696
23.8407 0.858068
23.8432 0.876499
23.8457 0.894978
23.8482 0.913492
23.8507 0.93203
23.8532 0.950581
23.8557 0.969132
23.8582 0.987671
23.8607 1.00619
23.8632 1.02466
23.8657 1.04309
23.8682 1.06146
23.8707 1.07976
23.8732 1.09797
23.8757 1.11608
23.8782 1.13408
23.8807 1.15196
23.8832 1.1697
23.8857 1.1873
23.8882 1.20473
23.8907 1.22199
23.8932 1.23907
23.8957 1.25595
23.8982 1.27263
23.9007 1.28908
23.9032 1.3053
23.9057 1.32129
23.9082 1.33701
23.9107 1.35248
23.9132 1.36767
23.9157 1.38258
23.9182 1.39719
23.9207 1.41149
23.9232 1.42548
23.9257 1.43915
23.9282 1.45249
23.9307 1.46549
23.9332 1.47813
23.9357 1.49042
23.9382 1.50235
23.9407 1.5139
23.9432 1.52507
23.9457 1.53586
23.9482 1.54626
23.9507 1.55626
23.9532 1.56585
23.9557 1.57504
23.9582 1.58382
23.9607 1.59218
23.9632 1.60011
23.9657 1.60763
23.9682 1.61471
23.9707 1.62137
23.9732 1.62759
23.9757 1.63338
23.9782 1.63873
23.9807 1.64364
23.9832 1.64812
23.9857 1.65215
23.9882 1.65575
23.9907 1.65891
23.9932 1.66163
23.9957 1.66392
23.9982 1.66577
24.0008 1.66719
24.0033 1.66817
24.0058 1.66873
24.0083 1.66886
24.0108 1.66856
24.0133 1.66785
24.0158 1.66672
24.0183 1.66518
24.0208 1.66323
24.0233 1.66087
24.0258 1.65812
24.0283 1.65498
24.0308 1.65144
24.0333 1.64753
24.0358 1.64323
24.0383 1.63857
24.0408 1.63354
24.0433 1.62816
24.0458 1.62242
24.0483 1.61634
24.0508 1.60992
24.0533 1.60317
24.0558 1.59609
24.0583 1.5887
24.0608 1.58101
24.0633 1.57301
24.0658 1.56472
24.0683 1.55614
24.0708 1.54729
24.0733 1.53817
24.0758 1.52878
24.0783 1.51915
24.0808 1.50927
24.0833 1.49915
24.0858 1.48881
24.0883 1.47824
24.0908 1.46746
24.0933 1.45648
24.0958 1.44531
24.0983 1.43395
24.1008 1.42241
24.1033 1.41069
24.1058 1.39882
24.1083 1.38679
24.1108 1.37462
24.1133 1.36231
24.1158 1.34987
24.1183 1.3373
24.1208 1.32462
24.1233 1.31184
24.1258 1.29895
24.1283 1.28598
24.1308 1.27292
24.1333 1.25978
24.1358 1.24657
24.1383 1.2333
24.1408 1.21998
24.1433 1.2066
24.1458 1.19319
24.1483 1.17974
24.1508 1.16626
24.1533 1.15275
24.1558 1.13923
24.1583 1.1257
24.1608 1.11217
24.1633 1.09864
24.1658 1.08511
24.1683 1.0716
24.1708 1.05811
24.1733 1.04464
24.1758 1.0312
24.1783 1.01779
24.1808 1.00442
24.1833 0.991089
24.1858 0.977809
24.1883 0.96458
24.1908 0.951408
24.1933 0.938295
24.1958 0.925247
24.1983 0.912266
24.2009 0.899356
24.2034 0.886522
24.2059 0.873765
24.2084 0.861091
24.2109 0.8485
24.2134 0.835998
24.2159 0.823585
24.2184 0.811266
24.2209 0.799042
24.2234 0.786917
24.2259 0.774891
24.2284 0.762968
24.2309 0.75115
24.2334 0.739438
24.2359 0.727835
24.2384 0.716341
24.2409 0.704959
24.2434 0.69369
24.2459 0.682536
24.2484 0.671497
24.2509 0.660576
24.2534 0.649772
24.2559 0.639087
24.2584 0.628521
24.2609 0.618076
24.2634 0.607753
24.2659 0.597551
24.2684 0.587471
24.2709 0.577514
24.2734 0.56768
24.2759 0.557969
24.2784 0.548382
24.2809 0.538918
24.2834 0.529578
24.2859 0.520362
24.2884 0.511268
24.2909 0.502299
24.2934 0.493452
24.2959 0.484728
24.2984 0.476126
24.3009 0.467646
24.3034 0.459288
24.3059 0.451051
24.3084 0.442934
24.3109 0.434937
24.3134 0.42706
24.3159 0.419301
24.3184 0.41166
24.3209 0.404135
24.3234 0.396728
24.3259 0.389435
24.3284 0.382257
24.3309 0.375193
24.3334 0.368241
24.3359 0.361402
24.3384 0.354672
24.3409 0.348053
24.3434 0.341543
24.3459 0.33514
24.3484 0.328843
24.3509 0.322652
24.3534 0.316566
24.3559 0.310583
24.3584 0.304702
24.3609 0.298922
24.3634 0.293242
24.3659 0.28766
24.3684 0.282176
24.3709 0.276789
24.3734 0.271496
24.3759 0.266298
24.3784 0.261192
24.3809 0.256177
24.3834 0.251253
24.3859 0.246418
24.3884 0.241671
24.3909 0.23701
24.3934 0.232435
24.3959 0.227944
24.3984 0.223537
24.401 0.219211
24.4035 0.214965
24.406 0.210799
24.4085 0.206711
24.411 0.202701
24.4135 0.198766
24.416 0.194905
24.4185 0.191119
24.421 0.187404
24.4235 0.183761
24.426 0.180188
24.4285 0.176684
24.431 0.173247
24.4335 0.169878
24.436 0.166573
24.4385 0.163334
24.441 0.160157
24.4435 0.157043
24.446 0.15399
24.4485 0.150998
24.451 0.148064
24.4535 0.145188
24.456 0.14237
24.4585 0.139608
24.461 0.1369
24.4635 0.134247
24.466 0.131647
24.4685 0.129099
24.471 0.126602
24.4735 0.124155
24.476 0.121758
24.4785 0.119409
24.481 0.117108
24.4835 0.114853
24.486 0.112644
24.4885 0.11048
24.491 0.10836
24.4935 0.106284
24.496 0.104249
24.4985 0.102256
24.501 0.100304
24.5035 0.0983921
24.506 0.0965192
24.5085 0.0946847
24.511 0.092888
24.5135 0.0911282
24.516 0.0894046
24.5185 0.0877166
24.521 0.0860633
24.5235 0.0844442
24.526 0.0828585
24.5285 0.0813056
24.531 0.0797849
24.5335 0.0782956
24.536 0.0768371
24.5385 0.0754089
24.541 0.0740103
24.5435 0.0726407
24.546 0.0712995
24.5485 0.0699862
24.551 0.0687001
24.5535 0.0674408
24.556 0.0662076
24.5585 0.0650001
24.561 0.0638177
24.5635 0.0626598
24.566 0.0615261
24.5685 0.0604159
24.571 0.0593288
24.5735 0.0582644
24.576 0.0572221
24.5785 0.0562015
24.581 0.0552021
24.5835 0.0542235
24.586 0.0532653
24.5885 0.052327
24.591 0.0514082
24.5935 0.0505085
24.596 0.0496276
24.5985 0.0487649
24.6011 0.0479202
24.6036 0.0470931
24.6061 0.0462831
24.6086 0.0454899
24.6111 0.0447132
24.6136 0.0439527
24.6161 0.0432079
24.6186 0.0424785
24.6211 0.0417643
24.6236 0.0410649
24.6261 0.0403799
24.6286 0.0397092
24.6311 0.0390523
24.6336 0.038409
24.6361 0.037779
24.6386 0.037162
24.6411 0.0365578
24.6436 0.035966
24.6461 0.0353865
24.6486 0.0348188
24.6511 0.0342629
24.6536 0.0337185
24.6561 0.0331852
24.6586 0.0326629
24.6611 0.0321514
24.6636 0.0316504
24.6661 0.0311596
24.6686 0.030679
24.6711 0.0302081
24.6736 0.029747
24.6761 0.0292953
24.6786 0.0288528
24.6811 0.0284194
24.6836 0.0279948
24.6861 0.0275789
24.6886 0.0271715
24.6911 0.0267725
24.6936 0.0263815
24.6961 0.0259986
24.6986 0.0256234
24.7011 0.0252559
24.7036 0.0248959
24.7061 0.0245432
24.7086 0.0241976
24.7111 0.0238591
24.7136 0.0235275
24.7161 0.0232026
24.7186 0.0228843
24.7211 0.0225724
24.7236 0.0222669
24.7261 0.0219675
24.7286 0.0216743
24.7311 0.0213869
24.7336 0.0211054
24.7361 0.0208296
24.7386 0.0205594
24.7411 0.0202946
24.7436 0.0200352
24.7461 0.0197811
24.7486 0.0195321
24.7511 0.0192881
24.7536 0.0190491
24.7561 0.0188149
24.7586 0.0185855
24.7611 0.0183607
24.7636 0.0181404
24.7661 0.0179246
24.7686 0.0177132
24.7711 0.0175061
24.7736 0.0173031
24.7761 0.0171043
24.7786 0.0169096
24.7811 0.0167188
24.7836 0.0165318
24.7861 0.0163487
24.7886 0.0161693
24.7911 0.0159936
24.7936 0.0158215
24.7961 0.0156529
24.7986 0.0154877
24.8012 0.015326
24.8037 0.0151675
24.8062 0.0150123
24.8087 0.0148604
24.8112 0.0147115
24.8137 0.0145658
24.8162 0.014423
24.8187 0.0142833
24.8212 0.0141464
24.8237 0.0140124
24.8262 0.0138813
24.8287 0.0137529
24.8312 0.0136271
24.8337 0.0135041
24.8362 0.0133837
24.8387 0.0132658
24.8412 0.0131505
24.8437 0.0130376
24.8462 0.0129272
24.8487 0.0128192
24.8512 0.0127135
24.8537 0.0126102
24.8562 0.0125091
24.8587 0.0124102
24.8612 0.0123136
24.8637 0.0122191
24.8662 0.0121268
24.8687 0.0120365
24.8712 0.0119483
24.8737 0.0118622
24.8762 0.011778
24.8787 0.0116958
24.8812 0.0116156
24.8837 0.0115372
24.8862 0.0114607
24.8887 0.0113861
24.8912 0.0113133
24.8937 0.0112423
24.8962 0.0111731
24.8987 0.0111056
24.9012 0.0110398
24.9037 0.0109757
24.9062 0.0109133
24.9087 0.0108526
24.9112 0.0107935
24.9137 0.010736
24.9162 0.0106801
24.9187 0.0106257
24.9212 0.0105729
24.9237 0.0105217
24.9262 0.0104719
24.9287 0.0104237
24.9312 0.0103769
24.9337 0.0103316
24.9362 0.0102877
24.9387 0.0102453
24.9412 0.0102042
24.9437 0.0101646
24.9462 0.0101264
24.9487 0.0100895
24.9512 0.010054
24.9537 0.0100198
24.9562 0.00998702
24.9587 0.00995552
24.9612 0.00992533
24.9637 0.00989645
24.9662 0.00986886
24.9687 0.00984255
24.9712 0.00981752
24.9737 0.00979375
24.9762 0.00977123
24.9787 0.00974997
24.9812 0.00972994
24.9837 0.00971115
24.9862 0.00969359
24.9887 0.00967725
24.9912 0.00966212
24.9937 0.0096482
24.9962 0.00963549
24.9987 0.00962397
25.0013 0.00961365
25.0038 0.00960453
25.0063 0.00959659
25.0088 0.00958984
25.0113 0.00958427
25.0138 0.00957988
25.0163 0.00957667
25.0188 0.00957463
25.0213 0.00957377
25.0238 0.00957409
25.0263 0.00957559
25.0288 0.00957825
25.0313 0.0095821
25.0338 0.00958712
25.0363 0.00959332
25.0388 0.0096007
25.0413 0.00960926
25.0438 0.009619
25.0463 0.00962993
25.0488 0.00964205
25.0513 0.00965536
25.0538 0.00966988
25.0563 0.00968559
25.0588 0.00970251
25.0613 0.00972064
25.0638 0.00973999
25.0663 0.00976056
25.0688 0.00978236
25.0713 0.0098054
25.0738 0.00982968
25.0763 0.00985521
25.0788 0.00988201
25.0813 0.00991007
25.0838 0.0099394
25.0863 0.00997002
25.0888 0.0100019
25.0913 0.0100352
25.0938 0.0100697
25.0963 0.0101056
25.0988 0.0101428
25.1013 0.0101813
25.1038 0.0102213
25.1063 0.0102625
25.1088 0.0103052
25.1113 0.0103493
25.1138 0.0103948
25.1163 0.0104418
25.1188 0.0104901
25.1213 0.01054
25.1238 0.0105913
25.1263 0.0106441
25.1288 0.0106985
25.1313 0.0107543
25.1338 0.0108118
25.1363 0.0108707
25.1388 0.0109313
25.1413 0.0109935
25.1438 0.0110573
25.1463 0.0111228
25.1488 0.0111899
25.1513 0.0112587
25.1538 0.0113293
25.1563 0.0114015
25.1588 0.0114756
25.1613 0.0115514
25.1638 0.0116291
25.1663 0.0117086
25.1688 0.0117899
25.1713 0.0118732
25.1738 0.0119583
25.1763 0.0120455
25.1788 0.0121346
25.1813 0.0122257
25.1838 0.0123189
25.1863 0.0124141
25.1888 0.0125115
25.1913 0.012611
25.1938 0.0127127
25.1963 0.0128165
25.1988 0.0129227
25.2014 0.0130311
25.2039 0.0131418
25.2064 0.0132549
25.2089 0.0133704
25.2114 0.0134883
25.2139 0.0136087
25.2164 0.0137317
25.2189 0.0138572
25.2214 0.0139853
25.2239 0.014116
25.2264 0.0142495
25.2289 0.0143857
25.2314 0.0145247
25.2339 0.0146666
25.2364 0.0148114
25.2389 0.0149591
25.2414 0.0151098
25.2439 0.0152635
25.2464 0.0154204
25.2489 0.0155804
25.2514 0.0157437
25.2539 0.0159102
25.2564 0.0160801
25.2589 0.0162534
25.2614 0.0164301
25.2639 0.0166104
25.2664 0.0167943
25.2689 0.0169818
25.2714 0.017173
25.2739 0.0173681
25.2764 0.017567
25.2789 0.0177699
25.2814 0.0179768
25.2839 0.0181878
25.2864 0.018403
25.2889 0.0186224
25.2914 0.0188461
25.2939 0.0190743
25.2964 0.0193069
25.2989 0.0195441
25.3014 0.0197861
25.3039 0.0200327
25.3064 0.0202842
25.3089 0.0205407
25.3114 0.0208022
25.3139 0.0210688
25.3164 0.0213407
25.3189 0.0216179
25.3214 0.0219006
25.3239 0.0221888
25.3264 0.0224826
25.3289 0.0227822
25.3314 0.0230877
25.3339 0.0233992
25.3364 0.0237168
25.3389 0.0240406
25.3414 0.0243708
25.3439 0.0247074
25.3464 0.0250506
25.3489 0.0254005
25.3514 0.0257573
25.3539 0.0261211
25.3564 0.026492
25.3589 0.0268702
25.3614 0.0272558
25.3639 0.0276489
25.3664 0.0280497
25.3689 0.0284584
25.3714 0.0288751
25.3739 0.0292999
25.3764 0.029733
25.3789 0.0301746
25.3814 0.0306249
25.3839 0.031084
25.3864 0.031552
25.3889 0.0320292
25.3914 0.0325157
25.3939 0.0330118
25.3964 0.0335175
25.3989 0.0340331
25.4015 0.0345588
25.404 0.0350948
25.4065 0.0356412
25.409 0.0361983
25.4115 0.0367663
25.414 0.0373453
25.4165 0.0379357
25.419 0.0385376
25.4215 0.0391512
25.424 0.0397767
25.4265 0.0404144
25.429 0.0410646
25.4315 0.0417274
25.434 0.0424031
25.4365 0.0430919
25.439 0.0437941
25.4415 0.0445099
25.444 0.0452396
25.4465 0.0459835
25.449 0.0467417
25.4515 0.0475147
25.454 0.0483026
25.4565 0.0491057
25.459 0.0499244
25.4615 0.0507588
25.464 0.0516093
25.4665 0.0524762
25.469 0.0533598
25.4715 0.0542603
25.474 0.0551781
25.4765 0.0561136
25.479 0.0570669
25.4815 0.0580385
25.484 0.0590286
25.4865 0.0600376
25.489 0.0610659
25.4915 0.0621137
25.494 0.0631814
25.4965 0.0642694
25.499 0.0653779
25.5015 0.0665075
25.504 0.0676583
25.5065 0.0688308
25.509 0.0700254
25.5115 0.0712424
25.514 0.0724822
25.5165 0.0737451
25.519 0.0750317
25.5215 0.0763422
25.524 0.077677
25.5265 0.0790366
25.529 0.0804214
25.5315 0.0818317
25.534 0.083268
25.5365 0.0847306
25.539 0.08622
25.5415 0.0877367
25.544 0.089281
25.5465 0.0908533
25.549 0.0924541
25.5515 0.0940838
25.554 0.0957429
25.5565 0.0974318
25.559 0.0991508
25.5615 0.100901
25.564 0.102681
25.5665 0.104494
25.569 0.106338
25.5715 0.108215
25.574 0.110125
25.5765 0.112068
25.579 0.114045
25.5815 0.116056
25.584 0.118102
25.5865 0.120183
25.589 0.122299
25.5915 0.124452
25.594 0.126641
25.5965 0.128867
25.599 0.13113
25.6016 0.133431
25.6041 0.135771
25.6066 0.138149
25.6091 0.140566
25.6116 0.143023
25.6141 0.14552
25.6166 0.148058
25.6191 0.150636
25.6216 0.153255
25.6241 0.155916
25.6266 0.158619
25.6291 0.161365
25.6316 0.164153
25.6341 0.166985
25.6366 0.16986
25.6391 0.172779
25.6416 0.175742
25.6441 0.17875
25.6466 0.181803
25.6491 0.184902
25.6516 0.188046
25.6541 0.191235
25.6566 0.194471
25.6591 0.197754
25.6616 0.201083
25.6641 0.204459
25.6666 0.207882
25.6691 0.211352
25.6716 0.21487
25.6741 0.218436
25.6766 0.222049
25.6791 0.225711
25.6816 0.22942
25.6841 0.233178
25.6866 0.236984
25.6891 0.240838
25.6916 0.24474
25.6941 0.248691
25.6966 0.25269
25.6991 0.256737
25.7016 0.260832
25.7041 0.264975
25.7066 0.269166
25.7091 0.273404
25.7116 0.27769
25.7141 0.282023
25.7166 0.286404
25.7191 0.29083
25.7216 0.295303
25.7241 0.299822
25.7266 0.304386
25.7291 0.308995
25.7316 0.313649
25.7341 0.318347
25.7366 0.323088
25.7391 0.327872
25.7416 0.332698
25.7441 0.337566
25.7466 0.342474
25.7491 0.347422
25.7516 0.35241
25.7541 0.357435
25.7566 0.362498
25.7591 0.367597
25.7616 0.372732
25.7641 0.3779
25.7666 0.383102
25.7691 0.388336
25.7716 0.393601
25.7741 0.398895
25.7766 0.404217
25.7791 0.409566
25.7816 0.41494
25.7841 0.420338
25.7866 0.425759
25.7891 0.4312
25.7916 0.436661
25.7941 0.442138
25.7966 0.447632
25.7991 0.453139
25.8017 0.458658
25.8042 0.464188
25.8067 0.469725
25.8092 0.475269
25.8117 0.480816
25.8142 0.486366
25.8167 0.491915
25.8192 0.497462
25.8217 0.503003
25.8242 0.508538
25.8267 0.514063
25.8292 0.519576
25.8317 0.525074
25.8342 0.530555
25.8367 0.536017
25.8392 0.541456
25.8417 0.54687
25.8442 0.552256
25.8467 0.557612
25.8492 0.562935
25.8517 0.568221
25.8542 0.573468
25.8567 0.578673
25.8592 0.583833
25.8617 0.588945
25.8642 0.594006
25.8667 0.599013
25.8692 0.603962
25.8717 0.608852
25.8742 0.613677
25.8767 0.618436
25.8792 0.623125
25.8817 0.627741
25.8842 0.632281
25.8867 0.636741
25.8892 0.641119
25.8917 0.64541
25.8942 0.649613
25.8967 0.653723
25.8992 0.657737
25.9017 0.661653
25.9042 0.665466
25.9067 0.669174
25.9092 0.672774
25.9117 0.676263
25.9142 0.679636
25.9167 0.682892
25.9192 0.686027
25.9217 0.689038
25.9242 0.691923
25.9267 0.694678
25.9292 0.6973
25.9317 0.699786
25.9342 0.702135
25.9367 0.704342
25.9392 0.706407
25.9417 0.708324
25.9442 0.710094
25.9467 0.711712
25.9492 0.713177
25.9517 0.714486
25.9542 0.715638
25.9567 0.716629
25.9592 0.717459
25.9617 0.718125
25.9642 0.718625
25.9667 0.718958
25.9692 0.719123
25.9717 0.719117
25.9742 0.718939
25.9767 0.718589
25.9792 0.718065
25.9817 0.717366
25.9842 0.716492
25.9867 0.715441
25.9892 0.714213
25.9917 0.712808
25.9942 0.711225
25.9967 0.709464
25.9992 0.707526
26.0018 0.70541
26.0043 0.703116
26.0068 0.700646
26.0093 0.697999
26.0118 0.695176
26.0143 0.692179
26.0168 0.689008
26.0193 0.685664
26.0218 0.682149
26.0243 0.678464
26.0268 0.674611
26.0293 0.670592
26.0318 0.666408
26.0343 0.662062
26.0368 0.657556
26.0393 0.652892
26.0418 0.648072
26.0443 0.6431
26.0468 0.637978
26.0493 0.63271
26.0518 0.627297
26.0543 0.621744
26.0568 0.616054
26.0593 0.610229
26.0618 0.604275
26.0643 0.598193
26.0668 0.59199
26.0693 0.585667
26.0718 0.579229
26.0743 0.572681
26.0768 0.566026
26.0793 0.559268
26.0818 0.552413
26.0843 0.545465
26.0868 0.538428
26.0893 0.531307
26.0918 0.524106
26.0943 0.51683
26.0968 0.509484
26.0993 0.502074
26.1018 0.494603
26.1043 0.487076
26.1068 0.479499
26.1093 0.471877
26.1118 0.464214
26.1143 0.456516
26.1168 0.448787
26.1193 0.441033
26.1218 0.433258
26.1243 0.425467
26.1268 0.417665
26.1293 0.409858
26.1318 0.40205
26.1343 0.394245
26.1368 0.38645
26.1393 0.378667
26.1418 0.370902
26.1443 0.36316
26.1468 0.355446
26.1493 0.347762
26.1518 0.340115
26.1543 0.332507
26.1568 0.324944
26.1593 0.317429
26.1618 0.309967
26.1643 0.302561
26.1668 0.295215
26.1693 0.287932
26.1718 0.280717
26.1743 0.273572
26.1768 0.266501
26.1793 0.259507
26.1818 0.252593
26.1843 0.245763
26.1868 0.239017
26.1893 0.232361
26.1918 0.225795
26.1943 0.219322
26.1968 0.212945
26.1993 0.206665
26.2019 0.200485
26.2044 0.194405
26.2069 0.188429
26.2094 0.182557
26.2119 0.176791
26.2144 0.171131
26.2169 0.16558
26.2194 0.160138
26.2219 0.154805
26.2244 0.149583
26.2269 0.144472
26.2294 0.139472
26.2319 0.134584
26.2344 0.129807
26.2369 0.125143
26.2394 0.12059
26.2419 0.116149
26.2444 0.11182
26.2469 0.107601
26.2494 0.103492
26.2519 0.099493
26.2544 0.0956029
26.2569 0.0918208
26.2594 0.0881459
26.2619 0.0845771
26.2644 0.0811133
26.2669 0.0777533
26.2694 0.0744959
26.2719 0.0713396
26.2744 0.0682832
26.2769 0.0653252
26.2794 0.0624639
26.2819 0.0596979
26.2844 0.0570256
26.2869 0.0544451
26.2894 0.0519548
26.2919 0.049553
26.2944 0.0472379
26.2969 0.0450075
26.2994 0.0428602
26.3019 0.0407939
26.3044 0.0388068
26.3069 0.036897
26.3094 0.0350626
26.3119 0.0333016
26.3144 0.0316121
26.3169 0.0299921
26.3194 0.0284398
26.3219 0.0269531
26.3244 0.0255303
26.3269 0.0241692
26.3294 0.0228682
26.3319 0.0216252
26.3344 0.0204383
26.3369 0.0193059
26.3394 0.0182259
26.3419 0.0171966
26.3444 0.0162163
26.3469 0.0152832
26.3494 0.0143955
26.3519 0.0135516
26.3544 0.0127498
26.3569 0.0119886
26.3594 0.0112662
26.3619 0.0105811
26.3644 0.00993187
26.3669 0.00931697
26.3694 0.00873497
26.3719 0.00818445
26.3744 0.00766405
26.3769 0.00717243
26.3794 0.00670829
26.3819 0.0062704
26.3844 0.00585752
26.3869 0.00546849
26.3894 0.00510216
26.3919 0.00475744
26.3944 0.00443327
26.3969 0.00412862
26.3994 0.00384251
26.402 0.00357398
26.4045 0.00332212
26.407 0.00308606
26.4095 0.00286496
26.412 0.002658
26.4145 0.00246441
26.417 0.00228346
26.4195 0.00211442
26.422 0.00195663
26.4245 0.00180943
26.427 0.00167222
26.4295 0.00154439
26.432 0.0014254
26.4345 0.0013147
26.437 0.0012118
26.4395 0.0011162
26.442 0.00102746
26.4445 0.000945132
26.447 0.000868816
26.4495 0.00079812
26.452 0.000732677
26.4545 0.000672141
26.457 0.000616182
26.4595 0.000564493
26.462 0.000516782
26.4645 0.000472774
26.467 0.000432212
26.4695 0.000394854
26.472 0.00036047
26.4745 0.000328848
26.477 0.000299788
26.4795 0.000273101
26.482 0.000248612
26.4845 0.000226156
26.487 0.00020558
26.4895 0.000186741
26.492 0.000169506
26.4945 0.000153748
26.497 0.000139354
26.4995 0.000126215
