0 -10
0.1 -10.126
0.2 -10.1259
0.3 -10.1258
0.4 -10.1257
0.5 -10.1255
0.6 -10.1254
0.7 -10.1253
0.8 -10.1251
0.9 -10.125
1 -10.1249
1.1 -10.1247
1.2 -10.1246
1.3 -10.1245
1.4 -10.1243
1.5 -10.1242
1.6 -10.124
1.7 -10.1239
1.8 -10.1238
1.9 -10.1236
2 -10.1235
2.1 -10.1234
2.2 -10.1232
2.3 -10.1231
2.4 -10.1229
2.5 -10.1228
2.6 -10.1226
2.7 -10.1225
2.8 -10.1224
2.9 -10.1222
3 -10.1221
3.1 -10.1219
3.2 -10.1218
3.3 -10.1216
3.4 -10.1215
3.5 -10.1213
3.6 -10.1212
3.7 -10.121
3.8 -10.1209
3.9 -10.1207
4 -10.1206
4.1 -10.1204
4.2 -10.1203
4.3 -10.1201
4.4 -10.12
4.5 -10.1198
4.6 -10.1197
4.7 -10.1195
4.8 -10.1194
4.9 -10.1192
5 -10.119
5.1 -10.1189
5.2 -10.1187
5.3 -10.1186
5.4 -10.1184
5.5 -10.1182
5.6 -10.1181
5.7 -10.1179
5.8 -10.1178
5.9 -10.1176
6 -10.1174
6.1 -10.1173
6.2 -10.1171
6.3 -10.1169
6.4 -10.1168
6.5 -10.1166
6.6 -10.1164
6.7 -10.1163
6.8 -10.1161
6.9 -10.1159
7 -10.1157
7.1 -10.1156
7.2 -10.1154
7.3 -10.1152
7.4 -10.115
7.5 -10.1149
7.6 -10.1147
7.7 -10.1145
7.8 -10.1143
7.9 -10.1141
8 -10.114
8.1 -10.1138
8.2 -10.1136
8.3 -10.1134
8.4 -10.1132
8.5 -10.113
8.6 -10.1128
8.7 -10.1127
8.8 -10.1125
8.9 -10.1123
9 -10.1121
9.1 -10.1119
9.2 -10.1117
9.3 -10.1115
9.4 -10.1113
9.5 -10.1111
9.6 -10.1109
9.7 -10.1107
9.8 -10.1105
9.9 -10.1103
10 -10.1101
10.1 -10.1099
10.2 -10.1097
10.3 -10.1095
10.4 -10.1093
10.5 -10.1091
10.6 -10.1089
10.7 -10.1087
10.8 -10.1085
10.9 -10.1083
11 -10.108
11.1 -10.1078
11.2 -10.1076
11.3 -10.1074
11.4 -10.1072
11.5 -10.107
11.6 -10.1067
11.7 -10.1065
11.8 -10.1063
11.9 -10.1061
12 -10.1058
12.1 -10.1056
12.2 -10.1054
12.3 -10.1052
12.4 -10.1049
12.5 -10.1047
12.6 -10.1045
12.7 -10.1042
12.8 -10.104
12.9 -10.1038
13 -10.1035
13.1 -10.1033
13.2 -10.103
13.3 -10.1028
13.4 -10.1026
13.5 -10.1023
13.6 -10.1021
13.7 -10.1018
13.8 -10.1016
13.9 -10.1013
14 -10.1011
14.1 -10.1008
14.2 -10.1005
14.3 -10.1003
14.4 -10.1
14.5 -10.0998
14.6 -10.0995
14.7 -10.0992
14.8 -10.099
14.9 -10.0987
15 -10.0984
15.1 -10.0982
15.2 -10.0979
15.3 -10.0976
15.4 -10.0973
15.5 -10.0971
15.6 -10.0968
15.7 -10.0965
15.8 -10.0962
15.9 -10.0959
16 -10.0957
16.1 -10.0954
16.2 -10.0951
16.3 -10.0948
16.4 -10.0945
16.5 -10.0942
16.6 -10.0939
16.7 -10.0936
16.8 -10.0933
16.9 -10.093
17 -10.0927
17.1 -10.0924
17.2 -10.0921
17.3 -10.0918
17.4 -10.0915
17.5 -10.0911
17.6 -10.0908
17.7 -10.0905
17.8 -10.0902
17.9 -10.0899
18 -10.0895
18.1 -10.0892
18.2 -10.0889
18.3 -10.0885
18.4 -10.0882
18.5 -10.0879
18.6 -10.0875
18.7 -10.0872
18.8 -10.0868
18.9 -10.0865
19 -10.0862
19.1 -10.0858
19.2 -10.0855
19.3 -10.0851
19.4 -10.0847
19.5 -10.0844
19.6 -10.084
19.7 -10.0837
19.8 -10.0833
19.9 -10.0829
20 -10.0826
20.1 -10.0822
20.2 -10.0818
20.3 -10.0814
20.4 -10.0811
20.5 -10.0807
20.6 -10.0803
20.7 -10.0799
20.8 -10.0795
20.9 -10.0791
21 -10.0787
21.1 -10.0783
21.2 -10.0779
21.3 -10.0775
21.4 -10.0771
21.5 -10.0767
21.6 -10.0763
21.7 -10.0759
21.8 -10.0755
21.9 -10.075
22 -10.0746
22.1 -10.0742
22.2 -10.0738
22.3 -10.0733
22.4 -10.0729
22.5 -10.0725
22.6 -10.072
22.7 -10.0716
22.8 -10.0711
22.9 -10.0707
23 -10.0702
23.1 -10.0698
23.2 -10.0693
23.3 -10.0689
23.4 -10.0684
23.5 -10.0679
23.6 -10.0675
23.7 -10.067
23.8 -10.0665
23.9 -10.066
24 -10.0655
24.1 -10.0651
24.2 -10.0646
24.3 -10.0641
24.4 -10.0636
24.5 -10.0631
24.6 -10.0626
24.7 -10.0621
24.8 -10.0616
24.9 -10.0611
25 -10.0606
25.1 -10.06
25.2 -10.0595
25.3 -10.059
25.4 -10.0585
25.5 -10.0579
25.6 -10.0574
25.7 -10.0569
25.8 -10.0563
25.9 -10.0558
26 -10.0553
26.1 -10.0547
26.2 -10.0542
26.3 -10.0536
26.4 -10.053
26.5 -10.0525
26.6 -10.0519
26.7 -10.0513
26.8 -10.0508
26.9 -10.0502
27 -10.0496
27.1 -10.049
27.2 -10.0485
27.3 -10.0479
27.4 -10.0473
27.5 -10.0467
27.6 -10.0461
27.7 -10.0455
27.8 -10.0449
27.9 -10.0443
28 -10.0437
28.1 -10.043
28.2 -10.0424
28.3 -10.0418
28.4 -10.0412
28.5 -10.0405
28.6 -10.0399
28.7 -10.0393
28.8 -10.0386
28.9 -10.038
29 -10.0374
29.1 -10.0367
29.2 -10.0361
29.3 -10.0354
29.4 -10.0347
29.5 -10.0341
29.6 -10.0334
29.7 -10.0327
29.8 -10.0321
29.9 -10.0314
30 -10.0307
30.1 -10.03
30.2 -10.0294
30.3 -10.0287
30.4 -10.028
30.5 -10.0273
30.6 -10.0266
30.7 -10.0259
30.8 -10.0252
30.9 -10.0245
31 -10.0238
31.1 -10.0231
31.2 -10.0224
31.3 -10.0216
31.4 -10.0209
31.5 -10.0202
31.6 -10.0195
31.7 -10.0188
31.8 -10.018
31.9 -10.0173
32 -10.0166
32.1 -10.0158
32.2 -10.0151
32.3 -10.0143
32.4 -10.0136
32.5 -10.0128
32.6 -10.0121
32.7 -10.0113
32.8 -10.0106
32.9 -10.0098
33 -10.0091
33.1 -10.0083
33.2 -10.0075
33.3 -10.0068
33.4 -10.006
33.5 -10.0052
33.6 -10.0045
33.7 -10.0037
33.8 -10.0029
33.9 -10.0021
34 -10.0014
34.1 -10.0006
34.2 -9.99978
34.3 -9.999
34.4 -9.99821
34.5 -9.99742
34.6 -9.99663
34.7 -9.99584
34.8 -9.99505
34.9 -9.99425
35 -9.99345
35.1 -9.99266
35.2 -9.99186
35.3 -9.99106
35.4 -9.99025
35.5 -9.98945
35.6 -9.98865
35.7 -9.98784
35.8 -9.98704
35.9 -9.98623
36 -9.98542
36.1 -9.98461
36.2 -9.9838
36.3 -9.98299
36.4 -9.98218
36.5 -9.98137
36.6 -9.98056
36.7 -9.97975
36.8 -9.97894
36.9 -9.97812
37 -9.97731
37.1 -9.9765
37.2 -9.97568
37.3 -9.97487
37.4 -9.97405
37.5 -9.97324
37.6 -9.97243
37.7 -9.97161
37.8 -9.9708
37.9 -9.96998
38 -9.96917
38.1 -9.96836
38.2 -9.96754
38.3 -9.96673
38.4 -9.96592
38.5 -9.96511
38.6 -9.9643
38.7 -9.96348
38.8 -9.96267
38.9 -9.96186
39 -9.96106
39.1 -9.96025
39.2 -9.95944
39.3 -9.95863
39.4 -9.95783
39.5 -9.95702
39.6 -9.95622
39.7 -9.95542
39.8 -9.95462
39.9 -9.95382
40 -9.95302
40.1 -9.95222
40.2 -9.95142
40.3 -9.95063
40.4 -9.94983
40.5 -9.94904
40.6 -9.94825
40.7 -9.94746
40.8 -9.94667
40.9 -9.94588
41 -9.9451
41.1 -9.94431
41.2 -9.94353
41.3 -9.94275
41.4 -9.94197
41.5 -9.9412
41.6 -9.94042
41.7 -9.93965
41.8 -9.93887
41.9 -9.9381
42 -9.93734
42.1 -9.93657
42.2 -9.93581
42.3 -9.93504
42.4 -9.93428
42.5 -9.93352
42.6 -9.93277
42.7 -9.93201
42.8 -9.93126
42.9 -9.93051
43 -9.92976
43.1 -9.92902
43.2 -9.92827
43.3 -9.92753
43.4 -9.92679
43.5 -9.92605
43.6 -9.92532
43.7 -9.92458
43.8 -9.92385
43.9 -9.92313
44 -9.9224
44.1 -9.92168
44.2 -9.92095
44.3 -9.92023
44.4 -9.91952
44.5 -9.9188
44.6 -9.91809
44.7 -9.91738
44.8 -9.91667
44.9 -9.91596
45 -9.91526
45.1 -9.91456
45.2 -9.91386
45.3 -9.91317
45.4 -9.91247
45.5 -9.91178
45.6 -9.91109
45.7 -9.9104
45.8 -9.90972
45.9 -9.90904
46 -9.90836
46.1 -9.90768
46.2 -9.907
46.3 -9.90633
46.4 -9.90566
46.5 -9.90499
46.6 -9.90433
46.7 -9.90366
46.8 -9.903
46.9 -9.90234
47 -9.90169
47.1 -9.90103
47.2 -9.90038
47.3 -9.89973
47.4 -9.89909
47.5 -9.89844
47.6 -9.8978
47.7 -9.89716
47.8 -9.89652
47.9 -9.89588
48 -9.89525
48.1 -9.89462
48.2 -9.89399
48.3 -9.89336
48.4 -9.89274
48.5 -9.89212
48.6 -9.8915
48.7 -9.89088
48.8 -9.89026
48.9 -9.88965
49 -9.88904
49.1 -9.88843
49.2 -9.88782
49.3 -9.88722
49.4 -9.88661
49.5 -9.88601
49.6 -9.88541
49.7 -9.88482
49.8 -9.88422
49.9 -9.88363
50 -9.88304
50.1 -9.88245
50.2 -9.88186
50.3 -9.88128
50.4 -9.88069
50.5 -9.88011
50.6 -9.87954
50.7 -9.87896
50.8 -9.87838
50.9 -9.87781
51 -9.87724
51.1 -9.87667
51.2 -9.8761
51.3 -9.87554
51.4 -9.87497
51.5 -9.87441
51.6 -9.87385
51.7 -9.87329
51.8 -9.87274
51.9 -9.87218
52 -9.87163
52.1 -9.87108
52.2 -9.87053
52.3 -9.86998
52.4 -9.86944
52.5 -9.86889
52.6 -9.86835
52.7 -9.86781
52.8 -9.86727
52.9 -9.86673
53 -9.8662
53.1 -9.86566
53.2 -9.86513
53.3 -9.8646
53.4 -9.86407
53.5 -9.86354
53.6 -9.86302
53.7 -9.86249
53.8 -9.86197
53.9 -9.86145
54 -9.86093
54.1 -9.86041
54.2 -9.85989
54.3 -9.85937
54.4 -9.85886
54.5 -9.85835
54.6 -9.85784
54.7 -9.85733
54.8 -9.85682
54.9 -9.85631
55 -9.8558
55.1 -9.8553
55.2 -9.8548
55.3 -9.8543
55.4 -9.85379
55.5 -9.8533
55.6 -9.8528
55.7 -9.8523
55.8 -9.85181
55.9 -9.85131
56 -9.85082
56.1 -9.85033
56.2 -9.84984
56.3 -9.84935
56.4 -9.84887
56.5 -9.84838
56.6 -9.84789
56.7 -9.84741
56.8 -9.84693
56.9 -9.84645
57 -9.84597
57.1 -9.84549
57.2 -9.84501
57.3 -9.84454
57.4 -9.84406
57.5 -9.84359
57.6 -9.84312
57.7 -9.84264
57.8 -9.84217
57.9 -9.84171
58 -9.84124
58.1 -9.84077
58.2 -9.8403
58.3 -9.83984
58.4 -9.83938
58.5 -9.83891
58.6 -9.83845
58.7 -9.83799
58.8 -9.83753
58.9 -9.83708
59 -9.83662
59.1 -9.83616
59.2 -9.83571
59.3 -9.83526
59.4 -9.8348
59.5 -9.83435
59.6 -9.8339
59.7 -9.83345
59.8 -9.83301
59.9 -9.83256
60 -9.83211
60.1 -9.83167
60.2 -9.83122
60.3 -9.83078
60.4 -9.83034
60.5 -9.8299
60.6 -9.82946
60.7 -9.82902
60.8 -9.82858
60.9 -9.82815
61 -9.82771
61.1 -9.82728
61.2 -9.82684
61.3 -9.82641
61.4 -9.82598
61.5 -9.82555
61.6 -9.82512
61.7 -9.82469
61.8 -9.82426
61.9 -9.82384
62 -9.82341
62.1 -9.82299
62.2 -9.82256
62.3 -9.82214
62.4 -9.82172
62.5 -9.8213
62.6 -9.82088
62.7 -9.82046
62.8 -9.82005
62.9 -9.81963
63 -9.81922
63.1 -9.8188
63.2 -9.81839
63.3 -9.81798
63.4 -9.81756
63.5 -9.81715
63.6 -9.81675
63.7 -9.81634
63.8 -9.81593
63.9 -9.81552
64 -9.81512
64.1 -9.81472
64.2 -9.81431
64.3 -9.81391
64.4 -9.81351
64.5 -9.81311
64.6 -9.81271
64.7 -9.81231
64.8 -9.81192
64.9 -9.81152
65 -9.81112
65.1 -9.81073
65.2 -9.81034
65.3 -9.80995
65.4 -9.80955
65.5 -9.80916
65.6 -9.80878
65.7 -9.80839
65.8 -9.808
65.9 -9.80762
66 -9.80723
66.1 -9.80685
66.2 -9.80646
66.3 -9.80608
66.4 -9.8057
66.5 -9.80532
66.6 -9.80494
66.7 -9.80457
66.8 -9.80419
66.9 -9.80382
67 -9.80344
67.1 -9.80307
67.2 -9.8027
67.3 -9.80232
67.4 -9.80195
67.5 -9.80158
67.6 -9.80122
67.7 -9.80085
67.8 -9.80048
67.9 -9.80012
68 -9.79975
68.1 -9.79939
68.2 -9.79903
68.3 -9.79867
68.4 -9.79831
68.5 -9.79795
68.6 -9.79759
68.7 -9.79724
68.8 -9.79688
68.9 -9.79653
69 -9.79617
69.1 -9.79582
69.2 -9.79547
69.3 -9.79512
69.4 -9.79477
69.5 -9.79442
69.6 -9.79407
69.7 -9.79373
69.8 -9.79338
69.9 -9.79304
70 -9.7927
70.1 -9.79236
70.2 -9.79201
70.3 -9.79167
70.4 -9.79134
70.5 -9.791
70.6 -9.79066
70.7 -9.79033
70.8 -9.78999
70.9 -9.78966
71 -9.78933
71.1 -9.789
71.2 -9.78867
71.3 -9.78834
71.4 -9.78801
71.5 -9.78768
71.6 -9.78736
71.7 -9.78703
71.8 -9.78671
71.9 -9.78639
72 -9.78607
72.1 -9.78575
72.2 -9.78543
72.3 -9.78511
72.4 -9.78479
72.5 -9.78447
72.6 -9.78416
72.7 -9.78385
72.8 -9.78353
72.9 -9.78322
73 -9.78291
73.1 -9.7826
73.2 -9.78229
73.3 -9.78198
73.4 -9.78168
73.5 -9.78137
73.6 -9.78107
73.7 -9.78077
73.8 -9.78046
73.9 -9.78016
74 -9.77986
74.1 -9.77956
74.2 -9.77927
74.3 -9.77897
74.4 -9.77867
74.5 -9.77838
74.6 -9.77808
74.7 -9.77779
74.8 -9.7775
74.9 -9.77721
75 -9.77692
75.1 -9.77663
75.2 -9.77634
75.3 -9.77606
75.4 -9.77577
75.5 -9.77549
75.6 -9.77521
75.7 -9.77492
75.8 -9.77464
75.9 -9.77436
76 -9.77408
76.1 -9.7738
76.2 -9.77353
76.3 -9.77325
76.4 -9.77298
76.5 -9.7727
76.6 -9.77243
76.7 -9.77216
76.8 -9.77189
76.9 -9.77162
77 -9.77135
77.1 -9.77108
77.2 -9.77081
77.3 -9.77055
77.4 -9.77028
77.5 -9.77002
77.6 -9.76976
77.7 -9.7695
77.8 -9.76923
77.9 -9.76897
78 -9.76872
78.1 -9.76846
78.2 -9.7682
78.3 -9.76795
78.4 -9.76769
78.5 -9.76744
78.6 -9.76718
78.7 -9.76693
78.8 -9.76668
78.9 -9.76643
79 -9.76618
79.1 -9.76594
79.2 -9.76569
79.3 -9.76544
79.4 -9.7652
79.5 -9.76495
79.6 -9.76471
79.7 -9.76447
79.8 -9.76423
79.9 -9.76399
80 -9.76375
80.1 -9.76351
80.2 -9.76327
80.3 -9.76303
80.4 -9.7628
80.5 -9.76256
80.6 -9.76233
80.7 -9.7621
80.8 -9.76187
80.9 -9.76164
81 -9.76141
81.1 -9.76118
81.2 -9.76095
81.3 -9.76072
81.4 -9.76049
81.5 -9.76027
81.6 -9.76004
81.7 -9.75982
81.8 -9.7596
81.9 -9.75938
82 -9.75915
82.1 -9.75893
82.2 -9.75872
82.3 -9.7585
82.4 -9.75828
82.5 -9.75806
82.6 -9.75785
82.7 -9.75763
82.8 -9.75742
82.9 -9.75721
83 -9.75699
83.1 -9.75678
83.2 -9.75657
83.3 -9.75636
83.4 -9.75615
83.5 -9.75594
83.6 -9.75574
83.7 -9.75553
83.8 -9.75533
83.9 -9.75512
84 -9.75492
84.1 -9.75471
84.2 -9.75451
84.3 -9.75431
84.4 -9.75411
84.5 -9.75391
84.6 -9.75371
84.7 -9.75351
84.8 -9.75332
84.9 -9.75312
85 -9.75292
85.1 -9.75273
85.2 -9.75254
85.3 -9.75234
85.4 -9.75215
85.5 -9.75196
85.6 -9.75177
85.7 -9.75158
85.8 -9.75139
85.9 -9.7512
86 -9.75101
86.1 -9.75082
86.2 -9.75064
86.3 -9.75045
86.4 -9.75027
86.5 -9.75008
86.6 -9.7499
86.7 -9.74972
86.8 -9.74953
86.9 -9.74935
87 -9.74917
87.1 -9.74899
87.2 -9.74881
87.3 -9.74864
87.4 -9.74846
87.5 -9.74828
87.6 -9.74811
87.7 -9.74793
87.8 -9.74776
87.9 -9.74758
88 -9.74741
88.1 -9.74724
88.2 -9.74706
88.3 -9.74689
88.4 -9.74672
88.5 -9.74655
88.6 -9.74638
88.7 -9.74622
88.8 -9.74605
88.9 -9.74588
89 -9.74572
89.1 -9.74555
89.2 -9.74538
89.3 -9.74522
89.4 -9.74506
89.5 -9.74489
89.6 -9.74473
89.7 -9.74457
89.8 -9.74441
89.9 -9.74425
90 -9.74409
90.1 -9.74393
90.2 -9.74377
90.3 -9.74361
90.4 -9.74346
90.5 -9.7433
90.6 -9.74314
90.7 -9.74299
90.8 -9.74283
90.9 -9.74268
91 -9.74253
91.1 -9.74237
91.2 -9.74222
91.3 -9.74207
91.4 -9.74192
91.5 -9.74177
91.6 -9.74162
91.7 -9.74147
91.8 -9.74132
91.9 -9.74117
92 -9.74103
92.1 -9.74088
92.2 -9.74073
92.3 -9.74059
92.4 -9.74044
92.5 -9.7403
92.6 -9.74016
92.7 -9.74001
92.8 -9.73987
92.9 -9.73973
93 -9.73959
93.1 -9.73945
93.2 -9.73931
93.3 -9.73917
93.4 -9.73903
93.5 -9.73889
93.6 -9.73875
93.7 -9.73861
93.8 -9.73848
93.9 -9.73834
94 -9.7382
94.1 -9.73807
94.2 -9.73793
94.3 -9.7378
94.4 -9.73766
94.5 -9.73753
94.6 -9.7374
94.7 -9.73727
94.8 -9.73714
94.9 -9.737
95 -9.73687
95.1 -9.73674
95.2 -9.73661
95.3 -9.73648
95.4 -9.73636
95.5 -9.73623
95.6 -9.7361
95.7 -9.73597
95.8 -9.73585
95.9 -9.73572
96 -9.7356
96.1 -9.73547
96.2 -9.73535
96.3 -9.73522
96.4 -9.7351
96.5 -9.73498
96.6 -9.73485
96.7 -9.73473
96.8 -9.73461
96.9 -9.73449
97 -9.73437
97.1 -9.73425
97.2 -9.73413
97.3 -9.73401
97.4 -9.73389
97.5 -9.73377
97.6 -9.73365
97.7 -9.73354
97.8 -9.73342
97.9 -9.7333
98 -9.73319
98.1 -9.73307
98.2 -9.73296
98.3 -9.73284
98.4 -9.73273
98.5 -9.73261
98.6 -9.7325
98.7 -9.73239
98.8 -9.73227
98.9 -9.73216
99 -9.73205
99.1 -9.73194
99.2 -9.73183
99.3 -9.73172
99.4 -9.73161
99.5 -9.7315
99.6 -9.73139
99.7 -9.73128
99.8 -9.73117
99.9 -9.73107
100 -9.73096
100.001 -10
