0 0.123479
0.1 0.134852
0.2 0.142996
0.3 0.14418
0.4 0.146497
0.5 0.155227
0.6 0.159384
0.7 0.15836
0.8 0.162296
0.9 0.167047
1 0.163928
1.1 0.167624
1.2 0.176534
1.3 0.169057
1.4 0.165991
1.5 0.163905
1.6 0.16825
1.7 0.184389
1.8 0.201475
1.9 0.203683
2 0.204736
2.1 0.204792
2.2 0.212503
2.3 0.207412
2.4 0.213142
2.5 0.225724
2.6 0.22838
2.7 0.221122
2.8 0.229416
2.9 0.234617
3 0.235557
3.1 0.23214
3.2 0.231347
3.3 0.240591
3.4 0.23067
3.5 0.239407
3.6 0.238497
3.7 0.253031
3.8 0.268103
3.9 0.25578
4 0.276978
4.1 0.272512
4.2 0.278783
4.3 0.262232
4.4 0.272129
4.5 0.275328
4.6 0.281936
4.7 0.293301
4.8 0.278584
4.9 0.296626
5 0.299492
5.1 0.30045
5.2 0.296279
5.3 0.299755
5.4 0.301244
5.5 0.300826
5.6 0.305045
5.7 0.32202
5.8 0.319465
5.9 0.313945
6 0.318236
6.1 0.308789
6.2 0.308382
6.3 0.317173
6.4 0.314694
6.5 0.317078
6.6 0.306662
6.7 0.314552
6.8 0.325578
6.9 0.328234
7 0.325196
7.1 0.340103
7.2 0.331045
7.3 0.334159
7.4 0.335678
7.5 0.335618
7.6 0.327653
7.7 0.335045
7.8 0.327146
7.9 0.337698
8 0.331098
8.1 0.318996
8.2 0.330666
8.3 0.34135
8.4 0.337962
8.5 0.342749
8.6 0.343393
8.7 0.340572
8.8 0.345514
8.9 0.333304
9 0.335847
9.1 0.341555
9.2 0.344072
9.3 0.348781
9.4 0.353664
9.5 0.341485
9.6 0.3372
9.7 0.343275
9.8 0.344444
9.9 0.339036
10 0.350766
10.1 0.353008
10.2 0.33264
10.3 0.351919
10.4 0.370207
10.5 0.364291
10.6 0.356797
10.7 0.365627
10.8 0.363806
10.9 0.354274
11 0.363146
11.1 0.367762
11.2 0.352231
11.3 0.366741
11.4 0.374346
11.5 0.37372
11.6 0.366497
11.7 0.370439
11.8 0.394316
11.9 0.385337
12 0.399591
12.1 0.3841
12.2 0.380099
12.3 0.381604
12.4 0.388343
12.5 0.388069
12.6 0.387146
12.7 0.402968
12.8 0.397944
12.9 0.386869
13 0.395272
13.1 0.397473
13.2 0.397744
13.3 0.412653
13.4 0.425644
13.5 0.433389
13.6 0.417309
13.7 0.424479
13.8 0.419973
13.9 0.428513
14 0.435323
14.1 0.432906
14.2 0.432272
14.3 0.450291
14.4 0.432317
14.5 0.444894
14.6 0.447218
14.7 0.449514
14.8 0.437462
14.9 0.439626
15 0.430725
15.1 0.435057
15.2 0.429782
15.3 0.435564
15.4 0.443791
15.5 0.448555
15.6 0.431573
15.7 0.428964
15.8 0.444264
15.9 0.44149
16 0.432429
16.1 0.433201
16.2 0.433671
16.3 0.432496
16.4 0.44055
16.5 0.445993
16.6 0.444852
16.7 0.437702
16.8 0.439213
16.9 0.434918
17 0.442058
17.1 0.448518
17.2 0.449834
17.3 0.445913
17.4 0.435841
17.5 0.452259
17.6 0.448252
17.7 0.438484
17.8 0.445565
17.9 0.440978
18 0.449281
18.1 0.452911
18.2 0.433927
18.3 0.43946
18.4 0.439357
18.5 0.434544
18.6 0.433678
18.7 0.435583
18.8 0.440405
18.9 0.453235
19 0.433523
19.1 0.43388
19.2 0.460058
19.3 0.464178
19.4 0.453373
19.5 0.454527
19.6 0.44731
19.7 0.459268
19.8 0.465813
19.9 0.455764
20 0.43905
20.1 0.432033
20.2 0.428875
20.3 0.452727
20.4 0.445991
20.5 0.455487
20.6 0.448503
20.7 0.447475
20.8 0.449746
20.9 0.442274
21 0.444084
21.1 0.451989
21.2 0.470549
21.3 0.469178
21.4 0.464939
21.5 0.46629
21.6 0.459479
21.7 0.47865
21.8 0.469678
21.9 0.48938
22 0.466815
22.1 0.472842
22.2 0.476307
22.3 0.474225
22.4 0.489236
22.5 0.477306
22.6 0.497397
22.7 0.470079
22.8 0.474602
22.9 0.487066
23 0.46995
23.1 0.48704
23.2 0.492844
23.3 0.483746
23.4 0.489844
23.5 0.48001
23.6 0.47814
23.7 0.480392
23.8 0.482649
23.9 0.485022
24 0.471324
24.1 0.480464
24.2 0.498085
24.3 0.49805
24.4 0.482162
24.5 0.478818
24.6 0.481539
24.7 0.4853
24.8 0.501003
24.9 0.478317
25 0.486737
25.1 0.476912
25.2 0.484499
25.3 0.47517
25.4 0.485728
25.5 0.485866
25.6 0.495403
25.7 0.484968
25.8 0.491121
25.9 0.489769
26 0.492939
26.1 0.490883
26.2 0.499238
26.3 0.505103
26.4 0.507901
26.5 0.474021
26.6 0.490337
26.7 0.480427
26.8 0.478332
26.9 0.49009
27 0.489526
27.1 0.486627
27.2 0.473386
27.3 0.468293
27.4 0.477545
27.5 0.490779
27.6 0.469626
27.7 0.477237
27.8 0.462831
27.9 0.461676
28 0.465018
28.1 0.473013
28.2 0.465684
28.3 0.488926
28.4 0.476402
28.5 0.481801
28.6 0.471319
28.7 0.456496
28.8 0.481876
28.9 0.487018
29 0.476728
29.1 0.484648
29.2 0.480839
29.3 0.488634
29.4 0.487393
29.5 0.50249
29.6 0.488433
29.7 0.494638
29.8 0.484742
29.9 0.486163
30 0.493213
30.1 0.490226
30.2 0.489362
30.3 0.48804
30.4 0.482091
30.5 0.482157
30.6 0.503639
30.7 0.487546
30.8 0.463375
30.9 0.484999
31 0.466271
31.1 0.5003
31.2 0.493139
31.3 0.499233
31.4 0.498818
31.5 0.498984
31.6 0.494338
31.7 0.484498
31.8 0.507798
31.9 0.485358
32 0.488602
32.1 0.496686
32.2 0.497454
32.3 0.490482
32.4 0.481824
32.5 0.492347
32.6 0.486885
32.7 0.497382
32.8 0.480611
32.9 0.477431
33 0.482211
33.1 0.489844
33.2 0.494599
33.3 0.508091
33.4 0.499653
33.5 0.499769
33.6 0.481568
33.7 0.494879
33.8 0.482007
33.9 0.495581
34 0.499172
34.1 0.513343
34.2 0.507558
34.3 0.507845
34.4 0.517576
34.5 0.514406
34.6 0.51474
34.7 0.50714
34.8 0.514516
34.9 0.507499
35 0.522443
35.1 0.517949
35.2 0.526841
35.3 0.527548
35.4 0.497759
35.5 0.510785
35.6 0.503511
35.7 0.508546
35.8 0.493258
35.9 0.517832
36 0.50932
36.1 0.515949
36.2 0.52056
36.3 0.543307
36.4 0.530693
36.5 0.522366
36.6 0.526159
36.7 0.513963
36.8 0.515548
36.9 0.50746
37 0.500844
37.1 0.505766
37.2 0.511818
37.3 0.518491
37.4 0.518805
37.5 0.524327
37.6 0.518409
37.7 0.510325
37.8 0.52493
37.9 0.521677
38 0.506271
38.1 0.496488
38.2 0.48662
38.3 0.510347
38.4 0.496555
38.5 0.495941
38.6 0.505347
38.7 0.495974
38.8 0.49832
38.9 0.499864
39 0.497481
39.1 0.470853
39.2 0.485175
39.3 0.495963
39.4 0.482173
39.5 0.476097
39.6 0.478236
39.7 0.479733
39.8 0.468054
39.9 0.472357
40 0.456379
40.1 0.452643
40.2 0.453711
40.3 0.452336
40.4 0.437735
40.5 0.4498
40.6 0.451738
40.7 0.442938
40.8 0.435864
40.9 0.428469
41 0.430227
41.1 0.422449
41.2 0.428087
41.3 0.427583
41.4 0.420147
41.5 0.424822
41.6 0.404905
41.7 0.409187
41.8 0.408823
41.9 0.415878
42 0.400517
42.1 0.391872
42.2 0.404273
42.3 0.393292
42.4 0.388684
42.5 0.396467
42.6 0.388625
42.7 0.386548
42.8 0.397276
42.9 0.381577
43 0.388097
43.1 0.366235
43.2 0.379724
43.3 0.376743
43.4 0.360027
43.5 0.363821
43.6 0.345152
43.7 0.351114
43.8 0.345915
43.9 0.326518
44 0.324312
44.1 0.314349
44.2 0.309925
44.3 0.313508
44.4 0.308613
44.5 0.290733
44.6 0.299397
44.7 0.289524
44.8 0.297666
44.9 0.276686
45 0.289475
45.1 0.293823
45.2 0.302183
45.3 0.291821
45.4 0.279788
45.5 0.276168
45.6 0.290371
45.7 0.287329
45.8 0.270601
45.9 0.279614
46 0.282903
46.1 0.288276
46.2 0.278049
46.3 0.274564
46.4 0.287767
46.5 0.272212
46.6 0.266863
46.7 0.272118
46.8 0.265532
46.9 0.269055
47 0.272781
47.1 0.272662
47.2 0.258235
47.3 0.250769
47.4 0.255966
47.5 0.263592
47.6 0.2513
47.7 0.246477
47.8 0.259513
47.9 0.2516
48 0.246285
48.1 0.238853
48.2 0.240723
48.3 0.234955
48.4 0.233416
48.5 0.220787
48.6 0.228128
48.7 0.233774
48.8 0.223318
48.9 0.221365
49 0.224881
49.1 0.199759
49.2 0.212483
49.3 0.196728
49.4 0.212901
49.5 0.20438
49.6 0.213427
49.7 0.221414
49.8 0.214774
49.9 0.214863
50 0.206101
50.1 0.203765
50.2 0.195633
50.3 0.199541
50.4 0.197472
50.5 0.197562
50.6 0.18625
50.7 0.194717
50.8 0.191313
50.9 0.194208
51 0.1978
51.1 0.192875
51.2 0.19496
51.3 0.19618
51.4 0.193186
51.5 0.190362
51.6 0.198253
51.7 0.201091
51.8 0.197949
51.9 0.197473
52 0.205482
52.1 0.190138
52.2 0.179285
52.3 0.185878
52.4 0.174313
52.5 0.171871
52.6 0.169252
52.7 0.168045
52.8 0.159695
52.9 0.175401
53 0.165428
53.1 0.175502
53.2 0.169246
53.3 0.154905
53.4 0.15688
53.5 0.154232
53.6 0.158797
53.7 0.157959
53.8 0.155107
53.9 0.157664
54 0.155764
54.1 0.155048
54.2 0.160331
54.3 0.161747
54.4 0.154562
54.5 0.155335
54.6 0.154353
54.7 0.161167
54.8 0.163821
54.9 0.171898
55 0.167938
55.1 0.165867
55.2 0.173004
55.3 0.171673
55.4 0.17078
55.5 0.170869
55.6 0.169188
55.7 0.172862
55.8 0.178137
55.9 0.17973
56 0.172112
56.1 0.171919
56.2 0.164946
56.3 0.172962
56.4 0.161764
56.5 0.166246
56.6 0.163839
56.7 0.156736
56.8 0.151877
56.9 0.156802
57 0.151889
57.1 0.152279
57.2 0.157215
57.3 0.164477
57.4 0.173323
57.5 0.158754
57.6 0.158994
57.7 0.161281
57.8 0.164906
57.9 0.172214
58 0.157507
58.1 0.151358
58.2 0.156823
58.3 0.151233
58.4 0.154466
58.5 0.159457
58.6 0.172353
58.7 0.162647
58.8 0.169805
58.9 0.166332
59 0.167772
59.1 0.16745
59.2 0.173303
59.3 0.168265
59.4 0.172327
59.5 0.176525
59.6 0.169812
59.7 0.164414
59.8 0.1677
59.9 0.167765
60 0.16078
60.1 0.161534
60.2 0.169245
60.3 0.162036
60.4 0.163055
60.5 0.164083
60.6 0.163035
60.7 0.16774
60.8 0.168178
60.9 0.167322
61 0.159086
61.1 0.169775
61.2 0.170561
61.3 0.165568
61.4 0.171212
61.5 0.172985
61.6 0.176351
61.7 0.164923
61.8 0.163214
61.9 0.164388
62 0.166
62.1 0.171856
62.2 0.162297
62.3 0.167188
62.4 0.173705
62.5 0.172803
62.6 0.166706
62.7 0.174672
62.8 0.176677
62.9 0.176055
63 0.18505
63.1 0.169881
63.2 0.178746
63.3 0.173173
63.4 0.172876
63.5 0.174473
63.6 0.18627
63.7 0.184631
63.8 0.183085
63.9 0.184825
64 0.169813
64.1 0.175671
64.2 0.170551
64.3 0.175799
64.4 0.170022
64.5 0.187528
64.6 0.183064
64.7 0.193101
64.8 0.191057
64.9 0.176023
65 0.18063
65.1 0.181235
65.2 0.183601
65.3 0.183294
65.4 0.182786
65.5 0.187167
65.6 0.194472
65.7 0.190979
65.8 0.19711
65.9 0.190712
66 0.199328
66.1 0.18756
66.2 0.180787
66.3 0.179124
66.4 0.175173
66.5 0.170203
66.6 0.175348
66.7 0.174226
66.8 0.178394
66.9 0.172483
67 0.187836
67.1 0.192479
67.2 0.182768
67.3 0.194987
67.4 0.185994
67.5 0.19251
67.6 0.182971
67.7 0.188995
67.8 0.19299
67.9 0.192748
68 0.18102
68.1 0.184481
68.2 0.166528
68.3 0.176991
68.4 0.179179
68.5 0.168395
68.6 0.177374
68.7 0.173032
68.8 0.178903
68.9 0.170986
69 0.171808
69.1 0.173232
69.2 0.167158
69.3 0.159776
69.4 0.155901
69.5 0.163797
69.6 0.172159
69.7 0.17866
69.8 0.180872
69.9 0.171725
70 0.175853
70.1 0.176509
70.2 0.168519
70.3 0.172115
70.4 0.169681
70.5 0.16866
70.6 0.176704
70.7 0.177563
70.8 0.162933
70.9 0.170094
71 0.159618
71.1 0.174052
71.2 0.168508
71.3 0.177149
71.4 0.173773
71.5 0.177536
71.6 0.163896
71.7 0.163276
71.8 0.176859
71.9 0.172739
72 0.162863
72.1 0.173297
72.2 0.183385
72.3 0.175389
72.4 0.172229
72.5 0.16633
72.6 0.153322
72.7 0.164369
72.8 0.159454
72.9 0.156095
73 0.165714
73.1 0.166272
73.2 0.168191
73.3 0.169023
73.4 0.164035
73.5 0.174026
73.6 0.174616
73.7 0.163758
73.8 0.165944
73.9 0.167384
74 0.161653
74.1 0.160211
74.2 0.164106
74.3 0.16905
74.4 0.173663
74.5 0.163252
74.6 0.177671
74.7 0.169451
74.8 0.177018
74.9 0.170626
75 0.16409
75.1 0.166635
75.2 0.160217
75.3 0.170802
75.4 0.175419
75.5 0.167292
75.6 0.173975
75.7 0.167467
75.8 0.157351
75.9 0.17003
76 0.159053
76.1 0.164089
76.2 0.16814
76.3 0.163828
76.4 0.165612
76.5 0.162413
76.6 0.16456
76.7 0.164888
76.8 0.169447
76.9 0.171659
77 0.159739
77.1 0.159773
77.2 0.163543
77.3 0.157363
77.4 0.153671
77.5 0.148852
77.6 0.154699
77.7 0.149598
77.8 0.154307
77.9 0.149886
78 0.159956
78.1 0.157287
78.2 0.15268
78.3 0.159271
78.4 0.15234
78.5 0.15469
78.6 0.153187
78.7 0.163241
78.8 0.151999
78.9 0.153604
79 0.153065
79.1 0.156789
79.2 0.165156
79.3 0.155261
79.4 0.144184
79.5 0.148825
79.6 0.148335
79.7 0.158498
79.8 0.147757
79.9 0.145618
80 0.142095
80.1 0.154892
80.2 0.152622
80.3 0.147577
80.4 0.147874
80.5 0.148496
80.6 0.146316
80.7 0.150912
80.8 0.151989
80.9 0.149242
81 0.15728
81.1 0.150486
81.2 0.162619
81.3 0.164872
81.4 0.154246
81.5 0.152417
81.6 0.160872
81.7 0.153219
81.8 0.150597
81.9 0.157867
82 0.1453
82.1 0.148482
82.2 0.151745
82.3 0.15864
82.4 0.15682
82.5 0.1496
82.6 0.153511
82.7 0.154437
82.8 0.155312
82.9 0.154221
83 0.148562
83.1 0.147402
83.2 0.147123
83.3 0.143081
83.4 0.151915
83.5 0.146697
83.6 0.148235
83.7 0.158096
83.8 0.14879
83.9 0.145819
84 0.153553
84.1 0.164507
84.2 0.154945
84.3 0.145218
84.4 0.158948
84.5 0.15844
84.6 0.15329
84.7 0.155274
84.8 0.166652
84.9 0.155567
85 0.162441
85.1 0.156492
85.2 0.1556
85.3 0.159893
85.4 0.151626
85.5 0.143914
85.6 0.149576
85.7 0.147086
85.8 0.138896
85.9 0.137413
86 0.139133
86.1 0.145582
86.2 0.141338
86.3 0.139782
86.4 0.143023
86.5 0.141568
86.6 0.149228
86.7 0.142478
86.8 0.151629
86.9 0.13899
87 0.138552
87.1 0.142972
87.2 0.152199
87.3 0.146438
87.4 0.146642
87.5 0.14839
87.6 0.144506
87.7 0.134587
87.8 0.134824
87.9 0.128427
88 0.136105
88.1 0.148032
88.2 0.14003
88.3 0.143514
88.4 0.136419
88.5 0.14291
88.6 0.142871
88.7 0.143534
88.8 0.138612
88.9 0.13288
89 0.125786
89.1 0.132477
89.2 0.135162
89.3 0.130867
89.4 0.13479
89.5 0.136955
89.6 0.137944
89.7 0.133888
89.8 0.137521
89.9 0.135213
90 0.137873
90.1 0.122775
90.2 0.134134
90.3 0.142025
90.4 0.13535
90.5 0.140464
90.6 0.137597
90.7 0.135509
90.8 0.135087
90.9 0.139592
91 0.141899
91.1 0.12675
91.2 0.132026
91.3 0.126207
91.4 0.134874
91.5 0.136884
91.6 0.143668
91.7 0.140022
91.8 0.141701
91.9 0.135485
92 0.130154
92.1 0.133096
92.2 0.13447
92.3 0.138197
92.4 0.14283
92.5 0.131421
92.6 0.146677
92.7 0.144622
92.8 0.152792
92.9 0.148168
93 0.147333
93.1 0.144114
93.2 0.134968
93.3 0.124432
93.4 0.117683
93.5 0.103896
93.6 0.119937
93.7 0.118978
93.8 0.116607
93.9 0.105636
94 0.108467
94.1 0.113734
94.2 0.111699
94.3 0.118798
94.4 0.116532
94.5 0.125367
94.6 0.123958
94.7 0.127971
94.8 0.126795
94.9 0.125191
95 0.130978
95.1 0.134258
95.2 0.130985
95.3 0.122635
95.4 0.121349
95.5 0.125509
95.6 0.120579
95.7 0.119419
95.8 0.119803
95.9 0.122066
96 0.113457
96.1 0.125485
96.2 0.125254
96.3 0.133448
96.4 0.123611
96.5 0.128339
96.6 0.134748
96.7 0.140155
96.8 0.148768
96.9 0.148602
97 0.151519
97.1 0.149002
97.2 0.147294
97.3 0.135611
97.4 0.155591
97.5 0.151191
97.6 0.145373
97.7 0.148572
97.8 0.148803
97.9 0.16315
98 0.164472
98.1 0.14459
98.2 0.146609
98.3 0.142701
98.4 0.155305
98.5 0.149863
98.6 0.14671
98.7 0.151259
98.8 0.138131
98.9 0.144137
99 0.146305
99.1 0.142688
99.2 0.133955
99.3 0.138944
99.4 0.138456
99.5 0.146654
99.6 0.148328
99.7 0.143801
99.8 0.136339
99.9 0.139228
100 0.133748
