28.5005 0.000848279
28.503 0.000933696
28.5055 0.00102695
28.508 0.00112868
28.5105 0.00123958
28.513 0.00136037
28.5155 0.00149184
28.518 0.00163483
28.5205 0.00179022
28.523 0.00195896
28.5255 0.00214207
28.528 0.00234061
28.5305 0.00255573
28.533 0.00278863
28.5355 0.0030406
28.538 0.003313
28.5405 0.00360727
28.543 0.00392492
28.5455 0.00426757
28.548 0.00463691
28.5505 0.00503474
28.553 0.00546293
28.5555 0.00592347
28.558 0.00641845
28.5605 0.00695006
28.563 0.0075206
28.5655 0.00813249
28.568 0.00878826
28.5705 0.00949054
28.573 0.0102421
28.5755 0.0110459
28.578 0.0119048
28.5805 0.0128222
28.583 0.0138011
28.5855 0.0148451
28.588 0.0159577
28.5905 0.0171426
28.593 0.0184036
28.5955 0.0197446
28.598 0.0211699
28.6006 0.0226836
28.6031 0.0242901
28.6056 0.025994
28.6081 0.0278
28.6106 0.0297128
28.6131 0.0317375
28.6156 0.0338791
28.6181 0.0361429
28.6206 0.0385343
28.6231 0.0410588
28.6256 0.0437219
28.6281 0.0465296
28.6306 0.0494877
28.6331 0.0526021
28.6356 0.0558791
28.6381 0.0593249
28.6406 0.0629458
28.6431 0.0667482
28.6456 0.0707387
28.6481 0.0749238
28.6506 0.0793103
28.6531 0.0839049
28.6556 0.0887143
28.6581 0.0937455
28.6606 0.0990054
28.6631 0.104501
28.6656 0.110239
28.6681 0.116226
28.6706 0.122469
28.6731 0.128976
28.6756 0.135752
28.6781 0.142806
28.6806 0.150143
28.6831 0.15777
28.6856 0.165695
28.6881 0.173922
28.6906 0.182459
28.6931 0.191312
28.6956 0.200487
28.6981 0.20999
28.7006 0.219826
28.7031 0.230001
28.7056 0.24052
28.7081 0.251389
28.7106 0.262612
28.7131 0.274193
28.7156 0.286138
28.7181 0.298449
28.7206 0.311131
28.7231 0.324186
28.7256 0.337618
28.7281 0.35143
28.7306 0.365623
28.7331 0.380199
28.7356 0.39516
28.7381 0.410506
28.7406 0.426239
28.7431 0.442358
28.7456 0.458864
28.7481 0.475754
28.7506 0.493029
28.7531 0.510685
28.7556 0.528721
28.7581 0.547135
28.7606 0.565922
28.7631 0.585079
28.7656 0.604602
28.7681 0.624486
28.7706 0.644725
28.7731 0.665313
28.7756 0.686244
28.7781 0.707511
28.7806 0.729107
28.7831 0.751022
28.7856 0.77325
28.7881 0.79578
28.7906 0.818602
28.7931 0.841708
28.7956 0.865085
28.7981 0.888724
28.8007 0.912611
28.8032 0.936735
28.8057 0.961084
28.8082 0.985644
28.8107 1.0104
28.8132 1.03534
28.8157 1.06045
28.8182 1.08572
28.8207 1.11112
28.8232 1.13665
28.8257 1.16229
28.8282 1.18801
28.8307 1.21382
28.8332 1.23968
28.8357 1.26558
28.8382 1.29151
28.8407 1.31744
28.8432 1.34336
28.8457 1.36926
28.8482 1.3951
28.8507 1.42088
28.8532 1.44658
28.8557 1.47218
28.8582 1.49765
28.8607 1.52299
28.8632 1.54817
28.8657 1.57318
28.8682 1.59799
28.8707 1.62259
28.8732 1.64697
28.8757 1.67109
28.8782 1.69495
28.8807 1.71853
28.8832 1.7418
28.8857 1.76476
28.8882 1.78739
28.8907 1.80966
28.8932 1.83157
28.8957 1.85309
28.8982 1.87422
28.9007 1.89493
28.9032 1.91521
28.9057 1.93505
28.9082 1.95444
28.9107 1.97335
28.9132 1.99178
28.9157 2.00971
28.9182 2.02713
28.9207 2.04403
28.9232 2.0604
28.9257 2.07622
28.9282 2.0915
28.9307 2.10621
28.9332 2.12035
28.9357 2.13391
28.9382 2.14689
28.9407 2.15926
28.9432 2.17104
28.9457 2.18221
28.9482 2.19277
28.9507 2.20271
28.9532 2.21202
28.9557 2.22071
28.9582 2.22877
28.9607 2.2362
28.9632 2.24299
28.9657 2.24915
28.9682 2.25468
28.9707 2.25956
28.9732 2.26381
28.9757 2.26743
28.9782 2.27041
28.9807 2.27276
28.9832 2.27448
28.9857 2.27557
28.9882 2.27604
28.9907 2.2759
28.9932 2.27514
28.9957 2.27377
28.9982 2.27179
29.0008 2.26922
29.0033 2.26606
29.0058 2.26231
29.0083 2.25799
29.0108 2.2531
29.0133 2.24765
29.0158 2.24164
29.0183 2.23509
29.0208 2.22801
29.0233 2.2204
29.0258 2.21227
29.0283 2.20364
29.0308 2.19451
29.0333 2.1849
29.0358 2.17481
29.0383 2.16427
29.0408 2.15327
29.0433 2.14182
29.0458 2.12996
29.0483 2.11767
29.0508 2.10498
29.0533 2.09189
29.0558 2.07843
29.0583 2.06459
29.0608 2.0504
29.0633 2.03586
29.0658 2.02099
29.0683 2.00581
29.0708 1.99031
29.0733 1.97452
29.0758 1.95845
29.0783 1.94211
29.0808 1.92551
29.0833 1.90867
29.0858 1.8916
29.0883 1.8743
29.0908 1.8568
29.0933 1.8391
29.0958 1.82121
29.0983 1.80316
29.1008 1.78494
29.1033 1.76657
29.1058 1.74807
29.1083 1.72944
29.1108 1.7107
29.1133 1.69185
29.1158 1.67291
29.1183 1.65388
29.1208 1.63478
29.1233 1.61563
29.1258 1.59642
29.1283 1.57716
29.1308 1.55788
29.1333 1.53857
29.1358 1.51925
29.1383 1.49993
29.1408 1.48061
29.1433 1.4613
29.1458 1.44202
29.1483 1.42276
29.1508 1.40354
29.1533 1.38437
29.1558 1.36525
29.1583 1.34619
29.1608 1.3272
29.1633 1.30828
29.1658 1.28945
29.1683 1.2707
29.1708 1.25204
29.1733 1.23348
29.1758 1.21503
29.1783 1.19669
29.1808 1.17846
29.1833 1.16036
29.1858 1.14238
29.1883 1.12453
29.1908 1.10681
29.1933 1.08924
29.1958 1.0718
29.1983 1.05451
29.2009 1.03738
29.2034 1.02039
29.2059 1.00356
29.2084 0.986894
29.2109 0.970387
29.2134 0.954046
29.2159 0.937871
29.2184 0.921866
29.2209 0.906033
29.2234 0.890374
29.2259 0.874889
29.2284 0.859582
29.2309 0.844453
29.2334 0.829503
29.2359 0.814735
29.2384 0.800148
29.2409 0.785743
29.2434 0.771522
29.2459 0.757485
29.2484 0.743631
29.2509 0.729963
29.2534 0.716479
29.2559 0.70318
29.2584 0.690066
29.2609 0.677137
29.2634 0.664392
29.2659 0.651832
29.2684 0.639455
29.2709 0.627261
29.2734 0.61525
29.2759 0.60342
29.2784 0.591772
29.2809 0.580303
29.2834 0.569014
29.2859 0.557903
29.2884 0.546969
29.2909 0.536211
29.2934 0.525628
29.2959 0.515218
29.2984 0.504981
29.3009 0.494914
29.3034 0.485016
29.3059 0.475286
29.3084 0.465723
29.3109 0.456324
29.3134 0.447089
29.3159 0.438015
29.3184 0.429101
29.3209 0.420345
29.3234 0.411745
29.3259 0.403301
29.3284 0.395009
29.3309 0.386868
29.3334 0.378876
29.3359 0.371032
29.3384 0.363334
29.3409 0.355779
29.3434 0.348366
29.3459 0.341094
29.3484 0.333959
29.3509 0.32696
29.3534 0.320096
29.3559 0.313364
29.3584 0.306763
29.3609 0.300291
29.3634 0.293945
29.3659 0.287724
29.3684 0.281625
29.3709 0.275648
29.3734 0.26979
29.3759 0.264049
29.3784 0.258424
29.3809 0.252912
29.3834 0.247512
29.3859 0.242221
29.3884 0.237039
29.3909 0.231962
29.3934 0.226991
29.3959 0.222121
29.3984 0.217353
29.401 0.212683
29.4035 0.208111
29.406 0.203635
29.4085 0.199252
29.411 0.194962
29.4135 0.190762
29.416 0.186651
29.4185 0.182627
29.421 0.178689
29.4235 0.174835
29.426 0.171063
29.4285 0.167372
29.431 0.16376
29.4335 0.160227
29.436 0.156769
29.4385 0.153386
29.441 0.150077
29.4435 0.14684
29.446 0.143673
29.4485 0.140575
29.451 0.137545
29.4535 0.134581
29.456 0.131683
29.4585 0.128848
29.461 0.126075
29.4635 0.123364
29.466 0.120712
29.4685 0.11812
29.471 0.115584
29.4735 0.113105
29.476 0.110681
29.4785 0.108311
29.481 0.105994
29.4835 0.103728
29.486 0.101513
29.4885 0.0993473
29.491 0.0972303
29.4935 0.0951606
29.496 0.0931373
29.4985 0.0911595
29.501 0.0892261
29.5035 0.0873361
29.506 0.0854887
29.5085 0.0836828
29.511 0.0819177
29.5135 0.0801923
29.516 0.0785059
29.5185 0.0768575
29.521 0.0752464
29.5235 0.0736717
29.526 0.0721325
29.5285 0.0706282
29.531 0.0691579
29.5335 0.0677209
29.536 0.0663164
29.5385 0.0649437
29.541 0.0636022
29.5435 0.062291
29.546 0.0610095
29.5485 0.059757
29.551 0.058533
29.5535 0.0573366
29.556 0.0561674
29.5585 0.0550247
29.561 0.0539079
29.5635 0.0528164
29.566 0.0517496
29.5685 0.050707
29.571 0.0496879
29.5735 0.048692
29.576 0.0477186
29.5785 0.0467673
29.581 0.0458374
29.5835 0.0449286
29.586 0.0440404
29.5885 0.0431722
29.591 0.0423236
29.5935 0.0414942
29.596 0.0406835
29.5985 0.0398911
29.6011 0.0391166
29.6036 0.0383595
29.6061 0.0376194
29.6086 0.0368961
29.6111 0.0361889
29.6136 0.0354977
29.6161 0.034822
29.6186 0.0341615
29.6211 0.0335158
29.6236 0.0328846
29.6261 0.0322675
29.6286 0.0316642
29.6311 0.0310744
29.6336 0.0304978
29.6361 0.029934
29.6386 0.0293828
29.6411 0.0288439
29.6436 0.028317
29.6461 0.0278019
29.6486 0.0272981
29.6511 0.0268056
29.6536 0.026324
29.6561 0.025853
29.6586 0.0253925
29.6611 0.0249422
29.6636 0.0245018
29.6661 0.0240711
29.6686 0.0236499
29.6711 0.023238
29.6736 0.0228352
29.6761 0.0224412
29.6786 0.0220559
29.6811 0.021679
29.6836 0.0213104
29.6861 0.0209498
29.6886 0.0205971
29.6911 0.0202521
29.6936 0.0199147
29.6961 0.0195846
29.6986 0.0192616
29.7011 0.0189457
29.7036 0.0186367
29.7061 0.0183343
29.7086 0.0180385
29.7111 0.0177491
29.7136 0.017466
29.7161 0.0171889
29.7186 0.0169179
29.7211 0.0166526
29.7236 0.0163931
29.7261 0.0161392
29.7286 0.0158907
29.7311 0.0156475
29.7336 0.0154096
29.7361 0.0151767
29.7386 0.0149488
29.7411 0.0147258
29.7436 0.0145075
29.7461 0.0142939
29.7486 0.0140849
29.7511 0.0138803
29.7536 0.01368
29.7561 0.013484
29.7586 0.0132921
29.7611 0.0131043
29.7636 0.0129205
29.7661 0.0127406
29.7686 0.0125645
29.7711 0.0123921
29.7736 0.0122233
29.7761 0.0120581
29.7786 0.0118964
29.7811 0.0117381
29.7836 0.0115832
29.7861 0.0114314
29.7886 0.0112829
29.7911 0.0111375
29.7936 0.0109952
29.7961 0.0108559
29.7986 0.0107194
29.8012 0.0105859
29.8037 0.0104552
29.8062 0.0103272
29.8087 0.0102019
29.8112 0.0100792
29.8137 0.0099591
29.8162 0.00984153
29.8187 0.00972643
29.8212 0.00961375
29.8237 0.00950345
29.8262 0.00939547
29.8287 0.00928976
29.8312 0.00918628
29.8337 0.00908499
29.8362 0.00898583
29.8387 0.00888878
29.8412 0.00879377
29.8437 0.00870078
29.8462 0.00860977
29.8487 0.00852069
29.8512 0.00843351
29.8537 0.00834819
29.8562 0.00826469
29.8587 0.00818298
29.8612 0.00810303
29.8637 0.0080248
29.8662 0.00794825
29.8687 0.00787336
29.8712 0.0078001
29.8737 0.00772843
29.8762 0.00765832
29.8787 0.00758975
29.8812 0.00752269
29.8837 0.00745712
29.8862 0.00739299
29.8887 0.00733029
29.8912 0.007269
29.8937 0.00720908
29.8962 0.00715051
29.8987 0.00709328
29.9012 0.00703735
29.9037 0.0069827
29.9062 0.00692932
29.9087 0.00687718
29.9112 0.00682626
29.9137 0.00677654
29.9162 0.006728
29.9187 0.00668062
29.9212 0.00663439
29.9237 0.00658928
29.9262 0.00654527
29.9287 0.00650236
29.9312 0.00646052
29.9337 0.00641974
29.9362 0.00638
29.9387 0.00634128
29.9412 0.00630358
29.9437 0.00626687
29.9462 0.00623114
29.9487 0.00619639
29.9512 0.00616258
29.9537 0.00612972
29.9562 0.00609779
29.9587 0.00606678
29.9612 0.00603667
29.9637 0.00600746
29.9662 0.00597913
29.9687 0.00595167
29.9712 0.00592507
29.9737 0.00589933
29.9762 0.00587443
29.9787 0.00585036
29.9812 0.00582711
29.9837 0.00580468
29.9862 0.00578305
29.9887 0.00576222
29.9912 0.00574219
29.9937 0.00572293
29.9962 0.00570445
29.9987 0.00568673
30.0013 0.00566978
30.0038 0.00565359
30.0063 0.00563814
30.0088 0.00562343
30.0113 0.00560946
30.0138 0.00559622
30.0163 0.00558371
30.0188 0.00557192
30.0213 0.00556085
30.0238 0.00555049
30.0263 0.00554083
30.0288 0.00553188
30.0313 0.00552364
30.0338 0.00551609
30.0363 0.00550923
30.0388 0.00550306
30.0413 0.00549759
30.0438 0.00549279
30.0463 0.00548869
30.0488 0.00548526
30.0513 0.00548251
30.0538 0.00548045
30.0563 0.00547906
30.0588 0.00547834
30.0613 0.0054783
30.0638 0.00547894
30.0663 0.00548025
30.0688 0.00548223
30.0713 0.00548489
30.0738 0.00548822
30.0763 0.00549222
30.0788 0.0054969
30.0813 0.00550226
30.0838 0.00550829
30.0863 0.005515
30.0888 0.0055224
30.0913 0.00553047
30.0938 0.00553923
30.0963 0.00554867
30.0988 0.0055588
30.1013 0.00556963
30.1038 0.00558114
30.1063 0.00559336
30.1088 0.00560627
30.1113 0.00561989
30.1138 0.00563422
30.1163 0.00564926
30.1188 0.00566501
30.1213 0.00568149
30.1238 0.00569869
30.1263 0.00571662
30.1288 0.00573529
30.1313 0.00575469
30.1338 0.00577485
30.1363 0.00579575
30.1388 0.00581742
30.1413 0.00583984
30.1438 0.00586304
30.1463 0.00588702
30.1488 0.00591179
30.1513 0.00593734
30.1538 0.0059637
30.1563 0.00599086
30.1588 0.00601885
30.1613 0.00604765
30.1638 0.00607729
30.1663 0.00610777
30.1688 0.00613911
30.1713 0.0061713
30.1738 0.00620437
30.1763 0.00623832
30.1788 0.00627316
30.1813 0.0063089
30.1838 0.00634555
30.1863 0.00638313
30.1888 0.00642165
30.1913 0.00646111
30.1938 0.00650153
30.1963 0.00654293
30.1988 0.00658531
30.2014 0.00662869
30.2039 0.00667308
30.2064 0.0067185
30.2089 0.00676496
30.2114 0.00681247
30.2139 0.00686105
30.2164 0.00691072
30.2189 0.00696149
30.2214 0.00701337
30.2239 0.00706639
30.2264 0.00712055
30.2289 0.00717589
30.2314 0.0072324
30.2339 0.00729012
30.2364 0.00734906
30.2389 0.00740924
30.2414 0.00747068
30.2439 0.00753339
30.2464 0.00759741
30.2489 0.00766274
30.2514 0.00772941
30.2539 0.00779744
30.2564 0.00786685
30.2589 0.00793767
30.2614 0.00800991
30.2639 0.0080836
30.2664 0.00815877
30.2689 0.00823544
30.2714 0.00831363
30.2739 0.00839337
30.2764 0.00847468
30.2789 0.0085576
30.2814 0.00864214
30.2839 0.00872834
30.2864 0.00881621
30.2889 0.0089058
30.2914 0.00899713
30.2939 0.00909024
30.2964 0.00918514
30.2989 0.00928187
30.3014 0.00938046
30.3039 0.00948095
30.3064 0.00958337
30.3089 0.00968774
30.3114 0.00979412
30.3139 0.00990252
30.3164 0.010013
30.3189 0.0101256
30.3214 0.0102403
30.3239 0.0103571
30.3264 0.0104762
30.3289 0.0105976
30.3314 0.0107212
30.3339 0.0108472
30.3364 0.0109755
30.3389 0.0111063
30.3414 0.0112395
30.3439 0.0113752
30.3464 0.0115135
30.3489 0.0116543
30.3514 0.0117978
30.3539 0.011944
30.3564 0.0120929
30.3589 0.0122446
30.3614 0.0123991
30.3639 0.0125565
30.3664 0.0127168
30.3689 0.0128801
30.3714 0.0130464
30.3739 0.0132159
30.3764 0.0133884
30.3789 0.0135642
30.3814 0.0137432
30.3839 0.0139256
30.3864 0.0141113
30.3889 0.0143004
30.3914 0.014493
30.3939 0.0146892
30.3964 0.014889
30.3989 0.0150925
30.4015 0.0152997
30.404 0.0155107
30.4065 0.0157256
30.409 0.0159445
30.4115 0.0161673
30.414 0.0163943
30.4165 0.0166254
30.419 0.0168607
30.4215 0.0171003
30.424 0.0173443
30.4265 0.0175927
30.429 0.0178457
30.4315 0.0181033
30.434 0.0183655
30.4365 0.0186325
30.439 0.0189044
30.4415 0.0191812
30.444 0.0194629
30.4465 0.0197498
30.449 0.0200419
30.4515 0.0203392
30.454 0.0206419
30.4565 0.02095
30.459 0.0212636
30.4615 0.0215829
30.464 0.0219079
30.4665 0.0222387
30.469 0.0225754
30.4715 0.0229181
30.474 0.0232669
30.4765 0.0236219
30.479 0.0239832
30.4815 0.0243508
30.484 0.024725
30.4865 0.0251058
30.489 0.0254933
30.4915 0.0258876
30.494 0.0262888
30.4965 0.026697
30.499 0.0271124
30.5015 0.027535
30.504 0.0279649
30.5065 0.0284023
30.509 0.0288473
30.5115 0.0292999
30.514 0.0297604
30.5165 0.0302287
30.519 0.0307051
30.5215 0.0311896
30.524 0.0316824
30.5265 0.0321835
30.529 0.0326932
30.5315 0.0332114
30.534 0.0337384
30.5365 0.0342742
30.539 0.034819
30.5415 0.0353728
30.544 0.0359359
30.5465 0.0365083
30.549 0.0370902
30.5515 0.0376816
30.554 0.0382827
30.5565 0.0388936
30.559 0.0395145
30.5615 0.0401454
30.564 0.0407864
30.5665 0.0414378
30.569 0.0420996
30.5715 0.0427719
30.574 0.0434549
30.5765 0.0441486
30.579 0.0448533
30.5815 0.0455689
30.584 0.0462957
30.5865 0.0470337
30.589 0.047783
30.5915 0.0485439
30.594 0.0493163
30.5965 0.0501003
30.599 0.0508962
30.6016 0.051704
30.6041 0.0525238
30.6066 0.0533556
30.6091 0.0541997
30.6116 0.0550561
30.6141 0.0559249
30.6166 0.0568062
30.6191 0.0577
30.6216 0.0586066
30.6241 0.0595258
30.6266 0.060458
30.6291 0.061403
30.6316 0.062361
30.6341 0.0633321
30.6366 0.0643163
30.6391 0.0653136
30.6416 0.0663242
30.6441 0.0673481
30.6466 0.0683854
30.6491 0.069436
30.6516 0.0705001
30.6541 0.0715776
30.6566 0.0726685
30.6591 0.073773
30.6616 0.0748911
30.6641 0.0760226
30.6666 0.0771677
30.6691 0.0783263
30.6716 0.0794984
30.6741 0.080684
30.6766 0.0818831
30.6791 0.0830956
30.6816 0.0843216
30.6841 0.0855609
30.6866 0.0868134
30.6891 0.0880793
30.6916 0.0893582
30.6941 0.0906503
30.6966 0.0919553
30.6991 0.0932733
30.7016 0.0946039
30.7041 0.0959473
30.7066 0.0973031
30.7091 0.0986714
30.7116 0.100052
30.7141 0.101444
30.7166 0.102849
30.7191 0.104265
30.7216 0.105692
30.7241 0.107131
30.7266 0.108581
30.7291 0.110042
30.7316 0.111513
30.7341 0.112995
30.7366 0.114487
30.7391 0.115988
30.7416 0.117499
30.7441 0.11902
30.7466 0.120549
30.7491 0.122086
30.7516 0.123632
30.7541 0.125185
30.7566 0.126746
30.7591 0.128314
30.7616 0.129888
30.7641 0.131469
30.7666 0.133055
30.7691 0.134647
30.7716 0.136243
30.7741 0.137844
30.7766 0.139448
30.7791 0.141056
30.7816 0.142667
30.7841 0.14428
30.7866 0.145894
30.7891 0.14751
30.7916 0.149126
30.7941 0.150742
30.7966 0.152357
30.7991 0.153971
30.8017 0.155583
30.8042 0.157192
30.8067 0.158798
30.8092 0.1604
30.8117 0.161998
30.8142 0.163589
30.8167 0.165175
30.8192 0.166754
30.8217 0.168324
30.8242 0.169887
30.8267 0.17144
30.8292 0.172984
30.8317 0.174516
30.8342 0.176037
30.8367 0.177545
30.8392 0.17904
30.8417 0.180521
30.8442 0.181987
30.8467 0.183437
30.8492 0.18487
30.8517 0.186286
30.8542 0.187683
30.8567 0.189061
30.8592 0.190418
30.8617 0.191755
30.8642 0.193069
30.8667 0.19436
30.8692 0.195628
30.8717 0.19687
30.8742 0.198087
30.8767 0.199277
30.8792 0.20044
30.8817 0.201574
30.8842 0.202679
30.8867 0.203754
30.8892 0.204798
30.8917 0.205809
30.8942 0.206788
30.8967 0.207732
30.8992 0.208643
30.9017 0.209517
30.9042 0.210356
30.9067 0.211157
30.9092 0.21192
30.9117 0.212644
30.9142 0.213329
30.9167 0.213973
30.9192 0.214576
30.9217 0.215137
30.9242 0.215656
30.9267 0.216131
30.9292 0.216563
30.9317 0.216949
30.9342 0.217291
30.9367 0.217586
30.9392 0.217835
30.9417 0.218037
30.9442 0.218191
30.9467 0.218298
30.9492 0.218356
30.9517 0.218365
30.9542 0.218324
30.9567 0.218234
30.9592 0.218093
30.9617 0.217903
30.9642 0.217661
30.9667 0.217369
30.9692 0.217025
30.9717 0.216631
30.9742 0.216184
30.9767 0.215687
30.9792 0.215138
30.9817 0.214537
30.9842 0.213885
30.9867 0.213181
30.9892 0.212426
30.9917 0.21162
30.9942 0.210763
30.9967 0.209855
30.9992 0.208897
31.0018 0.207889
31.0043 0.206831
31.0068 0.205723
31.0093 0.204567
31.0118 0.203362
31.0143 0.20211
31.0168 0.20081
31.0193 0.199464
31.0218 0.198071
31.0243 0.196633
31.0268 0.195151
31.0293 0.193625
31.0318 0.192056
31.0343 0.190445
31.0368 0.188793
31.0393 0.187101
31.0418 0.185369
31.0443 0.183599
31.0468 0.181792
31.0493 0.179949
31.0518 0.178071
31.0543 0.176159
31.0568 0.174214
31.0593 0.172237
31.0618 0.17023
31.0643 0.168194
31.0668 0.16613
31.0693 0.16404
31.0718 0.161925
31.0743 0.159785
31.0768 0.157623
31.0793 0.15544
31.0818 0.153237
31.0843 0.151016
31.0868 0.148777
31.0893 0.146523
31.0918 0.144255
31.0943 0.141975
31.0968 0.139682
31.0993 0.13738
31.1018 0.13507
31.1043 0.132752
31.1068 0.130429
31.1093 0.128102
31.1118 0.125772
31.1143 0.123441
31.1168 0.12111
31.1193 0.11878
31.1218 0.116453
31.1243 0.11413
31.1268 0.111813
31.1293 0.109502
31.1318 0.1072
31.1343 0.104907
31.1368 0.102625
31.1393 0.100355
31.1418 0.0980979
31.1443 0.0958552
31.1468 0.0936279
31.1493 0.0914171
31.1518 0.0892241
31.1543 0.0870497
31.1568 0.0848952
31.1593 0.0827614
31.1618 0.0806492
31.1643 0.0785598
31.1668 0.0764938
31.1693 0.0744521
31.1718 0.0724357
31.1743 0.0704451
31.1768 0.0684812
31.1793 0.0665447
31.1818 0.0646361
31.1843 0.0627562
31.1868 0.0609055
31.1893 0.0590844
31.1918 0.0572936
31.1943 0.0555334
31.1968 0.0538043
31.1993 0.0521066
31.2019 0.0504406
31.2044 0.0488067
31.2069 0.0472051
31.2094 0.045636
31.2119 0.0440995
31.2144 0.0425959
31.2169 0.0411252
31.2194 0.0396874
31.2219 0.0382827
31.2244 0.0369109
31.2269 0.035572
31.2294 0.034266
31.2319 0.0329928
31.2344 0.0317521
31.2369 0.0305439
31.2394 0.029368
31.2419 0.028224
31.2444 0.0271118
31.2469 0.026031
31.2494 0.0249814
31.2519 0.0239626
31.2544 0.0229743
31.2569 0.0220161
31.2594 0.0210875
31.2619 0.0201883
31.2644 0.0193179
31.2669 0.0184758
31.2694 0.0176617
31.2719 0.0168751
31.2744 0.0161153
31.2769 0.0153821
31.2794 0.0146747
31.2819 0.0139928
31.2844 0.0133357
31.2869 0.012703
31.2894 0.012094
31.2919 0.0115082
31.2944 0.0109451
31.2969 0.0104041
31.2994 0.00988465
31.3019 0.00938615
31.3044 0.00890805
31.3069 0.00844979
31.3094 0.0080108
31.3119 0.00759053
31.3144 0.0071884
31.3169 0.00680388
31.3194 0.0064364
31.3219 0.00608543
31.3244 0.00575042
31.3269 0.00543084
31.3294 0.00512616
31.3319 0.00483587
31.3344 0.00455945
31.3369 0.00429641
31.3394 0.00404624
31.3419 0.00380847
31.3444 0.00358262
31.3469 0.00336822
31.3494 0.00316483
31.3519 0.00297199
31.3544 0.00278927
31.3569 0.00261626
31.3594 0.00245253
31.3619 0.00229769
31.3644 0.00215135
31.3669 0.00201313
31.3694 0.00188266
31.3719 0.00175959
31.3744 0.00164357
31.3769 0.00153427
31.3794 0.00143137
31.3819 0.00133455
31.3844 0.00124351
31.3869 0.00115797
31.3894 0.00107764
31.3919 0.00100227
31.3944 0.000931577
31.3969 0.00086533
31.3994 0.000803287
31.402 0.00074522
31.4045 0.00069091
31.407 0.00064015
31.4095 0.000592738
31.412 0.000548483
31.4145 0.000507205
31.417 0.000468728
31.4195 0.000432888
31.422 0.000399525
31.4245 0.000368492
31.427 0.000339644
31.4295 0.000312847
31.432 0.000287972
31.4345 0.000264898
31.437 0.000243509
31.4395 0.000223696
31.442 0.000205355
31.4445 0.000188391
31.447 0.000172709
31.4495 0.000158224
31.452 0.000144855
31.4545 0.000132523
31.457 0.000121157
31.4595 0.000110688
31.462 0.000101054
31.4645 9.21928e-05
31.467 8.40495e-05
31.4695 7.65713e-05
31.472 6.97087e-05
31.4745 6.34159e-05
31.477 5.76498e-05
31.4795 5.23703e-05
31.482 4.75399e-05
31.4845 4.31237e-05
31.487 3.90892e-05
31.4895 3.54063e-05
31.492 3.20469e-05
31.4945 2.89848e-05
31.497 2.61959e-05
31.4995 2.36577e-05
