-1.38247 0.017506
-1.32535 0.035012
-1.26823 0.26259
-1.2111 0.542686
-1.15398 0.638969
-1.09686 0.884053
-1.03974 1.06787
-0.982612 1.43549
-0.925489 1.18166
-0.868365 0.884053
-0.811242 0.656475
-0.754119 0.481415
-0.696996 0.245084
-0.639872 0.236331
-0.582749 0.122542
-0.525626 0.08753
-0.468503 0.08753
-0.411379 0.026259
-0.354256 0.017506
-0.297133 0.017506
-0.24001 0.035012
-0.182886 0.008753
-0.125763 0
-0.06864 0
-0.0115167 0
0.0456065 0
0.10273 0
0.159853 0
0.216976 0.026259
0.2741 0.008753
0.331223 0.008753
0.388346 0.026259
0.445469 0.078777
0.502593 0.078777
0.559716 0.113789
0.616839 0.166307
0.673962 0.26259
0.731086 0.560192
0.788209 0.568945
0.845332 0.577698
0.902455 1.0066
0.959578 1.34796
1.0167 1.03285
1.07382 1.0066
1.13095 0.78777
1.18807 0.498921
1.24519 0.236331
1.30232 0.08753
1.35944 0.026259
1.41656 0.026259
