13.5005 0.0011541
13.503 0.00126477
13.5055 0.00138507
13.508 0.00151572
13.5105 0.00165753
13.513 0.00181131
13.5155 0.00197797
13.518 0.00215845
13.5205 0.00235375
13.523 0.00256493
13.5255 0.00279312
13.528 0.00303951
13.5305 0.00330536
13.533 0.003592
13.5355 0.00390083
13.538 0.00423333
13.5405 0.00459107
13.543 0.00497567
13.5455 0.00538888
13.548 0.0058325
13.5505 0.00630843
13.553 0.00681867
13.5555 0.0073653
13.558 0.00795053
13.5605 0.00857663
13.563 0.00924601
13.5655 0.00996114
13.568 0.0107246
13.5705 0.0115392
13.573 0.0124077
13.5755 0.013333
13.578 0.0143182
13.5805 0.0153665
13.583 0.0164811
13.5855 0.0176654
13.588 0.018923
13.5905 0.0202575
13.593 0.0216727
13.5955 0.0231723
13.598 0.0247605
13.6006 0.0264414
13.6031 0.0282191
13.6056 0.0300981
13.6081 0.0320828
13.6106 0.0341777
13.6131 0.0363876
13.6156 0.0387173
13.6181 0.0411716
13.6206 0.0437556
13.6231 0.0464744
13.6256 0.0493332
13.6281 0.0523373
13.6306 0.055492
13.6331 0.0588028
13.6356 0.0622752
13.6381 0.0659148
13.6406 0.0697274
13.6431 0.0737185
13.6456 0.0778939
13.6481 0.0822594
13.6506 0.0868209
13.6531 0.0915842
13.6556 0.0965551
13.6581 0.101739
13.6606 0.107143
13.6631 0.112772
13.6656 0.118632
13.6681 0.124728
13.6706 0.131067
13.6731 0.137654
13.6756 0.144494
13.6781 0.151593
13.6806 0.158957
13.6831 0.166591
13.6856 0.174499
13.6881 0.182687
13.6906 0.191159
13.6931 0.199921
13.6956 0.208976
13.6981 0.21833
13.7006 0.227985
13.7031 0.237946
13.7056 0.248217
13.7081 0.258801
13.7106 0.269701
13.7131 0.280919
13.7156 0.292459
13.7181 0.304322
13.7206 0.316511
13.7231 0.329027
13.7256 0.341872
13.7281 0.355045
13.7306 0.368549
13.7331 0.382383
13.7356 0.396546
13.7381 0.411039
13.7406 0.42586
13.7431 0.441008
13.7456 0.456481
13.7481 0.472277
13.7506 0.488393
13.7531 0.504826
13.7556 0.521574
13.7581 0.53863
13.7606 0.555993
13.7631 0.573655
13.7656 0.591613
13.7681 0.609861
13.7706 0.628392
13.7731 0.647199
13.7756 0.666276
13.7781 0.685615
13.7806 0.705209
13.7831 0.725048
13.7856 0.745124
13.7881 0.765429
13.7906 0.785951
13.7931 0.806681
13.7956 0.827609
13.7981 0.848724
13.8007 0.870014
13.8032 0.891468
13.8057 0.913075
13.8082 0.934821
13.8107 0.956695
13.8132 0.978683
13.8157 1.00077
13.8182 1.02295
13.8207 1.0452
13.8232 1.06751
13.8257 1.08987
13.8282 1.11225
13.8307 1.13466
13.8332 1.15707
13.8357 1.17946
13.8382 1.20182
13.8407 1.22415
13.8432 1.24641
13.8457 1.2686
13.8482 1.2907
13.8507 1.31269
13.8532 1.33457
13.8557 1.35631
13.8582 1.3779
13.8607 1.39932
13.8632 1.42056
13.8657 1.4416
13.8682 1.46243
13.8707 1.48304
13.8732 1.5034
13.8757 1.5235
13.8782 1.54334
13.8807 1.56289
13.8832 1.58214
13.8857 1.60108
13.8882 1.61969
13.8907 1.63797
13.8932 1.65589
13.8957 1.67345
13.8982 1.69063
13.9007 1.70742
13.9032 1.72381
13.9057 1.7398
13.9082 1.75536
13.9107 1.77049
13.9132 1.78517
13.9157 1.79941
13.9182 1.81318
13.9207 1.82649
13.9232 1.83932
13.9257 1.85166
13.9282 1.86352
13.9307 1.87487
13.9332 1.88572
13.9357 1.89606
13.9382 1.90588
13.9407 1.91519
13.9432 1.92397
13.9457 1.93222
13.9482 1.93994
13.9507 1.94712
13.9532 1.95377
13.9557 1.95988
13.9582 1.96544
13.9607 1.97047
13.9632 1.97496
13.9657 1.9789
13.9682 1.98231
13.9707 1.98517
13.9732 1.9875
13.9757 1.98929
13.9782 1.99055
13.9807 1.99128
13.9832 1.99148
13.9857 1.99115
13.9882 1.99031
13.9907 1.98895
13.9932 1.98708
13.9957 1.9847
13.9982 1.98182
14.0008 1.97845
14.0033 1.9746
14.0058 1.97026
14.0083 1.96544
14.0108 1.96016
14.0133 1.95442
14.0158 1.94823
14.0183 1.94159
14.0208 1.93452
14.0233 1.92702
14.0258 1.91911
14.0283 1.91078
14.0308 1.90205
14.0333 1.89293
14.0358 1.88343
14.0383 1.87356
14.0408 1.86332
14.0433 1.85274
14.0458 1.84181
14.0483 1.83054
14.0508 1.81896
14.0533 1.80706
14.0558 1.79486
14.0583 1.78237
14.0608 1.7696
14.0633 1.75655
14.0658 1.74325
14.0683 1.7297
14.0708 1.7159
14.0733 1.70188
14.0758 1.68764
14.0783 1.67319
14.0808 1.65855
14.0833 1.64371
14.0858 1.6287
14.0883 1.61352
14.0908 1.59818
14.0933 1.5827
14.0958 1.56707
14.0983 1.55132
14.1008 1.53545
14.1033 1.51948
14.1058 1.5034
14.1083 1.48723
14.1108 1.47098
14.1133 1.45465
14.1158 1.43827
14.1183 1.42183
14.1208 1.40534
14.1233 1.38881
14.1258 1.37225
14.1283 1.35568
14.1308 1.33908
14.1333 1.32248
14.1358 1.30588
14.1383 1.28929
14.1408 1.27272
14.1433 1.25616
14.1458 1.23963
14.1483 1.22314
14.1508 1.20669
14.1533 1.19029
14.1558 1.17395
14.1583 1.15766
14.1608 1.14143
14.1633 1.12528
14.1658 1.1092
14.1683 1.09321
14.1708 1.0773
14.1733 1.06148
14.1758 1.04575
14.1783 1.03012
14.1808 1.0146
14.1833 0.999181
14.1858 0.983875
14.1883 0.968683
14.1908 0.953609
14.1933 0.938656
14.1958 0.923828
14.1983 0.909126
14.2009 0.894555
14.2034 0.880116
14.2059 0.865811
14.2084 0.851645
14.2109 0.837617
14.2134 0.823731
14.2159 0.809988
14.2184 0.79639
14.2209 0.782938
14.2234 0.769635
14.2259 0.75648
14.2284 0.743476
14.2309 0.730624
14.2334 0.717924
14.2359 0.705377
14.2384 0.692984
14.2409 0.680746
14.2434 0.668663
14.2459 0.656735
14.2484 0.644962
14.2509 0.633346
14.2534 0.621885
14.2559 0.610581
14.2584 0.599432
14.2609 0.588438
14.2634 0.5776
14.2659 0.566917
14.2684 0.556388
14.2709 0.546014
14.2734 0.535793
14.2759 0.525724
14.2784 0.515808
14.2809 0.506043
14.2834 0.496429
14.2859 0.486964
14.2884 0.477648
14.2909 0.468479
14.2934 0.459457
14.2959 0.450581
14.2984 0.441849
14.3009 0.433261
14.3034 0.424814
14.3059 0.416509
14.3084 0.408343
14.3109 0.400315
14.3134 0.392424
14.3159 0.384668
14.3184 0.377047
14.3209 0.369558
14.3234 0.362201
14.3259 0.354973
14.3284 0.347874
14.3309 0.340901
14.3334 0.334054
14.3359 0.327331
14.3384 0.32073
14.3409 0.31425
14.3434 0.307888
14.3459 0.301645
14.3484 0.295518
14.3509 0.289505
14.3534 0.283605
14.3559 0.277816
14.3584 0.272137
14.3609 0.266566
14.3634 0.261102
14.3659 0.255743
14.3684 0.250487
14.3709 0.245334
14.3734 0.24028
14.3759 0.235326
14.3784 0.230468
14.3809 0.225707
14.3834 0.221039
14.3859 0.216465
14.3884 0.211981
14.3909 0.207587
14.3934 0.203281
14.3959 0.199062
14.3984 0.194928
14.401 0.190878
14.4035 0.18691
14.406 0.183023
14.4085 0.179216
14.411 0.175487
14.4135 0.171834
14.416 0.168256
14.4185 0.164753
14.421 0.161322
14.4235 0.157963
14.426 0.154673
14.4285 0.151452
14.431 0.148299
14.4335 0.145211
14.436 0.142189
14.4385 0.13923
14.441 0.136334
14.4435 0.133499
14.446 0.130724
14.4485 0.128008
14.451 0.125349
14.4535 0.122748
14.456 0.120202
14.4585 0.11771
14.461 0.115272
14.4635 0.112886
14.466 0.110551
14.4685 0.108266
14.471 0.106031
14.4735 0.103844
14.476 0.101704
14.4785 0.0996104
14.481 0.097562
14.4835 0.0955581
14.486 0.0935977
14.4885 0.0916798
14.491 0.0898036
14.4935 0.0879683
14.496 0.0861729
14.4985 0.0844166
14.501 0.0826987
14.5035 0.0810182
14.506 0.0793745
14.5085 0.0777667
14.511 0.0761941
14.5135 0.0746559
14.516 0.0731514
14.5185 0.0716799
14.521 0.0702406
14.5235 0.0688329
14.526 0.0674561
14.5285 0.0661095
14.531 0.0647925
14.5335 0.0635043
14.536 0.0622445
14.5385 0.0610124
14.541 0.0598073
14.5435 0.0586288
14.546 0.0574761
14.5485 0.0563488
14.551 0.0552462
14.5535 0.0541679
14.556 0.0531133
14.5585 0.0520819
14.561 0.0510731
14.5635 0.0500866
14.566 0.0491216
14.5685 0.0481779
14.571 0.047255
14.5735 0.0463523
14.576 0.0454694
14.5785 0.0446059
14.581 0.0437613
14.5835 0.0429352
14.586 0.0421273
14.5885 0.0413371
14.591 0.0405642
14.5935 0.0398082
14.596 0.0390687
14.5985 0.0383454
14.6011 0.037638
14.6036 0.036946
14.6061 0.0362691
14.6086 0.035607
14.6111 0.0349593
14.6136 0.0343257
14.6161 0.033706
14.6186 0.0330997
14.6211 0.0325066
14.6236 0.0319264
14.6261 0.0313588
14.6286 0.0308036
14.6311 0.0302604
14.6336 0.0297289
14.6361 0.029209
14.6386 0.0287003
14.6411 0.0282026
14.6436 0.0277156
14.6461 0.0272392
14.6486 0.026773
14.6511 0.0263169
14.6536 0.0258706
14.6561 0.0254339
14.6586 0.0250066
14.6611 0.0245885
14.6636 0.0241793
14.6661 0.0237789
14.6686 0.0233871
14.6711 0.0230036
14.6736 0.0226283
14.6761 0.0222611
14.6786 0.0219017
14.6811 0.0215499
14.6836 0.0212057
14.6861 0.0208687
14.6886 0.0205389
14.6911 0.0202161
14.6936 0.0199002
14.6961 0.0195909
14.6986 0.0192882
14.7011 0.0189919
14.7036 0.0187019
14.7061 0.0184179
14.7086 0.01814
14.7111 0.0178679
14.7136 0.0176016
14.7161 0.0173408
14.7186 0.0170855
14.7211 0.0168356
14.7236 0.0165909
14.7261 0.0163514
14.7286 0.0161169
14.7311 0.0158872
14.7336 0.0156624
14.7361 0.0154423
14.7386 0.0152268
14.7411 0.0150158
14.7436 0.0148091
14.7461 0.0146068
14.7486 0.0144087
14.7511 0.0142147
14.7536 0.0140248
14.7561 0.0138388
14.7586 0.0136567
14.7611 0.0134783
14.7636 0.0133037
14.7661 0.0131327
14.7686 0.0129652
14.7711 0.0128013
14.7736 0.0126407
14.7761 0.0124834
14.7786 0.0123295
14.7811 0.0121787
14.7836 0.012031
14.7861 0.0118864
14.7886 0.0117448
14.7911 0.0116062
14.7936 0.0114704
14.7961 0.0113375
14.7986 0.0112073
14.8012 0.0110798
14.8037 0.010955
14.8062 0.0108328
14.8087 0.0107131
14.8112 0.010596
14.8137 0.0104813
14.8162 0.010369
14.8187 0.010259
14.8212 0.0101514
14.8237 0.010046
14.8262 0.0099428
14.8287 0.00984181
14.8312 0.00974295
14.8337 0.00964619
14.8362 0.00955148
14.8387 0.00945879
14.8412 0.00936807
14.8437 0.0092793
14.8462 0.00919243
14.8487 0.00910743
14.8512 0.00902426
14.8537 0.0089429
14.8562 0.00886331
14.8587 0.00878545
14.8612 0.0087093
14.8637 0.00863482
14.8662 0.00856199
14.8687 0.00849078
14.8712 0.00842115
14.8737 0.00835309
14.8762 0.00828657
14.8787 0.00822155
14.8812 0.00815801
14.8837 0.00809594
14.8862 0.0080353
14.8887 0.00797607
14.8912 0.00791823
14.8937 0.00786175
14.8962 0.00780662
14.8987 0.00775281
14.9012 0.00770031
14.9037 0.00764909
14.9062 0.00759913
14.9087 0.00755041
14.9112 0.00750292
14.9137 0.00745664
14.9162 0.00741155
14.9187 0.00736763
14.9212 0.00732486
14.9237 0.00728324
14.9262 0.00724274
14.9287 0.00720336
14.9312 0.00716506
14.9337 0.00712785
14.9362 0.00709171
14.9387 0.00705662
14.9412 0.00702257
14.9437 0.00698954
14.9462 0.00695754
14.9487 0.00692653
14.9512 0.00689652
14.9537 0.00686749
14.9562 0.00683943
14.9587 0.00681233
14.9612 0.00678618
14.9637 0.00676097
14.9662 0.0067367
14.9687 0.00671334
14.9712 0.0066909
14.9737 0.00666937
14.9762 0.00664873
14.9787 0.00662898
14.9812 0.00661012
14.9837 0.00659213
14.9862 0.00657501
14.9887 0.00655875
14.9912 0.00654335
14.9937 0.0065288
14.9962 0.0065151
14.9987 0.00650224
15.0013 0.00649021
15.0038 0.00647901
15.0063 0.00646865
15.0088 0.0064591
15.0113 0.00645037
15.0138 0.00644246
15.0163 0.00643536
15.0188 0.00642907
15.0213 0.00642359
15.0238 0.00641892
15.0263 0.00641504
15.0288 0.00641197
15.0313 0.0064097
15.0338 0.00640822
15.0363 0.00640755
15.0388 0.00640767
15.0413 0.00640858
15.0438 0.00641029
15.0463 0.0064128
15.0488 0.00641611
15.0513 0.00642021
15.0538 0.00642512
15.0563 0.00643082
15.0588 0.00643732
15.0613 0.00644463
15.0638 0.00645274
15.0663 0.00646165
15.0688 0.00647138
15.0713 0.00648192
15.0738 0.00649328
15.0763 0.00650545
15.0788 0.00651844
15.0813 0.00653227
15.0838 0.00654692
15.0863 0.00656241
15.0888 0.00657873
15.0913 0.00659591
15.0938 0.00661393
15.0963 0.0066328
15.0988 0.00665254
15.1013 0.00667315
15.1038 0.00669463
15.1063 0.00671699
15.1088 0.00674023
15.1113 0.00676438
15.1138 0.00678942
15.1163 0.00681538
15.1188 0.00684225
15.1213 0.00687005
15.1238 0.00689879
15.1263 0.00692847
15.1288 0.00695911
15.1313 0.00699071
15.1338 0.00702329
15.1363 0.00705685
15.1388 0.00709141
15.1413 0.00712698
15.1438 0.00716357
15.1463 0.00720118
15.1488 0.00723984
15.1513 0.00727956
15.1538 0.00732034
15.1563 0.00736221
15.1588 0.00740517
15.1613 0.00744924
15.1638 0.00749444
15.1663 0.00754078
15.1688 0.00758827
15.1713 0.00763693
15.1738 0.00768678
15.1763 0.00773784
15.1788 0.00779011
15.1813 0.00784363
15.1838 0.0078984
15.1863 0.00795444
15.1888 0.00801178
15.1913 0.00807043
15.1938 0.00813041
15.1963 0.00819175
15.1988 0.00825446
15.2014 0.00831856
15.2039 0.00838408
15.2064 0.00845104
15.2089 0.00851947
15.2114 0.00858938
15.2139 0.00866079
15.2164 0.00873375
15.2189 0.00880826
15.2214 0.00888436
15.2239 0.00896207
15.2264 0.00904142
15.2289 0.00912243
15.2314 0.00920514
15.2339 0.00928957
15.2364 0.00937575
15.2389 0.00946372
15.2414 0.0095535
15.2439 0.00964512
15.2464 0.00973862
15.2489 0.00983404
15.2514 0.00993139
15.2539 0.0100307
15.2564 0.0101321
15.2589 0.0102355
15.2614 0.010341
15.2639 0.0104486
15.2664 0.0105583
15.2689 0.0106703
15.2714 0.0107845
15.2739 0.010901
15.2764 0.0110198
15.2789 0.011141
15.2814 0.0112646
15.2839 0.0113906
15.2864 0.0115192
15.2889 0.0116503
15.2914 0.011784
15.2939 0.0119203
15.2964 0.0120593
15.2989 0.0122011
15.3014 0.0123457
15.3039 0.0124931
15.3064 0.0126434
15.3089 0.0127966
15.3114 0.0129529
15.3139 0.0131123
15.3164 0.0132747
15.3189 0.0134404
15.3214 0.0136093
15.3239 0.0137815
15.3264 0.0139571
15.3289 0.0141361
15.3314 0.0143186
15.3339 0.0145047
15.3364 0.0146944
15.3389 0.0148879
15.3414 0.0150851
15.3439 0.0152861
15.3464 0.0154911
15.3489 0.0157001
15.3514 0.0159132
15.3539 0.0161304
15.3564 0.0163519
15.3589 0.0165777
15.3614 0.0168079
15.3639 0.0170426
15.3664 0.0172819
15.3689 0.0175258
15.3714 0.0177745
15.3739 0.018028
15.3764 0.0182864
15.3789 0.0185499
15.3814 0.0188186
15.3839 0.0190924
15.3864 0.0193716
15.3889 0.0196563
15.3914 0.0199464
15.3939 0.0202422
15.3964 0.0205438
15.3989 0.0208513
15.4015 0.0211647
15.404 0.0214842
15.4065 0.0218099
15.409 0.022142
15.4115 0.0224805
15.414 0.0228255
15.4165 0.0231773
15.419 0.0235359
15.4215 0.0239015
15.424 0.0242741
15.4265 0.024654
15.429 0.0250413
15.4315 0.025436
15.434 0.0258384
15.4365 0.0262486
15.439 0.0266667
15.4415 0.0270929
15.444 0.0275273
15.4465 0.0279701
15.449 0.0284215
15.4515 0.0288815
15.454 0.0293504
15.4565 0.0298284
15.459 0.0303156
15.4615 0.0308121
15.464 0.0313182
15.4665 0.0318339
15.469 0.0323596
15.4715 0.0328954
15.474 0.0334413
15.4765 0.0339978
15.479 0.0345649
15.4815 0.0351427
15.484 0.0357316
15.4865 0.0363318
15.489 0.0369433
15.4915 0.0375664
15.494 0.0382014
15.4965 0.0388483
15.499 0.0395075
15.5015 0.0401792
15.504 0.0408635
15.5065 0.0415607
15.509 0.042271
15.5115 0.0429947
15.514 0.0437318
15.5165 0.0444828
15.519 0.0452478
15.5215 0.046027
15.524 0.0468208
15.5265 0.0476292
15.529 0.0484526
15.5315 0.0492912
15.534 0.0501453
15.5365 0.0510151
15.539 0.0519009
15.5415 0.0528028
15.544 0.0537213
15.5465 0.0546564
15.549 0.0556086
15.5515 0.056578
15.554 0.0575649
15.5565 0.0585696
15.559 0.0595923
15.5615 0.0606334
15.564 0.061693
15.5665 0.0627716
15.569 0.0638692
15.5715 0.0649863
15.574 0.066123
15.5765 0.0672797
15.579 0.0684567
15.5815 0.0696541
15.584 0.0708724
15.5865 0.0721118
15.589 0.0733725
15.5915 0.0746548
15.594 0.0759591
15.5965 0.0772856
15.599 0.0786345
15.6016 0.0800062
15.6041 0.081401
15.6066 0.082819
15.6091 0.0842607
15.6116 0.0857262
15.6141 0.0872158
15.6166 0.0887299
15.6191 0.0902686
15.6216 0.0918323
15.6241 0.0934212
15.6266 0.0950355
15.6291 0.0966756
15.6316 0.0983416
15.6341 0.100034
15.6366 0.101753
15.6391 0.103498
15.6416 0.10527
15.6441 0.10707
15.6466 0.108897
15.6491 0.110752
15.6516 0.112634
15.6541 0.114545
15.6566 0.116483
15.6591 0.118451
15.6616 0.120446
15.6641 0.122471
15.6666 0.124525
15.6691 0.126607
15.6716 0.128719
15.6741 0.130861
15.6766 0.133032
15.6791 0.135232
15.6816 0.137463
15.6841 0.139723
15.6866 0.142013
15.6891 0.144333
15.6916 0.146684
15.6941 0.149064
15.6966 0.151475
15.6991 0.153915
15.7016 0.156386
15.7041 0.158887
15.7066 0.161419
15.7091 0.16398
15.7116 0.166571
15.7141 0.169192
15.7166 0.171843
15.7191 0.174524
15.7216 0.177234
15.7241 0.179974
15.7266 0.182743
15.7291 0.185541
15.7316 0.188367
15.7341 0.191222
15.7366 0.194106
15.7391 0.197017
15.7416 0.199956
15.7441 0.202922
15.7466 0.205915
15.7491 0.208935
15.7516 0.211981
15.7541 0.215052
15.7566 0.218149
15.7591 0.22127
15.7616 0.224416
15.7641 0.227585
15.7666 0.230777
15.7691 0.233991
15.7716 0.237227
15.7741 0.240484
15.7766 0.243762
15.7791 0.247059
15.7816 0.250375
15.7841 0.253709
15.7866 0.25706
15.7891 0.260427
15.7916 0.26381
15.7941 0.267207
15.7966 0.270617
15.7991 0.274041
15.8017 0.277475
15.8042 0.28092
15.8067 0.284374
15.8092 0.287837
15.8117 0.291306
15.8142 0.294781
15.8167 0.29826
15.8192 0.301743
15.8217 0.305227
15.8242 0.308713
15.8267 0.312197
15.8292 0.315679
15.8317 0.319157
15.8342 0.322631
15.8367 0.326097
15.8392 0.329556
15.8417 0.333004
15.8442 0.336442
15.8467 0.339866
15.8492 0.343276
15.8517 0.346669
15.8542 0.350044
15.8567 0.3534
15.8592 0.356734
15.8617 0.360045
15.8642 0.36333
15.8667 0.366589
15.8692 0.369818
15.8717 0.373017
15.8742 0.376183
15.8767 0.379315
15.8792 0.38241
15.8817 0.385467
15.8842 0.388483
15.8867 0.391457
15.8892 0.394386
15.8917 0.39727
15.8942 0.400104
15.8967 0.402889
15.8992 0.405621
15.9017 0.408298
15.9042 0.41092
15.9067 0.413482
15.9092 0.415985
15.9117 0.418425
15.9142 0.4208
15.9167 0.423109
15.9192 0.42535
15.9217 0.42752
15.9242 0.429618
15.9267 0.431642
15.9292 0.43359
15.9317 0.43546
15.9342 0.43725
15.9367 0.438958
15.9392 0.440583
15.9417 0.442123
15.9442 0.443576
15.9467 0.44494
15.9492 0.446215
15.9517 0.447397
15.9542 0.448486
15.9567 0.44948
15.9592 0.450378
15.9617 0.451178
15.9642 0.451879
15.9667 0.45248
15.9692 0.45298
15.9717 0.453376
15.9742 0.453669
15.9767 0.453857
15.9792 0.453939
15.9817 0.453915
15.9842 0.453783
15.9867 0.453543
15.9892 0.453193
15.9917 0.452735
15.9942 0.452166
15.9967 0.451487
15.9992 0.450697
16.0018 0.449797
16.0043 0.448784
16.0068 0.447661
16.0093 0.446426
16.0118 0.445081
16.0143 0.443624
16.0168 0.442056
16.0193 0.440378
16.0218 0.438591
16.0243 0.436693
16.0268 0.434688
16.0293 0.432574
16.0318 0.430353
16.0343 0.428026
16.0368 0.425594
16.0393 0.423057
16.0418 0.420418
16.0443 0.417678
16.0468 0.414837
16.0493 0.411898
16.0518 0.408861
16.0543 0.405729
16.0568 0.402504
16.0593 0.399186
16.0618 0.395779
16.0643 0.392283
16.0668 0.388702
16.0693 0.385037
16.0718 0.381291
16.0743 0.377466
16.0768 0.373563
16.0793 0.369587
16.0818 0.365538
16.0843 0.36142
16.0868 0.357236
16.0893 0.352987
16.0918 0.348678
16.0943 0.34431
16.0968 0.339886
16.0993 0.335409
16.1018 0.330883
16.1043 0.32631
16.1068 0.321693
16.1093 0.317035
16.1118 0.312339
16.1143 0.307609
16.1168 0.302847
16.1193 0.298056
16.1218 0.29324
16.1243 0.288401
16.1268 0.283543
16.1293 0.278669
16.1318 0.273782
16.1343 0.268884
16.1368 0.26398
16.1393 0.259072
16.1418 0.254163
16.1443 0.249257
16.1468 0.244355
16.1493 0.239461
16.1518 0.234579
16.1543 0.22971
16.1568 0.224858
16.1593 0.220025
16.1618 0.215215
16.1643 0.210429
16.1668 0.205671
16.1693 0.200943
16.1718 0.196247
16.1743 0.191586
16.1768 0.186963
16.1793 0.182379
16.1818 0.177836
16.1843 0.173338
16.1868 0.168886
16.1893 0.164481
16.1918 0.160126
16.1943 0.155823
16.1968 0.151574
16.1993 0.147379
16.2019 0.143241
16.2044 0.139161
16.2069 0.135141
16.2094 0.131182
16.2119 0.127284
16.2144 0.12345
16.2169 0.11968
16.2194 0.115975
16.2219 0.112336
16.2244 0.108763
16.2269 0.105259
16.2294 0.101822
16.2319 0.0984544
16.2344 0.0951556
16.2369 0.0919262
16.2394 0.0887665
16.2419 0.0856767
16.2444 0.082657
16.2469 0.0797072
16.2494 0.0768276
16.2519 0.0740178
16.2544 0.0712777
16.2569 0.0686072
16.2594 0.0660058
16.2619 0.0634731
16.2644 0.0610088
16.2669 0.0586123
16.2694 0.0562831
16.2719 0.0540205
16.2744 0.0518238
16.2769 0.0496924
16.2794 0.0476255
16.2819 0.0456222
16.2844 0.0436816
16.2869 0.041803
16.2894 0.0399852
16.2919 0.0382275
16.2944 0.0365286
16.2969 0.0348877
16.2994 0.0333036
16.3019 0.0317753
16.3044 0.0303016
16.3069 0.0288815
16.3094 0.0275136
16.3119 0.026197
16.3144 0.0249304
16.3169 0.0237126
16.3194 0.0225424
16.3219 0.0214187
16.3244 0.0203402
16.3269 0.0193056
16.3294 0.0183139
16.3319 0.0173638
16.3344 0.016454
16.3369 0.0155835
16.3394 0.0147509
16.3419 0.0139552
16.3444 0.0131952
16.3469 0.0124696
16.3494 0.0117773
16.3519 0.0111173
16.3544 0.0104884
16.3569 0.00988952
16.3594 0.00931953
16.3619 0.0087774
16.3644 0.00826208
16.3669 0.00777256
16.3694 0.00730783
16.3719 0.00686691
16.3744 0.00644884
16.3769 0.00605268
16.3794 0.00567753
16.3819 0.0053225
16.3844 0.00498671
16.3869 0.00466933
16.3894 0.00436954
16.3919 0.00408655
16.3944 0.00381958
16.3969 0.0035679
16.3994 0.00333077
16.402 0.00310751
16.4045 0.00289744
16.407 0.00269991
16.4095 0.00251429
16.412 0.00233997
16.4145 0.00217639
16.417 0.00202297
16.4195 0.00187919
16.422 0.00174453
16.4245 0.00161848
16.427 0.00150059
16.4295 0.0013904
16.432 0.00128747
16.4345 0.0011914
16.437 0.00110178
16.4395 0.00101823
16.442 0.000940414
16.4445 0.000867972
16.447 0.000800583
16.4495 0.000737938
16.452 0.000679743
16.4545 0.000625721
16.457 0.000575607
16.4595 0.000529151
16.462 0.000486117
16.4645 0.000446279
16.467 0.000409428
16.4695 0.000375364
16.472 0.000343898
16.4745 0.000314853
16.477 0.000288061
16.4795 0.000263367
16.482 0.000240622
16.4845 0.000219687
16.487 0.000200434
16.4895 0.000182738
16.492 0.000166487
16.4945 0.000151574
16.497 0.000137898
16.4995 0.000125366
