0 -0.915908
0.1 -0.872728
0.2 -0.871138
0.3 -0.875875
0.4 -0.868052
0.5 -0.850631
0.6 -0.859844
0.7 -0.847955
0.8 -0.848053
0.9 -0.838162
1 -0.829052
1.1 -0.833102
1.2 -0.820717
1.3 -0.821275
1.4 -0.813552
1.5 -0.811292
1.6 -0.801241
1.7 -0.806897
1.8 -0.783957
1.9 -0.793407
2 -0.794709
2.1 -0.783491
2.2 -0.78948
2.3 -0.773032
2.4 -0.778709
2.5 -0.769403
2.6 -0.758801
2.7 -0.752109
2.8 -0.758727
2.9 -0.749335
3 -0.748609
3.1 -0.74425
3.2 -0.743045
3.3 -0.744754
3.4 -0.735776
3.5 -0.728704
3.6 -0.719486
3.7 -0.729677
3.8 -0.711724
3.9 -0.706485
4 -0.702902
4.1 -0.683048
4.2 -0.681661
4.3 -0.694015
4.4 -0.678771
4.5 -0.679247
4.6 -0.678543
4.7 -0.665744
4.8 -0.67212
4.9 -0.658547
5 -0.657753
5.1 -0.657527
5.2 -0.64369
5.3 -0.641883
5.4 -0.646346
5.5 -0.645794
5.6 -0.640093
5.7 -0.636935
5.8 -0.636442
5.9 -0.640637
6 -0.635133
6.1 -0.62424
6.2 -0.637709
6.3 -0.626761
6.4 -0.618411
6.5 -0.627163
6.6 -0.604463
6.7 -0.599819
6.8 -0.613197
6.9 -0.619307
7 -0.605424
7.1 -0.594066
7.2 -0.599354
7.3 -0.601655
7.4 -0.601266
7.5 -0.591845
7.6 -0.583735
7.7 -0.586289
7.8 -0.589626
7.9 -0.57978
8 -0.570856
8.1 -0.572686
8.2 -0.559325
8.3 -0.54858
8.4 -0.54149
8.5 -0.557411
8.6 -0.554506
8.7 -0.54337
8.8 -0.544905
8.9 -0.535436
9 -0.537488
9.1 -0.532164
9.2 -0.517544
9.3 -0.513262
9.4 -0.518453
9.5 -0.506399
9.6 -0.511318
9.7 -0.502522
9.8 -0.503945
9.9 -0.511073
10 -0.50989
10.1 -0.507041
10.2 -0.5074
10.3 -0.501628
10.4 -0.498112
10.5 -0.497314
10.6 -0.483364
10.7 -0.477568
10.8 -0.483554
10.9 -0.487031
11 -0.468884
11.1 -0.466913
11.2 -0.464613
11.3 -0.467165
11.4 -0.457202
11.5 -0.464383
11.6 -0.454218
11.7 -0.457112
11.8 -0.468533
11.9 -0.475579
12 -0.456811
12.1 -0.467432
12.2 -0.466446
12.3 -0.451832
12.4 -0.449484
12.5 -0.452047
12.6 -0.435452
12.7 -0.453821
12.8 -0.454598
12.9 -0.433101
13 -0.443544
13.1 -0.447462
13.2 -0.448162
13.3 -0.441934
13.4 -0.439562
13.5 -0.44653
13.6 -0.451422
13.7 -0.430438
13.8 -0.440098
13.9 -0.441301
14 -0.428413
14.1 -0.430756
14.2 -0.435591
14.3 -0.428342
14.4 -0.424405
14.5 -0.428624
14.6 -0.438359
14.7 -0.420719
14.8 -0.420927
14.9 -0.414878
15 -0.411024
15.1 -0.41408
15.2 -0.408226
15.3 -0.40417
15.4 -0.405809
15.5 -0.40218
15.6 -0.408166
15.7 -0.406667
15.8 -0.397676
15.9 -0.407519
16 -0.411368
16.1 -0.410665
16.2 -0.404359
16.3 -0.394442
16.4 -0.404134
16.5 -0.38929
16.6 -0.379595
16.7 -0.377103
16.8 -0.377346
16.9 -0.37524
17 -0.356122
17.1 -0.362808
17.2 -0.359634
17.3 -0.347837
17.4 -0.352946
17.5 -0.363428
17.6 -0.352626
17.7 -0.348254
17.8 -0.33724
17.9 -0.329622
18 -0.324511
18.1 -0.327601
18.2 -0.32542
18.3 -0.334024
18.4 -0.327189
18.5 -0.320815
18.6 -0.327278
18.7 -0.32331
18.8 -0.330113
18.9 -0.332659
19 -0.330297
19.1 -0.337014
19.2 -0.34648
19.3 -0.328571
19.4 -0.335338
19.5 -0.334331
19.6 -0.328779
19.7 -0.335837
19.8 -0.338629
19.9 -0.34287
20 -0.340814
20.1 -0.354288
20.2 -0.341901
20.3 -0.346477
20.4 -0.348758
20.5 -0.367035
20.6 -0.354655
20.7 -0.362119
20.8 -0.355891
20.9 -0.359628
21 -0.361399
21.1 -0.3593
21.2 -0.368306
21.3 -0.357068
21.4 -0.368287
21.5 -0.363458
21.6 -0.384961
21.7 -0.366127
21.8 -0.373913
21.9 -0.365716
22 -0.360691
22.1 -0.371665
22.2 -0.374019
22.3 -0.374196
22.4 -0.36534
22.5 -0.372939
22.6 -0.36972
22.7 -0.377064
22.8 -0.367991
22.9 -0.368942
23 -0.365757
23.1 -0.36554
23.2 -0.362315
23.3 -0.369745
23.4 -0.360251
23.5 -0.367061
23.6 -0.358098
23.7 -0.374114
23.8 -0.362568
23.9 -0.368729
24 -0.361138
24.1 -0.355778
24.2 -0.365093
24.3 -0.368491
24.4 -0.367131
24.5 -0.372694
24.6 -0.359072
24.7 -0.362238
24.8 -0.352381
24.9 -0.354616
25 -0.352767
25.1 -0.359742
25.2 -0.358686
25.3 -0.361463
25.4 -0.355755
25.5 -0.36252
25.6 -0.350381
25.7 -0.359901
25.8 -0.363336
25.9 -0.363515
26 -0.352846
26.1 -0.364255
26.2 -0.354792
26.3 -0.3642
26.4 -0.36446
26.5 -0.362713
26.6 -0.366813
26.7 -0.355598
26.8 -0.373259
26.9 -0.374203
27 -0.378517
27.1 -0.381344
27.2 -0.381473
27.3 -0.376999
27.4 -0.371055
27.5 -0.361698
27.6 -0.368803
27.7 -0.37207
27.8 -0.378572
27.9 -0.378346
28 -0.381848
28.1 -0.384502
28.2 -0.375919
28.3 -0.372177
28.4 -0.372935
28.5 -0.3702
28.6 -0.375763
28.7 -0.367138
28.8 -0.367903
28.9 -0.378139
29 -0.375203
29.1 -0.378545
29.2 -0.357363
29.3 -0.35874
29.4 -0.367404
29.5 -0.360954
29.6 -0.364816
29.7 -0.367087
29.8 -0.368368
29.9 -0.367571
30 -0.365013
30.1 -0.366221
30.2 -0.372908
30.3 -0.374412
30.4 -0.375324
30.5 -0.368328
30.6 -0.376241
30.7 -0.374136
30.8 -0.37065
30.9 -0.370427
31 -0.37111
31.1 -0.378756
31.2 -0.366154
31.3 -0.36967
31.4 -0.355719
31.5 -0.363446
31.6 -0.369116
31.7 -0.372149
31.8 -0.383222
31.9 -0.384042
32 -0.3887
32.1 -0.395066
32.2 -0.388139
32.3 -0.386434
32.4 -0.385768
32.5 -0.401459
32.6 -0.398326
32.7 -0.39063
32.8 -0.395672
32.9 -0.387143
33 -0.388142
33.1 -0.387298
33.2 -0.388654
33.3 -0.387514
33.4 -0.3814
33.5 -0.377686
33.6 -0.380995
33.7 -0.368893
33.8 -0.364293
33.9 -0.361796
34 -0.360367
34.1 -0.366161
34.2 -0.373078
34.3 -0.363532
34.4 -0.359008
34.5 -0.371858
34.6 -0.365752
34.7 -0.369204
34.8 -0.38785
34.9 -0.388158
35 -0.391092
35.1 -0.395701
35.2 -0.400964
35.3 -0.398504
35.4 -0.392945
35.5 -0.396531
35.6 -0.399378
35.7 -0.401317
35.8 -0.396034
35.9 -0.399214
36 -0.382064
36.1 -0.385253
36.2 -0.375235
36.3 -0.375926
36.4 -0.377401
36.5 -0.397873
36.6 -0.402646
36.7 -0.388229
36.8 -0.404488
36.9 -0.388928
37 -0.408954
37.1 -0.404096
37.2 -0.402555
37.3 -0.399969
37.4 -0.39566
37.5 -0.399349
37.6 -0.408105
37.7 -0.405864
37.8 -0.397158
37.9 -0.403445
38 -0.403049
38.1 -0.394406
38.2 -0.397191
38.3 -0.399278
38.4 -0.393443
38.5 -0.405814
38.6 -0.408103
38.7 -0.404436
38.8 -0.41321
38.9 -0.408511
39 -0.406703
39.1 -0.407484
39.2 -0.405397
39.3 -0.409802
39.4 -0.400755
39.5 -0.409978
39.6 -0.404795
39.7 -0.402243
39.8 -0.406946
39.9 -0.398931
40 -0.397042
40.1 -0.400675
40.2 -0.407121
40.3 -0.405677
40.4 -0.409376
40.5 -0.407175
40.6 -0.411039
40.7 -0.411142
40.8 -0.408742
40.9 -0.409934
41 -0.410255
41.1 -0.417608
41.2 -0.414259
41.3 -0.409841
41.4 -0.411221
41.5 -0.411027
41.6 -0.420558
41.7 -0.428751
41.8 -0.437765
41.9 -0.416945
42 -0.407463
42.1 -0.422651
42.2 -0.431299
42.3 -0.419351
42.4 -0.430346
42.5 -0.415736
42.6 -0.4321
42.7 -0.442466
42.8 -0.436748
42.9 -0.432646
43 -0.42625
43.1 -0.437157
43.2 -0.44239
43.3 -0.442748
43.4 -0.430874
43.5 -0.439733
43.6 -0.444322
43.7 -0.443522
43.8 -0.437953
43.9 -0.441624
44 -0.430402
44.1 -0.444927
44.2 -0.446518
44.3 -0.45219
44.4 -0.457434
44.5 -0.445406
44.6 -0.461451
44.7 -0.44878
44.8 -0.459872
44.9 -0.460522
45 -0.452001
45.1 -0.45282
45.2 -0.453275
45.3 -0.467591
45.4 -0.461167
45.5 -0.444687
45.6 -0.445331
45.7 -0.448679
45.8 -0.463695
45.9 -0.456079
46 -0.444927
46.1 -0.448947
46.2 -0.459255
46.3 -0.467927
46.4 -0.462614
46.5 -0.464166
46.6 -0.477004
46.7 -0.469625
46.8 -0.471985
46.9 -0.477992
47 -0.477443
47.1 -0.479908
47.2 -0.478513
47.3 -0.468477
47.4 -0.467114
47.5 -0.467251
47.6 -0.467016
47.7 -0.483958
47.8 -0.471799
47.9 -0.472462
48 -0.479034
48.1 -0.473816
48.2 -0.48004
48.3 -0.485642
48.4 -0.483261
48.5 -0.486914
48.6 -0.476762
48.7 -0.4803
48.8 -0.498088
48.9 -0.492733
49 -0.505978
49.1 -0.498335
49.2 -0.499249
49.3 -0.49742
49.4 -0.495988
49.5 -0.501962
49.6 -0.499936
49.7 -0.49211
49.8 -0.491742
49.9 -0.491542
50 -0.492178
50.1 -0.497249
50.2 -0.496397
50.3 -0.497067
50.4 -0.501798
50.5 -0.505456
50.6 -0.519285
50.7 -0.51206
50.8 -0.50794
50.9 -0.510707
51 -0.505188
51.1 -0.519476
51.2 -0.511976
51.3 -0.523037
51.4 -0.517774
51.5 -0.522501
51.6 -0.543839
51.7 -0.538916
51.8 -0.541567
51.9 -0.55118
52 -0.552704
52.1 -0.554469
52.2 -0.561787
52.3 -0.565199
52.4 -0.582558
52.5 -0.5787
52.6 -0.572076
52.7 -0.575212
52.8 -0.57587
52.9 -0.585789
53 -0.591075
53.1 -0.574304
53.2 -0.568091
53.3 -0.582293
53.4 -0.589221
53.5 -0.58488
53.6 -0.596976
53.7 -0.59897
53.8 -0.598916
53.9 -0.600353
54 -0.599766
54.1 -0.600689
54.2 -0.606579
54.3 -0.619566
54.4 -0.61681
54.5 -0.61111
54.6 -0.62327
54.7 -0.624084
54.8 -0.610742
54.9 -0.616126
55 -0.621949
55.1 -0.622677
55.2 -0.63125
55.3 -0.626039
55.4 -0.628477
55.5 -0.636091
55.6 -0.642847
55.7 -0.647076
55.8 -0.652332
55.9 -0.647666
56 -0.646419
56.1 -0.657597
56.2 -0.662546
56.3 -0.650761
56.4 -0.652974
56.5 -0.645819
56.6 -0.645952
56.7 -0.655928
56.8 -0.65001
56.9 -0.651555
57 -0.670959
57.1 -0.655591
57.2 -0.654001
57.3 -0.651977
57.4 -0.653003
57.5 -0.655808
57.6 -0.657751
57.7 -0.66832
57.8 -0.676416
57.9 -0.67866
58 -0.667751
58.1 -0.669984
58.2 -0.668489
58.3 -0.678404
58.4 -0.67659
58.5 -0.686787
58.6 -0.675749
58.7 -0.680806
58.8 -0.683231
58.9 -0.686785
59 -0.682307
59.1 -0.704604
59.2 -0.70282
59.3 -0.704819
59.4 -0.689539
59.5 -0.704249
59.6 -0.70511
59.7 -0.71245
59.8 -0.700839
59.9 -0.702317
60 -0.705697
60.1 -0.699676
60.2 -0.707748
60.3 -0.696126
60.4 -0.711965
60.5 -0.698213
60.6 -0.712642
60.7 -0.711731
60.8 -0.712065
60.9 -0.716622
61 -0.704936
61.1 -0.719051
61.2 -0.722132
61.3 -0.716812
61.4 -0.723674
61.5 -0.713596
61.6 -0.718878
61.7 -0.728188
61.8 -0.730485
61.9 -0.728939
62 -0.720519
62.1 -0.739511
62.2 -0.738068
62.3 -0.729793
62.4 -0.740149
62.5 -0.749846
62.6 -0.744887
62.7 -0.749576
62.8 -0.754625
62.9 -0.752228
63 -0.75231
63.1 -0.748307
63.2 -0.763833
63.3 -0.758915
63.4 -0.755389
63.5 -0.749155
63.6 -0.752711
63.7 -0.760341
63.8 -0.758013
63.9 -0.752498
64 -0.771082
64.1 -0.760145
64.2 -0.75534
64.3 -0.759138
64.4 -0.762559
64.5 -0.754594
64.6 -0.763819
64.7 -0.764282
64.8 -0.749831
64.9 -0.761612
65 -0.771653
65.1 -0.775434
65.2 -0.762422
65.3 -0.77272
65.4 -0.773218
65.5 -0.767202
65.6 -0.775248
65.7 -0.779785
65.8 -0.783199
65.9 -0.784073
66 -0.786916
66.1 -0.790075
66.2 -0.795598
66.3 -0.796117
66.4 -0.780318
66.5 -0.79198
66.6 -0.789765
66.7 -0.796352
66.8 -0.793972
66.9 -0.791906
67 -0.785444
67.1 -0.796864
67.2 -0.803078
67.3 -0.795559
67.4 -0.788322
67.5 -0.801606
67.6 -0.790273
67.7 -0.794117
67.8 -0.794332
67.9 -0.796058
68 -0.794238
68.1 -0.792681
68.2 -0.798449
68.3 -0.792742
68.4 -0.791793
68.5 -0.795001
68.6 -0.807843
68.7 -0.805438
68.8 -0.806511
68.9 -0.808602
69 -0.814894
69.1 -0.81528
69.2 -0.810701
69.3 -0.809711
69.4 -0.814741
69.5 -0.809338
69.6 -0.807237
69.7 -0.80533
69.8 -0.820536
69.9 -0.816098
70 -0.817006
70.1 -0.811995
70.2 -0.821202
70.3 -0.82429
70.4 -0.833066
70.5 -0.82653
70.6 -0.826671
70.7 -0.829033
70.8 -0.828968
70.9 -0.824265
71 -0.830677
71.1 -0.831535
71.2 -0.82709
71.3 -0.839289
71.4 -0.842888
71.5 -0.839994
71.6 -0.842534
71.7 -0.841596
71.8 -0.851127
71.9 -0.841805
72 -0.848921
72.1 -0.847162
72.2 -0.851724
72.3 -0.846856
72.4 -0.85415
72.5 -0.863983
72.6 -0.8551
72.7 -0.865392
72.8 -0.870214
72.9 -0.863745
73 -0.876999
73.1 -0.878079
73.2 -0.872062
73.3 -0.881518
73.4 -0.884578
73.5 -0.889746
73.6 -0.890401
73.7 -0.886113
73.8 -0.891381
73.9 -0.894595
74 -0.882629
74.1 -0.894283
74.2 -0.88887
74.3 -0.883085
74.4 -0.890876
74.5 -0.907939
74.6 -0.907325
74.7 -0.907155
74.8 -0.899561
74.9 -0.907712
75 -0.904452
75.1 -0.908475
75.2 -0.909723
75.3 -0.901751
75.4 -0.899259
75.5 -0.905495
75.6 -0.912512
75.7 -0.908755
75.8 -0.925349
75.9 -0.911284
76 -0.910133
76.1 -0.916388
76.2 -0.91442
76.3 -0.91548
76.4 -0.917675
76.5 -0.924139
76.6 -0.925395
76.7 -0.92904
76.8 -0.927092
76.9 -0.923314
77 -0.924648
77.1 -0.915532
77.2 -0.925554
77.3 -0.922312
77.4 -0.927991
77.5 -0.933301
77.6 -0.932493
77.7 -0.93
77.8 -0.923785
77.9 -0.928499
78 -0.927872
78.1 -0.936839
78.2 -0.930673
78.3 -0.92751
78.4 -0.938276
78.5 -0.928367
78.6 -0.926147
78.7 -0.94154
78.8 -0.934836
78.9 -0.939423
79 -0.935403
79.1 -0.946499
79.2 -0.948645
79.3 -0.940434
79.4 -0.948938
79.5 -0.941847
79.6 -0.930958
79.7 -0.944898
79.8 -0.935233
79.9 -0.935825
80 -0.944172
80.1 -0.949886
80.2 -0.942508
80.3 -0.937864
80.4 -0.946706
80.5 -0.935536
80.6 -0.938918
80.7 -0.943909
80.8 -0.936347
80.9 -0.938813
81 -0.937191
81.1 -0.944836
81.2 -0.934772
81.3 -0.929377
81.4 -0.939265
81.5 -0.93039
81.6 -0.937824
81.7 -0.93367
81.8 -0.944067
81.9 -0.935667
82 -0.941987
82.1 -0.932288
82.2 -0.933756
82.3 -0.948028
82.4 -0.935473
82.5 -0.938726
82.6 -0.944139
82.7 -0.941991
82.8 -0.938019
82.9 -0.934697
83 -0.949388
83.1 -0.936914
83.2 -0.928663
83.3 -0.930677
83.4 -0.934924
83.5 -0.925479
83.6 -0.935309
83.7 -0.930653
83.8 -0.939706
83.9 -0.942691
84 -0.942017
84.1 -0.928309
84.2 -0.935014
84.3 -0.942027
84.4 -0.936149
84.5 -0.938303
84.6 -0.933021
84.7 -0.9307
84.8 -0.930673
84.9 -0.937352
85 -0.947189
85.1 -0.935213
85.2 -0.934713
85.3 -0.941654
85.4 -0.947574
85.5 -0.940287
85.6 -0.949584
85.7 -0.944121
85.8 -0.946467
85.9 -0.961988
86 -0.94964
86.1 -0.945835
86.2 -0.94816
86.3 -0.955111
86.4 -0.951324
86.5 -0.966821
86.6 -0.950127
86.7 -0.959454
86.8 -0.948925
86.9 -0.955648
87 -0.958999
87.1 -0.960235
87.2 -0.960711
87.3 -0.9555
87.4 -0.965373
87.5 -0.959948
87.6 -0.968325
87.7 -0.967872
87.8 -0.964888
87.9 -0.960738
88 -0.973691
88.1 -0.97217
88.2 -0.964604
88.3 -0.966921
88.4 -0.969546
88.5 -0.969531
88.6 -0.977216
88.7 -0.964674
88.8 -0.964464
88.9 -0.960368
89 -0.967376
89.1 -0.972881
89.2 -0.974759
89.3 -0.965116
89.4 -0.970308
89.5 -0.963906
89.6 -0.976732
89.7 -0.976531
89.8 -0.965763
89.9 -0.972052
90 -0.965919
90.1 -0.972332
90.2 -0.972872
90.3 -0.974105
90.4 -0.975638
90.5 -0.969427
90.6 -0.978459
90.7 -0.976059
90.8 -0.986857
90.9 -0.968196
91 -0.975683
91.1 -0.970325
91.2 -0.96678
91.3 -0.972857
91.4 -0.959927
91.5 -0.968332
91.6 -0.963353
91.7 -0.96559
91.8 -0.971218
91.9 -0.963117
92 -0.961559
92.1 -0.955154
92.2 -0.960771
92.3 -0.957331
92.4 -0.953361
92.5 -0.961428
92.6 -0.957547
92.7 -0.952098
92.8 -0.954161
92.9 -0.95904
93 -0.96435
93.1 -0.972158
93.2 -0.971813
93.3 -0.966841
93.4 -0.95875
93.5 -0.955062
93.6 -0.961001
93.7 -0.963755
93.8 -0.95688
93.9 -0.957292
94 -0.960771
94.1 -0.961839
94.2 -0.973218
94.3 -0.965753
94.4 -0.969504
94.5 -0.954756
94.6 -0.967525
94.7 -0.968927
94.8 -0.961877
94.9 -0.956962
95 -0.970754
95.1 -0.963414
95.2 -0.968291
95.3 -0.959955
95.4 -0.967781
95.5 -0.955947
95.6 -0.955805
95.7 -0.961475
95.8 -0.960306
95.9 -0.968798
96 -0.957481
96.1 -0.967846
96.2 -0.974781
96.3 -0.966716
96.4 -0.966667
96.5 -0.971775
96.6 -0.975135
96.7 -0.973899
96.8 -0.983526
96.9 -0.973955
97 -0.967678
97.1 -0.97359
97.2 -0.972763
97.3 -0.967168
97.4 -0.973067
97.5 -0.967862
97.6 -0.973563
97.7 -0.978407
97.8 -0.974026
97.9 -0.967179
98 -0.978646
98.1 -0.972124
98.2 -0.962673
98.3 -0.967012
98.4 -0.966667
98.5 -0.970961
98.6 -0.965743
98.7 -0.978134
98.8 -0.981243
98.9 -0.976977
99 -0.983482
99.1 -0.977801
99.2 -0.972944
99.3 -0.974775
99.4 -0.979827
99.5 -0.969863
99.6 -0.963623
99.7 -0.96218
99.8 -0.966629
99.9 -0.967893
100 -0.971769
