3.65682 0.027744
3.71089 0.101728
3.76495 0.32368
3.81902 0.573377
3.87309 0.804577
3.92715 1.30397
3.98122 1.44269
4.03528 1.59991
4.08935 1.4057
4.14341 1.19299
4.19748 0.887809
4.25155 0.675105
4.30561 0.499392
4.35968 0.397664
4.41374 0.212704
4.46781 0.175712
4.52187 0.0739841
4.57594 0.0924801
4.63001 0.04624
4.68407 0.0647361
4.73814 0.018496
4.7922 0.00924801
4.84627 0.00924801
4.90033 0.027744
4.9544 0.027744
5.00847 0.00924801
5.06253 0.00924801
5.1166 0.018496
5.17066 0.00924801
5.22473 0.018496
5.27879 0.018496
5.33286 0.00924801
5.38693 0.0647361
5.44099 0.0924801
5.49506 0.0924801
5.54912 0.13872
5.60319 0.268192
5.65725 0.258944
5.71132 0.517888
5.76538 0.554881
5.81945 0.545633
5.87352 0.795329
5.92758 0.721345
5.98165 0.795329
6.03571 0.554881
6.08978 0.41616
6.14384 0.332928
6.19791 0.175712
6.25198 0.027744
6.30604 0.0554881
