0 0
0.1 0.112576
0.2 0.113709
0.3 0.115224
0.4 0.116919
0.5 0.118685
0.6 0.121014
0.7 0.122396
0.8 0.123827
0.9 0.125956
1 0.12792
1.1 0.129766
1.2 0.131292
1.3 0.132965
1.4 0.134731
1.5 0.136495
1.6 0.138724
1.7 0.140658
1.8 0.142488
1.9 0.144394
2 0.146682
2.1 0.149089
2.2 0.151083
2.3 0.152773
2.4 0.153947
2.5 0.15479
2.6 0.157334
2.7 0.159461
2.8 0.160336
2.9 0.162278
3 0.164243
3.1 0.166455
3.2 0.168513
3.3 0.171043
3.4 0.173257
3.5 0.174363
3.6 0.175856
3.7 0.177926
3.8 0.179983
3.9 0.182288
4 0.184423
4.1 0.186582
4.2 0.188472
4.3 0.190788
4.4 0.192492
4.5 0.194908
4.6 0.197339
4.7 0.199804
4.8 0.201592
4.9 0.203624
5 0.205794
5.1 0.20836
5.2 0.211026
5.3 0.212871
5.4 0.215532
5.5 0.217661
5.6 0.219977
5.7 0.221761
5.8 0.223649
5.9 0.226373
6 0.228302
6.1 0.231123
6.2 0.234165
6.3 0.237427
6.4 0.240018
6.5 0.244391
6.6 0.247059
6.7 0.248864
6.8 0.251383
6.9 0.254178
7 0.256859
7.1 0.25967
7.2 0.262573
7.3 0.264723
7.4 0.267756
7.5 0.27002
7.6 0.272225
7.7 0.274593
7.8 0.27687
7.9 0.279543
8 0.282187
8.1 0.284807
8.2 0.287114
8.3 0.289412
8.4 0.291302
8.5 0.293494
8.6 0.295362
8.7 0.298505
8.8 0.30088
8.9 0.303767
9 0.306566
9.1 0.308574
9.2 0.31086
9.3 0.31395
9.4 0.316906
9.5 0.320273
9.6 0.323257
9.7 0.324505
9.8 0.328014
9.9 0.330925
10 0.334139
10.1 0.336426
10.2 0.338592
10.3 0.342072
10.4 0.346046
10.5 0.348688
10.6 0.351627
10.7 0.354661
10.8 0.357794
10.9 0.360863
11 0.363717
11.1 0.366488
11.2 0.368178
11.3 0.370922
11.4 0.373756
11.5 0.376495
11.6 0.379127
11.7 0.382109
11.8 0.384404
11.9 0.387278
12 0.389732
12.1 0.391604
12.2 0.394264
12.3 0.397059
12.4 0.39958
12.5 0.401855
12.6 0.404406
12.7 0.407093
12.8 0.410067
12.9 0.412931
13 0.415822
13.1 0.417916
13.2 0.420399
13.3 0.423574
13.4 0.427555
13.5 0.430367
13.6 0.433298
13.7 0.436479
13.8 0.439258
13.9 0.442884
14 0.445677
14.1 0.447857
14.2 0.451163
14.3 0.454189
14.4 0.457512
14.5 0.459768
14.6 0.46275
14.7 0.46618
14.8 0.469348
14.9 0.472324
15 0.474808
15.1 0.477372
15.2 0.479928
15.3 0.483076
15.4 0.486511
15.5 0.489788
15.6 0.492475
15.7 0.494748
15.8 0.496183
15.9 0.498793
16 0.501244
16.1 0.503606
16.2 0.505951
16.3 0.508913
16.4 0.511407
16.5 0.513833
16.6 0.516718
16.7 0.519466
16.8 0.522055
16.9 0.524481
17 0.527684
17.1 0.530957
17.2 0.534041
17.3 0.537205
17.4 0.539183
17.5 0.541243
17.6 0.544235
17.7 0.547503
17.8 0.5499
17.9 0.553156
18 0.555104
18.1 0.557423
18.2 0.559689
18.3 0.562604
18.4 0.565317
18.5 0.568455
18.6 0.571056
18.7 0.573502
18.8 0.575877
18.9 0.578809
19 0.581328
19.1 0.583463
19.2 0.585677
19.3 0.588628
19.4 0.59131
19.5 0.594329
19.6 0.597319
19.7 0.599982
19.8 0.601193
19.9 0.602752
20 0.605672
20.1 0.608506
20.2 0.610818
20.3 0.61268
20.4 0.614312
20.5 0.616883
20.6 0.619322
20.7 0.622057
20.8 0.62434
20.9 0.626293
21 0.628598
21.1 0.630669
21.2 0.632727
21.3 0.634813
21.4 0.636467
21.5 0.637039
21.6 0.638667
21.7 0.640429
21.8 0.643082
21.9 0.64499
22 0.647411
22.1 0.648589
22.2 0.650548
22.3 0.652784
22.4 0.655735
22.5 0.658259
22.6 0.661345
22.7 0.664323
22.8 0.666346
22.9 0.668275
23 0.671093
23.1 0.673453
23.2 0.675897
23.3 0.678519
23.4 0.680349
23.5 0.682832
23.6 0.68483
23.7 0.686479
23.8 0.687924
23.9 0.689867
24 0.692478
24.1 0.694287
24.2 0.696336
24.3 0.698972
24.4 0.701774
24.5 0.704451
24.6 0.706668
24.7 0.709105
24.8 0.711007
24.9 0.713271
25 0.715028
25.1 0.717577
25.2 0.720087
25.3 0.72225
25.4 0.724035
25.5 0.726372
25.6 0.728251
25.7 0.729711
25.8 0.732508
25.9 0.733437
26 0.734348
26.1 0.736422
26.2 0.738922
26.3 0.740803
26.4 0.742422
26.5 0.7443
26.6 0.74598
26.7 0.747961
26.8 0.750031
26.9 0.752714
27 0.754026
27.1 0.755007
27.2 0.756879
27.3 0.759085
27.4 0.761721
27.5 0.763596
27.6 0.766255
27.7 0.768299
27.8 0.769496
27.9 0.770678
28 0.773311
28.1 0.775096
28.2 0.776979
28.3 0.779113
28.4 0.780913
28.5 0.784043
28.6 0.786664
28.7 0.788978
28.8 0.791158
28.9 0.793584
29 0.795786
29.1 0.797988
29.2 0.799911
29.3 0.802348
29.4 0.804707
29.5 0.806449
29.6 0.80808
29.7 0.810036
29.8 0.811797
29.9 0.813356
30 0.81536
30.1 0.81839
30.2 0.820364
30.3 0.822028
30.4 0.824071
30.5 0.826522
30.6 0.827957
30.7 0.83007
30.8 0.832057
30.9 0.834012
31 0.835676
31.1 0.836569
31.2 0.837958
31.3 0.84037
31.4 0.842431
31.5 0.844398
31.6 0.846702
31.7 0.848384
31.8 0.849888
31.9 0.852462
32 0.855034
32.1 0.8573
32.2 0.859651
32.3 0.861714
32.4 0.864049
32.5 0.866348
32.6 0.86848
32.7 0.870507
32.8 0.873265
32.9 0.874873
33 0.877157
33.1 0.880037
33.2 0.882245
33.3 0.884506
33.4 0.886823
33.5 0.88948
33.6 0.892067
33.7 0.893983
33.8 0.896386
33.9 0.898827
34 0.900948
34.1 0.902737
34.2 0.90503
34.3 0.907265
34.4 0.910048
34.5 0.912621
34.6 0.914303
34.7 0.916437
34.8 0.918559
34.9 0.920252
35 0.920807
35.1 0.920647
35.2 0.919369
35.3 0.917911
35.4 0.916435
35.5 0.915043
35.6 0.913595
35.7 0.912255
35.8 0.911201
35.9 0.909793
36 0.908301
36.1 0.906813
36.2 0.905422
36.3 0.903963
36.4 0.90247
36.5 0.900953
36.6 0.899509
36.7 0.898072
36.8 0.896594
36.9 0.895106
37 0.893585
37.1 0.89212
37.2 0.890616
37.3 0.889114
37.4 0.888063
37.5 0.886786
37.6 0.885367
37.7 0.883843
37.8 0.882334
37.9 0.880806
38 0.879361
38.1 0.87781
38.2 0.876265
38.3 0.874721
38.4 0.873191
38.5 0.871626
38.6 0.870068
38.7 0.868526
38.8 0.866996
38.9 0.865481
39 0.864036
39.1 0.862459
39.2 0.860893
39.3 0.859643
39.4 0.858265
39.5 0.856696
39.6 0.855414
39.7 0.853882
39.8 0.852314
39.9 0.850754
40 0.849181
40.1 0.847597
40.2 0.846099
40.3 0.844627
40.4 0.843099
40.5 0.841543
40.6 0.839956
40.7 0.838393
40.8 0.836787
40.9 0.835254
41 0.833691
41.1 0.832126
41.2 0.830496
41.3 0.828891
41.4 0.827293
41.5 0.825756
41.6 0.824152
41.7 0.822601
41.8 0.821016
41.9 0.819434
42 0.818074
42.1 0.816569
42.2 0.814979
42.3 0.813417
42.4 0.811785
42.5 0.810348
42.6 0.808742
42.7 0.807126
42.8 0.805506
42.9 0.804013
43 0.802482
43.1 0.800846
43.2 0.799324
43.3 0.797729
43.4 0.796095
43.5 0.794593
43.6 0.793132
43.7 0.791689
43.8 0.790072
43.9 0.788568
44 0.78704
44.1 0.785408
44.2 0.783789
44.3 0.782154
44.4 0.780553
44.5 0.778956
44.6 0.777299
44.7 0.775652
44.8 0.774096
44.9 0.772474
45 0.770825
45.1 0.769283
45.2 0.767694
45.3 0.766089
45.4 0.764445
45.5 0.76279
45.6 0.761157
45.7 0.759595
45.8 0.757985
45.9 0.75638
46 0.754752
46.1 0.753148
46.2 0.751515
46.3 0.749844
46.4 0.748194
46.5 0.746543
46.6 0.744899
46.7 0.743238
46.8 0.741592
46.9 0.739922
47 0.73826
47.1 0.736578
47.2 0.734961
47.3 0.733427
47.4 0.731794
47.5 0.730181
47.6 0.72856
47.7 0.726997
47.8 0.725416
47.9 0.723747
48 0.722067
48.1 0.720399
48.2 0.718819
48.3 0.717132
48.4 0.715463
48.5 0.713786
48.6 0.712134
48.7 0.710471
48.8 0.708858
48.9 0.70726
49 0.705553
49.1 0.703866
49.2 0.702208
49.3 0.700551
49.4 0.698971
49.5 0.697292
49.6 0.695719
49.7 0.694082
49.8 0.692425
49.9 0.690815
50 0.689199
50.1 0.687487
50.2 0.68581
50.3 0.684111
50.4 0.68239
50.5 0.680924
50.6 0.679303
50.7 0.677587
50.8 0.67589
50.9 0.674166
51 0.672673
51.1 0.67111
51.2 0.669881
51.3 0.668133
51.4 0.666466
51.5 0.66484
51.6 0.663181
51.7 0.661453
51.8 0.659777
51.9 0.658048
52 0.656344
52.1 0.654644
52.2 0.652969
52.3 0.651276
52.4 0.649602
52.5 0.648077
52.6 0.646546
52.7 0.645058
52.8 0.643337
52.9 0.641703
53 0.639969
53.1 0.638237
53.2 0.637069
53.3 0.635328
53.4 0.633552
53.5 0.631773
53.6 0.630027
53.7 0.628341
53.8 0.626685
53.9 0.624863
54 0.623073
54.1 0.621248
54.2 0.619424
54.3 0.617747
54.4 0.61606
54.5 0.614283
54.6 0.612629
54.7 0.610926
54.8 0.609205
54.9 0.607466
55 0.605607
55.1 0.603766
55.2 0.602
55.3 0.600375
55.4 0.598645
55.5 0.59695
55.6 0.595173
55.7 0.593395
55.8 0.591634
55.9 0.589809
56 0.587891
56.1 0.586255
56.2 0.584512
56.3 0.582581
56.4 0.580788
56.5 0.578963
56.6 0.577105
56.7 0.575159
56.8 0.573244
56.9 0.571275
57 0.569343
57.1 0.567544
57.2 0.565573
57.3 0.563569
57.4 0.561658
57.5 0.559872
57.6 0.558091
57.7 0.556073
57.8 0.554021
57.9 0.552041
58 0.549996
58.1 0.548104
58.2 0.546214
58.3 0.544145
58.4 0.542317
58.5 0.540285
58.6 0.538225
58.7 0.536131
58.8 0.534129
58.9 0.532062
59 0.530047
59.1 0.528221
59.2 0.526292
59.3 0.524259
59.4 0.52236
59.5 0.520254
59.6 0.518103
59.7 0.515919
59.8 0.513706
59.9 0.511553
60 0.509367
60.1 0.507255
60.2 0.505229
60.3 0.503019
60.4 0.500989
60.5 0.499062
60.6 0.496838
60.7 0.494953
60.8 0.493451
60.9 0.491208
61 0.489047
61.1 0.486847
61.2 0.484535
61.3 0.482511
61.4 0.480428
61.5 0.478134
61.6 0.476001
61.7 0.473615
61.8 0.471811
61.9 0.469688
62 0.467204
62.1 0.464751
62.2 0.462422
62.3 0.460482
62.4 0.458284
62.5 0.455897
62.6 0.453401
62.7 0.450783
62.8 0.448265
62.9 0.445817
63 0.443488
63.1 0.441244
63.2 0.438861
63.3 0.436533
63.4 0.434385
63.5 0.432111
63.6 0.43053
63.7 0.428116
63.8 0.42553
63.9 0.42312
64 0.420563
64.1 0.417808
64.2 0.415036
64.3 0.412565
64.4 0.409855
64.5 0.407341
64.6 0.404687
64.7 0.40213
64.8 0.399418
64.9 0.396709
65 0.393928
65.1 0.391052
65.2 0.388355
65.3 0.385467
65.4 0.382531
65.5 0.379483
65.6 0.376453
65.7 0.373297
65.8 0.370349
65.9 0.367251
66 0.364194
66.1 0.361137
66.2 0.358041
66.3 0.354913
66.4 0.351947
66.5 0.348674
66.6 0.345541
66.7 0.343163
66.8 0.340121
66.9 0.337173
67 0.333889
67.1 0.330566
67.2 0.327473
67.3 0.324747
67.4 0.321579
67.5 0.318076
67.6 0.315121
67.7 0.311944
67.8 0.308541
67.9 0.304975
68 0.301408
68.1 0.297712
68.2 0.29409
68.3 0.290598
68.4 0.286728
68.5 0.283172
68.6 0.279958
68.7 0.276549
68.8 0.272712
68.9 0.269373
69 0.265901
69.1 0.262472
69.2 0.258841
69.3 0.254854
69.4 0.251189
69.5 0.247381
69.6 0.244083
69.7 0.241831
69.8 0.237965
69.9 0.233952
70 0.22994
70.1 0.226025
70.2 0.222529
70.3 0.22011
70.4 0.218143
70.5 0.214516
70.6 0.210762
70.7 0.206543
70.8 0.202617
70.9 0.198657
71 0.194513
71.1 0.190036
71.2 0.186976
71.3 0.182801
71.4 0.17863
71.5 0.174569
71.6 0.170929
71.7 0.166852
71.8 0.162738
71.9 0.15815
72 0.153755
72.1 0.149262
72.2 0.144984
72.3 0.140304
72.4 0.135452
72.5 0.131508
72.6 0.12674
72.7 0.122978
72.8 0.118359
72.9 0.113755
73 0.108737
73.1 0.104664
73.2 0.100431
73.3 0.0959968
73.4 0.0915852
73.5 0.0873516
73.6 0.0822923
73.7 0.0774944
73.8 0.0728933
73.9 0.0672932
74 0.0621889
74.1 0.0571033
74.2 0.0514099
74.3 0.046048
74.4 0.040707
74.5 0.0353858
74.6 0.0300695
74.7 0.0241934
74.8 0.0189055
74.9 0.0136559
75 0.00854782
75.1 0.00345641
75.2 -0.00233367
75.3 -0.0079478
75.4 -0.013705
75.5 -0.0196312
75.6 -0.0249205
75.7 -0.0307315
75.8 -0.03704
75.9 -0.0425636
76 -0.0469083
76.1 -0.0525011
76.2 -0.0582247
76.3 -0.06434
76.4 -0.0704182
76.5 -0.075552
76.6 -0.081784
76.7 -0.0882756
76.8 -0.0942261
76.9 -0.0996384
77 -0.105472
77.1 -0.111502
77.2 -0.117587
77.3 -0.123917
77.4 -0.129506
77.5 -0.134387
77.6 -0.140498
77.7 -0.143782
77.8 -0.148919
77.9 -0.155799
78 -0.162276
78.1 -0.168424
78.2 -0.174282
78.3 -0.180931
78.4 -0.187198
78.5 -0.193996
78.6 -0.201095
78.7 -0.207629
78.8 -0.214223
78.9 -0.220663
79 -0.227266
79.1 -0.234121
79.2 -0.240778
79.3 -0.247518
79.4 -0.254115
79.5 -0.258853
79.6 -0.266354
79.7 -0.272524
79.8 -0.27982
79.9 -0.286733
80 -0.294088
80.1 -0.300907
80.2 -0.305528
80.3 -0.303785
80.4 -0.298744
80.5 -0.292751
80.6 -0.288285
80.7 -0.282075
80.8 -0.275468
80.9 -0.269039
81 -0.262644
81.1 -0.256324
81.2 -0.251413
81.3 -0.24642
81.4 -0.240647
81.5 -0.234949
81.6 -0.228829
81.7 -0.223179
81.8 -0.217208
81.9 -0.210468
82 -0.203799
82.1 -0.197875
82.2 -0.191932
82.3 -0.185247
82.4 -0.180169
82.5 -0.176352
82.6 -0.170128
82.7 -0.163195
82.8 -0.156927
82.9 -0.151181
83 -0.145412
83.1 -0.138904
83.2 -0.133325
83.3 -0.128494
83.4 -0.122497
83.5 -0.116419
83.6 -0.110319
83.7 -0.10457
83.8 -0.09854
83.9 -0.0937844
84 -0.0906949
84.1 -0.0860957
84.2 -0.0828982
84.3 -0.077364
84.4 -0.0719295
84.5 -0.0677276
84.6 -0.0619379
84.7 -0.0565008
84.8 -0.0535285
84.9 -0.0502693
85 -0.0477083
85.1 -0.0434598
85.2 -0.0394212
85.3 -0.0346793
85.4 -0.02947
85.5 -0.0257723
85.6 -0.0212654
85.7 -0.0169784
85.8 -0.0122694
85.9 -0.00760299
86 -0.0026768
86.1 0.00206112
86.2 0.00719412
86.3 0.0118976
86.4 0.0158179
86.5 0.0199126
86.6 0.0246116
86.7 0.0284191
86.8 0.0309094
86.9 0.0348033
87 0.0382536
87.1 0.0426169
87.2 0.0471245
87.3 0.0503029
87.4 0.0538547
87.5 0.0583197
87.6 0.0622817
87.7 0.0652262
87.8 0.0686429
87.9 0.0722088
88 0.0756681
88.1 0.0794358
88.2 0.0830551
88.3 0.0865385
88.4 0.0902618
88.5 0.0930967
88.6 0.0950675
88.7 0.0962393
88.8 0.0993562
88.9 0.102778
89 0.106111
89.1 0.109235
89.2 0.112446
89.3 0.115289
89.4 0.118147
89.5 0.121009
89.6 0.12379
89.7 0.126587
89.8 0.129241
89.9 0.131254
90 0.133538
90.1 0.135863
90.2 0.13776
90.3 0.139738
90.4 0.142074
90.5 0.144404
90.6 0.146759
90.7 0.149033
90.8 0.151038
90.9 0.153003
91 0.154969
91.1 0.154409
91.2 0.151719
91.3 0.148274
91.4 0.144702
91.5 0.140447
91.6 0.136544
91.7 0.133198
91.8 0.130066
91.9 0.127048
92 0.12362
92.1 0.120453
92.2 0.116368
92.3 0.11325
92.4 0.109896
92.5 0.106049
92.6 0.102727
92.7 0.0990575
92.8 0.0955347
92.9 0.0917361
93 0.088639
93.1 0.0858492
93.2 0.0819604
93.3 0.0787974
93.4 0.0750121
93.5 0.0721591
93.6 0.0693028
93.7 0.0663556
93.8 0.0638396
93.9 0.0607167
94 0.057585
94.1 0.0545865
94.2 0.0522782
94.3 0.0496825
94.4 0.0476798
94.5 0.0457506
94.6 0.0435425
94.7 0.0412317
94.8 0.0387971
94.9 0.0366004
95 0.0350708
95.1 0.0334858
95.2 0.0308189
95.3 0.0288721
95.4 0.0264104
95.5 0.0231774
95.6 0.0200276
95.7 0.0176893
95.8 0.0151973
95.9 0.0132824
96 0.0111385
96.1 0.00973246
96.2 0.00832662
96.3 0.00664084
96.4 0.00463941
96.5 0.00265488
96.6 0.000842904
96.7 -0.000418031
96.8 -0.00224645
96.9 -0.00439933
97 -0.00557697
97.1 -0.00709088
97.2 -0.00890102
97.3 -0.0104258
97.4 -0.0113893
97.5 -0.0124835
97.6 -0.0131248
97.7 -0.0145835
97.8 -0.0164292
97.9 -0.0176156
98 -0.01889
98.1 -0.0214024
98.2 -0.0229746
98.3 -0.0244617
98.4 -0.0250165
98.5 -0.0268474
98.6 -0.0281179
98.7 -0.029462
98.8 -0.0312178
98.9 -0.0325557
99 -0.0337749
99.1 -0.0357134
99.2 -0.0367504
99.3 -0.0379346
99.4 -0.0396974
99.5 -0.0410247
99.6 -0.0416266
99.7 -0.0427056
99.8 -0.0443938
99.9 -0.0459999
100 -0.047396
100.001 2.22718
