0 -3.94966
0.1 -3.93938
0.2 -3.96729
0.3 -3.90505
0.4 -3.92919
0.5 -3.86833
0.6 -3.89282
0.7 -3.91401
0.8 -3.90062
0.9 -3.86451
1 -3.90717
1.1 -3.92743
1.2 -3.91864
1.3 -3.9078
1.4 -3.93484
1.5 -3.93373
1.6 -3.95551
1.7 -3.95668
1.8 -3.95607
1.9 -3.96212
2 -3.93416
2.1 -3.92358
2.2 -3.93373
2.3 -3.95665
2.4 -3.98813
2.5 -3.93281
2.6 -3.91485
2.7 -3.89576
2.8 -3.93666
2.9 -3.93213
3 -3.93888
3.1 -3.94346
3.2 -3.98312
3.3 -3.98688
3.4 -3.93444
3.5 -3.95328
3.6 -3.95224
3.7 -3.9809
3.8 -3.96884
3.9 -3.96526
4 -3.98525
4.1 -3.97038
4.2 -3.96073
4.3 -3.9405
4.4 -3.9473
4.5 -3.98364
4.6 -3.93866
4.7 -3.9685
4.8 -3.97512
4.9 -3.97253
5 -3.95116
5.1 -3.9737
5.2 -3.97454
5.3 -3.99863
5.4 -3.98331
5.5 -3.96701
5.6 -3.99371
5.7 -3.98073
5.8 -3.98282
5.9 -3.98928
6 -3.93506
6.1 -4.03912
6.2 -3.96223
6.3 -3.95037
6.4 -4.00197
6.5 -4.01569
6.6 -3.9658
6.7 -3.91307
6.8 -3.99027
6.9 -3.98132
7 -3.99536
7.1 -4.01137
7.2 -3.99447
7.3 -3.98032
7.4 -3.95672
7.5 -3.97108
7.6 -3.99171
7.7 -3.99661
7.8 -4.02099
7.9 -3.9933
8 -4.05246
8.1 -3.99909
8.2 -3.9716
8.3 -4.04583
8.4 -3.97032
8.5 -3.98535
8.6 -4.00942
8.7 -4.02943
8.8 -4.01881
8.9 -4.01034
9 -3.99804
9.1 -3.98379
9.2 -3.99299
9.3 -4.00644
9.4 -3.97181
9.5 -4.02216
9.6 -3.99751
9.7 -3.98365
9.8 -3.99719
9.9 -3.99885
10 -4.02078
10.1 -4.01863
10.2 -4.01873
10.3 -3.97947
10.4 -3.97107
10.5 -4.0384
10.6 -4.02343
10.7 -3.95861
10.8 -4.02392
10.9 -4.03032
11 -4.05141
11.1 -4.05235
11.2 -4.05321
11.3 -3.96355
11.4 -4.00665
11.5 -3.96596
11.6 -4.06116
11.7 -4.04209
11.8 -4.01138
11.9 -4.03582
12 -4.02129
12.1 -4.01718
12.2 -4.00987
12.3 -4.06588
12.4 -3.99627
12.5 -4.02691
12.6 -3.99511
12.7 -3.99172
12.8 -4.00329
12.9 -4.03247
13 -4.01016
13.1 -4.02609
13.2 -4.05014
13.3 -4.04178
13.4 -4.0311
13.5 -3.98197
13.6 -4.04055
13.7 -4.01076
13.8 -4.0419
13.9 -4.01994
14 -4.06762
14.1 -4.01201
14.2 -4.10079
14.3 -4.00929
14.4 -4.02607
14.5 -4.05363
14.6 -4.034
14.7 -4.06447
14.8 -4.04042
14.9 -4.03369
15 -4.05093
15.1 -4.05054
15.2 -4.03738
15.3 -4.03837
15.4 -4.06014
15.5 -4.04387
15.6 -4.06316
15.7 -4.0891
15.8 -4.06709
15.9 -4.06172
16 -4.02442
16.1 -4.03057
16.2 -4.0519
16.3 -4.03323
16.4 -4.05703
16.5 -4.00046
16.6 -4.03568
16.7 -4.0581
16.8 -4.07151
16.9 -4.04355
17 -4.08718
17.1 -4.041
17.2 -4.00452
17.3 -4.06399
17.4 -4.07996
17.5 -4.05266
17.6 -4.09564
17.7 -4.01732
17.8 -4.03326
17.9 -4.03876
18 -3.98685
18.1 -4.02845
18.2 -4.02559
18.3 -4.0545
18.4 -4.03715
18.5 -4.04639
18.6 -4.00997
18.7 -4.0618
18.8 -4.02427
18.9 -4.05445
19 -4.06912
19.1 -4.05017
19.2 -4.06507
19.3 -4.08162
19.4 -4.04573
19.5 -4.05209
19.6 -4.01821
19.7 -4.03253
19.8 -4.06255
19.9 -4.06305
20 -4.0696
20.1 -4.06072
20.2 -4.0727
20.3 -4.0632
20.4 -4.0282
20.5 -4.02751
20.6 -4.07006
20.7 -4.08581
20.8 -4.05654
20.9 -4.0454
21 -4.0401
21.1 -4.08036
21.2 -4.07606
21.3 -4.06655
21.4 -4.07248
21.5 -4.06247
21.6 -4.0881
21.7 -4.08931
21.8 -4.06629
21.9 -4.01581
22 -4.05672
22.1 -4.10322
22.2 -4.07214
22.3 -4.05582
22.4 -4.07248
22.5 -4.07411
22.6 -4.08616
22.7 -4.08889
22.8 -4.06903
22.9 -4.08472
23 -4.08668
23.1 -4.06271
23.2 -4.08207
23.3 -4.08814
23.4 -4.03867
23.5 -4.01998
23.6 -4.05914
23.7 -4.09469
23.8 -4.07358
23.9 -4.10097
24 -4.09441
24.1 -4.11254
24.2 -4.04776
24.3 -4.06295
24.4 -4.06239
24.5 -4.09799
24.6 -4.09153
24.7 -4.08251
24.8 -4.07901
24.9 -4.09737
25 -4.07051
25.1 -4.06302
25.2 -4.06896
25.3 -4.07374
25.4 -4.09866
25.5 -4.06871
25.6 -4.05506
25.7 -4.05545
25.8 -4.08758
25.9 -4.09358
26 -4.08144
26.1 -4.11741
26.2 -4.10496
26.3 -4.08167
26.4 -4.06202
26.5 -4.12267
26.6 -4.08868
26.7 -4.10933
26.8 -4.10414
26.9 -4.14075
27 -4.1112
27.1 -4.16625
27.2 -4.15436
27.3 -4.06778
27.4 -4.09849
27.5 -4.10733
27.6 -4.07014
27.7 -4.10109
27.8 -4.0655
27.9 -4.11525
28 -4.08246
28.1 -4.12804
28.2 -4.13714
28.3 -4.09071
28.4 -4.16138
28.5 -4.13858
28.6 -4.09765
28.7 -4.15903
28.8 -4.10864
28.9 -4.13867
29 -4.11152
29.1 -4.11381
29.2 -4.13879
29.3 -4.10323
29.4 -4.10439
29.5 -4.10787
29.6 -4.06037
29.7 -4.10271
29.8 -4.13155
29.9 -4.0761
30 -4.09901
30.1 -4.13558
30.2 -4.11146
30.3 -4.15501
30.4 -4.12287
30.5 -4.14213
30.6 -4.14274
30.7 -4.20428
30.8 -4.18245
30.9 -4.14264
31 -4.13545
31.1 -4.13216
31.2 -4.14697
31.3 -4.14855
31.4 -4.15158
31.5 -4.15263
31.6 -4.17474
31.7 -4.13984
31.8 -4.14797
31.9 -4.19813
32 -4.14823
32.1 -4.12168
32.2 -4.1428
32.3 -4.11167
32.4 -4.15784
32.5 -4.15183
32.6 -4.17046
32.7 -4.1776
32.8 -4.13096
32.9 -4.16467
33 -4.16264
33.1 -4.11708
33.2 -4.10786
33.3 -4.15972
33.4 -4.12906
33.5 -4.1004
33.6 -4.10058
33.7 -4.09594
33.8 -4.18185
33.9 -4.07989
34 -4.13577
34.1 -4.1462
34.2 -4.17614
34.3 -4.1705
34.4 -4.18766
34.5 -4.15676
34.6 -4.20376
34.7 -4.18376
34.8 -4.19102
34.9 -4.16627
35 -4.20529
35.1 -4.18483
35.2 -4.16217
35.3 -4.17459
35.4 -4.15589
35.5 -4.21874
35.6 -4.20755
35.7 -4.19046
35.8 -4.16639
35.9 -4.23341
36 -4.195
36.1 -4.19458
36.2 -4.17554
36.3 -4.22341
36.4 -4.21341
36.5 -4.19226
36.6 -4.19467
36.7 -4.21771
36.8 -4.20034
36.9 -4.19261
37 -4.17125
37.1 -4.21057
37.2 -4.20257
37.3 -4.23248
37.4 -4.21516
37.5 -4.21608
37.6 -4.15181
37.7 -4.17559
37.8 -4.20439
37.9 -4.23681
38 -4.24774
38.1 -4.25507
38.2 -4.2172
38.3 -4.22455
38.4 -4.23649
38.5 -4.21146
38.6 -4.23192
38.7 -4.21066
38.8 -4.2631
38.9 -4.22182
39 -4.23829
39.1 -4.24624
39.2 -4.18852
39.3 -4.20678
39.4 -4.23915
39.5 -4.23779
39.6 -4.26945
39.7 -4.26862
39.8 -4.25701
39.9 -4.2364
40 -4.24639
40.1 -4.27873
40.2 -4.22252
40.3 -4.26214
40.4 -4.22784
40.5 -4.28906
40.6 -4.22921
40.7 -4.25644
40.8 -4.25512
40.9 -4.30328
41 -4.28829
41.1 -4.25919
41.2 -4.26119
41.3 -4.26816
41.4 -4.27023
41.5 -4.30349
41.6 -4.2699
41.7 -4.27459
41.8 -4.30045
41.9 -4.29152
42 -4.28288
42.1 -4.26471
42.2 -4.24141
42.3 -4.28938
42.4 -4.28115
42.5 -4.2829
42.6 -4.24863
42.7 -4.3007
42.8 -4.26451
42.9 -4.30634
43 -4.32578
43.1 -4.30118
43.2 -4.25088
43.3 -4.30331
43.4 -4.28223
43.5 -4.32956
43.6 -4.27627
43.7 -4.33919
43.8 -4.32046
43.9 -4.33265
44 -4.35464
44.1 -4.30954
44.2 -4.34027
44.3 -4.33178
44.4 -4.34091
44.5 -4.34626
44.6 -4.34469
44.7 -4.30143
44.8 -4.29691
44.9 -4.37607
45 -4.34853
45.1 -4.33464
45.2 -4.33321
45.3 -4.36619
45.4 -4.36918
45.5 -4.36902
45.6 -4.3232
45.7 -4.3201
45.8 -4.3496
45.9 -4.36622
46 -4.33735
46.1 -4.35745
46.2 -4.35825
46.3 -4.35344
46.4 -4.35585
46.5 -4.32815
46.6 -4.39473
46.7 -4.39438
46.8 -4.40404
46.9 -4.3647
47 -4.34859
47.1 -4.36718
47.2 -4.39764
47.3 -4.40781
47.4 -4.4637
47.5 -4.35966
47.6 -4.36089
47.7 -4.39788
47.8 -4.41841
47.9 -4.40053
48 -4.45163
48.1 -4.39418
48.2 -4.40575
48.3 -4.34698
48.4 -4.40764
48.5 -4.37971
48.6 -4.39684
48.7 -4.43026
48.8 -4.39343
48.9 -4.44447
49 -4.41039
49.1 -4.36835
49.2 -4.40577
49.3 -4.41942
49.4 -4.43492
49.5 -4.40892
49.6 -4.40263
49.7 -4.41316
49.8 -4.43044
49.9 -4.38767
50 -4.37968
50.1 -4.42084
50.2 -4.43128
50.3 -4.42981
50.4 -4.42087
50.5 -4.44053
50.6 -4.38733
50.7 -4.46044
50.8 -4.47737
50.9 -4.43264
51 -4.44489
51.1 -4.44505
51.2 -4.47928
51.3 -4.46159
51.4 -4.48034
51.5 -4.45968
51.6 -4.43726
51.7 -4.47071
51.8 -4.46577
51.9 -4.45296
52 -4.4996
52.1 -4.56328
52.2 -4.4716
52.3 -4.52121
52.4 -4.51607
52.5 -4.51551
52.6 -4.4894
52.7 -4.5505
52.8 -4.52925
52.9 -4.54288
53 -4.54763
53.1 -4.55345
53.2 -4.56188
53.3 -4.56454
53.4 -4.5186
53.5 -4.521
53.6 -4.55148
53.7 -4.53288
53.8 -4.57038
53.9 -4.57246
54 -4.56145
54.1 -4.56899
54.2 -4.56741
54.3 -4.541
54.4 -4.61109
54.5 -4.55492
54.6 -4.61553
54.7 -4.52487
54.8 -4.59531
54.9 -4.57794
55 -4.57296
55.1 -4.61654
55.2 -4.60824
55.3 -4.56296
55.4 -4.59445
55.5 -4.60389
55.6 -4.60777
55.7 -4.61572
55.8 -4.63165
55.9 -4.60504
56 -4.65379
56.1 -4.61176
56.2 -4.61861
56.3 -4.57252
56.4 -4.61756
56.5 -4.61056
56.6 -4.63468
56.7 -4.62173
56.8 -4.61824
56.9 -4.65757
57 -4.65408
57.1 -4.71125
57.2 -4.69508
57.3 -4.68448
57.4 -4.72495
57.5 -4.69608
57.6 -4.65669
57.7 -4.68354
57.8 -4.6856
57.9 -4.697
58 -4.71026
58.1 -4.67158
58.2 -4.71374
58.3 -4.73001
58.4 -4.68613
58.5 -4.65859
58.6 -4.69576
58.7 -4.68278
58.8 -4.77064
58.9 -4.75645
59 -4.76368
59.1 -4.75547
59.2 -4.73048
59.3 -4.75644
59.4 -4.7448
59.5 -4.72377
59.6 -4.76733
59.7 -4.74664
59.8 -4.71896
59.9 -4.70922
60 -4.78414
60.1 -4.72983
60.2 -4.79835
60.3 -4.80086
60.4 -4.76478
60.5 -4.78245
60.6 -4.78194
60.7 -4.77294
60.8 -4.76024
60.9 -4.82448
61 -4.74679
61.1 -4.78361
61.2 -4.74724
61.3 -4.79805
61.4 -4.77171
61.5 -4.8169
61.6 -4.81716
61.7 -4.83767
61.8 -4.83704
61.9 -4.78872
62 -4.79299
62.1 -4.78553
62.2 -4.72034
62.3 -4.80461
62.4 -4.82246
62.5 -4.81035
62.6 -4.82026
62.7 -4.83461
62.8 -4.844
62.9 -4.8578
63 -4.81811
63.1 -4.84951
63.2 -4.88163
63.3 -4.8782
63.4 -4.80542
63.5 -4.82096
63.6 -4.88136
63.7 -4.85687
63.8 -4.90036
63.9 -4.90398
64 -4.95105
64.1 -4.87261
64.2 -4.92885
64.3 -4.89566
64.4 -4.93984
64.5 -4.93181
64.6 -4.88943
64.7 -4.92458
64.8 -4.95529
64.9 -4.92306
65 -4.88506
65.1 -4.91566
65.2 -4.96133
65.3 -4.94548
65.4 -4.89493
65.5 -4.93029
65.6 -4.93928
65.7 -4.98138
65.8 -5.0052
65.9 -4.99666
66 -5.06128
66.1 -4.98842
66.2 -4.98319
66.3 -4.99607
66.4 -4.97296
66.5 -4.99582
66.6 -5.00447
66.7 -4.97772
66.8 -5.05307
66.9 -4.98799
67 -5.03612
67.1 -5.03459
67.2 -5.01158
67.3 -4.98607
67.4 -5.02982
67.5 -5.02246
67.6 -5.05083
67.7 -5.09127
67.8 -5.0783
67.9 -5.0552
68 -5.0342
68.1 -5.03589
68.2 -5.08079
68.3 -5.08391
68.4 -5.08872
68.5 -5.06085
68.6 -5.1217
68.7 -5.09377
68.8 -5.10018
68.9 -5.11139
69 -5.1542
69.1 -5.16314
69.2 -5.17308
69.3 -5.13593
69.4 -5.15736
69.5 -5.20461
69.6 -5.19604
69.7 -5.20363
69.8 -5.17344
69.9 -5.18209
70 -5.18712
70.1 -5.21326
70.2 -5.19031
70.3 -5.1641
70.4 -5.19194
70.5 -5.21882
70.6 -5.23816
70.7 -5.26382
70.8 -5.22107
70.9 -5.27676
71 -5.28248
71.1 -5.34602
71.2 -5.30593
71.3 -5.28682
71.4 -5.31483
71.5 -5.2646
71.6 -5.34832
71.7 -5.34636
71.8 -5.34889
71.9 -5.37245
72 -5.32473
72.1 -5.27185
72.2 -5.36086
72.3 -5.31331
72.4 -5.3869
72.5 -5.38026
72.6 -5.35598
72.7 -5.39938
72.8 -5.44864
72.9 -5.44447
73 -5.41253
73.1 -5.39021
73.2 -5.40651
73.3 -5.43321
73.4 -5.47702
73.5 -5.41997
73.6 -5.44831
73.7 -5.50928
73.8 -5.48407
73.9 -5.48172
74 -5.48791
74.1 -5.52949
74.2 -5.47019
74.3 -5.53147
74.4 -5.52857
74.5 -5.551
74.6 -5.553
74.7 -5.60912
74.8 -5.55662
74.9 -5.58317
75 -5.57976
75.1 -5.5827
75.2 -5.59392
75.3 -5.62731
75.4 -5.6018
75.5 -5.63168
75.6 -5.62019
75.7 -5.66467
75.8 -5.60626
75.9 -5.66205
76 -5.67864
76.1 -5.7006
76.2 -5.71784
76.3 -5.73433
76.4 -5.76666
76.5 -5.73834
76.6 -5.77752
76.7 -5.75103
76.8 -5.75626
76.9 -5.74148
77 -5.74688
77.1 -5.80567
77.2 -5.81223
77.3 -5.8092
77.4 -5.83349
77.5 -5.79801
77.6 -5.79545
77.7 -5.8031
77.8 -5.83199
77.9 -5.84348
78 -5.84941
78.1 -5.90531
78.2 -5.86125
78.3 -5.89245
78.4 -5.92274
78.5 -5.96343
78.6 -5.93416
78.7 -5.91227
78.8 -5.95306
78.9 -5.91379
79 -6.01185
79.1 -5.98759
79.2 -5.99983
79.3 -6.023
79.4 -6.04125
79.5 -6.06577
79.6 -6.07938
79.7 -6.07152
79.8 -6.08324
79.9 -6.12159
80 -6.11703
80.1 -6.12618
80.2 -6.16615
80.3 -6.11482
80.4 -6.15653
80.5 -6.15698
80.6 -6.1759
80.7 -6.16465
80.8 -6.17681
80.9 -6.19397
81 -6.23647
81.1 -6.20449
81.2 -6.2818
81.3 -6.20599
81.4 -6.25967
81.5 -6.23364
81.6 -6.24772
81.7 -6.26132
81.8 -6.24572
81.9 -6.28124
82 -6.25423
82.1 -6.28933
82.2 -6.30073
82.3 -6.32664
82.4 -6.31517
82.5 -6.34352
82.6 -6.3341
82.7 -6.34408
82.8 -6.36449
82.9 -6.35179
83 -6.33721
83.1 -6.35736
83.2 -6.37893
83.3 -6.43115
83.4 -6.43738
83.5 -6.38306
83.6 -6.47631
83.7 -6.41469
83.8 -6.49117
83.9 -6.40135
84 -6.45379
84.1 -6.48556
84.2 -6.47349
84.3 -6.43053
84.4 -6.51588
84.5 -6.51234
84.6 -6.53154
84.7 -6.52193
84.8 -6.49053
84.9 -6.55255
85 -6.49192
85.1 -6.59502
85.2 -6.54065
85.3 -6.5732
85.4 -6.56177
85.5 -6.53858
85.6 -6.53018
85.7 -6.5897
85.8 -6.61822
85.9 -6.62173
86 -6.58565
86.1 -6.56748
86.2 -6.63372
86.3 -6.5985
86.4 -6.63535
86.5 -6.62533
86.6 -6.63391
86.7 -6.63353
86.8 -6.61392
86.9 -6.63524
87 -6.62632
87.1 -6.64901
87.2 -6.60821
87.3 -6.6183
87.4 -6.66952
87.5 -6.68223
87.6 -6.64692
87.7 -6.70427
87.8 -6.65863
87.9 -6.70086
88 -6.68064
88.1 -6.70025
88.2 -6.6778
88.3 -6.68834
88.4 -6.68944
88.5 -6.68416
88.6 -6.72094
88.7 -6.7127
88.8 -6.76983
88.9 -6.73492
89 -6.77046
89.1 -6.75975
89.2 -6.71714
89.3 -6.71653
89.4 -6.71844
89.5 -6.71132
89.6 -6.76799
89.7 -6.72862
89.8 -6.73359
89.9 -6.79398
90 -6.76941
90.1 -6.76597
90.2 -6.79804
90.3 -6.80871
90.4 -6.77443
90.5 -6.69899
90.6 -6.80646
90.7 -6.73083
90.8 -6.79641
90.9 -6.81715
91 -6.79397
91.1 -6.84475
91.2 -6.77426
91.3 -6.77466
91.4 -6.7821
91.5 -6.79347
91.6 -6.7731
91.7 -6.76882
91.8 -6.80035
91.9 -6.83275
92 -6.80482
92.1 -6.80595
92.2 -6.79795
92.3 -6.80873
92.4 -6.80305
92.5 -6.83113
92.6 -6.78477
92.7 -6.80342
92.8 -6.82114
92.9 -6.79439
93 -6.82697
93.1 -6.83583
93.2 -6.76862
93.3 -6.78005
93.4 -6.79803
93.5 -6.77263
93.6 -6.8568
93.7 -6.80052
93.8 -6.8349
93.9 -6.77418
94 -6.77992
94.1 -6.8863
94.2 -6.80472
94.3 -6.83897
94.4 -6.83292
94.5 -6.82501
94.6 -6.85572
94.7 -6.85852
94.8 -6.87701
94.9 -6.87006
95 -6.85135
95.1 -6.86999
95.2 -6.8578
95.3 -6.83781
95.4 -6.86443
95.5 -6.89636
95.6 -6.84634
95.7 -6.85256
95.8 -6.87372
95.9 -6.85447
96 -6.86473
96.1 -6.86528
96.2 -6.83738
96.3 -6.81773
96.4 -6.87953
96.5 -6.80578
96.6 -6.8851
96.7 -6.84833
96.8 -6.89309
96.9 -6.87013
97 -6.84037
97.1 -6.84963
97.2 -6.87663
97.3 -6.86229
97.4 -6.866
97.5 -6.87045
97.6 -6.86887
97.7 -6.89972
97.8 -6.87787
97.9 -6.8648
98 -6.87284
98.1 -6.90399
98.2 -6.86114
98.3 -6.86739
98.4 -6.8696
98.5 -6.86611
98.6 -6.78571
98.7 -6.86679
98.8 -6.83121
98.9 -6.89753
99 -6.89824
99.1 -6.85681
99.2 -6.87081
99.3 -6.88493
99.4 -6.91443
99.5 -6.8797
99.6 -6.83376
99.7 -6.85595
99.8 -6.82052
99.9 -6.87165
100 -4.51696
