13.5966 0.0181839
13.6516 0.0727357
13.7066 0.109104
13.7616 0.372771
13.8166 0.545518
13.8716 1.02739
13.9266 1.30015
13.9816 1.45471
14.0366 1.60928
14.0916 1.45471
14.1466 1.02739
14.2016 0.791001
14.2566 0.581886
14.3116 0.518242
14.3666 0.290943
14.4216 0.254575
14.4765 0.0909196
14.5315 0.0636437
14.5865 0.0727357
14.6415 0.0454598
14.6965 0.0454598
14.7515 0.0454598
14.8065 0
14.8615 0
14.9165 0.00909196
14.9715 0
15.0265 0.0181839
15.0815 0.00909196
15.1365 0.00909196
15.1915 0.0272759
15.2465 0.0454598
15.3015 0.0272759
15.3564 0
15.4114 0.0818277
15.4664 0.0545518
15.5214 0.181839
15.5764 0.127287
15.6314 0.127287
15.6864 0.263667
15.7414 0.427322
15.7964 0.445506
15.8514 0.55461
15.9064 0.754633
15.9614 0.700081
16.0164 0.818277
16.0714 0.690989
16.1264 0.55461
16.1813 0.300035
16.2363 0.118196
16.2913 0.0454598
