0 0.924843
0.1 0.876322
0.2 1.28501
0.3 0.727067
0.4 0.601169
0.5 0.974708
0.6 0.824472
0.7 0.665281
0.8 0.409794
0.9 0.932522
1 0.851789
1.1 0.834224
1.2 0.843269
1.3 0.799143
1.4 0.87967
1.5 0.873524
1.6 1.08404
1.7 1.12901
1.8 0.58584
1.9 1.1701
2 1.03829
2.1 1.15274
2.2 0.924233
2.3 1.00491
2.4 0.745821
2.5 1.31408
2.6 0.939133
2.7 1.04395
2.8 1.04123
2.9 1.11908
3 0.762955
3.1 1.03765
3.2 0.714609
3.3 0.886151
3.4 0.73153
3.5 0.958281
3.6 1.13304
3.7 0.989209
3.8 0.81241
3.9 1.08235
4 0.834474
4.1 0.830581
4.2 0.530843
4.3 1.01074
4.4 1.21345
4.5 0.80038
4.6 0.88394
4.7 1.10839
4.8 1.15244
4.9 1.04919
5 0.957025
5.1 1.19346
5.2 0.996472
5.3 1.03117
5.4 1.06421
5.5 1.1226
5.6 0.9269
5.7 0.867469
5.8 0.762852
5.9 1.00745
6 0.916008
6.1 1.18181
6.2 0.739697
6.3 1.05687
6.4 0.831815
6.5 1.05616
6.6 0.944247
6.7 0.988263
6.8 1.02935
6.9 1.15863
7 0.982407
7.1 1.07498
7.2 1.06279
7.3 0.912389
7.4 1.18788
7.5 1.08594
7.6 1.07566
7.7 0.967225
7.8 1.27966
7.9 0.820029
8 1.10459
8.1 0.994442
8.2 0.970311
8.3 0.958202
8.4 0.917622
8.5 1.25583
8.6 0.943086
8.7 0.977675
8.8 1.10252
8.9 1.01015
9 1.35713
9.1 1.21125
9.2 0.953086
9.3 1.12826
9.4 0.746022
9.5 0.469197
9.6 1.09609
9.7 1.03435
9.8 0.910724
9.9 1.27075
10 0.832671
10.1 0.756159
10.2 1.06431
10.3 0.756952
10.4 0.426195
10.5 1.2082
10.6 0.768681
10.7 1.14303
10.8 0.645636
10.9 0.78241
11 1.20576
11.1 0.874586
11.2 1.00023
11.3 1.0115
11.4 0.981208
11.5 0.970322
11.6 0.961895
11.7 1.01798
11.8 1.03343
11.9 0.772667
12 1.01556
12.1 0.796982
12.2 0.878306
12.3 0.766533
12.4 0.48789
12.5 0.781602
12.6 0.96186
12.7 0.813439
12.8 0.892397
12.9 0.963109
13 0.785751
13.1 1.13411
13.2 0.944474
13.3 0.884294
13.4 0.830553
13.5 1.07656
13.6 0.898979
13.7 1.049
13.8 0.956121
13.9 1.34882
14 0.940323
14.1 0.916003
14.2 1.21695
14.3 0.797529
14.4 1.23401
14.5 0.953992
14.6 1.19037
14.7 1.13613
14.8 0.905747
14.9 1.06385
15 1.04226
15.1 0.766203
15.2 1.10423
15.3 0.9476
15.4 0.984631
15.5 1.16963
15.6 0.904439
15.7 0.906968
15.8 1.18958
15.9 1.06799
16 1.16634
16.1 1.15278
16.2 1.07227
16.3 0.794368
16.4 0.821484
16.5 1.06322
16.6 1.06597
16.7 1.03745
16.8 0.727573
16.9 0.966203
17 0.957394
17.1 1.13361
17.2 1.0094
17.3 1.00877
17.4 0.752798
17.5 1.17207
17.6 1.24709
17.7 0.965589
17.8 1.21368
17.9 0.939507
18 1.15874
18.1 0.912892
18.2 1.05883
18.3 1.07229
18.4 0.960358
18.5 1.26943
18.6 1.15543
18.7 1.05088
18.8 1.1538
18.9 0.543278
19 0.846617
19.1 1.2128
19.2 1.14473
19.3 0.801525
19.4 0.838467
19.5 1.05036
19.6 1.06995
19.7 1.01953
19.8 0.890325
19.9 0.541533
20 1.05174
20.1 0.880204
20.2 0.733193
20.3 1.1626
20.4 0.939053
20.5 1.15245
20.6 0.946536
20.7 1.15573
20.8 0.999243
20.9 0.95345
21 0.882568
21.1 0.812896
21.2 0.694075
21.3 1.06111
21.4 0.737252
21.5 0.980341
21.6 1.08674
21.7 0.955098
21.8 0.936382
21.9 0.799599
22 1.12129
22.1 0.802555
22.2 0.992874
22.3 1.13502
22.4 1.00343
22.5 0.857144
22.6 1.00424
22.7 1.06785
22.8 1.10702
22.9 1.08282
23 0.800937
23.1 0.947671
23.2 0.753009
23.3 0.882435
23.4 1.11199
23.5 0.942561
23.6 1.06645
23.7 0.961094
23.8 1.06138
23.9 1.13983
24 0.982934
24.1 1.14393
24.2 0.886574
24.3 1.14586
24.4 0.901264
24.5 1.10903
24.6 0.886163
24.7 0.890265
24.8 1.09803
24.9 1.09225
25 0.888282
25.1 1.15878
25.2 1.09382
25.3 0.791722
25.4 1.27425
25.5 1.01281
25.6 0.691436
25.7 1.00485
25.8 1.08431
25.9 0.83823
26 0.587249
26.1 0.941056
26.2 1.02799
26.3 0.941954
26.4 1.10681
26.5 0.966718
26.6 1.09471
26.7 1.14799
26.8 0.961138
26.9 0.92309
27 0.342452
27.1 0.775862
27.2 0.806592
27.3 0.898164
27.4 0.962777
27.5 0.923053
27.6 0.737298
27.7 1.22129
27.8 1.07511
27.9 1.27216
28 1.03561
28.1 0.954569
28.2 1.01027
28.3 1.0004
28.4 1.26526
28.5 0.901436
28.6 0.981139
28.7 0.708741
28.8 0.849207
28.9 0.871059
29 0.948888
29.1 0.799994
29.2 1.21972
29.3 1.0593
29.4 1.06246
29.5 0.981074
29.6 1.24624
29.7 1.08229
29.8 0.953416
29.9 0.514606
30 1.11594
30.1 0.884419
30.2 1.08268
30.3 1.15142
30.4 1.24516
30.5 0.914547
30.6 0.869367
30.7 1.03703
30.8 1.08642
30.9 0.948681
31 0.791605
31.1 0.90796
31.2 0.964926
31.3 0.891618
31.4 0.63562
31.5 0.67324
31.6 0.836922
31.7 1.06973
31.8 1.05514
31.9 0.988255
32 1.09701
32.1 0.803211
32.2 1.13677
32.3 1.1747
32.4 1.23651
32.5 1.01615
32.6 1.11047
32.7 0.862212
32.8 1.12112
32.9 1.19028
33 1.04282
33.1 0.984065
33.2 0.88689
33.3 0.859019
33.4 1.01909
33.5 1.02294
33.6 1.12497
33.7 1.03745
33.8 1.07572
33.9 0.794107
34 0.801882
34.1 1.18266
34.2 0.789878
34.3 0.754773
34.4 0.918737
34.5 0.522346
34.6 0.964134
34.7 0.843876
34.8 0.832384
34.9 1.10231
35 0.807443
35.1 1.17487
35.2 1.19754
35.3 1.02942
35.4 1.07103
35.5 1.29806
35.6 1.08521
35.7 1.0008
35.8 0.95309
35.9 0.756219
36 0.804585
36.1 0.333699
36.2 1.11174
36.3 1.07295
36.4 1.09121
36.5 0.892658
36.6 0.955149
36.7 0.804168
36.8 0.902229
36.9 1.10134
37 1.09678
37.1 0.977375
37.2 0.994521
37.3 0.835322
37.4 0.924575
37.5 0.892422
37.6 1.17625
37.7 1.03732
37.8 0.863898
37.9 0.857304
38 0.895682
38.1 1.16097
38.2 0.973085
38.3 1.07902
38.4 0.818763
38.5 1.03965
38.6 0.676331
38.7 0.941416
38.8 1.03689
38.9 0.948124
39 0.924073
39.1 1.20892
39.2 0.916548
39.3 1.0983
39.4 0.690605
39.5 0.629155
39.6 0.97651
39.7 0.880269
39.8 0.986093
39.9 1.13524
40 0.890877
40.1 1.02403
40.2 0.9763
40.3 1.06904
40.4 1.19324
40.5 1.06512
40.6 1.10489
40.7 0.988966
40.8 0.885171
40.9 1.07702
41 1.28108
41.1 1.12352
41.2 1.15608
41.3 0.932325
41.4 0.734811
41.5 0.519865
41.6 1.11044
41.7 0.552113
41.8 1.00374
41.9 1.16755
42 1.03956
42.1 0.841362
42.2 1.19831
42.3 0.91368
42.4 0.447057
42.5 1.18934
42.6 0.819667
42.7 0.783261
42.8 0.983439
42.9 1.2506
43 0.914715
43.1 0.824028
43.2 0.820524
43.3 1.10527
43.4 0.896684
43.5 0.964393
43.6 1.00854
43.7 0.597199
43.8 0.974374
43.9 1.01782
44 0.774779
44.1 0.849933
44.2 0.923932
44.3 0.895231
44.4 1.05014
44.5 0.672875
44.6 1.17301
44.7 1.00507
44.8 0.758294
44.9 0.726057
45 1.03224
45.1 1.16814
45.2 1.05225
45.3 1.10961
45.4 0.809824
45.5 0.544281
45.6 1.01434
45.7 0.56056
45.8 0.952488
45.9 0.946256
46 0.945814
46.1 1.1916
46.2 0.836816
46.3 0.823875
46.4 0.835142
46.5 0.900346
46.6 0.880345
46.7 0.762355
46.8 0.966452
46.9 1.14236
47 1.02705
47.1 1.05928
47.2 1.14624
47.3 0.96881
47.4 0.904312
47.5 0.883347
47.6 0.668695
47.7 0.353907
47.8 0.851394
47.9 1.0312
48 1.09468
48.1 1.24351
48.2 1.01403
48.3 1.20529
48.4 0.713374
48.5 1.11655
48.6 0.981975
48.7 1.19013
48.8 1.06489
48.9 0.694803
49 0.901508
49.1 0.765255
49.2 0.981061
49.3 0.706859
49.4 0.908011
49.5 1.05101
49.6 0.770604
49.7 0.968604
49.8 0.726038
49.9 1.10232
50 1.14735
50.1 1.101
50.2 1.03646
50.3 0.778305
50.4 1.04399
50.5 1.11097
50.6 1.06712
50.7 0.92013
50.8 0.915181
50.9 0.774274
51 0.522812
51.1 0.212314
51.2 0.371394
51.3 1.24913
51.4 0.904875
51.5 0.977617
51.6 0.892561
51.7 1.13287
51.8 0.735637
51.9 0.908364
52 0.953262
52.1 1.03656
52.2 0.678756
52.3 1.13314
52.4 1.11672
52.5 0.713675
52.6 1.0331
52.7 1.00177
52.8 0.804435
52.9 0.901604
53 0.792313
53.1 0.303679
53.2 0.927698
53.3 0.909433
53.4 0.825507
53.5 0.99875
53.6 0.928864
53.7 0.987693
53.8 0.978429
53.9 1.06346
54 1.02784
54.1 1.11047
54.2 0.722395
54.3 0.724831
54.4 0.767272
54.5 0.807392
54.6 0.759004
54.7 1.01122
54.8 0.515455
54.9 1.1096
55 1.00368
55.1 0.928158
55.2 1.03409
55.3 0.905147
55.4 1.1256
55.5 0.797348
55.6 1.00634
55.7 0.948451
55.8 1.14661
55.9 1.05638
56 0.782163
56.1 0.955885
56.2 1.11248
56.3 0.521878
56.4 0.624774
56.5 1.0459
56.6 0.905634
56.7 1.16125
56.8 0.923754
56.9 0.867316
57 0.938108
57.1 0.902296
57.2 0.963409
57.3 0.817318
57.4 1.12408
57.5 0.774173
57.6 0.523046
57.7 0.942381
57.8 0.699548
57.9 0.957701
58 0.961095
58.1 1.12738
58.2 1.00155
58.3 0.940157
58.4 1.06906
58.5 0.422331
58.6 0.870422
58.7 1.17797
58.8 0.775543
58.9 1.07637
59 1.06203
59.1 0.849005
59.2 0.746763
59.3 0.864081
59.4 0.698126
59.5 0.280625
59.6 0.909365
59.7 0.927595
59.8 0.976481
59.9 1.0473
60 1.17055
60.1 0.967467
60.2 1.03606
60.3 0.952775
60.4 0.723246
60.5 1.02524
60.6 0.850965
60.7 1.17173
60.8 0.924437
60.9 0.756746
61 0.835395
61.1 0.867823
61.2 1.03839
61.3 1.17002
61.4 1.0198
61.5 0.942995
61.6 1.15601
61.7 1.04741
61.8 0.623412
61.9 0.564965
62 1.16865
62.1 0.837922
62.2 0.991149
62.3 1.14422
62.4 0.992966
62.5 0.999188
62.6 0.897514
62.7 0.846649
62.8 0.564382
62.9 0.914992
63 1.09335
63.1 0.743456
63.2 0.888548
63.3 0.975641
63.4 0.940575
63.5 0.860993
63.6 0.650816
63.7 0.593707
63.8 0.847601
63.9 0.952086
64 1.1033
64.1 0.766744
64.2 1.11405
64.3 0.670049
64.4 0.948902
64.5 0.649956
64.6 0.580583
64.7 0.842459
64.8 0.97745
64.9 0.689056
65 0.959578
65.1 0.979855
65.2 0.895385
65.3 0.971994
65.4 0.687611
65.5 1.05158
65.6 1.16347
65.7 0.22575
65.8 0.616862
65.9 0.55596
66 0.642462
66.1 0.849179
66.2 1.12571
66.3 0.985719
66.4 0.857596
66.5 0.735099
66.6 1.05785
66.7 0.888072
66.8 0.653393
66.9 0.968196
67 0.933237
67.1 0.888009
67.2 0.611718
67.3 0.406652
67.4 0.914094
67.5 1.07503
67.6 0.765333
67.7 0.224808
67.8 0.0763708
67.9 0.388713
68 1.01449
68.1 0.877092
68.2 0.693696
68.3 1.03072
68.4 0.687919
68.5 0.931057
68.6 0.966742
68.7 1.08427
68.8 0.573827
68.9 -0.0910889
69 -1.19725
69.1 -0.94685
69.2 -1.04681
69.3 -1.16022
69.4 -0.887174
69.5 -0.284947
69.6 -0.687275
69.7 -1.07129
69.8 -0.990135
69.9 -0.91976
70 -0.810009
70.1 -0.930782
70.2 -0.779866
70.3 -0.672862
70.4 -1.20785
70.5 -1.04362
70.6 -0.792828
70.7 -0.869371
70.8 -1.09508
70.9 -1.02464
71 -0.959678
71.1 -0.944109
71.2 -0.984587
71.3 -0.859791
71.4 -0.98507
71.5 -1.03113
71.6 -1.06487
71.7 -0.821644
71.8 -1.15183
71.9 -0.999355
72 -1.33599
72.1 -1.18483
72.2 -1.13338
72.3 -1.18584
72.4 -0.942671
72.5 -0.918087
72.6 -0.790638
72.7 -1.00209
72.8 -1.25692
72.9 -1.09132
73 -0.768187
73.1 -0.878582
73.2 -1.06211
73.3 -0.826654
73.4 -0.96704
73.5 -1.09169
73.6 -1.18547
73.7 -0.958223
73.8 -1.15189
73.9 -0.805342
74 -0.934017
74.1 -1.01765
74.2 -0.977716
74.3 -1.13369
74.4 -1.15074
74.5 -0.79232
74.6 -1.11983
74.7 -0.931625
74.8 -0.857298
74.9 -1.23337
75 -1.212
75.1 -0.988444
75.2 -0.931613
75.3 -1.1078
75.4 -1.21306
75.5 -1.12088
75.6 -0.836728
75.7 -0.911428
75.8 -1.15727
75.9 -0.948999
76 -0.987156
76.1 -0.899528
76.2 -0.522368
76.3 -0.811601
76.4 -0.640266
76.5 -0.689932
76.6 -1.06253
76.7 -0.841727
76.8 -0.768759
76.9 -0.90439
77 -0.931288
77.1 -0.981243
77.2 -1.11267
77.3 -1.02695
77.4 -1.04963
77.5 -1.01794
77.6 -0.945703
77.7 -0.950906
77.8 -0.970855
77.9 -1.14127
78 -1.23727
78.1 -0.729777
78.2 -0.883672
78.3 -1.14768
78.4 -0.87321
78.5 -1.09363
78.6 -0.947532
78.7 -0.97325
78.8 -0.918149
78.9 -1.00048
79 -0.910092
79.1 -1.06525
79.2 -0.968457
79.3 -1.07772
79.4 -1.14091
79.5 -0.978779
79.6 -0.865611
79.7 -0.805127
79.8 -1.06232
79.9 -0.989955
80 -1.20309
80.1 -1.26641
80.2 -1.19082
80.3 -0.970517
80.4 -0.688406
80.5 -1.03207
80.6 -1.03935
80.7 -1.05826
80.8 -1.21785
80.9 -0.849557
81 -0.795712
81.1 -0.993298
81.2 -0.777745
81.3 -1.0267
81.4 -0.991948
81.5 -1.25207
81.6 -0.714573
81.7 -0.846851
81.8 -0.963086
81.9 -0.722286
82 -0.964717
82.1 -0.943893
82.2 -1.12937
82.3 -0.871735
82.4 -0.936542
82.5 -0.512223
82.6 -0.585039
82.7 -0.969639
82.8 -0.901093
82.9 -0.939135
83 -0.974114
83.1 -1.1983
83.2 -1.22698
83.3 -1.06276
83.4 -1.05736
83.5 -0.923637
83.6 -1.07769
83.7 -0.92795
83.8 -0.691153
83.9 -1.1104
84 -1.08866
84.1 -0.908425
84.2 -0.97945
84.3 -1.12328
84.4 -1.26111
84.5 -1.10601
84.6 -0.969421
84.7 -0.89781
84.8 -1.17634
84.9 -1.07301
85 -1.13144
85.1 -0.847373
85.2 -0.506391
85.3 0.898965
85.4 0.817168
85.5 0.7734
85.6 0.808501
85.7 1.08599
85.8 0.875044
85.9 1.08566
86 0.897279
86.1 1.05024
86.2 1.01068
86.3 0.997914
86.4 1.04191
86.5 1.06925
86.6 1.13334
86.7 0.982601
86.8 0.815996
86.9 1.08947
87 0.839157
87.1 0.84188
87.2 0.911017
87.3 1.18524
87.4 0.95772
87.5 0.893403
87.6 0.960282
87.7 0.943874
87.8 1.00477
87.9 1.03841
88 0.461595
88.1 0.819737
88.2 1.0168
88.3 0.575962
88.4 0.426245
88.5 1.01948
88.6 0.768342
88.7 1.0188
88.8 0.815086
88.9 0.583
89 0.759887
89.1 0.559323
89.2 0.706906
89.3 1.11198
89.4 0.586292
89.5 0.635788
89.6 0.816256
89.7 0.994375
89.8 0.848543
89.9 0.76788
90 0.950154
90.1 0.91146
90.2 1.01768
90.3 0.438024
90.4 -0.885853
90.5 -0.963696
90.6 -0.799203
90.7 -0.892035
90.8 -0.854283
90.9 -0.735137
91 -1.01345
91.1 -0.81789
91.2 -1.0966
91.3 -0.838868
91.4 -0.864019
91.5 -1.01369
91.6 -1.01942
91.7 -1.02879
91.8 -0.996746
91.9 -0.822368
92 -0.836637
92.1 -0.812722
92.2 -1.20257
92.3 -1.04424
92.4 -0.869972
92.5 -1.08523
92.6 -1.19342
92.7 -1.14286
92.8 -1.01666
92.9 -0.965471
93 -0.959109
93.1 -0.843818
93.2 -1.24189
93.3 -0.897943
93.4 -0.991389
93.5 -0.948459
93.6 -0.889058
93.7 -1.13882
93.8 -1.10474
93.9 -1.24036
94 -1.10317
94.1 -1.06586
94.2 -0.989182
94.3 -1.06387
94.4 -1.28905
94.5 -0.891641
94.6 -0.864044
94.7 -1.08288
94.8 -0.866513
94.9 -1.06385
95 -0.963747
95.1 -0.556268
95.2 -1.02003
95.3 -0.899304
95.4 -0.893588
95.5 -0.784537
95.6 -0.878243
95.7 -1.10326
95.8 -0.967696
95.9 -1.20456
96 -0.643685
96.1 -1.04724
96.2 -1.11728
96.3 -0.85146
96.4 -0.812451
96.5 -1.04135
96.6 -1.01676
96.7 -0.707593
96.8 -0.888798
96.9 -0.829893
97 -1.25468
97.1 -1.18428
97.2 -0.911477
97.3 -0.955941
97.4 -0.901956
97.5 -0.642201
97.6 -0.854702
97.7 -0.959572
97.8 -1.00137
97.9 -0.921818
98 -1.06158
98.1 -1.14815
98.2 -1.09745
98.3 -1.28135
98.4 -1.00804
98.5 -0.747376
98.6 -1.09868
98.7 -1.0598
98.8 -0.984705
98.9 -0.918119
99 -0.974298
99.1 -1.10671
99.2 -0.811305
99.3 -1.09031
99.4 -1.15884
99.5 -1.20335
99.6 -1.14111
99.7 -0.884803
99.8 -0.878514
99.9 -0.745816
100 -0.441206
100.001 -0.48673
