13.6393 0.0457237
13.694 0.100592
13.7486 0.374935
13.8033 0.759014
13.858 1.10651
13.9127 1.77408
13.9673 1.5729
14.022 2.32277
14.0767 1.86553
14.1314 1.6552
14.186 1.2254
14.2407 0.951054
14.2954 0.512106
14.3501 0.374935
14.4048 0.219474
14.4594 0.164605
14.5141 0.128026
14.5688 0.073158
14.6235 0.0274342
14.6781 0.00914475
14.7328 0.0548685
14.7875 0.00914475
14.8422 0.036579
14.8968 0
14.9515 0
15.0062 0.00914475
15.0609 0
15.1155 0
15.1702 0.00914475
15.2249 0.0182895
15.2796 0.0182895
15.3342 0.00914475
15.3889 0.036579
15.4436 0.036579
15.4983 0.0548685
15.553 0.0823027
15.6076 0.0914475
15.6623 0.128026
15.717 0.17375
15.7717 0.19204
15.8263 0.246908
15.881 0.338356
15.9357 0.338356
15.9904 0.338356
16.045 0.237763
16.0997 0.256053
16.1544 0.17375
16.2091 0.073158
16.2637 0.0548685
16.3184 0.00914475
