8.58176 0.00903325
8.63711 0
8.69247 0.126466
8.74782 0.397463
8.80317 0.686527
8.85852 1.14722
8.91387 1.67115
8.96922 2.05055
9.02457 2.05055
9.07992 1.79762
9.13527 1.31885
9.19063 1.16529
9.24598 0.758793
9.30133 0.767826
9.35668 0.379397
9.41203 0.225831
9.46738 0.135499
9.52273 0.0632328
9.57808 0.108399
9.63343 0.072266
9.68878 0.036133
9.74414 0.0270998
9.79949 0.0270998
9.85484 0
9.91019 0.0270998
9.96554 0.00903325
10.0209 0.0180665
10.0762 0.00903325
10.1316 0
10.1869 0
10.2423 0
10.2976 0
10.353 0.0270998
10.4083 0.036133
10.4637 0.036133
10.5191 0.0541995
10.5744 0.0903325
10.6298 0.162599
10.6851 0.180665
10.7405 0.289064
10.7958 0.189698
10.8512 0.325197
10.9065 0.370363
10.9619 0.298097
11.0172 0.316164
11.0726 0.207765
11.1279 0.198732
11.1833 0.117432
11.2386 0.0541995
11.294 0.0270998
