18.5005 0.000488532
18.503 0.000536869
18.5055 0.000589563
18.508 0.000646962
18.5105 0.000709441
18.513 0.000777398
18.5155 0.000851259
18.518 0.000931477
18.5205 0.00101853
18.523 0.00111295
18.5255 0.00121526
18.528 0.00132605
18.5305 0.00144594
18.533 0.00157558
18.5355 0.00171565
18.538 0.0018669
18.5405 0.0020301
18.543 0.00220605
18.5455 0.00239564
18.548 0.00259976
18.5505 0.00281937
18.553 0.00305549
18.5555 0.00330918
18.558 0.00358155
18.5605 0.00387377
18.563 0.00418707
18.5655 0.00452275
18.568 0.00488215
18.5705 0.00526668
18.573 0.00567781
18.5755 0.00611709
18.578 0.00658613
18.5805 0.00708659
18.583 0.00762022
18.5855 0.00818884
18.588 0.00879433
18.5905 0.00943865
18.593 0.0101238
18.5955 0.010852
18.598 0.0116253
18.6006 0.012446
18.6031 0.0133164
18.6056 0.014239
18.6081 0.0152162
18.6106 0.0162506
18.6131 0.0173448
18.6156 0.0185015
18.6181 0.0197235
18.6206 0.0210137
18.6231 0.0223749
18.6256 0.0238103
18.6281 0.0253227
18.6306 0.0269155
18.6331 0.0285917
18.6356 0.0303546
18.6381 0.0322076
18.6406 0.034154
18.6431 0.0361972
18.6456 0.0383407
18.6481 0.0405881
18.6506 0.0429429
18.6531 0.0454087
18.6556 0.0479891
18.6581 0.0506878
18.6606 0.0535085
18.6631 0.056455
18.6656 0.0595308
18.6681 0.0627399
18.6706 0.0660858
18.6731 0.0695723
18.6756 0.0732031
18.6781 0.076982
18.6806 0.0809125
18.6831 0.0849984
18.6856 0.0892432
18.6881 0.0936504
18.6906 0.0982237
18.6931 0.102966
18.6956 0.107882
18.6981 0.112973
18.7006 0.118244
18.7031 0.123697
18.7056 0.129335
18.7081 0.135162
18.7106 0.141179
18.7131 0.147391
18.7156 0.153798
18.7181 0.160404
18.7206 0.16721
18.7231 0.174219
18.7256 0.181433
18.7281 0.188853
18.7306 0.196481
18.7331 0.204318
18.7356 0.212365
18.7381 0.220623
18.7406 0.229093
18.7431 0.237775
18.7456 0.246669
18.7481 0.255776
18.7506 0.265095
18.7531 0.274626
18.7556 0.284367
18.7581 0.294319
18.7606 0.304479
18.7631 0.314847
18.7656 0.325419
18.7681 0.336195
18.7706 0.347172
18.7731 0.358347
18.7756 0.369718
18.7781 0.381281
18.7806 0.393033
18.7831 0.404969
18.7856 0.417087
18.7881 0.429381
18.7906 0.441848
18.7931 0.454482
18.7956 0.467278
18.7981 0.48023
18.8007 0.493334
18.8032 0.506583
18.8057 0.519971
18.8082 0.533492
18.8107 0.547139
18.8132 0.560905
18.8157 0.574782
18.8182 0.588765
18.8207 0.602844
18.8232 0.617012
18.8257 0.631261
18.8282 0.645584
18.8307 0.659971
18.8332 0.674414
18.8357 0.688904
18.8382 0.703433
18.8407 0.717992
18.8432 0.732571
18.8457 0.747161
18.8482 0.761753
18.8507 0.776337
18.8532 0.790904
18.8557 0.805445
18.8582 0.819949
18.8607 0.834407
18.8632 0.84881
18.8657 0.863146
18.8682 0.877408
18.8707 0.891585
18.8732 0.905667
18.8757 0.919644
18.8782 0.933508
18.8807 0.947248
18.8832 0.960856
18.8857 0.97432
18.8882 0.987633
18.8907 1.00079
18.8932 1.01377
18.8957 1.02657
18.8982 1.03919
18.9007 1.0516
18.9032 1.06382
18.9057 1.07582
18.9082 1.0876
18.9107 1.09915
18.9132 1.11046
18.9157 1.12153
18.9182 1.13235
18.9207 1.14291
18.9232 1.1532
18.9257 1.16322
18.9282 1.17296
18.9307 1.18242
18.9332 1.19159
18.9357 1.20046
18.9382 1.20903
18.9407 1.2173
18.9432 1.22525
18.9457 1.23289
18.9482 1.24022
18.9507 1.24722
18.9532 1.25389
18.9557 1.26023
18.9582 1.26625
18.9607 1.27192
18.9632 1.27727
18.9657 1.28227
18.9682 1.28693
18.9707 1.29125
18.9732 1.29523
18.9757 1.29887
18.9782 1.30216
18.9807 1.30511
18.9832 1.30771
18.9857 1.30997
18.9882 1.31189
18.9907 1.31347
18.9932 1.3147
18.9957 1.3156
18.9982 1.31616
19.0008 1.31639
19.0033 1.31628
19.0058 1.31584
19.0083 1.31508
19.0108 1.31399
19.0133 1.31258
19.0158 1.31086
19.0183 1.30882
19.0208 1.30647
19.0233 1.30381
19.0258 1.30086
19.0283 1.2976
19.0308 1.29406
19.0333 1.29022
19.0358 1.28611
19.0383 1.28172
19.0408 1.27705
19.0433 1.27212
19.0458 1.26693
19.0483 1.26148
19.0508 1.25578
19.0533 1.24984
19.0558 1.24366
19.0583 1.23725
19.0608 1.23061
19.0633 1.22375
19.0658 1.21668
19.0683 1.2094
19.0708 1.20193
19.0733 1.19425
19.0758 1.18639
19.0783 1.17835
19.0808 1.17013
19.0833 1.16174
19.0858 1.1532
19.0883 1.14449
19.0908 1.13564
19.0933 1.12664
19.0958 1.11751
19.0983 1.10824
19.1008 1.09886
19.1033 1.08935
19.1058 1.07974
19.1083 1.07002
19.1108 1.0602
19.1133 1.05029
19.1158 1.04029
19.1183 1.03021
19.1208 1.02005
19.1233 1.00983
19.1258 0.999547
19.1283 0.989204
19.1308 0.978809
19.1333 0.968368
19.1358 0.957886
19.1383 0.947368
19.1408 0.936819
19.1433 0.926246
19.1458 0.915652
19.1483 0.905043
19.1508 0.894423
19.1533 0.883797
19.1558 0.87317
19.1583 0.862546
19.1608 0.85193
19.1633 0.841326
19.1658 0.830737
19.1683 0.820169
19.1708 0.809624
19.1733 0.799107
19.1758 0.788622
19.1783 0.778172
19.1808 0.76776
19.1833 0.75739
19.1858 0.747065
19.1883 0.736788
19.1908 0.726562
19.1933 0.716391
19.1958 0.706276
19.1983 0.696221
19.2009 0.686229
19.2034 0.676301
19.2059 0.66644
19.2084 0.656648
19.2109 0.646928
19.2134 0.637281
19.2159 0.62771
19.2184 0.618216
19.2209 0.608801
19.2234 0.599467
19.2259 0.590215
19.2284 0.581047
19.2309 0.571964
19.2334 0.562967
19.2359 0.554059
19.2384 0.545239
19.2409 0.536508
19.2434 0.527869
19.2459 0.519321
19.2484 0.510866
19.2509 0.502504
19.2534 0.494235
19.2559 0.486061
19.2584 0.477982
19.2609 0.469999
19.2634 0.462111
19.2659 0.454318
19.2684 0.446623
19.2709 0.439023
19.2734 0.43152
19.2759 0.424114
19.2784 0.416804
19.2809 0.409591
19.2834 0.402475
19.2859 0.395454
19.2884 0.38853
19.2909 0.381702
19.2934 0.374969
19.2959 0.368332
19.2984 0.361789
19.3009 0.355341
19.3034 0.348987
19.3059 0.342727
19.3084 0.33656
19.3109 0.330485
19.3134 0.324503
19.3159 0.318611
19.3184 0.312811
19.3209 0.3071
19.3234 0.301479
19.3259 0.295947
19.3284 0.290502
19.3309 0.285145
19.3334 0.279874
19.3359 0.274689
19.3384 0.269588
19.3409 0.264572
19.3434 0.259639
19.3459 0.254788
19.3484 0.250018
19.3509 0.24533
19.3534 0.240721
19.3559 0.23619
19.3584 0.231738
19.3609 0.227362
19.3634 0.223063
19.3659 0.218839
19.3684 0.214689
19.3709 0.210612
19.3734 0.206608
19.3759 0.202675
19.3784 0.198812
19.3809 0.195019
19.3834 0.191295
19.3859 0.187638
19.3884 0.184048
19.3909 0.180524
19.3934 0.177064
19.3959 0.173669
19.3984 0.170336
19.401 0.167065
19.4035 0.163856
19.406 0.160706
19.4085 0.157616
19.411 0.154584
19.4135 0.151609
19.416 0.148691
19.4185 0.145829
19.421 0.143021
19.4235 0.140267
19.426 0.137566
19.4285 0.134917
19.431 0.13232
19.4335 0.129772
19.436 0.127274
19.4385 0.124825
19.441 0.122424
19.4435 0.12007
19.446 0.117762
19.4485 0.115499
19.451 0.113281
19.4535 0.111107
19.456 0.108976
19.4585 0.106887
19.461 0.10484
19.4635 0.102833
19.466 0.100867
19.4685 0.0989399
19.471 0.0970514
19.4735 0.0952007
19.476 0.0933873
19.4785 0.0916103
19.481 0.0898692
19.4835 0.0881632
19.486 0.0864917
19.4885 0.084854
19.491 0.0832495
19.4935 0.0816776
19.496 0.0801376
19.4985 0.0786289
19.501 0.0771509
19.5035 0.0757031
19.506 0.0742848
19.5085 0.0728955
19.511 0.0715346
19.5135 0.0702016
19.516 0.0688958
19.5185 0.0676168
19.521 0.066364
19.5235 0.065137
19.526 0.0639351
19.5285 0.0627579
19.531 0.061605
19.5335 0.0604758
19.536 0.0593698
19.5385 0.0582866
19.541 0.0572257
19.5435 0.0561866
19.546 0.055169
19.5485 0.0541724
19.551 0.0531964
19.5535 0.0522405
19.556 0.0513043
19.5585 0.0503874
19.561 0.0494895
19.5635 0.0486101
19.566 0.0477489
19.5685 0.0469055
19.571 0.0460795
19.5735 0.0452706
19.576 0.0444783
19.5785 0.0437025
19.581 0.0429426
19.5835 0.0421985
19.586 0.0414697
19.5885 0.040756
19.591 0.040057
19.5935 0.0393724
19.596 0.0387019
19.5985 0.0380453
19.6011 0.0374022
19.6036 0.0367724
19.6061 0.0361556
19.6086 0.0355515
19.6111 0.0349598
19.6136 0.0343803
19.6161 0.0338127
19.6186 0.0332569
19.6211 0.0327124
19.6236 0.0321792
19.6261 0.0316569
19.6286 0.0311453
19.6311 0.0306442
19.6336 0.0301534
19.6361 0.0296727
19.6386 0.0292019
19.6411 0.0287407
19.6436 0.0282889
19.6461 0.0278464
19.6486 0.027413
19.6511 0.0269884
19.6536 0.0265725
19.6561 0.026165
19.6586 0.025766
19.6611 0.025375
19.6636 0.024992
19.6661 0.0246169
19.6686 0.0242494
19.6711 0.0238893
19.6736 0.0235366
19.6761 0.0231911
19.6786 0.0228526
19.6811 0.022521
19.6836 0.0221961
19.6861 0.0218778
19.6886 0.021566
19.6911 0.0212605
19.6936 0.0209612
19.6961 0.0206679
19.6986 0.0203806
19.7011 0.0200992
19.7036 0.0198234
19.7061 0.0195532
19.7086 0.0192885
19.7111 0.0190291
19.7136 0.018775
19.7161 0.018526
19.7186 0.018282
19.7211 0.018043
19.7236 0.0178088
19.7261 0.0175794
19.7286 0.0173546
19.7311 0.0171343
19.7336 0.0169184
19.7361 0.016707
19.7386 0.0164998
19.7411 0.0162968
19.7436 0.0160979
19.7461 0.015903
19.7486 0.0157121
19.7511 0.015525
19.7536 0.0153418
19.7561 0.0151622
19.7586 0.0149863
19.7611 0.0148139
19.7636 0.0146451
19.7661 0.0144796
19.7686 0.0143176
19.7711 0.0141588
19.7736 0.0140033
19.7761 0.013851
19.7786 0.0137017
19.7811 0.0135556
19.7836 0.0134124
19.7861 0.0132721
19.7886 0.0131348
19.7911 0.0130002
19.7936 0.0128685
19.7961 0.0127395
19.7986 0.0126131
19.8012 0.0124894
19.8037 0.0123682
19.8062 0.0122496
19.8087 0.0121335
19.8112 0.0120198
19.8137 0.0119085
19.8162 0.0117995
19.8187 0.0116929
19.8212 0.0115885
19.8237 0.0114864
19.8262 0.0113865
19.8287 0.0112887
19.8312 0.011193
19.8337 0.0110994
19.8362 0.0110079
19.8387 0.0109183
19.8412 0.0108308
19.8437 0.0107452
19.8462 0.0106615
19.8487 0.0105796
19.8512 0.0104997
19.8537 0.0104215
19.8562 0.0103452
19.8587 0.0102706
19.8612 0.0101978
19.8637 0.0101266
19.8662 0.0100572
19.8687 0.00998937
19.8712 0.00992322
19.8737 0.00985867
19.8762 0.00979571
19.8787 0.00973432
19.8812 0.00967446
19.8837 0.00961613
19.8862 0.0095593
19.8887 0.00950395
19.8912 0.00945006
19.8937 0.0093976
19.8962 0.00934657
19.8987 0.00929694
19.9012 0.0092487
19.9037 0.00920183
19.9062 0.0091563
19.9087 0.00911212
19.9112 0.00906925
19.9137 0.00902769
19.9162 0.00898742
19.9187 0.00894843
19.9212 0.0089107
19.9237 0.00887421
19.9262 0.00883897
19.9287 0.00880495
19.9312 0.00877214
19.9337 0.00874053
19.9362 0.00871011
19.9387 0.00868088
19.9412 0.00865281
19.9437 0.0086259
19.9462 0.00860014
19.9487 0.00857552
19.9512 0.00855204
19.9537 0.00852968
19.9562 0.00850843
19.9587 0.0084883
19.9612 0.00846927
19.9637 0.00845133
19.9662 0.00843449
19.9687 0.00841873
19.9712 0.00840404
19.9737 0.00839044
19.9762 0.0083779
19.9787 0.00836642
19.9812 0.00835601
19.9837 0.00834665
19.9862 0.00833834
19.9887 0.00833109
19.9912 0.00832489
19.9937 0.00831973
19.9962 0.00831561
19.9987 0.00831254
20.0013 0.00831051
20.0038 0.00830952
20.0063 0.00830957
20.0088 0.00831066
20.0113 0.0083128
20.0138 0.00831597
20.0163 0.00832019
20.0188 0.00832545
20.0213 0.00833175
20.0238 0.00833911
20.0263 0.00834751
20.0288 0.00835697
20.0313 0.00836748
20.0338 0.00837905
20.0363 0.00839168
20.0388 0.00840538
20.0413 0.00842016
20.0438 0.00843601
20.0463 0.00845294
20.0488 0.00847096
20.0513 0.00849007
20.0538 0.00851029
20.0563 0.00853161
20.0588 0.00855404
20.0613 0.0085776
20.0638 0.00860229
20.0663 0.00862811
20.0688 0.00865509
20.0713 0.00868321
20.0738 0.00871251
20.0763 0.00874298
20.0788 0.00877463
20.0813 0.00880748
20.0838 0.00884154
20.0863 0.00887682
20.0888 0.00891333
20.0913 0.00895109
20.0938 0.0089901
20.0963 0.00903039
20.0988 0.00907195
20.1013 0.00911482
20.1038 0.009159
20.1063 0.00920451
20.1088 0.00925137
20.1113 0.00929958
20.1138 0.00934918
20.1163 0.00940017
20.1188 0.00945257
20.1213 0.0095064
20.1238 0.00956169
20.1263 0.00961844
20.1288 0.00967669
20.1313 0.00973645
20.1338 0.00979773
20.1363 0.00986058
20.1388 0.00992499
20.1413 0.00999101
20.1438 0.0100586
20.1463 0.0101279
20.1488 0.0101989
20.1513 0.0102715
20.1538 0.0103459
20.1563 0.0104221
20.1588 0.0105
20.1613 0.0105797
20.1638 0.0106612
20.1663 0.0107446
20.1688 0.0108299
20.1713 0.0109172
20.1738 0.0110064
20.1763 0.0110976
20.1788 0.0111908
20.1813 0.011286
20.1838 0.0113834
20.1863 0.0114829
20.1888 0.0115846
20.1913 0.0116884
20.1938 0.0117945
20.1963 0.0119029
20.1988 0.0120137
20.2014 0.0121267
20.2039 0.0122422
20.2064 0.0123602
20.2089 0.0124806
20.2114 0.0126036
20.2139 0.0127292
20.2164 0.0128574
20.2189 0.0129884
20.2214 0.013122
20.2239 0.0132585
20.2264 0.0133977
20.2289 0.0135399
20.2314 0.013685
20.2339 0.0138332
20.2364 0.0139844
20.2389 0.0141387
20.2414 0.0142962
20.2439 0.014457
20.2464 0.014621
20.2489 0.0147885
20.2514 0.0149594
20.2539 0.0151337
20.2564 0.0153117
20.2589 0.0154933
20.2614 0.0156787
20.2639 0.0158678
20.2664 0.0160608
20.2689 0.0162577
20.2714 0.0164587
20.2739 0.0166638
20.2764 0.016873
20.2789 0.0170866
20.2814 0.0173045
20.2839 0.0175268
20.2864 0.0177537
20.2889 0.0179852
20.2914 0.0182214
20.2939 0.0184625
20.2964 0.0187085
20.2989 0.0189595
20.3014 0.0192156
20.3039 0.019477
20.3064 0.0197436
20.3089 0.0200158
20.3114 0.0202935
20.3139 0.0205769
20.3164 0.020866
20.3189 0.0211611
20.3214 0.0214622
20.3239 0.0217695
20.3264 0.022083
20.3289 0.022403
20.3314 0.0227295
20.3339 0.0230627
20.3364 0.0234028
20.3389 0.0237498
20.3414 0.0241039
20.3439 0.0244653
20.3464 0.0248341
20.3489 0.0252105
20.3514 0.0255946
20.3539 0.0259866
20.3564 0.0263867
20.3589 0.026795
20.3614 0.0272117
20.3639 0.0276369
20.3664 0.0280709
20.3689 0.0285139
20.3714 0.028966
20.3739 0.0294274
20.3764 0.0298983
20.3789 0.0303789
20.3814 0.0308694
20.3839 0.0313701
20.3864 0.0318811
20.3889 0.0324026
20.3914 0.0329349
20.3939 0.0334782
20.3964 0.0340327
20.3989 0.0345987
20.4015 0.0351764
20.404 0.035766
20.4065 0.0363678
20.409 0.0369821
20.4115 0.0376091
20.414 0.038249
20.4165 0.0389022
20.419 0.0395689
20.4215 0.0402493
20.424 0.0409439
20.4265 0.0416528
20.429 0.0423764
20.4315 0.043115
20.434 0.0438688
20.4365 0.0446382
20.439 0.0454235
20.4415 0.0462251
20.444 0.0470432
20.4465 0.0478783
20.449 0.0487305
20.4515 0.0496004
20.454 0.0504882
20.4565 0.0513944
20.459 0.0523192
20.4615 0.0532632
20.464 0.0542265
20.4665 0.0552097
20.469 0.0562131
20.4715 0.0572372
20.474 0.0582823
20.4765 0.0593489
20.479 0.0604374
20.4815 0.0615483
20.484 0.0626818
20.4865 0.0638386
20.489 0.0650191
20.4915 0.0662237
20.494 0.0674529
20.4965 0.0687072
20.499 0.069987
20.5015 0.0712929
20.504 0.0726253
20.5065 0.0739848
20.509 0.0753718
20.5115 0.076787
20.514 0.0782307
20.5165 0.0797037
20.519 0.0812063
20.5215 0.0827392
20.524 0.0843029
20.5265 0.0858979
20.529 0.087525
20.5315 0.0891846
20.534 0.0908773
20.5365 0.0926037
20.539 0.0943645
20.5415 0.0961602
20.544 0.0979915
20.5465 0.099859
20.549 0.101763
20.5515 0.103705
20.554 0.105685
20.5565 0.107704
20.559 0.109762
20.5615 0.11186
20.564 0.113999
20.5665 0.11618
20.569 0.118402
20.5715 0.120668
20.574 0.122977
20.5765 0.12533
20.579 0.127728
20.5815 0.130172
20.584 0.132663
20.5865 0.1352
20.589 0.137785
20.5915 0.140419
20.594 0.143102
20.5965 0.145836
20.599 0.14862
20.6016 0.151455
20.6041 0.154343
20.6066 0.157284
20.6091 0.160279
20.6116 0.163328
20.6141 0.166433
20.6166 0.169593
20.6191 0.172811
20.6216 0.176086
20.6241 0.179419
20.6266 0.182811
20.6291 0.186264
20.6316 0.189776
20.6341 0.19335
20.6366 0.196986
20.6391 0.200685
20.6416 0.204447
20.6441 0.208273
20.6466 0.212164
20.6491 0.216121
20.6516 0.220144
20.6541 0.224234
20.6566 0.228392
20.6591 0.232617
20.6616 0.236912
20.6641 0.241277
20.6666 0.245711
20.6691 0.250216
20.6716 0.254793
20.6741 0.259441
20.6766 0.264162
20.6791 0.268956
20.6816 0.273824
20.6841 0.278765
20.6866 0.283781
20.6891 0.288872
20.6916 0.294038
20.6941 0.299279
20.6966 0.304597
20.6991 0.309992
20.7016 0.315462
20.7041 0.32101
20.7066 0.326635
20.7091 0.332338
20.7116 0.338118
20.7141 0.343976
20.7166 0.349911
20.7191 0.355924
20.7216 0.362015
20.7241 0.368184
20.7266 0.374431
20.7291 0.380755
20.7316 0.387157
20.7341 0.393636
20.7366 0.400191
20.7391 0.406824
20.7416 0.413532
20.7441 0.420317
20.7466 0.427176
20.7491 0.434111
20.7516 0.441119
20.7541 0.448201
20.7566 0.455356
20.7591 0.462582
20.7616 0.46988
20.7641 0.477248
20.7666 0.484685
20.7691 0.49219
20.7716 0.499762
20.7741 0.507399
20.7766 0.515101
20.7791 0.522866
20.7816 0.530693
20.7841 0.53858
20.7866 0.546525
20.7891 0.554527
20.7916 0.562584
20.7941 0.570694
20.7966 0.578856
20.7991 0.587066
20.8017 0.595324
20.8042 0.603627
20.8067 0.611972
20.8092 0.620358
20.8117 0.628782
20.8142 0.637241
20.8167 0.645732
20.8192 0.654254
20.8217 0.662803
20.8242 0.671376
20.8267 0.67997
20.8292 0.688582
20.8317 0.69721
20.8342 0.705849
20.8367 0.714497
20.8392 0.723149
20.8417 0.731803
20.8442 0.740455
20.8467 0.7491
20.8492 0.757736
20.8517 0.766359
20.8542 0.774964
20.8567 0.783547
20.8592 0.792105
20.8617 0.800632
20.8642 0.809126
20.8667 0.81758
20.8692 0.825992
20.8717 0.834357
20.8742 0.842669
20.8767 0.850924
20.8792 0.859118
20.8817 0.867246
20.8842 0.875303
20.8867 0.883284
20.8892 0.891185
20.8917 0.898999
20.8942 0.906723
20.8967 0.914351
20.8992 0.921878
20.9017 0.929299
20.9042 0.936609
20.9067 0.943802
20.9092 0.950874
20.9117 0.95782
20.9142 0.964633
20.9167 0.97131
20.9192 0.977844
20.9217 0.98423
20.9242 0.990464
20.9267 0.99654
20.9292 1.00245
20.9317 1.0082
20.9342 1.01377
20.9367 1.01916
20.9392 1.02437
20.9417 1.0294
20.9442 1.03423
20.9467 1.03886
20.9492 1.04329
20.9517 1.04751
20.9542 1.05152
20.9567 1.05531
20.9592 1.05889
20.9617 1.06223
20.9642 1.06535
20.9667 1.06824
20.9692 1.07089
20.9717 1.0733
20.9742 1.07547
20.9767 1.07738
20.9792 1.07905
20.9817 1.08046
20.9842 1.08162
20.9867 1.08251
20.9892 1.08315
20.9917 1.08351
20.9942 1.08361
20.9967 1.08344
20.9992 1.083
21.0018 1.08229
21.0043 1.0813
21.0068 1.08003
21.0093 1.07849
21.0118 1.07667
21.0143 1.07457
21.0168 1.07219
21.0193 1.06953
21.0218 1.0666
21.0243 1.06338
21.0268 1.05989
21.0293 1.05612
21.0318 1.05207
21.0343 1.04774
21.0368 1.04315
21.0393 1.03828
21.0418 1.03314
21.0443 1.02773
21.0468 1.02206
21.0493 1.01612
21.0518 1.00992
21.0543 1.00347
21.0568 0.996765
21.0593 0.989809
21.0618 0.982608
21.0643 0.975165
21.0668 0.967485
21.0693 0.959573
21.0718 0.951432
21.0743 0.943069
21.0768 0.934488
21.0793 0.925695
21.0818 0.916696
21.0843 0.907495
21.0868 0.8981
21.0893 0.888516
21.0918 0.87875
21.0943 0.868808
21.0968 0.858697
21.0993 0.848424
21.1018 0.837995
21.1043 0.827418
21.1068 0.816699
21.1093 0.805847
21.1118 0.794868
21.1143 0.783771
21.1168 0.772562
21.1193 0.761249
21.1218 0.749841
21.1243 0.738344
21.1268 0.726767
21.1293 0.715117
21.1318 0.703403
21.1343 0.691631
21.1368 0.679811
21.1393 0.66795
21.1418 0.656056
21.1443 0.644136
21.1468 0.632199
21.1493 0.620251
21.1518 0.608302
21.1543 0.596358
21.1568 0.584427
21.1593 0.572517
21.1618 0.560634
21.1643 0.548786
21.1668 0.536981
21.1693 0.525224
21.1718 0.513524
21.1743 0.501886
21.1768 0.490317
21.1793 0.478824
21.1818 0.467413
21.1843 0.45609
21.1868 0.444861
21.1893 0.433731
21.1918 0.422706
21.1943 0.411792
21.1968 0.400993
21.1993 0.390315
21.2019 0.379762
21.2044 0.369339
21.2069 0.359049
21.2094 0.348898
21.2119 0.338888
21.2144 0.329024
21.2169 0.319309
21.2194 0.309746
21.2219 0.300338
21.2244 0.291087
21.2269 0.281997
21.2294 0.27307
21.2319 0.264307
21.2344 0.25571
21.2369 0.247281
21.2394 0.239022
21.2419 0.230933
21.2444 0.223016
21.2469 0.215271
21.2494 0.207698
21.2519 0.200299
21.2544 0.193073
21.2569 0.18602
21.2594 0.17914
21.2619 0.172433
21.2644 0.165898
21.2669 0.159534
21.2694 0.15334
21.2719 0.147315
21.2744 0.141458
21.2769 0.135767
21.2794 0.130241
21.2819 0.124879
21.2844 0.119677
21.2869 0.114635
21.2894 0.109751
21.2919 0.105022
21.2944 0.100445
21.2969 0.0960194
21.2994 0.0917417
21.3019 0.0876095
21.3044 0.0836203
21.3069 0.0797714
21.3094 0.0760599
21.3119 0.0724832
21.3144 0.0690384
21.3169 0.0657225
21.3194 0.0625326
21.3219 0.0594659
21.3244 0.0565192
21.3269 0.0536897
21.3294 0.0509742
21.3319 0.0483698
21.3344 0.0458733
21.3369 0.0434819
21.3394 0.0411924
21.3419 0.0390019
21.3444 0.0369073
21.3469 0.0349057
21.3494 0.0329941
21.3519 0.0311696
21.3544 0.0294294
21.3569 0.0277705
21.3594 0.0261901
21.3619 0.0246855
21.3644 0.023254
21.3669 0.0218927
21.3694 0.0205992
21.3719 0.0193708
21.3744 0.0182049
21.3769 0.0170991
21.3794 0.016051
21.3819 0.0150581
21.3844 0.0141183
21.3869 0.0132291
21.3894 0.0123885
21.3919 0.0115943
21.3944 0.0108444
21.3969 0.0101368
21.3994 0.00946959
21.402 0.00884084
21.4045 0.00824873
21.407 0.00769149
21.4095 0.00716743
21.412 0.00667489
21.4145 0.00621229
21.417 0.0057781
21.4195 0.00537084
21.422 0.00498911
21.4245 0.00463155
21.427 0.00429685
21.4295 0.00398376
21.432 0.0036911
21.4345 0.00341771
21.437 0.0031625
21.4395 0.00292443
21.442 0.0027025
21.4445 0.00249576
21.447 0.00230331
21.4495 0.00212428
21.452 0.00195785
21.4545 0.00180325
21.457 0.00165974
21.4595 0.00152661
21.462 0.0014032
21.4645 0.00128889
21.467 0.00118308
21.4695 0.00108521
21.472 0.000994742
21.4745 0.000911185
21.477 0.000834065
21.4795 0.000762938
21.482 0.000697386
21.4845 0.000637017
21.487 0.000581461
21.4895 0.000530373
21.492 0.000483428
21.4945 0.000440322
21.497 0.000400772
21.4995 0.00036451
