28.5 3.96383
28.5015 3.89757
28.503 3.8316
28.5045 3.76593
28.506 3.70055
28.5075 3.63546
28.509 3.57067
28.5105 3.50616
28.512 3.44195
28.5135 3.37802
28.515 3.31438
28.5165 3.25103
28.518 3.18797
28.5195 3.1252
28.521 3.06271
28.5225 3.00051
28.524 2.93859
28.5255 2.87695
28.527 2.8156
28.5285 2.75453
28.53 2.69374
28.5315 2.63324
28.533 2.57301
28.5345 2.51307
28.536 2.4534
28.5375 2.39402
28.539 2.33491
28.5405 2.27608
28.542 2.21752
28.5435 2.15924
28.545 2.10124
28.5465 2.04351
28.548 1.98606
28.5495 1.92887
28.551 1.87197
28.5525 1.81533
28.554 1.75896
28.5555 1.70287
28.557 1.64705
28.5585 1.59149
28.56 1.53621
28.5615 1.48119
28.563 1.42644
28.5645 1.37195
28.566 1.31774
28.5675 1.26379
28.569 1.2101
28.5705 1.15668
28.572 1.10352
28.5735 1.05062
28.575 0.997989
28.5765 0.945617
28.578 0.893506
28.5795 0.841655
28.581 0.790064
28.5825 0.738733
28.584 0.687659
28.5855 0.636844
28.587 0.586286
28.5885 0.535984
28.59 0.485938
28.5915 0.436147
28.593 0.386611
28.5945 0.337329
28.596 0.2883
28.5975 0.239524
28.599 0.191
28.6006 0.142727
28.6021 0.0947056
28.6036 0.0469339
28.6051 -0.000588257
28.6066 -0.0478616
28.6081 -0.0948866
28.6096 -0.141664
28.6111 -0.188195
28.6126 -0.234479
28.6141 -0.280517
28.6156 -0.32631
28.6171 -0.371859
28.6186 -0.417164
28.6201 -0.462226
28.6216 -0.507045
28.6231 -0.551622
28.6246 -0.595958
28.6261 -0.640053
28.6276 -0.683908
28.6291 -0.727523
28.6306 -0.7709
28.6321 -0.814038
28.6336 -0.856939
28.6351 -0.899603
28.6366 -0.94203
28.6381 -0.984222
28.6396 -1.02618
28.6411 -1.0679
28.6426 -1.10939
28.6441 -1.15064
28.6456 -1.19167
28.6471 -1.23246
28.6486 -1.27301
28.6501 -1.31334
28.6516 -1.35344
28.6531 -1.39331
28.6546 -1.43295
28.6561 -1.47236
28.6576 -1.51154
28.6591 -1.5505
28.6606 -1.58922
28.6621 -1.62773
28.6636 -1.66601
28.6651 -1.70406
28.6666 -1.74189
28.6681 -1.77949
28.6696 -1.81688
28.6711 -1.85404
28.6726 -1.89097
28.6741 -1.92769
28.6756 -1.96419
28.6771 -2.00046
28.6786 -2.03652
28.6801 -2.07236
28.6816 -2.10798
28.6831 -2.14338
28.6846 -2.17857
28.6861 -2.21354
28.6876 -2.24829
28.6891 -2.28283
28.6906 -2.31716
28.6921 -2.35127
28.6936 -2.38516
28.6951 -2.41885
28.6966 -2.45232
28.6981 -2.48558
28.6996 -2.51863
28.7011 -2.55147
28.7026 -2.5841
28.7041 -2.61652
28.7056 -2.64873
28.7071 -2.68073
28.7086 -2.71253
28.7101 -2.74412
28.7116 -2.7755
28.7131 -2.80668
28.7146 -2.83765
28.7161 -2.86842
28.7176 -2.89898
28.7191 -2.92934
28.7206 -2.9595
28.7221 -2.98945
28.7236 -3.01921
28.7251 -3.04876
28.7266 -3.07811
28.7281 -3.10726
28.7296 -3.13622
28.7311 -3.16497
28.7326 -3.19352
28.7341 -3.22188
28.7356 -3.25004
28.7371 -3.27801
28.7386 -3.30578
28.7401 -3.33335
28.7416 -3.36073
28.7431 -3.38791
28.7446 -3.4149
28.7461 -3.4417
28.7476 -3.46831
28.7491 -3.49472
28.7506 -3.52094
28.7521 -3.54697
28.7536 -3.57281
28.7551 -3.59847
28.7566 -3.62393
28.7581 -3.6492
28.7596 -3.67429
28.7611 -3.69919
28.7626 -3.7239
28.7641 -3.74842
28.7656 -3.77276
28.7671 -3.79692
28.7686 -3.82089
28.7701 -3.84467
28.7716 -3.86828
28.7731 -3.8917
28.7746 -3.91493
28.7761 -3.93799
28.7776 -3.96086
28.7791 -3.98356
28.7806 -4.00607
28.7821 -4.0284
28.7836 -4.05056
28.7851 -4.07254
28.7866 -4.09433
28.7881 -4.11596
28.7896 -4.1374
28.7911 -4.15867
28.7926 -4.17976
28.7941 -4.20068
28.7956 -4.22142
28.7971 -4.24199
28.7986 -4.26238
28.8002 -4.2826
28.8017 -4.30265
28.8032 -4.32253
28.8047 -4.34224
28.8062 -4.36177
28.8077 -4.38114
28.8092 -4.40033
28.8107 -4.41936
28.8122 -4.43822
28.8137 -4.45691
28.8152 -4.47543
28.8167 -4.49378
28.8182 -4.51197
28.8197 -4.52999
28.8212 -4.54785
28.8227 -4.56554
28.8242 -4.58307
28.8257 -4.60043
28.8272 -4.61763
28.8287 -4.63467
28.8302 -4.65155
28.8317 -4.66826
28.8332 -4.68481
28.8347 -4.7012
28.8362 -4.71744
28.8377 -4.73351
28.8392 -4.74942
28.8407 -4.76518
28.8422 -4.78077
28.8437 -4.79621
28.8452 -4.81149
28.8467 -4.82662
28.8482 -4.84159
28.8497 -4.8564
28.8512 -4.87106
28.8527 -4.88557
28.8542 -4.89992
28.8557 -4.91412
28.8572 -4.92816
28.8587 -4.94205
28.8602 -4.95579
28.8617 -4.96938
28.8632 -4.98282
28.8647 -4.99611
28.8662 -5.00925
28.8677 -5.02224
28.8692 -5.03508
28.8707 -5.04778
28.8722 -5.06032
28.8737 -5.07272
28.8752 -5.08497
28.8767 -5.09708
28.8782 -5.10904
28.8797 -5.12085
28.8812 -5.13252
28.8827 -5.14405
28.8842 -5.15543
28.8857 -5.16667
28.8872 -5.17777
28.8887 -5.18872
28.8902 -5.19954
28.8917 -5.21021
28.8932 -5.22074
28.8947 -5.23113
28.8962 -5.24138
28.8977 -5.2515
28.8992 -5.26147
28.9007 -5.27131
28.9022 -5.28101
28.9037 -5.29057
28.9052 -5.3
28.9067 -5.30929
28.9082 -5.31844
28.9097 -5.32746
28.9112 -5.33634
28.9127 -5.34509
28.9142 -5.35371
28.9157 -5.36219
28.9172 -5.37054
28.9187 -5.37876
28.9202 -5.38685
28.9217 -5.39481
28.9232 -5.40263
28.9247 -5.41033
28.9262 -5.41789
28.9277 -5.42533
28.9292 -5.43264
28.9307 -5.43981
28.9322 -5.44687
28.9337 -5.45379
28.9352 -5.46059
28.9367 -5.46726
28.9382 -5.47381
28.9397 -5.48023
28.9412 -5.48652
28.9427 -5.49269
28.9442 -5.49874
28.9457 -5.50467
28.9472 -5.51047
28.9487 -5.51615
28.9502 -5.5217
28.9517 -5.52714
28.9532 -5.53245
28.9547 -5.53765
28.9562 -5.54272
28.9577 -5.54767
28.9592 -5.55251
28.9607 -5.55722
28.9622 -5.56182
28.9637 -5.5663
28.9652 -5.57067
28.9667 -5.57491
28.9682 -5.57904
28.9697 -5.58306
28.9712 -5.58696
28.9727 -5.59074
28.9742 -5.59441
28.9757 -5.59797
28.9772 -5.60141
28.9787 -5.60474
28.9802 -5.60795
28.9817 -5.61106
28.9832 -5.61405
28.9847 -5.61693
28.9862 -5.61971
28.9877 -5.62237
28.9892 -5.62492
28.9907 -5.62736
28.9922 -5.62969
28.9937 -5.63192
28.9952 -5.63403
28.9967 -5.63604
28.9982 -5.63794
28.9997 -5.63974
29.0013 -5.64143
29.0028 -5.64301
29.0043 -5.64449
29.0058 -5.64586
29.0073 -5.64713
29.0088 -5.6483
29.0103 -5.64936
29.0118 -5.65032
29.0133 -5.65117
29.0148 -5.65193
29.0163 -5.65258
29.0178 -5.65313
29.0193 -5.65358
29.0208 -5.65393
29.0223 -5.65418
29.0238 -5.65433
29.0253 -5.65439
29.0268 -5.65434
29.0283 -5.6542
29.0298 -5.65395
29.0313 -5.65361
29.0328 -5.65318
29.0343 -5.65264
29.0358 -5.65202
29.0373 -5.65129
29.0388 -5.65047
29.0403 -5.64956
29.0418 -5.64855
29.0433 -5.64745
29.0448 -5.64625
29.0463 -5.64497
29.0478 -5.64359
29.0493 -5.64211
29.0508 -5.64055
29.0523 -5.6389
29.0538 -5.63715
29.0553 -5.63531
29.0568 -5.63339
29.0583 -5.63137
29.0598 -5.62927
29.0613 -5.62708
29.0628 -5.6248
29.0643 -5.62243
29.0658 -5.61997
29.0673 -5.61743
29.0688 -5.6148
29.0703 -5.61209
29.0718 -5.60929
29.0733 -5.6064
29.0748 -5.60343
29.0763 -5.60037
29.0778 -5.59724
29.0793 -5.59401
29.0808 -5.59071
29.0823 -5.58732
29.0838 -5.58385
29.0853 -5.5803
29.0868 -5.57666
29.0883 -5.57295
29.0898 -5.56915
29.0913 -5.56528
29.0928 -5.56132
29.0943 -5.55729
29.0958 -5.55318
29.0973 -5.54898
29.0988 -5.54471
29.1003 -5.54037
29.1018 -5.53594
29.1033 -5.53144
29.1048 -5.52686
29.1063 -5.52221
29.1078 -5.51748
29.1093 -5.51267
29.1108 -5.50779
29.1123 -5.50284
29.1138 -5.49781
29.1153 -5.4927
29.1168 -5.48753
29.1183 -5.48228
29.1198 -5.47696
29.1213 -5.47157
29.1228 -5.4661
29.1243 -5.46057
29.1258 -5.45496
29.1273 -5.44928
29.1288 -5.44353
29.1303 -5.43772
29.1318 -5.43183
29.1333 -5.42587
29.1348 -5.41985
29.1363 -5.41376
29.1378 -5.4076
29.1393 -5.40137
29.1408 -5.39508
29.1423 -5.38872
29.1438 -5.38229
29.1453 -5.3758
29.1468 -5.36924
29.1483 -5.36262
29.1498 -5.35593
29.1513 -5.34918
29.1528 -5.34236
29.1543 -5.33548
29.1558 -5.32854
29.1573 -5.32154
29.1588 -5.31447
29.1603 -5.30734
29.1618 -5.30015
29.1633 -5.2929
29.1648 -5.28559
29.1663 -5.27822
29.1678 -5.27078
29.1693 -5.26329
29.1708 -5.25574
29.1723 -5.24813
29.1738 -5.24046
29.1753 -5.23273
29.1768 -5.22495
29.1783 -5.2171
29.1798 -5.2092
29.1813 -5.20125
29.1828 -5.19324
29.1843 -5.18517
29.1858 -5.17704
29.1873 -5.16887
29.1888 -5.16063
29.1903 -5.15234
29.1918 -5.144
29.1933 -5.13561
29.1948 -5.12716
29.1963 -5.11865
29.1978 -5.1101
29.1993 -5.10149
29.2009 -5.09283
29.2024 -5.08412
29.2039 -5.07536
29.2054 -5.06655
29.2069 -5.05769
29.2084 -5.04877
29.2099 -5.03981
29.2114 -5.0308
29.2129 -5.02174
29.2144 -5.01263
29.2159 -5.00347
29.2174 -4.99426
29.2189 -4.98501
29.2204 -4.97571
29.2219 -4.96636
29.2234 -4.95697
29.2249 -4.94753
29.2264 -4.93804
29.2279 -4.92851
29.2294 -4.91893
29.2309 -4.90931
29.2324 -4.89965
29.2339 -4.88994
29.2354 -4.88018
29.2369 -4.87039
29.2384 -4.86055
29.2399 -4.85066
29.2414 -4.84074
29.2429 -4.83077
29.2444 -4.82076
29.2459 -4.81071
29.2474 -4.80062
29.2489 -4.79049
29.2504 -4.78032
29.2519 -4.77011
29.2534 -4.75986
29.2549 -4.74957
29.2564 -4.73924
29.2579 -4.72887
29.2594 -4.71846
29.2609 -4.70802
29.2624 -4.69754
29.2639 -4.68702
29.2654 -4.67646
29.2669 -4.66587
29.2684 -4.65524
29.2699 -4.64458
29.2714 -4.63388
29.2729 -4.62314
29.2744 -4.61237
29.2759 -4.60157
29.2774 -4.59073
29.2789 -4.57986
29.2804 -4.56895
29.2819 -4.55801
29.2834 -4.54704
29.2849 -4.53603
29.2864 -4.52499
29.2879 -4.51393
29.2894 -4.50282
29.2909 -4.49169
29.2924 -4.48053
29.2939 -4.46933
29.2954 -4.45811
29.2969 -4.44685
29.2984 -4.43557
29.2999 -4.42426
29.3014 -4.41291
29.3029 -4.40154
29.3044 -4.39014
29.3059 -4.37871
29.3074 -4.36726
29.3089 -4.35577
29.3104 -4.34426
29.3119 -4.33272
29.3134 -4.32116
29.3149 -4.30957
29.3164 -4.29795
29.3179 -4.28631
29.3194 -4.27464
29.3209 -4.26295
29.3224 -4.25123
29.3239 -4.23949
29.3254 -4.22772
29.3269 -4.21593
29.3284 -4.20412
29.3299 -4.19228
29.3314 -4.18043
29.3329 -4.16854
29.3344 -4.15664
29.3359 -4.14471
29.3374 -4.13277
29.3389 -4.1208
29.3404 -4.10881
29.3419 -4.0968
29.3434 -4.08476
29.3449 -4.07271
29.3464 -4.06064
29.3479 -4.04855
29.3494 -4.03644
29.3509 -4.02431
29.3524 -4.01216
29.3539 -4
29.3554 -3.98781
29.3569 -3.97561
29.3584 -3.96339
29.3599 -3.95115
29.3614 -3.9389
29.3629 -3.92663
29.3644 -3.91434
29.3659 -3.90204
29.3674 -3.88972
29.3689 -3.87738
29.3704 -3.86503
29.3719 -3.85267
29.3734 -3.84029
29.3749 -3.8279
29.3764 -3.81549
29.3779 -3.80307
29.3794 -3.79063
29.3809 -3.77818
29.3824 -3.76572
29.3839 -3.75325
29.3854 -3.74076
29.3869 -3.72826
29.3884 -3.71575
29.3899 -3.70323
29.3914 -3.6907
29.3929 -3.67815
29.3944 -3.6656
29.3959 -3.65303
29.3974 -3.64046
29.3989 -3.62787
29.4005 -3.61528
29.402 -3.60267
29.4035 -3.59006
29.405 -3.57744
29.4065 -3.56481
29.408 -3.55217
29.4095 -3.53952
29.411 -3.52687
29.4125 -3.5142
29.414 -3.50153
29.4155 -3.48886
29.417 -3.47618
29.4185 -3.46349
29.42 -3.45079
29.4215 -3.43809
29.423 -3.42538
29.4245 -3.41267
29.426 -3.39995
29.4275 -3.38723
29.429 -3.3745
29.4305 -3.36177
29.432 -3.34903
29.4335 -3.33629
29.435 -3.32355
29.4365 -3.31081
29.438 -3.29806
29.4395 -3.2853
29.441 -3.27255
29.4425 -3.25979
29.444 -3.24703
29.4455 -3.23427
29.447 -3.22151
29.4485 -3.20875
29.45 -3.19598
29.4515 -3.18322
29.453 -3.17045
29.4545 -3.15769
29.456 -3.14492
29.4575 -3.13216
29.459 -3.11939
29.4605 -3.10663
29.462 -3.09386
29.4635 -3.0811
29.465 -3.06834
29.4665 -3.05558
29.468 -3.04282
29.4695 -3.03007
29.471 -3.01731
29.4725 -3.00456
29.474 -2.99182
29.4755 -2.97907
29.477 -2.96633
29.4785 -2.95359
29.48 -2.94086
29.4815 -2.92813
29.483 -2.91541
29.4845 -2.90269
29.486 -2.88997
29.4875 -2.87726
29.489 -2.86456
29.4905 -2.85186
29.492 -2.83916
29.4935 -2.82647
29.495 -2.81379
29.4965 -2.80112
29.498 -2.78845
29.4995 -2.77579
29.501 -2.76313
29.5025 -2.75048
29.504 -2.73784
29.5055 -2.72521
29.507 -2.71259
29.5085 -2.69997
29.51 -2.68736
29.5115 -2.67476
29.513 -2.66217
29.5145 -2.64959
29.516 -2.63702
29.5175 -2.62446
29.519 -2.61191
29.5205 -2.59936
29.522 -2.58683
29.5235 -2.57431
29.525 -2.5618
29.5265 -2.5493
29.528 -2.53681
29.5295 -2.52433
29.531 -2.51187
29.5325 -2.49941
29.534 -2.48697
29.5355 -2.47454
29.537 -2.46212
29.5385 -2.44971
29.54 -2.43732
29.5415 -2.42494
29.543 -2.41257
29.5445 -2.40022
29.546 -2.38788
29.5475 -2.37555
29.549 -2.36324
29.5505 -2.35094
29.552 -2.33866
29.5535 -2.32639
29.555 -2.31414
29.5565 -2.3019
29.558 -2.28967
29.5595 -2.27746
29.561 -2.26527
29.5625 -2.25309
29.564 -2.24093
29.5655 -2.22879
29.567 -2.21666
29.5685 -2.20455
29.57 -2.19245
29.5715 -2.18037
29.573 -2.16831
29.5745 -2.15627
29.576 -2.14424
29.5775 -2.13224
29.579 -2.12025
29.5805 -2.10827
29.582 -2.09632
29.5835 -2.08439
29.585 -2.07247
29.5865 -2.06057
29.588 -2.04869
29.5895 -2.03683
29.591 -2.02499
29.5925 -2.01317
29.594 -2.00137
29.5955 -1.98959
29.597 -1.97783
29.5985 -1.96609
29.6001 -1.95438
29.6016 -1.94268
29.6031 -1.931
29.6046 -1.91934
29.6061 -1.90771
29.6076 -1.8961
29.6091 -1.8845
29.6106 -1.87293
29.6121 -1.86139
29.6136 -1.84986
29.6151 -1.83836
29.6166 -1.82688
29.6181 -1.81542
29.6196 -1.80398
29.6211 -1.79257
29.6226 -1.78118
29.6241 -1.76982
29.6256 -1.75848
29.6271 -1.74716
29.6286 -1.73586
29.6301 -1.72459
29.6316 -1.71335
29.6331 -1.70213
29.6346 -1.69093
29.6361 -1.67976
29.6376 -1.66861
29.6391 -1.65749
29.6406 -1.64639
29.6421 -1.63532
29.6436 -1.62427
29.6451 -1.61325
29.6466 -1.60226
29.6481 -1.59129
29.6496 -1.58035
29.6511 -1.56943
29.6526 -1.55854
29.6541 -1.54768
29.6556 -1.53684
29.6571 -1.52604
29.6586 -1.51525
29.6601 -1.5045
29.6616 -1.49377
29.6631 -1.48307
29.6646 -1.4724
29.6661 -1.46176
29.6676 -1.45114
29.6691 -1.44056
29.6706 -1.43
29.6721 -1.41947
29.6736 -1.40897
29.6751 -1.39849
29.6766 -1.38805
29.6781 -1.37763
29.6796 -1.36725
29.6811 -1.35689
29.6826 -1.34657
29.6841 -1.33627
29.6856 -1.326
29.6871 -1.31577
29.6886 -1.30556
29.6901 -1.29538
29.6916 -1.28524
29.6931 -1.27512
29.6946 -1.26504
29.6961 -1.25498
29.6976 -1.24496
29.6991 -1.23497
29.7006 -1.22501
29.7021 -1.21508
29.7036 -1.20518
29.7051 -1.19531
29.7066 -1.18548
29.7081 -1.17568
29.7096 -1.16591
29.7111 -1.15617
29.7126 -1.14646
29.7141 -1.13679
29.7156 -1.12715
29.7171 -1.11754
29.7186 -1.10796
29.7201 -1.09842
29.7216 -1.08891
29.7231 -1.07944
29.7246 -1.06999
29.7261 -1.06058
29.7276 -1.05121
29.7291 -1.04187
29.7306 -1.03256
29.7321 -1.02328
29.7336 -1.01404
29.7351 -1.00484
29.7366 -0.995665
29.7381 -0.986527
29.7396 -0.977425
29.7411 -0.968356
29.7426 -0.959323
29.7441 -0.950325
29.7456 -0.941361
29.7471 -0.932433
29.7486 -0.92354
29.7501 -0.914683
29.7516 -0.90586
29.7531 -0.897074
29.7546 -0.888323
29.7561 -0.879608
29.7576 -0.870929
29.7591 -0.862286
29.7606 -0.853679
29.7621 -0.845109
29.7636 -0.836574
29.7651 -0.828076
29.7666 -0.819615
29.7681 -0.811191
29.7696 -0.802803
29.7711 -0.794452
29.7726 -0.786138
29.7741 -0.777862
29.7756 -0.769622
29.7771 -0.76142
29.7786 -0.753255
29.7801 -0.745128
29.7816 -0.737038
29.7831 -0.728986
29.7846 -0.720972
29.7861 -0.712996
29.7876 -0.705058
29.7891 -0.697157
29.7906 -0.689295
29.7921 -0.681472
29.7936 -0.673687
29.7951 -0.66594
29.7966 -0.658232
29.7981 -0.650562
29.7996 -0.642931
29.8012 -0.635339
29.8027 -0.627786
29.8042 -0.620272
29.8057 -0.612797
29.8072 -0.605362
29.8087 -0.597965
29.8102 -0.590608
29.8117 -0.583291
29.8132 -0.576013
29.8147 -0.568775
29.8162 -0.561576
29.8177 -0.554417
29.8192 -0.547298
29.8207 -0.540219
29.8222 -0.533181
29.8237 -0.526182
29.8252 -0.519223
29.8267 -0.512305
29.8282 -0.505427
29.8297 -0.49859
29.8312 -0.491793
29.8327 -0.485037
29.8342 -0.478321
29.8357 -0.471646
29.8372 -0.465012
29.8387 -0.458419
29.8402 -0.451867
29.8417 -0.445356
29.8432 -0.438886
29.8447 -0.432457
29.8462 -0.42607
29.8477 -0.419724
29.8492 -0.413419
29.8507 -0.407156
29.8522 -0.400934
29.8537 -0.394754
29.8552 -0.388615
29.8567 -0.382519
29.8582 -0.376464
29.8597 -0.370451
29.8612 -0.36448
29.8627 -0.358551
29.8642 -0.352664
29.8657 -0.346819
29.8672 -0.341016
29.8687 -0.335255
29.8702 -0.329537
29.8717 -0.323862
29.8732 -0.318228
29.8747 -0.312637
29.8762 -0.307089
29.8777 -0.301583
29.8792 -0.29612
29.8807 -0.2907
29.8822 -0.285322
29.8837 -0.279987
29.8852 -0.274695
29.8867 -0.269446
29.8882 -0.26424
29.8897 -0.259077
29.8912 -0.253957
29.8927 -0.24888
29.8942 -0.243847
29.8957 -0.238856
29.8972 -0.233909
29.8987 -0.229005
29.9002 -0.224145
29.9017 -0.219327
29.9032 -0.214554
29.9047 -0.209824
29.9062 -0.205137
29.9077 -0.200494
29.9092 -0.195895
29.9107 -0.191339
29.9122 -0.186827
29.9137 -0.182358
29.9152 -0.177934
29.9167 -0.173553
29.9182 -0.169216
29.9197 -0.164923
29.9212 -0.160674
29.9227 -0.156469
29.9242 -0.152308
29.9257 -0.148191
29.9272 -0.144118
29.9287 -0.14009
29.9302 -0.136105
29.9317 -0.132164
29.9332 -0.128268
29.9347 -0.124416
29.9362 -0.120608
29.9377 -0.116845
29.9392 -0.113126
29.9407 -0.109451
29.9422 -0.10582
29.9437 -0.102234
29.9452 -0.0986928
29.9467 -0.0951957
29.9482 -0.091743
29.9497 -0.0883349
29.9512 -0.0849712
29.9527 -0.0816522
29.9542 -0.0783777
29.9557 -0.0751477
29.9572 -0.0719624
29.9587 -0.0688218
29.9602 -0.0657258
29.9617 -0.0626744
29.9632 -0.0596678
29.9647 -0.0567058
29.9662 -0.0537886
29.9677 -0.0509161
29.9692 -0.0480884
29.9707 -0.0453054
29.9722 -0.0425672
29.9737 -0.0398738
29.9752 -0.0372252
29.9767 -0.0346214
29.9782 -0.0320624
29.9797 -0.0295483
29.9812 -0.0270791
29.9827 -0.0246547
29.9842 -0.0222751
29.9857 -0.0199404
29.9872 -0.0176506
29.9887 -0.0154057
29.9902 -0.0132057
29.9917 -0.0110506
29.9932 -0.00894034
29.9947 -0.00687501
29.9962 -0.00485459
29.9977 -0.00287907
29.9992 -0.000948463
30.0008 0.000937235
30.0023 0.00277802
30.0038 0.00457391
30.0053 0.00632488
30.0068 0.00803095
30.0083 0.00969211
30.0098 0.0113084
30.0113 0.0128798
30.0128 0.0144062
30.0143 0.0158878
30.0158 0.0173246
30.0173 0.0187164
30.0188 0.0200634
30.0203 0.0213655
30.0218 0.0226228
30.0233 0.0238352
30.0248 0.0250029
30.0263 0.0261257
30.0278 0.0272037
30.0293 0.0282369
30.0308 0.0292253
30.0323 0.0301689
30.0338 0.0310678
30.0353 0.031922
30.0368 0.0327314
30.0383 0.0334962
30.0398 0.0342162
30.0413 0.0348916
30.0428 0.0355224
30.0443 0.0361085
30.0458 0.0366499
30.0473 0.0371468
30.0488 0.0375991
30.0503 0.0380069
30.0518 0.0383702
30.0533 0.0386889
30.0548 0.0389632
30.0563 0.039193
30.0578 0.0393783
30.0593 0.0395193
30.0608 0.0396159
30.0623 0.0396681
30.0638 0.039676
30.0653 0.0396396
30.0668 0.039559
30.0683 0.0394341
30.0698 0.039265
30.0713 0.0390518
30.0728 0.0387943
30.0743 0.0384928
30.0758 0.0381472
30.0773 0.0377576
30.0788 0.037324
30.0803 0.0368464
30.0818 0.0363248
30.0833 0.0357594
30.0848 0.0351501
30.0863 0.0344969
30.0878 0.0338
30.0893 0.0330593
30.0908 0.032275
30.0923 0.0314469
30.0938 0.0305753
30.0953 0.0296601
30.0968 0.0287013
30.0983 0.027699
30.0998 0.0266533
30.1013 0.0255642
30.1028 0.0244317
30.1043 0.0232559
30.1058 0.0220368
30.1073 0.0207745
30.1088 0.0194691
30.1103 0.0181205
30.1118 0.0167289
30.1133 0.0152942
30.1148 0.0138166
30.1163 0.012296
30.1178 0.0107326
30.1193 0.00912634
30.1208 0.00747734
30.1223 0.00578564
30.1238 0.00405128
30.1253 0.00227433
30.1268 0.000454847
30.1283 -0.00140712
30.1298 -0.00331151
30.1313 -0.00525827
30.1328 -0.00724733
30.1343 -0.00927864
30.1358 -0.0113521
30.1373 -0.0134678
30.1388 -0.0156254
30.1403 -0.0178251
30.1418 -0.0200667
30.1433 -0.0223502
30.1448 -0.0246755
30.1463 -0.0270426
30.1478 -0.0294513
30.1493 -0.0319016
30.1508 -0.0343935
30.1523 -0.0369268
30.1538 -0.0395015
30.1553 -0.0421176
30.1568 -0.044775
30.1583 -0.0474735
30.1598 -0.0502132
30.1613 -0.0529939
30.1628 -0.0558156
30.1643 -0.0586782
30.1658 -0.0615817
30.1673 -0.0645259
30.1688 -0.0675108
30.1703 -0.0705362
30.1718 -0.0736022
30.1733 -0.0767087
30.1748 -0.0798555
30.1763 -0.0830427
30.1778 -0.08627
30.1793 -0.0895375
30.1808 -0.092845
30.1823 -0.0961925
30.1838 -0.0995799
30.1853 -0.103007
30.1868 -0.106474
30.1883 -0.109981
30.1898 -0.113527
30.1913 -0.117112
30.1928 -0.120737
30.1943 -0.124402
30.1958 -0.128105
30.1973 -0.131848
30.1988 -0.135629
30.2004 -0.13945
30.2019 -0.143309
30.2034 -0.147207
30.2049 -0.151144
30.2064 -0.155119
30.2079 -0.159133
30.2094 -0.163186
30.2109 -0.167276
30.2124 -0.171405
30.2139 -0.175572
30.2154 -0.179777
30.2169 -0.184019
30.2184 -0.1883
30.2199 -0.192618
30.2214 -0.196974
30.2229 -0.201368
30.2244 -0.205798
30.2259 -0.210266
30.2274 -0.214772
30.2289 -0.219314
30.2304 -0.223894
30.2319 -0.22851
30.2334 -0.233163
30.2349 -0.237853
30.2364 -0.242579
30.2379 -0.247342
30.2394 -0.252141
30.2409 -0.256977
30.2424 -0.261849
30.2439 -0.266756
30.2454 -0.2717
30.2469 -0.276679
30.2484 -0.281694
30.2499 -0.286745
30.2514 -0.291831
30.2529 -0.296953
30.2544 -0.30211
30.2559 -0.307302
30.2574 -0.312529
30.2589 -0.317791
30.2604 -0.323087
30.2619 -0.328419
30.2634 -0.333785
30.2649 -0.339185
30.2664 -0.34462
30.2679 -0.350088
30.2694 -0.355591
30.2709 -0.361128
30.2724 -0.366699
30.2739 -0.372303
30.2754 -0.377941
30.2769 -0.383613
30.2784 -0.389318
30.2799 -0.395056
30.2814 -0.400827
30.2829 -0.406631
30.2844 -0.412468
30.2859 -0.418337
30.2874 -0.42424
30.2889 -0.430174
30.2904 -0.436141
30.2919 -0.44214
30.2934 -0.448171
30.2949 -0.454234
30.2964 -0.460329
30.2979 -0.466455
30.2994 -0.472613
30.3009 -0.478803
30.3024 -0.485023
30.3039 -0.491275
30.3054 -0.497558
30.3069 -0.503871
30.3084 -0.510215
30.3099 -0.51659
30.3114 -0.522995
30.3129 -0.52943
30.3144 -0.535896
30.3159 -0.542391
30.3174 -0.548917
30.3189 -0.555472
30.3204 -0.562056
30.3219 -0.56867
30.3234 -0.575314
30.3249 -0.581986
30.3264 -0.588687
30.3279 -0.595418
30.3294 -0.602176
30.3309 -0.608964
30.3324 -0.61578
30.3339 -0.622624
30.3354 -0.629496
30.3369 -0.636396
30.3384 -0.643323
30.3399 -0.650279
30.3414 -0.657261
30.3429 -0.664272
30.3444 -0.671309
30.3459 -0.678373
30.3474 -0.685464
30.3489 -0.692582
30.3504 -0.699726
30.3519 -0.706897
30.3534 -0.714094
30.3549 -0.721317
30.3564 -0.728566
30.3579 -0.73584
30.3594 -0.743141
30.3609 -0.750466
30.3624 -0.757817
30.3639 -0.765193
30.3654 -0.772594
30.3669 -0.780019
30.3684 -0.787469
30.3699 -0.794944
30.3714 -0.802443
30.3729 -0.809965
30.3744 -0.817512
30.3759 -0.825083
30.3774 -0.832677
30.3789 -0.840294
30.3804 -0.847935
30.3819 -0.855599
30.3834 -0.863285
30.3849 -0.870995
30.3864 -0.878727
30.3879 -0.886481
30.3894 -0.894257
30.3909 -0.902056
30.3924 -0.909876
30.3939 -0.917718
30.3954 -0.925581
30.3969 -0.933466
30.3984 -0.941372
30.3999 -0.949299
30.4015 -0.957246
30.403 -0.965214
30.4045 -0.973203
30.406 -0.981212
30.4075 -0.98924
30.409 -0.997289
30.4105 -1.00536
30.412 -1.01344
30.4135 -1.02155
30.415 -1.02968
30.4165 -1.03782
30.418 -1.04599
30.4195 -1.05417
30.421 -1.06237
30.4225 -1.07059
30.424 -1.07883
30.4255 -1.08708
30.427 -1.09535
30.4285 -1.10364
30.43 -1.11195
30.4315 -1.12027
30.433 -1.12861
30.4345 -1.13697
30.436 -1.14534
30.4375 -1.15373
30.439 -1.16214
30.4405 -1.17056
30.442 -1.179
30.4435 -1.18745
30.445 -1.19592
30.4465 -1.2044
30.448 -1.2129
30.4495 -1.22141
30.451 -1.22994
30.4525 -1.23848
30.454 -1.24703
30.4555 -1.2556
30.457 -1.26418
30.4585 -1.27278
30.46 -1.28139
30.4615 -1.29001
30.463 -1.29864
30.4645 -1.30729
30.466 -1.31595
30.4675 -1.32462
30.469 -1.3333
30.4705 -1.342
30.472 -1.35071
30.4735 -1.35942
30.475 -1.36815
30.4765 -1.37689
30.478 -1.38564
30.4795 -1.3944
30.481 -1.40317
30.4825 -1.41196
30.484 -1.42075
30.4855 -1.42955
30.487 -1.43836
30.4885 -1.44717
30.49 -1.456
30.4915 -1.46484
30.493 -1.47368
30.4945 -1.48254
30.496 -1.4914
30.4975 -1.50027
30.499 -1.50914
30.5005 -1.51803
30.502 -1.52692
30.5035 -1.53581
30.505 -1.54472
30.5065 -1.55363
30.508 -1.56254
30.5095 -1.57147
30.511 -1.5804
30.5125 -1.58933
30.514 -1.59827
30.5155 -1.60721
30.517 -1.61616
30.5185 -1.62511
30.52 -1.63407
30.5215 -1.64303
30.523 -1.652
30.5245 -1.66097
30.526 -1.66994
30.5275 -1.67892
30.529 -1.6879
30.5305 -1.69688
30.532 -1.70586
30.5335 -1.71485
30.535 -1.72384
30.5365 -1.73283
30.538 -1.74182
30.5395 -1.75081
30.541 -1.7598
30.5425 -1.7688
30.544 -1.77779
30.5455 -1.78678
30.547 -1.79578
30.5485 -1.80477
30.55 -1.81377
30.5515 -1.82276
30.553 -1.83175
30.5545 -1.84074
30.556 -1.84973
30.5575 -1.85872
30.559 -1.8677
30.5605 -1.87669
30.562 -1.88567
30.5635 -1.89465
30.565 -1.90362
30.5665 -1.91259
30.568 -1.92156
30.5695 -1.93052
30.571 -1.93948
30.5725 -1.94844
30.574 -1.95739
30.5755 -1.96634
30.577 -1.97528
30.5785 -1.98421
30.58 -1.99315
30.5815 -2.00207
30.583 -2.01099
30.5845 -2.0199
30.586 -2.0288
30.5875 -2.0377
30.589 -2.04659
30.5905 -2.05548
30.592 -2.06435
30.5935 -2.07322
30.595 -2.08208
30.5965 -2.09093
30.598 -2.09977
30.5995 -2.10861
30.6011 -2.11743
30.6026 -2.12624
30.6041 -2.13505
30.6056 -2.14384
30.6071 -2.15262
30.6086 -2.1614
30.6101 -2.17016
30.6116 -2.17891
30.6131 -2.18765
30.6146 -2.19638
30.6161 -2.20509
30.6176 -2.21379
30.6191 -2.22248
30.6206 -2.23116
30.6221 -2.23982
30.6236 -2.24847
30.6251 -2.25711
30.6266 -2.26573
30.6281 -2.27434
30.6296 -2.28293
30.6311 -2.29151
30.6326 -2.30007
30.6341 -2.30862
30.6356 -2.31715
30.6371 -2.32567
30.6386 -2.33417
30.6401 -2.34265
30.6416 -2.35112
30.6431 -2.35957
30.6446 -2.368
30.6461 -2.37641
30.6476 -2.3848
30.6491 -2.39318
30.6506 -2.40154
30.6521 -2.40988
30.6536 -2.4182
30.6551 -2.4265
30.6566 -2.43478
30.6581 -2.44304
30.6596 -2.45128
30.6611 -2.4595
30.6626 -2.46769
30.6641 -2.47587
30.6656 -2.48403
30.6671 -2.49216
30.6686 -2.50027
30.6701 -2.50836
30.6716 -2.51642
30.6731 -2.52446
30.6746 -2.53248
30.6761 -2.54048
30.6776 -2.54845
30.6791 -2.55639
30.6806 -2.56431
30.6821 -2.57221
30.6836 -2.58008
30.6851 -2.58793
30.6866 -2.59574
30.6881 -2.60354
30.6896 -2.6113
30.6911 -2.61904
30.6926 -2.62676
30.6941 -2.63444
30.6956 -2.6421
30.6971 -2.64973
30.6986 -2.65733
30.7001 -2.6649
30.7016 -2.67244
30.7031 -2.67995
30.7046 -2.68744
30.7061 -2.69489
30.7076 -2.70231
30.7091 -2.70971
30.7106 -2.71707
30.7121 -2.7244
30.7136 -2.7317
30.7151 -2.73896
30.7166 -2.7462
30.7181 -2.7534
30.7196 -2.76057
30.7211 -2.7677
30.7226 -2.7748
30.7241 -2.78187
30.7256 -2.7889
30.7271 -2.7959
30.7286 -2.80287
30.7301 -2.80979
30.7316 -2.81669
30.7331 -2.82355
30.7346 -2.83037
30.7361 -2.83715
30.7376 -2.8439
30.7391 -2.85061
30.7406 -2.85728
30.7421 -2.86392
30.7436 -2.87051
30.7451 -2.87707
30.7466 -2.88359
30.7481 -2.89007
30.7496 -2.89651
30.7511 -2.90291
30.7526 -2.90927
30.7541 -2.91559
30.7556 -2.92187
30.7571 -2.9281
30.7586 -2.9343
30.7601 -2.94045
30.7616 -2.94656
30.7631 -2.95263
30.7646 -2.95866
30.7661 -2.96464
30.7676 -2.97058
30.7691 -2.97647
30.7706 -2.98232
30.7721 -2.98813
30.7736 -2.99389
30.7751 -2.9996
30.7766 -3.00527
30.7781 -3.01089
30.7796 -3.01647
30.7811 -3.022
30.7826 -3.02748
30.7841 -3.03291
30.7856 -3.0383
30.7871 -3.04364
30.7886 -3.04893
30.7901 -3.05417
30.7916 -3.05936
30.7931 -3.0645
30.7946 -3.06959
30.7961 -3.07463
30.7976 -3.07962
30.7991 -3.08456
30.8007 -3.08945
30.8022 -3.09429
30.8037 -3.09907
30.8052 -3.1038
30.8067 -3.10848
30.8082 -3.1131
30.8097 -3.11767
30.8112 -3.12219
30.8127 -3.12665
30.8142 -3.13106
30.8157 -3.13541
30.8172 -3.13971
30.8187 -3.14395
30.8202 -3.14814
30.8217 -3.15226
30.8232 -3.15634
30.8247 -3.16035
30.8262 -3.1643
30.8277 -3.1682
30.8292 -3.17204
30.8307 -3.17582
30.8322 -3.17954
30.8337 -3.1832
30.8352 -3.18681
30.8367 -3.19035
30.8382 -3.19383
30.8397 -3.19725
30.8412 -3.2006
30.8427 -3.2039
30.8442 -3.20713
30.8457 -3.2103
30.8472 -3.21341
30.8487 -3.21645
30.8502 -3.21943
30.8517 -3.22235
30.8532 -3.2252
30.8547 -3.22799
30.8562 -3.23071
30.8577 -3.23336
30.8592 -3.23595
30.8607 -3.23848
30.8622 -3.24093
30.8637 -3.24332
30.8652 -3.24564
30.8667 -3.24789
30.8682 -3.25008
30.8697 -3.25219
30.8712 -3.25424
30.8727 -3.25621
30.8742 -3.25812
30.8757 -3.25996
30.8772 -3.26172
30.8787 -3.26341
30.8802 -3.26504
30.8817 -3.26658
30.8832 -3.26806
30.8847 -3.26947
30.8862 -3.2708
30.8877 -3.27205
30.8892 -3.27324
30.8907 -3.27435
30.8922 -3.27538
30.8937 -3.27634
30.8952 -3.27722
30.8967 -3.27803
30.8982 -3.27876
30.8997 -3.27941
30.9012 -3.27999
30.9027 -3.28049
30.9042 -3.28091
30.9057 -3.28125
30.9072 -3.28151
30.9087 -3.2817
30.9102 -3.2818
30.9117 -3.28183
30.9132 -3.28177
30.9147 -3.28163
30.9162 -3.28141
30.9177 -3.28111
30.9192 -3.28073
30.9207 -3.28026
30.9222 -3.27971
30.9237 -3.27908
30.9252 -3.27836
30.9267 -3.27756
30.9282 -3.27668
30.9297 -3.27571
30.9312 -3.27465
30.9327 -3.27351
30.9342 -3.27228
30.9357 -3.27096
30.9372 -3.26956
30.9387 -3.26807
30.9402 -3.26649
30.9417 -3.26482
30.9432 -3.26307
30.9447 -3.26122
30.9462 -3.25929
30.9477 -3.25726
30.9492 -3.25514
30.9507 -3.25293
30.9522 -3.25064
30.9537 -3.24824
30.9552 -3.24576
30.9567 -3.24318
30.9582 -3.24051
30.9597 -3.23775
30.9612 -3.23489
30.9627 -3.23194
30.9642 -3.22889
30.9657 -3.22575
30.9672 -3.22251
30.9687 -3.21918
30.9702 -3.21575
30.9717 -3.21222
30.9732 -3.20859
30.9747 -3.20486
30.9762 -3.20104
30.9777 -3.19712
30.9792 -3.1931
30.9807 -3.18898
30.9822 -3.18475
30.9837 -3.18043
30.9852 -3.17601
30.9867 -3.17148
30.9882 -3.16685
30.9897 -3.16212
30.9912 -3.15729
30.9927 -3.15235
30.9942 -3.14731
30.9957 -3.14217
30.9972 -3.13692
30.9987 -3.13156
31.0003 -3.1261
31.0018 -3.12054
31.0033 -3.11486
31.0048 -3.10908
31.0063 -3.1032
31.0078 -3.0972
31.0093 -3.0911
31.0108 -3.08488
31.0123 -3.07856
31.0138 -3.07213
31.0153 -3.06558
31.0168 -3.05893
31.0183 -3.05217
31.0198 -3.04529
31.0213 -3.0383
31.0228 -3.0312
31.0243 -3.02399
31.0258 -3.01666
31.0273 -3.00922
31.0288 -3.00166
31.0303 -2.99399
31.0318 -2.98621
31.0333 -2.97831
31.0348 -2.97029
31.0363 -2.96215
31.0378 -2.9539
31.0393 -2.94553
31.0408 -2.93704
31.0423 -2.92844
31.0438 -2.91971
31.0453 -2.91087
31.0468 -2.9019
31.0483 -2.89282
31.0498 -2.88361
31.0513 -2.87428
31.0528 -2.86483
31.0543 -2.85526
31.0558 -2.84556
31.0573 -2.83574
31.0588 -2.8258
31.0603 -2.81574
31.0618 -2.80554
31.0633 -2.79523
31.0648 -2.78478
31.0663 -2.77421
31.0678 -2.76352
31.0693 -2.75269
31.0708 -2.74174
31.0723 -2.73066
31.0738 -2.71946
31.0753 -2.70812
31.0768 -2.69665
31.0783 -2.68506
31.0798 -2.67333
31.0813 -2.66147
31.0828 -2.64948
31.0843 -2.63736
31.0858 -2.6251
31.0873 -2.61272
31.0888 -2.60019
31.0903 -2.58754
31.0918 -2.57475
31.0933 -2.56182
31.0948 -2.54876
31.0963 -2.53557
31.0978 -2.52223
31.0993 -2.50876
31.1008 -2.49515
31.1023 -2.48141
31.1038 -2.46752
31.1053 -2.4535
31.1068 -2.43934
31.1083 -2.42503
31.1098 -2.41059
31.1113 -2.396
31.1128 -2.38128
31.1143 -2.36641
31.1158 -2.3514
31.1173 -2.33624
31.1188 -2.32095
31.1203 -2.3055
31.1218 -2.28992
31.1233 -2.27419
31.1248 -2.25831
31.1263 -2.24229
31.1278 -2.22612
31.1293 -2.2098
31.1308 -2.19334
31.1323 -2.17672
31.1338 -2.15996
31.1353 -2.14305
31.1368 -2.12599
31.1383 -2.10878
31.1398 -2.09142
31.1413 -2.07391
31.1428 -2.05624
31.1443 -2.03843
31.1458 -2.02046
31.1473 -2.00233
31.1488 -1.98406
31.1503 -1.96563
31.1518 -1.94704
31.1533 -1.9283
31.1548 -1.9094
31.1563 -1.89035
31.1578 -1.87114
31.1593 -1.85177
31.1608 -1.83225
31.1623 -1.81256
31.1638 -1.79272
31.1653 -1.77271
31.1668 -1.75255
31.1683 -1.73223
31.1698 -1.71174
31.1713 -1.6911
31.1728 -1.67029
31.1743 -1.64932
31.1758 -1.62818
31.1773 -1.60688
31.1788 -1.58542
31.1803 -1.56379
31.1818 -1.542
31.1833 -1.52004
31.1848 -1.49791
31.1863 -1.47562
31.1878 -1.45316
31.1893 -1.43053
31.1908 -1.40773
31.1923 -1.38476
31.1938 -1.36163
31.1953 -1.33832
31.1968 -1.31484
31.1983 -1.29119
31.1998 -1.26737
31.2014 -1.24338
31.2029 -1.21921
31.2044 -1.19487
31.2059 -1.17036
31.2074 -1.14567
31.2089 -1.12081
31.2104 -1.09577
31.2119 -1.07055
31.2134 -1.04516
31.2149 -1.01959
31.2164 -0.993842
31.2179 -0.967916
31.2194 -0.941811
31.2209 -0.915526
31.2224 -0.889061
31.2239 -0.862415
31.2254 -0.835588
31.2269 -0.808579
31.2284 -0.781388
31.2299 -0.754014
31.2314 -0.726457
31.2329 -0.698715
31.2344 -0.670789
31.2359 -0.642678
31.2374 -0.614381
31.2389 -0.585898
31.2404 -0.557228
31.2419 -0.528371
31.2434 -0.499326
31.2449 -0.470092
31.2464 -0.440669
31.2479 -0.411057
31.2494 -0.381254
31.2509 -0.351261
31.2524 -0.321076
31.2539 -0.290699
31.2554 -0.26013
31.2569 -0.229368
31.2584 -0.198412
31.2599 -0.167262
31.2614 -0.135918
31.2629 -0.104378
31.2644 -0.0726417
31.2659 -0.0407094
31.2674 -0.00858001
31.2689 0.023747
31.2704 0.0562721
31.2719 0.088996
31.2734 0.121919
31.2749 0.155042
31.2764 0.188366
31.2779 0.221891
31.2794 0.255617
31.2809 0.289546
31.2824 0.323677
31.2839 0.358012
31.2854 0.39255
31.2869 0.427294
31.2884 0.462242
31.2899 0.497396
31.2914 0.532757
31.2929 0.568324
31.2944 0.604099
31.2959 0.640082
31.2974 0.676273
31.2989 0.712674
31.3004 0.749284
31.3019 0.786105
31.3034 0.823137
31.3049 0.86038
31.3064 0.897836
31.3079 0.935505
31.3094 0.973386
31.3109 1.01148
31.3124 1.04979
31.3139 1.08832
31.3154 1.12706
31.3169 1.16602
31.3184 1.20519
31.3199 1.24458
31.3214 1.28419
31.3229 1.32402
31.3244 1.36407
31.3259 1.40434
31.3274 1.44483
31.3289 1.48554
31.3304 1.52647
31.3319 1.56762
31.3334 1.609
31.3349 1.6506
31.3364 1.69242
31.3379 1.73447
31.3394 1.77675
31.3409 1.81925
31.3424 1.86197
31.3439 1.90493
31.3454 1.94811
31.3469 1.99152
31.3484 2.03516
31.3499 2.07903
31.3514 2.12313
31.3529 2.16746
31.3544 2.21202
31.3559 2.25681
31.3574 2.30184
31.3589 2.3471
31.3604 2.39259
31.3619 2.43832
31.3634 2.48428
31.3649 2.53048
31.3664 2.57692
31.3679 2.62359
31.3694 2.6705
31.3709 2.71765
31.3724 2.76503
31.3739 2.81266
31.3754 2.86053
31.3769 2.90863
31.3784 2.95698
31.3799 3.00557
31.3814 3.05441
31.3829 3.10348
31.3844 3.1528
31.3859 3.20237
31.3874 3.25218
31.3889 3.30223
31.3904 3.35253
31.3919 3.40308
31.3934 3.45388
31.3949 3.50492
31.3964 3.55622
31.3979 3.60776
31.3994 3.65955
31.401 3.7116
31.4025 3.76389
31.404 3.81644
31.4055 3.86924
31.407 3.9223
31.4085 3.9756
31.41 4.02916
31.4115 4.08298
31.413 4.13706
31.4145 4.19139
31.416 4.24597
31.4175 4.30082
31.419 4.35592
31.4205 4.41128
31.422 4.4669
31.4235 4.52279
31.425 4.57893
31.4265 4.63533
31.428 4.692
31.4295 4.74893
31.431 4.80613
31.4325 4.86358
31.434 4.92131
31.4355 4.9793
31.437 5.03755
31.4385 5.09607
31.44 5.15486
31.4415 5.21392
31.443 5.27324
31.4445 5.33284
31.446 5.39271
31.4475 5.45284
31.449 5.51325
31.4505 5.57393
31.452 5.63488
31.4535 5.69611
31.455 5.75761
31.4565 5.81938
31.458 5.88143
31.4595 5.94376
31.461 6.00636
31.4625 6.06924
31.464 6.1324
31.4655 6.19584
31.467 6.25955
31.4685 6.32355
31.47 6.38783
31.4715 6.45239
31.473 6.51723
31.4745 6.58235
31.476 6.64775
31.4775 6.71345
31.479 6.77942
31.4805 6.84568
31.482 6.91223
31.4835 6.97906
31.485 7.04618
31.4865 7.11359
31.488 7.18129
31.4895 7.24927
31.491 7.31755
31.4925 7.38612
31.494 7.45498
31.4955 7.52413
31.497 7.59357
31.4985 7.66331
31.5 7.73334
