38.5 1.14749
38.5015 1.08569
38.503 1.02417
38.5045 0.962934
38.506 0.901989
38.5075 0.84133
38.509 0.780956
38.5105 0.720868
38.512 0.661063
38.5135 0.601543
38.515 0.542305
38.5165 0.483349
38.518 0.424675
38.5195 0.366282
38.521 0.308169
38.5225 0.250336
38.524 0.192781
38.5255 0.135505
38.527 0.0785071
38.5285 0.0217856
38.53 -0.0346595
38.5315 -0.090829
38.533 -0.146723
38.5345 -0.202344
38.536 -0.25769
38.5375 -0.312763
38.539 -0.367564
38.5405 -0.422094
38.542 -0.476352
38.5435 -0.53034
38.545 -0.584058
38.5465 -0.637507
38.548 -0.690687
38.5495 -0.7436
38.551 -0.796245
38.5525 -0.848624
38.554 -0.900737
38.5555 -0.952584
38.557 -1.00417
38.5585 -1.05549
38.56 -1.10654
38.5615 -1.15734
38.563 -1.20787
38.5645 -1.25814
38.566 -1.30815
38.5675 -1.35789
38.569 -1.40738
38.5705 -1.45661
38.572 -1.50559
38.5735 -1.5543
38.575 -1.60276
38.5765 -1.65096
38.578 -1.69891
38.5795 -1.7466
38.581 -1.79403
38.5825 -1.84122
38.584 -1.88815
38.5855 -1.93482
38.587 -1.98125
38.5885 -2.02742
38.59 -2.07335
38.5915 -2.11902
38.593 -2.16445
38.5945 -2.20962
38.596 -2.25455
38.5975 -2.29923
38.599 -2.34366
38.6006 -2.38785
38.6021 -2.43179
38.6036 -2.47549
38.6051 -2.51894
38.6066 -2.56215
38.6081 -2.60512
38.6096 -2.64784
38.6111 -2.69032
38.6126 -2.73256
38.6141 -2.77456
38.6156 -2.81632
38.6171 -2.85784
38.6186 -2.89912
38.6201 -2.94016
38.6216 -2.98097
38.6231 -3.02154
38.6246 -3.06187
38.6261 -3.10197
38.6276 -3.14183
38.6291 -3.18146
38.6306 -3.22085
38.6321 -3.26001
38.6336 -3.29894
38.6351 -3.33763
38.6366 -3.3761
38.6381 -3.41433
38.6396 -3.45234
38.6411 -3.49011
38.6426 -3.52766
38.6441 -3.56497
38.6456 -3.60206
38.6471 -3.63892
38.6486 -3.67556
38.6501 -3.71197
38.6516 -3.74815
38.6531 -3.78411
38.6546 -3.81985
38.6561 -3.85536
38.6576 -3.89065
38.6591 -3.92571
38.6606 -3.96056
38.6621 -3.99518
38.6636 -4.02958
38.6651 -4.06377
38.6666 -4.09773
38.6681 -4.13148
38.6696 -4.165
38.6711 -4.19831
38.6726 -4.2314
38.6741 -4.26428
38.6756 -4.29694
38.6771 -4.32939
38.6786 -4.36162
38.6801 -4.39363
38.6816 -4.42543
38.6831 -4.45703
38.6846 -4.4884
38.6861 -4.51957
38.6876 -4.55052
38.6891 -4.58127
38.6906 -4.6118
38.6921 -4.64213
38.6936 -4.67225
38.6951 -4.70216
38.6966 -4.73186
38.6981 -4.76135
38.6996 -4.79064
38.7011 -4.81972
38.7026 -4.8486
38.7041 -4.87727
38.7056 -4.90574
38.7071 -4.934
38.7086 -4.96206
38.7101 -4.98992
38.7116 -5.01758
38.7131 -5.04504
38.7146 -5.07229
38.7161 -5.09935
38.7176 -5.1262
38.7191 -5.15286
38.7206 -5.17932
38.7221 -5.20558
38.7236 -5.23164
38.7251 -5.25751
38.7266 -5.28318
38.7281 -5.30866
38.7296 -5.33394
38.7311 -5.35903
38.7326 -5.38392
38.7341 -5.40862
38.7356 -5.43313
38.7371 -5.45744
38.7386 -5.48156
38.7401 -5.5055
38.7416 -5.52924
38.7431 -5.55279
38.7446 -5.57615
38.7461 -5.59933
38.7476 -5.62231
38.7491 -5.64511
38.7506 -5.66772
38.7521 -5.69015
38.7536 -5.71239
38.7551 -5.73444
38.7566 -5.75631
38.7581 -5.77799
38.7596 -5.79949
38.7611 -5.82081
38.7626 -5.84195
38.7641 -5.8629
38.7656 -5.88367
38.7671 -5.90426
38.7686 -5.92467
38.7701 -5.9449
38.7716 -5.96496
38.7731 -5.98483
38.7746 -6.00452
38.7761 -6.02404
38.7776 -6.04338
38.7791 -6.06254
38.7806 -6.08153
38.7821 -6.10034
38.7836 -6.11898
38.7851 -6.13744
38.7866 -6.15573
38.7881 -6.17384
38.7896 -6.19178
38.7911 -6.20955
38.7926 -6.22715
38.7941 -6.24458
38.7956 -6.26184
38.7971 -6.27892
38.7986 -6.29584
38.8002 -6.31259
38.8017 -6.32917
38.8032 -6.34558
38.8047 -6.36183
38.8062 -6.3779
38.8077 -6.39382
38.8092 -6.40956
38.8107 -6.42514
38.8122 -6.44056
38.8137 -6.45581
38.8152 -6.4709
38.8167 -6.48582
38.8182 -6.50058
38.8197 -6.51518
38.8212 -6.52962
38.8227 -6.5439
38.8242 -6.55802
38.8257 -6.57197
38.8272 -6.58577
38.8287 -6.59941
38.8302 -6.61289
38.8317 -6.62621
38.8332 -6.63938
38.8347 -6.65239
38.8362 -6.66524
38.8377 -6.67793
38.8392 -6.69047
38.8407 -6.70286
38.8422 -6.71509
38.8437 -6.72717
38.8452 -6.7391
38.8467 -6.75087
38.8482 -6.76249
38.8497 -6.77396
38.8512 -6.78527
38.8527 -6.79644
38.8542 -6.80746
38.8557 -6.81832
38.8572 -6.82904
38.8587 -6.83961
38.8602 -6.85003
38.8617 -6.86031
38.8632 -6.87043
38.8647 -6.88041
38.8662 -6.89025
38.8677 -6.89994
38.8692 -6.90948
38.8707 -6.91888
38.8722 -6.92813
38.8737 -6.93725
38.8752 -6.94621
38.8767 -6.95504
38.8782 -6.96372
38.8797 -6.97227
38.8812 -6.98067
38.8827 -6.98893
38.8842 -6.99705
38.8857 -7.00503
38.8872 -7.01287
38.8887 -7.02058
38.8902 -7.02814
38.8917 -7.03557
38.8932 -7.04286
38.8947 -7.05002
38.8962 -7.05704
38.8977 -7.06392
38.8992 -7.07067
38.9007 -7.07728
38.9022 -7.08376
38.9037 -7.09011
38.9052 -7.09632
38.9067 -7.1024
38.9082 -7.10835
38.9097 -7.11416
38.9112 -7.11985
38.9127 -7.1254
38.9142 -7.13083
38.9157 -7.13612
38.9172 -7.14129
38.9187 -7.14632
38.9202 -7.15123
38.9217 -7.15601
38.9232 -7.16067
38.9247 -7.16519
38.9262 -7.16959
38.9277 -7.17387
38.9292 -7.17802
38.9307 -7.18204
38.9322 -7.18594
38.9337 -7.18972
38.9352 -7.19337
38.9367 -7.1969
38.9382 -7.20031
38.9397 -7.20359
38.9412 -7.20676
38.9427 -7.2098
38.9442 -7.21272
38.9457 -7.21552
38.9472 -7.2182
38.9487 -7.22077
38.9502 -7.22321
38.9517 -7.22554
38.9532 -7.22775
38.9547 -7.22984
38.9562 -7.23181
38.9577 -7.23367
38.9592 -7.23541
38.9607 -7.23704
38.9622 -7.23855
38.9637 -7.23994
38.9652 -7.24123
38.9667 -7.24239
38.9682 -7.24345
38.9697 -7.24439
38.9712 -7.24522
38.9727 -7.24594
38.9742 -7.24655
38.9757 -7.24705
38.9772 -7.24744
38.9787 -7.24771
38.9802 -7.24788
38.9817 -7.24794
38.9832 -7.24789
38.9847 -7.24773
38.9862 -7.24746
38.9877 -7.24709
38.9892 -7.24661
38.9907 -7.24602
38.9922 -7.24533
38.9937 -7.24453
38.9952 -7.24363
38.9967 -7.24262
38.9982 -7.24151
38.9997 -7.2403
39.0013 -7.23898
39.0028 -7.23756
39.0043 -7.23604
39.0058 -7.23441
39.0073 -7.23268
39.0088 -7.23086
39.0103 -7.22893
39.0118 -7.2269
39.0133 -7.22478
39.0148 -7.22255
39.0163 -7.22022
39.0178 -7.2178
39.0193 -7.21528
39.0208 -7.21266
39.0223 -7.20994
39.0238 -7.20713
39.0253 -7.20422
39.0268 -7.20122
39.0283 -7.19812
39.0298 -7.19493
39.0313 -7.19164
39.0328 -7.18826
39.0343 -7.18478
39.0358 -7.18121
39.0373 -7.17755
39.0388 -7.1738
39.0403 -7.16995
39.0418 -7.16601
39.0433 -7.16199
39.0448 -7.15787
39.0463 -7.15366
39.0478 -7.14936
39.0493 -7.14497
39.0508 -7.1405
39.0523 -7.13593
39.0538 -7.13128
39.0553 -7.12654
39.0568 -7.12171
39.0583 -7.1168
39.0598 -7.1118
39.0613 -7.10671
39.0628 -7.10154
39.0643 -7.09629
39.0658 -7.09095
39.0673 -7.08552
39.0688 -7.08001
39.0703 -7.07442
39.0718 -7.06874
39.0733 -7.06299
39.0748 -7.05715
39.0763 -7.05123
39.0778 -7.04522
39.0793 -7.03914
39.0808 -7.03298
39.0823 -7.02673
39.0838 -7.02041
39.0853 -7.014
39.0868 -7.00752
39.0883 -7.00096
39.0898 -6.99433
39.0913 -6.98761
39.0928 -6.98082
39.0943 -6.97395
39.0958 -6.967
39.0973 -6.95998
39.0988 -6.95288
39.1003 -6.94571
39.1018 -6.93846
39.1033 -6.93114
39.1048 -6.92374
39.1063 -6.91627
39.1078 -6.90873
39.1093 -6.90112
39.1108 -6.89343
39.1123 -6.88567
39.1138 -6.87784
39.1153 -6.86994
39.1168 -6.86196
39.1183 -6.85392
39.1198 -6.84581
39.1213 -6.83762
39.1228 -6.82937
39.1243 -6.82105
39.1258 -6.81266
39.1273 -6.8042
39.1288 -6.79568
39.1303 -6.78708
39.1318 -6.77843
39.1333 -6.7697
39.1348 -6.76091
39.1363 -6.75205
39.1378 -6.74313
39.1393 -6.73414
39.1408 -6.72509
39.1423 -6.71597
39.1438 -6.70679
39.1453 -6.69755
39.1468 -6.68824
39.1483 -6.67887
39.1498 -6.66944
39.1513 -6.65994
39.1528 -6.65039
39.1543 -6.64077
39.1558 -6.6311
39.1573 -6.62136
39.1588 -6.61156
39.1603 -6.6017
39.1618 -6.59179
39.1633 -6.58181
39.1648 -6.57178
39.1663 -6.56169
39.1678 -6.55154
39.1693 -6.54133
39.1708 -6.53107
39.1723 -6.52075
39.1738 -6.51037
39.1753 -6.49994
39.1768 -6.48945
39.1783 -6.47891
39.1798 -6.46831
39.1813 -6.45766
39.1828 -6.44695
39.1843 -6.43619
39.1858 -6.42538
39.1873 -6.41451
39.1888 -6.40359
39.1903 -6.39262
39.1918 -6.38159
39.1933 -6.37052
39.1948 -6.35939
39.1963 -6.34822
39.1978 -6.33699
39.1993 -6.32571
39.2009 -6.31439
39.2024 -6.30301
39.2039 -6.29158
39.2054 -6.28011
39.2069 -6.26859
39.2084 -6.25702
39.2099 -6.2454
39.2114 -6.23373
39.2129 -6.22202
39.2144 -6.21026
39.2159 -6.19846
39.2174 -6.18661
39.2189 -6.17471
39.2204 -6.16277
39.2219 -6.15078
39.2234 -6.13875
39.2249 -6.12668
39.2264 -6.11456
39.2279 -6.1024
39.2294 -6.09019
39.2309 -6.07795
39.2324 -6.06566
39.2339 -6.05333
39.2354 -6.04095
39.2369 -6.02854
39.2384 -6.01608
39.2399 -6.00358
39.2414 -5.99105
39.2429 -5.97847
39.2444 -5.96585
39.2459 -5.9532
39.2474 -5.9405
39.2489 -5.92777
39.2504 -5.915
39.2519 -5.90219
39.2534 -5.88934
39.2549 -5.87646
39.2564 -5.86353
39.2579 -5.85058
39.2594 -5.83758
39.2609 -5.82455
39.2624 -5.81148
39.2639 -5.79838
39.2654 -5.78525
39.2669 -5.77208
39.2684 -5.75887
39.2699 -5.74563
39.2714 -5.73236
39.2729 -5.71905
39.2744 -5.70571
39.2759 -5.69234
39.2774 -5.67893
39.2789 -5.6655
39.2804 -5.65203
39.2819 -5.63853
39.2834 -5.625
39.2849 -5.61144
39.2864 -5.59784
39.2879 -5.58422
39.2894 -5.57057
39.2909 -5.55689
39.2924 -5.54318
39.2939 -5.52944
39.2954 -5.51567
39.2969 -5.50187
39.2984 -5.48805
39.2999 -5.4742
39.3014 -5.46032
39.3029 -5.44641
39.3044 -5.43248
39.3059 -5.41852
39.3074 -5.40453
39.3089 -5.39052
39.3104 -5.37649
39.3119 -5.36242
39.3134 -5.34834
39.3149 -5.33423
39.3164 -5.32009
39.3179 -5.30593
39.3194 -5.29175
39.3209 -5.27754
39.3224 -5.26332
39.3239 -5.24906
39.3254 -5.23479
39.3269 -5.22049
39.3284 -5.20618
39.3299 -5.19184
39.3314 -5.17748
39.3329 -5.16309
39.3344 -5.14869
39.3359 -5.13427
39.3374 -5.11983
39.3389 -5.10537
39.3404 -5.09089
39.3419 -5.07638
39.3434 -5.06187
39.3449 -5.04733
39.3464 -5.03277
39.3479 -5.0182
39.3494 -5.00361
39.3509 -4.989
39.3524 -4.97437
39.3539 -4.95973
39.3554 -4.94507
39.3569 -4.93039
39.3584 -4.9157
39.3599 -4.901
39.3614 -4.88627
39.3629 -4.87154
39.3644 -4.85678
39.3659 -4.84202
39.3674 -4.82724
39.3689 -4.81244
39.3704 -4.79763
39.3719 -4.78281
39.3734 -4.76798
39.3749 -4.75313
39.3764 -4.73827
39.3779 -4.7234
39.3794 -4.70851
39.3809 -4.69362
39.3824 -4.67871
39.3839 -4.66379
39.3854 -4.64886
39.3869 -4.63392
39.3884 -4.61897
39.3899 -4.60401
39.3914 -4.58904
39.3929 -4.57406
39.3944 -4.55907
39.3959 -4.54408
39.3974 -4.52907
39.3989 -4.51405
39.4005 -4.49903
39.402 -4.484
39.4035 -4.46896
39.405 -4.45392
39.4065 -4.43886
39.408 -4.4238
39.4095 -4.40874
39.411 -4.39367
39.4125 -4.37859
39.414 -4.3635
39.4155 -4.34841
39.417 -4.33332
39.4185 -4.31822
39.42 -4.30312
39.4215 -4.28801
39.423 -4.27289
39.4245 -4.25778
39.426 -4.24266
39.4275 -4.22753
39.429 -4.2124
39.4305 -4.19727
39.432 -4.18214
39.4335 -4.16701
39.435 -4.15187
39.4365 -4.13673
39.438 -4.12159
39.4395 -4.10645
39.441 -4.0913
39.4425 -4.07616
39.444 -4.06101
39.4455 -4.04587
39.447 -4.03072
39.4485 -4.01558
39.45 -4.00043
39.4515 -3.98529
39.453 -3.97014
39.4545 -3.955
39.456 -3.93986
39.4575 -3.92472
39.459 -3.90958
39.4605 -3.89445
39.462 -3.87931
39.4635 -3.86418
39.465 -3.84905
39.4665 -3.83393
39.468 -3.81881
39.4695 -3.80369
39.471 -3.78857
39.4725 -3.77346
39.474 -3.75836
39.4755 -3.74325
39.477 -3.72816
39.4785 -3.71306
39.48 -3.69798
39.4815 -3.68289
39.483 -3.66782
39.4845 -3.65275
39.486 -3.63768
39.4875 -3.62262
39.489 -3.60757
39.4905 -3.59253
39.492 -3.57749
39.4935 -3.56246
39.495 -3.54744
39.4965 -3.53242
39.498 -3.51741
39.4995 -3.50241
39.501 -3.48742
39.5025 -3.47244
39.504 -3.45746
39.5055 -3.4425
39.507 -3.42754
39.5085 -3.4126
39.51 -3.39766
39.5115 -3.38273
39.513 -3.36782
39.5145 -3.35291
39.516 -3.33801
39.5175 -3.32313
39.519 -3.30825
39.5205 -3.29339
39.522 -3.27854
39.5235 -3.2637
39.525 -3.24887
39.5265 -3.23406
39.528 -3.21925
39.5295 -3.20446
39.531 -3.18968
39.5325 -3.17492
39.534 -3.16016
39.5355 -3.14542
39.537 -3.1307
39.5385 -3.11598
39.54 -3.10129
39.5415 -3.0866
39.543 -3.07193
39.5445 -3.05728
39.546 -3.04263
39.5475 -3.02801
39.549 -3.0134
39.5505 -2.9988
39.552 -2.98422
39.5535 -2.96966
39.555 -2.95511
39.5565 -2.94058
39.558 -2.92606
39.5595 -2.91156
39.561 -2.89708
39.5625 -2.88262
39.564 -2.86817
39.5655 -2.85374
39.567 -2.83932
39.5685 -2.82493
39.57 -2.81055
39.5715 -2.79619
39.573 -2.78185
39.5745 -2.76752
39.576 -2.75322
39.5775 -2.73893
39.579 -2.72467
39.5805 -2.71042
39.582 -2.69619
39.5835 -2.68198
39.585 -2.66779
39.5865 -2.65362
39.588 -2.63948
39.5895 -2.62535
39.591 -2.61124
39.5925 -2.59715
39.594 -2.58309
39.5955 -2.56904
39.597 -2.55502
39.5985 -2.54102
39.6001 -2.52704
39.6016 -2.51308
39.6031 -2.49914
39.6046 -2.48522
39.6061 -2.47133
39.6076 -2.45746
39.6091 -2.44361
39.6106 -2.42979
39.6121 -2.41599
39.6136 -2.40221
39.6151 -2.38846
39.6166 -2.37472
39.6181 -2.36102
39.6196 -2.34733
39.6211 -2.33367
39.6226 -2.32004
39.6241 -2.30643
39.6256 -2.29284
39.6271 -2.27928
39.6286 -2.26574
39.6301 -2.25223
39.6316 -2.23874
39.6331 -2.22528
39.6346 -2.21185
39.6361 -2.19844
39.6376 -2.18505
39.6391 -2.17169
39.6406 -2.15836
39.6421 -2.14506
39.6436 -2.13178
39.6451 -2.11852
39.6466 -2.1053
39.6481 -2.0921
39.6496 -2.07893
39.6511 -2.06579
39.6526 -2.05267
39.6541 -2.03958
39.6556 -2.02652
39.6571 -2.01349
39.6586 -2.00048
39.6601 -1.9875
39.6616 -1.97455
39.6631 -1.96163
39.6646 -1.94874
39.6661 -1.93588
39.6676 -1.92305
39.6691 -1.91024
39.6706 -1.89747
39.6721 -1.88472
39.6736 -1.87201
39.6751 -1.85932
39.6766 -1.84666
39.6781 -1.83404
39.6796 -1.82144
39.6811 -1.80888
39.6826 -1.79634
39.6841 -1.78384
39.6856 -1.77136
39.6871 -1.75892
39.6886 -1.74651
39.6901 -1.73412
39.6916 -1.72178
39.6931 -1.70946
39.6946 -1.69717
39.6961 -1.68491
39.6976 -1.67269
39.6991 -1.6605
39.7006 -1.64834
39.7021 -1.63621
39.7036 -1.62412
39.7051 -1.61206
39.7066 -1.60003
39.7081 -1.58803
39.7096 -1.57607
39.7111 -1.56414
39.7126 -1.55224
39.7141 -1.54038
39.7156 -1.52854
39.7171 -1.51675
39.7186 -1.50498
39.7201 -1.49325
39.7216 -1.48156
39.7231 -1.4699
39.7246 -1.45827
39.7261 -1.44667
39.7276 -1.43512
39.7291 -1.42359
39.7306 -1.4121
39.7321 -1.40065
39.7336 -1.38923
39.7351 -1.37784
39.7366 -1.36649
39.7381 -1.35518
39.7396 -1.3439
39.7411 -1.33265
39.7426 -1.32145
39.7441 -1.31027
39.7456 -1.29914
39.7471 -1.28804
39.7486 -1.27697
39.7501 -1.26594
39.7516 -1.25495
39.7531 -1.24399
39.7546 -1.23307
39.7561 -1.22219
39.7576 -1.21135
39.7591 -1.20054
39.7606 -1.18977
39.7621 -1.17903
39.7636 -1.16833
39.7651 -1.15767
39.7666 -1.14705
39.7681 -1.13646
39.7696 -1.12591
39.7711 -1.1154
39.7726 -1.10493
39.7741 -1.0945
39.7756 -1.0841
39.7771 -1.07374
39.7786 -1.06342
39.7801 -1.05314
39.7816 -1.04289
39.7831 -1.03269
39.7846 -1.02252
39.7861 -1.01239
39.7876 -1.0023
39.7891 -0.992251
39.7906 -0.982239
39.7921 -0.972267
39.7936 -0.962333
39.7951 -0.952439
39.7966 -0.942584
39.7981 -0.932768
39.7996 -0.922992
39.8012 -0.913256
39.8027 -0.903559
39.8042 -0.893902
39.8057 -0.884285
39.8072 -0.874708
39.8087 -0.865171
39.8102 -0.855674
39.8117 -0.846217
39.8132 -0.8368
39.8147 -0.827424
39.8162 -0.818089
39.8177 -0.808793
39.8192 -0.799539
39.8207 -0.790325
39.8222 -0.781152
39.8237 -0.77202
39.8252 -0.762929
39.8267 -0.753879
39.8282 -0.74487
39.8297 -0.735902
39.8312 -0.726975
39.8327 -0.71809
39.8342 -0.709246
39.8357 -0.700444
39.8372 -0.691683
39.8387 -0.682963
39.8402 -0.674286
39.8417 -0.66565
39.8432 -0.657056
39.8447 -0.648504
39.8462 -0.639994
39.8477 -0.631526
39.8492 -0.6231
39.8507 -0.614717
39.8522 -0.606375
39.8537 -0.598076
39.8552 -0.589819
39.8567 -0.581605
39.8582 -0.573433
39.8597 -0.565304
39.8612 -0.557218
39.8627 -0.549174
39.8642 -0.541173
39.8657 -0.533214
39.8672 -0.525299
39.8687 -0.517427
39.8702 -0.509597
39.8717 -0.501811
39.8732 -0.494068
39.8747 -0.486368
39.8762 -0.478711
39.8777 -0.471097
39.8792 -0.463527
39.8807 -0.456
39.8822 -0.448517
39.8837 -0.441077
39.8852 -0.433681
39.8867 -0.426328
39.8882 -0.419019
39.8897 -0.411754
39.8912 -0.404532
39.8927 -0.397354
39.8942 -0.39022
39.8957 -0.38313
39.8972 -0.376084
39.8987 -0.369082
39.9002 -0.362124
39.9017 -0.35521
39.9032 -0.348341
39.9047 -0.341515
39.9062 -0.334734
39.9077 -0.327996
39.9092 -0.321304
39.9107 -0.314655
39.9122 -0.308051
39.9137 -0.301491
39.9152 -0.294976
39.9167 -0.288505
39.9182 -0.282079
39.9197 -0.275698
39.9212 -0.269361
39.9227 -0.263068
39.9242 -0.25682
39.9257 -0.250617
39.9272 -0.244459
39.9287 -0.238346
39.9302 -0.232277
39.9317 -0.226253
39.9332 -0.220274
39.9347 -0.21434
39.9362 -0.208451
39.9377 -0.202607
39.9392 -0.196808
39.9407 -0.191054
39.9422 -0.185345
39.9437 -0.179681
39.9452 -0.174062
39.9467 -0.168488
39.9482 -0.16296
39.9497 -0.157476
39.9512 -0.152038
39.9527 -0.146645
39.9542 -0.141297
39.9557 -0.135994
39.9572 -0.130737
39.9587 -0.125525
39.9602 -0.120358
39.9617 -0.115237
39.9632 -0.110161
39.9647 -0.10513
39.9662 -0.100145
39.9677 -0.0952051
39.9692 -0.0903107
39.9707 -0.0854617
39.9722 -0.0806581
39.9737 -0.0758999
39.9752 -0.0711873
39.9767 -0.0665201
39.9782 -0.0618984
39.9797 -0.0573222
39.9812 -0.0527915
39.9827 -0.0483063
39.9842 -0.0438666
39.9857 -0.0394725
39.9872 -0.0351239
39.9887 -0.0308208
39.9902 -0.0265633
39.9917 -0.0223514
39.9932 -0.018185
39.9947 -0.0140641
39.9962 -0.00998884
39.9977 -0.00595913
39.9992 -0.00197498
40.0008 0.00196359
40.0023 0.0058566
40.0038 0.00970405
40.0053 0.0135059
40.0068 0.0172622
40.0083 0.020973
40.0098 0.0246382
40.0113 0.0282578
40.0128 0.0318319
40.0143 0.0353605
40.0158 0.0388435
40.0173 0.042281
40.0188 0.045673
40.0203 0.0490194
40.0218 0.0523204
40.0233 0.0555758
40.0248 0.0587858
40.0263 0.0619502
40.0278 0.0650693
40.0293 0.0681428
40.0308 0.071171
40.0323 0.0741537
40.0338 0.077091
40.0353 0.0799828
40.0368 0.0828294
40.0383 0.0856305
40.0398 0.0883863
40.0413 0.0910968
40.0428 0.0937619
40.0443 0.0963818
40.0458 0.0989563
40.0473 0.101486
40.0488 0.10397
40.0503 0.106409
40.0518 0.108802
40.0533 0.111151
40.0548 0.113454
40.0563 0.115712
40.0578 0.117926
40.0593 0.120094
40.0608 0.122217
40.0623 0.124295
40.0638 0.126328
40.0653 0.128316
40.0668 0.130259
40.0683 0.132157
40.0698 0.134011
40.0713 0.135819
40.0728 0.137583
40.0743 0.139302
40.0758 0.140976
40.0773 0.142605
40.0788 0.14419
40.0803 0.14573
40.0818 0.147226
40.0833 0.148677
40.0848 0.150083
40.0863 0.151445
40.0878 0.152762
40.0893 0.154036
40.0908 0.155264
40.0923 0.156448
40.0938 0.157589
40.0953 0.158684
40.0968 0.159736
40.0983 0.160743
40.0998 0.161706
40.1013 0.162626
40.1028 0.163501
40.1043 0.164332
40.1058 0.165119
40.1073 0.165862
40.1088 0.166562
40.1103 0.167217
40.1118 0.167829
40.1133 0.168397
40.1148 0.168922
40.1163 0.169402
40.1178 0.16984
40.1193 0.170234
40.1208 0.170584
40.1223 0.170891
40.1238 0.171154
40.1253 0.171375
40.1268 0.171552
40.1283 0.171686
40.1298 0.171777
40.1313 0.171824
40.1328 0.171829
40.1343 0.171791
40.1358 0.17171
40.1373 0.171586
40.1388 0.171419
40.1403 0.17121
40.1418 0.170958
40.1433 0.170663
40.1448 0.170326
40.1463 0.169946
40.1478 0.169524
40.1493 0.16906
40.1508 0.168554
40.1523 0.168005
40.1538 0.167414
40.1553 0.166781
40.1568 0.166106
40.1583 0.16539
40.1598 0.164631
40.1613 0.163831
40.1628 0.162988
40.1643 0.162105
40.1658 0.161179
40.1673 0.160213
40.1688 0.159205
40.1703 0.158155
40.1718 0.157064
40.1733 0.155933
40.1748 0.154759
40.1763 0.153545
40.1778 0.15229
40.1793 0.150995
40.1808 0.149658
40.1823 0.148281
40.1838 0.146863
40.1853 0.145404
40.1868 0.143905
40.1883 0.142366
40.1898 0.140786
40.1913 0.139166
40.1928 0.137507
40.1943 0.135807
40.1958 0.134067
40.1973 0.132287
40.1988 0.130467
40.2004 0.128608
40.2019 0.126709
40.2034 0.124771
40.2049 0.122793
40.2064 0.120776
40.2079 0.118719
40.2094 0.116624
40.2109 0.114489
40.2124 0.112316
40.2139 0.110103
40.2154 0.107852
40.2169 0.105562
40.2184 0.103234
40.2199 0.100867
40.2214 0.0984616
40.2229 0.096018
40.2244 0.0935363
40.2259 0.0910165
40.2274 0.0884586
40.2289 0.085863
40.2304 0.0832295
40.2319 0.0805583
40.2334 0.0778496
40.2349 0.0751034
40.2364 0.0723198
40.2379 0.069499
40.2394 0.066641
40.2409 0.063746
40.2424 0.060814
40.2439 0.0578452
40.2454 0.0548397
40.2469 0.0517975
40.2484 0.0487188
40.2499 0.0456038
40.2514 0.0424524
40.2529 0.0392649
40.2544 0.0360413
40.2559 0.0327818
40.2574 0.0294865
40.2589 0.0261554
40.2604 0.0227887
40.2619 0.0193865
40.2634 0.015949
40.2649 0.0124762
40.2664 0.00896825
40.2679 0.00542529
40.2694 0.00184744
40.2709 -0.00176519
40.2724 -0.00541249
40.2739 -0.00909432
40.2754 -0.0128106
40.2769 -0.0165611
40.2784 -0.0203458
40.2799 -0.0241646
40.2814 -0.0280172
40.2829 -0.0319037
40.2844 -0.0358239
40.2859 -0.0397776
40.2874 -0.0437647
40.2889 -0.0477851
40.2904 -0.0518386
40.2919 -0.0559252
40.2934 -0.0600447
40.2949 -0.0641969
40.2964 -0.0683818
40.2979 -0.0725992
40.2994 -0.076849
40.3009 -0.081131
40.3024 -0.0854452
40.3039 -0.0897913
40.3054 -0.0941692
40.3069 -0.0985789
40.3084 -0.10302
40.3099 -0.107493
40.3114 -0.111997
40.3129 -0.116532
40.3144 -0.121098
40.3159 -0.125695
40.3174 -0.130322
40.3189 -0.134981
40.3204 -0.139669
40.3219 -0.144388
40.3234 -0.149138
40.3249 -0.153917
40.3264 -0.158726
40.3279 -0.163565
40.3294 -0.168433
40.3309 -0.173331
40.3324 -0.178258
40.3339 -0.183214
40.3354 -0.1882
40.3369 -0.193214
40.3384 -0.198257
40.3399 -0.203328
40.3414 -0.208428
40.3429 -0.213556
40.3444 -0.218712
40.3459 -0.223896
40.3474 -0.229107
40.3489 -0.234347
40.3504 -0.239614
40.3519 -0.244908
40.3534 -0.250229
40.3549 -0.255578
40.3564 -0.260953
40.3579 -0.266355
40.3594 -0.271783
40.3609 -0.277238
40.3624 -0.282719
40.3639 -0.288226
40.3654 -0.293758
40.3669 -0.299317
40.3684 -0.304901
40.3699 -0.310511
40.3714 -0.316145
40.3729 -0.321805
40.3744 -0.32749
40.3759 -0.333199
40.3774 -0.338933
40.3789 -0.344692
40.3804 -0.350474
40.3819 -0.356281
40.3834 -0.362111
40.3849 -0.367965
40.3864 -0.373843
40.3879 -0.379744
40.3894 -0.385669
40.3909 -0.391616
40.3924 -0.397586
40.3939 -0.403579
40.3954 -0.409594
40.3969 -0.415632
40.3984 -0.421692
40.3999 -0.427774
40.4015 -0.433877
40.403 -0.440002
40.4045 -0.446149
40.406 -0.452317
40.4075 -0.458506
40.409 -0.464716
40.4105 -0.470946
40.412 -0.477197
40.4135 -0.483469
40.415 -0.48976
40.4165 -0.496072
40.418 -0.502403
40.4195 -0.508754
40.421 -0.515124
40.4225 -0.521514
40.424 -0.527922
40.4255 -0.53435
40.427 -0.540796
40.4285 -0.54726
40.43 -0.553743
40.4315 -0.560244
40.433 -0.566763
40.4345 -0.573299
40.436 -0.579853
40.4375 -0.586425
40.439 -0.593013
40.4405 -0.599618
40.442 -0.606241
40.4435 -0.612879
40.445 -0.619534
40.4465 -0.626205
40.448 -0.632892
40.4495 -0.639595
40.451 -0.646313
40.4525 -0.653047
40.454 -0.659796
40.4555 -0.666559
40.457 -0.673338
40.4585 -0.680131
40.46 -0.686938
40.4615 -0.693759
40.463 -0.700594
40.4645 -0.707443
40.466 -0.714306
40.4675 -0.721182
40.469 -0.728071
40.4705 -0.734972
40.472 -0.741887
40.4735 -0.748813
40.475 -0.755752
40.4765 -0.762704
40.478 -0.769666
40.4795 -0.776641
40.481 -0.783627
40.4825 -0.790624
40.484 -0.797632
40.4855 -0.804651
40.487 -0.81168
40.4885 -0.81872
40.49 -0.825769
40.4915 -0.832829
40.493 -0.839898
40.4945 -0.846977
40.496 -0.854065
40.4975 -0.861162
40.499 -0.868267
40.5005 -0.875382
40.502 -0.882504
40.5035 -0.889635
40.505 -0.896773
40.5065 -0.90392
40.508 -0.911073
40.5095 -0.918234
40.511 -0.925402
40.5125 -0.932576
40.514 -0.939758
40.5155 -0.946945
40.517 -0.954138
40.5185 -0.961338
40.52 -0.968542
40.5215 -0.975753
40.523 -0.982968
40.5245 -0.990188
40.526 -0.997413
40.5275 -1.00464
40.529 -1.01188
40.5305 -1.01911
40.532 -1.02636
40.5335 -1.0336
40.535 -1.04085
40.5365 -1.0481
40.538 -1.05535
40.5395 -1.06261
40.541 -1.06987
40.5425 -1.07713
40.544 -1.08439
40.5455 -1.09165
40.547 -1.09892
40.5485 -1.10619
40.55 -1.11345
40.5515 -1.12072
40.553 -1.12799
40.5545 -1.13526
40.556 -1.14253
40.5575 -1.14979
40.559 -1.15706
40.5605 -1.16433
40.562 -1.17159
40.5635 -1.17886
40.565 -1.18612
40.5665 -1.19338
40.568 -1.20064
40.5695 -1.20789
40.571 -1.21515
40.5725 -1.2224
40.574 -1.22964
40.5755 -1.23689
40.577 -1.24413
40.5785 -1.25136
40.58 -1.2586
40.5815 -1.26582
40.583 -1.27305
40.5845 -1.28026
40.586 -1.28748
40.5875 -1.29468
40.589 -1.30188
40.5905 -1.30908
40.592 -1.31627
40.5935 -1.32345
40.595 -1.33063
40.5965 -1.33779
40.598 -1.34496
40.5995 -1.35211
40.6011 -1.35925
40.6026 -1.36639
40.6041 -1.37352
40.6056 -1.38064
40.6071 -1.38775
40.6086 -1.39486
40.6101 -1.40195
40.6116 -1.40903
40.6131 -1.4161
40.6146 -1.42317
40.6161 -1.43022
40.6176 -1.43726
40.6191 -1.44429
40.6206 -1.45131
40.6221 -1.45832
40.6236 -1.46531
40.6251 -1.47229
40.6266 -1.47927
40.6281 -1.48622
40.6296 -1.49317
40.6311 -1.5001
40.6326 -1.50702
40.6341 -1.51392
40.6356 -1.52081
40.6371 -1.52768
40.6386 -1.53454
40.6401 -1.54139
40.6416 -1.54822
40.6431 -1.55503
40.6446 -1.56183
40.6461 -1.56861
40.6476 -1.57538
40.6491 -1.58213
40.6506 -1.58886
40.6521 -1.59557
40.6536 -1.60227
40.6551 -1.60895
40.6566 -1.61561
40.6581 -1.62225
40.6596 -1.62888
40.6611 -1.63548
40.6626 -1.64207
40.6641 -1.64863
40.6656 -1.65518
40.6671 -1.6617
40.6686 -1.6682
40.6701 -1.67469
40.6716 -1.68115
40.6731 -1.68759
40.6746 -1.69401
40.6761 -1.70041
40.6776 -1.70678
40.6791 -1.71313
40.6806 -1.71946
40.6821 -1.72577
40.6836 -1.73205
40.6851 -1.73831
40.6866 -1.74454
40.6881 -1.75075
40.6896 -1.75693
40.6911 -1.76309
40.6926 -1.76923
40.6941 -1.77534
40.6956 -1.78142
40.6971 -1.78747
40.6986 -1.7935
40.7001 -1.7995
40.7016 -1.80548
40.7031 -1.81143
40.7046 -1.81735
40.7061 -1.82324
40.7076 -1.8291
40.7091 -1.83493
40.7106 -1.84074
40.7121 -1.84651
40.7136 -1.85226
40.7151 -1.85797
40.7166 -1.86366
40.7181 -1.86931
40.7196 -1.87493
40.7211 -1.88052
40.7226 -1.88608
40.7241 -1.89161
40.7256 -1.89711
40.7271 -1.90257
40.7286 -1.908
40.7301 -1.91339
40.7316 -1.91876
40.7331 -1.92409
40.7346 -1.92938
40.7361 -1.93464
40.7376 -1.93986
40.7391 -1.94505
40.7406 -1.95021
40.7421 -1.95532
40.7436 -1.9604
40.7451 -1.96545
40.7466 -1.97046
40.7481 -1.97543
40.7496 -1.98036
40.7511 -1.98525
40.7526 -1.99011
40.7541 -1.99493
40.7556 -1.99971
40.7571 -2.00445
40.7586 -2.00915
40.7601 -2.01381
40.7616 -2.01843
40.7631 -2.023
40.7646 -2.02754
40.7661 -2.03204
40.7676 -2.03649
40.7691 -2.04091
40.7706 -2.04528
40.7721 -2.0496
40.7736 -2.05389
40.7751 -2.05813
40.7766 -2.06233
40.7781 -2.06648
40.7796 -2.07059
40.7811 -2.07465
40.7826 -2.07867
40.7841 -2.08265
40.7856 -2.08657
40.7871 -2.09045
40.7886 -2.09429
40.7901 -2.09808
40.7916 -2.10182
40.7931 -2.10551
40.7946 -2.10916
40.7961 -2.11275
40.7976 -2.1163
40.7991 -2.1198
40.8007 -2.12325
40.8022 -2.12665
40.8037 -2.13
40.8052 -2.1333
40.8067 -2.13655
40.8082 -2.13975
40.8097 -2.14289
40.8112 -2.14599
40.8127 -2.14903
40.8142 -2.15202
40.8157 -2.15496
40.8172 -2.15784
40.8187 -2.16067
40.8202 -2.16344
40.8217 -2.16616
40.8232 -2.16883
40.8247 -2.17144
40.8262 -2.174
40.8277 -2.1765
40.8292 -2.17894
40.8307 -2.18133
40.8322 -2.18366
40.8337 -2.18593
40.8352 -2.18814
40.8367 -2.1903
40.8382 -2.1924
40.8397 -2.19444
40.8412 -2.19642
40.8427 -2.19834
40.8442 -2.2002
40.8457 -2.202
40.8472 -2.20374
40.8487 -2.20541
40.8502 -2.20703
40.8517 -2.20858
40.8532 -2.21008
40.8547 -2.21151
40.8562 -2.21287
40.8577 -2.21418
40.8592 -2.21542
40.8607 -2.21659
40.8622 -2.2177
40.8637 -2.21875
40.8652 -2.21973
40.8667 -2.22064
40.8682 -2.22149
40.8697 -2.22227
40.8712 -2.22299
40.8727 -2.22364
40.8742 -2.22422
40.8757 -2.22473
40.8772 -2.22517
40.8787 -2.22555
40.8802 -2.22586
40.8817 -2.22609
40.8832 -2.22626
40.8847 -2.22635
40.8862 -2.22638
40.8877 -2.22633
40.8892 -2.22622
40.8907 -2.22603
40.8922 -2.22576
40.8937 -2.22543
40.8952 -2.22502
40.8967 -2.22454
40.8982 -2.22398
40.8997 -2.22336
40.9012 -2.22265
40.9027 -2.22187
40.9042 -2.22102
40.9057 -2.22008
40.9072 -2.21908
40.9087 -2.21799
40.9102 -2.21683
40.9117 -2.21559
40.9132 -2.21427
40.9147 -2.21288
40.9162 -2.21141
40.9177 -2.20985
40.9192 -2.20822
40.9207 -2.20651
40.9222 -2.20471
40.9237 -2.20284
40.9252 -2.20088
40.9267 -2.19884
40.9282 -2.19672
40.9297 -2.19452
40.9312 -2.19224
40.9327 -2.18987
40.9342 -2.18742
40.9357 -2.18488
40.9372 -2.18226
40.9387 -2.17955
40.9402 -2.17676
40.9417 -2.17389
40.9432 -2.17092
40.9447 -2.16787
40.9462 -2.16473
40.9477 -2.16151
40.9492 -2.1582
40.9507 -2.1548
40.9522 -2.15131
40.9537 -2.14773
40.9552 -2.14406
40.9567 -2.1403
40.9582 -2.13645
40.9597 -2.13251
40.9612 -2.12848
40.9627 -2.12436
40.9642 -2.12014
40.9657 -2.11583
40.9672 -2.11143
40.9687 -2.10694
40.9702 -2.10235
40.9717 -2.09766
40.9732 -2.09289
40.9747 -2.08801
40.9762 -2.08304
40.9777 -2.07798
40.9792 -2.07282
40.9807 -2.06756
40.9822 -2.0622
40.9837 -2.05675
40.9852 -2.0512
40.9867 -2.04555
40.9882 -2.0398
40.9897 -2.03395
40.9912 -2.028
40.9927 -2.02195
40.9942 -2.0158
40.9957 -2.00954
40.9972 -2.00319
40.9987 -1.99673
41.0003 -1.99017
41.0018 -1.98351
41.0033 -1.97675
41.0048 -1.96988
41.0063 -1.9629
41.0078 -1.95582
41.0093 -1.94864
41.0108 -1.94135
41.0123 -1.93395
41.0138 -1.92644
41.0153 -1.91883
41.0168 -1.91112
41.0183 -1.90329
41.0198 -1.89535
41.0213 -1.88731
41.0228 -1.87915
41.0243 -1.87089
41.0258 -1.86252
41.0273 -1.85403
41.0288 -1.84544
41.0303 -1.83673
41.0318 -1.82791
41.0333 -1.81897
41.0348 -1.80993
41.0363 -1.80077
41.0378 -1.79149
41.0393 -1.78211
41.0408 -1.7726
41.0423 -1.76298
41.0438 -1.75325
41.0453 -1.7434
41.0468 -1.73343
41.0483 -1.72335
41.0498 -1.71314
41.0513 -1.70282
41.0528 -1.69238
41.0543 -1.68182
41.0558 -1.67114
41.0573 -1.66034
41.0588 -1.64942
41.0603 -1.63838
41.0618 -1.62722
41.0633 -1.61594
41.0648 -1.60453
41.0663 -1.593
41.0678 -1.58135
41.0693 -1.56957
41.0708 -1.55767
41.0723 -1.54564
41.0738 -1.53349
41.0753 -1.52121
41.0768 -1.50881
41.0783 -1.49628
41.0798 -1.48362
41.0813 -1.47083
41.0828 -1.45792
41.0843 -1.44488
41.0858 -1.43171
41.0873 -1.4184
41.0888 -1.40497
41.0903 -1.39141
41.0918 -1.37772
41.0933 -1.36389
41.0948 -1.34993
41.0963 -1.33584
41.0978 -1.32162
41.0993 -1.30727
41.1008 -1.29277
41.1023 -1.27815
41.1038 -1.26339
41.1053 -1.24849
41.1068 -1.23346
41.1083 -1.21829
41.1098 -1.20299
41.1113 -1.18754
41.1128 -1.17196
41.1143 -1.15624
41.1158 -1.14039
41.1173 -1.12439
41.1188 -1.10825
41.1203 -1.09197
41.1218 -1.07555
41.1233 -1.05899
41.1248 -1.04229
41.1263 -1.02544
41.1278 -1.00845
41.1293 -0.991321
41.1308 -0.974045
41.1323 -0.956624
41.1338 -0.939058
41.1353 -0.921347
41.1368 -0.90349
41.1383 -0.885486
41.1398 -0.867335
41.1413 -0.849037
41.1428 -0.83059
41.1443 -0.811995
41.1458 -0.793251
41.1473 -0.774357
41.1488 -0.755313
41.1503 -0.736119
41.1518 -0.716773
41.1533 -0.697276
41.1548 -0.677626
41.1563 -0.657824
41.1578 -0.637868
41.1593 -0.617759
41.1608 -0.597496
41.1623 -0.577078
41.1638 -0.556505
41.1653 -0.535776
41.1668 -0.51489
41.1683 -0.493848
41.1698 -0.472648
41.1713 -0.451291
41.1728 -0.429775
41.1743 -0.4081
41.1758 -0.386266
41.1773 -0.364272
41.1788 -0.342117
41.1803 -0.319801
41.1818 -0.297324
41.1833 -0.274685
41.1848 -0.251883
41.1863 -0.228918
41.1878 -0.205789
41.1893 -0.182497
41.1908 -0.159039
41.1923 -0.135416
41.1938 -0.111628
41.1953 -0.0876729
41.1968 -0.0635512
41.1983 -0.0392621
41.1998 -0.0148051
41.2014 0.00982028
41.2029 0.0346147
41.2044 0.0595786
41.2059 0.0847126
41.2074 0.110017
41.2089 0.135493
41.2104 0.16114
41.2119 0.18696
41.2134 0.212952
41.2149 0.239118
41.2164 0.265457
41.2179 0.291971
41.2194 0.318659
41.2209 0.345524
41.2224 0.372564
41.2239 0.399781
41.2254 0.427174
41.2269 0.454746
41.2284 0.482495
41.2299 0.510424
41.2314 0.538531
41.2329 0.566819
41.2344 0.595287
41.2359 0.623936
41.2374 0.652766
41.2389 0.681778
41.2404 0.710973
41.2419 0.740351
41.2434 0.769913
41.2449 0.799659
41.2464 0.82959
41.2479 0.859706
41.2494 0.890008
41.2509 0.920496
41.2524 0.951172
41.2539 0.982035
41.2554 1.01309
41.2569 1.04433
41.2584 1.07576
41.2599 1.10737
41.2614 1.13918
41.2629 1.17118
41.2644 1.20338
41.2659 1.23576
41.2674 1.26834
41.2689 1.30111
41.2704 1.33407
41.2719 1.36723
41.2734 1.40058
41.2749 1.43413
41.2764 1.46788
41.2779 1.50182
41.2794 1.53595
41.2809 1.57029
41.2824 1.60482
41.2839 1.63956
41.2854 1.67449
41.2869 1.70962
41.2884 1.74496
41.2899 1.78049
41.2914 1.81623
41.2929 1.85217
41.2944 1.88831
41.2959 1.92465
41.2974 1.9612
41.2989 1.99796
41.3004 2.03492
41.3019 2.07208
41.3034 2.10945
41.3049 2.14703
41.3064 2.18482
41.3079 2.22281
41.3094 2.26101
41.3109 2.29942
41.3124 2.33805
41.3139 2.37688
41.3154 2.41592
41.3169 2.45518
41.3184 2.49464
41.3199 2.53432
41.3214 2.57422
41.3229 2.61433
41.3244 2.65465
41.3259 2.69519
41.3274 2.73594
41.3289 2.77691
41.3304 2.81809
41.3319 2.8595
41.3334 2.90112
41.3349 2.94296
41.3364 2.98502
41.3379 3.0273
41.3394 3.0698
41.3409 3.11252
41.3424 3.15547
41.3439 3.19863
41.3454 3.24202
41.3469 3.28564
41.3484 3.32947
41.3499 3.37353
41.3514 3.41782
41.3529 3.46233
41.3544 3.50707
41.3559 3.55204
41.3574 3.59723
41.3589 3.64265
41.3604 3.6883
41.3619 3.73418
41.3634 3.78029
41.3649 3.82664
41.3664 3.87321
41.3679 3.92001
41.3694 3.96705
41.3709 4.01432
41.3724 4.06183
41.3739 4.10957
41.3754 4.15754
41.3769 4.20575
41.3784 4.2542
41.3799 4.30288
41.3814 4.3518
41.3829 4.40096
41.3844 4.45036
41.3859 4.49999
41.3874 4.54987
41.3889 4.59999
41.3904 4.65034
41.3919 4.70094
41.3934 4.75179
41.3949 4.80287
41.3964 4.8542
41.3979 4.90578
41.3994 4.9576
41.401 5.00966
41.4025 5.06197
41.404 5.11453
41.4055 5.16733
41.407 5.22039
41.4085 5.27369
41.41 5.32724
41.4115 5.38104
41.413 5.43509
41.4145 5.48939
41.416 5.54395
41.4175 5.59875
41.419 5.65381
41.4205 5.70913
41.422 5.7647
41.4235 5.82052
41.425 5.8766
41.4265 5.93293
41.428 5.98953
41.4295 6.04637
41.431 6.10348
41.4325 6.16085
41.434 6.21848
41.4355 6.27636
41.437 6.33451
41.4385 6.39292
41.44 6.45159
41.4415 6.51052
41.443 6.56972
41.4445 6.62918
41.446 6.6889
41.4475 6.74889
41.449 6.80915
41.4505 6.86967
41.452 6.93046
41.4535 6.99152
41.455 7.05284
41.4565 7.11444
41.458 7.1763
41.4595 7.23844
41.461 7.30084
41.4625 7.36352
41.464 7.42647
41.4655 7.4897
41.467 7.55319
41.4685 7.61697
41.47 7.68101
41.4715 7.74533
41.473 7.80993
41.4745 7.87481
41.476 7.93996
41.4775 8.00539
41.479 8.0711
41.4805 8.13709
41.482 8.20336
41.4835 8.26992
41.485 8.33675
41.4865 8.40386
41.488 8.47126
41.4895 8.53894
41.491 8.60691
41.4925 8.67516
41.494 8.7437
41.4955 8.81252
41.497 8.88163
41.4985 8.95102
41.5 9.02071
