0 0
0.1 0.127123
0.2 0.127494
0.3 0.127868
0.4 0.128244
0.5 0.128622
0.6 0.129003
0.7 0.129385
0.8 0.12977
0.9 0.130158
1 0.130547
1.1 0.130939
1.2 0.131334
1.3 0.13173
1.4 0.13213
1.5 0.132531
1.6 0.132935
1.7 0.133342
1.8 0.133751
1.9 0.134163
2 0.134577
2.1 0.134994
2.2 0.135413
2.3 0.135835
2.4 0.13626
2.5 0.136687
2.6 0.137117
2.7 0.137549
2.8 0.137985
2.9 0.138423
3 0.138864
3.1 0.139307
3.2 0.139754
3.3 0.140203
3.4 0.140655
3.5 0.141111
3.6 0.141569
3.7 0.142029
3.8 0.142493
3.9 0.14296
4 0.14343
4.1 0.143903
4.2 0.144379
4.3 0.144858
4.4 0.14534
4.5 0.145825
4.6 0.146314
4.7 0.146805
4.8 0.1473
4.9 0.147798
5 0.148299
5.1 0.148804
5.2 0.149312
5.3 0.149823
5.4 0.150338
5.5 0.150856
5.6 0.151377
5.7 0.151902
5.8 0.15243
5.9 0.152962
6 0.153497
6.1 0.154036
6.2 0.154578
6.3 0.155124
6.4 0.155674
6.5 0.156227
6.6 0.156784
6.7 0.157344
6.8 0.157909
6.9 0.158477
7 0.159048
7.1 0.159624
7.2 0.160203
7.3 0.160787
7.4 0.161374
7.5 0.161965
7.6 0.16256
7.7 0.163159
7.8 0.163762
7.9 0.164369
8 0.16498
8.1 0.165595
8.2 0.166214
8.3 0.166838
8.4 0.167465
8.5 0.168097
8.6 0.168733
8.7 0.169373
8.8 0.170017
8.9 0.170666
9 0.171318
9.1 0.171976
9.2 0.172637
9.3 0.173303
9.4 0.173973
9.5 0.174648
9.6 0.175327
9.7 0.176011
9.8 0.176699
9.9 0.177392
10 0.178089
10.1 0.178791
10.2 0.179497
10.3 0.180208
10.4 0.180924
10.5 0.181644
10.6 0.182369
10.7 0.183098
10.8 0.183833
10.9 0.184572
11 0.185316
11.1 0.186064
11.2 0.186818
11.3 0.187576
11.4 0.188339
11.5 0.189107
11.6 0.18988
11.7 0.190658
11.8 0.19144
11.9 0.192228
12 0.19302
12.1 0.193818
12.2 0.19462
12.3 0.195428
12.4 0.19624
12.5 0.197058
12.6 0.197881
12.7 0.198708
12.8 0.199541
12.9 0.200379
13 0.201222
13.1 0.202069
13.2 0.202923
13.3 0.203781
13.4 0.204644
13.5 0.205513
13.6 0.206386
13.7 0.207265
13.8 0.208149
13.9 0.209038
14 0.209933
14.1 0.210832
14.2 0.211737
14.3 0.212647
14.4 0.213562
14.5 0.214482
14.6 0.215408
14.7 0.216338
14.8 0.217274
14.9 0.218216
15 0.219162
15.1 0.220114
15.2 0.22107
15.3 0.222032
15.4 0.223
15.5 0.223972
15.6 0.22495
15.7 0.225933
15.8 0.226921
15.9 0.227914
16 0.228912
16.1 0.229916
16.2 0.230925
16.3 0.231939
16.4 0.232958
16.5 0.233982
16.6 0.235011
16.7 0.236046
16.8 0.237086
16.9 0.23813
17 0.23918
17.1 0.240235
17.2 0.241295
17.3 0.24236
17.4 0.24343
17.5 0.244505
17.6 0.245585
17.7 0.24667
17.8 0.24776
17.9 0.248856
18 0.249956
18.1 0.251061
18.2 0.25217
18.3 0.253285
18.4 0.254405
18.5 0.255529
18.6 0.256659
18.7 0.257793
18.8 0.258932
18.9 0.260076
19 0.261225
19.1 0.262378
19.2 0.263537
19.3 0.264699
19.4 0.265867
19.5 0.26704
19.6 0.268217
19.7 0.269398
19.8 0.270585
19.9 0.271776
20 0.272971
20.1 0.274172
20.2 0.275377
20.3 0.276586
20.4 0.2778
20.5 0.279019
20.6 0.280242
20.7 0.281469
20.8 0.282701
20.9 0.283938
21 0.285179
21.1 0.286425
21.2 0.287675
21.3 0.288929
21.4 0.290188
21.5 0.291452
21.6 0.29272
21.7 0.293992
21.8 0.295269
21.9 0.29655
22 0.297836
22.1 0.299126
22.2 0.30042
22.3 0.301719
22.4 0.303023
22.5 0.30433
22.6 0.305643
22.7 0.306959
22.8 0.30828
22.9 0.309606
23 0.310936
23.1 0.312271
23.2 0.31361
23.3 0.314953
23.4 0.316302
23.5 0.317654
23.6 0.319012
23.7 0.320374
23.8 0.32174
23.9 0.323111
24 0.324487
24.1 0.325868
24.2 0.327253
24.3 0.328643
24.4 0.330038
24.5 0.331437
24.6 0.332842
24.7 0.334251
24.8 0.335665
24.9 0.337085
25 0.338509
25.1 0.339939
25.2 0.341373
25.3 0.342813
25.4 0.344258
25.5 0.345708
25.6 0.347164
25.7 0.348625
25.8 0.350091
25.9 0.351563
26 0.35304
26.1 0.354523
26.2 0.356012
26.3 0.357507
26.4 0.359007
26.5 0.360513
26.6 0.362025
26.7 0.363544
26.8 0.365068
26.9 0.366598
27 0.368135
27.1 0.369679
27.2 0.371228
27.3 0.372784
27.4 0.374347
27.5 0.375917
27.6 0.377493
27.7 0.379076
27.8 0.380666
27.9 0.382263
28 0.383867
28.1 0.385479
28.2 0.387098
28.3 0.388724
28.4 0.390358
28.5 0.391999
28.6 0.393649
28.7 0.395306
28.8 0.396971
28.9 0.398644
29 0.400325
29.1 0.402015
29.2 0.403712
29.3 0.405419
29.4 0.407134
29.5 0.408857
29.6 0.41059
29.7 0.412331
29.8 0.414081
29.9 0.415841
30 0.41761
30.1 0.419388
30.2 0.421175
30.3 0.422973
30.4 0.424779
30.5 0.426596
30.6 0.428423
30.7 0.43026
30.8 0.432106
30.9 0.433963
31 0.435831
31.1 0.437709
31.2 0.439598
31.3 0.441497
31.4 0.443407
31.5 0.445328
31.6 0.447261
31.7 0.449204
31.8 0.451159
31.9 0.453125
32 0.455102
32.1 0.457091
32.2 0.459092
32.3 0.461105
32.4 0.46313
32.5 0.465166
32.6 0.467215
32.7 0.469276
32.8 0.471349
32.9 0.473435
33 0.475533
33.1 0.477644
33.2 0.479767
33.3 0.481904
33.4 0.484053
33.5 0.486215
33.6 0.48839
33.7 0.490579
33.8 0.49278
33.9 0.494995
34 0.497224
34.1 0.499465
34.2 0.50172
34.3 0.503989
34.4 0.506272
34.5 0.508568
34.6 0.510878
34.7 0.513202
34.8 0.515539
34.9 0.517891
35 0.520257
35.1 0.522637
35.2 0.52503
35.3 0.527438
35.4 0.529861
35.5 0.532297
35.6 0.534748
35.7 0.537212
35.8 0.539692
35.9 0.542185
36 0.544693
36.1 0.547216
36.2 0.549752
36.3 0.552303
36.4 0.554869
36.5 0.557449
36.6 0.560043
36.7 0.562652
36.8 0.565275
36.9 0.567913
37 0.570565
37.1 0.573231
37.2 0.575912
37.3 0.578607
37.4 0.581317
37.5 0.584041
37.6 0.586779
37.7 0.589531
37.8 0.592298
37.9 0.595078
38 0.597873
38.1 0.600682
38.2 0.603505
38.3 0.606342
38.4 0.609192
38.5 0.612057
38.6 0.614935
38.7 0.617827
38.8 0.620733
38.9 0.623653
39 0.626585
39.1 0.629532
39.2 0.632491
39.3 0.635464
39.4 0.63845
39.5 0.64145
39.6 0.644462
39.7 0.647487
39.8 0.650525
39.9 0.653575
40 0.656639
40.1 0.659714
40.2 0.662803
40.3 0.665903
40.4 0.669016
40.5 0.67214
40.6 0.675277
40.7 0.678426
40.8 0.681586
40.9 0.684758
41 0.687941
41.1 0.691136
41.2 0.694342
41.3 0.697559
41.4 0.700787
41.5 0.704026
41.6 0.707276
41.7 0.710536
41.8 0.713807
41.9 0.717088
42 0.720379
42.1 0.72368
42.2 0.726991
42.3 0.730312
42.4 0.733643
42.5 0.736983
42.6 0.740333
42.7 0.743691
42.8 0.747059
42.9 0.750436
43 0.753821
43.1 0.757216
43.2 0.760619
43.3 0.76403
43.4 0.767449
43.5 0.770877
43.6 0.774312
43.7 0.777755
43.8 0.781206
43.9 0.784665
44 0.788131
44.1 0.791604
44.2 0.795085
44.3 0.798572
44.4 0.802066
44.5 0.805567
44.6 0.809075
44.7 0.812589
44.8 0.81611
44.9 0.819636
45 0.823169
45.1 0.826707
45.2 0.830252
45.3 0.833802
45.4 0.837358
45.5 0.840919
45.6 0.844486
45.7 0.848057
45.8 0.851634
45.9 0.855216
46 0.858803
46.1 0.862394
46.2 0.86599
46.3 0.869591
46.4 0.873196
46.5 0.876805
46.6 0.880418
46.7 0.884036
46.8 0.887658
46.9 0.891283
47 0.894912
47.1 0.898545
47.2 0.902182
47.3 0.905822
47.4 0.909466
47.5 0.913113
47.6 0.916763
47.7 0.920416
47.8 0.924073
47.9 0.927732
48 0.931395
48.1 0.93506
48.2 0.938728
48.3 0.942399
48.4 0.946073
48.5 0.949749
48.6 0.953428
48.7 0.957109
48.8 0.960792
48.9 0.964478
49 0.968167
49.1 0.971857
49.2 0.97555
49.3 0.979245
49.4 0.982942
49.5 0.986641
49.6 0.990342
49.7 0.994045
49.8 0.99775
49.9 1.00146
50 1.00517
50.1 1.00888
50.2 1.01259
50.3 1.0163
50.4 1.02002
50.5 1.02374
50.6 1.02746
50.7 1.03118
50.8 1.0349
50.9 1.03862
51 1.04235
51.1 1.04608
51.2 1.04981
51.3 1.05354
51.4 1.05727
51.5 1.061
51.6 1.06474
51.7 1.06848
51.8 1.07222
51.9 1.07596
52 1.0797
52.1 1.08344
52.2 1.08719
52.3 1.09093
52.4 1.09468
52.5 1.09843
52.6 1.10219
52.7 1.10594
52.8 1.10969
52.9 1.11345
53 1.11721
53.1 1.12097
53.2 1.12473
53.3 1.1285
53.4 1.13226
53.5 1.13603
53.6 1.1398
53.7 1.14357
53.8 1.14735
53.9 1.15112
54 1.1549
54.1 1.15868
54.2 1.16246
54.3 1.16624
54.4 1.17003
54.5 1.17382
54.6 1.17761
54.7 1.1814
54.8 1.1852
54.9 1.18899
55 1.19279
55.1 1.19659
55.2 1.2004
55.3 1.20421
55.4 1.20802
55.5 1.21183
55.6 1.21564
55.7 1.21946
55.8 1.22328
55.9 1.2271
56 1.23093
56.1 1.23476
56.2 1.23859
56.3 1.24242
56.4 1.24626
56.5 1.2501
56.6 1.25395
56.7 1.25779
56.8 1.26164
56.9 1.2655
57 1.26935
57.1 1.27321
57.2 1.27708
57.3 1.28095
57.4 1.28482
57.5 1.28869
57.6 1.29257
57.7 1.29645
57.8 1.30034
57.9 1.30422
58 1.30812
58.1 1.31201
58.2 1.31592
58.3 1.31982
58.4 1.32373
58.5 1.32764
58.6 1.33156
58.7 1.33548
58.8 1.33941
58.9 1.34334
59 1.34727
59.1 1.35121
59.2 1.35515
59.3 1.3591
59.4 1.36305
59.5 1.36701
59.6 1.37097
59.7 1.37493
59.8 1.3789
59.9 1.38288
60 1.38686
60.1 1.39084
60.2 1.39483
60.3 1.39882
60.4 1.40282
60.5 1.40683
60.6 1.41084
60.7 1.41485
60.8 1.41887
60.9 1.42289
61 1.42692
61.1 1.43095
61.2 1.43499
61.3 1.43904
61.4 1.44309
61.5 1.44714
61.6 1.4512
61.7 1.45527
61.8 1.45934
61.9 1.46341
62 1.46749
62.1 1.47158
62.2 1.47567
62.3 1.47976
62.4 1.48387
62.5 1.48797
62.6 1.49208
62.7 1.4962
62.8 1.50032
62.9 1.50445
63 1.50859
63.1 1.51272
63.2 1.51687
63.3 1.52102
63.4 1.52517
63.5 1.52933
63.6 1.5335
63.7 1.53767
63.8 1.54184
63.9 1.54602
64 1.55021
64.1 1.5544
64.2 1.55859
64.3 1.56279
64.4 1.567
64.5 1.57121
64.6 1.57543
64.7 1.57965
64.8 1.58387
64.9 1.5881
65 1.59234
65.1 1.59658
65.2 1.60082
65.3 1.60507
65.4 1.60933
65.5 1.61359
65.6 1.61785
65.7 1.62212
65.8 1.62639
65.9 1.63066
66 1.63494
66.1 1.63923
66.2 1.64352
66.3 1.64781
66.4 1.65211
66.5 1.65641
66.6 1.66071
66.7 1.66502
66.8 1.66933
66.9 1.67364
67 1.67796
67.1 1.68228
67.2 1.68661
67.3 1.69094
67.4 1.69527
67.5 1.6996
67.6 1.70394
67.7 1.70828
67.8 1.71262
67.9 1.71696
68 1.72131
68.1 1.72566
68.2 1.73001
68.3 1.73436
68.4 1.73872
68.5 1.74307
68.6 1.74743
68.7 1.75179
68.8 1.75615
68.9 1.76051
69 1.76488
69.1 1.76924
69.2 1.77361
69.3 1.77797
69.4 1.78234
69.5 1.7867
69.6 1.79107
69.7 1.79544
69.8 1.79981
69.9 1.80417
70 1.80854
70.1 1.8129
70.2 1.81727
70.3 1.82163
70.4 1.826
70.5 1.83036
70.6 1.83472
70.7 1.83908
70.8 1.84344
70.9 1.84779
71 1.85215
71.1 1.8565
71.2 1.86085
71.3 1.86519
71.4 1.86954
71.5 1.87388
71.6 1.87821
71.7 1.88255
71.8 1.88688
71.9 1.89121
72 1.89553
72.1 1.89985
72.2 1.90416
72.3 1.90848
72.4 1.91278
72.5 1.91708
72.6 1.92138
72.7 1.92567
72.8 1.92996
72.9 1.93424
73 1.93851
73.1 1.94278
73.2 1.94704
73.3 1.9513
73.4 1.95555
73.5 1.95979
73.6 1.96403
73.7 1.96826
73.8 1.97248
73.9 1.9767
74 1.9809
74.1 1.9851
74.2 1.9893
74.3 1.99348
74.4 1.99765
74.5 2.00182
74.6 2.00598
74.7 2.01013
74.8 2.01426
74.9 2.01839
75 2.02252
75.1 2.02663
75.2 2.03073
75.3 2.03482
75.4 2.0389
75.5 2.04297
75.6 2.04703
75.7 2.05107
75.8 2.05511
75.9 2.05914
76 2.06315
76.1 2.06716
76.2 2.07115
76.3 2.07513
76.4 2.07909
76.5 2.08305
76.6 2.08699
76.7 2.09092
76.8 2.09484
76.9 2.09874
77 2.10263
77.1 2.10651
77.2 2.11038
77.3 2.11423
77.4 2.11806
77.5 2.12189
77.6 2.12569
77.7 2.12949
77.8 2.13327
77.9 2.13703
78 2.14078
78.1 2.14452
78.2 2.14824
78.3 2.15195
78.4 2.15564
78.5 2.15931
78.6 2.16297
78.7 2.16661
78.8 2.17024
78.9 2.17385
79 2.17745
79.1 2.18103
79.2 2.18459
79.3 2.18814
79.4 2.19167
79.5 2.19518
79.6 2.19868
79.7 2.20215
79.8 2.20562
79.9 2.20906
80 2.21249
80.1 2.2159
80.2 2.21929
80.3 2.22266
80.4 2.22602
80.5 2.22936
80.6 2.23268
80.7 2.23598
80.8 2.23927
80.9 2.24254
81 2.24578
81.1 2.24901
81.2 2.25223
81.3 2.25542
81.4 2.25859
81.5 2.26175
81.6 2.26489
81.7 2.268
81.8 2.2711
81.9 2.27418
82 2.27724
82.1 2.28029
82.2 2.28331
82.3 2.28631
82.4 2.2893
82.5 2.29226
82.6 2.29521
82.7 2.29813
82.8 2.30104
82.9 2.30393
83 2.3068
83.1 2.30964
83.2 2.31247
83.3 2.31528
83.4 2.31807
83.5 2.32084
83.6 2.32359
83.7 2.32632
83.8 2.32903
83.9 2.33173
84 2.3344
84.1 2.33705
84.2 2.33968
84.3 2.34229
84.4 2.34489
84.5 2.34746
84.6 2.35001
84.7 2.35255
84.8 2.35506
84.9 2.35755
85 2.36003
85.1 2.36248
85.2 2.36492
85.3 2.36733
85.4 2.36973
85.5 2.3721
85.6 2.37446
85.7 2.37679
85.8 2.37911
85.9 2.38141
86 2.38368
86.1 2.38594
86.2 2.38818
86.3 2.3904
86.4 2.3926
86.5 2.39478
86.6 2.39694
86.7 2.39909
86.8 2.40121
86.9 2.40331
87 2.4054
87.1 2.40746
87.2 2.40951
87.3 2.41154
87.4 2.41355
87.5 2.41554
87.6 2.41751
87.7 2.41946
87.8 2.42139
87.9 2.42331
88 2.42521
88.1 2.42708
88.2 2.42894
88.3 2.43079
88.4 2.43261
88.5 2.43442
88.6 2.4362
88.7 2.43797
88.8 2.43972
88.9 2.44146
89 2.44317
89.1 2.44487
89.2 2.44655
89.3 2.44822
89.4 2.44986
89.5 2.45149
89.6 2.4531
89.7 2.4547
89.8 2.45627
89.9 2.45783
90 2.45938
90.1 2.4609
90.2 2.46241
90.3 2.4639
90.4 2.46538
90.5 2.46684
90.6 2.46829
90.7 2.46971
90.8 2.47112
90.9 2.47252
91 2.4739
91.1 2.47526
91.2 2.47661
91.3 2.47794
91.4 2.47926
91.5 2.48056
91.6 2.48185
91.7 2.48312
91.8 2.48437
91.9 2.48561
92 2.48684
92.1 2.48805
92.2 2.48925
92.3 2.49043
92.4 2.4916
92.5 2.49275
92.6 2.49389
92.7 2.49501
92.8 2.49612
92.9 2.49722
93 2.4983
93.1 2.49937
93.2 2.50043
93.3 2.50147
93.4 2.5025
93.5 2.50351
93.6 2.50452
93.7 2.5055
93.8 2.50648
93.9 2.50744
94 2.50839
94.1 2.50933
94.2 2.51026
94.3 2.51117
94.4 2.51207
94.5 2.51296
94.6 2.51383
94.7 2.5147
94.8 2.51555
94.9 2.51639
95 2.51722
95.1 2.51804
95.2 2.51884
95.3 2.51964
95.4 2.52042
95.5 2.52119
95.6 2.52195
95.7 2.5227
95.8 2.52344
95.9 2.52417
96 2.52489
96.1 2.52559
96.2 2.52629
96.3 2.52698
96.4 2.52765
96.5 2.52832
96.6 2.52898
96.7 2.52962
96.8 2.53026
96.9 2.53089
97 2.5315
97.1 2.53211
97.2 2.53271
97.3 2.5333
97.4 2.53388
97.5 2.53445
97.6 2.53501
97.7 2.53556
97.8 2.53611
97.9 2.53664
98 2.53717
98.1 2.53768
98.2 2.53819
98.3 2.53869
98.4 2.53919
98.5 2.53967
98.6 2.54015
98.7 2.54062
98.8 2.54108
98.9 2.54153
99 2.54197
99.1 2.54241
99.2 2.54284
99.3 2.54326
99.4 2.54368
99.5 2.54408
99.6 2.54449
99.7 2.54488
99.8 2.54526
99.9 2.54564
100 2.54601
100.001 0
