28.5005 0.000156449
28.503 0.000174624
28.5055 0.000194751
28.508 0.000217023
28.5105 0.000241647
28.513 0.000268849
28.5155 0.000298873
28.518 0.000331986
28.5205 0.000368474
28.523 0.00040865
28.5255 0.000452849
28.528 0.000501434
28.5305 0.000554798
28.533 0.000613364
28.5355 0.000677586
28.538 0.000747954
28.5405 0.000824995
28.543 0.000909274
28.5455 0.0010014
28.548 0.00110202
28.5505 0.00121183
28.553 0.00133158
28.5555 0.00146206
28.558 0.00160413
28.5605 0.00175869
28.563 0.00192671
28.5655 0.00210923
28.568 0.00230733
28.5705 0.0025222
28.573 0.00275505
28.5755 0.00300722
28.578 0.0032801
28.5805 0.00357515
28.583 0.00389395
28.5855 0.00423814
28.588 0.00460946
28.5905 0.00500977
28.593 0.005441
28.5955 0.00590518
28.598 0.00640448
28.6006 0.00694116
28.6031 0.00751757
28.6056 0.00813623
28.6081 0.00879973
28.6106 0.00951082
28.6131 0.0102723
28.6156 0.0110873
28.6181 0.0119588
28.6206 0.0128901
28.6231 0.0138846
28.6256 0.0149459
28.6281 0.0160775
28.6306 0.0172834
28.6331 0.0185675
28.6356 0.0199339
28.6381 0.0213868
28.6406 0.0229307
28.6431 0.02457
28.6456 0.0263096
28.6481 0.0281543
28.6506 0.030109
28.6531 0.0321789
28.6556 0.0343692
28.6581 0.0366855
28.6606 0.0391333
28.6631 0.0417183
28.6656 0.0444463
28.6681 0.0473234
28.6706 0.0503555
28.6731 0.0535491
28.6756 0.0569103
28.6781 0.0604456
28.6806 0.0641616
28.6831 0.068065
28.6856 0.0721624
28.6881 0.0764608
28.6906 0.0809669
28.6931 0.0856878
28.6956 0.0906305
28.6981 0.095802
28.7006 0.101209
28.7031 0.10686
28.7056 0.11276
28.7081 0.118918
28.7106 0.12534
28.7131 0.132034
28.7156 0.139006
28.7181 0.146263
28.7206 0.153813
28.7231 0.161661
28.7256 0.169816
28.7281 0.178283
28.7306 0.187068
28.7331 0.196179
28.7356 0.205621
28.7381 0.2154
28.7406 0.225522
28.7431 0.235992
28.7456 0.246816
28.7481 0.257999
28.7506 0.269545
28.7531 0.281459
28.7556 0.293745
28.7581 0.306407
28.7606 0.319448
28.7631 0.332872
28.7656 0.346682
28.7681 0.360879
28.7706 0.375465
28.7731 0.390443
28.7756 0.405813
28.7781 0.421577
28.7806 0.437733
28.7831 0.454283
28.7856 0.471225
28.7881 0.488559
28.7906 0.506281
28.7931 0.524391
28.7956 0.542886
28.7981 0.561762
28.8007 0.581015
28.8032 0.600641
28.8057 0.620635
28.8082 0.640992
28.8107 0.661706
28.8132 0.68277
28.8157 0.704177
28.8182 0.72592
28.8207 0.74799
28.8232 0.770378
28.8257 0.793075
28.8282 0.816072
28.8307 0.839358
28.8332 0.862922
28.8357 0.886752
28.8382 0.910837
28.8407 0.935165
28.8432 0.959721
28.8457 0.984494
28.8482 1.00947
28.8507 1.03463
28.8532 1.05997
28.8557 1.08546
28.8582 1.1111
28.8607 1.13686
28.8632 1.16274
28.8657 1.18871
28.8682 1.21475
28.8707 1.24086
28.8732 1.267
28.8757 1.29318
28.8782 1.31936
28.8807 1.34552
28.8832 1.37166
28.8857 1.39775
28.8882 1.42378
28.8907 1.44972
28.8932 1.47555
28.8957 1.50127
28.8982 1.52684
28.9007 1.55225
28.9032 1.57748
28.9057 1.60252
28.9082 1.62734
28.9107 1.65193
28.9132 1.67626
28.9157 1.70033
28.9182 1.7241
28.9207 1.74757
28.9232 1.77072
28.9257 1.79353
28.9282 1.81598
28.9307 1.83805
28.9332 1.85974
28.9357 1.88101
28.9382 1.90187
28.9407 1.92229
28.9432 1.94226
28.9457 1.96177
28.9482 1.98079
28.9507 1.99933
28.9532 2.01735
28.9557 2.03486
28.9582 2.05185
28.9607 2.06829
28.9632 2.08418
28.9657 2.09951
28.9682 2.11426
28.9707 2.12844
28.9732 2.14203
28.9757 2.15503
28.9782 2.16742
28.9807 2.1792
28.9832 2.19037
28.9857 2.20091
28.9882 2.21083
28.9907 2.22012
28.9932 2.22878
28.9957 2.23679
28.9982 2.24417
29.0008 2.25091
29.0033 2.25701
29.0058 2.26246
29.0083 2.26727
29.0108 2.27144
29.0133 2.27497
29.0158 2.27785
29.0183 2.28011
29.0208 2.28172
29.0233 2.28271
29.0258 2.28307
29.0283 2.2828
29.0308 2.28192
29.0333 2.28042
29.0358 2.27832
29.0383 2.27562
29.0408 2.27233
29.0433 2.26844
29.0458 2.26398
29.0483 2.25895
29.0508 2.25335
29.0533 2.24721
29.0558 2.24051
29.0583 2.23328
29.0608 2.22553
29.0633 2.21725
29.0658 2.20848
29.0683 2.19921
29.0708 2.18945
29.0733 2.17922
29.0758 2.16853
29.0783 2.15739
29.0808 2.14581
29.0833 2.1338
29.0858 2.12138
29.0883 2.10855
29.0908 2.09533
29.0933 2.08174
29.0958 2.06778
29.0983 2.05346
29.1008 2.03881
29.1033 2.02382
29.1058 2.00852
29.1083 1.99292
29.1108 1.97702
29.1133 1.96085
29.1158 1.94441
29.1183 1.92772
29.1208 1.91079
29.1233 1.89363
29.1258 1.87625
29.1283 1.85867
29.1308 1.8409
29.1333 1.82294
29.1358 1.80482
29.1383 1.78655
29.1408 1.76813
29.1433 1.74957
29.1458 1.7309
29.1483 1.71211
29.1508 1.69322
29.1533 1.67425
29.1558 1.6552
29.1583 1.63607
29.1608 1.6169
29.1633 1.59767
29.1658 1.57841
29.1683 1.55912
29.1708 1.53981
29.1733 1.52049
29.1758 1.50117
29.1783 1.48186
29.1808 1.46256
29.1833 1.4433
29.1858 1.42406
29.1883 1.40487
29.1908 1.38572
29.1933 1.36663
29.1958 1.34761
29.1983 1.32865
29.2009 1.30977
29.2034 1.29098
29.2059 1.27228
29.2084 1.25367
29.2109 1.23516
29.2134 1.21676
29.2159 1.19848
29.2184 1.18031
29.2209 1.16226
29.2234 1.14434
29.2259 1.12655
29.2284 1.1089
29.2309 1.09139
29.2334 1.07403
29.2359 1.05681
29.2384 1.03974
29.2409 1.02283
29.2434 1.00607
29.2459 0.989477
29.2484 0.973045
29.2509 0.956779
29.2534 0.94068
29.2559 0.924752
29.2584 0.908995
29.2609 0.893412
29.2634 0.878005
29.2659 0.862775
29.2684 0.847723
29.2709 0.832851
29.2734 0.818159
29.2759 0.803648
29.2784 0.78932
29.2809 0.775175
29.2834 0.761213
29.2859 0.747435
29.2884 0.73384
29.2909 0.72043
29.2934 0.707204
29.2959 0.694162
29.2984 0.681304
29.3009 0.668629
29.3034 0.656137
29.3059 0.643828
29.3084 0.631701
29.3109 0.619755
29.3134 0.60799
29.3159 0.596405
29.3184 0.584998
29.3209 0.57377
29.3234 0.562718
29.3259 0.551842
29.3284 0.54114
29.3309 0.530612
29.3334 0.520256
29.3359 0.51007
29.3384 0.500054
29.3409 0.490205
29.3434 0.480523
29.3459 0.471006
29.3484 0.461651
29.3509 0.452459
29.3534 0.443426
29.3559 0.434551
29.3584 0.425833
29.3609 0.41727
29.3634 0.40886
29.3659 0.400602
29.3684 0.392493
29.3709 0.384531
29.3734 0.376716
29.3759 0.369044
29.3784 0.361515
29.3809 0.354126
29.3834 0.346875
29.3859 0.339762
29.3884 0.332782
29.3909 0.325936
29.3934 0.319221
29.3959 0.312634
29.3984 0.306175
29.401 0.299841
29.4035 0.293631
29.406 0.287542
29.4085 0.281572
29.411 0.275721
29.4135 0.269985
29.416 0.264364
29.4185 0.258854
29.421 0.253455
29.4235 0.248165
29.426 0.242982
29.4285 0.237903
29.431 0.232928
29.4335 0.228054
29.436 0.22328
29.4385 0.218604
29.441 0.214024
29.4435 0.209539
29.446 0.205146
29.4485 0.200845
29.451 0.196633
29.4535 0.19251
29.456 0.188472
29.4585 0.18452
29.461 0.18065
29.4635 0.176862
29.466 0.173154
29.4685 0.169525
29.471 0.165973
29.4735 0.162496
29.476 0.159094
29.4785 0.155764
29.481 0.152505
29.4835 0.149317
29.486 0.146196
29.4885 0.143143
29.491 0.140156
29.4935 0.137233
29.496 0.134374
29.4985 0.131576
29.501 0.128839
29.5035 0.126162
29.506 0.123543
29.5085 0.12098
29.511 0.118474
29.5135 0.116022
29.516 0.113624
29.5185 0.111279
29.521 0.108985
29.5235 0.106741
29.526 0.104546
29.5285 0.1024
29.531 0.1003
29.5335 0.0982472
29.536 0.0962393
29.5385 0.0942757
29.541 0.0923554
29.5435 0.0904774
29.546 0.0886409
29.5485 0.086845
29.551 0.0850887
29.5535 0.0833713
29.556 0.0816919
29.5585 0.0800497
29.561 0.0784437
29.5635 0.0768734
29.566 0.0753378
29.5685 0.0738363
29.571 0.072368
29.5735 0.0709323
29.576 0.0695283
29.5785 0.0681555
29.581 0.0668132
29.5835 0.0655006
29.586 0.064217
29.5885 0.062962
29.591 0.0617347
29.5935 0.0605347
29.596 0.0593612
29.5985 0.0582138
29.6011 0.0570917
29.6036 0.0559945
29.6061 0.0549216
29.6086 0.0538724
29.6111 0.0528465
29.6136 0.0518432
29.6161 0.0508621
29.6186 0.0499027
29.6211 0.0489645
29.6236 0.048047
29.6261 0.0471497
29.6286 0.0462723
29.6311 0.0454142
29.6336 0.0445749
29.6361 0.0437542
29.6386 0.0429515
29.6411 0.0421665
29.6436 0.0413987
29.6461 0.0406478
29.6486 0.0399134
29.6511 0.0391951
29.6536 0.0384925
29.6561 0.0378053
29.6586 0.0371332
29.6611 0.0364757
29.6636 0.0358326
29.6661 0.0352036
29.6686 0.0345883
29.6711 0.0339863
29.6736 0.0333975
29.6761 0.0328215
29.6786 0.032258
29.6811 0.0317068
29.6836 0.0311675
29.6861 0.0306399
29.6886 0.0301237
29.6911 0.0296187
29.6936 0.0291247
29.6961 0.0286413
29.6986 0.0281683
29.7011 0.0277055
29.7036 0.0272527
29.7061 0.0268096
29.7086 0.026376
29.7111 0.0259518
29.7136 0.0255366
29.7161 0.0251304
29.7186 0.0247328
29.7211 0.0243438
29.7236 0.023963
29.7261 0.0235904
29.7286 0.0232258
29.7311 0.0228689
29.7336 0.0225196
29.7361 0.0221777
29.7386 0.0218431
29.7411 0.0215156
29.7436 0.021195
29.7461 0.0208813
29.7486 0.0205741
29.7511 0.0202735
29.7536 0.0199792
29.7561 0.0196912
29.7586 0.0194092
29.7611 0.0191331
29.7636 0.0188629
29.7661 0.0185984
29.7686 0.0183394
29.7711 0.0180859
29.7736 0.0178377
29.7761 0.0175947
29.7786 0.0173568
29.7811 0.0171239
29.7836 0.0168959
29.7861 0.0166727
29.7886 0.0164541
29.7911 0.0162401
29.7936 0.0160306
29.7961 0.0158255
29.7986 0.0156247
29.8012 0.015428
29.8037 0.0152355
29.8062 0.015047
29.8087 0.0148625
29.8112 0.0146818
29.8137 0.0145049
29.8162 0.0143317
29.8187 0.0141621
29.8212 0.0139961
29.8237 0.0138335
29.8262 0.0136744
29.8287 0.0135185
29.8312 0.013366
29.8337 0.0132167
29.8362 0.0130705
29.8387 0.0129273
29.8412 0.0127872
29.8437 0.0126501
29.8462 0.0125158
29.8487 0.0123844
29.8512 0.0122557
29.8537 0.0121298
29.8562 0.0120066
29.8587 0.011886
29.8612 0.0117679
29.8637 0.0116524
29.8662 0.0115394
29.8687 0.0114288
29.8712 0.0113205
29.8737 0.0112146
29.8762 0.011111
29.8787 0.0110097
29.8812 0.0109106
29.8837 0.0108136
29.8862 0.0107188
29.8887 0.010626
29.8912 0.0105353
29.8937 0.0104467
29.8962 0.01036
29.8987 0.0102752
29.9012 0.0101924
29.9037 0.0101115
29.9062 0.0100324
29.9087 0.00995508
29.9112 0.00987958
29.9137 0.00980585
29.9162 0.00973383
29.9187 0.00966352
29.9212 0.00959488
29.9237 0.00952789
29.9262 0.00946251
29.9287 0.00939873
29.9312 0.00933651
29.9337 0.00927584
29.9362 0.00921669
29.9387 0.00915904
29.9412 0.00910286
29.9437 0.00904813
29.9462 0.00899484
29.9487 0.00894296
29.9512 0.00889248
29.9537 0.00884336
29.9562 0.0087956
29.9587 0.00874918
29.9612 0.00870408
29.9637 0.00866027
29.9662 0.00861775
29.9687 0.0085765
29.9712 0.0085365
29.9737 0.00849774
29.9762 0.00846021
29.9787 0.00842388
29.9812 0.00838874
29.9837 0.00835479
29.9862 0.00832201
29.9887 0.00829038
29.9912 0.0082599
29.9937 0.00823055
29.9962 0.00820232
29.9987 0.0081752
30.0013 0.00814918
30.0038 0.00812426
30.0063 0.00810041
30.0088 0.00807764
30.0113 0.00805592
30.0138 0.00803527
30.0163 0.00801566
30.0188 0.00799709
30.0213 0.00797955
30.0238 0.00796303
30.0263 0.00794753
30.0288 0.00793305
30.0313 0.00791957
30.0338 0.00790709
30.0363 0.00789561
30.0388 0.00788511
30.0413 0.0078756
30.0438 0.00786708
30.0463 0.00785953
30.0488 0.00785296
30.0513 0.00784735
30.0538 0.00784272
30.0563 0.00783905
30.0588 0.00783634
30.0613 0.0078346
30.0638 0.00783381
30.0663 0.00783399
30.0688 0.00783512
30.0713 0.00783721
30.0738 0.00784025
30.0763 0.00784425
30.0788 0.00784921
30.0813 0.00785512
30.0838 0.00786199
30.0863 0.00786982
30.0888 0.00787862
30.0913 0.00788837
30.0938 0.00789909
30.0963 0.00791077
30.0988 0.00792343
30.1013 0.00793705
30.1038 0.00795165
30.1063 0.00796724
30.1088 0.0079838
30.1113 0.00800135
30.1138 0.00801989
30.1163 0.00803943
30.1188 0.00805997
30.1213 0.00808152
30.1238 0.00810408
30.1263 0.00812767
30.1288 0.00815227
30.1313 0.00817791
30.1338 0.00820459
30.1363 0.00823231
30.1388 0.00826109
30.1413 0.00829093
30.1438 0.00832184
30.1463 0.00835383
30.1488 0.00838691
30.1513 0.00842108
30.1538 0.00845636
30.1563 0.00849276
30.1588 0.00853029
30.1613 0.00856896
30.1638 0.00860877
30.1663 0.00864975
30.1688 0.00869189
30.1713 0.00873523
30.1738 0.00877976
30.1763 0.0088255
30.1788 0.00887246
30.1813 0.00892066
30.1838 0.00897011
30.1863 0.00902083
30.1888 0.00907283
30.1913 0.00912612
30.1938 0.00918073
30.1963 0.00923666
30.1988 0.00929394
30.2014 0.00935257
30.2039 0.00941259
30.2064 0.009474
30.2089 0.00953682
30.2114 0.00960108
30.2139 0.00966678
30.2164 0.00973396
30.2189 0.00980263
30.2214 0.00987281
30.2239 0.00994453
30.2264 0.0100178
30.2289 0.0100926
30.2314 0.0101691
30.2339 0.0102471
30.2364 0.0103268
30.2389 0.0104082
30.2414 0.0104913
30.2439 0.0105761
30.2464 0.0106626
30.2489 0.0107509
30.2514 0.010841
30.2539 0.0109329
30.2564 0.0110266
30.2589 0.0111223
30.2614 0.0112198
30.2639 0.0113193
30.2664 0.0114207
30.2689 0.0115242
30.2714 0.0116296
30.2739 0.0117372
30.2764 0.0118468
30.2789 0.0119585
30.2814 0.0120725
30.2839 0.0121886
30.2864 0.0123069
30.2889 0.0124275
30.2914 0.0125504
30.2939 0.0126756
30.2964 0.0128032
30.2989 0.0129332
30.3014 0.0130657
30.3039 0.0132007
30.3064 0.0133382
30.3089 0.0134782
30.3114 0.0136209
30.3139 0.0137663
30.3164 0.0139143
30.3189 0.0140651
30.3214 0.0142187
30.3239 0.0143752
30.3264 0.0145345
30.3289 0.0146967
30.3314 0.014862
30.3339 0.0150303
30.3364 0.0152016
30.3389 0.0153761
30.3414 0.0155538
30.3439 0.0157347
30.3464 0.0159189
30.3489 0.0161064
30.3514 0.0162974
30.3539 0.0164918
30.3564 0.0166897
30.3589 0.0168912
30.3614 0.0170963
30.3639 0.0173051
30.3664 0.0175177
30.3689 0.0177341
30.3714 0.0179544
30.3739 0.0181786
30.3764 0.0184068
30.3789 0.0186391
30.3814 0.0188755
30.3839 0.0191161
30.3864 0.019361
30.3889 0.0196103
30.3914 0.019864
30.3939 0.0201221
30.3964 0.0203848
30.3989 0.0206522
30.4015 0.0209243
30.404 0.0212011
30.4065 0.0214828
30.409 0.0217695
30.4115 0.0220611
30.414 0.0223579
30.4165 0.0226599
30.419 0.0229671
30.4215 0.0232796
30.424 0.0235976
30.4265 0.0239211
30.429 0.0242502
30.4315 0.024585
30.434 0.0249255
30.4365 0.025272
30.439 0.0256243
30.4415 0.0259827
30.444 0.0263473
30.4465 0.0267181
30.449 0.0270951
30.4515 0.0274786
30.454 0.0278687
30.4565 0.0282653
30.459 0.0286686
30.4615 0.0290787
30.464 0.0294958
30.4665 0.0299198
30.469 0.0303509
30.4715 0.0307892
30.474 0.0312349
30.4765 0.0316879
30.479 0.0321484
30.4815 0.0326166
30.484 0.0330924
30.4865 0.0335761
30.489 0.0340677
30.4915 0.0345674
30.494 0.0350751
30.4965 0.0355912
30.499 0.0361155
30.5015 0.0366483
30.504 0.0371897
30.5065 0.0377398
30.509 0.0382986
30.5115 0.0388663
30.514 0.039443
30.5165 0.0400288
30.519 0.0406238
30.5215 0.0412282
30.524 0.0418419
30.5265 0.0424652
30.529 0.0430981
30.5315 0.0437408
30.534 0.0443933
30.5365 0.0450558
30.539 0.0457283
30.5415 0.0464109
30.544 0.0471039
30.5465 0.0478072
30.549 0.0485209
30.5515 0.0492452
30.554 0.0499802
30.5565 0.0507259
30.559 0.0514824
30.5615 0.0522499
30.564 0.0530285
30.5665 0.0538181
30.569 0.054619
30.5715 0.0554311
30.574 0.0562546
30.5765 0.0570895
30.579 0.057936
30.5815 0.0587941
30.584 0.0596639
30.5865 0.0605454
30.589 0.0614387
30.5915 0.0623439
30.594 0.063261
30.5965 0.0641901
30.599 0.0651312
30.6016 0.0660844
30.6041 0.0670497
30.6066 0.0680272
30.6091 0.0690169
30.6116 0.0700188
30.6141 0.0710329
30.6166 0.0720593
30.6191 0.073098
30.6216 0.074149
30.6241 0.0752123
30.6266 0.0762879
30.6291 0.0773757
30.6316 0.0784758
30.6341 0.0795882
30.6366 0.0807128
30.6391 0.0818495
30.6416 0.0829984
30.6441 0.0841593
30.6466 0.0853323
30.6491 0.0865172
30.6516 0.087714
30.6541 0.0889227
30.6566 0.090143
30.6591 0.0913749
30.6616 0.0926184
30.6641 0.0938732
30.6666 0.0951393
30.6691 0.0964165
30.6716 0.0977047
30.6741 0.0990037
30.6766 0.100313
30.6791 0.101634
30.6816 0.102964
30.6841 0.104305
30.6866 0.105655
30.6891 0.107015
30.6916 0.108385
30.6941 0.109763
30.6966 0.111151
30.6991 0.112547
30.7016 0.113952
30.7041 0.115365
30.7066 0.116785
30.7091 0.118213
30.7116 0.119649
30.7141 0.121091
30.7166 0.122539
30.7191 0.123994
30.7216 0.125454
30.7241 0.12692
30.7266 0.12839
30.7291 0.129865
30.7316 0.131344
30.7341 0.132827
30.7366 0.134313
30.7391 0.135801
30.7416 0.137291
30.7441 0.138784
30.7466 0.140277
30.7491 0.141771
30.7516 0.143265
30.7541 0.144759
30.7566 0.146251
30.7591 0.147742
30.7616 0.149231
30.7641 0.150716
30.7666 0.152198
30.7691 0.153677
30.7716 0.15515
30.7741 0.156618
30.7766 0.15808
30.7791 0.159535
30.7816 0.160982
30.7841 0.162421
30.7866 0.163852
30.7891 0.165272
30.7916 0.166683
30.7941 0.168082
30.7966 0.169469
30.7991 0.170844
30.8017 0.172205
30.8042 0.173551
30.8067 0.174883
30.8092 0.176199
30.8117 0.177498
30.8142 0.17878
30.8167 0.180043
30.8192 0.181287
30.8217 0.182512
30.8242 0.183715
30.8267 0.184897
30.8292 0.186056
30.8317 0.187192
30.8342 0.188304
30.8367 0.189391
30.8392 0.190452
30.8417 0.191486
30.8442 0.192493
30.8467 0.193471
30.8492 0.194421
30.8517 0.19534
30.8542 0.196228
30.8567 0.197085
30.8592 0.197909
30.8617 0.198701
30.8642 0.199458
30.8667 0.20018
30.8692 0.200867
30.8717 0.201517
30.8742 0.202131
30.8767 0.202706
30.8792 0.203243
30.8817 0.203741
30.8842 0.2042
30.8867 0.204617
30.8892 0.204994
30.8917 0.205329
30.8942 0.205621
30.8967 0.205871
30.8992 0.206077
30.9017 0.20624
30.9042 0.206358
30.9067 0.206431
30.9092 0.206458
30.9117 0.20644
30.9142 0.206376
30.9167 0.206266
30.9192 0.206108
30.9217 0.205904
30.9242 0.205652
30.9267 0.205352
30.9292 0.205005
30.9317 0.20461
30.9342 0.204167
30.9367 0.203676
30.9392 0.203136
30.9417 0.202549
30.9442 0.201913
30.9467 0.20123
30.9492 0.200498
30.9517 0.199718
30.9542 0.198891
30.9567 0.198017
30.9592 0.197095
30.9617 0.196127
30.9642 0.195112
30.9667 0.194051
30.9692 0.192944
30.9717 0.191792
30.9742 0.190595
30.9767 0.189354
30.9792 0.18807
30.9817 0.186742
30.9842 0.185372
30.9867 0.183961
30.9892 0.182508
30.9917 0.181016
30.9942 0.179484
30.9967 0.177913
30.9992 0.176305
31.0018 0.17466
31.0043 0.17298
31.0068 0.171264
31.0093 0.169515
31.0118 0.167733
31.0143 0.165919
31.0168 0.164075
31.0193 0.162201
31.0218 0.160299
31.0243 0.15837
31.0268 0.156415
31.0293 0.154435
31.0318 0.152431
31.0343 0.150405
31.0368 0.148358
31.0393 0.146291
31.0418 0.144206
31.0443 0.142104
31.0468 0.139986
31.0493 0.137853
31.0518 0.135707
31.0543 0.13355
31.0568 0.131382
31.0593 0.129204
31.0618 0.127019
31.0643 0.124828
31.0668 0.122632
31.0693 0.120432
31.0718 0.118229
31.0743 0.116025
31.0768 0.113822
31.0793 0.11162
31.0818 0.109422
31.0843 0.107227
31.0868 0.105037
31.0893 0.102855
31.0918 0.10068
31.0943 0.0985144
31.0968 0.096359
31.0993 0.094215
31.1018 0.0920837
31.1043 0.0899661
31.1068 0.0878632
31.1093 0.0857762
31.1118 0.0837061
31.1143 0.0816539
31.1168 0.0796205
31.1193 0.0776069
31.1218 0.075614
31.1243 0.0736426
31.1268 0.0716937
31.1293 0.0697679
31.1318 0.0678661
31.1343 0.065989
31.1368 0.0641372
31.1393 0.0623115
31.1418 0.0605124
31.1443 0.0587405
31.1468 0.0569963
31.1493 0.0552804
31.1518 0.0535932
31.1543 0.0519351
31.1568 0.0503065
31.1593 0.0487078
31.1618 0.0471392
31.1643 0.045601
31.1668 0.0440936
31.1693 0.0426169
31.1718 0.0411713
31.1743 0.0397569
31.1768 0.0383736
31.1793 0.0370217
31.1818 0.035701
31.1843 0.0344116
31.1868 0.0331535
31.1893 0.0319265
31.1918 0.0307305
31.1943 0.0295655
31.1968 0.0284312
31.1993 0.0273274
31.2019 0.0262539
31.2044 0.0252105
31.2069 0.0241969
31.2094 0.0232128
31.2119 0.0222579
31.2144 0.0213318
31.2169 0.0204342
31.2194 0.0195646
31.2219 0.0187227
31.2244 0.0179081
31.2269 0.0171204
31.2294 0.016359
31.2319 0.0156235
31.2344 0.0149135
31.2369 0.0142285
31.2394 0.0135679
31.2419 0.0129313
31.2444 0.0123181
31.2469 0.0117279
31.2494 0.0111601
31.2519 0.0106142
31.2544 0.0100896
31.2569 0.0095858
31.2594 0.00910229
31.2619 0.00863851
31.2644 0.00819392
31.2669 0.00776799
31.2694 0.00736016
31.2719 0.00696992
31.2744 0.00659672
31.2769 0.00624004
31.2794 0.00589936
31.2819 0.00557415
31.2844 0.0052639
31.2869 0.00496811
31.2894 0.00468628
31.2919 0.00441791
31.2944 0.00416253
31.2969 0.00391964
31.2994 0.00368879
31.3019 0.00346952
31.3044 0.00326137
31.3069 0.00306391
31.3094 0.00287671
31.3119 0.00269935
31.3144 0.00253141
31.3169 0.0023725
31.3194 0.00222223
31.3219 0.00208022
31.3244 0.00194611
31.3269 0.00181953
31.3294 0.00170015
31.3319 0.00158762
31.3344 0.00148162
31.3369 0.00138185
31.3394 0.00128798
31.3419 0.00119975
31.3444 0.00111685
31.3469 0.00103903
31.3494 0.000966018
31.3519 0.000897563
31.3544 0.000833425
31.3569 0.000773373
31.3594 0.000717185
31.3619 0.000664647
31.3644 0.000615558
31.3669 0.000569721
31.3694 0.00052695
31.3719 0.000487069
31.3744 0.000449908
31.3769 0.000415306
31.3794 0.000383109
31.3819 0.00035317
31.3844 0.000325352
31.3869 0.000299522
31.3894 0.000275555
31.3919 0.000253333
31.3944 0.000232743
31.3969 0.000213679
31.3994 0.000196041
31.402 0.000179734
31.4045 0.000164669
31.407 0.000150761
31.4095 0.00013793
31.412 0.000126102
31.4145 0.000115207
31.417 0.000105178
31.4195 9.59533e-05
31.422 8.7475e-05
31.4245 7.96882e-05
31.427 7.25421e-05
31.4295 6.59888e-05
31.432 5.99836e-05
31.4345 5.4485e-05
31.437 4.9454e-05
31.4395 4.48544e-05
31.442 4.06524e-05
31.4445 3.68166e-05
31.447 3.33178e-05
31.4495 3.01289e-05
31.452 2.72246e-05
31.4545 2.45816e-05
31.457 2.21784e-05
31.4595 1.99948e-05
31.462 1.80125e-05
31.4645 1.62141e-05
31.467 1.45841e-05
31.4695 1.31077e-05
31.472 1.17716e-05
31.4745 1.05635e-05
31.477 9.4719e-06
31.4795 8.48642e-06
31.482 7.59745e-06
31.4845 6.79621e-06
31.487 6.07462e-06
31.4895 5.42531e-06
31.492 4.8415e-06
31.4945 4.31704e-06
31.497 3.84627e-06
31.4995 3.42405e-06
