38.6233 0.112676
38.6766 0.122066
38.7298 0.338029
38.7831 0.798124
38.8363 1.34273
38.8896 1.69954
38.9428 1.97184
38.9961 2.10329
39.0493 2.1878
39.1026 1.92489
39.1558 1.48357
39.2091 1.07982
39.2623 0.779345
39.3156 0.61972
39.3688 0.253522
39.4221 0.159625
39.4753 0.178404
39.5286 0.093897
39.5818 0.0469485
39.6351 0.0281691
39.6883 0.0281691
39.7416 0.0187794
39.7948 0.0281691
39.8481 0.0093897
39.9013 0
39.9546 0.0093897
40.0078 0
40.0611 0.0093897
40.1143 0
40.1676 0
40.2208 0
40.2741 0.0093897
40.3273 0.0093897
40.3806 0.0093897
40.4338 0.0187794
40.4871 0.0469485
40.5403 0.0187794
40.5936 0.0281691
40.6468 0.0751176
40.7001 0.103287
40.7533 0.0375588
40.8066 0.093897
40.8598 0.122066
40.9131 0.206573
40.9663 0.150235
41.0196 0.159625
41.0728 0.0845073
41.1261 0.103287
41.1793 0.0657279
41.2326 0.0093897
