0 -10
0.1 -9.93749
0.2 -9.9375
0.3 -9.93751
0.4 -9.93751
0.5 -9.93752
0.6 -9.93753
0.7 -9.93753
0.8 -9.93754
0.9 -9.93755
1 -9.93756
1.1 -9.93756
1.2 -9.93757
1.3 -9.93758
1.4 -9.93758
1.5 -9.93759
1.6 -9.9376
1.7 -9.93761
1.8 -9.93761
1.9 -9.93762
2 -9.93763
2.1 -9.93764
2.2 -9.93765
2.3 -9.93765
2.4 -9.93766
2.5 -9.93767
2.6 -9.93768
2.7 -9.93769
2.8 -9.93769
2.9 -9.9377
3 -9.93771
3.1 -9.93772
3.2 -9.93773
3.3 -9.93774
3.4 -9.93775
3.5 -9.93775
3.6 -9.93776
3.7 -9.93777
3.8 -9.93778
3.9 -9.93779
4 -9.9378
4.1 -9.93781
4.2 -9.93782
4.3 -9.93783
4.4 -9.93784
4.5 -9.93785
4.6 -9.93786
4.7 -9.93786
4.8 -9.93787
4.9 -9.93788
5 -9.93789
5.1 -9.9379
5.2 -9.93791
5.3 -9.93792
5.4 -9.93793
5.5 -9.93794
5.6 -9.93795
5.7 -9.93796
5.8 -9.93798
5.9 -9.93799
6 -9.938
6.1 -9.93801
6.2 -9.93802
6.3 -9.93803
6.4 -9.93804
6.5 -9.93805
6.6 -9.93806
6.7 -9.93807
6.8 -9.93808
6.9 -9.9381
7 -9.93811
7.1 -9.93812
7.2 -9.93813
7.3 -9.93814
7.4 -9.93815
7.5 -9.93816
7.6 -9.93818
7.7 -9.93819
7.8 -9.9382
7.9 -9.93821
8 -9.93822
8.1 -9.93824
8.2 -9.93825
8.3 -9.93826
8.4 -9.93827
8.5 -9.93829
8.6 -9.9383
8.7 -9.93831
8.8 -9.93832
8.9 -9.93834
9 -9.93835
9.1 -9.93836
9.2 -9.93838
9.3 -9.93839
9.4 -9.9384
9.5 -9.93841
9.6 -9.93843
9.7 -9.93844
9.8 -9.93846
9.9 -9.93847
10 -9.93848
10.1 -9.9385
10.2 -9.93851
10.3 -9.93852
10.4 -9.93854
10.5 -9.93855
10.6 -9.93857
10.7 -9.93858
10.8 -9.93859
10.9 -9.93861
11 -9.93862
11.1 -9.93864
11.2 -9.93865
11.3 -9.93867
11.4 -9.93868
11.5 -9.9387
11.6 -9.93871
11.7 -9.93873
11.8 -9.93874
11.9 -9.93876
12 -9.93877
12.1 -9.93879
12.2 -9.9388
12.3 -9.93882
12.4 -9.93884
12.5 -9.93885
12.6 -9.93887
12.7 -9.93888
12.8 -9.9389
12.9 -9.93892
13 -9.93893
13.1 -9.93895
13.2 -9.93896
13.3 -9.93898
13.4 -9.939
13.5 -9.93901
13.6 -9.93903
13.7 -9.93905
13.8 -9.93906
13.9 -9.93908
14 -9.9391
14.1 -9.93912
14.2 -9.93913
14.3 -9.93915
14.4 -9.93917
14.5 -9.93918
14.6 -9.9392
14.7 -9.93922
14.8 -9.93924
14.9 -9.93926
15 -9.93927
15.1 -9.93929
15.2 -9.93931
15.3 -9.93933
15.4 -9.93935
15.5 -9.93936
15.6 -9.93938
15.7 -9.9394
15.8 -9.93942
15.9 -9.93944
16 -9.93946
16.1 -9.93948
16.2 -9.9395
16.3 -9.93952
16.4 -9.93953
16.5 -9.93955
16.6 -9.93957
16.7 -9.93959
16.8 -9.93961
16.9 -9.93963
17 -9.93965
17.1 -9.93967
17.2 -9.93969
17.3 -9.93971
17.4 -9.93973
17.5 -9.93975
17.6 -9.93977
17.7 -9.93979
17.8 -9.93981
17.9 -9.93983
18 -9.93986
18.1 -9.93988
18.2 -9.9399
18.3 -9.93992
18.4 -9.93994
18.5 -9.93996
18.6 -9.93998
18.7 -9.94
18.8 -9.94003
18.9 -9.94005
19 -9.94007
19.1 -9.94009
19.2 -9.94011
19.3 -9.94014
19.4 -9.94016
19.5 -9.94018
19.6 -9.9402
19.7 -9.94022
19.8 -9.94025
19.9 -9.94027
20 -9.94029
20.1 -9.94032
20.2 -9.94034
20.3 -9.94036
20.4 -9.94039
20.5 -9.94041
20.6 -9.94043
20.7 -9.94046
20.8 -9.94048
20.9 -9.9405
21 -9.94053
21.1 -9.94055
21.2 -9.94058
21.3 -9.9406
21.4 -9.94062
21.5 -9.94065
21.6 -9.94067
21.7 -9.9407
21.8 -9.94072
21.9 -9.94075
22 -9.94077
22.1 -9.9408
22.2 -9.94082
22.3 -9.94085
22.4 -9.94087
22.5 -9.9409
22.6 -9.94093
22.7 -9.94095
22.8 -9.94098
22.9 -9.941
23 -9.94103
23.1 -9.94106
23.2 -9.94108
23.3 -9.94111
23.4 -9.94114
23.5 -9.94116
23.6 -9.94119
23.7 -9.94122
23.8 -9.94124
23.9 -9.94127
24 -9.9413
24.1 -9.94133
24.2 -9.94136
24.3 -9.94138
24.4 -9.94141
24.5 -9.94144
24.6 -9.94147
24.7 -9.9415
24.8 -9.94152
24.9 -9.94155
25 -9.94158
25.1 -9.94161
25.2 -9.94164
25.3 -9.94167
25.4 -9.9417
25.5 -9.94173
25.6 -9.94176
25.7 -9.94179
25.8 -9.94182
25.9 -9.94185
26 -9.94188
26.1 -9.94191
26.2 -9.94194
26.3 -9.94197
26.4 -9.942
26.5 -9.94203
26.6 -9.94206
26.7 -9.9421
26.8 -9.94213
26.9 -9.94216
27 -9.94219
27.1 -9.94222
27.2 -9.94226
27.3 -9.94229
27.4 -9.94232
27.5 -9.94235
27.6 -9.94239
27.7 -9.94242
27.8 -9.94245
27.9 -9.94249
28 -9.94252
28.1 -9.94255
28.2 -9.94259
28.3 -9.94262
28.4 -9.94265
28.5 -9.94269
28.6 -9.94272
28.7 -9.94276
28.8 -9.94279
28.9 -9.94283
29 -9.94286
29.1 -9.9429
29.2 -9.94294
29.3 -9.94297
29.4 -9.94301
29.5 -9.94304
29.6 -9.94308
29.7 -9.94312
29.8 -9.94315
29.9 -9.94319
30 -9.94323
30.1 -9.94327
30.2 -9.9433
30.3 -9.94334
30.4 -9.94338
30.5 -9.94342
30.6 -9.94346
30.7 -9.94349
30.8 -9.94353
30.9 -9.94357
31 -9.94361
31.1 -9.94365
31.2 -9.94369
31.3 -9.94373
31.4 -9.94377
31.5 -9.94381
31.6 -9.94385
31.7 -9.9439
31.8 -9.94394
31.9 -9.94398
32 -9.94402
32.1 -9.94406
32.2 -9.9441
32.3 -9.94415
32.4 -9.94419
32.5 -9.94423
32.6 -9.94428
32.7 -9.94432
32.8 -9.94436
32.9 -9.94441
33 -9.94445
33.1 -9.9445
33.2 -9.94454
33.3 -9.94459
33.4 -9.94463
33.5 -9.94468
33.6 -9.94472
33.7 -9.94477
33.8 -9.94482
33.9 -9.94486
34 -9.94491
34.1 -9.94496
34.2 -9.945
34.3 -9.94505
34.4 -9.9451
34.5 -9.94515
34.6 -9.9452
34.7 -9.94525
34.8 -9.9453
34.9 -9.94535
35 -9.9454
35.1 -9.94545
35.2 -9.9455
35.3 -9.94555
35.4 -9.9456
35.5 -9.94565
35.6 -9.9457
35.7 -9.94576
35.8 -9.94581
35.9 -9.94586
36 -9.94591
36.1 -9.94597
36.2 -9.94602
36.3 -9.94608
36.4 -9.94613
36.5 -9.94619
36.6 -9.94624
36.7 -9.9463
36.8 -9.94635
36.9 -9.94641
37 -9.94647
37.1 -9.94652
37.2 -9.94658
37.3 -9.94664
37.4 -9.9467
37.5 -9.94676
37.6 -9.94682
37.7 -9.94688
37.8 -9.94694
37.9 -9.947
38 -9.94706
38.1 -9.94712
38.2 -9.94718
38.3 -9.94724
38.4 -9.9473
38.5 -9.94737
38.6 -9.94743
38.7 -9.94749
38.8 -9.94756
38.9 -9.94762
39 -9.94769
39.1 -9.94775
39.2 -9.94782
39.3 -9.94788
39.4 -9.94795
39.5 -9.94802
39.6 -9.94808
39.7 -9.94815
39.8 -9.94822
39.9 -9.94829
40 -9.94836
40.1 -9.94843
40.2 -9.9485
40.3 -9.94857
40.4 -9.94864
40.5 -9.94871
40.6 -9.94878
40.7 -9.94885
40.8 -9.94893
40.9 -9.949
41 -9.94907
41.1 -9.94915
41.2 -9.94922
41.3 -9.9493
41.4 -9.94937
41.5 -9.94945
41.6 -9.94953
41.7 -9.9496
41.8 -9.94968
41.9 -9.94976
42 -9.94984
42.1 -9.94991
42.2 -9.94999
42.3 -9.95007
42.4 -9.95015
42.5 -9.95024
42.6 -9.95032
42.7 -9.9504
42.8 -9.95048
42.9 -9.95056
43 -9.95065
43.1 -9.95073
43.2 -9.95082
43.3 -9.9509
43.4 -9.95099
43.5 -9.95107
43.6 -9.95116
43.7 -9.95124
43.8 -9.95133
43.9 -9.95142
44 -9.95151
44.1 -9.9516
44.2 -9.95169
44.3 -9.95178
44.4 -9.95187
44.5 -9.95196
44.6 -9.95205
44.7 -9.95214
44.8 -9.95223
44.9 -9.95233
45 -9.95242
45.1 -9.95251
45.2 -9.95261
45.3 -9.9527
45.4 -9.9528
45.5 -9.95289
45.6 -9.95299
45.7 -9.95309
45.8 -9.95318
45.9 -9.95328
46 -9.95338
46.1 -9.95348
46.2 -9.95358
46.3 -9.95368
46.4 -9.95378
46.5 -9.95388
46.6 -9.95398
46.7 -9.95408
46.8 -9.95418
46.9 -9.95429
47 -9.95439
47.1 -9.95449
47.2 -9.9546
47.3 -9.9547
47.4 -9.95481
47.5 -9.95491
47.6 -9.95502
47.7 -9.95513
47.8 -9.95523
47.9 -9.95534
48 -9.95545
48.1 -9.95556
48.2 -9.95567
48.3 -9.95578
48.4 -9.95588
48.5 -9.95599
48.6 -9.95611
48.7 -9.95622
48.8 -9.95633
48.9 -9.95644
49 -9.95655
49.1 -9.95666
49.2 -9.95678
49.3 -9.95689
49.4 -9.95701
49.5 -9.95712
49.6 -9.95723
49.7 -9.95735
49.8 -9.95747
49.9 -9.95758
50 -9.9577
50.1 -9.95781
50.2 -9.95793
50.3 -9.95805
50.4 -9.95817
50.5 -9.95828
50.6 -9.9584
50.7 -9.95852
50.8 -9.95864
50.9 -9.95876
51 -9.95888
51.1 -9.959
51.2 -9.95912
51.3 -9.95924
51.4 -9.95936
51.5 -9.95949
51.6 -9.95961
51.7 -9.95973
51.8 -9.95985
51.9 -9.95998
52 -9.9601
52.1 -9.96022
52.2 -9.96035
52.3 -9.96047
52.4 -9.9606
52.5 -9.96072
52.6 -9.96084
52.7 -9.96097
52.8 -9.9611
52.9 -9.96122
53 -9.96135
53.1 -9.96147
53.2 -9.9616
53.3 -9.96173
53.4 -9.96185
53.5 -9.96198
53.6 -9.96211
53.7 -9.96224
53.8 -9.96237
53.9 -9.96249
54 -9.96262
54.1 -9.96275
54.2 -9.96288
54.3 -9.96301
54.4 -9.96314
54.5 -9.96327
54.6 -9.9634
54.7 -9.96353
54.8 -9.96366
54.9 -9.96379
55 -9.96392
55.1 -9.96405
55.2 -9.96418
55.3 -9.96431
55.4 -9.96445
55.5 -9.96458
55.6 -9.96471
55.7 -9.96484
55.8 -9.96497
55.9 -9.96511
56 -9.96524
56.1 -9.96537
56.2 -9.96551
56.3 -9.96564
56.4 -9.96577
56.5 -9.96591
56.6 -9.96604
56.7 -9.96617
56.8 -9.96631
56.9 -9.96644
57 -9.96658
57.1 -9.96671
57.2 -9.96685
57.3 -9.96698
57.4 -9.96712
57.5 -9.96725
57.6 -9.96739
57.7 -9.96753
57.8 -9.96766
57.9 -9.9678
58 -9.96793
58.1 -9.96807
58.2 -9.96821
58.3 -9.96835
58.4 -9.96848
58.5 -9.96862
58.6 -9.96876
58.7 -9.9689
58.8 -9.96904
58.9 -9.96917
59 -9.96931
59.1 -9.96945
59.2 -9.96959
59.3 -9.96973
59.4 -9.96987
59.5 -9.97001
59.6 -9.97015
59.7 -9.97029
59.8 -9.97043
59.9 -9.97057
60 -9.97071
60.1 -9.97086
60.2 -9.971
60.3 -9.97114
60.4 -9.97128
60.5 -9.97143
60.6 -9.97157
60.7 -9.97171
60.8 -9.97186
60.9 -9.972
61 -9.97214
61.1 -9.97229
61.2 -9.97243
61.3 -9.97258
61.4 -9.97273
61.5 -9.97287
61.6 -9.97302
61.7 -9.97317
61.8 -9.97331
61.9 -9.97346
62 -9.97361
62.1 -9.97376
62.2 -9.97391
62.3 -9.97406
62.4 -9.97421
62.5 -9.97436
62.6 -9.97451
62.7 -9.97466
62.8 -9.97482
62.9 -9.97497
63 -9.97512
63.1 -9.97528
63.2 -9.97543
63.3 -9.97559
63.4 -9.97574
63.5 -9.9759
63.6 -9.97606
63.7 -9.97622
63.8 -9.97637
63.9 -9.97653
64 -9.97669
64.1 -9.97685
64.2 -9.97702
64.3 -9.97718
64.4 -9.97734
64.5 -9.9775
64.6 -9.97767
64.7 -9.97783
64.8 -9.978
64.9 -9.97817
65 -9.97833
65.1 -9.9785
65.2 -9.97867
65.3 -9.97884
65.4 -9.97901
65.5 -9.97919
65.6 -9.97936
65.7 -9.97953
65.8 -9.97971
65.9 -9.97989
66 -9.98006
66.1 -9.98024
66.2 -9.98042
66.3 -9.9806
66.4 -9.98078
66.5 -9.98096
66.6 -9.98115
66.7 -9.98133
66.8 -9.98152
66.9 -9.98171
67 -9.9819
67.1 -9.98209
67.2 -9.98228
67.3 -9.98247
67.4 -9.98266
67.5 -9.98286
67.6 -9.98305
67.7 -9.98325
67.8 -9.98345
67.9 -9.98365
68 -9.98385
68.1 -9.98406
68.2 -9.98426
68.3 -9.98447
68.4 -9.98468
68.5 -9.98489
68.6 -9.9851
68.7 -9.98531
68.8 -9.98553
68.9 -9.98574
69 -9.98596
69.1 -9.98618
69.2 -9.9864
69.3 -9.98663
69.4 -9.98685
69.5 -9.98708
69.6 -9.98731
69.7 -9.98754
69.8 -9.98777
69.9 -9.988
70 -9.98824
70.1 -9.98848
70.2 -9.98872
70.3 -9.98896
70.4 -9.98921
70.5 -9.98945
70.6 -9.9897
70.7 -9.98995
70.8 -9.9902
70.9 -9.99046
71 -9.99072
71.1 -9.99098
71.2 -9.99124
71.3 -9.9915
71.4 -9.99177
71.5 -9.99204
71.6 -9.99231
71.7 -9.99258
71.8 -9.99286
71.9 -9.99314
72 -9.99342
72.1 -9.9937
72.2 -9.99399
72.3 -9.99427
72.4 -9.99456
72.5 -9.99486
72.6 -9.99515
72.7 -9.99545
72.8 -9.99575
72.9 -9.99606
73 -9.99636
73.1 -9.99667
73.2 -9.99699
73.3 -9.9973
73.4 -9.99762
73.5 -9.99794
73.6 -9.99826
73.7 -9.99859
73.8 -9.99892
73.9 -9.99925
74 -9.99959
74.1 -9.99992
74.2 -10.0003
74.3 -10.0006
74.4 -10.001
74.5 -10.0013
74.6 -10.0017
74.7 -10.002
74.8 -10.0024
74.9 -10.0027
75 -10.0031
75.1 -10.0035
75.2 -10.0038
75.3 -10.0042
75.4 -10.0046
75.5 -10.005
75.6 -10.0054
75.7 -10.0057
75.8 -10.0061
75.9 -10.0065
76 -10.0069
76.1 -10.0073
76.2 -10.0077
76.3 -10.0081
76.4 -10.0085
76.5 -10.009
76.6 -10.0094
76.7 -10.0098
76.8 -10.0102
76.9 -10.0106
77 -10.0111
77.1 -10.0115
77.2 -10.0119
77.3 -10.0124
77.4 -10.0128
77.5 -10.0132
77.6 -10.0137
77.7 -10.0141
77.8 -10.0146
77.9 -10.015
78 -10.0155
78.1 -10.016
78.2 -10.0164
78.3 -10.0169
78.4 -10.0174
78.5 -10.0178
78.6 -10.0183
78.7 -10.0188
78.8 -10.0193
78.9 -10.0197
79 -10.0202
79.1 -10.0207
79.2 -10.0212
79.3 -10.0217
79.4 -10.0222
79.5 -10.0227
79.6 -10.0232
79.7 -10.0237
79.8 -10.0242
79.9 -10.0247
80 -10.0252
80.1 -10.0257
80.2 -10.0262
80.3 -10.0268
80.4 -10.0273
80.5 -10.0278
80.6 -10.0283
80.7 -10.0288
80.8 -10.0293
80.9 -10.0299
81 -10.0304
81.1 -10.0309
81.2 -10.0315
81.3 -10.032
81.4 -10.0325
81.5 -10.033
81.6 -10.0336
81.7 -10.0341
81.8 -10.0346
81.9 -10.0352
82 -10.0357
82.1 -10.0363
82.2 -10.0368
82.3 -10.0373
82.4 -10.0379
82.5 -10.0384
82.6 -10.0389
82.7 -10.0395
82.8 -10.04
82.9 -10.0406
83 -10.0411
83.1 -10.0416
83.2 -10.0422
83.3 -10.0427
83.4 -10.0432
83.5 -10.0438
83.6 -10.0443
83.7 -10.0448
83.8 -10.0454
83.9 -10.0459
84 -10.0464
84.1 -10.047
84.2 -10.0475
84.3 -10.048
84.4 -10.0486
84.5 -10.0491
84.6 -10.0496
84.7 -10.0501
84.8 -10.0506
84.9 -10.0512
85 -10.0517
85.1 -10.0522
85.2 -10.0527
85.3 -10.0532
85.4 -10.0537
85.5 -10.0542
85.6 -10.0547
85.7 -10.0552
85.8 -10.0557
85.9 -10.0562
86 -10.0567
86.1 -10.0572
86.2 -10.0577
86.3 -10.0582
86.4 -10.0587
86.5 -10.0592
86.6 -10.0596
86.7 -10.0601
86.8 -10.0606
86.9 -10.0611
87 -10.0615
87.1 -10.062
87.2 -10.0625
87.3 -10.0629
87.4 -10.0634
87.5 -10.0638
87.6 -10.0643
87.7 -10.0647
87.8 -10.0652
87.9 -10.0656
88 -10.0661
88.1 -10.0665
88.2 -10.0669
88.3 -10.0674
88.4 -10.0678
88.5 -10.0682
88.6 -10.0686
88.7 -10.069
88.8 -10.0694
88.9 -10.0699
89 -10.0703
89.1 -10.0707
89.2 -10.0711
89.3 -10.0715
89.4 -10.0719
89.5 -10.0722
89.6 -10.0726
89.7 -10.073
89.8 -10.0734
89.9 -10.0738
90 -10.0741
90.1 -10.0745
90.2 -10.0749
90.3 -10.0752
90.4 -10.0756
90.5 -10.076
90.6 -10.0763
90.7 -10.0767
90.8 -10.077
90.9 -10.0774
91 -10.0777
91.1 -10.078
91.2 -10.0784
91.3 -10.0787
91.4 -10.079
91.5 -10.0794
91.6 -10.0797
91.7 -10.08
91.8 -10.0803
91.9 -10.0807
92 -10.081
92.1 -10.0813
92.2 -10.0816
92.3 -10.0819
92.4 -10.0822
92.5 -10.0825
92.6 -10.0828
92.7 -10.0831
92.8 -10.0834
92.9 -10.0837
93 -10.0839
93.1 -10.0842
93.2 -10.0845
93.3 -10.0848
93.4 -10.0851
93.5 -10.0853
93.6 -10.0856
93.7 -10.0859
93.8 -10.0861
93.9 -10.0864
94 -10.0866
94.1 -10.0869
94.2 -10.0872
94.3 -10.0874
94.4 -10.0877
94.5 -10.0879
94.6 -10.0882
94.7 -10.0884
94.8 -10.0886
94.9 -10.0889
95 -10.0891
95.1 -10.0894
95.2 -10.0896
95.3 -10.0898
95.4 -10.09
95.5 -10.0903
95.6 -10.0905
95.7 -10.0907
95.8 -10.0909
95.9 -10.0912
96 -10.0914
96.1 -10.0916
96.2 -10.0918
96.3 -10.092
96.4 -10.0922
96.5 -10.0924
96.6 -10.0926
96.7 -10.0928
96.8 -10.093
96.9 -10.0932
97 -10.0934
97.1 -10.0936
97.2 -10.0938
97.3 -10.094
97.4 -10.0942
97.5 -10.0944
97.6 -10.0946
97.7 -10.0948
97.8 -10.095
97.9 -10.0952
98 -10.0953
98.1 -10.0955
98.2 -10.0957
98.3 -10.0959
98.4 -10.0961
98.5 -10.0962
98.6 -10.0964
98.7 -10.0966
98.8 -10.0967
98.9 -10.0969
99 -10.0971
99.1 -10.0973
99.2 -10.0974
99.3 -10.0976
99.4 -10.0977
99.5 -10.0979
99.6 -10.0981
99.7 -10.0982
99.8 -10.0984
99.9 -10.0985
100 -10.0987
100.001 -10
