0 -4.61315
0.1 -3.50382
0.2 -4.39069
0.3 -4.38169
0.4 -3.35874
0.5 -4.05404
0.6 -4.20494
0.7 -4.31812
0.8 -4.1514
0.9 -4.24143
1 -4.18854
1.1 -4.2546
1.2 -3.98669
1.3 -3.55747
1.4 -2.95648
1.5 -3.59654
1.6 -2.63875
1.7 -3.25934
1.8 -4.34925
1.9 -2.56637
2 -4.34396
2.1 -4.37394
2.2 -3.69339
2.3 -4.25217
2.4 -2.64264
2.5 -4.17552
2.6 -4.10269
2.7 -2.82775
2.8 -4.05379
2.9 -4.36737
3 -3.89769
3.1 -3.6472
3.2 -3.56062
3.3 -4.33996
3.4 -3.93481
3.5 -3.99554
3.6 -4.35761
3.7 -0.890762
3.8 -4.1783
3.9 -4.26261
4 -4.36427
4.1 -3.74577
4.2 -4.35186
4.3 -4.15086
4.4 -4.25714
4.5 -4.11766
4.6 -4.22374
4.7 -4.35754
4.8 -4.3077
4.9 -3.20414
5 -4.25601
5.1 -2.33352
5.2 -4.29685
5.3 -3.97165
5.4 -4.32948
5.5 -4.34232
5.6 -4.27624
5.7 -4.33818
5.8 -4.35095
5.9 -4.06225
6 -4.23071
6.1 -3.16774
6.2 -2.346
6.3 -4.33188
6.4 -3.36316
6.5 -4.34563
6.6 -3.83618
6.7 -3.77976
6.8 -4.16417
6.9 -4.31499
7 -4.27163
7.1 -1.99514
7.2 -4.33916
7.3 -2.06348
7.4 -4.13484
7.5 -3.55001
7.6 -4.33304
7.7 -3.64286
7.8 -4.33555
7.9 -2.61629
8 -4.21029
8.1 -2.06534
8.2 -4.31604
8.3 -4.25612
8.4 -2.96768
8.5 -3.62733
8.6 -3.30632
8.7 -4.32809
8.8 -3.73324
8.9 -4.3087
9 -4.05391
9.1 -4.28884
9.2 -4.29696
9.3 -2.42072
9.4 -4.20472
9.5 -2.59363
9.6 -4.15623
9.7 -3.55537
9.8 -4.14228
9.9 -4.31625
10 -4.19028
10.1 -4.08189
10.2 -3.9822
10.3 -4.22249
10.4 -3.23174
10.5 -4.21324
10.6 -3.61264
10.7 -3.62018
10.8 -4.30445
10.9 -2.87694
11 -4.21619
11.1 -2.35768
11.2 -4.21591
11.3 -4.23481
11.4 -3.80005
11.5 -4.18501
11.6 -3.33912
11.7 -4.23898
11.8 -2.10597
11.9 -2.26095
12 -3.77252
12.1 -4.29514
12.2 -3.92668
12.3 -4.15683
12.4 -3.53828
12.5 -3.66744
12.6 -1.00387
12.7 -3.85245
12.8 -2.63789
12.9 -3.24062
13 -4.07447
13.1 -4.17585
13.2 -4.23932
13.3 -4.28883
13.4 -3.56554
13.5 -3.94852
13.6 -4.21215
13.7 -4.09293
13.8 -4.12029
13.9 -3.87502
14 -4.21592
14.1 -3.62188
14.2 -4.21979
14.3 -2.50765
14.4 -2.7573
14.5 -2.64502
14.6 -3.95155
14.7 -4.27231
14.8 -4.20699
14.9 -3.77459
15 -4.10297
15.1 -3.703
15.2 -3.83096
15.3 -4.25156
15.4 -4.00032
15.5 -1.06865
15.6 -3.55985
15.7 -4.04867
15.8 -3.98978
15.9 -3.43985
16 -3.72815
16.1 -4.23209
16.2 -4.25965
16.3 -4.17638
16.4 -2.1568
16.5 -3.78872
16.6 -4.20544
16.7 -4.19087
16.8 -4.15891
16.9 -3.41028
17 -3.87706
17.1 -3.83053
17.2 -4.06401
17.3 -3.78623
17.4 -4.12313
17.5 -1.38662
17.6 -3.81349
17.7 -4.22891
17.8 -4.15629
17.9 -4.04518
18 -0.0705433
18.1 -1.00224
18.2 -3.60066
18.3 -3.08981
18.4 -4.1429
18.5 -3.92993
18.6 -4.22846
18.7 -3.90348
18.8 -4.22454
18.9 -4.2234
19 -4.23227
19.1 -4.13593
19.2 -4.12845
19.3 -3.70578
19.4 -2.91044
19.5 -3.50997
19.6 -4.18743
19.7 -4.16106
19.8 -3.92514
19.9 -3.95515
20 -2.75583
20.1 -4.00586
20.2 -4.22039
20.3 -4.17483
20.4 -4.03202
20.5 -4.21875
20.6 -2.90833
20.7 -2.25852
20.8 -4.21506
20.9 -1.78584
21 -3.74137
21.1 -0.386156
21.2 -3.65085
21.3 -3.67277
21.4 -2.69684
21.5 -2.92388
21.6 -1.77849
21.7 -3.43706
21.8 -4.05505
21.9 -4
22 -0.681285
22.1 -3.85762
22.2 -3.09427
22.3 -2.58643
22.4 -4.19277
22.5 -3.68234
22.6 -4.14251
22.7 -1.51443
22.8 -3.33848
22.9 -4.00699
23 -4.15493
23.1 -3.86047
23.2 -4.18159
23.3 -4.04992
23.4 -4.16151
23.5 -4.1679
23.6 -4.06993
23.7 -3.31393
23.8 -4.09308
23.9 -3.54937
24 -4.12815
24.1 -4.02944
24.2 -3.93515
24.3 -4.14955
24.4 -3.98692
24.5 -3.7829
24.6 -3.55623
24.7 -3.22865
24.8 -4.09882
24.9 -2.90174
25 -3.71735
25.1 -4.15706
25.2 -2.61585
25.3 -4.00332
25.4 -3.83854
25.5 -4.05314
25.6 -4.15922
25.7 -4.05957
25.8 -4.12842
25.9 -4.14582
26 -3.99594
26.1 -4.05887
26.2 -4.04762
26.3 -3.94483
26.4 -4.1252
26.5 -4.10535
26.6 -3.81081
26.7 -3.41368
26.8 -2.16847
26.9 -2.51541
27 -4.13536
27.1 -4.0837
27.2 -3.99185
27.3 -4.10322
27.4 -3.79879
27.5 -4.05442
27.6 -4.1226
27.7 -2.31194
27.8 -1.61952
27.9 -3.57618
28 -3.28901
28.1 -3.63129
28.2 -4.06646
28.3 -3.87671
28.4 -3.88926
28.5 -0.841651
28.6 -4.1053
28.7 -2.6057
28.8 -4.04919
28.9 -4.01394
29 -3.93314
29.1 -3.70179
29.2 -2.59526
29.3 -4.01545
29.4 -4.08738
29.5 -3.08487
29.6 -3.90895
29.7 -4.09977
29.8 -3.15806
29.9 -4.05468
30 -0.891654
30.1 -4.04965
30.2 -2.99957
30.3 -4.02596
30.4 -3.63294
30.5 -4.07366
30.6 -3.34477
30.7 -3.88523
30.8 -3.61176
30.9 -4.04971
31 -3.88038
31.1 -3.95372
31.2 -3.49374
31.3 -4.05437
31.4 -3.92142
31.5 -3.8036
31.6 -3.50038
31.7 -0.774684
31.8 -4.00197
31.9 -3.87053
32 -4.03982
32.1 -3.85311
32.2 -2.66544
32.3 -3.87382
32.4 -4.0129
32.5 -3.61758
32.6 -4.05851
32.7 -2.94925
32.8 -2.24966
32.9 -3.36441
33 -4.03723
33.1 -4.04488
33.2 -4.04429
33.3 -1.90728
33.4 -2.92917
33.5 -2.35118
33.6 -2.64493
33.7 -3.96465
33.8 -3.68227
33.9 -3.93069
34 -1.95345
34.1 -3.59007
34.2 -4.01207
34.3 -3.85106
34.4 -3.99906
34.5 -3.33347
34.6 -2.88722
34.7 -4.00797
34.8 -2.99021
34.9 -3.41844
35 -3.97319
35.1 -3.4299
35.2 -4.00783
35.3 -3.6519
35.4 -3.78784
35.5 -2.30412
35.6 -3.50232
35.7 -3.99775
35.8 -2.26437
35.9 -3.88012
36 -3.01469
36.1 -3.98828
36.2 -3.75215
36.3 -3.87735
36.4 -3.87292
36.5 -3.62026
36.6 -3.65427
36.7 -1.53798
36.8 -3.70391
36.9 -2.62933
37 -3.83806
37.1 -3.07392
37.2 -3.69127
37.3 -3.96913
37.4 -3.94099
37.5 -3.71567
37.6 -3.78529
37.7 -3.9554
37.8 -3.016
37.9 -1.50038
38 -3.92371
38.1 -3.36561
38.2 -3.26793
38.3 -2.74698
38.4 -3.93391
38.5 -3.66233
38.6 -3.69543
38.7 -1.97865
38.8 -3.84536
38.9 -2.46354
39 -3.82688
39.1 -3.29914
39.2 -2.30711
39.3 -3.73599
39.4 -3.76153
39.5 -3.59996
39.6 -3.81376
39.7 -3.91559
39.8 -2.96373
39.9 -2.9547
40 -3.90311
40.1 -2.47527
40.2 -3.83183
40.3 -3.75531
40.4 -2.20012
40.5 -3.77872
40.6 -3.20149
40.7 -2.54498
40.8 -3.90589
40.9 -3.38513
41 -3.84334
41.1 -3.90006
41.2 -3.72988
41.3 -3.62856
41.4 -2.674
41.5 -1.02474
41.6 -3.46043
41.7 -2.53341
41.8 -2.34281
41.9 -2.36982
42 -3.78278
42.1 -3.75862
42.2 -3.843
42.3 -3.87398
42.4 -3.57106
42.5 -3.86924
42.6 -3.8609
42.7 -3.82672
42.8 -3.7293
42.9 -3.36551
43 -3.68881
43.1 -3.83972
43.2 -1.72501
43.3 -3.6452
43.4 -3.71857
43.5 -3.54325
43.6 -3.81726
43.7 -3.52599
43.8 -2.78489
43.9 -3.78912
44 -3.7654
44.1 -3.80623
44.2 -3.6813
44.3 -3.71097
44.4 -3.65537
44.5 -3.81279
44.6 -2.23635
44.7 -3.39872
44.8 -3.76311
44.9 -3.30227
45 -3.74335
45.1 -3.58739
45.2 -3.15389
45.3 -3.59198
45.4 -3.79965
45.5 -3.71358
45.6 -3.26496
45.7 -2.69908
45.8 -3.52467
45.9 -3.78908
46 -3.62853
46.1 -3.73411
46.2 -2.96665
46.3 -2.08662
46.4 -2.95922
46.5 -2.17823
46.6 -3.77153
46.7 -2.7415
46.8 -3.50355
46.9 -3.7621
47 -3.65902
47.1 -3.15582
47.2 -2.86378
47.3 -2.90268
47.4 -3.27338
47.5 -3.58156
47.6 -3.47725
47.7 -3.50916
47.8 -3.74342
47.9 -3.4712
48 -3.61863
48.1 -3.41858
48.2 -2.55854
48.3 -2.5348
48.4 -3.71609
48.5 -3.51606
48.6 -3.72121
48.7 -3.62901
48.8 -3.47083
48.9 -3.61553
49 -3.63422
49.1 -3.64024
49.2 -3.66225
49.3 -3.3124
49.4 -3.27776
49.5 -2.59005
49.6 -3.51117
49.7 -3.50811
49.8 -2.35595
49.9 -2.04193
50 -2.84423
50.1 -3.14058
50.2 -2.96342
50.3 -3.47891
50.4 -3.36624
50.5 -3.45312
50.6 -0.284416
50.7 -2.3766
50.8 -3.55774
50.9 -2.44875
51 -3.38654
51.1 -2.84157
51.2 -3.64919
51.3 -3.59705
51.4 -1.67634
51.5 -3.04376
51.6 -3.18872
51.7 -2.70428
51.8 -3.04558
51.9 -3.26876
52 -3.63446
52.1 -3.12298
52.2 -1.59619
52.3 -0.0205394
52.4 -3.31382
52.5 -1.91003
52.6 -3.62276
52.7 -3.62022
52.8 -3.11815
52.9 -3.56384
53 -3.27061
53.1 -3.60639
53.2 -3.57013
53.3 -2.46892
53.4 -2.79599
53.5 -3.23408
53.6 -3.52411
53.7 0.0163337
53.8 -3.225
53.9 -3.26479
54 -2.8167
54.1 -3.36881
54.2 -2.80645
54.3 -2.7225
54.4 -3.57556
54.5 -2.666
54.6 -2.59293
54.7 -3.17311
54.8 -3.37987
54.9 -2.87809
55 -1.31849
55.1 -3.55749
55.2 -3.02201
55.3 -2.30108
55.4 -3.42539
55.5 -2.96134
55.6 -2.95571
55.7 -2.69732
55.8 -1.10987
55.9 -3.45204
56 -3.53839
56.1 -3.19034
56.2 -3.41027
56.3 -3.49883
56.4 -3.51954
56.5 -3.51033
56.6 -3.51587
56.7 -3.06528
56.8 -3.51919
56.9 -3.46481
57 -3.40489
57.1 -3.22138
57.2 -3.17907
57.3 -3.2526
57.4 -3.50322
57.5 -2.10773
57.6 -3.4965
57.7 -3.08829
57.8 -2.82548
57.9 -1.80766
58 -3.32927
58.1 -3.33339
58.2 -1.92862
58.3 -3.41379
58.4 -3.41602
58.5 -2.60112
58.6 -2.69159
58.7 -2.43521
58.8 -3.35668
58.9 -2.74331
59 -3.11626
59.1 -3.46377
59.2 -3.25674
59.3 -3.43469
59.4 -3.45651
59.5 -3.06068
59.6 -3.32431
59.7 -3.21889
59.8 -3.18023
59.9 -3.4193
60 -1.28476
60.1 -3.32191
60.2 -3.31881
60.3 -3.41862
60.4 -3.37961
60.5 -3.09056
60.6 -3.42706
60.7 -3.23665
60.8 -2.78796
60.9 -2.65489
61 -3.20371
61.1 -3.29393
61.2 -3.22686
61.3 -3.39997
61.4 -3.09231
61.5 -3.40642
61.6 -3.40457
61.7 -1.75016
61.8 -3.40036
61.9 -3.31812
62 -3.39191
62.1 -2.51716
62.2 -3.2029
62.3 -3.17804
62.4 -3.33415
62.5 -3.08932
62.6 -3.36257
62.7 -3.37884
62.8 -0.876386
62.9 -3.16449
63 -3.22858
63.1 -1.92447
63.2 -3.34464
63.3 -3.1228
63.4 -2.55873
63.5 -3.27705
63.6 -3.21062
63.7 -3.20943
63.8 -3.35208
63.9 -3.32364
64 -3.33186
64.1 -3.06863
64.2 -3.23527
64.3 -3.16219
64.4 -2.21074
64.5 -2.86213
64.6 -3.20865
64.7 -3.30879
64.8 -3.05661
64.9 -2.53765
65 -2.03985
65.1 -3.21271
65.2 -2.52681
65.3 -2.98241
65.4 -2.59796
65.5 -3.10293
65.6 -3.15658
65.7 -2.93518
65.8 -3.14407
65.9 -3.24673
66 -2.73431
66.1 -1.59847
66.2 -2.02245
66.3 -2.86968
66.4 -3.19834
66.5 -2.08792
66.6 -3.28035
66.7 -3.17145
66.8 -1.61953
66.9 -2.94145
67 -1.12391
67.1 -1.52361
67.2 -2.74482
67.3 -2.84089
67.4 -2.68472
67.5 -2.86953
67.6 -3.19886
67.7 -3.04818
67.8 -2.57748
67.9 -3.01674
68 -2.26435
68.1 -2.97341
68.2 -3.22743
68.3 -2.97866
68.4 -0.785478
68.5 -1.9204
68.6 -3.14862
68.7 -3.10273
68.8 -0.775853
68.9 -5.21095
69 -5.62405
69.1 -5.49204
69.2 -5.68604
69.3 -5.60395
69.4 -4.10972
69.5 -5.68968
69.6 -3.97985
69.7 -5.48122
69.8 -4.59716
69.9 -5.09923
70 -5.20291
70.1 -5.16965
70.2 -5.36112
70.3 -4.06203
70.4 -3.13984
70.5 -5.59001
70.6 -5.70546
70.7 -5.57645
70.8 -5.51257
70.9 -2.15721
71 -5.7334
71.1 -5.65204
71.2 -5.65469
71.3 -3.38258
71.4 -5.28484
71.5 -3.11834
71.6 -5.33211
71.7 -5.51157
71.8 -5.37075
71.9 -5.12117
72 -5.37436
72.1 -5.74137
72.2 -5.76883
72.3 -5.74574
72.4 -5.54879
72.5 -0.497562
72.6 -4.9393
72.7 -5.16762
72.8 -3.68537
72.9 -5.17621
73 -5.32928
73.1 -5.6013
73.2 -5.53568
73.3 -5.48998
73.4 -5.20445
73.5 -5.66611
73.6 -5.79832
73.7 -4.55309
73.8 -5.80353
73.9 -5.67138
74 -5.69939
74.1 -5.7153
74.2 -5.29469
74.3 -4.21817
74.4 -5.57888
74.5 -5.48488
74.6 -5.85841
74.7 -5.86045
74.8 -5.64414
74.9 -5.77454
75 -5.81272
75.1 -5.59291
75.2 -5.31714
75.3 -5.81891
75.4 -4.32992
75.5 -5.89281
75.6 -4.94003
75.7 -5.89443
75.8 -5.90672
75.9 -5.83482
76 -5.82542
76.1 -5.04112
76.2 -5.91883
76.3 -5.53638
76.4 -5.93381
76.5 -5.71244
76.6 -5.2757
76.7 -5.6057
76.8 -3.19636
76.9 -5.16824
77 -5.9123
77.1 -4.30318
77.2 -5.95608
77.3 -5.92959
77.4 -5.94358
77.5 -3.8893
77.6 -5.94394
77.7 -4.49609
77.8 -5.9354
77.9 -5.14424
78 -6.01141
78.1 -5.87913
78.2 -5.08311
78.3 -5.97141
78.4 -5.40424
78.5 -5.88737
78.6 -5.67352
78.7 -5.66105
78.8 -5.85481
78.9 -6.05752
79 -5.14195
79.1 -5.9715
79.2 -5.71503
79.3 -5.27263
79.4 -6.08588
79.5 -6.09151
79.6 -3.4804
79.7 -5.90846
79.8 -4.59129
79.9 -6.05506
80 -5.9894
80.1 -6.05395
80.2 -6.12107
80.3 -3.46066
80.4 -6.13294
80.5 -5.26373
80.6 -5.98017
80.7 -5.63903
80.8 -5.68746
80.9 -5.97426
81 -5.97165
81.1 -2.86661
81.2 -5.86225
81.3 -6.12067
81.4 -6.20005
81.5 -5.90612
81.6 -3.96978
81.7 -5.8403
81.8 -5.64424
81.9 -6.19495
82 -5.94194
82.1 -6.07534
82.2 -5.20054
82.3 -6.14926
82.4 -6.11767
82.5 -6.11587
82.6 -5.27015
82.7 -6.23166
82.8 -5.75488
82.9 -6.09067
83 -5.21009
83.1 -5.32274
83.2 -4.66283
83.3 -6.09388
83.4 -6.17765
83.5 -5.81341
83.6 -6.34158
83.7 -6.29838
83.8 -5.27033
83.9 -6.1796
84 -6.21409
84.1 -6.25454
84.2 -4.83332
84.3 -5.18458
84.4 -6.16799
84.5 -5.93371
84.6 -6.02973
84.7 -5.81275
84.8 -6.40478
84.9 -6.2962
85 -6.38198
85.1 -5.5248
85.2 -4.83447
85.3 -4.07063
85.4 -5.44338
85.5 -6.21084
85.6 -6.36403
85.7 -6.1721
85.8 -5.84454
85.9 -6.41369
86 -6.11401
86.1 -6.3953
86.2 -6.49782
86.3 -6.51035
86.4 -6.18565
86.5 -6.1123
86.6 -6.53365
86.7 -6.52813
86.8 -6.5295
86.9 -6.41598
87 -5.76116
87.1 -6.52913
87.2 -6.27029
87.3 -6.32651
87.4 -6.07783
87.5 -5.89484
87.6 -5.9383
87.7 -6.58477
87.8 -6.31601
87.9 -6.16159
88 -6.50627
88.1 -4.49052
88.2 -6.61464
88.3 -6.18035
88.4 -6.34746
88.5 -6.21896
88.6 -6.65171
88.7 -3.72073
88.8 -5.64574
88.9 -6.63954
89 -6.66246
89.1 -4.98021
89.2 -4.83219
89.3 -6.67071
89.4 -6.69556
89.5 -6.69657
89.6 -6.64278
89.7 -6.59265
89.8 -6.72033
89.9 -6.68807
90 -5.64342
90.1 -6.02743
90.2 -6.63069
90.3 -6.67024
90.4 -6.32232
90.5 -6.69728
90.6 -6.68552
90.7 -6.12482
90.8 -6.73164
90.9 -6.41142
91 -6.7271
91.1 -6.10271
91.2 -6.61905
91.3 -6.69289
91.4 -6.55714
91.5 -6.47536
91.6 -6.80043
91.7 -6.8161
91.8 -6.82189
91.9 -6.50605
92 -6.6108
92.1 -6.524
92.2 -5.18698
92.3 -6.83316
92.4 -6.01016
92.5 -5.83627
92.6 -5.99159
92.7 -6.79519
92.8 -6.86337
92.9 -6.75688
93 -6.7271
93.1 -6.52146
93.2 -6.58812
93.3 -6.84191
93.4 -6.64817
93.5 -6.8214
93.6 -6.83084
93.7 -6.69121
93.8 -6.87222
93.9 -6.57087
94 -6.74077
94.1 -6.83863
94.2 -6.33624
94.3 -6.15155
94.4 -6.31266
94.5 -4.26051
94.6 -6.87929
94.7 -6.81161
94.8 -6.94291
94.9 -6.44279
95 -6.60008
95.1 -6.95269
95.2 -6.78556
95.3 -6.86894
95.4 -6.76299
95.5 -6.80601
95.6 -5.13849
95.7 -6.82999
95.8 -6.95007
95.9 -5.37199
96 -6.66206
96.1 -6.37751
96.2 -5.46998
96.3 -5.15819
96.4 -6.72001
96.5 -6.98599
96.6 -5.67874
96.7 -6.23047
96.8 -6.93035
96.9 -5.93138
97 -6.80369
97.1 -5.96186
97.2 -6.15486
97.3 -6.52019
97.4 -7.01259
97.5 -6.693
97.6 -5.57489
97.7 -6.33676
97.8 -7.01806
97.9 -6.26456
98 -6.34387
98.1 -7.03479
98.2 -6.73
98.3 -5.56329
98.4 -5.04058
98.5 -6.92553
98.6 -6.91798
98.7 -6.44889
98.8 -7.05609
98.9 -6.73622
99 -6.81319
99.1 -7.06534
99.2 -7.0674
99.3 -5.30878
99.4 -5.78503
99.5 -7.04294
99.6 -6.53411
99.7 -6.89947
99.8 -5.57749
99.9 -6.7966
100 -6.96881
100.001 -4.97442
