0 5
0.1 5.4468
0.2 5.44735
0.3 5.4479
0.4 5.44846
0.5 5.44902
0.6 5.44958
0.7 5.45015
0.8 5.45072
0.9 5.4513
1 5.45188
1.1 5.45246
1.2 5.45305
1.3 5.45364
1.4 5.45423
1.5 5.45483
1.6 5.45543
1.7 5.45604
1.8 5.45665
1.9 5.45726
2 5.45788
2.1 5.4585
2.2 5.45912
2.3 5.45975
2.4 5.46038
2.5 5.46101
2.6 5.46165
2.7 5.46229
2.8 5.46294
2.9 5.46359
3 5.46424
3.1 5.46489
3.2 5.46555
3.3 5.46622
3.4 5.46688
3.5 5.46755
3.6 5.46823
3.7 5.4689
3.8 5.46959
3.9 5.47027
4 5.47096
4.1 5.47165
4.2 5.47234
4.3 5.47304
4.4 5.47374
4.5 5.47445
4.6 5.47516
4.7 5.47587
4.8 5.47658
4.9 5.4773
5 5.47802
5.1 5.47874
5.2 5.47947
5.3 5.4802
5.4 5.48094
5.5 5.48167
5.6 5.48241
5.7 5.48316
5.8 5.4839
5.9 5.48465
6 5.4854
6.1 5.48616
6.2 5.48691
6.3 5.48767
6.4 5.48844
6.5 5.4892
6.6 5.48997
6.7 5.49074
6.8 5.49152
6.9 5.49229
7 5.49307
7.1 5.49386
7.2 5.49464
7.3 5.49543
7.4 5.49621
7.5 5.49701
7.6 5.4978
7.7 5.49859
7.8 5.49939
7.9 5.50019
8 5.50099
8.1 5.5018
8.2 5.5026
8.3 5.50341
8.4 5.50422
8.5 5.50503
8.6 5.50584
8.7 5.50666
8.8 5.50747
8.9 5.50829
9 5.50911
9.1 5.50993
9.2 5.51075
9.3 5.51158
9.4 5.5124
9.5 5.51323
9.6 5.51405
9.7 5.51488
9.8 5.51571
9.9 5.51654
10 5.51737
10.1 5.5182
10.2 5.51903
10.3 5.51987
10.4 5.5207
10.5 5.52153
10.6 5.52237
10.7 5.5232
10.8 5.52403
10.9 5.52487
11 5.5257
11.1 5.52654
11.2 5.52737
11.3 5.52821
11.4 5.52904
11.5 5.52988
11.6 5.53071
11.7 5.53154
11.8 5.53238
11.9 5.53321
12 5.53404
12.1 5.53487
12.2 5.5357
12.3 5.53653
12.4 5.53736
12.5 5.53819
12.6 5.53902
12.7 5.53984
12.8 5.54067
12.9 5.54149
13 5.54231
13.1 5.54313
13.2 5.54395
13.3 5.54477
13.4 5.54559
13.5 5.5464
13.6 5.54721
13.7 5.54802
13.8 5.54883
13.9 5.54964
14 5.55045
14.1 5.55125
14.2 5.55205
14.3 5.55285
14.4 5.55365
14.5 5.55444
14.6 5.55523
14.7 5.55602
14.8 5.55681
14.9 5.55759
15 5.55838
15.1 5.55916
15.2 5.55993
15.3 5.56071
15.4 5.56148
15.5 5.56225
15.6 5.56302
15.7 5.56378
15.8 5.56454
15.9 5.5653
16 5.56605
16.1 5.5668
16.2 5.56755
16.3 5.5683
16.4 5.56904
16.5 5.56978
16.6 5.57052
16.7 5.57125
16.8 5.57198
16.9 5.5727
17 5.57343
17.1 5.57415
17.2 5.57486
17.3 5.57558
17.4 5.57629
17.5 5.577
17.6 5.5777
17.7 5.5784
17.8 5.5791
17.9 5.57979
18 5.58048
18.1 5.58117
18.2 5.58185
18.3 5.58253
18.4 5.58321
18.5 5.58388
18.6 5.58455
18.7 5.58522
18.8 5.58588
18.9 5.58654
19 5.5872
19.1 5.58785
19.2 5.5885
19.3 5.58915
19.4 5.58979
19.5 5.59043
19.6 5.59107
19.7 5.5917
19.8 5.59233
19.9 5.59296
20 5.59358
20.1 5.5942
20.2 5.59482
20.3 5.59543
20.4 5.59605
20.5 5.59665
20.6 5.59726
20.7 5.59786
20.8 5.59846
20.9 5.59906
21 5.59965
21.1 5.60024
21.2 5.60083
21.3 5.60142
21.4 5.602
21.5 5.60258
21.6 5.60316
21.7 5.60373
21.8 5.6043
21.9 5.60487
22 5.60544
22.1 5.606
22.2 5.60656
22.3 5.60712
22.4 5.60768
22.5 5.60823
22.6 5.60878
22.7 5.60933
22.8 5.60988
22.9 5.61042
23 5.61097
23.1 5.61151
23.2 5.61205
23.3 5.61258
23.4 5.61312
23.5 5.61365
23.6 5.61418
23.7 5.61471
23.8 5.61523
23.9 5.61576
24 5.61628
24.1 5.6168
24.2 5.61732
24.3 5.61783
24.4 5.61835
24.5 5.61886
24.6 5.61937
24.7 5.61988
24.8 5.62039
24.9 5.6209
25 5.6214
25.1 5.62191
25.2 5.62241
25.3 5.62291
25.4 5.62341
25.5 5.62391
25.6 5.6244
25.7 5.6249
25.8 5.62539
25.9 5.62588
26 5.62637
26.1 5.62686
26.2 5.62735
26.3 5.62784
26.4 5.62832
26.5 5.62881
26.6 5.62929
26.7 5.62977
26.8 5.63025
26.9 5.63073
27 5.63121
27.1 5.63169
27.2 5.63216
27.3 5.63264
27.4 5.63311
27.5 5.63358
27.6 5.63405
27.7 5.63452
27.8 5.63499
27.9 5.63546
28 5.63593
28.1 5.63639
28.2 5.63686
28.3 5.63732
28.4 5.63778
28.5 5.63824
28.6 5.6387
28.7 5.63916
28.8 5.63962
28.9 5.64008
29 5.64053
29.1 5.64099
29.2 5.64144
29.3 5.64189
29.4 5.64235
29.5 5.6428
29.6 5.64325
29.7 5.64369
29.8 5.64414
29.9 5.64459
30 5.64503
30.1 5.64548
30.2 5.64592
30.3 5.64636
30.4 5.6468
30.5 5.64724
30.6 5.64768
30.7 5.64811
30.8 5.64855
30.9 5.64898
31 5.64941
31.1 5.64985
31.2 5.65028
31.3 5.65071
31.4 5.65113
31.5 5.65156
31.6 5.65199
31.7 5.65241
31.8 5.65283
31.9 5.65325
32 5.65367
32.1 5.65409
32.2 5.65451
32.3 5.65493
32.4 5.65534
32.5 5.65576
32.6 5.65617
32.7 5.65658
32.8 5.65699
32.9 5.65739
33 5.6578
33.1 5.6582
33.2 5.65861
33.3 5.65901
33.4 5.65941
33.5 5.65981
33.6 5.6602
33.7 5.6606
33.8 5.66099
33.9 5.66139
34 5.66178
34.1 5.66217
34.2 5.66255
34.3 5.66294
34.4 5.66332
34.5 5.66371
34.6 5.66409
34.7 5.66446
34.8 5.66484
34.9 5.66522
35 5.66559
35.1 5.66596
35.2 5.66633
35.3 5.6667
35.4 5.66707
35.5 5.66743
35.6 5.6678
35.7 5.66816
35.8 5.66852
35.9 5.66888
36 5.66923
36.1 5.66959
36.2 5.66994
36.3 5.67029
36.4 5.67064
36.5 5.67098
36.6 5.67133
36.7 5.67167
36.8 5.67201
36.9 5.67235
37 5.67269
37.1 5.67302
37.2 5.67335
37.3 5.67368
37.4 5.67401
37.5 5.67434
37.6 5.67467
37.7 5.67499
37.8 5.67531
37.9 5.67563
38 5.67594
38.1 5.67626
38.2 5.67657
38.3 5.67688
38.4 5.67719
38.5 5.6775
38.6 5.6778
38.7 5.67811
38.8 5.67841
38.9 5.6787
39 5.679
39.1 5.67929
39.2 5.67959
39.3 5.67988
39.4 5.68016
39.5 5.68045
39.6 5.68073
39.7 5.68102
39.8 5.68129
39.9 5.68157
40 5.68185
40.1 5.68212
40.2 5.68239
40.3 5.68266
40.4 5.68293
40.5 5.68319
40.6 5.68346
40.7 5.68372
40.8 5.68397
40.9 5.68423
41 5.68448
41.1 5.68474
41.2 5.68499
41.3 5.68523
41.4 5.68548
41.5 5.68572
41.6 5.68596
41.7 5.6862
41.8 5.68644
41.9 5.68668
42 5.68691
42.1 5.68714
42.2 5.68737
42.3 5.6876
42.4 5.68782
42.5 5.68804
42.6 5.68826
42.7 5.68848
42.8 5.6887
42.9 5.68891
43 5.68912
43.1 5.68933
43.2 5.68954
43.3 5.68975
43.4 5.68995
43.5 5.69015
43.6 5.69035
43.7 5.69055
43.8 5.69074
43.9 5.69093
44 5.69112
44.1 5.69131
44.2 5.6915
44.3 5.69168
44.4 5.69187
44.5 5.69205
44.6 5.69222
44.7 5.6924
44.8 5.69257
44.9 5.69274
45 5.69291
45.1 5.69308
45.2 5.69325
45.3 5.69341
45.4 5.69357
45.5 5.69373
45.6 5.69388
45.7 5.69404
45.8 5.69419
45.9 5.69434
46 5.69449
46.1 5.69463
46.2 5.69478
46.3 5.69492
46.4 5.69506
46.5 5.69519
46.6 5.69533
46.7 5.69546
46.8 5.69559
46.9 5.69572
47 5.69584
47.1 5.69597
47.2 5.69609
47.3 5.69621
47.4 5.69632
47.5 5.69644
47.6 5.69655
47.7 5.69666
47.8 5.69676
47.9 5.69687
48 5.69697
48.1 5.69707
48.2 5.69717
48.3 5.69726
48.4 5.69735
48.5 5.69744
48.6 5.69753
48.7 5.69762
48.8 5.6977
48.9 5.69778
49 5.69785
49.1 5.69793
49.2 5.698
49.3 5.69807
49.4 5.69814
49.5 5.6982
49.6 5.69826
49.7 5.69832
49.8 5.69838
49.9 5.69843
50 5.69848
50.1 5.69853
50.2 5.69857
50.3 5.69861
50.4 5.69865
50.5 5.69868
50.6 5.69872
50.7 5.69875
50.8 5.69877
50.9 5.6988
51 5.69882
51.1 5.69883
51.2 5.69885
51.3 5.69886
51.4 5.69887
51.5 5.69887
51.6 5.69887
51.7 5.69887
51.8 5.69886
51.9 5.69885
52 5.69884
52.1 5.69882
52.2 5.6988
52.3 5.69878
52.4 5.69875
52.5 5.69872
52.6 5.69869
52.7 5.69865
52.8 5.69861
52.9 5.69856
53 5.69851
53.1 5.69846
53.2 5.6984
53.3 5.69834
53.4 5.69827
53.5 5.6982
53.6 5.69813
53.7 5.69805
53.8 5.69796
53.9 5.69788
54 5.69778
54.1 5.69769
54.2 5.69759
54.3 5.69748
54.4 5.69737
54.5 5.69726
54.6 5.69714
54.7 5.69702
54.8 5.69689
54.9 5.69676
55 5.69662
55.1 5.69647
55.2 5.69633
55.3 5.69617
55.4 5.69602
55.5 5.69585
55.6 5.69568
55.7 5.69551
55.8 5.69533
55.9 5.69515
56 5.69496
56.1 5.69476
56.2 5.69456
56.3 5.69436
56.4 5.69414
56.5 5.69393
56.6 5.6937
56.7 5.69347
56.8 5.69324
56.9 5.693
57 5.69275
57.1 5.6925
57.2 5.69224
57.3 5.69198
57.4 5.69171
57.5 5.69143
57.6 5.69115
57.7 5.69086
57.8 5.69056
57.9 5.69026
58 5.68995
58.1 5.68964
58.2 5.68932
58.3 5.68899
58.4 5.68866
58.5 5.68832
58.6 5.68797
58.7 5.68762
58.8 5.68725
58.9 5.68689
59 5.68651
59.1 5.68613
59.2 5.68575
59.3 5.68535
59.4 5.68495
59.5 5.68454
59.6 5.68413
59.7 5.68371
59.8 5.68328
59.9 5.68284
60 5.6824
60.1 5.68195
60.2 5.6815
60.3 5.68103
60.4 5.68056
60.5 5.68008
60.6 5.6796
60.7 5.67911
60.8 5.67861
60.9 5.6781
61 5.67759
61.1 5.67707
61.2 5.67655
61.3 5.67601
61.4 5.67547
61.5 5.67492
61.6 5.67437
61.7 5.67381
61.8 5.67324
61.9 5.67266
62 5.67208
62.1 5.67149
62.2 5.67089
62.3 5.67029
62.4 5.66968
62.5 5.66906
62.6 5.66844
62.7 5.66781
62.8 5.66717
62.9 5.66652
63 5.66587
63.1 5.66522
63.2 5.66455
63.3 5.66388
63.4 5.6632
63.5 5.66252
63.6 5.66183
63.7 5.66113
63.8 5.66043
63.9 5.65972
64 5.659
64.1 5.65828
64.2 5.65756
64.3 5.65682
64.4 5.65608
64.5 5.65534
64.6 5.65459
64.7 5.65383
64.8 5.65306
64.9 5.6523
65 5.65152
65.1 5.65074
65.2 5.64996
65.3 5.64917
65.4 5.64837
65.5 5.64757
65.6 5.64676
65.7 5.64595
65.8 5.64513
65.9 5.64431
66 5.64349
66.1 5.64266
66.2 5.64182
66.3 5.64098
66.4 5.64013
66.5 5.63928
66.6 5.63843
66.7 5.63757
66.8 5.63671
66.9 5.63584
67 5.63497
67.1 5.6341
67.2 5.63322
67.3 5.63234
67.4 5.63145
67.5 5.63056
67.6 5.62967
67.7 5.62877
67.8 5.62787
67.9 5.62696
68 5.62606
68.1 5.62515
68.2 5.62423
68.3 5.62332
68.4 5.6224
68.5 5.62148
68.6 5.62055
68.7 5.61962
68.8 5.61869
68.9 5.61776
69 5.61683
69.1 5.61589
69.2 5.61495
69.3 5.61401
69.4 5.61306
69.5 5.61212
69.6 5.61117
69.7 5.61022
69.8 5.60927
69.9 5.60832
70 5.60736
70.1 5.6064
70.2 5.60545
70.3 5.60449
70.4 5.60352
70.5 5.60256
70.6 5.6016
70.7 5.60063
70.8 5.59967
70.9 5.5987
71 5.59773
71.1 5.59676
71.2 5.59579
71.3 5.59482
71.4 5.59385
71.5 5.59288
71.6 5.59191
71.7 5.59094
71.8 5.58996
71.9 5.58899
72 5.58802
72.1 5.58704
72.2 5.58607
72.3 5.58509
72.4 5.58412
72.5 5.58314
72.6 5.58217
72.7 5.58119
72.8 5.58022
72.9 5.57924
73 5.57827
73.1 5.57729
73.2 5.57632
73.3 5.57535
73.4 5.57437
73.5 5.5734
73.6 5.57243
73.7 5.57146
73.8 5.57049
73.9 5.56952
74 5.56855
74.1 5.56758
74.2 5.56661
74.3 5.56565
74.4 5.56468
74.5 5.56371
74.6 5.56275
74.7 5.56179
74.8 5.56082
74.9 5.55986
75 5.5589
75.1 5.55794
75.2 5.55699
75.3 5.55603
75.4 5.55507
75.5 5.55412
75.6 5.55317
75.7 5.55222
75.8 5.55127
75.9 5.55032
76 5.54937
76.1 5.54843
76.2 5.54748
76.3 5.54654
76.4 5.5456
76.5 5.54466
76.6 5.54372
76.7 5.54279
76.8 5.54185
76.9 5.54092
77 5.53999
77.1 5.53906
77.2 5.53814
77.3 5.53721
77.4 5.53629
77.5 5.53537
77.6 5.53445
77.7 5.53353
77.8 5.53261
77.9 5.5317
78 5.53079
78.1 5.52988
78.2 5.52897
78.3 5.52807
78.4 5.52717
78.5 5.52626
78.6 5.52537
78.7 5.52447
78.8 5.52358
78.9 5.52268
79 5.52179
79.1 5.52091
79.2 5.52002
79.3 5.51914
79.4 5.51826
79.5 5.51738
79.6 5.5165
79.7 5.51563
79.8 5.51476
79.9 5.51389
80 5.51302
80.1 5.51216
80.2 5.5113
80.3 5.51044
80.4 5.50958
80.5 5.50873
80.6 5.50787
80.7 5.50702
80.8 5.50618
80.9 5.50533
81 5.50449
81.1 5.50365
81.2 5.50282
81.3 5.50198
81.4 5.50115
81.5 5.50032
81.6 5.4995
81.7 5.49867
81.8 5.49785
81.9 5.49703
82 5.49622
82.1 5.4954
82.2 5.49459
82.3 5.49379
82.4 5.49298
82.5 5.49218
82.6 5.49138
82.7 5.49058
82.8 5.48979
82.9 5.489
83 5.48821
83.1 5.48742
83.2 5.48664
83.3 5.48586
83.4 5.48508
83.5 5.4843
83.6 5.48353
83.7 5.48276
83.8 5.48199
83.9 5.48123
84 5.48047
84.1 5.47971
84.2 5.47895
84.3 5.4782
84.4 5.47745
84.5 5.4767
84.6 5.47595
84.7 5.47521
84.8 5.47447
84.9 5.47374
85 5.473
85.1 5.47227
85.2 5.47154
85.3 5.47082
85.4 5.47009
85.5 5.46937
85.6 5.46866
85.7 5.46794
85.8 5.46723
85.9 5.46652
86 5.46581
86.1 5.46511
86.2 5.46441
86.3 5.46371
86.4 5.46301
86.5 5.46232
86.6 5.46163
86.7 5.46094
86.8 5.46026
86.9 5.45958
87 5.4589
87.1 5.45822
87.2 5.45755
87.3 5.45688
87.4 5.45621
87.5 5.45554
87.6 5.45488
87.7 5.45422
87.8 5.45356
87.9 5.45291
88 5.45225
88.1 5.45161
88.2 5.45096
88.3 5.45031
88.4 5.44967
88.5 5.44903
88.6 5.4484
88.7 5.44776
88.8 5.44713
88.9 5.4465
89 5.44588
89.1 5.44526
89.2 5.44464
89.3 5.44402
89.4 5.4434
89.5 5.44279
89.6 5.44218
89.7 5.44157
89.8 5.44097
89.9 5.44036
90 5.43976
90.1 5.43917
90.2 5.43857
90.3 5.43798
90.4 5.43739
90.5 5.4368
90.6 5.43622
90.7 5.43564
90.8 5.43506
90.9 5.43448
91 5.43391
91.1 5.43333
91.2 5.43276
91.3 5.4322
91.4 5.43163
91.5 5.43107
91.6 5.43051
91.7 5.42995
91.8 5.4294
91.9 5.42884
92 5.42829
92.1 5.42774
92.2 5.4272
92.3 5.42666
92.4 5.42611
92.5 5.42558
92.6 5.42504
92.7 5.42451
92.8 5.42397
92.9 5.42344
93 5.42292
93.1 5.42239
93.2 5.42187
93.3 5.42135
93.4 5.42083
93.5 5.42032
93.6 5.4198
93.7 5.41929
93.8 5.41878
93.9 5.41828
94 5.41777
94.1 5.41727
94.2 5.41677
94.3 5.41627
94.4 5.41578
94.5 5.41528
94.6 5.41479
94.7 5.4143
94.8 5.41382
94.9 5.41333
95 5.41285
95.1 5.41237
95.2 5.41189
95.3 5.41141
95.4 5.41094
95.5 5.41047
95.6 5.41
95.7 5.40953
95.8 5.40906
95.9 5.4086
96 5.40814
96.1 5.40768
96.2 5.40722
96.3 5.40676
96.4 5.40631
96.5 5.40586
96.6 5.40541
96.7 5.40496
96.8 5.40451
96.9 5.40407
97 5.40363
97.1 5.40319
97.2 5.40275
97.3 5.40231
97.4 5.40188
97.5 5.40144
97.6 5.40101
97.7 5.40059
97.8 5.40016
97.9 5.39973
98 5.39931
98.1 5.39889
98.2 5.39847
98.3 5.39805
98.4 5.39764
98.5 5.39722
98.6 5.39681
98.7 5.3964
98.8 5.39599
98.9 5.39558
99 5.39518
99.1 5.39477
99.2 5.39437
99.3 5.39397
99.4 5.39357
99.5 5.39318
99.6 5.39278
99.7 5.39239
99.8 5.392
99.9 5.39161
100 5.39122
100.001 5
