0 -4.28323
0.1 -4.29638
0.2 -4.32756
0.3 -4.30975
0.4 -4.28225
0.5 -4.30659
0.6 -4.28964
0.7 -4.25577
0.8 -4.25467
0.9 -4.28544
1 -4.26331
1.1 -4.32668
1.2 -4.29425
1.3 -4.24806
1.4 -4.28566
1.5 -4.26699
1.6 -4.27036
1.7 -4.31121
1.8 -4.2163
1.9 -4.2384
2 -4.28297
2.1 -4.27986
2.2 -4.21789
2.3 -4.27316
2.4 -4.23889
2.5 -4.27732
2.6 -4.3009
2.7 -4.23553
2.8 -4.23721
2.9 -4.25935
3 -4.24871
3.1 -4.22736
3.2 -4.24836
3.3 -4.25751
3.4 -4.22473
3.5 -4.23575
3.6 -4.24974
3.7 -4.25649
3.8 -4.27335
3.9 -4.25549
4 -4.2436
4.1 -4.23076
4.2 -4.26774
4.3 -4.246
4.4 -4.24507
4.5 -4.24732
4.6 -4.27324
4.7 -4.21345
4.8 -4.2289
4.9 -4.25818
5 -4.23787
5.1 -4.23736
5.2 -4.19699
5.3 -4.26728
5.4 -4.24299
5.5 -4.24207
5.6 -4.25185
5.7 -4.22216
5.8 -4.25394
5.9 -4.22902
6 -4.23104
6.1 -4.20944
6.2 -4.24589
6.3 -4.26163
6.4 -4.2001
6.5 -4.25964
6.6 -4.21801
6.7 -4.19967
6.8 -4.2014
6.9 -4.23096
7 -4.26665
7.1 -4.25666
7.2 -4.22623
7.3 -4.25666
7.4 -4.26096
7.5 -4.21432
7.6 -4.23015
7.7 -4.213
7.8 -4.19578
7.9 -4.22277
8 -4.24544
8.1 -4.23206
8.2 -4.23328
8.3 -4.24781
8.4 -4.20293
8.5 -4.1731
8.6 -4.19392
8.7 -4.22196
8.8 -4.20557
8.9 -4.15764
9 -4.20009
9.1 -4.23503
9.2 -4.17331
9.3 -4.22598
9.4 -4.15164
9.5 -4.17588
9.6 -4.18442
9.7 -4.21797
9.8 -4.18797
9.9 -4.15986
10 -4.21042
10.1 -4.16749
10.2 -4.15978
10.3 -4.18305
10.4 -4.16275
10.5 -4.19176
10.6 -4.17633
10.7 -4.16965
10.8 -4.18051
10.9 -4.19959
11 -4.17907
11.1 -4.17179
11.2 -4.1353
11.3 -4.18431
11.4 -4.21386
11.5 -4.14929
11.6 -4.19947
11.7 -4.17917
11.8 -4.1659
11.9 -4.17162
12 -4.12248
12.1 -4.17557
12.2 -4.11738
12.3 -4.11585
12.4 -4.15875
12.5 -4.12373
12.6 -4.12976
12.7 -4.15034
12.8 -4.13324
12.9 -4.09882
13 -4.13583
13.1 -4.16449
13.2 -4.12978
13.3 -4.10395
13.4 -4.12107
13.5 -4.11741
13.6 -4.13543
13.7 -4.11053
13.8 -4.15289
13.9 -4.14731
14 -4.17751
14.1 -4.10059
14.2 -4.09743
14.3 -4.11855
14.4 -4.07192
14.5 -4.08209
14.6 -4.10372
14.7 -4.11543
14.8 -4.13369
14.9 -4.09999
15 -4.13405
15.1 -4.12846
15.2 -4.11966
15.3 -4.12344
15.4 -4.07567
15.5 -4.12342
15.6 -4.11254
15.7 -4.09521
15.8 -4.12082
15.9 -4.13285
16 -4.12229
16.1 -4.08814
16.2 -4.08846
16.3 -4.08787
16.4 -4.11329
16.5 -4.1263
16.6 -4.06004
16.7 -4.0833
16.8 -4.08045
16.9 -4.12377
17 -4.01908
17.1 -4.04859
17.2 -4.08977
17.3 -4.06175
17.4 -4.08485
17.5 -4.0592
17.6 -4.0717
17.7 -4.07567
17.8 -4.10328
17.9 -4.08964
18 -4.0996
18.1 -4.07237
18.2 -4.07576
18.3 -4.06514
18.4 -4.06732
18.5 -4.06247
18.6 -4.04692
18.7 -4.05654
18.8 -4.05657
18.9 -4.03614
19 -4.09761
19.1 -4.07545
19.2 -4.08027
19.3 -4.09589
19.4 -4.07499
19.5 -4.03362
19.6 -4.08496
19.7 -4.04959
19.8 -4.09412
19.9 -4.06964
20 -4.03725
20.1 -4.06871
20.2 -4.03886
20.3 -4.0151
20.4 -4.07805
20.5 -4.02775
20.6 -4.02557
20.7 -4.01534
20.8 -4.03453
20.9 -4.06111
21 -4.08879
21.1 -4.00817
21.2 -4.01908
21.3 -4.04892
21.4 -3.9904
21.5 -4.04736
21.6 -4.00613
21.7 -4.02776
21.8 -4.04832
21.9 -4.04055
22 -4.06733
22.1 -4.04203
22.2 -3.99674
22.3 -4.06765
22.4 -4.08667
22.5 -4.03923
22.6 -4.0832
22.7 -4.02851
22.8 -4.03358
22.9 -4.04619
23 -4.01805
23.1 -4.02293
23.2 -4.07549
23.3 -4.00397
23.4 -4.03491
23.5 -4.00969
23.6 -4.0353
23.7 -4.07172
23.8 -4.03178
23.9 -4.03362
24 -4.04357
24.1 -4.06771
24.2 -4.06577
24.3 -4.06952
24.4 -4.06773
24.5 -4.00185
24.6 -4.03051
24.7 -4.0894
24.8 -4.07922
24.9 -4.04868
25 -4.04867
25.1 -4.03573
25.2 -4.04284
25.3 -4.05753
25.4 -4.05024
25.5 -4.0006
25.6 -4.02483
25.7 -4.06524
25.8 -4.06412
25.9 -4.07468
26 -4.05139
26.1 -3.97543
26.2 -4.02445
26.3 -4.0691
26.4 -4.04485
26.5 -4.04367
26.6 -4.07754
26.7 -4.0452
26.8 -4.02319
26.9 -4.10051
27 -4.11519
27.1 -4.02739
27.2 -4.08506
27.3 -4.05268
27.4 -4.04639
27.5 -4.07135
27.6 -4.05552
27.7 -4.04212
27.8 -4.05593
27.9 -4.10491
28 -4.04706
28.1 -4.08457
28.2 -4.04434
28.3 -4.03833
28.4 -4.08154
28.5 -4.09042
28.6 -4.05949
28.7 -4.07411
28.8 -4.00946
28.9 -4.04258
29 -4.05182
29.1 -4.0347
29.2 -4.08153
29.3 -4.07872
29.4 -4.06633
29.5 -4.0789
29.6 -4.02098
29.7 -4.08425
29.8 -4.07214
29.9 -4.0677
30 -4.1059
30.1 -4.1164
30.2 -4.08813
30.3 -4.11926
30.4 -4.06533
30.5 -4.06278
30.6 -4.13886
30.7 -4.10908
30.8 -4.07131
30.9 -4.08864
31 -4.09791
31.1 -4.10938
31.2 -4.02577
31.3 -4.076
31.4 -4.15118
31.5 -4.05547
31.6 -4.09797
31.7 -4.14528
31.8 -4.1044
31.9 -4.13071
32 -4.07431
32.1 -4.13586
32.2 -4.12949
32.3 -4.09936
32.4 -4.1352
32.5 -4.12891
32.6 -4.13118
32.7 -4.10367
32.8 -4.12462
32.9 -4.14379
33 -4.09136
33.1 -4.11134
33.2 -4.10495
33.3 -4.0947
33.4 -4.14246
33.5 -4.12569
33.6 -4.08089
33.7 -4.09963
33.8 -4.11888
33.9 -4.12062
34 -4.18147
34.1 -4.09799
34.2 -4.13505
34.3 -4.12948
34.4 -4.10815
34.5 -4.0959
34.6 -4.092
34.7 -4.09246
34.8 -4.10854
34.9 -4.10562
35 -4.13656
35.1 -4.17824
35.2 -4.12072
35.3 -4.0949
35.4 -4.14766
35.5 -4.17498
35.6 -4.14022
35.7 -4.12816
35.8 -4.13365
35.9 -4.13105
36 -4.15968
36.1 -4.15044
36.2 -4.16411
36.3 -4.19728
36.4 -4.15728
36.5 -4.11034
36.6 -4.1233
36.7 -4.15482
36.8 -4.17923
36.9 -4.1546
37 -4.14485
37.1 -4.15423
37.2 -4.19734
37.3 -4.15681
37.4 -4.14513
37.5 -4.16339
37.6 -4.17353
37.7 -4.13757
37.8 -4.19662
37.9 -4.2143
38 -4.22103
38.1 -4.16761
38.2 -4.20566
38.3 -4.22609
38.4 -4.21679
38.5 -4.18993
38.6 -4.18582
38.7 -4.20202
38.8 -4.22943
38.9 -4.22406
39 -4.17303
39.1 -4.19352
39.2 -4.16341
39.3 -4.17733
39.4 -4.18216
39.5 -4.19986
39.6 -4.20444
39.7 -4.16054
39.8 -4.19743
39.9 -4.19431
40 -4.2277
40.1 -4.24724
40.2 -4.23007
40.3 -4.23824
40.4 -4.20608
40.5 -4.2326
40.6 -4.29631
40.7 -4.24676
40.8 -4.24968
40.9 -4.26949
41 -4.29446
41.1 -4.2777
41.2 -4.20874
41.3 -4.19781
41.4 -4.25574
41.5 -4.27552
41.6 -4.31615
41.7 -4.24483
41.8 -4.21251
41.9 -4.24343
42 -4.25144
42.1 -4.2483
42.2 -4.24036
42.3 -4.23239
42.4 -4.32982
42.5 -4.26438
42.6 -4.25975
42.7 -4.32797
42.8 -4.32594
42.9 -4.25197
43 -4.25116
43.1 -4.28706
43.2 -4.32531
43.3 -4.31753
43.4 -4.28378
43.5 -4.31429
43.6 -4.3166
43.7 -4.28251
43.8 -4.31771
43.9 -4.34461
44 -4.33867
44.1 -4.29083
44.2 -4.3079
44.3 -4.33754
44.4 -4.32103
44.5 -4.35378
44.6 -4.3717
44.7 -4.35666
44.8 -4.34458
44.9 -4.34039
45 -4.35423
45.1 -4.32124
45.2 -4.32994
45.3 -4.34802
45.4 -4.34361
45.5 -4.38459
45.6 -4.35732
45.7 -4.35736
45.8 -4.37542
45.9 -4.37338
46 -4.33645
46.1 -4.37805
46.2 -4.4
46.3 -4.37733
46.4 -4.42886
46.5 -4.3881
46.6 -4.45163
46.7 -4.41589
46.8 -4.37634
46.9 -4.48606
47 -4.39396
47.1 -4.44803
47.2 -4.4724
47.3 -4.42434
47.4 -4.44491
47.5 -4.40642
47.6 -4.45153
47.7 -4.43773
47.8 -4.48342
47.9 -4.4388
48 -4.47909
48.1 -4.442
48.2 -4.45288
48.3 -4.47239
48.4 -4.47987
48.5 -4.44385
48.6 -4.49697
48.7 -4.48539
48.8 -4.45462
48.9 -4.47506
49 -4.51051
49.1 -4.51686
49.2 -4.53913
49.3 -4.53631
49.4 -4.54734
49.5 -4.51006
49.6 -4.55793
49.7 -4.5769
49.8 -4.52288
49.9 -4.56292
50 -4.57925
50.1 -4.5533
50.2 -4.5454
50.3 -4.62874
50.4 -4.59043
50.5 -4.63428
50.6 -4.58991
50.7 -4.56431
50.8 -4.5873
50.9 -4.60009
51 -4.60439
51.1 -4.64291
51.2 -4.62406
51.3 -4.614
51.4 -4.59158
51.5 -4.65318
51.6 -4.66145
51.7 -4.64411
51.8 -4.65282
51.9 -4.66057
52 -4.68422
52.1 -4.66983
52.2 -4.67277
52.3 -4.61071
52.4 -4.70799
52.5 -4.69405
52.6 -4.67109
52.7 -4.68809
52.8 -4.70088
52.9 -4.75082
53 -4.72748
53.1 -4.77199
53.2 -4.74748
53.3 -4.70449
53.4 -4.73138
53.5 -4.80638
53.6 -4.78297
53.7 -4.81234
53.8 -4.83065
53.9 -4.82411
54 -4.84146
54.1 -4.83263
54.2 -4.79883
54.3 -4.77471
54.4 -4.79467
54.5 -4.85484
54.6 -4.82018
54.7 -4.88146
54.8 -4.85281
54.9 -4.85879
55 -4.87231
55.1 -4.84482
55.2 -4.93366
55.3 -4.91221
55.4 -4.85289
55.5 -4.88832
55.6 -4.92564
55.7 -4.91624
55.8 -4.90226
55.9 -4.89393
56 -4.87215
56.1 -4.89495
56.2 -4.94434
56.3 -4.91952
56.4 -4.93382
56.5 -4.98111
56.6 -4.93292
56.7 -4.93252
56.8 -4.9474
56.9 -4.97813
57 -4.9617
57.1 -4.98881
57.2 -5.01977
57.3 -5.00379
57.4 -4.97891
57.5 -4.98718
57.6 -5.03518
57.7 -4.99835
57.8 -4.98384
57.9 -5.03157
58 -5.02705
58.1 -5.05446
58.2 -5.04739
58.3 -5.07262
58.4 -5.05721
58.5 -5.08674
58.6 -5.08234
58.7 -5.08634
58.8 -5.10301
58.9 -5.06807
59 -5.07542
59.1 -5.08905
59.2 -5.11692
59.3 -5.16864
59.4 -5.1527
59.5 -5.1191
59.6 -5.10853
59.7 -5.14962
59.8 -5.13167
59.9 -5.12964
60 -5.07854
60.1 -5.11813
60.2 -5.18501
60.3 -5.18192
60.4 -5.16391
60.5 -5.17519
60.6 -5.17683
60.7 -5.14195
60.8 -5.20177
60.9 -5.22696
61 -5.12367
61.1 -5.15237
61.2 -5.20403
61.3 -5.22693
61.4 -5.26221
61.5 -5.17128
61.6 -5.21097
61.7 -5.23686
61.8 -5.23051
61.9 -5.26583
62 -5.25113
62.1 -5.3078
62.2 -5.2807
62.3 -5.30176
62.4 -5.28747
62.5 -5.27743
62.6 -5.29621
62.7 -5.33427
62.8 -5.3366
62.9 -5.2774
63 -5.34468
63.1 -5.34664
63.2 -5.37885
63.3 -5.37835
63.4 -5.35123
63.5 -5.3136
63.6 -5.42349
63.7 -5.35523
63.8 -5.41057
63.9 -5.40641
64 -5.39253
64.1 -5.40212
64.2 -5.37726
64.3 -5.38828
64.4 -5.41855
64.5 -5.42879
64.6 -5.36451
64.7 -5.47173
64.8 -5.46955
64.9 -5.41482
65 -5.41764
65.1 -5.4289
65.2 -5.44948
65.3 -5.43913
65.4 -5.40887
65.5 -5.46079
65.6 -5.45075
65.7 -5.45918
65.8 -5.50136
65.9 -5.45143
66 -5.42155
66.1 -5.48076
66.2 -5.48375
66.3 -5.46871
66.4 -5.44733
66.5 -5.51717
66.6 -5.53411
66.7 -5.53997
66.8 -5.56513
66.9 -5.56916
67 -5.54528
67.1 -5.50202
67.2 -5.56082
67.3 -5.54358
67.4 -5.55795
67.5 -5.5776
67.6 -5.4868
67.7 -5.52338
67.8 -5.51425
67.9 -5.57881
68 -5.58654
68.1 -5.57771
68.2 -5.53911
68.3 -5.59476
68.4 -5.56679
68.5 -5.56172
68.6 -5.59561
68.7 -5.55749
68.8 -5.51508
68.9 -5.57355
69 -5.56211
69.1 -5.55247
69.2 -5.57608
69.3 -5.56332
69.4 -5.60329
69.5 -5.604
69.6 -5.56636
69.7 -5.58308
69.8 -5.6284
69.9 -5.63956
70 -5.61945
70.1 -5.62991
70.2 -5.65161
70.3 -5.59441
70.4 -5.63719
70.5 -5.5891
70.6 -5.60075
70.7 -5.59249
70.8 -5.59955
70.9 -5.66205
71 -5.64359
71.1 -5.65251
71.2 -5.59114
71.3 -5.66057
71.4 -5.64416
71.5 -5.6067
71.6 -5.61392
71.7 -5.63508
71.8 -5.67351
71.9 -5.63514
72 -5.63963
72.1 -5.64603
72.2 -5.69021
72.3 -5.61214
72.4 -5.68809
72.5 -5.66725
72.6 -5.69298
72.7 -5.72518
72.8 -5.66397
72.9 -5.66249
73 -5.69288
73.1 -5.746
73.2 -5.73646
73.3 -5.6467
73.4 -5.67752
73.5 -5.69388
73.6 -5.6632
73.7 -5.69241
73.8 -5.72206
73.9 -5.72401
74 -5.688
74.1 -5.71296
74.2 -5.73621
74.3 -5.7048
74.4 -5.69329
74.5 -5.72914
74.6 -5.7402
74.7 -5.70115
74.8 -5.74395
74.9 -5.74409
75 -5.73219
75.1 -5.71582
75.2 -5.72098
75.3 -5.72714
75.4 -5.72886
75.5 -5.70858
75.6 -5.76815
75.7 -5.73786
75.8 -5.71911
75.9 -5.74072
76 -5.758
76.1 -5.71043
76.2 -5.7547
76.3 -5.7939
76.4 -5.75811
76.5 -5.79246
76.6 -5.74788
76.7 -5.7399
76.8 -5.73076
76.9 -5.78179
77 -5.74548
77.1 -5.72888
77.2 -5.7374
77.3 -5.76884
77.4 -5.76394
77.5 -5.78305
77.6 -5.72135
77.7 -5.73754
77.8 -5.75335
77.9 -5.68104
78 -5.75067
78.1 -5.75711
78.2 -5.78195
78.3 -5.73259
78.4 -5.74252
78.5 -5.74365
78.6 -5.73308
78.7 -5.70513
78.8 -5.74694
78.9 -5.74
79 -5.7326
79.1 -5.74469
79.2 -5.7203
79.3 -5.73371
79.4 -5.73823
79.5 -5.74682
79.6 -5.74659
79.7 -5.78553
79.8 -5.73471
79.9 -5.76621
80 -5.76049
80.1 -5.75015
80.2 -5.74156
80.3 -5.75938
80.4 -5.75054
80.5 -5.73575
80.6 -5.80989
80.7 -5.8014
80.8 -5.78806
80.9 -5.76741
81 -5.75315
81.1 -5.7681
81.2 -5.74064
81.3 -5.78146
81.4 -5.80328
81.5 -5.7927
81.6 -5.72416
81.7 -5.7969
81.8 -5.75413
81.9 -5.76276
82 -5.77802
82.1 -5.81108
82.2 -5.78471
82.3 -5.78303
82.4 -5.7563
82.5 -5.77085
82.6 -5.79158
82.7 -5.78707
82.8 -5.7573
82.9 -5.7299
83 -5.77807
83.1 -5.7472
83.2 -5.77552
83.3 -5.7781
83.4 -5.83391
83.5 -5.78634
83.6 -5.79387
83.7 -5.81359
83.8 -5.77365
83.9 -5.79493
84 -5.76976
84.1 -5.82668
84.2 -5.81053
84.3 -5.81723
84.4 -5.81572
84.5 -5.81838
84.6 -5.7794
84.7 -5.83326
84.8 -5.82391
84.9 -5.80393
85 -5.78111
85.1 -5.84723
85.2 -5.81552
85.3 -5.79741
85.4 -5.80322
85.5 -5.8335
85.6 -5.8294
85.7 -5.81576
85.8 -5.835
85.9 -5.8442
86 -5.84752
86.1 -5.83071
86.2 -5.80946
86.3 -5.82113
86.4 -5.81921
86.5 -5.80697
86.6 -5.85276
86.7 -5.83722
86.8 -5.85154
86.9 -5.82553
87 -5.77036
87.1 -5.80828
87.2 -5.86674
87.3 -5.88346
87.4 -5.85579
87.5 -5.85026
87.6 -5.85165
87.7 -5.78737
87.8 -5.8371
87.9 -5.84894
88 -5.8749
88.1 -5.90149
88.2 -5.86008
88.3 -5.84856
88.4 -5.87348
88.5 -5.86262
88.6 -5.85791
88.7 -5.81852
88.8 -5.81901
88.9 -5.85878
89 -5.88649
89.1 -5.83505
89.2 -5.8699
89.3 -5.88693
89.4 -5.88391
89.5 -5.88838
89.6 -5.87022
89.7 -5.88079
89.8 -5.88747
89.9 -5.84352
90 -5.83313
90.1 -5.81102
90.2 -5.85548
90.3 -5.8736
90.4 -5.87563
90.5 -5.82762
90.6 -5.82693
90.7 -5.83772
90.8 -5.85697
90.9 -5.83025
91 -5.88413
91.1 -5.88973
91.2 -5.83374
91.3 -5.83106
91.4 -5.86852
91.5 -5.87027
91.6 -5.87266
91.7 -5.85843
91.8 -5.82681
91.9 -5.87451
92 -5.86708
92.1 -5.83092
92.2 -5.85737
92.3 -5.85627
92.4 -5.83616
92.5 -5.8731
92.6 -5.87122
92.7 -5.87709
92.8 -5.87657
92.9 -5.89843
93 -5.8829
93.1 -5.89405
93.2 -5.87802
93.3 -5.89469
93.4 -5.82864
93.5 -5.91588
93.6 -5.86926
93.7 -5.85945
93.8 -5.85364
93.9 -5.87815
94 -5.85387
94.1 -5.86119
94.2 -5.86631
94.3 -5.85495
94.4 -5.88085
94.5 -5.8652
94.6 -5.8609
94.7 -5.85205
94.8 -5.89038
94.9 -5.91058
95 -5.87797
95.1 -5.86313
95.2 -5.87062
95.3 -5.85606
95.4 -5.83838
95.5 -5.86714
95.6 -5.88358
95.7 -5.85669
95.8 -5.884
95.9 -5.89123
96 -5.86485
96.1 -5.91013
96.2 -5.8813
96.3 -5.8672
96.4 -5.89261
96.5 -5.88653
96.6 -5.90063
96.7 -5.88977
96.8 -5.962
96.9 -5.91611
97 -5.92206
97.1 -5.91255
97.2 -5.8551
97.3 -5.88611
97.4 -5.90312
97.5 -5.8946
97.6 -5.88508
97.7 -5.89511
97.8 -5.91137
97.9 -5.93722
98 -5.92354
98.1 -5.89879
98.2 -5.89646
98.3 -5.93734
98.4 -5.90668
98.5 -5.90737
98.6 -5.94984
98.7 -5.94162
98.8 -5.9178
98.9 -5.92598
99 -5.92845
99.1 -5.86988
99.2 -5.90507
99.3 -5.93072
99.4 -5.94082
99.5 -5.86896
99.6 -5.93783
99.7 -5.96941
99.8 -5.90574
99.9 -5.92454
100 -4.52067
