0 0.208657
0.1 0.208654
0.2 0.208653
0.3 0.208653
0.4 0.208654
0.5 0.208655
0.6 0.208657
0.7 0.20866
0.8 0.208665
0.9 0.208669
1 0.208674
1.1 0.208682
1.2 0.208691
1.3 0.208702
1.4 0.208713
1.5 0.208726
1.6 0.20874
1.7 0.208755
1.8 0.208772
1.9 0.208789
2 0.208806
2.1 0.208825
2.2 0.208845
2.3 0.208867
2.4 0.20889
2.5 0.208915
2.6 0.20894
2.7 0.208966
2.8 0.208993
2.9 0.209021
3 0.20905
3.1 0.209079
3.2 0.209109
3.3 0.209141
3.4 0.209174
3.5 0.209208
3.6 0.209243
3.7 0.209279
3.8 0.209316
3.9 0.209354
4 0.209394
4.1 0.209435
4.2 0.209476
4.3 0.20952
4.4 0.209564
4.5 0.209611
4.6 0.209658
4.7 0.209705
4.8 0.209753
4.9 0.209803
5 0.209854
5.1 0.209905
5.2 0.209959
5.3 0.210013
5.4 0.210068
5.5 0.210126
5.6 0.210183
5.7 0.210242
5.8 0.210303
5.9 0.210366
6 0.210428
6.1 0.210493
6.2 0.210557
6.3 0.210624
6.4 0.210691
6.5 0.210761
6.6 0.210831
6.7 0.210903
6.8 0.210975
6.9 0.211047
7 0.211119
7.1 0.211193
7.2 0.211269
7.3 0.211344
7.4 0.211422
7.5 0.211502
7.6 0.211582
7.7 0.211663
7.8 0.211743
7.9 0.211826
8 0.211911
8.1 0.211995
8.2 0.212082
8.3 0.212169
8.4 0.212258
8.5 0.212346
8.6 0.212437
8.7 0.212529
8.8 0.212622
8.9 0.212716
9 0.212811
9.1 0.212909
9.2 0.213007
9.3 0.213106
9.4 0.213206
9.5 0.213308
9.6 0.213411
9.7 0.213512
9.8 0.213615
9.9 0.21372
10 0.213827
10.1 0.213934
10.2 0.214041
10.3 0.214149
10.4 0.214259
10.5 0.214372
10.6 0.214487
10.7 0.214601
10.8 0.214718
10.9 0.214834
11 0.214951
11.1 0.21507
11.2 0.215189
11.3 0.21531
11.4 0.215432
11.5 0.215556
11.6 0.215684
11.7 0.21581
11.8 0.215939
11.9 0.216068
12 0.216197
12.1 0.216327
12.2 0.216461
12.3 0.216597
12.4 0.216731
12.5 0.216869
12.6 0.217007
12.7 0.217145
12.8 0.217285
12.9 0.217425
13 0.217564
13.1 0.217708
13.2 0.217853
13.3 0.218001
13.4 0.21815
13.5 0.2183
13.6 0.218451
13.7 0.218604
13.8 0.218756
13.9 0.218908
14 0.219065
14.1 0.21922
14.2 0.219377
14.3 0.219535
14.4 0.219693
14.5 0.219855
14.6 0.220017
14.7 0.220182
14.8 0.220348
14.9 0.220512
15 0.220679
15.1 0.220847
15.2 0.221015
15.3 0.221185
15.4 0.221357
15.5 0.221533
15.6 0.221711
15.7 0.221888
15.8 0.222064
15.9 0.222241
16 0.22242
16.1 0.222601
16.2 0.222786
16.3 0.222971
16.4 0.223157
16.5 0.223346
16.6 0.223536
16.7 0.223724
16.8 0.223916
16.9 0.224106
17 0.224301
17.1 0.224495
17.2 0.224692
17.3 0.224891
17.4 0.225089
17.5 0.225289
17.6 0.225491
17.7 0.225695
17.8 0.2259
17.9 0.226107
18 0.226316
18.1 0.226525
18.2 0.226736
18.3 0.226951
18.4 0.227168
18.5 0.227385
18.6 0.227602
18.7 0.227823
18.8 0.228047
18.9 0.228268
19 0.228489
19.1 0.228708
19.2 0.228932
19.3 0.229159
19.4 0.22939
19.5 0.229621
19.6 0.22985
19.7 0.230081
19.8 0.230314
19.9 0.23055
20 0.230795
20.1 0.231035
20.2 0.231282
20.3 0.231527
20.4 0.231771
20.5 0.232025
20.6 0.232278
20.7 0.232528
20.8 0.23278
20.9 0.233035
21 0.233294
21.1 0.233549
21.2 0.233809
21.3 0.234067
21.4 0.234331
21.5 0.234592
21.6 0.234857
21.7 0.235123
21.8 0.235388
21.9 0.235659
22 0.235925
22.1 0.236196
22.2 0.23647
22.3 0.236747
22.4 0.237022
22.5 0.2373
22.6 0.237581
22.7 0.237865
22.8 0.238147
22.9 0.238435
23 0.238727
23.1 0.23902
23.2 0.239315
23.3 0.239611
23.4 0.239904
23.5 0.2402
23.6 0.240504
23.7 0.240807
23.8 0.241111
23.9 0.241418
24 0.241724
24.1 0.242032
24.2 0.242344
24.3 0.242655
24.4 0.242971
24.5 0.243284
24.6 0.2436
24.7 0.243915
24.8 0.244233
24.9 0.244553
25 0.244875
25.1 0.2452
25.2 0.245522
25.3 0.245848
25.4 0.246178
25.5 0.246515
25.6 0.246847
25.7 0.247186
25.8 0.247526
25.9 0.247869
26 0.248223
26.1 0.248575
26.2 0.24892
26.3 0.249266
26.4 0.249618
26.5 0.249973
26.6 0.25033
26.7 0.250688
26.8 0.251055
26.9 0.251416
27 0.251782
27.1 0.252154
27.2 0.252522
27.3 0.252884
27.4 0.253256
27.5 0.253626
27.6 0.253995
27.7 0.254365
27.8 0.254743
27.9 0.255126
28 0.255504
28.1 0.255892
28.2 0.256281
28.3 0.256675
28.4 0.257066
28.5 0.257459
28.6 0.257857
28.7 0.258256
28.8 0.25865
28.9 0.259049
29 0.259452
29.1 0.259864
29.2 0.260275
29.3 0.260697
29.4 0.261121
29.5 0.261548
29.6 0.261989
29.7 0.262435
29.8 0.26288
29.9 0.263331
30 0.263777
30.1 0.264236
30.2 0.264695
30.3 0.265168
30.4 0.265634
30.5 0.266099
30.6 0.266574
30.7 0.267043
30.8 0.267512
30.9 0.267982
31 0.268466
31.1 0.268953
31.2 0.269437
31.3 0.269924
31.4 0.270416
31.5 0.27091
31.6 0.271405
31.7 0.271913
31.8 0.272423
31.9 0.272935
32 0.27345
32.1 0.273962
32.2 0.274481
32.3 0.275011
32.4 0.275541
32.5 0.276074
32.6 0.276612
32.7 0.277146
32.8 0.277692
32.9 0.278245
33 0.278786
33.1 0.279336
33.2 0.279899
33.3 0.280464
33.4 0.281032
33.5 0.281606
33.6 0.282182
33.7 0.282764
33.8 0.283344
33.9 0.283931
34 0.284542
34.1 0.285139
34.2 0.285743
34.3 0.286333
34.4 0.286931
34.5 0.287533
34.6 0.28813
34.7 0.288743
34.8 0.289349
34.9 0.28996
35 0.290572
35.1 0.291175
35.2 0.291808
35.3 0.292452
35.4 0.293078
35.5 0.293734
35.6 0.294397
35.7 0.295059
35.8 0.295723
35.9 0.296385
36 0.297051
36.1 0.297725
36.2 0.298406
36.3 0.299067
36.4 0.299737
36.5 0.300397
36.6 0.301077
36.7 0.301799
36.8 0.302494
36.9 0.303191
37 0.303898
37.1 0.304635
37.2 0.305347
37.3 0.306067
37.4 0.306787
37.5 0.307485
37.6 0.308213
37.7 0.308964
37.8 0.30973
37.9 0.310498
38 0.311277
38.1 0.312053
38.2 0.312855
38.3 0.313636
38.4 0.314434
38.5 0.315213
38.6 0.315997
38.7 0.316789
38.8 0.317579
38.9 0.318391
39 0.319207
39.1 0.320024
39.2 0.320846
39.3 0.321691
39.4 0.322541
39.5 0.323383
39.6 0.324212
39.7 0.325049
39.8 0.325871
39.9 0.326703
40 0.32751
40.1 0.328355
40.2 0.329211
40.3 0.330088
40.4 0.330936
40.5 0.331808
40.6 0.33268
40.7 0.333543
40.8 0.334369
40.9 0.335202
41 0.336029
41.1 0.336889
41.2 0.337747
41.3 0.338563
41.4 0.339394
41.5 0.340194
41.6 0.341018
41.7 0.341844
41.8 0.342675
41.9 0.343547
42 0.344442
42.1 0.345318
42.2 0.346211
42.3 0.347081
42.4 0.34798
42.5 0.348874
42.6 0.349732
42.7 0.350582
42.8 0.351437
42.9 0.352301
43 0.353155
43.1 0.354032
43.2 0.354848
43.3 0.355652
43.4 0.356514
43.5 0.357373
43.6 0.358184
43.7 0.359017
43.8 0.359831
43.9 0.360671
44 0.361534
44.1 0.362385
44.2 0.363221
44.3 0.364053
44.4 0.364907
44.5 0.365737
44.6 0.366558
44.7 0.367407
44.8 0.368221
44.9 0.369047
45 0.36986
45.1 0.370685
45.2 0.371493
45.3 0.372314
45.4 0.37312
45.5 0.373893
45.6 0.374679
45.7 0.375438
45.8 0.376196
45.9 0.376966
46 0.377748
46.1 0.3785
46.2 0.379268
46.3 0.380028
46.4 0.380824
46.5 0.381596
46.6 0.382341
46.7 0.383076
46.8 0.383791
46.9 0.384548
47 0.385323
47.1 0.386054
47.2 0.386773
47.3 0.387527
47.4 0.388266
47.5 0.389024
47.6 0.389757
47.7 0.390488
47.8 0.391197
47.9 0.391914
48 0.392628
48.1 0.393321
48.2 0.394041
48.3 0.394756
48.4 0.395451
48.5 0.396113
48.6 0.396789
48.7 0.39748
48.8 0.39815
48.9 0.398843
49 0.399535
49.1 0.400246
49.2 0.40093
49.3 0.401583
49.4 0.402265
49.5 0.402929
49.6 0.403581
49.7 0.404238
49.8 0.404908
49.9 0.405568
50 0.406215
50.1 0.406867
50.2 0.407512
50.3 0.408153
50.4 0.408818
50.5 0.40946
50.6 0.410105
50.7 0.410718
50.8 0.411308
50.9 0.411925
51 0.412498
51.1 0.413088
51.2 0.413688
51.3 0.414259
51.4 0.414836
51.5 0.415393
51.6 0.415951
51.7 0.416473
51.8 0.417002
51.9 0.417554
52 0.418099
52.1 0.418639
52.2 0.419184
52.3 0.419709
52.4 0.420232
52.5 0.420748
52.6 0.421276
52.7 0.421786
52.8 0.422291
52.9 0.422792
53 0.423275
53.1 0.423767
53.2 0.424232
53.3 0.424709
53.4 0.425161
53.5 0.425619
53.6 0.42608
53.7 0.426546
53.8 0.426972
53.9 0.42742
54 0.427849
54.1 0.428275
54.2 0.428682
54.3 0.429076
54.4 0.429439
54.5 0.429802
54.6 0.430132
54.7 0.430487
54.8 0.430837
54.9 0.431176
55 0.431497
55.1 0.431821
55.2 0.432139
55.3 0.432446
55.4 0.432773
55.5 0.433061
55.6 0.433345
55.7 0.433647
55.8 0.433932
55.9 0.434199
56 0.434478
56.1 0.434747
56.2 0.435023
56.3 0.435273
56.4 0.435514
56.5 0.435764
56.6 0.43602
56.7 0.436267
56.8 0.436511
56.9 0.43676
57 0.436959
57.1 0.437173
57.2 0.437378
57.3 0.437567
57.4 0.437747
57.5 0.437903
57.6 0.438042
57.7 0.438202
57.8 0.438366
57.9 0.438502
58 0.438665
58.1 0.438814
58.2 0.438964
58.3 0.439114
58.4 0.439266
58.5 0.439405
58.6 0.439528
58.7 0.439649
58.8 0.43978
58.9 0.439886
59 0.440001
59.1 0.440117
59.2 0.440228
59.3 0.440359
59.4 0.4405
59.5 0.440635
59.6 0.440744
59.7 0.440842
59.8 0.440959
59.9 0.44106
60 0.441148
60.1 0.441229
60.2 0.44129
60.3 0.441363
60.4 0.441447
60.5 0.441508
60.6 0.441572
60.7 0.441626
60.8 0.441662
60.9 0.441702
61 0.441722
61.1 0.441742
61.2 0.44178
61.3 0.4418
61.4 0.441822
61.5 0.441843
61.6 0.441856
61.7 0.441866
61.8 0.441872
61.9 0.441851
62 0.441846
62.1 0.441835
62.2 0.441817
62.3 0.441804
62.4 0.441787
62.5 0.441752
62.6 0.441725
62.7 0.44169
62.8 0.441664
62.9 0.441641
63 0.441604
63.1 0.441569
63.2 0.441534
63.3 0.441506
63.4 0.441485
63.5 0.441465
63.6 0.44144
63.7 0.441405
63.8 0.441383
63.9 0.441359
64 0.441334
64.1 0.441296
64.2 0.441264
64.3 0.441241
64.4 0.441228
64.5 0.441213
64.6 0.441194
64.7 0.441182
64.8 0.441164
64.9 0.441169
65 0.441157
65.1 0.441136
65.2 0.441127
65.3 0.441121
65.4 0.441116
65.5 0.441112
65.6 0.441091
65.7 0.441077
65.8 0.441062
65.9 0.441052
66 0.441039
66.1 0.44103
66.2 0.441021
66.3 0.441007
66.4 0.441013
66.5 0.441016
66.6 0.441019
66.7 0.44102
66.8 0.441011
66.9 0.440998
67 0.440998
67.1 0.441003
67.2 0.441018
67.3 0.441026
67.4 0.441042
67.5 0.441058
67.6 0.441085
67.7 0.441099
67.8 0.441114
67.9 0.441141
68 0.441158
68.1 0.441169
68.2 0.441183
68.3 0.441196
68.4 0.441225
68.5 0.441254
68.6 0.441275
68.7 0.441301
68.8 0.441331
68.9 0.441352
69 0.44137
69.1 0.441399
69.2 0.44143
69.3 0.441456
69.4 0.441489
69.5 0.441521
69.6 0.441551
69.7 0.441585
69.8 0.441608
69.9 0.441634
70 0.441671
70.1 0.441713
70.2 0.441748
70.3 0.441781
70.4 0.441815
70.5 0.441849
70.6 0.441875
70.7 0.441912
70.8 0.441956
70.9 0.441995
71 0.442041
71.1 0.442085
71.2 0.442126
71.3 0.442165
71.4 0.442206
71.5 0.442247
71.6 0.442285
71.7 0.442328
71.8 0.442371
71.9 0.442413
72 0.442453
72.1 0.442503
72.2 0.442549
72.3 0.442601
72.4 0.442654
72.5 0.442708
72.6 0.442754
72.7 0.442802
72.8 0.442854
72.9 0.442914
73 0.442967
73.1 0.443027
73.2 0.443087
73.3 0.44314
73.4 0.443195
73.5 0.44325
73.6 0.443306
73.7 0.443363
73.8 0.443429
73.9 0.443494
74 0.443558
74.1 0.443622
74.2 0.443687
74.3 0.443753
74.4 0.443812
74.5 0.443876
74.6 0.443938
74.7 0.444005
74.8 0.444076
74.9 0.444148
75 0.444221
75.1 0.444289
75.2 0.444361
75.3 0.444431
75.4 0.444498
75.5 0.444569
75.6 0.444642
75.7 0.444713
75.8 0.444782
75.9 0.444853
76 0.444928
76.1 0.445004
76.2 0.44508
76.3 0.445153
76.4 0.445231
76.5 0.445312
76.6 0.445389
76.7 0.44547
76.8 0.445547
76.9 0.445629
77 0.445713
77.1 0.445793
77.2 0.445873
77.3 0.445954
77.4 0.446034
77.5 0.446116
77.6 0.4462
77.7 0.446283
77.8 0.446362
77.9 0.446444
78 0.446531
78.1 0.446617
78.2 0.446697
78.3 0.44678
78.4 0.446861
78.5 0.44694
78.6 0.447024
78.7 0.447107
78.8 0.447194
78.9 0.44728
79 0.447363
79.1 0.447452
79.2 0.447536
79.3 0.447624
79.4 0.447706
79.5 0.44779
79.6 0.447873
79.7 0.447957
79.8 0.448042
79.9 0.448126
80 0.448211
80.1 0.448296
80.2 0.448384
80.3 0.448471
80.4 0.448564
80.5 0.448659
80.6 0.448749
80.7 0.44884
80.8 0.448929
80.9 0.449017
81 0.449108
81.1 0.449203
81.2 0.449298
81.3 0.449389
81.4 0.449479
81.5 0.44957
81.6 0.449662
81.7 0.449754
81.8 0.449845
81.9 0.449938
82 0.450028
82.1 0.450122
82.2 0.450216
82.3 0.450309
82.4 0.450408
82.5 0.450504
82.6 0.450603
82.7 0.4507
82.8 0.450794
82.9 0.450888
83 0.450985
83.1 0.451082
83.2 0.451179
83.3 0.451277
83.4 0.451374
83.5 0.45147
83.6 0.451567
83.7 0.451665
83.8 0.451762
83.9 0.451863
84 0.451966
84.1 0.452064
84.2 0.452162
84.3 0.452261
84.4 0.452358
84.5 0.452459
84.6 0.452559
84.7 0.45266
84.8 0.45276
84.9 0.452862
85 0.452961
85.1 0.453061
85.2 0.453162
85.3 0.453263
85.4 0.453364
85.5 0.453463
85.6 0.453569
85.7 0.453671
85.8 0.453772
85.9 0.453875
86 0.453978
86.1 0.454082
86.2 0.454191
86.3 0.454297
86.4 0.454405
86.5 0.45451
86.6 0.454616
86.7 0.454723
86.8 0.454829
86.9 0.454935
87 0.45504
87.1 0.455146
87.2 0.455252
87.3 0.455359
87.4 0.455469
87.5 0.455579
87.6 0.455689
87.7 0.455795
87.8 0.455904
87.9 0.456012
88 0.456121
88.1 0.456232
88.2 0.456344
88.3 0.456454
88.4 0.456565
88.5 0.456675
88.6 0.456785
88.7 0.4569
88.8 0.457013
88.9 0.457123
89 0.457235
89.1 0.457349
89.2 0.457462
89.3 0.457575
89.4 0.457689
89.5 0.4578
89.6 0.457912
89.7 0.458025
89.8 0.458142
89.9 0.458257
90 0.458373
90.1 0.458489
90.2 0.458605
90.3 0.458724
90.4 0.45884
90.5 0.458957
90.6 0.459077
90.7 0.459196
90.8 0.459316
90.9 0.459436
91 0.459556
91.1 0.459677
91.2 0.459798
91.3 0.459921
91.4 0.460043
91.5 0.460165
91.6 0.460285
91.7 0.460408
91.8 0.460533
91.9 0.460657
92 0.460783
92.1 0.460907
92.2 0.461032
92.3 0.461157
92.4 0.461281
92.5 0.461407
92.6 0.461536
92.7 0.461662
92.8 0.461792
92.9 0.461923
93 0.462052
93.1 0.462181
93.2 0.462313
93.3 0.462445
93.4 0.462575
93.5 0.462707
93.6 0.462839
93.7 0.462969
93.8 0.463101
93.9 0.463235
94 0.463372
94.1 0.463507
94.2 0.463642
94.3 0.463778
94.4 0.463911
94.5 0.464047
94.6 0.464181
94.7 0.464317
94.8 0.464455
94.9 0.464593
95 0.464731
95.1 0.46487
95.2 0.46501
95.3 0.46515
95.4 0.46529
95.5 0.465431
95.6 0.465574
95.7 0.465716
95.8 0.465857
95.9 0.465999
96 0.466143
96.1 0.466292
96.2 0.466438
96.3 0.466585
96.4 0.466734
96.5 0.466885
96.6 0.467035
96.7 0.467184
96.8 0.467333
96.9 0.467484
97 0.467631
97.1 0.467781
97.2 0.467933
97.3 0.468083
97.4 0.468233
97.5 0.468387
97.6 0.468541
97.7 0.468695
97.8 0.468853
97.9 0.469008
98 0.469164
98.1 0.469319
98.2 0.469475
98.3 0.469634
98.4 0.469791
98.5 0.469952
98.6 0.470113
98.7 0.470274
98.8 0.470434
98.9 0.470596
99 0.470759
99.1 0.470923
99.2 0.471089
99.3 0.471254
99.4 0.471418
99.5 0.471582
99.6 0.471747
99.7 0.471911
99.8 0.472076
99.9 0.472244
100 1.14838
