0 -10
0.1 -10.0666
0.2 -10.0666
0.3 -10.0666
0.4 -10.0666
0.5 -10.0666
0.6 -10.0666
0.7 -10.0666
0.8 -10.0665
0.9 -10.0665
1 -10.0665
1.1 -10.0665
1.2 -10.0665
1.3 -10.0665
1.4 -10.0665
1.5 -10.0665
1.6 -10.0665
1.7 -10.0665
1.8 -10.0665
1.9 -10.0665
2 -10.0665
2.1 -10.0665
2.2 -10.0665
2.3 -10.0665
2.4 -10.0665
2.5 -10.0665
2.6 -10.0665
2.7 -10.0665
2.8 -10.0665
2.9 -10.0665
3 -10.0665
3.1 -10.0665
3.2 -10.0665
3.3 -10.0664
3.4 -10.0664
3.5 -10.0664
3.6 -10.0664
3.7 -10.0664
3.8 -10.0664
3.9 -10.0664
4 -10.0664
4.1 -10.0664
4.2 -10.0664
4.3 -10.0664
4.4 -10.0664
4.5 -10.0664
4.6 -10.0664
4.7 -10.0664
4.8 -10.0664
4.9 -10.0664
5 -10.0664
5.1 -10.0663
5.2 -10.0663
5.3 -10.0663
5.4 -10.0663
5.5 -10.0663
5.6 -10.0663
5.7 -10.0663
5.8 -10.0663
5.9 -10.0663
6 -10.0663
6.1 -10.0663
6.2 -10.0663
6.3 -10.0663
6.4 -10.0663
6.5 -10.0663
6.6 -10.0662
6.7 -10.0662
6.8 -10.0662
6.9 -10.0662
7 -10.0662
7.1 -10.0662
7.2 -10.0662
7.3 -10.0662
7.4 -10.0662
7.5 -10.0662
7.6 -10.0662
7.7 -10.0662
7.8 -10.0662
7.9 -10.0661
8 -10.0661
8.1 -10.0661
8.2 -10.0661
8.3 -10.0661
8.4 -10.0661
8.5 -10.0661
8.6 -10.0661
8.7 -10.0661
8.8 -10.0661
8.9 -10.0661
9 -10.066
9.1 -10.066
9.2 -10.066
9.3 -10.066
9.4 -10.066
9.5 -10.066
9.6 -10.066
9.7 -10.066
9.8 -10.066
9.9 -10.066
10 -10.0659
10.1 -10.0659
10.2 -10.0659
10.3 -10.0659
10.4 -10.0659
10.5 -10.0659
10.6 -10.0659
10.7 -10.0659
10.8 -10.0659
10.9 -10.0658
11 -10.0658
11.1 -10.0658
11.2 -10.0658
11.3 -10.0658
11.4 -10.0658
11.5 -10.0658
11.6 -10.0658
11.7 -10.0657
11.8 -10.0657
11.9 -10.0657
12 -10.0657
12.1 -10.0657
12.2 -10.0657
12.3 -10.0657
12.4 -10.0656
12.5 -10.0656
12.6 -10.0656
12.7 -10.0656
12.8 -10.0656
12.9 -10.0656
13 -10.0656
13.1 -10.0655
13.2 -10.0655
13.3 -10.0655
13.4 -10.0655
13.5 -10.0655
13.6 -10.0655
13.7 -10.0655
13.8 -10.0654
13.9 -10.0654
14 -10.0654
14.1 -10.0654
14.2 -10.0654
14.3 -10.0654
14.4 -10.0653
14.5 -10.0653
14.6 -10.0653
14.7 -10.0653
14.8 -10.0653
14.9 -10.0653
15 -10.0652
15.1 -10.0652
15.2 -10.0652
15.3 -10.0652
15.4 -10.0652
15.5 -10.0651
15.6 -10.0651
15.7 -10.0651
15.8 -10.0651
15.9 -10.0651
16 -10.065
16.1 -10.065
16.2 -10.065
16.3 -10.065
16.4 -10.065
16.5 -10.0649
16.6 -10.0649
16.7 -10.0649
16.8 -10.0649
16.9 -10.0649
17 -10.0648
17.1 -10.0648
17.2 -10.0648
17.3 -10.0648
17.4 -10.0647
17.5 -10.0647
17.6 -10.0647
17.7 -10.0647
17.8 -10.0646
17.9 -10.0646
18 -10.0646
18.1 -10.0646
18.2 -10.0645
18.3 -10.0645
18.4 -10.0645
18.5 -10.0645
18.6 -10.0644
18.7 -10.0644
18.8 -10.0644
18.9 -10.0644
19 -10.0643
19.1 -10.0643
19.2 -10.0643
19.3 -10.0643
19.4 -10.0642
19.5 -10.0642
19.6 -10.0642
19.7 -10.0641
19.8 -10.0641
19.9 -10.0641
20 -10.0641
20.1 -10.064
20.2 -10.064
20.3 -10.064
20.4 -10.0639
20.5 -10.0639
20.6 -10.0639
20.7 -10.0638
20.8 -10.0638
20.9 -10.0638
21 -10.0637
21.1 -10.0637
21.2 -10.0637
21.3 -10.0636
21.4 -10.0636
21.5 -10.0636
21.6 -10.0635
21.7 -10.0635
21.8 -10.0635
21.9 -10.0634
22 -10.0634
22.1 -10.0634
22.2 -10.0633
22.3 -10.0633
22.4 -10.0632
22.5 -10.0632
22.6 -10.0632
22.7 -10.0631
22.8 -10.0631
22.9 -10.063
23 -10.063
23.1 -10.063
23.2 -10.0629
23.3 -10.0629
23.4 -10.0628
23.5 -10.0628
23.6 -10.0628
23.7 -10.0627
23.8 -10.0627
23.9 -10.0626
24 -10.0626
24.1 -10.0625
24.2 -10.0625
24.3 -10.0624
24.4 -10.0624
24.5 -10.0623
24.6 -10.0623
24.7 -10.0622
24.8 -10.0622
24.9 -10.0621
25 -10.0621
25.1 -10.0621
25.2 -10.062
25.3 -10.0619
25.4 -10.0619
25.5 -10.0618
25.6 -10.0618
25.7 -10.0617
25.8 -10.0617
25.9 -10.0616
26 -10.0616
26.1 -10.0615
26.2 -10.0615
26.3 -10.0614
26.4 -10.0613
26.5 -10.0613
26.6 -10.0612
26.7 -10.0612
26.8 -10.0611
26.9 -10.0611
27 -10.061
27.1 -10.0609
27.2 -10.0609
27.3 -10.0608
27.4 -10.0607
27.5 -10.0607
27.6 -10.0606
27.7 -10.0605
27.8 -10.0605
27.9 -10.0604
28 -10.0603
28.1 -10.0603
28.2 -10.0602
28.3 -10.0601
28.4 -10.0601
28.5 -10.06
28.6 -10.0599
28.7 -10.0599
28.8 -10.0598
28.9 -10.0597
29 -10.0596
29.1 -10.0596
29.2 -10.0595
29.3 -10.0594
29.4 -10.0593
29.5 -10.0592
29.6 -10.0592
29.7 -10.0591
29.8 -10.059
29.9 -10.0589
30 -10.0588
30.1 -10.0588
30.2 -10.0587
30.3 -10.0586
30.4 -10.0585
30.5 -10.0584
30.6 -10.0583
30.7 -10.0582
30.8 -10.0581
30.9 -10.058
31 -10.058
31.1 -10.0579
31.2 -10.0578
31.3 -10.0577
31.4 -10.0576
31.5 -10.0575
31.6 -10.0574
31.7 -10.0573
31.8 -10.0572
31.9 -10.0571
32 -10.057
32.1 -10.0569
32.2 -10.0568
32.3 -10.0567
32.4 -10.0566
32.5 -10.0564
32.6 -10.0563
32.7 -10.0562
32.8 -10.0561
32.9 -10.056
33 -10.0559
33.1 -10.0558
33.2 -10.0557
33.3 -10.0555
33.4 -10.0554
33.5 -10.0553
33.6 -10.0552
33.7 -10.055
33.8 -10.0549
33.9 -10.0548
34 -10.0547
34.1 -10.0545
34.2 -10.0544
34.3 -10.0543
34.4 -10.0541
34.5 -10.054
34.6 -10.0539
34.7 -10.0537
34.8 -10.0536
34.9 -10.0535
35 -10.0533
35.1 -10.0532
35.2 -10.053
35.3 -10.0529
35.4 -10.0527
35.5 -10.0526
35.6 -10.0524
35.7 -10.0523
35.8 -10.0521
35.9 -10.052
36 -10.0518
36.1 -10.0517
36.2 -10.0515
36.3 -10.0513
36.4 -10.0512
36.5 -10.051
36.6 -10.0508
36.7 -10.0507
36.8 -10.0505
36.9 -10.0503
37 -10.0501
37.1 -10.05
37.2 -10.0498
37.3 -10.0496
37.4 -10.0494
37.5 -10.0492
37.6 -10.0491
37.7 -10.0489
37.8 -10.0487
37.9 -10.0485
38 -10.0483
38.1 -10.0481
38.2 -10.0479
38.3 -10.0477
38.4 -10.0475
38.5 -10.0473
38.6 -10.0471
38.7 -10.0469
38.8 -10.0467
38.9 -10.0464
39 -10.0462
39.1 -10.046
39.2 -10.0458
39.3 -10.0456
39.4 -10.0453
39.5 -10.0451
39.6 -10.0449
39.7 -10.0446
39.8 -10.0444
39.9 -10.0442
40 -10.0439
40.1 -10.0437
40.2 -10.0435
40.3 -10.0432
40.4 -10.043
40.5 -10.0427
40.6 -10.0424
40.7 -10.0422
40.8 -10.0419
40.9 -10.0417
41 -10.0414
41.1 -10.0411
41.2 -10.0409
41.3 -10.0406
41.4 -10.0403
41.5 -10.04
41.6 -10.0398
41.7 -10.0395
41.8 -10.0392
41.9 -10.0389
42 -10.0386
42.1 -10.0383
42.2 -10.038
42.3 -10.0377
42.4 -10.0374
42.5 -10.0371
42.6 -10.0368
42.7 -10.0365
42.8 -10.0362
42.9 -10.0359
43 -10.0355
43.1 -10.0352
43.2 -10.0349
43.3 -10.0346
43.4 -10.0342
43.5 -10.0339
43.6 -10.0336
43.7 -10.0332
43.8 -10.0329
43.9 -10.0325
44 -10.0322
44.1 -10.0318
44.2 -10.0315
44.3 -10.0311
44.4 -10.0308
44.5 -10.0304
44.6 -10.03
44.7 -10.0297
44.8 -10.0293
44.9 -10.0289
45 -10.0285
45.1 -10.0281
45.2 -10.0278
45.3 -10.0274
45.4 -10.027
45.5 -10.0266
45.6 -10.0262
45.7 -10.0258
45.8 -10.0254
45.9 -10.025
46 -10.0246
46.1 -10.0242
46.2 -10.0238
46.3 -10.0234
46.4 -10.0229
46.5 -10.0225
46.6 -10.0221
46.7 -10.0217
46.8 -10.0212
46.9 -10.0208
47 -10.0204
47.1 -10.0199
47.2 -10.0195
47.3 -10.0191
47.4 -10.0186
47.5 -10.0182
47.6 -10.0177
47.7 -10.0173
47.8 -10.0168
47.9 -10.0164
48 -10.0159
48.1 -10.0154
48.2 -10.015
48.3 -10.0145
48.4 -10.0141
48.5 -10.0136
48.6 -10.0131
48.7 -10.0126
48.8 -10.0122
48.9 -10.0117
49 -10.0112
49.1 -10.0107
49.2 -10.0103
49.3 -10.0098
49.4 -10.0093
49.5 -10.0088
49.6 -10.0083
49.7 -10.0078
49.8 -10.0074
49.9 -10.0069
50 -10.0064
50.1 -10.0059
50.2 -10.0054
50.3 -10.0049
50.4 -10.0044
50.5 -10.0039
50.6 -10.0034
50.7 -10.0029
50.8 -10.0024
50.9 -10.0019
51 -10.0014
51.1 -10.0009
51.2 -10.0004
51.3 -9.99989
51.4 -9.99939
51.5 -9.99888
51.6 -9.99837
51.7 -9.99787
51.8 -9.99736
51.9 -9.99685
52 -9.99635
52.1 -9.99584
52.2 -9.99533
52.3 -9.99482
52.4 -9.99431
52.5 -9.9938
52.6 -9.99329
52.7 -9.99277
52.8 -9.99226
52.9 -9.99175
53 -9.99124
53.1 -9.99072
53.2 -9.99021
53.3 -9.9897
53.4 -9.98918
53.5 -9.98867
53.6 -9.98815
53.7 -9.98763
53.8 -9.98712
53.9 -9.9866
54 -9.98608
54.1 -9.98556
54.2 -9.98504
54.3 -9.98452
54.4 -9.984
54.5 -9.98348
54.6 -9.98296
54.7 -9.98243
54.8 -9.98191
54.9 -9.98138
55 -9.98086
55.1 -9.98033
55.2 -9.97981
55.3 -9.97928
55.4 -9.97875
55.5 -9.97822
55.6 -9.97769
55.7 -9.97716
55.8 -9.97662
55.9 -9.97609
56 -9.97556
56.1 -9.97502
56.2 -9.97448
56.3 -9.97395
56.4 -9.97341
56.5 -9.97287
56.6 -9.97233
56.7 -9.97179
56.8 -9.97125
56.9 -9.9707
57 -9.97016
57.1 -9.96961
57.2 -9.96906
57.3 -9.96852
57.4 -9.96797
57.5 -9.96742
57.6 -9.96687
57.7 -9.96631
57.8 -9.96576
57.9 -9.96521
58 -9.96465
58.1 -9.96409
58.2 -9.96353
58.3 -9.96297
58.4 -9.96241
58.5 -9.96185
58.6 -9.96128
58.7 -9.96071
58.8 -9.96014
58.9 -9.95957
59 -9.959
59.1 -9.95843
59.2 -9.95785
59.3 -9.95727
59.4 -9.95669
59.5 -9.95611
59.6 -9.95552
59.7 -9.95493
59.8 -9.95434
59.9 -9.95375
60 -9.95315
60.1 -9.95255
60.2 -9.95195
60.3 -9.95134
60.4 -9.95073
60.5 -9.95012
60.6 -9.9495
60.7 -9.94888
60.8 -9.94826
60.9 -9.94763
61 -9.947
61.1 -9.94637
61.2 -9.94573
61.3 -9.94508
61.4 -9.94444
61.5 -9.94378
61.6 -9.94313
61.7 -9.94247
61.8 -9.9418
61.9 -9.94113
62 -9.94046
62.1 -9.93978
62.2 -9.93909
62.3 -9.9384
62.4 -9.93771
62.5 -9.93701
62.6 -9.9363
62.7 -9.93559
62.8 -9.93488
62.9 -9.93416
63 -9.93344
63.1 -9.93271
63.2 -9.93198
63.3 -9.93124
63.4 -9.9305
63.5 -9.92975
63.6 -9.929
63.7 -9.92825
63.8 -9.92749
63.9 -9.92673
64 -9.92596
64.1 -9.92519
64.2 -9.92442
64.3 -9.92364
64.4 -9.92286
64.5 -9.92208
64.6 -9.92129
64.7 -9.9205
64.8 -9.91971
64.9 -9.91892
65 -9.91813
65.1 -9.91733
65.2 -9.91653
65.3 -9.91574
65.4 -9.91494
65.5 -9.91414
65.6 -9.91334
65.7 -9.91254
65.8 -9.91174
65.9 -9.91094
66 -9.91014
66.1 -9.90935
66.2 -9.90855
66.3 -9.90776
66.4 -9.90696
66.5 -9.90617
66.6 -9.90538
66.7 -9.9046
66.8 -9.90382
66.9 -9.90304
67 -9.90226
67.1 -9.90149
67.2 -9.90072
67.3 -9.89996
67.4 -9.89919
67.5 -9.89844
67.6 -9.89769
67.7 -9.89694
67.8 -9.8962
67.9 -9.89546
68 -9.89473
68.1 -9.894
68.2 -9.89328
68.3 -9.89256
68.4 -9.89185
68.5 -9.89115
68.6 -9.89045
68.7 -9.88976
68.8 -9.88907
68.9 -9.88839
69 -9.88771
69.1 -9.88704
69.2 -9.88638
69.3 -9.88572
69.4 -9.88507
69.5 -9.88443
69.6 -9.88379
69.7 -9.88316
69.8 -9.88253
69.9 -9.88191
70 -9.8813
70.1 -9.88069
70.2 -9.88008
70.3 -9.87949
70.4 -9.8789
70.5 -9.87831
70.6 -9.87773
70.7 -9.87716
70.8 -9.87659
70.9 -9.87603
71 -9.87547
71.1 -9.87492
71.2 -9.87437
71.3 -9.87383
71.4 -9.87329
71.5 -9.87276
71.6 -9.87224
71.7 -9.87171
71.8 -9.8712
71.9 -9.87069
72 -9.87018
72.1 -9.86968
72.2 -9.86918
72.3 -9.86868
72.4 -9.86819
72.5 -9.86771
72.6 -9.86723
72.7 -9.86675
72.8 -9.86628
72.9 -9.86581
73 -9.86535
73.1 -9.86489
73.2 -9.86443
73.3 -9.86398
73.4 -9.86353
73.5 -9.86308
73.6 -9.86264
73.7 -9.8622
73.8 -9.86177
73.9 -9.86134
74 -9.86091
74.1 -9.86048
74.2 -9.86006
74.3 -9.85965
74.4 -9.85923
74.5 -9.85882
74.6 -9.85842
74.7 -9.85801
74.8 -9.85761
74.9 -9.85722
75 -9.85682
75.1 -9.85643
75.2 -9.85604
75.3 -9.85566
75.4 -9.85528
75.5 -9.8549
75.6 -9.85453
75.7 -9.85415
75.8 -9.85379
75.9 -9.85342
76 -9.85306
76.1 -9.8527
76.2 -9.85234
76.3 -9.85199
76.4 -9.85164
76.5 -9.8513
76.6 -9.85095
76.7 -9.85061
76.8 -9.85028
76.9 -9.84994
77 -9.84961
77.1 -9.84928
77.2 -9.84896
77.3 -9.84864
77.4 -9.84832
77.5 -9.848
77.6 -9.84769
77.7 -9.84738
77.8 -9.84708
77.9 -9.84677
78 -9.84647
78.1 -9.84618
78.2 -9.84588
78.3 -9.84559
78.4 -9.8453
78.5 -9.84502
78.6 -9.84474
78.7 -9.84446
78.8 -9.84418
78.9 -9.84391
79 -9.84364
79.1 -9.84337
79.2 -9.84311
79.3 -9.84285
79.4 -9.84259
79.5 -9.84233
79.6 -9.84208
79.7 -9.84183
79.8 -9.84158
79.9 -9.84134
80 -9.8411
80.1 -9.84086
80.2 -9.84063
80.3 -9.84039
80.4 -9.84016
80.5 -9.83994
80.6 -9.83971
80.7 -9.83949
80.8 -9.83927
80.9 -9.83906
81 -9.83884
81.1 -9.83863
81.2 -9.83843
81.3 -9.83822
81.4 -9.83802
81.5 -9.83782
81.6 -9.83762
81.7 -9.83742
81.8 -9.83723
81.9 -9.83704
82 -9.83685
82.1 -9.83667
82.2 -9.83649
82.3 -9.83631
82.4 -9.83613
82.5 -9.83595
82.6 -9.83578
82.7 -9.83561
82.8 -9.83544
82.9 -9.83527
83 -9.83511
83.1 -9.83495
83.2 -9.83479
83.3 -9.83463
83.4 -9.83448
83.5 -9.83432
83.6 -9.83417
83.7 -9.83402
83.8 -9.83388
83.9 -9.83373
84 -9.83359
84.1 -9.83345
84.2 -9.83331
84.3 -9.83317
84.4 -9.83304
84.5 -9.83291
84.6 -9.83277
84.7 -9.83265
84.8 -9.83252
84.9 -9.83239
85 -9.83227
85.1 -9.83215
85.2 -9.83203
85.3 -9.83191
85.4 -9.83179
85.5 -9.83168
85.6 -9.83156
85.7 -9.83145
85.8 -9.83134
85.9 -9.83123
86 -9.83113
86.1 -9.83102
86.2 -9.83092
86.3 -9.83082
86.4 -9.83072
86.5 -9.83062
86.6 -9.83052
86.7 -9.83042
86.8 -9.83033
86.9 -9.83024
87 -9.83014
87.1 -9.83005
87.2 -9.82996
87.3 -9.82988
87.4 -9.82979
87.5 -9.8297
87.6 -9.82962
87.7 -9.82954
87.8 -9.82946
87.9 -9.82938
88 -9.8293
88.1 -9.82922
88.2 -9.82914
88.3 -9.82907
88.4 -9.82899
88.5 -9.82892
88.6 -9.82885
88.7 -9.82878
88.8 -9.82871
88.9 -9.82864
89 -9.82857
89.1 -9.82851
89.2 -9.82844
89.3 -9.82838
89.4 -9.82831
89.5 -9.82825
89.6 -9.82819
89.7 -9.82813
89.8 -9.82807
89.9 -9.82801
90 -9.82796
90.1 -9.8279
90.2 -9.82784
90.3 -9.82779
90.4 -9.82773
90.5 -9.82768
90.6 -9.82763
90.7 -9.82758
90.8 -9.82753
90.9 -9.82748
91 -9.82743
91.1 -9.82738
91.2 -9.82733
91.3 -9.82729
91.4 -9.82724
91.5 -9.8272
91.6 -9.82715
91.7 -9.82711
91.8 -9.82707
91.9 -9.82702
92 -9.82698
92.1 -9.82694
92.2 -9.8269
92.3 -9.82686
92.4 -9.82682
92.5 -9.82679
92.6 -9.82675
92.7 -9.82671
92.8 -9.82667
92.9 -9.82664
93 -9.8266
93.1 -9.82657
93.2 -9.82654
93.3 -9.8265
93.4 -9.82647
93.5 -9.82644
93.6 -9.82641
93.7 -9.82638
93.8 -9.82635
93.9 -9.82632
94 -9.82629
94.1 -9.82626
94.2 -9.82623
94.3 -9.8262
94.4 -9.82618
94.5 -9.82615
94.6 -9.82612
94.7 -9.8261
94.8 -9.82607
94.9 -9.82605
95 -9.82602
95.1 -9.826
95.2 -9.82598
95.3 -9.82595
95.4 -9.82593
95.5 -9.82591
95.6 -9.82589
95.7 -9.82587
95.8 -9.82584
95.9 -9.82582
96 -9.8258
96.1 -9.82578
96.2 -9.82577
96.3 -9.82575
96.4 -9.82573
96.5 -9.82571
96.6 -9.82569
96.7 -9.82567
96.8 -9.82566
96.9 -9.82564
97 -9.82562
97.1 -9.82561
97.2 -9.82559
97.3 -9.82558
97.4 -9.82556
97.5 -9.82555
97.6 -9.82553
97.7 -9.82552
97.8 -9.82551
97.9 -9.82549
98 -9.82548
98.1 -9.82547
98.2 -9.82546
98.3 -9.82544
98.4 -9.82543
98.5 -9.82542
98.6 -9.82541
98.7 -9.8254
98.8 -9.82539
98.9 -9.82538
99 -9.82537
99.1 -9.82536
99.2 -9.82535
99.3 -9.82534
99.4 -9.82533
99.5 -9.82532
99.6 -9.82531
99.7 -9.8253
99.8 -9.82529
99.9 -9.82529
100 -9.82528
100.001 -10
