0 0
0.1 0.175433
0.2 0.175816
0.3 0.176324
0.4 0.176684
0.5 0.177227
0.6 0.177659
0.7 0.178224
0.8 0.178655
0.9 0.179033
1 0.179754
1.1 0.180282
1.2 0.18073
1.3 0.181295
1.4 0.181828
1.5 0.182302
1.6 0.182879
1.7 0.183298
1.8 0.183639
1.9 0.183825
2 0.184365
2.1 0.185104
2.2 0.185643
2.3 0.186227
2.4 0.186724
2.5 0.187018
2.6 0.187614
2.7 0.18813
2.8 0.188589
2.9 0.189016
3 0.189562
3.1 0.18999
3.2 0.190157
3.3 0.190436
3.4 0.190791
3.5 0.191097
3.6 0.191398
3.7 0.1918
3.8 0.192373
3.9 0.192855
4 0.193208
4.1 0.193674
4.2 0.194243
4.3 0.194693
4.4 0.195195
4.5 0.195552
4.6 0.196064
4.7 0.196539
4.8 0.197065
4.9 0.19761
5 0.198087
5.1 0.198316
5.2 0.198659
5.3 0.199236
5.4 0.199827
5.5 0.200234
5.6 0.20077
5.7 0.201175
5.8 0.20172
5.9 0.202195
6 0.20277
6.1 0.203448
6.2 0.203968
6.3 0.204194
6.4 0.204609
6.5 0.204867
6.6 0.205274
6.7 0.205617
6.8 0.206062
6.9 0.206707
7 0.207306
7.1 0.207827
7.2 0.208177
7.3 0.208354
7.4 0.208779
7.5 0.209205
7.6 0.209667
7.7 0.210275
7.8 0.210687
7.9 0.211229
8 0.211607
8.1 0.212036
8.2 0.212589
8.3 0.2134
8.4 0.213979
8.5 0.214613
8.6 0.215098
8.7 0.215524
8.8 0.215976
8.9 0.216357
9 0.216853
9.1 0.217428
9.2 0.218013
9.3 0.218457
9.4 0.21898
9.5 0.219596
9.6 0.219941
9.7 0.220494
9.8 0.220981
9.9 0.221568
10 0.222262
10.1 0.222892
10.2 0.223302
10.3 0.22385
10.4 0.224289
10.5 0.224888
10.6 0.22551
10.7 0.225757
10.8 0.226275
10.9 0.226943
11 0.227348
11.1 0.227822
11.2 0.228496
11.3 0.228847
11.4 0.229254
11.5 0.229417
11.6 0.229705
11.7 0.230195
11.8 0.230866
11.9 0.231312
12 0.231886
12.1 0.23241
12.2 0.232696
12.3 0.233084
12.4 0.233803
12.5 0.234384
12.6 0.234897
12.7 0.235356
12.8 0.235822
12.9 0.236354
13 0.236895
13.1 0.237443
13.2 0.237924
13.3 0.238309
13.4 0.238741
13.5 0.239291
13.6 0.239769
13.7 0.240341
13.8 0.240734
13.9 0.241437
14 0.24214
14.1 0.242797
14.2 0.243191
14.3 0.24375
14.4 0.244336
14.5 0.24488
14.6 0.245582
14.7 0.245998
14.8 0.246808
14.9 0.247342
15 0.247781
15.1 0.248195
15.2 0.248825
15.3 0.24935
15.4 0.24994
15.5 0.250345
15.6 0.250646
15.7 0.251257
15.8 0.251944
15.9 0.252584
16 0.253161
16.1 0.253804
16.2 0.254039
16.3 0.254448
16.4 0.254879
16.5 0.255467
16.6 0.256081
16.7 0.256695
16.8 0.257049
16.9 0.257635
17 0.258362
17.1 0.258912
17.2 0.25954
17.3 0.260132
17.4 0.260685
17.5 0.261483
17.6 0.261864
17.7 0.262228
17.8 0.262648
17.9 0.263132
18 0.263562
18.1 0.264224
18.2 0.264869
18.3 0.26551
18.4 0.266192
18.5 0.266862
18.6 0.267448
18.7 0.26795
18.8 0.26863
18.9 0.269292
19 0.270095
19.1 0.270835
19.2 0.271534
19.3 0.272313
19.4 0.272932
19.5 0.273542
19.6 0.273917
19.7 0.274521
19.8 0.274978
19.9 0.275156
20 0.275602
20.1 0.276171
20.2 0.276663
20.3 0.276925
20.4 0.277456
20.5 0.278237
20.6 0.278735
20.7 0.279225
20.8 0.279735
20.9 0.280279
21 0.280804
21.1 0.281506
21.2 0.282147
21.3 0.28297
21.4 0.283688
21.5 0.284429
21.6 0.285097
21.7 0.285503
21.8 0.28607
21.9 0.28659
22 0.287298
22.1 0.287901
22.2 0.288569
22.3 0.289101
22.4 0.289747
22.5 0.290098
22.6 0.290587
22.7 0.291192
22.8 0.291674
22.9 0.291591
23 0.291417
23.1 0.291241
23.2 0.291142
23.3 0.291023
23.4 0.290949
23.5 0.290822
23.6 0.290935
23.7 0.290856
23.8 0.290775
23.9 0.290771
24 0.290659
24.1 0.290642
24.2 0.290513
24.3 0.290435
24.4 0.290422
24.5 0.290382
24.6 0.290238
24.7 0.290117
24.8 0.289984
24.9 0.289833
25 0.289841
25.1 0.289747
25.2 0.289575
25.3 0.289484
25.4 0.289393
25.5 0.289276
25.6 0.289208
25.7 0.289102
25.8 0.289003
25.9 0.288905
26 0.288838
26.1 0.288744
26.2 0.28864
26.3 0.288451
26.4 0.288401
26.5 0.288285
26.6 0.288157
26.7 0.288038
26.8 0.287904
26.9 0.287771
27 0.287654
27.1 0.2875
27.2 0.287326
27.3 0.287159
27.4 0.286965
27.5 0.286797
27.6 0.286608
27.7 0.286478
27.8 0.286368
27.9 0.28631
28 0.286147
28.1 0.286052
28.2 0.285993
28.3 0.285952
28.4 0.285895
28.5 0.285778
28.6 0.285714
28.7 0.285641
28.8 0.285469
28.9 0.285331
29 0.285242
29.1 0.285261
29.2 0.285146
29.3 0.284983
29.4 0.284892
29.5 0.284908
29.6 0.284755
29.7 0.284684
29.8 0.284564
29.9 0.284388
30 0.284289
30.1 0.284102
30.2 0.284058
30.3 0.284102
30.4 0.28408
30.5 0.283992
30.6 0.283973
30.7 0.283833
30.8 0.283697
30.9 0.283581
31 0.283506
31.1 0.283329
31.2 0.283181
31.3 0.283089
31.4 0.283095
31.5 0.283068
31.6 0.282945
31.7 0.282836
31.8 0.282634
31.9 0.282629
32 0.282443
32.1 0.282221
32.2 0.282005
32.3 0.28194
32.4 0.281843
32.5 0.281702
32.6 0.281757
32.7 0.281653
32.8 0.281514
32.9 0.281427
33 0.281203
33.1 0.281128
33.2 0.280942
33.3 0.280705
33.4 0.280487
33.5 0.280419
33.6 0.280245
33.7 0.280148
33.8 0.280056
33.9 0.279897
34 0.279825
34.1 0.279687
34.2 0.279627
34.3 0.279499
34.4 0.27945
34.5 0.27936
34.6 0.279238
34.7 0.279223
34.8 0.279008
34.9 0.278885
35 0.278691
35.1 0.278662
35.2 0.278604
35.3 0.278522
35.4 0.278553
35.5 0.278354
35.6 0.278166
35.7 0.277986
35.8 0.277938
35.9 0.277924
36 0.277856
36.1 0.277834
36.2 0.277832
36.3 0.277737
36.4 0.277622
36.5 0.277564
36.6 0.277401
36.7 0.277187
36.8 0.277006
36.9 0.276799
37 0.276817
37.1 0.276796
37.2 0.276738
37.3 0.27673
37.4 0.276532
37.5 0.276421
37.6 0.276356
37.7 0.276208
37.8 0.276151
37.9 0.275903
38 0.275804
38.1 0.275569
38.2 0.275357
38.3 0.27551
38.4 0.275579
38.5 0.275449
38.6 0.275484
38.7 0.275367
38.8 0.275201
38.9 0.275149
39 0.274973
39.1 0.274778
39.2 0.274661
39.3 0.274458
39.4 0.274494
39.5 0.274505
39.6 0.274419
39.7 0.274322
39.8 0.274128
39.9 0.273995
40 0.273978
40.1 0.273892
40.2 0.273674
40.3 0.273527
40.4 0.273387
40.5 0.273155
40.6 0.272928
40.7 0.27279
40.8 0.272721
40.9 0.272522
41 0.272361
41.1 0.272167
41.2 0.271931
41.3 0.271941
41.4 0.271846
41.5 0.271586
41.6 0.271396
41.7 0.27142
41.8 0.271223
41.9 0.271002
42 0.270765
42.1 0.270847
42.2 0.270733
42.3 0.270852
42.4 0.270678
42.5 0.27052
42.6 0.270341
42.7 0.270093
42.8 0.26992
42.9 0.269665
43 0.269424
43.1 0.269142
43.2 0.269107
43.3 0.269039
43.4 0.269063
43.5 0.269037
43.6 0.268938
43.7 0.268947
43.8 0.268929
43.9 0.26885
44 0.268818
44.1 0.26874
44.2 0.268512
44.3 0.268505
44.4 0.26833
44.5 0.268106
44.6 0.267733
44.7 0.267527
44.8 0.267303
44.9 0.267269
45 0.267177
45.1 0.267191
45.2 0.267281
45.3 0.267207
45.4 0.267235
45.5 0.267148
45.6 0.266855
45.7 0.266639
45.8 0.266491
45.9 0.26636
46 0.266491
46.1 0.266549
46.2 0.266369
46.3 0.266394
46.4 0.266253
46.5 0.266242
46.6 0.266118
46.7 0.265826
46.8 0.265593
46.9 0.265751
47 0.265866
47.1 0.265567
47.2 0.265444
47.3 0.265129
47.4 0.264739
47.5 0.264426
47.6 0.264183
47.7 0.264432
47.8 0.264636
47.9 0.264827
48 0.264667
48.1 0.264642
48.2 0.264483
48.3 0.264227
48.4 0.264274
48.5 0.263853
48.6 0.263714
48.7 0.263672
48.8 0.263583
48.9 0.263125
49 0.2628
49.1 0.262422
49.2 0.262326
49.3 0.262058
49.4 0.261725
49.5 0.261203
49.6 0.261229
49.7 0.260782
49.8 0.260571
49.9 0.260381
50 0.260075
50.1 0.259546
50.2 0.259167
50.3 0.258914
50.4 0.258417
50.5 0.257759
50.6 0.25731
50.7 0.257158
50.8 0.256994
50.9 0.256695
51 0.25613
51.1 0.255821
51.2 0.255785
51.3 0.255736
51.4 0.25544
51.5 0.254948
51.6 0.254647
51.7 0.254545
51.8 0.253827
51.9 0.253408
52 0.253037
52.1 0.252394
52.2 0.252055
52.3 0.251786
52.4 0.251374
52.5 0.250598
52.6 0.25042
52.7 0.249894
52.8 0.249193
52.9 0.248337
53 0.247602
53.1 0.246877
53.2 0.246343
53.3 0.245709
53.4 0.244963
53.5 0.244262
53.6 0.243383
53.7 0.242467
53.8 0.241537
53.9 0.240897
54 0.240129
54.1 0.239246
54.2 0.238198
54.3 0.237087
54.4 0.236096
54.5 0.235254
54.6 0.234102
54.7 0.232959
54.8 0.231908
54.9 0.230696
55 0.22964
55.1 0.228723
55.2 0.227767
55.3 0.226531
55.4 0.225263
55.5 0.224028
55.6 0.22281
55.7 0.221477
55.8 0.220097
55.9 0.218715
56 0.217164
56.1 0.215517
56.2 0.213868
56.3 0.212371
56.4 0.210685
56.5 0.209047
56.6 0.207394
56.7 0.205553
56.8 0.203653
56.9 0.201672
57 0.199725
57.1 0.19764
57.2 0.195552
57.3 0.193466
57.4 0.19125
57.5 0.189009
57.6 0.186684
57.7 0.18426
57.8 0.181775
57.9 0.179277
58 0.176754
58.1 0.174127
58.2 0.171465
58.3 0.168852
58.4 0.16592
58.5 0.162974
58.6 0.159883
58.7 0.15675
58.8 0.153548
58.9 0.150535
59 0.147155
59.1 0.143792
59.2 0.140338
59.3 0.136896
59.4 0.133316
59.5 0.129615
59.6 0.125878
59.7 0.122844
59.8 0.120428
59.9 0.116523
60 0.112809
60.1 0.108766
60.2 0.104323
60.3 0.100413
60.4 0.0958005
60.5 0.0912368
60.6 0.086415
60.7 0.0821355
60.8 0.077872
60.9 0.0731748
61 0.0681814
61.1 0.0629916
61.2 0.0579127
61.3 0.0537258
61.4 0.0496685
61.5 0.0466993
61.6 0.0425203
61.7 0.0378058
61.8 0.0320824
61.9 0.0266394
62 0.0208652
62.1 0.015947
62.2 0.0103875
62.3 0.00381343
62.4 -0.00221683
62.5 -0.00846246
62.6 -0.0147969
62.7 -0.0212676
62.8 -0.0273872
62.9 -0.0332621
63 -0.0378858
63.1 -0.0370561
63.2 -0.0326362
63.3 -0.0268613
63.4 -0.0218322
63.5 -0.0205269
63.6 -0.0256065
63.7 -0.0326496
63.8 -0.0385563
63.9 -0.0440725
64 -0.0513633
64.1 -0.0585047
64.2 -0.0649784
64.3 -0.0718856
64.4 -0.078318
64.5 -0.0849473
64.6 -0.0914291
64.7 -0.0979632
64.8 -0.104489
64.9 -0.110791
65 -0.117985
65.1 -0.125789
65.2 -0.133029
65.3 -0.140756
65.4 -0.147817
65.5 -0.155258
65.6 -0.162314
65.7 -0.169648
65.8 -0.176976
65.9 -0.184738
66 -0.192026
66.1 -0.197275
66.2 -0.204241
66.3 -0.210198
66.4 -0.2176
66.5 -0.224957
66.6 -0.232163
66.7 -0.238924
66.8 -0.245881
66.9 -0.252818
67 -0.258751
67.1 -0.264927
67.2 -0.271771
67.3 -0.278346
67.4 -0.284595
67.5 -0.290966
67.6 -0.297761
67.7 -0.304299
67.8 -0.311381
67.9 -0.316864
68 -0.322571
68.1 -0.329279
68.2 -0.335503
68.3 -0.341086
68.4 -0.347284
68.5 -0.353078
68.6 -0.359083
68.7 -0.364845
68.8 -0.369424
68.9 -0.37374
69 -0.379526
69.1 -0.384321
69.2 -0.388653
69.3 -0.393893
69.4 -0.399099
69.5 -0.404159
69.6 -0.408274
69.7 -0.412622
69.8 -0.41741
69.9 -0.422532
70 -0.427775
70.1 -0.432547
70.2 -0.437549
70.3 -0.441309
70.4 -0.44574
70.5 -0.450323
70.6 -0.454824
70.7 -0.458794
70.8 -0.462989
70.9 -0.466981
71 -0.470621
71.1 -0.474443
71.2 -0.478504
71.3 -0.482326
71.4 -0.486136
71.5 -0.489674
71.6 -0.492314
71.7 -0.496076
71.8 -0.499322
71.9 -0.502597
72 -0.50655
72.1 -0.510462
72.2 -0.513272
72.3 -0.515941
72.4 -0.519609
72.5 -0.523065
72.6 -0.526185
72.7 -0.529057
72.8 -0.531913
72.9 -0.534157
73 -0.536959
73.1 -0.540062
73.2 -0.543193
73.3 -0.545985
73.4 -0.548359
73.5 -0.550802
73.6 -0.553097
73.7 -0.555559
73.8 -0.557487
73.9 -0.559868
74 -0.561795
74.1 -0.563567
74.2 -0.565692
74.3 -0.567954
74.4 -0.570018
74.5 -0.571861
74.6 -0.574153
74.7 -0.575988
74.8 -0.576562
74.9 -0.578299
75 -0.58039
75.1 -0.582369
75.2 -0.584598
75.3 -0.586335
75.4 -0.587909
75.5 -0.589439
75.6 -0.590622
75.7 -0.591918
75.8 -0.593338
75.9 -0.595188
76 -0.597621
76.1 -0.599506
76.2 -0.601249
76.3 -0.602829
76.4 -0.604181
76.5 -0.605412
76.6 -0.606928
76.7 -0.60852
76.8 -0.610127
76.9 -0.611237
77 -0.612204
77.1 -0.613927
77.2 -0.614821
77.3 -0.616303
77.4 -0.617517
77.5 -0.618681
77.6 -0.620669
77.7 -0.622134
77.8 -0.623401
77.9 -0.624707
78 -0.626144
78.1 -0.627593
78.2 -0.628739
78.3 -0.630035
78.4 -0.631337
78.5 -0.632597
78.6 -0.633446
78.7 -0.634429
78.8 -0.635409
78.9 -0.636804
79 -0.637943
79.1 -0.639004
79.2 -0.639783
79.3 -0.640954
79.4 -0.642315
79.5 -0.643308
79.6 -0.644215
79.7 -0.644997
79.8 -0.645707
79.9 -0.64638
80 -0.647305
80.1 -0.648226
80.2 -0.649206
80.3 -0.650238
80.4 -0.650998
80.5 -0.65157
80.6 -0.65244
80.7 -0.653489
80.8 -0.654247
80.9 -0.654998
81 -0.655531
81.1 -0.655974
81.2 -0.656557
81.3 -0.657426
81.4 -0.658166
81.5 -0.659007
81.6 -0.659738
81.7 -0.660036
81.8 -0.660146
81.9 -0.660611
82 -0.661402
82.1 -0.662045
82.2 -0.662695
82.3 -0.663306
82.4 -0.663734
82.5 -0.664294
82.6 -0.664906
82.7 -0.665512
82.8 -0.666003
82.9 -0.666291
83 -0.666628
83.1 -0.667412
83.2 -0.668247
83.3 -0.668934
83.4 -0.669566
83.5 -0.669928
83.6 -0.670294
83.7 -0.670721
83.8 -0.671225
83.9 -0.671985
84 -0.672529
84.1 -0.673046
84.2 -0.673559
84.3 -0.673755
84.4 -0.674219
84.5 -0.674612
84.6 -0.674693
84.7 -0.67479
84.8 -0.67516
84.9 -0.675575
85 -0.675964
85.1 -0.676486
85.2 -0.677026
85.3 -0.677644
85.4 -0.678037
85.5 -0.678466
85.6 -0.678831
85.7 -0.679409
85.8 -0.679704
85.9 -0.680052
86 -0.680235
86.1 -0.680649
86.2 -0.680872
86.3 -0.680985
86.4 -0.681516
86.5 -0.681954
86.6 -0.68217
86.7 -0.682578
86.8 -0.683115
86.9 -0.68357
87 -0.683908
87.1 -0.684212
87.2 -0.684507
87.3 -0.68486
87.4 -0.685228
87.5 -0.685683
87.6 -0.686293
87.7 -0.686956
87.8 -0.687349
87.9 -0.687756
88 -0.688278
88.1 -0.688623
88.2 -0.689192
88.3 -0.689502
88.4 -0.689955
88.5 -0.690217
88.6 -0.690723
88.7 -0.691191
88.8 -0.691322
88.9 -0.691923
89 -0.692403
89.1 -0.692807
89.2 -0.693122
89.3 -0.693401
89.4 -0.693766
89.5 -0.694275
89.6 -0.694675
89.7 -0.694872
89.8 -0.69524
89.9 -0.695635
90 -0.695955
90.1 -0.696299
90.2 -0.696739
90.3 -0.696905
90.4 -0.697168
90.5 -0.697366
90.6 -0.697902
90.7 -0.698211
90.8 -0.698569
90.9 -0.699055
91 -0.69938
91.1 -0.69967
91.2 -0.699932
91.3 -0.700217
91.4 -0.70049
91.5 -0.700859
91.6 -0.701256
91.7 -0.701528
91.8 -0.702077
91.9 -0.702469
92 -0.702843
92.1 -0.702981
92.2 -0.703129
92.3 -0.703439
92.4 -0.703828
92.5 -0.704242
92.6 -0.704615
92.7 -0.704968
92.8 -0.705352
92.9 -0.705888
93 -0.706183
93.1 -0.706593
93.2 -0.707
93.3 -0.707335
93.4 -0.707669
93.5 -0.708096
93.6 -0.708401
93.7 -0.708808
93.8 -0.709254
93.9 -0.709573
94 -0.709892
94.1 -0.710294
94.2 -0.710479
94.3 -0.710564
94.4 -0.710697
94.5 -0.710854
94.6 -0.71109
94.7 -0.711277
94.8 -0.711446
94.9 -0.711653
95 -0.711799
95.1 -0.71191
95.2 -0.712029
95.3 -0.712237
95.4 -0.712461
95.5 -0.712656
95.6 -0.712767
95.7 -0.712924
95.8 -0.713211
95.9 -0.713364
96 -0.713478
96.1 -0.713567
96.2 -0.713646
96.3 -0.713717
96.4 -0.713759
96.5 -0.71399
96.6 -0.714085
96.7 -0.714236
96.8 -0.714369
96.9 -0.714486
97 -0.714559
97.1 -0.714615
97.2 -0.714678
97.3 -0.714881
97.4 -0.714997
97.5 -0.71505
97.6 -0.715088
97.7 -0.715144
97.8 -0.715257
97.9 -0.715316
98 -0.715406
98.1 -0.715518
98.2 -0.715561
98.3 -0.71562
98.4 -0.715635
98.5 -0.715655
98.6 -0.715764
98.7 -0.715838
98.8 -0.715956
98.9 -0.716083
99 -0.716165
99.1 -0.716272
99.2 -0.716328
99.3 -0.716468
99.4 -0.716609
99.5 -0.716748
99.6 -0.716856
99.7 -0.716923
99.8 -0.716982
99.9 -0.717047
100 -0.717152
100.001 0.668342
