3.52237 0.00866381
3.58008 0.0259914
3.6378 0.0953019
3.69551 0.259914
3.75322 0.580475
3.81093 0.918364
3.86864 1.19561
3.92635 1.5075
3.98406 1.61147
4.04178 1.39487
4.09949 1.18694
4.1572 0.883708
4.21491 0.658449
4.27262 0.43319
4.33033 0.155949
4.38804 0.147285
4.44575 0.121293
4.50347 0.0693105
4.56118 0.043319
4.61889 0.0346552
4.6766 0.043319
4.73431 0.0259914
4.79202 0.00866381
4.84973 0
4.90745 0.0173276
4.96516 0.00866381
5.02287 0.00866381
5.08058 0.00866381
5.13829 0.0259914
5.196 0.00866381
5.25371 0
5.31142 0.0346552
5.36914 0.0173276
5.42685 0.0259914
5.48456 0.043319
5.54227 0.0866381
5.59998 0.164612
5.65769 0.155949
5.7154 0.303233
5.77312 0.415863
5.83083 0.537156
5.88854 0.649786
5.94625 0.788407
6.00396 0.693105
6.06167 0.736424
6.11938 0.43319
6.1771 0.381208
6.23481 0.216595
6.29252 0.121293
6.35023 0.0346552
