0 -0.910865
0.1 -0.892618
0.2 -0.904514
0.3 -0.892182
0.4 -0.884674
0.5 -0.876165
0.6 -0.878351
0.7 -0.881961
0.8 -0.871085
0.9 -0.872449
1 -0.866662
1.1 -0.867013
1.2 -0.874283
1.3 -0.871405
1.4 -0.863375
1.5 -0.865591
1.6 -0.860558
1.7 -0.860567
1.8 -0.852839
1.9 -0.854853
2 -0.837636
2.1 -0.833139
2.2 -0.826448
2.3 -0.814021
2.4 -0.81583
2.5 -0.820726
2.6 -0.821582
2.7 -0.81748
2.8 -0.815261
2.9 -0.816551
3 -0.813404
3.1 -0.820124
3.2 -0.81118
3.3 -0.816333
3.4 -0.809596
3.5 -0.80857
3.6 -0.797049
3.7 -0.804697
3.8 -0.807763
3.9 -0.786888
4 -0.788061
4.1 -0.796273
4.2 -0.789688
4.3 -0.776958
4.4 -0.769741
4.5 -0.774296
4.6 -0.774238
4.7 -0.767404
4.8 -0.770149
4.9 -0.767439
5 -0.773572
5.1 -0.774695
5.2 -0.753887
5.3 -0.761242
5.4 -0.764458
5.5 -0.762644
5.6 -0.762953
5.7 -0.761464
5.8 -0.750803
5.9 -0.757307
6 -0.749678
6.1 -0.751705
6.2 -0.751935
6.3 -0.737486
6.4 -0.745295
6.5 -0.74581
6.6 -0.752712
6.7 -0.751268
6.8 -0.7548
6.9 -0.757855
7 -0.739
7.1 -0.734835
7.2 -0.741395
7.3 -0.728627
7.4 -0.736841
7.5 -0.731018
7.6 -0.727184
7.7 -0.712952
7.8 -0.727916
7.9 -0.718408
8 -0.727164
8.1 -0.711412
8.2 -0.718169
8.3 -0.706156
8.4 -0.71813
8.5 -0.710559
8.6 -0.70416
8.7 -0.701041
8.8 -0.708823
8.9 -0.697067
9 -0.703921
9.1 -0.688888
9.2 -0.692448
9.3 -0.680631
9.4 -0.679693
9.5 -0.689474
9.6 -0.683225
9.7 -0.681266
9.8 -0.674602
9.9 -0.681643
10 -0.665126
10.1 -0.679133
10.2 -0.678165
10.3 -0.686715
10.4 -0.673746
10.5 -0.687308
10.6 -0.678539
10.7 -0.677205
10.8 -0.675997
10.9 -0.680234
11 -0.682957
11.1 -0.679763
11.2 -0.670199
11.3 -0.657388
11.4 -0.672737
11.5 -0.662475
11.6 -0.653996
11.7 -0.671866
11.8 -0.670222
11.9 -0.660682
12 -0.665118
12.1 -0.665177
12.2 -0.659694
12.3 -0.653866
12.4 -0.657391
12.5 -0.650435
12.6 -0.649914
12.7 -0.663896
12.8 -0.645622
12.9 -0.654475
13 -0.648803
13.1 -0.656921
13.2 -0.648104
13.3 -0.652085
13.4 -0.652447
13.5 -0.649109
13.6 -0.655193
13.7 -0.654518
13.8 -0.665204
13.9 -0.653771
14 -0.655375
14.1 -0.643344
14.2 -0.655351
14.3 -0.652763
14.4 -0.644777
14.5 -0.640454
14.6 -0.654209
14.7 -0.650234
14.8 -0.651817
14.9 -0.652681
15 -0.65291
15.1 -0.64508
15.2 -0.651786
15.3 -0.643052
15.4 -0.649486
15.5 -0.646991
15.6 -0.633624
15.7 -0.641294
15.8 -0.639126
15.9 -0.638638
16 -0.627782
16.1 -0.636708
16.2 -0.632528
16.3 -0.628015
16.4 -0.614091
16.5 -0.633964
16.6 -0.624278
16.7 -0.622413
16.8 -0.623617
16.9 -0.624344
17 -0.6265
17.1 -0.617635
17.2 -0.617066
17.3 -0.612691
17.4 -0.616
17.5 -0.623022
17.6 -0.615832
17.7 -0.613049
17.8 -0.629661
17.9 -0.618184
18 -0.614655
18.1 -0.592431
18.2 -0.607426
18.3 -0.617186
18.4 -0.603416
18.5 -0.602416
18.6 -0.60074
18.7 -0.604105
18.8 -0.598904
18.9 -0.600787
19 -0.606618
19.1 -0.611469
19.2 -0.615039
19.3 -0.607686
19.4 -0.616034
19.5 -0.620475
19.6 -0.617052
19.7 -0.617838
19.8 -0.607409
19.9 -0.612345
20 -0.613708
20.1 -0.620709
20.2 -0.611507
20.3 -0.612102
20.4 -0.604033
20.5 -0.615455
20.6 -0.607991
20.7 -0.601778
20.8 -0.597661
20.9 -0.598846
21 -0.595753
21.1 -0.608404
21.2 -0.601478
21.3 -0.605063
21.4 -0.605666
21.5 -0.604307
21.6 -0.599732
21.7 -0.598255
21.8 -0.586222
21.9 -0.592206
22 -0.588001
22.1 -0.593674
22.2 -0.58813
22.3 -0.587383
22.4 -0.578702
22.5 -0.58582
22.6 -0.587603
22.7 -0.576702
22.8 -0.585129
22.9 -0.594967
23 -0.591596
23.1 -0.584092
23.2 -0.580429
23.3 -0.58987
23.4 -0.590694
23.5 -0.58617
23.6 -0.585965
23.7 -0.579141
23.8 -0.592347
23.9 -0.580425
24 -0.592857
24.1 -0.585887
24.2 -0.569169
24.3 -0.581119
24.4 -0.572485
24.5 -0.576233
24.6 -0.580517
24.7 -0.583971
24.8 -0.586078
24.9 -0.589823
25 -0.593748
25.1 -0.585216
25.2 -0.574137
25.3 -0.570697
25.4 -0.584
25.5 -0.571333
25.6 -0.569423
25.7 -0.564496
25.8 -0.565951
25.9 -0.591095
26 -0.582604
26.1 -0.578609
26.2 -0.573976
26.3 -0.579363
26.4 -0.57402
26.5 -0.588163
26.6 -0.584282
26.7 -0.579206
26.8 -0.583718
26.9 -0.585852
27 -0.581958
27.1 -0.588345
27.2 -0.591076
27.3 -0.585166
27.4 -0.590926
27.5 -0.586885
27.6 -0.585579
27.7 -0.587962
27.8 -0.588511
27.9 -0.598285
28 -0.595568
28.1 -0.595237
28.2 -0.599213
28.3 -0.592802
28.4 -0.590507
28.5 -0.5884
28.6 -0.59595
28.7 -0.581153
28.8 -0.584773
28.9 -0.59711
29 -0.596692
29.1 -0.604669
29.2 -0.599859
29.3 -0.607204
29.4 -0.617385
29.5 -0.61827
29.6 -0.59173
29.7 -0.609471
29.8 -0.606374
29.9 -0.602019
30 -0.594277
30.1 -0.59731
30.2 -0.586958
30.3 -0.590879
30.4 -0.594365
30.5 -0.599796
30.6 -0.587978
30.7 -0.600192
30.8 -0.612964
30.9 -0.60893
31 -0.605442
31.1 -0.59882
31.2 -0.608371
31.3 -0.603067
31.4 -0.59715
31.5 -0.600808
31.6 -0.588401
31.7 -0.594597
31.8 -0.591981
31.9 -0.588789
32 -0.579964
32.1 -0.576627
32.2 -0.581749
32.3 -0.580657
32.4 -0.567061
32.5 -0.565994
32.6 -0.569975
32.7 -0.570541
32.8 -0.568709
32.9 -0.578742
33 -0.573096
33.1 -0.569184
33.2 -0.581279
33.3 -0.585042
33.4 -0.573504
33.5 -0.567933
33.6 -0.581594
33.7 -0.581612
33.8 -0.572956
33.9 -0.565415
34 -0.572483
34.1 -0.580189
34.2 -0.560954
34.3 -0.577526
34.4 -0.564232
34.5 -0.563822
34.6 -0.555472
34.7 -0.559922
34.8 -0.563838
34.9 -0.566702
35 -0.565419
35.1 -0.563768
35.2 -0.562414
35.3 -0.581486
35.4 -0.575627
35.5 -0.552815
35.6 -0.571775
35.7 -0.570006
35.8 -0.563943
35.9 -0.566819
36 -0.572505
36.1 -0.587621
36.2 -0.577632
36.3 -0.583607
36.4 -0.580663
36.5 -0.587386
36.6 -0.58158
36.7 -0.582185
36.8 -0.577637
36.9 -0.578716
37 -0.581025
37.1 -0.58696
37.2 -0.578991
37.3 -0.578364
37.4 -0.580783
37.5 -0.585607
37.6 -0.590936
37.7 -0.582449
37.8 -0.586657
37.9 -0.58564
38 -0.582508
38.1 -0.568391
38.2 -0.594984
38.3 -0.570561
38.4 -0.572704
38.5 -0.563929
38.6 -0.568748
38.7 -0.57458
38.8 -0.578881
38.9 -0.58432
39 -0.576457
39.1 -0.584002
39.2 -0.563782
39.3 -0.568704
39.4 -0.574912
39.5 -0.574594
39.6 -0.560734
39.7 -0.576712
39.8 -0.571472
39.9 -0.585891
40 -0.578329
40.1 -0.572286
40.2 -0.570363
40.3 -0.567015
40.4 -0.56937
40.5 -0.576709
40.6 -0.581502
40.7 -0.583495
40.8 -0.585039
40.9 -0.593229
41 -0.582789
41.1 -0.585096
41.2 -0.580587
41.3 -0.569387
41.4 -0.577504
41.5 -0.579776
41.6 -0.588865
41.7 -0.590397
41.8 -0.58745
41.9 -0.584354
42 -0.590897
42.1 -0.599984
42.2 -0.602645
42.3 -0.592377
42.4 -0.587255
42.5 -0.602101
42.6 -0.60296
42.7 -0.598726
42.8 -0.610835
42.9 -0.604536
43 -0.59769
43.1 -0.601531
43.2 -0.611716
43.3 -0.612347
43.4 -0.620009
43.5 -0.607247
43.6 -0.609012
43.7 -0.605251
43.8 -0.60104
43.9 -0.607927
44 -0.599574
44.1 -0.605386
44.2 -0.61115
44.3 -0.604365
44.4 -0.60718
44.5 -0.598735
44.6 -0.599927
44.7 -0.611352
44.8 -0.592297
44.9 -0.602866
45 -0.601374
45.1 -0.605934
45.2 -0.580429
45.3 -0.597504
45.4 -0.607325
45.5 -0.599371
45.6 -0.605872
45.7 -0.60549
45.8 -0.600643
45.9 -0.599621
46 -0.608912
46.1 -0.606449
46.2 -0.612564
46.3 -0.605866
46.4 -0.611194
46.5 -0.61324
46.6 -0.630618
46.7 -0.619692
46.8 -0.619668
46.9 -0.622991
47 -0.623536
47.1 -0.607322
47.2 -0.612865
47.3 -0.606235
47.4 -0.611787
47.5 -0.615337
47.6 -0.609576
47.7 -0.62248
47.8 -0.622413
47.9 -0.615911
48 -0.615497
48.1 -0.622975
48.2 -0.620525
48.3 -0.620611
48.4 -0.629888
48.5 -0.625773
48.6 -0.626764
48.7 -0.618472
48.8 -0.623932
48.9 -0.632449
49 -0.626417
49.1 -0.621274
49.2 -0.614844
49.3 -0.601426
49.4 -0.615244
49.5 -0.606547
49.6 -0.604479
49.7 -0.614927
49.8 -0.610701
49.9 -0.599846
50 -0.60124
50.1 -0.597425
50.2 -0.597553
50.3 -0.592773
50.4 -0.591615
50.5 -0.588592
50.6 -0.603457
50.7 -0.592856
50.8 -0.587759
50.9 -0.595551
51 -0.599815
51.1 -0.59841
51.2 -0.592932
51.3 -0.594584
51.4 -0.587123
51.5 -0.603138
51.6 -0.598899
51.7 -0.605119
51.8 -0.604436
51.9 -0.609267
52 -0.603729
52.1 -0.605275
52.2 -0.604116
52.3 -0.603285
52.4 -0.60067
52.5 -0.603308
52.6 -0.604903
52.7 -0.608474
52.8 -0.599739
52.9 -0.603079
53 -0.600676
53.1 -0.60538
53.2 -0.607064
53.3 -0.603827
53.4 -0.599498
53.5 -0.589034
53.6 -0.608193
53.7 -0.608075
53.8 -0.613662
53.9 -0.616462
54 -0.618167
54.1 -0.612115
54.2 -0.633498
54.3 -0.62421
54.4 -0.626513
54.5 -0.628094
54.6 -0.638409
54.7 -0.628248
54.8 -0.629679
54.9 -0.620188
55 -0.629538
55.1 -0.624707
55.2 -0.628139
55.3 -0.623783
55.4 -0.618658
55.5 -0.626306
55.6 -0.608553
55.7 -0.611142
55.8 -0.616895
55.9 -0.61499
56 -0.622442
56.1 -0.614024
56.2 -0.630308
56.3 -0.623779
56.4 -0.618963
56.5 -0.618441
56.6 -0.617333
56.7 -0.61596
56.8 -0.617131
56.9 -0.616263
57 -0.624698
57.1 -0.620364
57.2 -0.622428
57.3 -0.612543
57.4 -0.623539
57.5 -0.629154
57.6 -0.625159
57.7 -0.629714
57.8 -0.617888
57.9 -0.635461
58 -0.62167
58.1 -0.621551
58.2 -0.603523
58.3 -0.602192
58.4 -0.617421
58.5 -0.615328
58.6 -0.618443
58.7 -0.61443
58.8 -0.615249
58.9 -0.608699
59 -0.613947
59.1 -0.612459
59.2 -0.62909
59.3 -0.621968
59.4 -0.611292
59.5 -0.618651
59.6 -0.604951
59.7 -0.62178
59.8 -0.613396
59.9 -0.627305
60 -0.600798
60.1 -0.609205
60.2 -0.609303
60.3 -0.603598
60.4 -0.606357
60.5 -0.60169
60.6 -0.607888
60.7 -0.596914
60.8 -0.602815
60.9 -0.598107
61 -0.591173
61.1 -0.595748
61.2 -0.597826
61.3 -0.599099
61.4 -0.583931
61.5 -0.589085
61.6 -0.586679
61.7 -0.584733
61.8 -0.591655
61.9 -0.583127
62 -0.592183
62.1 -0.583294
62.2 -0.585057
62.3 -0.581017
62.4 -0.579048
62.5 -0.57696
62.6 -0.57814
62.7 -0.579867
62.8 -0.57282
62.9 -0.572601
63 -0.581333
63.1 -0.568226
63.2 -0.578403
63.3 -0.571051
63.4 -0.565163
63.5 -0.570071
63.6 -0.58318
63.7 -0.561577
63.8 -0.558538
63.9 -0.560725
64 -0.57084
64.1 -0.557964
64.2 -0.563282
64.3 -0.55504
64.4 -0.55652
64.5 -0.56104
64.6 -0.55909
64.7 -0.555238
64.8 -0.566143
64.9 -0.563317
65 -0.56024
65.1 -0.570047
65.2 -0.564606
65.3 -0.569568
65.4 -0.567497
65.5 -0.566779
65.6 -0.561088
65.7 -0.571711
65.8 -0.574299
65.9 -0.570807
66 -0.57703
66.1 -0.558451
66.2 -0.56441
66.3 -0.565948
66.4 -0.552734
66.5 -0.555396
66.6 -0.557218
66.7 -0.553799
66.8 -0.565505
66.9 -0.568033
67 -0.574319
67.1 -0.561382
67.2 -0.574101
67.3 -0.563553
67.4 -0.580647
67.5 -0.568669
67.6 -0.57412
67.7 -0.565426
67.8 -0.566659
67.9 -0.567424
68 -0.558232
68.1 -0.559862
68.2 -0.567793
68.3 -0.56401
68.4 -0.573408
68.5 -0.572596
68.6 -0.573262
68.7 -0.578042
68.8 -0.579896
68.9 -0.581291
69 -0.576171
69.1 -0.580191
69.2 -0.576682
69.3 -0.5816
69.4 -0.58655
69.5 -0.595823
69.6 -0.600325
69.7 -0.60534
69.8 -0.607702
69.9 -0.594741
70 -0.607796
70.1 -0.609828
70.2 -0.60329
70.3 -0.594639
70.4 -0.605472
70.5 -0.595154
70.6 -0.590963
70.7 -0.589383
70.8 -0.589237
70.9 -0.583641
71 -0.589741
71.1 -0.597872
71.2 -0.591492
71.3 -0.602811
71.4 -0.605496
71.5 -0.602407
71.6 -0.609868
71.7 -0.5943
71.8 -0.60731
71.9 -0.608043
72 -0.608036
72.1 -0.599603
72.2 -0.596827
72.3 -0.597628
72.4 -0.5905
72.5 -0.588628
72.6 -0.599817
72.7 -0.603738
72.8 -0.612105
72.9 -0.601825
73 -0.605741
73.1 -0.604374
73.2 -0.606232
73.3 -0.604783
73.4 -0.613503
73.5 -0.620692
73.6 -0.615375
73.7 -0.620175
73.8 -0.618315
73.9 -0.612916
74 -0.605857
74.1 -0.601291
74.2 -0.601311
74.3 -0.604698
74.4 -0.608645
74.5 -0.617422
74.6 -0.607319
74.7 -0.625064
74.8 -0.62664
74.9 -0.624313
75 -0.619287
75.1 -0.617956
75.2 -0.616775
75.3 -0.628547
75.4 -0.621981
75.5 -0.618267
75.6 -0.624596
75.7 -0.621452
75.8 -0.607532
75.9 -0.619766
76 -0.603257
76.1 -0.616243
76.2 -0.614494
76.3 -0.607922
76.4 -0.609766
76.5 -0.613427
76.6 -0.607867
76.7 -0.59811
76.8 -0.612358
76.9 -0.605557
77 -0.609485
77.1 -0.605415
77.2 -0.615243
77.3 -0.607217
77.4 -0.614482
77.5 -0.610397
77.6 -0.582778
77.7 -0.602987
77.8 -0.594096
77.9 -0.602922
78 -0.605392
78.1 -0.605658
78.2 -0.593552
78.3 -0.602014
78.4 -0.605895
78.5 -0.607322
78.6 -0.596477
78.7 -0.606315
78.8 -0.594332
78.9 -0.60266
79 -0.610239
79.1 -0.595627
79.2 -0.610663
79.3 -0.59802
79.4 -0.60295
79.5 -0.602939
79.6 -0.595927
79.7 -0.595882
79.8 -0.607577
79.9 -0.610581
80 -0.604874
80.1 -0.601345
80.2 -0.607495
80.3 -0.604299
80.4 -0.605705
80.5 -0.602296
80.6 -0.594875
80.7 -0.585168
80.8 -0.592767
80.9 -0.59485
81 -0.597059
81.1 -0.594686
81.2 -0.589882
81.3 -0.584552
81.4 -0.588029
81.5 -0.589902
81.6 -0.576559
81.7 -0.566513
81.8 -0.587439
81.9 -0.571083
82 -0.569838
82.1 -0.562149
82.2 -0.582005
82.3 -0.584658
82.4 -0.582619
82.5 -0.587807
82.6 -0.578578
82.7 -0.585893
82.8 -0.596172
82.9 -0.596373
83 -0.604433
83.1 -0.596935
83.2 -0.599857
83.3 -0.608267
83.4 -0.597135
83.5 -0.598622
83.6 -0.602371
83.7 -0.595632
83.8 -0.585744
83.9 -0.592604
84 -0.594329
84.1 -0.602737
84.2 -0.586144
84.3 -0.591856
84.4 -0.586918
84.5 -0.586366
84.6 -0.588686
84.7 -0.57821
84.8 -0.576034
84.9 -0.567705
85 -0.563036
85.1 -0.568185
85.2 -0.568815
85.3 -0.559589
85.4 -0.55646
85.5 -0.570478
85.6 -0.556024
85.7 -0.555238
85.8 -0.547955
85.9 -0.57116
86 -0.572397
86.1 -0.561798
86.2 -0.568849
86.3 -0.558786
86.4 -0.568543
86.5 -0.555149
86.6 -0.561737
86.7 -0.564898
86.8 -0.554908
86.9 -0.556008
87 -0.567729
87.1 -0.567679
87.2 -0.574846
87.3 -0.565168
87.4 -0.562842
87.5 -0.562671
87.6 -0.567844
87.7 -0.562075
87.8 -0.553067
87.9 -0.560893
88 -0.556128
88.1 -0.539459
88.2 -0.549163
88.3 -0.555756
88.4 -0.545774
88.5 -0.555653
88.6 -0.559769
88.7 -0.559741
88.8 -0.572487
88.9 -0.561331
89 -0.564635
89.1 -0.556562
89.2 -0.553311
89.3 -0.553558
89.4 -0.560037
89.5 -0.553431
89.6 -0.559045
89.7 -0.550441
89.8 -0.553102
89.9 -0.557694
90 -0.555166
90.1 -0.550254
90.2 -0.55645
90.3 -0.551577
90.4 -0.55412
90.5 -0.562389
90.6 -0.56257
90.7 -0.558688
90.8 -0.567818
90.9 -0.556881
91 -0.559488
91.1 -0.564986
91.2 -0.555408
91.3 -0.548572
91.4 -0.548639
91.5 -0.566355
91.6 -0.558078
91.7 -0.55358
91.8 -0.562284
91.9 -0.538909
92 -0.552346
92.1 -0.556822
92.2 -0.550721
92.3 -0.553685
92.4 -0.554972
92.5 -0.551143
92.6 -0.545604
92.7 -0.56005
92.8 -0.551325
92.9 -0.549657
93 -0.549809
93.1 -0.552733
93.2 -0.558785
93.3 -0.565834
93.4 -0.551439
93.5 -0.55141
93.6 -0.560313
93.7 -0.552984
93.8 -0.557298
93.9 -0.563398
94 -0.553869
94.1 -0.553763
94.2 -0.561753
94.3 -0.564028
94.4 -0.566567
94.5 -0.572574
94.6 -0.564709
94.7 -0.56078
94.8 -0.570996
94.9 -0.564587
95 -0.564039
95.1 -0.567581
95.2 -0.5781
95.3 -0.560416
95.4 -0.564671
95.5 -0.564475
95.6 -0.562968
95.7 -0.567579
95.8 -0.560467
95.9 -0.555955
96 -0.560306
96.1 -0.559961
96.2 -0.557095
96.3 -0.551117
96.4 -0.559863
96.5 -0.553385
96.6 -0.566014
96.7 -0.572187
96.8 -0.56884
96.9 -0.575984
97 -0.581747
97.1 -0.578577
97.2 -0.585799
97.3 -0.564189
97.4 -0.573797
97.5 -0.579207
97.6 -0.565948
97.7 -0.577821
97.8 -0.572567
97.9 -0.570163
98 -0.575099
98.1 -0.57292
98.2 -0.580731
98.3 -0.576406
98.4 -0.58268
98.5 -0.587713
98.6 -0.579384
98.7 -0.588193
98.8 -0.583376
98.9 -0.584288
99 -0.583374
99.1 -0.590398
99.2 -0.583097
99.3 -0.587497
99.4 -0.578195
99.5 -0.580614
99.6 -0.589759
99.7 -0.590114
99.8 -0.601683
99.9 -0.593834
100 -0.586969
