18.5005 0.00113952
18.503 0.00125039
18.5055 0.00137105
18.508 0.00150226
18.5105 0.00164486
18.513 0.0017997
18.5155 0.00196771
18.518 0.00214987
18.5205 0.00234724
18.523 0.00256093
18.5255 0.0027921
18.528 0.00304201
18.5305 0.00331199
18.533 0.00360342
18.5355 0.00391778
18.538 0.00425665
18.5405 0.00462165
18.543 0.00501453
18.5455 0.0054371
18.548 0.00589129
18.5505 0.00637912
18.553 0.00690271
18.5555 0.00746428
18.558 0.00806615
18.5605 0.00871078
18.563 0.00940071
18.5655 0.0101386
18.568 0.0109273
18.5705 0.0117696
18.573 0.0126686
18.5755 0.0136275
18.578 0.0146494
18.5805 0.015738
18.583 0.0168966
18.5855 0.0181289
18.588 0.0194389
18.5905 0.0208303
18.593 0.0223073
18.5955 0.023874
18.598 0.0255349
18.6006 0.0272944
18.6031 0.0291572
18.6056 0.0311279
18.6081 0.0332114
18.6106 0.0354128
18.6131 0.0377372
18.6156 0.0401899
18.6181 0.0427762
18.6206 0.0455017
18.6231 0.0483719
18.6256 0.0513927
18.6281 0.0545698
18.6306 0.0579092
18.6331 0.061417
18.6356 0.0650992
18.6381 0.0689621
18.6406 0.0730119
18.6431 0.0772551
18.6456 0.081698
18.6481 0.0863471
18.6506 0.091209
18.6531 0.0962901
18.6556 0.101597
18.6581 0.107136
18.6606 0.112915
18.6631 0.118939
18.6656 0.125215
18.6681 0.131749
18.6706 0.138549
18.6731 0.14562
18.6756 0.152969
18.6781 0.160602
18.6806 0.168525
18.6831 0.176745
18.6856 0.185267
18.6881 0.194096
18.6906 0.203239
18.6931 0.212701
18.6956 0.222487
18.6981 0.232603
18.7006 0.243052
18.7031 0.25384
18.7056 0.26497
18.7081 0.276448
18.7106 0.288276
18.7131 0.300458
18.7156 0.312997
18.7181 0.325897
18.7206 0.339159
18.7231 0.352785
18.7256 0.366778
18.7281 0.381139
18.7306 0.395869
18.7331 0.410968
18.7356 0.426436
18.7381 0.442274
18.7406 0.45848
18.7431 0.475053
18.7456 0.491992
18.7481 0.509295
18.7506 0.526958
18.7531 0.54498
18.7556 0.563356
18.7581 0.582082
18.7606 0.601154
18.7631 0.620567
18.7656 0.640315
18.7681 0.660392
18.7706 0.680791
18.7731 0.701506
18.7756 0.722529
18.7781 0.743852
18.7806 0.765466
18.7831 0.787362
18.7856 0.809531
18.7881 0.831962
18.7906 0.854646
18.7931 0.87757
18.7956 0.900724
18.7981 0.924096
18.8007 0.947673
18.8032 0.971443
18.8057 0.995393
18.8082 1.01951
18.8107 1.04378
18.8132 1.06818
18.8157 1.09271
18.8182 1.11734
18.8207 1.14207
18.8232 1.16688
18.8257 1.19175
18.8282 1.21666
18.8307 1.2416
18.8332 1.26655
18.8357 1.2915
18.8382 1.31643
18.8407 1.34132
18.8432 1.36615
18.8457 1.39091
18.8482 1.41558
18.8507 1.44014
18.8532 1.46458
18.8557 1.48888
18.8582 1.51301
18.8607 1.53697
18.8632 1.56073
18.8657 1.58428
18.8682 1.60761
18.8707 1.63068
18.8732 1.6535
18.8757 1.67603
18.8782 1.69827
18.8807 1.7202
18.8832 1.7418
18.8857 1.76306
18.8882 1.78396
18.8907 1.80448
18.8932 1.82462
18.8957 1.84435
18.8982 1.86367
18.9007 1.88256
18.9032 1.901
18.9057 1.91899
18.9082 1.93651
18.9107 1.95356
18.9132 1.9701
18.9157 1.98615
18.9182 2.00169
18.9207 2.0167
18.9232 2.03118
18.9257 2.04512
18.9282 2.05851
18.9307 2.07135
18.9332 2.08362
18.9357 2.09531
18.9382 2.10644
18.9407 2.11698
18.9432 2.12693
18.9457 2.13629
18.9482 2.14505
18.9507 2.15322
18.9532 2.16078
18.9557 2.16774
18.9582 2.17409
18.9607 2.17983
18.9632 2.18497
18.9657 2.1895
18.9682 2.19342
18.9707 2.19673
18.9732 2.19944
18.9757 2.20155
18.9782 2.20306
18.9807 2.20397
18.9832 2.20428
18.9857 2.20401
18.9882 2.20315
18.9907 2.20171
18.9932 2.19969
18.9957 2.19711
18.9982 2.19396
19.0008 2.19025
19.0033 2.186
19.0058 2.18121
19.0083 2.17587
19.0108 2.17002
19.0133 2.16364
19.0158 2.15676
19.0183 2.14937
19.0208 2.1415
19.0233 2.13314
19.0258 2.12431
19.0283 2.11502
19.0308 2.10528
19.0333 2.0951
19.0358 2.08449
19.0383 2.07345
19.0408 2.06201
19.0433 2.05017
19.0458 2.03795
19.0483 2.02535
19.0508 2.01239
19.0533 1.99908
19.0558 1.98542
19.0583 1.97144
19.0608 1.95715
19.0633 1.94254
19.0658 1.92765
19.0683 1.91247
19.0708 1.89703
19.0733 1.88133
19.0758 1.86538
19.0783 1.8492
19.0808 1.83279
19.0833 1.81618
19.0858 1.79937
19.0883 1.78236
19.0908 1.76519
19.0933 1.74784
19.0958 1.73035
19.0983 1.71271
19.1008 1.69494
19.1033 1.67704
19.1058 1.65904
19.1083 1.64094
19.1108 1.62274
19.1133 1.60447
19.1158 1.58613
19.1183 1.56772
19.1208 1.54927
19.1233 1.53077
19.1258 1.51225
19.1283 1.4937
19.1308 1.47513
19.1333 1.45656
19.1358 1.43799
19.1383 1.41944
19.1408 1.4009
19.1433 1.38239
19.1458 1.36392
19.1483 1.34548
19.1508 1.3271
19.1533 1.30877
19.1558 1.2905
19.1583 1.27231
19.1608 1.25419
19.1633 1.23615
19.1658 1.21819
19.1683 1.20034
19.1708 1.18258
19.1733 1.16492
19.1758 1.14737
19.1783 1.12994
19.1808 1.11262
19.1833 1.09543
19.1858 1.07836
19.1883 1.06143
19.1908 1.04463
19.1933 1.02797
19.1958 1.01145
19.1983 0.995072
19.2009 0.978846
19.2034 0.96277
19.2059 0.946849
19.2084 0.931083
19.2109 0.915477
19.2134 0.900031
19.2159 0.884748
19.2184 0.86963
19.2209 0.854678
19.2234 0.839895
19.2259 0.82528
19.2284 0.810837
19.2309 0.796566
19.2334 0.782467
19.2359 0.768542
19.2384 0.754792
19.2409 0.741216
19.2434 0.727817
19.2459 0.714593
19.2484 0.701545
19.2509 0.688673
19.2534 0.675978
19.2559 0.663459
19.2584 0.651116
19.2609 0.638948
19.2634 0.626956
19.2659 0.615139
19.2684 0.603496
19.2709 0.592027
19.2734 0.580731
19.2759 0.569608
19.2784 0.558655
19.2809 0.547873
19.2834 0.537261
19.2859 0.526817
19.2884 0.51654
19.2909 0.506429
19.2934 0.496484
19.2959 0.486702
19.2984 0.477082
19.3009 0.467623
19.3034 0.458323
19.3059 0.449182
19.3084 0.440197
19.3109 0.431367
19.3134 0.422691
19.3159 0.414167
19.3184 0.405793
19.3209 0.397567
19.3234 0.389489
19.3259 0.381556
19.3284 0.373766
19.3309 0.366119
19.3334 0.358611
19.3359 0.351242
19.3384 0.344009
19.3409 0.336912
19.3434 0.329947
19.3459 0.323114
19.3484 0.31641
19.3509 0.309833
19.3534 0.303383
19.3559 0.297057
19.3584 0.290853
19.3609 0.284769
19.3634 0.278804
19.3659 0.272956
19.3684 0.267224
19.3709 0.261604
19.3734 0.256096
19.3759 0.250698
19.3784 0.245408
19.3809 0.240224
19.3834 0.235144
19.3859 0.230167
19.3884 0.225292
19.3909 0.220516
19.3934 0.215837
19.3959 0.211255
19.3984 0.206767
19.401 0.202371
19.4035 0.198067
19.406 0.193852
19.4085 0.189725
19.411 0.185684
19.4135 0.181728
19.416 0.177855
19.4185 0.174064
19.421 0.170352
19.4235 0.16672
19.426 0.163164
19.4285 0.159685
19.431 0.156279
19.4335 0.152947
19.436 0.149685
19.4385 0.146494
19.441 0.143372
19.4435 0.140316
19.446 0.137327
19.4485 0.134403
19.451 0.131542
19.4535 0.128743
19.456 0.126005
19.4585 0.123327
19.461 0.120707
19.4635 0.118145
19.466 0.115638
19.4685 0.113187
19.471 0.11079
19.4735 0.108445
19.476 0.106152
19.4785 0.103909
19.481 0.101716
19.4835 0.0995714
19.486 0.0974742
19.4885 0.0954235
19.491 0.0934183
19.4935 0.0914576
19.496 0.0895404
19.4985 0.0876658
19.501 0.085833
19.5035 0.084041
19.506 0.0822889
19.5085 0.0805758
19.511 0.078901
19.5135 0.0772636
19.516 0.0756627
19.5185 0.0740977
19.521 0.0725676
19.5235 0.0710718
19.526 0.0696094
19.5285 0.0681798
19.531 0.0667822
19.5335 0.0654159
19.536 0.0640802
19.5385 0.0627745
19.541 0.061498
19.5435 0.0602501
19.546 0.0590303
19.5485 0.0578377
19.551 0.056672
19.5535 0.0555323
19.556 0.0544182
19.5585 0.0533291
19.561 0.0522644
19.5635 0.0512236
19.566 0.0502061
19.5685 0.0492114
19.571 0.048239
19.5735 0.0472884
19.576 0.046359
19.5785 0.0454505
19.581 0.0445623
19.5835 0.043694
19.586 0.0428451
19.5885 0.0420151
19.591 0.0412037
19.5935 0.0404104
19.596 0.0396348
19.5985 0.0388766
19.6011 0.0381352
19.6036 0.0374104
19.6061 0.0367016
19.6086 0.0360087
19.6111 0.0353312
19.6136 0.0346687
19.6161 0.034021
19.6186 0.0333876
19.6211 0.0327683
19.6236 0.0321627
19.6261 0.0315705
19.6286 0.0309914
19.6311 0.0304251
19.6336 0.0298714
19.6361 0.0293298
19.6386 0.0288002
19.6411 0.0282823
19.6436 0.0277758
19.6461 0.0272804
19.6486 0.0267959
19.6511 0.026322
19.6536 0.0258585
19.6561 0.0254052
19.6586 0.0249618
19.6611 0.0245281
19.6636 0.0241039
19.6661 0.0236889
19.6686 0.023283
19.6711 0.0228859
19.6736 0.0224975
19.6761 0.0221175
19.6786 0.0217457
19.6811 0.021382
19.6836 0.0210262
19.6861 0.0206781
19.6886 0.0203375
19.6911 0.0200043
19.6936 0.0196783
19.6961 0.0193592
19.6986 0.0190471
19.7011 0.0187416
19.7036 0.0184428
19.7061 0.0181503
19.7086 0.0178641
19.7111 0.017584
19.7136 0.01731
19.7161 0.0170417
19.7186 0.0167792
19.7211 0.0165223
19.7236 0.0162709
19.7261 0.0160248
19.7286 0.0157839
19.7311 0.0155482
19.7336 0.0153175
19.7361 0.0150916
19.7386 0.0148705
19.7411 0.0146541
19.7436 0.0144423
19.7461 0.014235
19.7486 0.014032
19.7511 0.0138333
19.7536 0.0136388
19.7561 0.0134484
19.7586 0.0132619
19.7611 0.0130794
19.7636 0.0129008
19.7661 0.0127258
19.7686 0.0125546
19.7711 0.0123869
19.7736 0.0122228
19.7761 0.0120621
19.7786 0.0119047
19.7811 0.0117506
19.7836 0.0115998
19.7861 0.0114521
19.7886 0.0113075
19.7911 0.0111659
19.7936 0.0110273
19.7961 0.0108916
19.7986 0.0107587
19.8012 0.0106286
19.8037 0.0105012
19.8062 0.0103764
19.8087 0.0102543
19.8112 0.0101347
19.8137 0.0100176
19.8162 0.00990301
19.8187 0.00979079
19.8212 0.00968091
19.8237 0.00957334
19.8262 0.00946802
19.8287 0.00936492
19.8312 0.00926399
19.8337 0.00916518
19.8362 0.00906845
19.8387 0.00897377
19.8412 0.00888108
19.8437 0.00879036
19.8462 0.00870157
19.8487 0.00861466
19.8512 0.0085296
19.8537 0.00844636
19.8562 0.00836491
19.8587 0.00828519
19.8612 0.0082072
19.8637 0.00813088
19.8662 0.00805622
19.8687 0.00798318
19.8712 0.00791173
19.8737 0.00784184
19.8762 0.00777349
19.8787 0.00770664
19.8812 0.00764127
19.8837 0.00757736
19.8862 0.00751487
19.8887 0.00745379
19.8912 0.00739408
19.8937 0.00733573
19.8962 0.00727871
19.8987 0.007223
19.9012 0.00716857
19.9037 0.00711542
19.9062 0.0070635
19.9087 0.00701281
19.9112 0.00696333
19.9137 0.00691503
19.9162 0.0068679
19.9187 0.00682192
19.9212 0.00677707
19.9237 0.00673333
19.9262 0.00669069
19.9287 0.00664913
19.9312 0.00660863
19.9337 0.00656918
19.9362 0.00653077
19.9387 0.00649338
19.9412 0.00645699
19.9437 0.00642159
19.9462 0.00638718
19.9487 0.00635372
19.9512 0.00632122
19.9537 0.00628966
19.9562 0.00625903
19.9587 0.00622931
19.9612 0.0062005
19.9637 0.00617259
19.9662 0.00614556
19.9687 0.0061194
19.9712 0.00609411
19.9737 0.00606967
19.9762 0.00604608
19.9787 0.00602333
19.9812 0.0060014
19.9837 0.0059803
19.9862 0.00596
19.9887 0.00594052
19.9912 0.00592183
19.9937 0.00590393
19.9962 0.00588681
19.9987 0.00587047
20.0013 0.0058549
20.0038 0.0058401
20.0063 0.00582606
20.0088 0.00581277
20.0113 0.00580023
20.0138 0.00578843
20.0163 0.00577737
20.0188 0.00576705
20.0213 0.00575746
20.0238 0.0057486
20.0263 0.00574046
20.0288 0.00573305
20.0313 0.00572635
20.0338 0.00572036
20.0363 0.00571509
20.0388 0.00571053
20.0413 0.00570667
20.0438 0.00570352
20.0463 0.00570108
20.0488 0.00569933
20.0513 0.00569829
20.0538 0.00569795
20.0563 0.00569832
20.0588 0.00569938
20.0613 0.00570113
20.0638 0.00570359
20.0663 0.00570675
20.0688 0.00571061
20.0713 0.00571517
20.0738 0.00572043
20.0763 0.0057264
20.0788 0.00573306
20.0813 0.00574044
20.0838 0.00574852
20.0863 0.00575731
20.0888 0.00576681
20.0913 0.00577703
20.0938 0.00578797
20.0963 0.00579962
20.0988 0.005812
20.1013 0.00582511
20.1038 0.00583894
20.1063 0.00585351
20.1088 0.00586882
20.1113 0.00588488
20.1138 0.00590168
20.1163 0.00591923
20.1188 0.00593754
20.1213 0.00595661
20.1238 0.00597646
20.1263 0.00599707
20.1288 0.00601847
20.1313 0.00604066
20.1338 0.00606364
20.1363 0.00608742
20.1388 0.00611201
20.1413 0.00613741
20.1438 0.00616363
20.1463 0.00619069
20.1488 0.00621859
20.1513 0.00624733
20.1538 0.00627693
20.1563 0.0063074
20.1588 0.00633874
20.1613 0.00637096
20.1638 0.00640408
20.1663 0.00643811
20.1688 0.00647305
20.1713 0.00650891
20.1738 0.00654571
20.1763 0.00658347
20.1788 0.00662218
20.1813 0.00666186
20.1838 0.00670253
20.1863 0.0067442
20.1888 0.00678688
20.1913 0.00683059
20.1938 0.00687533
20.1963 0.00692112
20.1988 0.00696798
20.2014 0.00701593
20.2039 0.00706497
20.2064 0.00711512
20.2089 0.0071664
20.2114 0.00721883
20.2139 0.00727242
20.2164 0.00732719
20.2189 0.00738316
20.2214 0.00744034
20.2239 0.00749875
20.2264 0.00755841
20.2289 0.00761935
20.2314 0.00768158
20.2339 0.00774512
20.2364 0.00780999
20.2389 0.00787621
20.2414 0.00794381
20.2439 0.0080128
20.2464 0.00808322
20.2489 0.00815507
20.2514 0.0082284
20.2539 0.00830321
20.2564 0.00837953
20.2589 0.0084574
20.2614 0.00853683
20.2639 0.00861785
20.2664 0.00870049
20.2689 0.00878477
20.2714 0.00887073
20.2739 0.00895839
20.2764 0.00904778
20.2789 0.00913893
20.2814 0.00923187
20.2839 0.00932664
20.2864 0.00942325
20.2889 0.00952175
20.2914 0.00962217
20.2939 0.00972454
20.2964 0.0098289
20.2989 0.00993528
20.3014 0.0100437
20.3039 0.0101542
20.3064 0.0102669
20.3089 0.0103817
20.3114 0.0104988
20.3139 0.010618
20.3164 0.0107396
20.3189 0.0108635
20.3214 0.0109897
20.3239 0.0111184
20.3264 0.0112495
20.3289 0.0113831
20.3314 0.0115193
20.3339 0.0116581
20.3364 0.0117994
20.3389 0.0119435
20.3414 0.0120903
20.3439 0.0122399
20.3464 0.0123923
20.3489 0.0125476
20.3514 0.0127058
20.3539 0.0128671
20.3564 0.0130313
20.3589 0.0131987
20.3614 0.0133692
20.3639 0.0135429
20.3664 0.0137199
20.3689 0.0139003
20.3714 0.014084
20.3739 0.0142711
20.3764 0.0144618
20.3789 0.0146561
20.3814 0.014854
20.3839 0.0150556
20.3864 0.015261
20.3889 0.0154702
20.3914 0.0156834
20.3939 0.0159005
20.3964 0.0161217
20.3989 0.016347
20.4015 0.0165765
20.404 0.0168103
20.4065 0.0170485
20.409 0.0172911
20.4115 0.0175382
20.414 0.0177899
20.4165 0.0180463
20.419 0.0183074
20.4215 0.0185734
20.424 0.0188444
20.4265 0.0191203
20.429 0.0194014
20.4315 0.0196876
20.434 0.0199792
20.4365 0.0202761
20.439 0.0205785
20.4415 0.0208865
20.444 0.0212002
20.4465 0.0215196
20.449 0.0218449
20.4515 0.0221762
20.454 0.0225135
20.4565 0.0228571
20.459 0.0232069
20.4615 0.0235631
20.464 0.0239258
20.4665 0.0242951
20.469 0.0246712
20.4715 0.0250541
20.474 0.025444
20.4765 0.0258409
20.479 0.026245
20.4815 0.0266564
20.484 0.0270753
20.4865 0.0275017
20.489 0.0279357
20.4915 0.0283776
20.494 0.0288274
20.4965 0.0292853
20.499 0.0297513
20.5015 0.0302256
20.504 0.0307084
20.5065 0.0311998
20.509 0.0316999
20.5115 0.0322088
20.514 0.0327267
20.5165 0.0332537
20.519 0.03379
20.5215 0.0343357
20.524 0.034891
20.5265 0.0354559
20.529 0.0360307
20.5315 0.0366154
20.534 0.0372103
20.5365 0.0378154
20.539 0.0384309
20.5415 0.039057
20.544 0.0396938
20.5465 0.0403415
20.549 0.0410002
20.5515 0.04167
20.554 0.0423512
20.5565 0.0430438
20.559 0.043748
20.5615 0.0444641
20.564 0.045192
20.5665 0.045932
20.569 0.0466843
20.5715 0.0474489
20.574 0.0482261
20.5765 0.0490159
20.579 0.0498186
20.5815 0.0506343
20.584 0.0514631
20.5865 0.0523052
20.589 0.0531608
20.5915 0.05403
20.594 0.0549129
20.5965 0.0558096
20.599 0.0567205
20.6016 0.0576454
20.6041 0.0585848
20.6066 0.0595385
20.6091 0.0605069
20.6116 0.06149
20.6141 0.0624879
20.6166 0.0635009
20.6191 0.064529
20.6216 0.0655723
20.6241 0.066631
20.6266 0.0677053
20.6291 0.0687951
20.6316 0.0699007
20.6341 0.0710221
20.6366 0.0721595
20.6391 0.0733129
20.6416 0.0744824
20.6441 0.0756682
20.6466 0.0768704
20.6491 0.0780889
20.6516 0.079324
20.6541 0.0805756
20.6566 0.0818438
20.6591 0.0831287
20.6616 0.0844304
20.6641 0.0857489
20.6666 0.0870842
20.6691 0.0884364
20.6716 0.0898055
20.6741 0.0911915
20.6766 0.0925944
20.6791 0.0940143
20.6816 0.0954511
20.6841 0.0969048
20.6866 0.0983755
20.6891 0.099863
20.6916 0.101367
20.6941 0.102888
20.6966 0.104426
20.6991 0.105981
20.7016 0.107552
20.7041 0.109139
20.7066 0.110743
20.7091 0.112363
20.7116 0.113999
20.7141 0.115652
20.7166 0.11732
20.7191 0.119003
20.7216 0.120703
20.7241 0.122417
20.7266 0.124147
20.7291 0.125891
20.7316 0.12765
20.7341 0.129424
20.7366 0.131211
20.7391 0.133013
20.7416 0.134828
20.7441 0.136656
20.7466 0.138497
20.7491 0.140351
20.7516 0.142216
20.7541 0.144094
20.7566 0.145983
20.7591 0.147884
20.7616 0.149794
20.7641 0.151715
20.7666 0.153646
20.7691 0.155586
20.7716 0.157535
20.7741 0.159491
20.7766 0.161456
20.7791 0.163428
20.7816 0.165406
20.7841 0.16739
20.7866 0.169379
20.7891 0.171374
20.7916 0.173372
20.7941 0.175374
20.7966 0.177378
20.7991 0.179385
20.8017 0.181392
20.8042 0.183401
20.8067 0.185409
20.8092 0.187416
20.8117 0.189421
20.8142 0.191424
20.8167 0.193424
20.8192 0.195419
20.8217 0.197409
20.8242 0.199393
20.8267 0.20137
20.8292 0.203339
20.8317 0.2053
20.8342 0.207251
20.8367 0.209191
20.8392 0.21112
20.8417 0.213035
20.8442 0.214938
20.8467 0.216825
20.8492 0.218697
20.8517 0.220552
20.8542 0.22239
20.8567 0.224208
20.8592 0.226007
20.8617 0.227785
20.8642 0.22954
20.8667 0.231272
20.8692 0.23298
20.8717 0.234663
20.8742 0.236319
20.8767 0.237947
20.8792 0.239546
20.8817 0.241116
20.8842 0.242654
20.8867 0.24416
20.8892 0.245633
20.8917 0.247071
20.8942 0.248474
20.8967 0.24984
20.8992 0.251168
20.9017 0.252457
20.9042 0.253706
20.9067 0.254914
20.9092 0.25608
20.9117 0.257202
20.9142 0.25828
20.9167 0.259313
20.9192 0.260299
20.9217 0.261237
20.9242 0.262127
20.9267 0.262968
20.9292 0.263758
20.9317 0.264497
20.9342 0.265184
20.9367 0.265818
20.9392 0.266397
20.9417 0.266922
20.9442 0.267391
20.9467 0.267804
20.9492 0.268159
20.9517 0.268457
20.9542 0.268696
20.9567 0.268876
20.9592 0.268996
20.9617 0.269056
20.9642 0.269054
20.9667 0.268992
20.9692 0.268867
20.9717 0.268681
20.9742 0.268432
20.9767 0.268119
20.9792 0.267744
20.9817 0.267305
20.9842 0.266803
20.9867 0.266237
20.9892 0.265607
20.9917 0.264913
20.9942 0.264155
20.9967 0.263334
20.9992 0.262449
21.0018 0.2615
21.0043 0.260488
21.0068 0.259413
21.0093 0.258276
21.0118 0.257076
21.0143 0.255814
21.0168 0.25449
21.0193 0.253106
21.0218 0.251662
21.0243 0.250157
21.0268 0.248594
21.0293 0.246973
21.0318 0.245294
21.0343 0.243559
21.0368 0.241767
21.0393 0.239921
21.0418 0.238022
21.0443 0.236069
21.0468 0.234065
21.0493 0.23201
21.0518 0.229906
21.0543 0.227754
21.0568 0.225555
21.0593 0.223311
21.0618 0.221022
21.0643 0.218691
21.0668 0.216318
21.0693 0.213905
21.0718 0.211453
21.0743 0.208965
21.0768 0.206441
21.0793 0.203884
21.0818 0.201294
21.0843 0.198674
21.0868 0.196025
21.0893 0.193349
21.0918 0.190647
21.0943 0.187921
21.0968 0.185174
21.0993 0.182406
21.1018 0.179619
21.1043 0.176816
21.1068 0.173997
21.1093 0.171165
21.1118 0.168322
21.1143 0.165469
21.1168 0.162608
21.1193 0.159741
21.1218 0.15687
21.1243 0.153995
21.1268 0.15112
21.1293 0.148245
21.1318 0.145373
21.1343 0.142506
21.1368 0.139644
21.1393 0.136789
21.1418 0.133943
21.1443 0.131109
21.1468 0.128286
21.1493 0.125477
21.1518 0.122684
21.1543 0.119907
21.1568 0.117149
21.1593 0.11441
21.1618 0.111693
21.1643 0.108997
21.1668 0.106325
21.1693 0.103679
21.1718 0.101058
21.1743 0.0984641
21.1768 0.0958989
21.1793 0.0933631
21.1818 0.0908577
21.1843 0.0883838
21.1868 0.0859422
21.1893 0.0835338
21.1918 0.0811595
21.1943 0.0788201
21.1968 0.0765162
21.1993 0.0742486
21.2019 0.0720178
21.2044 0.0698246
21.2069 0.0676693
21.2094 0.0655525
21.2119 0.0634747
21.2144 0.0614361
21.2169 0.0594372
21.2194 0.0574782
21.2219 0.0555594
21.2244 0.0536809
21.2269 0.0518429
21.2294 0.0500455
21.2319 0.0482888
21.2344 0.0465727
21.2369 0.0448973
21.2394 0.0432624
21.2419 0.041668
21.2444 0.0401139
21.2469 0.0385999
21.2494 0.0371258
21.2519 0.0356913
21.2544 0.0342961
21.2569 0.0329399
21.2594 0.0316223
21.2619 0.0303429
21.2644 0.0291014
21.2669 0.0278972
21.2694 0.02673
21.2719 0.0255991
21.2744 0.024504
21.2769 0.0234443
21.2794 0.0224194
21.2819 0.0214286
21.2844 0.0204714
21.2869 0.0195472
21.2894 0.0186553
21.2919 0.0177951
21.2944 0.016966
21.2969 0.0161672
21.2994 0.0153981
21.3019 0.0146581
21.3044 0.0139464
21.3069 0.0132623
21.3094 0.0126052
21.3119 0.0119744
21.3144 0.0113691
21.3169 0.0107887
21.3194 0.0102325
21.3219 0.00969977
21.3244 0.00918983
21.3269 0.00870199
21.3294 0.00823557
21.3319 0.00778991
21.3344 0.00736432
21.3369 0.00695815
21.3394 0.00657075
21.3419 0.00620148
21.3444 0.00584969
21.3469 0.00551476
21.3494 0.00519609
21.3519 0.00489306
21.3544 0.00460508
21.3569 0.00433158
21.3594 0.00407199
21.3619 0.00382575
21.3644 0.00359232
21.3669 0.00337118
21.3694 0.0031618
21.3719 0.00296369
21.3744 0.00277636
21.3769 0.00259933
21.3794 0.00243214
21.3819 0.00227435
21.3844 0.00212552
21.3869 0.00198523
21.3894 0.00185309
21.3919 0.00172868
21.3944 0.00161165
21.3969 0.00150162
21.3994 0.00139824
21.402 0.00130118
21.4045 0.0012101
21.407 0.0011247
21.4095 0.00104467
21.412 0.000969721
21.4145 0.000899584
21.417 0.000833992
21.4195 0.00077269
21.422 0.000715437
21.4245 0.000662001
21.427 0.000612161
21.4295 0.000565707
21.432 0.000522439
21.4345 0.000482165
21.437 0.000444705
21.4395 0.000409885
21.442 0.000377541
21.4445 0.00034752
21.447 0.000319672
21.4495 0.000293859
21.452 0.00026995
21.4545 0.000247818
21.457 0.000227347
21.4595 0.000208425
21.462 0.000190947
21.4645 0.000174816
21.467 0.000159937
21.4695 0.000146223
21.472 0.000133592
21.4745 0.000121968
21.477 0.000111277
21.4795 0.000101452
21.482 9.24287e-05
21.4845 8.41488e-05
21.487 7.65562e-05
21.4895 6.9599e-05
21.492 6.32287e-05
21.4945 5.74002e-05
21.497 5.20713e-05
21.4995 4.7203e-05
