33.5005 0.000200721
33.503 0.000224389
33.5055 0.000250638
33.508 0.000279724
33.5105 0.000311925
33.513 0.000347546
33.5155 0.000386914
33.518 0.000430387
33.5205 0.000478353
33.523 0.00053123
33.5255 0.000589474
33.528 0.000653573
33.5305 0.000724058
33.533 0.000801501
33.5355 0.000886517
33.538 0.000979769
33.5405 0.00108197
33.543 0.00119389
33.5455 0.00131635
33.548 0.00145022
33.5505 0.00159647
33.553 0.0017561
33.5555 0.00193019
33.558 0.0021199
33.5605 0.00232647
33.563 0.00255121
33.5655 0.00279553
33.568 0.00306092
33.5705 0.00334897
33.573 0.00366136
33.5755 0.0039999
33.578 0.00436646
33.5805 0.00476308
33.583 0.00519187
33.5855 0.00565508
33.588 0.00615509
33.5905 0.00669441
33.593 0.00727568
33.5955 0.00790167
33.598 0.00857533
33.6006 0.00929971
33.6031 0.0100781
33.6056 0.0109137
33.6081 0.0118103
33.6106 0.0127715
33.6131 0.0138012
33.6156 0.0149035
33.6181 0.0160825
33.6206 0.0173427
33.6231 0.0186887
33.6256 0.0201253
33.6281 0.0216574
33.6306 0.0232902
33.6331 0.025029
33.6356 0.0268794
33.6381 0.0288472
33.6406 0.0309381
33.6431 0.0331584
33.6456 0.0355144
33.6481 0.0380125
33.6506 0.0406594
33.6531 0.0434621
33.6556 0.0464275
33.6581 0.0495629
33.6606 0.0528757
33.6631 0.0563734
33.6656 0.0600639
33.6681 0.063955
33.6706 0.0680547
33.6731 0.0723713
33.6756 0.076913
33.6781 0.0816883
33.6806 0.0867058
33.6831 0.091974
33.6856 0.0975019
33.6881 0.103298
33.6906 0.109372
33.6931 0.115731
33.6956 0.122386
33.6981 0.129345
33.7006 0.136617
33.7031 0.144212
33.7056 0.152137
33.7081 0.160403
33.7106 0.169017
33.7131 0.177989
33.7156 0.187327
33.7181 0.19704
33.7206 0.207136
33.7231 0.217623
33.7256 0.22851
33.7281 0.239804
33.7306 0.251512
33.7331 0.263642
33.7356 0.276201
33.7381 0.289195
33.7406 0.302632
33.7431 0.316516
33.7456 0.330854
33.7481 0.34565
33.7506 0.36091
33.7531 0.376638
33.7556 0.392838
33.7581 0.409513
33.7606 0.426666
33.7631 0.4443
33.7656 0.462416
33.7681 0.481015
33.7706 0.500099
33.7731 0.519667
33.7756 0.539718
33.7781 0.560252
33.7806 0.581267
33.7831 0.602759
33.7856 0.624727
33.7881 0.647166
33.7906 0.670071
33.7931 0.693437
33.7956 0.717258
33.7981 0.741527
33.8007 0.766238
33.8032 0.791381
33.8057 0.816948
33.8082 0.842929
33.8107 0.869313
33.8132 0.896091
33.8157 0.923249
33.8182 0.950776
33.8207 0.978657
33.8232 1.00688
33.8257 1.03543
33.8282 1.06429
33.8307 1.09345
33.8332 1.12288
33.8357 1.15258
33.8382 1.18251
33.8407 1.21268
33.8432 1.24305
33.8457 1.27361
33.8482 1.30433
33.8507 1.3352
33.8532 1.3662
33.8557 1.39729
33.8582 1.42847
33.8607 1.45971
33.8632 1.49099
33.8657 1.52228
33.8682 1.55357
33.8707 1.58482
33.8732 1.61601
33.8757 1.64712
33.8782 1.67814
33.8807 1.70902
33.8832 1.73975
33.8857 1.77031
33.8882 1.80066
33.8907 1.83079
33.8932 1.86068
33.8957 1.89029
33.8982 1.9196
33.9007 1.9486
33.9032 1.97725
33.9057 2.00554
33.9082 2.03344
33.9107 2.06093
33.9132 2.08798
33.9157 2.11458
33.9182 2.14071
33.9207 2.16633
33.9232 2.19144
33.9257 2.21602
33.9282 2.24003
33.9307 2.26347
33.9332 2.28632
33.9357 2.30855
33.9382 2.33016
33.9407 2.35113
33.9432 2.37143
33.9457 2.39106
33.9482 2.41
33.9507 2.42824
33.9532 2.44577
33.9557 2.46257
33.9582 2.47863
33.9607 2.49394
33.9632 2.5085
33.9657 2.52229
33.9682 2.53531
33.9707 2.54754
33.9732 2.55899
33.9757 2.56964
33.9782 2.5795
33.9807 2.58856
33.9832 2.59681
33.9857 2.60426
33.9882 2.6109
33.9907 2.61673
33.9932 2.62175
33.9957 2.62597
33.9982 2.62938
34.0008 2.63198
34.0033 2.63379
34.0058 2.6348
34.0083 2.63502
34.0108 2.63446
34.0133 2.63312
34.0158 2.631
34.0183 2.62812
34.0208 2.62448
34.0233 2.6201
34.0258 2.61497
34.0283 2.60912
34.0308 2.60255
34.0333 2.59527
34.0358 2.58729
34.0383 2.57863
34.0408 2.56929
34.0433 2.5593
34.0458 2.54866
34.0483 2.53739
34.0508 2.5255
34.0533 2.51301
34.0558 2.49992
34.0583 2.48626
34.0608 2.47204
34.0633 2.45728
34.0658 2.44199
34.0683 2.42619
34.0708 2.40989
34.0733 2.39311
34.0758 2.37586
34.0783 2.35817
34.0808 2.34005
34.0833 2.32151
34.0858 2.30258
34.0883 2.28326
34.0908 2.26358
34.0933 2.24355
34.0958 2.22319
34.0983 2.20252
34.1008 2.18155
34.1033 2.16029
34.1058 2.13877
34.1083 2.11701
34.1108 2.095
34.1133 2.07278
34.1158 2.05036
34.1183 2.02776
34.1208 2.00498
34.1233 1.98205
34.1258 1.95897
34.1283 1.93577
34.1308 1.91246
34.1333 1.88905
34.1358 1.86556
34.1383 1.842
34.1408 1.81839
34.1433 1.79473
34.1458 1.77104
34.1483 1.74733
34.1508 1.72362
34.1533 1.69991
34.1558 1.67622
34.1583 1.65257
34.1608 1.62895
34.1633 1.60539
34.1658 1.58189
34.1683 1.55846
34.1708 1.53511
34.1733 1.51185
34.1758 1.4887
34.1783 1.46565
34.1808 1.44272
34.1833 1.41992
34.1858 1.39725
34.1883 1.37473
34.1908 1.35235
34.1933 1.33013
34.1958 1.30807
34.1983 1.28618
34.2009 1.26447
34.2034 1.24293
34.2059 1.22158
34.2084 1.20042
34.2109 1.17946
34.2134 1.1587
34.2159 1.13814
34.2184 1.11779
34.2209 1.09766
34.2234 1.07774
34.2259 1.05804
34.2284 1.03856
34.2309 1.0193
34.2334 1.00028
34.2359 0.981479
34.2384 0.962914
34.2409 0.944582
34.2434 0.926485
34.2459 0.908625
34.2484 0.891002
34.2509 0.873618
34.2534 0.856473
34.2559 0.839568
34.2584 0.822904
34.2609 0.80648
34.2634 0.790297
34.2659 0.774355
34.2684 0.758654
34.2709 0.743192
34.2734 0.72797
34.2759 0.712987
34.2784 0.698242
34.2809 0.683734
34.2834 0.669462
34.2859 0.655425
34.2884 0.641622
34.2909 0.628052
34.2934 0.614712
34.2959 0.601601
34.2984 0.588718
34.3009 0.576061
34.3034 0.563628
34.3059 0.551417
34.3084 0.539426
34.3109 0.527653
34.3134 0.516096
34.3159 0.504753
34.3184 0.493622
34.3209 0.482699
34.3234 0.471984
34.3259 0.461474
34.3284 0.451165
34.3309 0.441057
34.3334 0.431145
34.3359 0.421429
34.3384 0.411905
34.3409 0.40257
34.3434 0.393423
34.3459 0.38446
34.3484 0.375679
34.3509 0.367078
34.3534 0.358653
34.3559 0.350403
34.3584 0.342323
34.3609 0.334413
34.3634 0.326669
34.3659 0.319088
34.3684 0.311669
34.3709 0.304407
34.3734 0.297302
34.3759 0.290349
34.3784 0.283547
34.3809 0.276893
34.3834 0.270384
34.3859 0.264018
34.3884 0.257792
34.3909 0.251704
34.3934 0.245751
34.3959 0.239931
34.3984 0.234241
34.401 0.22868
34.4035 0.223243
34.406 0.21793
34.4085 0.212738
34.411 0.207663
34.4135 0.202705
34.416 0.197861
34.4185 0.193128
34.421 0.188505
34.4235 0.183989
34.426 0.179577
34.4285 0.175269
34.431 0.171061
34.4335 0.166952
34.436 0.162939
34.4385 0.159021
34.441 0.155195
34.4435 0.15146
34.446 0.147814
34.4485 0.144254
34.451 0.140779
34.4535 0.137388
34.456 0.134077
34.4585 0.130846
34.461 0.127693
34.4635 0.124616
34.466 0.121612
34.4685 0.118682
34.471 0.115823
34.4735 0.113032
34.476 0.11031
34.4785 0.107654
34.481 0.105063
34.4835 0.102535
34.486 0.100069
34.4885 0.0976636
34.491 0.0953169
34.4935 0.0930279
34.496 0.0907951
34.4985 0.0886174
34.501 0.0864933
34.5035 0.0844216
34.506 0.0824011
34.5085 0.0804305
34.511 0.0785087
34.5135 0.0766345
34.516 0.0748068
34.5185 0.0730244
34.521 0.0712863
34.5235 0.0695914
34.526 0.0679386
34.5285 0.0663269
34.531 0.0647554
34.5335 0.063223
34.536 0.0617287
34.5385 0.0602718
34.541 0.0588512
34.5435 0.057466
34.546 0.0561154
34.5485 0.0547986
34.551 0.0535146
34.5535 0.0522627
34.556 0.0510421
34.5585 0.049852
34.561 0.0486916
34.5635 0.0475602
34.566 0.0464572
34.5685 0.0453816
34.571 0.044333
34.5735 0.0433106
34.576 0.0423137
34.5785 0.0413417
34.581 0.0403941
34.5835 0.03947
34.586 0.0385691
34.5885 0.0376906
34.591 0.0368341
34.5935 0.035999
34.596 0.0351846
34.5985 0.0343906
34.6011 0.0336163
34.6036 0.0328614
34.6061 0.0321252
34.6086 0.0314073
34.6111 0.0307073
34.6136 0.0300247
34.6161 0.029359
34.6186 0.0287099
34.6211 0.0280769
34.6236 0.0274595
34.6261 0.0268574
34.6286 0.0262703
34.6311 0.0256976
34.6336 0.0251391
34.6361 0.0245944
34.6386 0.0240631
34.6411 0.023545
34.6436 0.0230395
34.6461 0.0225465
34.6486 0.0220656
34.6511 0.0215966
34.6536 0.021139
34.6561 0.0206926
34.6586 0.0202572
34.6611 0.0198324
34.6636 0.0194179
34.6661 0.0190136
34.6686 0.0186191
34.6711 0.0182343
34.6736 0.0178587
34.6761 0.0174923
34.6786 0.0171348
34.6811 0.0167859
34.6836 0.0164455
34.6861 0.0161133
34.6886 0.0157891
34.6911 0.0154727
34.6936 0.0151639
34.6961 0.0148626
34.6986 0.0145684
34.7011 0.0142813
34.7036 0.0140011
34.7061 0.0137276
34.7086 0.0134606
34.7111 0.0131999
34.7136 0.0129455
34.7161 0.0126971
34.7186 0.0124545
34.7211 0.0122177
34.7236 0.0119866
34.7261 0.0117608
34.7286 0.0115404
34.7311 0.0113252
34.7336 0.011115
34.7361 0.0109098
34.7386 0.0107093
34.7411 0.0105136
34.7436 0.0103224
34.7461 0.0101357
34.7486 0.00995329
34.7511 0.00977515
34.7536 0.00960113
34.7561 0.00943114
34.7586 0.00926508
34.7611 0.00910285
34.7636 0.00894435
34.7661 0.00878951
34.7686 0.00863821
34.7711 0.00849039
34.7736 0.00834595
34.7761 0.00820481
34.7786 0.00806689
34.7811 0.0079321
34.7836 0.00780039
34.7861 0.00767166
34.7886 0.00754585
34.7911 0.00742289
34.7936 0.00730271
34.7961 0.00718523
34.7986 0.0070704
34.8012 0.00695816
34.8037 0.00684843
34.8062 0.00674116
34.8087 0.0066363
34.8112 0.00653378
34.8137 0.00643354
34.8162 0.00633554
34.8187 0.00623972
34.8212 0.00614603
34.8237 0.00605442
34.8262 0.00596483
34.8287 0.00587723
34.8312 0.00579157
34.8337 0.0057078
34.8362 0.00562587
34.8387 0.00554575
34.8412 0.00546739
34.8437 0.00539075
34.8462 0.00531579
34.8487 0.00524247
34.8512 0.00517076
34.8537 0.00510062
34.8562 0.00503201
34.8587 0.0049649
34.8612 0.00489926
34.8637 0.00483504
34.8662 0.00477223
34.8687 0.00471078
34.8712 0.00465067
34.8737 0.00459186
34.8762 0.00453434
34.8787 0.00447806
34.8812 0.00442301
34.8837 0.00436915
34.8862 0.00431646
34.8887 0.00426491
34.8912 0.00421449
34.8937 0.00416515
34.8962 0.00411689
34.8987 0.00406968
34.9012 0.00402349
34.9037 0.00397831
34.9062 0.00393411
34.9087 0.00389087
34.9112 0.00384857
34.9137 0.00380719
34.9162 0.00376672
34.9187 0.00372713
34.9212 0.00368841
34.9237 0.00365053
34.9262 0.00361349
34.9287 0.00357726
34.9312 0.00354182
34.9337 0.00350717
34.9362 0.00347328
34.9387 0.00344015
34.9412 0.00340775
34.9437 0.00337607
34.9462 0.0033451
34.9487 0.00331482
34.9512 0.00328522
34.9537 0.00325629
34.9562 0.00322802
34.9587 0.00320038
34.9612 0.00317338
34.9637 0.00314699
34.9662 0.00312121
34.9687 0.00309603
34.9712 0.00307143
34.9737 0.00304741
34.9762 0.00302395
34.9787 0.00300105
34.9812 0.00297869
34.9837 0.00295686
34.9862 0.00293557
34.9887 0.00291478
34.9912 0.00289451
34.9937 0.00287473
34.9962 0.00285545
34.9987 0.00283665
35.0013 0.00281833
35.0038 0.00280047
35.0063 0.00278307
35.0088 0.00276613
35.0113 0.00274963
35.0138 0.00273357
35.0163 0.00271795
35.0188 0.00270275
35.0213 0.00268797
35.0238 0.0026736
35.0263 0.00265964
35.0288 0.00264609
35.0313 0.00263293
35.0338 0.00262016
35.0363 0.00260778
35.0388 0.00259578
35.0413 0.00258416
35.0438 0.0025729
35.0463 0.00256201
35.0488 0.00255149
35.0513 0.00254132
35.0538 0.00253151
35.0563 0.00252204
35.0588 0.00251292
35.0613 0.00250415
35.0638 0.00249571
35.0663 0.0024876
35.0688 0.00247983
35.0713 0.00247238
35.0738 0.00246526
35.0763 0.00245846
35.0788 0.00245198
35.0813 0.00244581
35.0838 0.00243996
35.0863 0.00243441
35.0888 0.00242918
35.0913 0.00242425
35.0938 0.00241962
35.0963 0.0024153
35.0988 0.00241127
35.1013 0.00240754
35.1038 0.00240411
35.1063 0.00240097
35.1088 0.00239812
35.1113 0.00239556
35.1138 0.00239329
35.1163 0.0023913
35.1188 0.00238961
35.1213 0.00238819
35.1238 0.00238706
35.1263 0.00238622
35.1288 0.00238565
35.1313 0.00238537
35.1338 0.00238536
35.1363 0.00238564
35.1388 0.00238619
35.1413 0.00238702
35.1438 0.00238813
35.1463 0.00238951
35.1488 0.00239118
35.1513 0.00239312
35.1538 0.00239534
35.1563 0.00239783
35.1588 0.0024006
35.1613 0.00240365
35.1638 0.00240697
35.1663 0.00241058
35.1688 0.00241446
35.1713 0.00241861
35.1738 0.00242305
35.1763 0.00242777
35.1788 0.00243277
35.1813 0.00243804
35.1838 0.0024436
35.1863 0.00244945
35.1888 0.00245557
35.1913 0.00246198
35.1938 0.00246868
35.1963 0.00247567
35.1988 0.00248294
35.2014 0.0024905
35.2039 0.00249835
35.2064 0.0025065
35.2089 0.00251494
35.2114 0.00252367
35.2139 0.00253271
35.2164 0.00254204
35.2189 0.00255168
35.2214 0.00256161
35.2239 0.00257186
35.2264 0.00258241
35.2289 0.00259327
35.2314 0.00260444
35.2339 0.00261593
35.2364 0.00262773
35.2389 0.00263986
35.2414 0.0026523
35.2439 0.00266507
35.2464 0.00267816
35.2489 0.00269159
35.2514 0.00270535
35.2539 0.00271944
35.2564 0.00273388
35.2589 0.00274865
35.2614 0.00276377
35.2639 0.00277924
35.2664 0.00279506
35.2689 0.00281123
35.2714 0.00282777
35.2739 0.00284466
35.2764 0.00286192
35.2789 0.00287956
35.2814 0.00289756
35.2839 0.00291594
35.2864 0.0029347
35.2889 0.00295385
35.2914 0.00297339
35.2939 0.00299332
35.2964 0.00301364
35.2989 0.00303437
35.3014 0.00305551
35.3039 0.00307705
35.3064 0.00309902
35.3089 0.0031214
35.3114 0.00314421
35.3139 0.00316744
35.3164 0.00319111
35.3189 0.00321523
35.3214 0.00323978
35.3239 0.00326479
35.3264 0.00329025
35.3289 0.00331617
35.3314 0.00334256
35.3339 0.00336942
35.3364 0.00339675
35.3389 0.00342457
35.3414 0.00345287
35.3439 0.00348167
35.3464 0.00351097
35.3489 0.00354078
35.3514 0.0035711
35.3539 0.00360193
35.3564 0.00363329
35.3589 0.00366518
35.3614 0.0036976
35.3639 0.00373057
35.3664 0.00376408
35.3689 0.00379816
35.3714 0.00383279
35.3739 0.003868
35.3764 0.00390377
35.3789 0.00394014
35.3814 0.00397709
35.3839 0.00401464
35.3864 0.00405279
35.3889 0.00409155
35.3914 0.00413093
35.3939 0.00417093
35.3964 0.00421156
35.3989 0.00425284
35.4015 0.00429476
35.404 0.00433733
35.4065 0.00438057
35.409 0.00442447
35.4115 0.00446905
35.414 0.00451432
35.4165 0.00456027
35.419 0.00460693
35.4215 0.00465429
35.424 0.00470237
35.4265 0.00475117
35.429 0.00480069
35.4315 0.00485096
35.434 0.00490197
35.4365 0.00495374
35.439 0.00500627
35.4415 0.00505956
35.444 0.00511363
35.4465 0.00516849
35.449 0.00522414
35.4515 0.00528059
35.454 0.00533785
35.4565 0.00539592
35.459 0.00545482
35.4615 0.00551455
35.464 0.00557512
35.4665 0.00563654
35.469 0.00569881
35.4715 0.00576194
35.474 0.00582594
35.4765 0.00589082
35.479 0.00595658
35.4815 0.00602324
35.484 0.00609079
35.4865 0.00615925
35.489 0.00622862
35.4915 0.00629891
35.494 0.00637013
35.4965 0.00644228
35.499 0.00651537
35.5015 0.00658941
35.504 0.0066644
35.5065 0.00674034
35.509 0.00681726
35.5115 0.00689514
35.514 0.00697399
35.5165 0.00705383
35.519 0.00713465
35.5215 0.00721647
35.524 0.00729928
35.5265 0.00738309
35.529 0.0074679
35.5315 0.00755372
35.534 0.00764055
35.5365 0.0077284
35.539 0.00781727
35.5415 0.00790715
35.544 0.00799806
35.5465 0.00809
35.549 0.00818296
35.5515 0.00827695
35.554 0.00837197
35.5565 0.00846802
35.559 0.00856509
35.5615 0.0086632
35.564 0.00876234
35.5665 0.00886251
35.569 0.0089637
35.5715 0.00906592
35.574 0.00916916
35.5765 0.00927342
35.579 0.00937869
35.5815 0.00948498
35.584 0.00959227
35.5865 0.00970056
35.589 0.00980985
35.5915 0.00992013
35.594 0.0100314
35.5965 0.0101436
35.599 0.0102568
35.6016 0.010371
35.6041 0.0104861
35.6066 0.0106021
35.6091 0.0107191
35.6116 0.010837
35.6141 0.0109558
35.6166 0.0110754
35.6191 0.011196
35.6216 0.0113174
35.6241 0.0114396
35.6266 0.0115627
35.6291 0.0116866
35.6316 0.0118113
35.6341 0.0119367
35.6366 0.012063
35.6391 0.0121899
35.6416 0.0123175
35.6441 0.0124459
35.6466 0.0125749
35.6491 0.0127045
35.6516 0.0128348
35.6541 0.0129656
35.6566 0.013097
35.6591 0.0132289
35.6616 0.0133613
35.6641 0.0134942
35.6666 0.0136276
35.6691 0.0137613
35.6716 0.0138954
35.6741 0.0140299
35.6766 0.0141646
35.6791 0.0142996
35.6816 0.0144349
35.6841 0.0145703
35.6866 0.0147059
35.6891 0.0148415
35.6916 0.0149773
35.6941 0.0151131
35.6966 0.0152488
35.6991 0.0153845
35.7016 0.01552
35.7041 0.0156554
35.7066 0.0157906
35.7091 0.0159255
35.7116 0.01606
35.7141 0.0161943
35.7166 0.0163281
35.7191 0.0164614
35.7216 0.0165942
35.7241 0.0167264
35.7266 0.016858
35.7291 0.0169888
35.7316 0.0171189
35.7341 0.0172482
35.7366 0.0173766
35.7391 0.0175041
35.7416 0.0176305
35.7441 0.0177559
35.7466 0.0178801
35.7491 0.0180032
35.7516 0.018125
35.7541 0.0182454
35.7566 0.0183645
35.7591 0.0184821
35.7616 0.0185981
35.7641 0.0187126
35.7666 0.0188253
35.7691 0.0189364
35.7716 0.0190456
35.7741 0.0191529
35.7766 0.0192583
35.7791 0.0193617
35.7816 0.0194629
35.7841 0.019562
35.7866 0.0196589
35.7891 0.0197534
35.7916 0.0198456
35.7941 0.0199353
35.7966 0.0200225
35.7991 0.0201071
35.8017 0.020189
35.8042 0.0202682
35.8067 0.0203446
35.8092 0.0204181
35.8117 0.0204886
35.8142 0.0205562
35.8167 0.0206206
35.8192 0.0206819
35.8217 0.02074
35.8242 0.0207948
35.8267 0.0208463
35.8292 0.0208944
35.8317 0.020939
35.8342 0.0209801
35.8367 0.0210176
35.8392 0.0210514
35.8417 0.0210816
35.8442 0.021108
35.8467 0.0211306
35.8492 0.0211494
35.8517 0.0211642
35.8542 0.0211751
35.8567 0.021182
35.8592 0.0211848
35.8617 0.0211836
35.8642 0.0211783
35.8667 0.0211688
35.8692 0.0211551
35.8717 0.0211372
35.8742 0.021115
35.8767 0.0210886
35.8792 0.0210579
35.8817 0.0210228
35.8842 0.0209835
35.8867 0.0209397
35.8892 0.0208916
35.8917 0.0208392
35.8942 0.0207823
35.8967 0.0207211
35.8992 0.0206555
35.9017 0.0205855
35.9042 0.0205111
35.9067 0.0204324
35.9092 0.0203493
35.9117 0.0202619
35.9142 0.0201702
35.9167 0.0200741
35.9192 0.0199738
35.9217 0.0198693
35.9242 0.0197606
35.9267 0.0196477
35.9292 0.0195306
35.9317 0.0194095
35.9342 0.0192843
35.9367 0.0191552
35.9392 0.0190221
35.9417 0.0188851
35.9442 0.0187443
35.9467 0.0185998
35.9492 0.0184515
35.9517 0.0182996
35.9542 0.0181442
35.9567 0.0179853
35.9592 0.017823
35.9617 0.0176574
35.9642 0.0174886
35.9667 0.0173166
35.9692 0.0171415
35.9717 0.0169635
35.9742 0.0167826
35.9767 0.0165989
35.9792 0.0164126
35.9817 0.0162237
35.9842 0.0160323
35.9867 0.0158386
35.9892 0.0156426
35.9917 0.0154444
35.9942 0.0152442
35.9967 0.0150421
35.9992 0.0148382
36.0018 0.0146326
36.0043 0.0144255
36.0068 0.0142168
36.0093 0.0140068
36.0118 0.0137957
36.0143 0.0135834
36.0168 0.0133701
36.0193 0.013156
36.0218 0.0129411
36.0243 0.0127256
36.0268 0.0125097
36.0293 0.0122933
36.0318 0.0120767
36.0343 0.01186
36.0368 0.0116432
36.0393 0.0114266
36.0418 0.0112102
36.0443 0.0109941
36.0468 0.0107785
36.0493 0.0105634
36.0518 0.0103491
36.0543 0.0101355
36.0568 0.00992284
36.0593 0.00971119
36.0618 0.00950065
36.0643 0.00929133
36.0668 0.00908333
36.0693 0.00887675
36.0718 0.00867169
36.0743 0.00846824
36.0768 0.00826649
36.0793 0.00806654
36.0818 0.00786846
36.0843 0.00767234
36.0868 0.00747826
36.0893 0.0072863
36.0918 0.00709654
36.0943 0.00690903
36.0968 0.00672386
36.0993 0.00654109
36.1018 0.00636077
36.1043 0.00618296
36.1068 0.00600773
36.1093 0.00583512
36.1118 0.00566517
36.1143 0.00549794
36.1168 0.00533346
36.1193 0.00517178
36.1218 0.00501292
36.1243 0.00485692
36.1268 0.00470381
36.1293 0.0045536
36.1318 0.00440632
36.1343 0.00426199
36.1368 0.00412063
36.1393 0.00398223
36.1418 0.00384682
36.1443 0.00371439
36.1468 0.00358495
36.1493 0.0034585
36.1518 0.00333503
36.1543 0.00321454
36.1568 0.00309701
36.1593 0.00298243
36.1618 0.00287079
36.1643 0.00276207
36.1668 0.00265626
36.1693 0.00255331
36.1718 0.00245323
36.1743 0.00235597
36.1768 0.0022615
36.1793 0.00216981
36.1818 0.00208084
36.1843 0.00199458
36.1868 0.00191097
36.1893 0.00182999
36.1918 0.0017516
36.1943 0.00167575
36.1968 0.0016024
36.1993 0.00153151
36.2019 0.00146303
36.2044 0.00139692
36.2069 0.00133314
36.2094 0.00127163
36.2119 0.00121234
36.2144 0.00115524
36.2169 0.00110026
36.2194 0.00104736
36.2219 0.000996497
36.2244 0.000947611
36.2269 0.000900655
36.2294 0.000855579
36.2319 0.000812333
36.2344 0.000770865
36.2369 0.000731127
36.2394 0.000693068
36.2419 0.000656638
36.2444 0.000621788
36.2469 0.00058847
36.2494 0.000556634
36.2519 0.000526233
36.2544 0.000497219
36.2569 0.000469546
36.2594 0.000443167
36.2619 0.000418037
36.2644 0.000394112
36.2669 0.000371347
36.2694 0.000349699
36.2719 0.000329126
36.2744 0.000309587
36.2769 0.000291041
36.2794 0.000273448
36.2819 0.00025677
36.2844 0.000240969
36.2869 0.000226008
36.2894 0.000211852
36.2919 0.000198465
36.2944 0.000185814
36.2969 0.000173866
36.2994 0.000162589
36.3019 0.000151952
36.3044 0.000141925
36.3069 0.000132479
36.3094 0.000123587
36.3119 0.000115221
36.3144 0.000107355
36.3169 9.99642e-05
36.3194 9.30246e-05
36.3219 8.65129e-05
36.3244 8.04065e-05
36.3269 7.46841e-05
36.3294 6.93252e-05
36.3319 6.43099e-05
36.3344 5.96194e-05
36.3369 5.52357e-05
36.3394 5.11413e-05
36.3419 4.73198e-05
36.3444 4.37555e-05
36.3469 4.04332e-05
36.3494 3.73388e-05
36.3519 3.44584e-05
36.3544 3.17793e-05
36.3569 2.9289e-05
36.3594 2.69759e-05
36.3619 2.48288e-05
36.3644 2.28372e-05
36.3669 2.09912e-05
36.3694 1.92813e-05
36.3719 1.76987e-05
36.3744 1.62348e-05
36.3769 1.48818e-05
36.3794 1.36321e-05
36.3819 1.24787e-05
36.3844 1.1415e-05
36.3869 1.04346e-05
36.3894 9.53176e-06
36.3919 8.70088e-06
36.3944 7.9368e-06
36.3969 7.23467e-06
36.3994 6.58995e-06
36.402 5.99838e-06
36.4045 5.45599e-06
36.407 4.95905e-06
36.4095 4.5041e-06
36.412 4.08791e-06
36.4145 3.70745e-06
36.417 3.35994e-06
36.4195 3.04275e-06
36.422 2.75346e-06
36.4245 2.48982e-06
36.427 2.24975e-06
36.4295 2.03129e-06
36.432 1.83267e-06
36.4345 1.65222e-06
36.437 1.4884e-06
36.4395 1.33981e-06
36.442 1.20512e-06
36.4445 1.08314e-06
36.447 9.72759e-07
36.4495 8.72947e-07
36.452 7.82768e-07
36.4545 7.01356e-07
36.457 6.27918e-07
36.4595 5.61727e-07
36.462 5.02116e-07
36.4645 4.48475e-07
36.467 4.00245e-07
36.4695 3.56916e-07
36.472 3.18022e-07
36.4745 2.83138e-07
36.477 2.51876e-07
36.4795 2.23884e-07
36.482 1.98841e-07
36.4845 1.76454e-07
36.487 1.56459e-07
36.4895 1.38615e-07
36.492 1.22704e-07
36.4945 1.08529e-07
36.497 9.5912e-08
36.4995 8.46904e-08
