23.61 0.0188824
23.663 0.0472059
23.716 0.122735
23.7689 0.339883
23.8219 0.745854
23.8748 1.06685
23.9278 1.82215
23.9808 2.12427
24.0337 2.31309
24.0867 1.81271
24.1396 1.83159
24.1926 1.36897
24.2455 0.981884
24.2985 0.764736
24.3515 0.453177
24.4044 0.443736
24.4574 0.226589
24.5103 0.103853
24.5633 0.0660883
24.6163 0.0566471
24.6692 0.0566471
24.7222 0.0566471
24.7751 0.0377648
24.8281 0.00944119
24.8811 0
24.934 0.00944119
24.987 0.00944119
25.0399 0
25.0929 0.00944119
25.1459 0
25.1988 0
25.2518 0.0283236
25.3047 0.00944119
25.3577 0.0188824
25.4107 0.00944119
25.4636 0.0283236
25.5166 0.0472059
25.5695 0.0472059
25.6225 0.0849707
25.6755 0.103853
25.7284 0.1605
25.7814 0.103853
25.8343 0.283236
25.8873 0.292677
25.9403 0.23603
25.9932 0.179383
26.0462 0.151059
26.0991 0.0944119
26.1521 0.0755295
26.205 0.0283236
