23.6481 0.0470534
23.7013 0.0752854
23.7544 0.272909
23.8075 0.461123
23.8607 0.997531
23.9138 1.36455
23.9669 1.82567
24.0201 1.90096
24.0732 1.94801
24.1263 1.52453
24.1795 1.2328
24.2326 1.06341
24.2857 0.724622
24.3388 0.451712
24.392 0.348195
24.4451 0.301141
24.4982 0.122339
24.5514 0.131749
24.6045 0.0188213
24.6576 0.0376427
24.7108 0.028232
24.7639 0.00941067
24.817 0.0188213
24.8702 0.0188213
24.9233 0.00941067
24.9764 0.028232
25.0296 0.00941067
25.0827 0.028232
25.1358 0.00941067
25.1889 0.00941067
25.2421 0
25.2952 0.0376427
25.3483 0.0658747
25.4015 0.0752854
25.4546 0.056464
25.5077 0.0470534
25.5609 0.0658747
25.614 0.188213
25.6671 0.112928
25.7203 0.272909
25.7734 0.319963
25.8265 0.338784
25.8797 0.357606
25.9328 0.508176
25.9859 0.470534
26.039 0.404659
26.0922 0.178803
26.1453 0.197624
26.1984 0.0470534
26.2516 0.056464
