0 0.0170136
0.1 0.0170641
0.2 0.0170703
0.3 0.0170787
0.4 0.0170849
0.5 0.0170856
0.6 0.0170916
0.7 0.0170994
0.8 0.0171133
0.9 0.0171227
1 0.017133
1.1 0.0171409
1.2 0.017155
1.3 0.0171653
1.4 0.0171748
1.5 0.0171919
1.6 0.0172053
1.7 0.0172136
1.8 0.017224
1.9 0.0172334
2 0.0172509
2.1 0.0172697
2.2 0.0172917
2.3 0.0173151
2.4 0.0173383
2.5 0.0173635
2.6 0.0173927
2.7 0.0174229
2.8 0.0174598
2.9 0.0174962
3 0.0175252
3.1 0.0175613
3.2 0.0176004
3.3 0.017641
3.4 0.0176846
3.5 0.0177317
3.6 0.0177828
3.7 0.0178312
3.8 0.0178772
3.9 0.0179239
4 0.0179779
4.1 0.0180388
4.2 0.0181012
4.3 0.0181626
4.4 0.0182265
4.5 0.0182911
4.6 0.0183631
4.7 0.0184345
4.8 0.0185088
4.9 0.0185807
5 0.0186581
5.1 0.018741
5.2 0.0188312
5.3 0.0189216
5.4 0.0190121
5.5 0.0190956
5.6 0.0191871
5.7 0.0192808
5.8 0.0193833
5.9 0.0194804
6 0.0195844
6.1 0.0196817
6.2 0.0197874
6.3 0.019884
6.4 0.0199911
6.5 0.0201005
6.6 0.0202117
6.7 0.0203239
6.8 0.0204434
6.9 0.0205615
7 0.0206778
7.1 0.0207979
7.2 0.0209288
7.3 0.0210519
7.4 0.0211716
7.5 0.0212984
7.6 0.0214393
7.7 0.0215887
7.8 0.0217357
7.9 0.021888
8 0.0220373
8.1 0.0221915
8.2 0.022348
8.3 0.0225053
8.4 0.0226676
8.5 0.0228368
8.6 0.0229984
8.7 0.0231674
8.8 0.0233358
8.9 0.023501
9 0.0236684
9.1 0.0238549
9.2 0.0240449
9.3 0.0242405
9.4 0.0244286
9.5 0.0246237
9.6 0.024827
9.7 0.0250294
9.8 0.0252358
9.9 0.0254459
10 0.0256595
10.1 0.0258693
10.2 0.0260874
10.3 0.026312
10.4 0.026549
10.5 0.0267841
10.6 0.0270153
10.7 0.0272425
10.8 0.0274921
10.9 0.0277479
11 0.028001
11.1 0.0282544
11.2 0.0285155
11.3 0.0287726
11.4 0.0290345
11.5 0.0292904
11.6 0.029554
11.7 0.029832
11.8 0.0301155
11.9 0.0303961
12 0.0306855
12.1 0.0309823
12.2 0.0312763
12.3 0.0315756
12.4 0.0318873
12.5 0.0321997
12.6 0.032513
12.7 0.0328354
12.8 0.0331641
12.9 0.0334904
13 0.0338193
13.1 0.0341594
13.2 0.0344959
13.3 0.03483
13.4 0.035169
13.5 0.0355128
13.6 0.035867
13.7 0.036231
13.8 0.0366062
13.9 0.0369752
14 0.037352
14.1 0.0377336
14.2 0.038116
14.3 0.038502
14.4 0.0388947
14.5 0.0392857
14.6 0.0396721
14.7 0.040076
14.8 0.0404717
14.9 0.0408753
15 0.0412928
15.1 0.0417052
15.2 0.0421275
15.3 0.0425461
15.4 0.0429698
15.5 0.0433971
15.6 0.0438217
15.7 0.0442663
15.8 0.0447148
15.9 0.0451561
16 0.0456039
16.1 0.0460523
16.2 0.0465123
16.3 0.0469759
16.4 0.0474401
16.5 0.0479115
16.6 0.0483773
16.7 0.0488464
16.8 0.0493245
16.9 0.0498035
17 0.050276
17.1 0.0507481
17.2 0.051233
17.3 0.0517124
17.4 0.0521954
17.5 0.0526746
17.6 0.0531528
17.7 0.0536426
17.8 0.0541293
17.9 0.0546209
18 0.055106
18.1 0.0555894
18.2 0.0560652
18.3 0.0565399
18.4 0.0570241
18.5 0.0575175
18.6 0.0580142
18.7 0.0585246
18.8 0.0590247
18.9 0.0595237
19 0.0600206
19.1 0.0605104
19.2 0.0610087
19.3 0.0615139
19.4 0.0620102
19.5 0.062511
19.6 0.0630149
19.7 0.0635289
19.8 0.0640338
19.9 0.0645468
20 0.0650681
20.1 0.0655895
20.2 0.066099
20.3 0.0666046
20.4 0.0671102
20.5 0.0676184
20.6 0.06812
20.7 0.0686215
20.8 0.0691308
20.9 0.0696546
21 0.0701844
21.1 0.0707097
21.2 0.0712246
21.3 0.0717438
21.4 0.0722575
21.5 0.0727769
21.6 0.0732921
21.7 0.0738087
21.8 0.0743157
21.9 0.0748216
22 0.0753276
22.1 0.0758401
22.2 0.0763441
22.3 0.0768527
22.4 0.0773607
22.5 0.0778734
22.6 0.0783908
22.7 0.0789091
22.8 0.0794169
22.9 0.0799383
23 0.0804581
23.1 0.0809633
23.2 0.0814672
23.3 0.0819779
23.4 0.0824803
23.5 0.0829757
23.6 0.0834683
23.7 0.0839661
23.8 0.0844691
23.9 0.0849701
24 0.0854682
24.1 0.0859687
24.2 0.0864708
24.3 0.0869652
24.4 0.0874734
24.5 0.0879716
24.6 0.0884708
24.7 0.0889626
24.8 0.0894491
24.9 0.0899649
25 0.0904758
25.1 0.0909834
25.2 0.0914959
25.3 0.0919943
25.4 0.0924916
25.5 0.0929994
25.6 0.0934953
25.7 0.0939912
25.8 0.0944891
25.9 0.0950005
26 0.0954989
26.1 0.0960079
26.2 0.096505
26.3 0.0970051
26.4 0.0975121
26.5 0.0980201
26.6 0.0985329
26.7 0.0990407
26.8 0.0995426
26.9 0.100044
27 0.100552
27.1 0.101066
27.2 0.101589
27.3 0.102096
27.4 0.102607
27.5 0.103135
27.6 0.103666
27.7 0.104188
27.8 0.104711
27.9 0.105229
28 0.105747
28.1 0.106254
28.2 0.106769
28.3 0.107284
28.4 0.107801
28.5 0.108307
28.6 0.108832
28.7 0.109349
28.8 0.109867
28.9 0.110366
29 0.110873
29.1 0.111371
29.2 0.111863
29.3 0.112361
29.4 0.11287
29.5 0.113371
29.6 0.113881
29.7 0.114394
29.8 0.114911
29.9 0.115416
30 0.115929
30.1 0.116445
30.2 0.116958
30.3 0.117467
30.4 0.117974
30.5 0.118482
30.6 0.118989
30.7 0.119492
30.8 0.119999
30.9 0.12052
31 0.12102
31.1 0.121534
31.2 0.122055
31.3 0.122569
31.4 0.123067
31.5 0.123565
31.6 0.124064
31.7 0.124576
31.8 0.125077
31.9 0.125561
32 0.126043
32.1 0.126528
32.2 0.127024
32.3 0.12752
32.4 0.128014
32.5 0.128523
32.6 0.129034
32.7 0.129535
32.8 0.130033
32.9 0.130524
33 0.130997
33.1 0.131478
33.2 0.131952
33.3 0.132425
33.4 0.132897
33.5 0.13339
33.6 0.133877
33.7 0.134357
33.8 0.134839
33.9 0.13533
34 0.135835
34.1 0.136338
34.2 0.136823
34.3 0.137308
34.4 0.137791
34.5 0.138273
34.6 0.138761
34.7 0.139243
34.8 0.139733
34.9 0.140214
35 0.140712
35.1 0.141207
35.2 0.1417
35.3 0.142199
35.4 0.142686
35.5 0.143161
35.6 0.143639
35.7 0.14414
35.8 0.144643
35.9 0.145146
36 0.145657
36.1 0.146149
36.2 0.146647
36.3 0.147138
36.4 0.147635
36.5 0.148137
36.6 0.148642
36.7 0.149137
36.8 0.14962
36.9 0.150106
37 0.150611
37.1 0.151126
37.2 0.151638
37.3 0.152151
37.4 0.152655
37.5 0.153185
37.6 0.153714
37.7 0.154247
37.8 0.154785
37.9 0.155316
38 0.155871
38.1 0.156424
38.2 0.156967
38.3 0.157521
38.4 0.158067
38.5 0.158612
38.6 0.159156
38.7 0.159691
38.8 0.16023
38.9 0.160777
39 0.161332
39.1 0.161881
39.2 0.16243
39.3 0.162982
39.4 0.163523
39.5 0.164063
39.6 0.164616
39.7 0.165154
39.8 0.165707
39.9 0.166254
40 0.166813
40.1 0.167372
40.2 0.167932
40.3 0.168497
40.4 0.169074
40.5 0.169639
40.6 0.170203
40.7 0.170747
40.8 0.171299
40.9 0.171836
41 0.172359
41.1 0.172873
41.2 0.173393
41.3 0.173906
41.4 0.17442
41.5 0.174935
41.6 0.175454
41.7 0.175967
41.8 0.176497
41.9 0.177032
42 0.177566
42.1 0.178089
42.2 0.178612
42.3 0.179134
42.4 0.179661
42.5 0.180182
42.6 0.1807
42.7 0.181213
42.8 0.181737
42.9 0.182273
43 0.182803
43.1 0.183322
43.2 0.183813
43.3 0.184299
43.4 0.184802
43.5 0.18531
43.6 0.185821
43.7 0.186325
43.8 0.186827
43.9 0.18733
44 0.187837
44.1 0.188337
44.2 0.188843
44.3 0.189341
44.4 0.189837
44.5 0.190342
44.6 0.19084
44.7 0.191341
44.8 0.191845
44.9 0.192344
45 0.192847
45.1 0.193335
45.2 0.193816
45.3 0.194296
45.4 0.194779
45.5 0.195261
45.6 0.195753
45.7 0.196234
45.8 0.196723
45.9 0.197198
46 0.197669
46.1 0.198139
46.2 0.198615
46.3 0.19908
46.4 0.199537
46.5 0.200004
46.6 0.200483
46.7 0.200958
46.8 0.201428
46.9 0.201898
47 0.202365
47.1 0.202834
47.2 0.203297
47.3 0.203772
47.4 0.204245
47.5 0.204729
47.6 0.205205
47.7 0.205669
47.8 0.206122
47.9 0.206579
48 0.207051
48.1 0.207508
48.2 0.20797
48.3 0.208427
48.4 0.208905
48.5 0.209364
48.6 0.209818
48.7 0.210277
48.8 0.210732
48.9 0.211181
49 0.211635
49.1 0.212087
49.2 0.21254
49.3 0.212986
49.4 0.213431
49.5 0.213879
49.6 0.214315
49.7 0.21476
49.8 0.215209
49.9 0.21566
50 0.216113
50.1 0.216563
50.2 0.21703
50.3 0.217493
50.4 0.21794
50.5 0.218384
50.6 0.21883
50.7 0.219265
50.8 0.219714
50.9 0.220155
51 0.220592
51.1 0.221038
51.2 0.221477
51.3 0.221913
51.4 0.222358
51.5 0.222793
51.6 0.223222
51.7 0.223666
51.8 0.224104
51.9 0.224537
52 0.224973
52.1 0.225402
52.2 0.225826
52.3 0.226267
52.4 0.226682
52.5 0.227092
52.6 0.227497
52.7 0.227911
52.8 0.228335
52.9 0.228753
53 0.229175
53.1 0.229588
53.2 0.230005
53.3 0.230421
53.4 0.230856
53.5 0.23129
53.6 0.231726
53.7 0.23214
53.8 0.23255
53.9 0.232953
54 0.233359
54.1 0.233777
54.2 0.234196
54.3 0.234621
54.4 0.235033
54.5 0.235456
54.6 0.23587
54.7 0.236285
54.8 0.236702
54.9 0.237131
55 0.237544
55.1 0.237968
55.2 0.238394
55.3 0.238815
55.4 0.239239
55.5 0.239678
55.6 0.240117
55.7 0.240557
55.8 0.241
55.9 0.241445
56 0.241893
56.1 0.242338
56.2 0.242768
56.3 0.243224
56.4 0.243673
56.5 0.244119
56.6 0.244565
56.7 0.245022
56.8 0.245481
56.9 0.245926
57 0.246387
57.1 0.246849
57.2 0.247301
57.3 0.24777
57.4 0.248226
57.5 0.248676
57.6 0.249131
57.7 0.249574
57.8 0.250015
57.9 0.250444
58 0.250878
58.1 0.251315
58.2 0.251741
58.3 0.252166
58.4 0.252585
58.5 0.252994
58.6 0.253395
58.7 0.253788
58.8 0.254176
58.9 0.254584
59 0.254977
59.1 0.255371
59.2 0.255759
59.3 0.256147
59.4 0.256539
59.5 0.256921
59.6 0.257316
59.7 0.257712
59.8 0.258126
59.9 0.258558
60 0.259007
60.1 0.259431
60.2 0.259851
60.3 0.260275
60.4 0.260699
60.5 0.261113
60.6 0.261532
60.7 0.261958
60.8 0.262363
60.9 0.262766
61 0.263173
61.1 0.263588
61.2 0.26402
61.3 0.264468
61.4 0.264898
61.5 0.265302
61.6 0.265705
61.7 0.266103
61.8 0.266497
61.9 0.266857
62 0.267224
62.1 0.267569
62.2 0.267906
62.3 0.26827
62.4 0.268632
62.5 0.269005
62.6 0.269389
62.7 0.269794
62.8 0.27019
62.9 0.270573
63 0.27094
63.1 0.271316
63.2 0.271693
63.3 0.272071
63.4 0.272462
63.5 0.272855
63.6 0.27323
63.7 0.273607
63.8 0.27402
63.9 0.27442
64 0.274815
64.1 0.275242
64.2 0.275655
64.3 0.276074
64.4 0.276503
64.5 0.27695
64.6 0.277364
64.7 0.277806
64.8 0.278251
64.9 0.278705
65 0.279166
65.1 0.279608
65.2 0.280056
65.3 0.280515
65.4 0.280978
65.5 0.281435
65.6 0.281917
65.7 0.282382
65.8 0.282865
65.9 0.283347
66 0.283832
66.1 0.284316
66.2 0.284806
66.3 0.285285
66.4 0.285805
66.5 0.286322
66.6 0.28686
66.7 0.287403
66.8 0.287941
66.9 0.288486
67 0.289031
67.1 0.289575
67.2 0.290132
67.3 0.290694
67.4 0.291258
67.5 0.291832
67.6 0.292441
67.7 0.293002
67.8 0.293582
67.9 0.294156
68 0.294745
68.1 0.295356
68.2 0.295965
68.3 0.29656
68.4 0.297198
68.5 0.297828
68.6 0.298467
68.7 0.299135
68.8 0.299774
68.9 0.300435
69 0.301109
69.1 0.30176
69.2 0.302421
69.3 0.303061
69.4 0.303701
69.5 0.304313
69.6 0.304917
69.7 0.305534
69.8 0.306119
69.9 0.306739
70 0.307334
70.1 0.307922
70.2 0.3085
70.3 0.309057
70.4 0.309607
70.5 0.310151
70.6 0.310707
70.7 0.311286
70.8 0.311859
70.9 0.312427
71 0.312985
71.1 0.313571
71.2 0.314181
71.3 0.314764
71.4 0.315346
71.5 0.315936
71.6 0.316541
71.7 0.317149
71.8 0.317714
71.9 0.318269
72 0.318869
72.1 0.319474
72.2 0.320063
72.3 0.320642
72.4 0.321206
72.5 0.321713
72.6 0.322279
72.7 0.322817
72.8 0.323329
72.9 0.323827
73 0.324356
73.1 0.324887
73.2 0.325414
73.3 0.325949
73.4 0.326533
73.5 0.327131
73.6 0.327772
73.7 0.328391
73.8 0.329028
73.9 0.329691
74 0.330344
74.1 0.331013
74.2 0.331705
74.3 0.332408
74.4 0.333122
74.5 0.333857
74.6 0.334608
74.7 0.335371
74.8 0.336208
74.9 0.337078
75 0.337936
75.1 0.33881
75.2 0.339614
75.3 0.340432
75.4 0.341205
75.5 0.341977
75.6 0.342761
75.7 0.343538
75.8 0.344297
75.9 0.345073
76 0.34595
76.1 0.346798
76.2 0.347638
76.3 0.348534
76.4 0.349453
76.5 0.350425
76.6 0.351406
76.7 0.352395
76.8 0.353398
76.9 0.35437
77 0.355338
77.1 0.356366
77.2 0.35733
77.3 0.358264
77.4 0.359241
77.5 0.36024
77.6 0.361285
77.7 0.362296
77.8 0.363232
77.9 0.364177
78 0.365106
78.1 0.366001
78.2 0.366924
78.3 0.367863
78.4 0.368815
78.5 0.369697
78.6 0.370549
78.7 0.371405
78.8 0.372207
78.9 0.372979
79 0.373732
79.1 0.374432
79.2 0.375125
79.3 0.375866
79.4 0.376588
79.5 0.377306
79.6 0.378049
79.7 0.378763
79.8 0.379544
79.9 0.380258
80 0.380948
80.1 0.381556
80.2 0.382144
80.3 0.382715
80.4 0.38328
80.5 0.383875
80.6 0.384478
80.7 0.38512
80.8 0.385876
80.9 0.386508
81 0.387089
81.1 0.387704
81.2 0.388348
81.3 0.388975
81.4 0.389593
81.5 0.390199
81.6 0.390846
81.7 0.39153
81.8 0.39223
81.9 0.392874
82 0.393477
82.1 0.394006
82.2 0.394549
82.3 0.395089
82.4 0.395617
82.5 0.396095
82.6 0.396604
82.7 0.397115
82.8 0.397503
82.9 0.397971
83 0.398399
83.1 0.398824
83.2 0.399269
83.3 0.399589
83.4 0.399846
83.5 0.400126
83.6 0.400378
83.7 0.400614
83.8 0.400897
83.9 0.401169
84 0.40147
84.1 0.401821
84.2 0.402093
84.3 0.402413
84.4 0.402801
84.5 0.40317
84.6 0.403521
84.7 0.403864
84.8 0.404206
84.9 0.404557
85 0.404883
85.1 0.405211
85.2 0.405523
85.3 0.405904
85.4 0.406296
85.5 0.406646
85.6 0.406993
85.7 0.407321
85.8 0.407662
85.9 0.40796
86 0.408217
86.1 0.408426
86.2 0.408636
86.3 0.408819
86.4 0.409041
86.5 0.409256
86.6 0.409463
86.7 0.409701
86.8 0.409901
86.9 0.410184
87 0.410421
87.1 0.410652
87.2 0.410893
87.3 0.411176
87.4 0.411421
87.5 0.411649
87.6 0.411828
87.7 0.412052
87.8 0.412296
87.9 0.412545
88 0.412744
88.1 0.412975
88.2 0.413142
88.3 0.413287
88.4 0.413487
88.5 0.41365
88.6 0.413824
88.7 0.413937
88.8 0.414062
88.9 0.414238
89 0.414404
89.1 0.414574
89.2 0.414714
89.3 0.41482
89.4 0.414978
89.5 0.415138
89.6 0.415272
89.7 0.415405
89.8 0.415482
89.9 0.415579
90 0.415654
90.1 0.415695
90.2 0.415773
90.3 0.415813
90.4 0.415881
90.5 0.415913
90.6 0.415979
90.7 0.416009
90.8 0.416033
90.9 0.416023
91 0.416077
91.1 0.416141
91.2 0.416178
91.3 0.416181
91.4 0.416253
91.5 0.416297
91.6 0.416322
91.7 0.416315
91.8 0.416338
91.9 0.416367
92 0.416376
92.1 0.41643
92.2 0.416415
92.3 0.416436
92.4 0.416435
92.5 0.416453
92.6 0.416466
92.7 0.416455
92.8 0.416453
92.9 0.416452
93 0.416477
93.1 0.416477
93.2 0.416512
93.3 0.416532
93.4 0.416546
93.5 0.416563
93.6 0.41658
93.7 0.416602
93.8 0.416582
93.9 0.416614
94 0.416656
94.1 0.416707
94.2 0.416701
94.3 0.416705
94.4 0.416687
94.5 0.416666
94.6 0.416662
94.7 0.41665
94.8 0.416662
94.9 0.416668
95 0.416713
95.1 0.416725
95.2 0.416715
95.3 0.416723
95.4 0.416735
95.5 0.416753
95.6 0.416756
95.7 0.416739
95.8 0.416765
95.9 0.41674
96 0.416758
96.1 0.416796
96.2 0.416809
96.3 0.41681
96.4 0.416807
96.5 0.416794
96.6 0.416789
96.7 0.416778
96.8 0.416769
96.9 0.416754
97 0.416762
97.1 0.416774
97.2 0.416775
97.3 0.416722
97.4 0.416716
97.5 0.416715
97.6 0.4167
97.7 0.416702
97.8 0.416683
97.9 0.416689
98 0.416674
98.1 0.416652
98.2 0.416649
98.3 0.416632
98.4 0.41664
98.5 0.416656
98.6 0.416655
98.7 0.41662
98.8 0.416613
98.9 0.416637
99 0.416644
99.1 0.416654
99.2 0.416664
99.3 0.41667
99.4 0.416671
99.5 0.416678
99.6 0.41669
99.7 0.416713
99.8 0.416716
99.9 0.416712
100 0.551473
