33.5 3.41931
33.5015 3.3516
33.503 3.2842
33.5045 3.21709
33.506 3.15029
33.5075 3.08379
33.509 3.01758
33.5105 2.95168
33.512 2.88607
33.5135 2.82075
33.515 2.75574
33.5165 2.69101
33.518 2.62659
33.5195 2.56245
33.521 2.49861
33.5225 2.43507
33.524 2.37181
33.5255 2.30885
33.527 2.24617
33.5285 2.18379
33.53 2.1217
33.5315 2.05989
33.533 1.99837
33.5345 1.93714
33.536 1.87619
33.5375 1.81553
33.539 1.75516
33.5405 1.69507
33.542 1.63526
33.5435 1.57574
33.545 1.5165
33.5465 1.45754
33.548 1.39886
33.5495 1.34046
33.551 1.28235
33.5525 1.22451
33.554 1.16695
33.5555 1.10966
33.557 1.05266
33.5585 0.995928
33.56 0.939474
33.5615 0.883295
33.563 0.82739
33.5645 0.771759
33.566 0.716401
33.5675 0.661315
33.569 0.606501
33.5705 0.551958
33.572 0.497686
33.5735 0.443683
33.575 0.389949
33.5765 0.336483
33.578 0.283286
33.5795 0.230355
33.581 0.177691
33.5825 0.125292
33.584 0.0731585
33.5855 0.0212895
33.587 -0.0303158
33.5885 -0.0816579
33.59 -0.132738
33.5915 -0.183555
33.593 -0.234112
33.5945 -0.284408
33.596 -0.334444
33.5975 -0.384221
33.599 -0.43374
33.6006 -0.483
33.6021 -0.532003
33.6036 -0.58075
33.6051 -0.62924
33.6066 -0.677476
33.6081 -0.725456
33.6096 -0.773183
33.6111 -0.820656
33.6126 -0.867876
33.6141 -0.914844
33.6156 -0.961561
33.6171 -1.00803
33.6186 -1.05424
33.6201 -1.10021
33.6216 -1.14593
33.6231 -1.19139
33.6246 -1.23662
33.6261 -1.28159
33.6276 -1.32632
33.6291 -1.3708
33.6306 -1.41504
33.6321 -1.45903
33.6336 -1.50278
33.6351 -1.54628
33.6366 -1.58954
33.6381 -1.63257
33.6396 -1.67535
33.6411 -1.71788
33.6426 -1.76018
33.6441 -1.80224
33.6456 -1.84406
33.6471 -1.88564
33.6486 -1.92699
33.6501 -1.9681
33.6516 -2.00897
33.6531 -2.0496
33.6546 -2.09
33.6561 -2.13017
33.6576 -2.1701
33.6591 -2.2098
33.6606 -2.24927
33.6621 -2.2885
33.6636 -2.32751
33.6651 -2.36628
33.6666 -2.40482
33.6681 -2.44313
33.6696 -2.48122
33.6711 -2.51907
33.6726 -2.5567
33.6741 -2.5941
33.6756 -2.63128
33.6771 -2.66823
33.6786 -2.70495
33.6801 -2.74145
33.6816 -2.77772
33.6831 -2.81378
33.6846 -2.84961
33.6861 -2.88521
33.6876 -2.9206
33.6891 -2.95576
33.6906 -2.99071
33.6921 -3.02543
33.6936 -3.05994
33.6951 -3.09422
33.6966 -3.12829
33.6981 -3.16214
33.6996 -3.19578
33.7011 -3.2292
33.7026 -3.2624
33.7041 -3.29539
33.7056 -3.32816
33.7071 -3.36072
33.7086 -3.39307
33.7101 -3.4252
33.7116 -3.45713
33.7131 -3.48884
33.7146 -3.52034
33.7161 -3.55163
33.7176 -3.58271
33.7191 -3.61358
33.7206 -3.64425
33.7221 -3.6747
33.7236 -3.70495
33.7251 -3.73499
33.7266 -3.76483
33.7281 -3.79446
33.7296 -3.82389
33.7311 -3.85311
33.7326 -3.88213
33.7341 -3.91094
33.7356 -3.93955
33.7371 -3.96796
33.7386 -3.99617
33.7401 -4.02418
33.7416 -4.05199
33.7431 -4.0796
33.7446 -4.10701
33.7461 -4.13422
33.7476 -4.16124
33.7491 -4.18805
33.7506 -4.21467
33.7521 -4.2411
33.7536 -4.26733
33.7551 -4.29336
33.7566 -4.3192
33.7581 -4.34484
33.7596 -4.3703
33.7611 -4.39556
33.7626 -4.42062
33.7641 -4.4455
33.7656 -4.47019
33.7671 -4.49468
33.7686 -4.51899
33.7701 -4.5431
33.7716 -4.56703
33.7731 -4.59077
33.7746 -4.61432
33.7761 -4.63769
33.7776 -4.66086
33.7791 -4.68386
33.7806 -4.70667
33.7821 -4.72929
33.7836 -4.75173
33.7851 -4.77398
33.7866 -4.79606
33.7881 -4.81795
33.7896 -4.83965
33.7911 -4.86118
33.7926 -4.88253
33.7941 -4.90369
33.7956 -4.92468
33.7971 -4.94549
33.7986 -4.96611
33.8002 -4.98657
33.8017 -5.00684
33.8032 -5.02694
33.8047 -5.04686
33.8062 -5.0666
33.8077 -5.08617
33.8092 -5.10556
33.8107 -5.12479
33.8122 -5.14383
33.8137 -5.16271
33.8152 -5.18141
33.8167 -5.19994
33.8182 -5.2183
33.8197 -5.23649
33.8212 -5.2545
33.8227 -5.27235
33.8242 -5.29003
33.8257 -5.30754
33.8272 -5.32488
33.8287 -5.34206
33.8302 -5.35906
33.8317 -5.37591
33.8332 -5.39258
33.8347 -5.40909
33.8362 -5.42544
33.8377 -5.44162
33.8392 -5.45763
33.8407 -5.47349
33.8422 -5.48918
33.8437 -5.50471
33.8452 -5.52008
33.8467 -5.53528
33.8482 -5.55033
33.8497 -5.56521
33.8512 -5.57994
33.8527 -5.59451
33.8542 -5.60892
33.8557 -5.62317
33.8572 -5.63726
33.8587 -5.6512
33.8602 -5.66498
33.8617 -5.6786
33.8632 -5.69207
33.8647 -5.70539
33.8662 -5.71855
33.8677 -5.73156
33.8692 -5.74441
33.8707 -5.75711
33.8722 -5.76966
33.8737 -5.78206
33.8752 -5.79431
33.8767 -5.8064
33.8782 -5.81835
33.8797 -5.83015
33.8812 -5.84179
33.8827 -5.85329
33.8842 -5.86465
33.8857 -5.87585
33.8872 -5.88691
33.8887 -5.89782
33.8902 -5.90858
33.8917 -5.9192
33.8932 -5.92968
33.8947 -5.94001
33.8962 -5.95019
33.8977 -5.96024
33.8992 -5.97014
33.9007 -5.97989
33.9022 -5.98951
33.9037 -5.99899
33.9052 -6.00832
33.9067 -6.01751
33.9082 -6.02657
33.9097 -6.03548
33.9112 -6.04426
33.9127 -6.0529
33.9142 -6.0614
33.9157 -6.06976
33.9172 -6.07799
33.9187 -6.08608
33.9202 -6.09403
33.9217 -6.10185
33.9232 -6.10953
33.9247 -6.11708
33.9262 -6.1245
33.9277 -6.13178
33.9292 -6.13893
33.9307 -6.14595
33.9322 -6.15284
33.9337 -6.15959
33.9352 -6.16622
33.9367 -6.17271
33.9382 -6.17907
33.9397 -6.18531
33.9412 -6.19142
33.9427 -6.19739
33.9442 -6.20324
33.9457 -6.20897
33.9472 -6.21456
33.9487 -6.22003
33.9502 -6.22537
33.9517 -6.23059
33.9532 -6.23568
33.9547 -6.24065
33.9562 -6.2455
33.9577 -6.25022
33.9592 -6.25482
33.9607 -6.25929
33.9622 -6.26365
33.9637 -6.26788
33.9652 -6.27199
33.9667 -6.27598
33.9682 -6.27985
33.9697 -6.2836
33.9712 -6.28723
33.9727 -6.29075
33.9742 -6.29414
33.9757 -6.29742
33.9772 -6.30058
33.9787 -6.30362
33.9802 -6.30655
33.9817 -6.30936
33.9832 -6.31206
33.9847 -6.31464
33.9862 -6.3171
33.9877 -6.31945
33.9892 -6.32169
33.9907 -6.32382
33.9922 -6.32583
33.9937 -6.32773
33.9952 -6.32952
33.9967 -6.3312
33.9982 -6.33277
33.9997 -6.33423
34.0013 -6.33557
34.0028 -6.33681
34.0043 -6.33794
34.0058 -6.33896
34.0073 -6.33988
34.0088 -6.34068
34.0103 -6.34138
34.0118 -6.34197
34.0133 -6.34246
34.0148 -6.34284
34.0163 -6.34312
34.0178 -6.34329
34.0193 -6.34335
34.0208 -6.34332
34.0223 -6.34317
34.0238 -6.34293
34.0253 -6.34259
34.0268 -6.34214
34.0283 -6.34159
34.0298 -6.34094
34.0313 -6.34019
34.0328 -6.33933
34.0343 -6.33838
34.0358 -6.33733
34.0373 -6.33618
34.0388 -6.33493
34.0403 -6.33359
34.0418 -6.33214
34.0433 -6.3306
34.0448 -6.32897
34.0463 -6.32723
34.0478 -6.3254
34.0493 -6.32348
34.0508 -6.32146
34.0523 -6.31935
34.0538 -6.31714
34.0553 -6.31484
34.0568 -6.31244
34.0583 -6.30995
34.0598 -6.30738
34.0613 -6.3047
34.0628 -6.30194
34.0643 -6.29909
34.0658 -6.29614
34.0673 -6.29311
34.0688 -6.28998
34.0703 -6.28677
34.0718 -6.28347
34.0733 -6.28008
34.0748 -6.2766
34.0763 -6.27304
34.0778 -6.26938
34.0793 -6.26564
34.0808 -6.26182
34.0823 -6.25791
34.0838 -6.25391
34.0853 -6.24983
34.0868 -6.24566
34.0883 -6.24141
34.0898 -6.23707
34.0913 -6.23266
34.0928 -6.22816
34.0943 -6.22357
34.0958 -6.21891
34.0973 -6.21416
34.0988 -6.20933
34.1003 -6.20443
34.1018 -6.19944
34.1033 -6.19437
34.1048 -6.18922
34.1063 -6.18399
34.1078 -6.17869
34.1093 -6.1733
34.1108 -6.16784
34.1123 -6.1623
34.1138 -6.15669
34.1153 -6.15099
34.1168 -6.14522
34.1183 -6.13938
34.1198 -6.13346
34.1213 -6.12746
34.1228 -6.12139
34.1243 -6.11525
34.1258 -6.10903
34.1273 -6.10274
34.1288 -6.09637
34.1303 -6.08993
34.1318 -6.08343
34.1333 -6.07684
34.1348 -6.07019
34.1363 -6.06347
34.1378 -6.05667
34.1393 -6.04981
34.1408 -6.04288
34.1423 -6.03587
34.1438 -6.0288
34.1453 -6.02166
34.1468 -6.01445
34.1483 -6.00717
34.1498 -5.99983
34.1513 -5.99242
34.1528 -5.98494
34.1543 -5.9774
34.1558 -5.96979
34.1573 -5.96211
34.1588 -5.95437
34.1603 -5.94657
34.1618 -5.9387
34.1633 -5.93077
34.1648 -5.92277
34.1663 -5.91471
34.1678 -5.90659
34.1693 -5.8984
34.1708 -5.89016
34.1723 -5.88185
34.1738 -5.87348
34.1753 -5.86505
34.1768 -5.85656
34.1783 -5.84801
34.1798 -5.8394
34.1813 -5.83073
34.1828 -5.822
34.1843 -5.81321
34.1858 -5.80437
34.1873 -5.79546
34.1888 -5.7865
34.1903 -5.77749
34.1918 -5.76841
34.1933 -5.75928
34.1948 -5.7501
34.1963 -5.74085
34.1978 -5.73156
34.1993 -5.72221
34.2009 -5.7128
34.2024 -5.70334
34.2039 -5.69383
34.2054 -5.68426
34.2069 -5.67464
34.2084 -5.66497
34.2099 -5.65524
34.2114 -5.64546
34.2129 -5.63564
34.2144 -5.62576
34.2159 -5.61583
34.2174 -5.60585
34.2189 -5.59582
34.2204 -5.58574
34.2219 -5.57561
34.2234 -5.56543
34.2249 -5.5552
34.2264 -5.54493
34.2279 -5.53461
34.2294 -5.52424
34.2309 -5.51382
34.2324 -5.50335
34.2339 -5.49284
34.2354 -5.48229
34.2369 -5.47168
34.2384 -5.46104
34.2399 -5.45034
34.2414 -5.43961
34.2429 -5.42882
34.2444 -5.418
34.2459 -5.40713
34.2474 -5.39622
34.2489 -5.38526
34.2504 -5.37426
34.2519 -5.36322
34.2534 -5.35214
34.2549 -5.34102
34.2564 -5.32985
34.2579 -5.31865
34.2594 -5.3074
34.2609 -5.29611
34.2624 -5.28479
34.2639 -5.27342
34.2654 -5.26202
34.2669 -5.25057
34.2684 -5.23909
34.2699 -5.22757
34.2714 -5.21601
34.2729 -5.20442
34.2744 -5.19278
34.2759 -5.18111
34.2774 -5.16941
34.2789 -5.15767
34.2804 -5.14589
34.2819 -5.13407
34.2834 -5.12223
34.2849 -5.11034
34.2864 -5.09843
34.2879 -5.08647
34.2894 -5.07449
34.2909 -5.06247
34.2924 -5.05042
34.2939 -5.03833
34.2954 -5.02622
34.2969 -5.01407
34.2984 -5.00189
34.2999 -4.98967
34.3014 -4.97743
34.3029 -4.96515
34.3044 -4.95285
34.3059 -4.94051
34.3074 -4.92815
34.3089 -4.91575
34.3104 -4.90333
34.3119 -4.89088
34.3134 -4.8784
34.3149 -4.86589
34.3164 -4.85335
34.3179 -4.84078
34.3194 -4.82819
34.3209 -4.81557
34.3224 -4.80292
34.3239 -4.79025
34.3254 -4.77755
34.3269 -4.76483
34.3284 -4.75208
34.3299 -4.7393
34.3314 -4.7265
34.3329 -4.71367
34.3344 -4.70083
34.3359 -4.68795
34.3374 -4.67506
34.3389 -4.66214
34.3404 -4.64919
34.3419 -4.63623
34.3434 -4.62324
34.3449 -4.61023
34.3464 -4.5972
34.3479 -4.58415
34.3494 -4.57107
34.3509 -4.55798
34.3524 -4.54486
34.3539 -4.53172
34.3554 -4.51857
34.3569 -4.50539
34.3584 -4.4922
34.3599 -4.47898
34.3614 -4.46575
34.3629 -4.4525
34.3644 -4.43923
34.3659 -4.42594
34.3674 -4.41264
34.3689 -4.39931
34.3704 -4.38597
34.3719 -4.37262
34.3734 -4.35925
34.3749 -4.34586
34.3764 -4.33245
34.3779 -4.31903
34.3794 -4.3056
34.3809 -4.29215
34.3824 -4.27868
34.3839 -4.2652
34.3854 -4.25171
34.3869 -4.2382
34.3884 -4.22468
34.3899 -4.21114
34.3914 -4.1976
34.3929 -4.18404
34.3944 -4.17046
34.3959 -4.15688
34.3974 -4.14328
34.3989 -4.12967
34.4005 -4.11605
34.402 -4.10242
34.4035 -4.08878
34.405 -4.07513
34.4065 -4.06147
34.408 -4.0478
34.4095 -4.03411
34.411 -4.02042
34.4125 -4.00672
34.414 -3.99301
34.4155 -3.9793
34.417 -3.96557
34.4185 -3.95184
34.42 -3.93809
34.4215 -3.92435
34.423 -3.91059
34.4245 -3.89682
34.426 -3.88305
34.4275 -3.86928
34.429 -3.8555
34.4305 -3.84171
34.432 -3.82791
34.4335 -3.81411
34.435 -3.80031
34.4365 -3.7865
34.438 -3.77268
34.4395 -3.75887
34.441 -3.74504
34.4425 -3.73122
34.444 -3.71739
34.4455 -3.70355
34.447 -3.68972
34.4485 -3.67588
34.45 -3.66203
34.4515 -3.64819
34.453 -3.63434
34.4545 -3.6205
34.456 -3.60665
34.4575 -3.5928
34.459 -3.57895
34.4605 -3.56509
34.462 -3.55124
34.4635 -3.53739
34.465 -3.52353
34.4665 -3.50968
34.468 -3.49583
34.4695 -3.48198
34.471 -3.46813
34.4725 -3.45428
34.474 -3.44043
34.4755 -3.42658
34.477 -3.41274
34.4785 -3.39889
34.48 -3.38505
34.4815 -3.37122
34.483 -3.35738
34.4845 -3.34355
34.486 -3.32972
34.4875 -3.3159
34.489 -3.30208
34.4905 -3.28826
34.492 -3.27445
34.4935 -3.26064
34.495 -3.24684
34.4965 -3.23304
34.498 -3.21925
34.4995 -3.20547
34.501 -3.19168
34.5025 -3.17791
34.504 -3.16414
34.5055 -3.15038
34.507 -3.13662
34.5085 -3.12287
34.51 -3.10913
34.5115 -3.0954
34.513 -3.08167
34.5145 -3.06795
34.516 -3.05424
34.5175 -3.04054
34.519 -3.02684
34.5205 -3.01316
34.522 -2.99948
34.5235 -2.98581
34.525 -2.97216
34.5265 -2.95851
34.528 -2.94487
34.5295 -2.93124
34.531 -2.91762
34.5325 -2.90401
34.534 -2.89041
34.5355 -2.87683
34.537 -2.86325
34.5385 -2.84969
34.54 -2.83613
34.5415 -2.82259
34.543 -2.80906
34.5445 -2.79555
34.546 -2.78204
34.5475 -2.76855
34.549 -2.75507
34.5505 -2.74161
34.552 -2.72815
34.5535 -2.71471
34.555 -2.70129
34.5565 -2.68787
34.558 -2.67448
34.5595 -2.66109
34.561 -2.64772
34.5625 -2.63437
34.564 -2.62103
34.5655 -2.6077
34.567 -2.59439
34.5685 -2.5811
34.57 -2.56782
34.5715 -2.55456
34.573 -2.54131
34.5745 -2.52808
34.576 -2.51486
34.5775 -2.50167
34.579 -2.48849
34.5805 -2.47532
34.582 -2.46218
34.5835 -2.44905
34.585 -2.43593
34.5865 -2.42284
34.588 -2.40977
34.5895 -2.39671
34.591 -2.38367
34.5925 -2.37065
34.594 -2.35765
34.5955 -2.34466
34.597 -2.3317
34.5985 -2.31875
34.6001 -2.30583
34.6016 -2.29292
34.6031 -2.28004
34.6046 -2.26717
34.6061 -2.25433
34.6076 -2.2415
34.6091 -2.2287
34.6106 -2.21591
34.6121 -2.20315
34.6136 -2.19041
34.6151 -2.17769
34.6166 -2.16499
34.6181 -2.15232
34.6196 -2.13966
34.6211 -2.12703
34.6226 -2.11442
34.6241 -2.10183
34.6256 -2.08926
34.6271 -2.07672
34.6286 -2.0642
34.6301 -2.0517
34.6316 -2.03923
34.6331 -2.02678
34.6346 -2.01435
34.6361 -2.00195
34.6376 -1.98957
34.6391 -1.97721
34.6406 -1.96488
34.6421 -1.95257
34.6436 -1.94029
34.6451 -1.92803
34.6466 -1.9158
34.6481 -1.90359
34.6496 -1.89141
34.6511 -1.87926
34.6526 -1.86712
34.6541 -1.85502
34.6556 -1.84294
34.6571 -1.83089
34.6586 -1.81886
34.6601 -1.80686
34.6616 -1.79488
34.6631 -1.78294
34.6646 -1.77101
34.6661 -1.75912
34.6676 -1.74725
34.6691 -1.73541
34.6706 -1.7236
34.6721 -1.71182
34.6736 -1.70006
34.6751 -1.68833
34.6766 -1.67663
34.6781 -1.66496
34.6796 -1.65331
34.6811 -1.6417
34.6826 -1.63011
34.6841 -1.61855
34.6856 -1.60702
34.6871 -1.59552
34.6886 -1.58405
34.6901 -1.57261
34.6916 -1.5612
34.6931 -1.54982
34.6946 -1.53846
34.6961 -1.52714
34.6976 -1.51585
34.6991 -1.50459
34.7006 -1.49335
34.7021 -1.48215
34.7036 -1.47098
34.7051 -1.45984
34.7066 -1.44873
34.7081 -1.43765
34.7096 -1.42661
34.7111 -1.41559
34.7126 -1.40461
34.7141 -1.39365
34.7156 -1.38273
34.7171 -1.37184
34.7186 -1.36099
34.7201 -1.35016
34.7216 -1.33937
34.7231 -1.32861
34.7246 -1.31788
34.7261 -1.30719
34.7276 -1.29652
34.7291 -1.28589
34.7306 -1.2753
34.7321 -1.26473
34.7336 -1.2542
34.7351 -1.24371
34.7366 -1.23324
34.7381 -1.22281
34.7396 -1.21242
34.7411 -1.20206
34.7426 -1.19173
34.7441 -1.18144
34.7456 -1.17118
34.7471 -1.16095
34.7486 -1.15076
34.7501 -1.1406
34.7516 -1.13048
34.7531 -1.12039
34.7546 -1.11034
34.7561 -1.10033
34.7576 -1.09034
34.7591 -1.0804
34.7606 -1.07049
34.7621 -1.06061
34.7636 -1.05077
34.7651 -1.04097
34.7666 -1.0312
34.7681 -1.02147
34.7696 -1.01177
34.7711 -1.00211
34.7726 -0.992485
34.7741 -0.982897
34.7756 -0.973346
34.7771 -0.963831
34.7786 -0.954353
34.7801 -0.944912
34.7816 -0.935507
34.7831 -0.92614
34.7846 -0.916809
34.7861 -0.907516
34.7876 -0.89826
34.7891 -0.889041
34.7906 -0.87986
34.7921 -0.870717
34.7936 -0.861611
34.7951 -0.852543
34.7966 -0.843512
34.7981 -0.83452
34.7996 -0.825565
34.8012 -0.816649
34.8027 -0.807771
34.8042 -0.798931
34.8057 -0.79013
34.8072 -0.781367
34.8087 -0.772643
34.8102 -0.763957
34.8117 -0.755311
34.8132 -0.746703
34.8147 -0.738134
34.8162 -0.729604
34.8177 -0.721113
34.8192 -0.712661
34.8207 -0.704248
34.8222 -0.695875
34.8237 -0.687542
34.8252 -0.679248
34.8267 -0.670993
34.8282 -0.662778
34.8297 -0.654603
34.8312 -0.646468
34.8327 -0.638373
34.8342 -0.630317
34.8357 -0.622302
34.8372 -0.614327
34.8387 -0.606392
34.8402 -0.598497
34.8417 -0.590643
34.8432 -0.582829
34.8447 -0.575056
34.8462 -0.567324
34.8477 -0.559632
34.8492 -0.55198
34.8507 -0.54437
34.8522 -0.5368
34.8537 -0.529272
34.8552 -0.521784
34.8567 -0.514338
34.8582 -0.506932
34.8597 -0.499568
34.8612 -0.492245
34.8627 -0.484964
34.8642 -0.477723
34.8657 -0.470525
34.8672 -0.463368
34.8687 -0.456252
34.8702 -0.449178
34.8717 -0.442146
34.8732 -0.435156
34.8747 -0.428207
34.8762 -0.4213
34.8777 -0.414436
34.8792 -0.407613
34.8807 -0.400832
34.8822 -0.394094
34.8837 -0.387397
34.8852 -0.380743
34.8867 -0.374131
34.8882 -0.367562
34.8897 -0.361034
34.8912 -0.35455
34.8927 -0.348107
34.8942 -0.341708
34.8957 -0.335351
34.8972 -0.329036
34.8987 -0.322764
34.9002 -0.316535
34.9017 -0.310349
34.9032 -0.304205
34.9047 -0.298105
34.9062 -0.292047
34.9077 -0.286032
34.9092 -0.280061
34.9107 -0.274132
34.9122 -0.268246
34.9137 -0.262404
34.9152 -0.256604
34.9167 -0.250848
34.9182 -0.245135
34.9197 -0.239466
34.9212 -0.233839
34.9227 -0.228256
34.9242 -0.222717
34.9257 -0.217221
34.9272 -0.211768
34.9287 -0.206359
34.9302 -0.200993
34.9317 -0.195671
34.9332 -0.190392
34.9347 -0.185158
34.9362 -0.179966
34.9377 -0.174819
34.9392 -0.169715
34.9407 -0.164655
34.9422 -0.159638
34.9437 -0.154666
34.9452 -0.149737
34.9467 -0.144852
34.9482 -0.140011
34.9497 -0.135214
34.9512 -0.130461
34.9527 -0.125752
34.9542 -0.121086
34.9557 -0.116465
34.9572 -0.111888
34.9587 -0.107355
34.9602 -0.102865
34.9617 -0.0984202
34.9632 -0.0940191
34.9647 -0.0896621
34.9662 -0.0853493
34.9677 -0.0810805
34.9692 -0.076856
34.9707 -0.0726756
34.9722 -0.0685393
34.9737 -0.0644473
34.9752 -0.0603995
34.9767 -0.0563958
34.9782 -0.0524364
34.9797 -0.0485213
34.9812 -0.0446504
34.9827 -0.0408237
34.9842 -0.0370413
34.9857 -0.0333032
34.9872 -0.0296093
34.9887 -0.0259598
34.9902 -0.0223545
34.9917 -0.0187935
34.9932 -0.0152768
34.9947 -0.0118044
34.9962 -0.00837635
34.9977 -0.00499258
34.9992 -0.00165312
35.0008 0.00164204
35.0023 0.00489288
35.0038 0.00809942
35.0053 0.0112616
35.0068 0.0143796
35.0083 0.0174532
35.0098 0.0204825
35.0113 0.0234676
35.0128 0.0264083
35.0143 0.0293048
35.0158 0.0321569
35.0173 0.0349648
35.0188 0.0377285
35.0203 0.0404479
35.0218 0.043123
35.0233 0.0457539
35.0248 0.0483406
35.0263 0.0508831
35.0278 0.0533814
35.0293 0.0558354
35.0308 0.0582453
35.0323 0.0606111
35.0338 0.0629327
35.0353 0.0652101
35.0368 0.0674434
35.0383 0.0696327
35.0398 0.0717778
35.0413 0.0738789
35.0428 0.075936
35.0443 0.077949
35.0458 0.079918
35.0473 0.081843
35.0488 0.0837241
35.0503 0.0855612
35.0518 0.0873544
35.0533 0.0891037
35.0548 0.0908091
35.0563 0.0924707
35.0578 0.0940884
35.0593 0.0956624
35.0608 0.0971926
35.0623 0.098679
35.0638 0.100122
35.0653 0.101521
35.0668 0.102876
35.0683 0.104188
35.0698 0.105456
35.0713 0.106681
35.0728 0.107862
35.0743 0.109
35.0758 0.110094
35.0773 0.111144
35.0788 0.112152
35.0803 0.113116
35.0818 0.114036
35.0833 0.114914
35.0848 0.115748
35.0863 0.116539
35.0878 0.117287
35.0893 0.117991
35.0908 0.118653
35.0923 0.119272
35.0938 0.119847
35.0953 0.12038
35.0968 0.120869
35.0983 0.121316
35.0998 0.12172
35.1013 0.122081
35.1028 0.1224
35.1043 0.122676
35.1058 0.122909
35.1073 0.1231
35.1088 0.123248
35.1103 0.123353
35.1118 0.123416
35.1133 0.123437
35.1148 0.123416
35.1163 0.123352
35.1178 0.123246
35.1193 0.123097
35.1208 0.122907
35.1223 0.122675
35.1238 0.1224
35.1253 0.122084
35.1268 0.121725
35.1283 0.121325
35.1298 0.120883
35.1313 0.1204
35.1328 0.119875
35.1343 0.119308
35.1358 0.118699
35.1373 0.11805
35.1388 0.117358
35.1403 0.116626
35.1418 0.115852
35.1433 0.115037
35.1448 0.114181
35.1463 0.113283
35.1478 0.112345
35.1493 0.111366
35.1508 0.110346
35.1523 0.109285
35.1538 0.108183
35.1553 0.107041
35.1568 0.105858
35.1583 0.104634
35.1598 0.10337
35.1613 0.102066
35.1628 0.100722
35.1643 0.0993367
35.1658 0.0979118
35.1673 0.0964467
35.1688 0.0949417
35.1703 0.0933968
35.1718 0.091812
35.1733 0.0901874
35.1748 0.0885232
35.1763 0.0868194
35.1778 0.085076
35.1793 0.0832933
35.1808 0.0814711
35.1823 0.0796097
35.1838 0.0777091
35.1853 0.0757694
35.1868 0.0737907
35.1883 0.071773
35.1898 0.0697165
35.1913 0.0676212
35.1928 0.0654873
35.1943 0.0633148
35.1958 0.0611038
35.1973 0.0588543
35.1988 0.0565666
35.2004 0.0542407
35.2019 0.0518766
35.2034 0.0494745
35.2049 0.0470344
35.2064 0.0445565
35.2079 0.0420409
35.2094 0.0394876
35.2109 0.0368967
35.2124 0.0342684
35.2139 0.0316027
35.2154 0.0288998
35.2169 0.0261597
35.2184 0.0233825
35.2199 0.0205683
35.2214 0.0177173
35.2229 0.0148295
35.2244 0.0119051
35.2259 0.00894407
35.2274 0.00594662
35.2289 0.00291282
35.2304 -0.000157229
35.2319 -0.00326341
35.2334 -0.00640562
35.2349 -0.00958375
35.2364 -0.0127977
35.2379 -0.0160474
35.2394 -0.0193326
35.2409 -0.0226533
35.2424 -0.0260094
35.2439 -0.0294008
35.2454 -0.0328273
35.2469 -0.0362889
35.2484 -0.0397854
35.2499 -0.0433167
35.2514 -0.0468826
35.2529 -0.0504832
35.2544 -0.0541182
35.2559 -0.0577876
35.2574 -0.0614912
35.2589 -0.0652289
35.2604 -0.0690006
35.2619 -0.0728061
35.2634 -0.0766454
35.2649 -0.0805184
35.2664 -0.0844248
35.2679 -0.0883646
35.2694 -0.0923377
35.2709 -0.0963439
35.2724 -0.100383
35.2739 -0.104455
35.2754 -0.10856
35.2769 -0.112698
35.2784 -0.116868
35.2799 -0.12107
35.2814 -0.125305
35.2829 -0.129571
35.2844 -0.13387
35.2859 -0.138201
35.2874 -0.142563
35.2889 -0.146957
35.2904 -0.151382
35.2919 -0.155839
35.2934 -0.160327
35.2949 -0.164845
35.2964 -0.169395
35.2979 -0.173976
35.2994 -0.178587
35.3009 -0.183229
35.3024 -0.187901
35.3039 -0.192603
35.3054 -0.197336
35.3069 -0.202098
35.3084 -0.20689
35.3099 -0.211712
35.3114 -0.216563
35.3129 -0.221444
35.3144 -0.226354
35.3159 -0.231293
35.3174 -0.236261
35.3189 -0.241258
35.3204 -0.246283
35.3219 -0.251337
35.3234 -0.25642
35.3249 -0.26153
35.3264 -0.266669
35.3279 -0.271835
35.3294 -0.277029
35.3309 -0.282251
35.3324 -0.2875
35.3339 -0.292777
35.3354 -0.29808
35.3369 -0.303411
35.3384 -0.308769
35.3399 -0.314153
35.3414 -0.319563
35.3429 -0.325
35.3444 -0.330464
35.3459 -0.335953
35.3474 -0.341468
35.3489 -0.347009
35.3504 -0.352575
35.3519 -0.358167
35.3534 -0.363784
35.3549 -0.369426
35.3564 -0.375093
35.3579 -0.380785
35.3594 -0.386501
35.3609 -0.392242
35.3624 -0.398007
35.3639 -0.403796
35.3654 -0.409609
35.3669 -0.415446
35.3684 -0.421306
35.3699 -0.42719
35.3714 -0.433097
35.3729 -0.439027
35.3744 -0.44498
35.3759 -0.450956
35.3774 -0.456954
35.3789 -0.462975
35.3804 -0.469017
35.3819 -0.475082
35.3834 -0.481169
35.3849 -0.487277
35.3864 -0.493407
35.3879 -0.499558
35.3894 -0.50573
35.3909 -0.511923
35.3924 -0.518137
35.3939 -0.524372
35.3954 -0.530627
35.3969 -0.536902
35.3984 -0.543197
35.3999 -0.549512
35.4015 -0.555847
35.403 -0.562201
35.4045 -0.568575
35.406 -0.574968
35.4075 -0.581379
35.409 -0.58781
35.4105 -0.594258
35.412 -0.600726
35.4135 -0.607211
35.415 -0.613715
35.4165 -0.620236
35.418 -0.626775
35.4195 -0.633331
35.421 -0.639904
35.4225 -0.646495
35.424 -0.653102
35.4255 -0.659726
35.427 -0.666366
35.4285 -0.673023
35.43 -0.679696
35.4315 -0.686384
35.433 -0.693088
35.4345 -0.699808
35.436 -0.706543
35.4375 -0.713292
35.439 -0.720057
35.4405 -0.726836
35.442 -0.73363
35.4435 -0.740438
35.445 -0.74726
35.4465 -0.754096
35.448 -0.760945
35.4495 -0.767808
35.451 -0.774684
35.4525 -0.781573
35.454 -0.788475
35.4555 -0.795389
35.457 -0.802316
35.4585 -0.809255
35.46 -0.816206
35.4615 -0.823168
35.463 -0.830142
35.4645 -0.837128
35.466 -0.844124
35.4675 -0.851131
35.469 -0.858149
35.4705 -0.865178
35.472 -0.872216
35.4735 -0.879265
35.475 -0.886323
35.4765 -0.893391
35.478 -0.900469
35.4795 -0.907555
35.481 -0.91465
35.4825 -0.921754
35.484 -0.928867
35.4855 -0.935988
35.487 -0.943116
35.4885 -0.950253
35.49 -0.957397
35.4915 -0.964548
35.493 -0.971707
35.4945 -0.978872
35.496 -0.986044
35.4975 -0.993223
35.499 -1.00041
35.5005 -1.0076
35.502 -1.01479
35.5035 -1.022
35.505 -1.0292
35.5065 -1.03642
35.508 -1.04363
35.5095 -1.05085
35.511 -1.05808
35.5125 -1.06531
35.514 -1.07254
35.5155 -1.07978
35.517 -1.08702
35.5185 -1.09427
35.52 -1.10151
35.5215 -1.10876
35.523 -1.11601
35.5245 -1.12327
35.526 -1.13053
35.5275 -1.13778
35.529 -1.14504
35.5305 -1.1523
35.532 -1.15956
35.5335 -1.16683
35.535 -1.17409
35.5365 -1.18135
35.538 -1.18861
35.5395 -1.19588
35.541 -1.20314
35.5425 -1.2104
35.544 -1.21766
35.5455 -1.22492
35.547 -1.23218
35.5485 -1.23943
35.55 -1.24669
35.5515 -1.25394
35.553 -1.26119
35.5545 -1.26843
35.556 -1.27568
35.5575 -1.28292
35.559 -1.29015
35.5605 -1.29739
35.562 -1.30461
35.5635 -1.31184
35.565 -1.31906
35.5665 -1.32627
35.568 -1.33348
35.5695 -1.34068
35.571 -1.34788
35.5725 -1.35508
35.574 -1.36226
35.5755 -1.36944
35.577 -1.37662
35.5785 -1.38378
35.58 -1.39094
35.5815 -1.39809
35.583 -1.40524
35.5845 -1.41237
35.586 -1.4195
35.5875 -1.42662
35.589 -1.43373
35.5905 -1.44083
35.592 -1.44792
35.5935 -1.455
35.595 -1.46207
35.5965 -1.46913
35.598 -1.47619
35.5995 -1.48323
35.6011 -1.49026
35.6026 -1.49727
35.6041 -1.50428
35.6056 -1.51127
35.6071 -1.51826
35.6086 -1.52523
35.6101 -1.53218
35.6116 -1.53913
35.6131 -1.54606
35.6146 -1.55298
35.6161 -1.55988
35.6176 -1.56677
35.6191 -1.57364
35.6206 -1.5805
35.6221 -1.58735
35.6236 -1.59418
35.6251 -1.60099
35.6266 -1.60779
35.6281 -1.61457
35.6296 -1.62134
35.6311 -1.62809
35.6326 -1.63482
35.6341 -1.64154
35.6356 -1.64823
35.6371 -1.65491
35.6386 -1.66157
35.6401 -1.66822
35.6416 -1.67484
35.6431 -1.68145
35.6446 -1.68803
35.6461 -1.6946
35.6476 -1.70114
35.6491 -1.70767
35.6506 -1.71417
35.6521 -1.72066
35.6536 -1.72712
35.6551 -1.73356
35.6566 -1.73998
35.6581 -1.74638
35.6596 -1.75275
35.6611 -1.75911
35.6626 -1.76544
35.6641 -1.77174
35.6656 -1.77802
35.6671 -1.78428
35.6686 -1.79052
35.6701 -1.79673
35.6716 -1.80291
35.6731 -1.80907
35.6746 -1.81521
35.6761 -1.82132
35.6776 -1.8274
35.6791 -1.83346
35.6806 -1.83948
35.6821 -1.84549
35.6836 -1.85146
35.6851 -1.85741
35.6866 -1.86333
35.6881 -1.86922
35.6896 -1.87508
35.6911 -1.88092
35.6926 -1.88672
35.6941 -1.8925
35.6956 -1.89824
35.6971 -1.90396
35.6986 -1.90964
35.7001 -1.91529
35.7016 -1.92092
35.7031 -1.92651
35.7046 -1.93207
35.7061 -1.93759
35.7076 -1.94309
35.7091 -1.94855
35.7106 -1.95398
35.7121 -1.95937
35.7136 -1.96473
35.7151 -1.97006
35.7166 -1.97535
35.7181 -1.98061
35.7196 -1.98584
35.7211 -1.99102
35.7226 -1.99617
35.7241 -2.00129
35.7256 -2.00637
35.7271 -2.01141
35.7286 -2.01642
35.7301 -2.02138
35.7316 -2.02631
35.7331 -2.03121
35.7346 -2.03606
35.7361 -2.04087
35.7376 -2.04565
35.7391 -2.05039
35.7406 -2.05508
35.7421 -2.05974
35.7436 -2.06435
35.7451 -2.06893
35.7466 -2.07346
35.7481 -2.07795
35.7496 -2.0824
35.7511 -2.08681
35.7526 -2.09118
35.7541 -2.0955
35.7556 -2.09978
35.7571 -2.10401
35.7586 -2.10821
35.7601 -2.11235
35.7616 -2.11646
35.7631 -2.12051
35.7646 -2.12453
35.7661 -2.12849
35.7676 -2.13241
35.7691 -2.13629
35.7706 -2.14011
35.7721 -2.14389
35.7736 -2.14763
35.7751 -2.15131
35.7766 -2.15495
35.7781 -2.15853
35.7796 -2.16207
35.7811 -2.16556
35.7826 -2.169
35.7841 -2.17239
35.7856 -2.17573
35.7871 -2.17902
35.7886 -2.18226
35.7901 -2.18544
35.7916 -2.18858
35.7931 -2.19166
35.7946 -2.19469
35.7961 -2.19767
35.7976 -2.20059
35.7991 -2.20346
35.8007 -2.20628
35.8022 -2.20904
35.8037 -2.21174
35.8052 -2.2144
35.8067 -2.21699
35.8082 -2.21953
35.8097 -2.22201
35.8112 -2.22444
35.8127 -2.22681
35.8142 -2.22912
35.8157 -2.23138
35.8172 -2.23358
35.8187 -2.23571
35.8202 -2.23779
35.8217 -2.23981
35.8232 -2.24177
35.8247 -2.24367
35.8262 -2.24551
35.8277 -2.24729
35.8292 -2.24901
35.8307 -2.25067
35.8322 -2.25226
35.8337 -2.25379
35.8352 -2.25526
35.8367 -2.25667
35.8382 -2.25801
35.8397 -2.25929
35.8412 -2.26051
35.8427 -2.26166
35.8442 -2.26274
35.8457 -2.26376
35.8472 -2.26471
35.8487 -2.2656
35.8502 -2.26642
35.8517 -2.26718
35.8532 -2.26786
35.8547 -2.26848
35.8562 -2.26903
35.8577 -2.26951
35.8592 -2.26993
35.8607 -2.27027
35.8622 -2.27054
35.8637 -2.27075
35.8652 -2.27088
35.8667 -2.27094
35.8682 -2.27093
35.8697 -2.27085
35.8712 -2.2707
35.8727 -2.27047
35.8742 -2.27017
35.8757 -2.2698
35.8772 -2.26936
35.8787 -2.26884
35.8802 -2.26824
35.8817 -2.26757
35.8832 -2.26683
35.8847 -2.26601
35.8862 -2.26511
35.8877 -2.26413
35.8892 -2.26308
35.8907 -2.26196
35.8922 -2.26075
35.8937 -2.25947
35.8952 -2.2581
35.8967 -2.25666
35.8982 -2.25514
35.8997 -2.25354
35.9012 -2.25186
35.9027 -2.25009
35.9042 -2.24825
35.9057 -2.24632
35.9072 -2.24432
35.9087 -2.24223
35.9102 -2.24005
35.9117 -2.2378
35.9132 -2.23546
35.9147 -2.23303
35.9162 -2.23053
35.9177 -2.22793
35.9192 -2.22525
35.9207 -2.22249
35.9222 -2.21964
35.9237 -2.2167
35.9252 -2.21368
35.9267 -2.21056
35.9282 -2.20736
35.9297 -2.20408
35.9312 -2.2007
35.9327 -2.19723
35.9342 -2.19368
35.9357 -2.19003
35.9372 -2.18629
35.9387 -2.18247
35.9402 -2.17855
35.9417 -2.17454
35.9432 -2.17043
35.9447 -2.16624
35.9462 -2.16195
35.9477 -2.15757
35.9492 -2.15309
35.9507 -2.14852
35.9522 -2.14385
35.9537 -2.13909
35.9552 -2.13424
35.9567 -2.12928
35.9582 -2.12423
35.9597 -2.11909
35.9612 -2.11384
35.9627 -2.1085
35.9642 -2.10306
35.9657 -2.09752
35.9672 -2.09188
35.9687 -2.08614
35.9702 -2.0803
35.9717 -2.07436
35.9732 -2.06832
35.9747 -2.06218
35.9762 -2.05594
35.9777 -2.04959
35.9792 -2.04314
35.9807 -2.03659
35.9822 -2.02993
35.9837 -2.02317
35.9852 -2.0163
35.9867 -2.00933
35.9882 -2.00226
35.9897 -1.99507
35.9912 -1.98778
35.9927 -1.98039
35.9942 -1.97288
35.9957 -1.96527
35.9972 -1.95755
35.9987 -1.94972
36.0003 -1.94179
36.0018 -1.93374
36.0033 -1.92558
36.0048 -1.91731
36.0063 -1.90893
36.0078 -1.90044
36.0093 -1.89184
36.0108 -1.88312
36.0123 -1.87429
36.0138 -1.86535
36.0153 -1.85629
36.0168 -1.84712
36.0183 -1.83784
36.0198 -1.82843
36.0213 -1.81892
36.0228 -1.80928
36.0243 -1.79953
36.0258 -1.78967
36.0273 -1.77968
36.0288 -1.76958
36.0303 -1.75936
36.0318 -1.74902
36.0333 -1.73855
36.0348 -1.72797
36.0363 -1.71727
36.0378 -1.70645
36.0393 -1.69551
36.0408 -1.68444
36.0423 -1.67325
36.0438 -1.66194
36.0453 -1.6505
36.0468 -1.63895
36.0483 -1.62726
36.0498 -1.61545
36.0513 -1.60352
36.0528 -1.59146
36.0543 -1.57927
36.0558 -1.56696
36.0573 -1.55452
36.0588 -1.54195
36.0603 -1.52926
36.0618 -1.51643
36.0633 -1.50348
36.0648 -1.49039
36.0663 -1.47718
36.0678 -1.46383
36.0693 -1.45036
36.0708 -1.43675
36.0723 -1.42301
36.0738 -1.40914
36.0753 -1.39513
36.0768 -1.38099
36.0783 -1.36671
36.0798 -1.3523
36.0813 -1.33776
36.0828 -1.32308
36.0843 -1.30826
36.0858 -1.29331
36.0873 -1.27822
36.0888 -1.26299
36.0903 -1.24762
36.0918 -1.23212
36.0933 -1.21647
36.0948 -1.20069
36.0963 -1.18477
36.0978 -1.1687
36.0993 -1.15249
36.1008 -1.13615
36.1023 -1.11966
36.1038 -1.10302
36.1053 -1.08624
36.1068 -1.06932
36.1083 -1.05226
36.1098 -1.03505
36.1113 -1.01769
36.1128 -1.00019
36.1143 -0.982546
36.1158 -0.964752
36.1173 -0.94681
36.1188 -0.92872
36.1203 -0.910482
36.1218 -0.892095
36.1233 -0.873558
36.1248 -0.854872
36.1263 -0.836035
36.1278 -0.817047
36.1293 -0.797907
36.1308 -0.778615
36.1323 -0.759171
36.1338 -0.739573
36.1353 -0.719822
36.1368 -0.699916
36.1383 -0.679856
36.1398 -0.659641
36.1413 -0.63927
36.1428 -0.618743
36.1443 -0.598058
36.1458 -0.577217
36.1473 -0.556217
36.1488 -0.53506
36.1503 -0.513743
36.1518 -0.492267
36.1533 -0.47063
36.1548 -0.448834
36.1563 -0.426876
36.1578 -0.404756
36.1593 -0.382475
36.1608 -0.360031
36.1623 -0.337423
36.1638 -0.314652
36.1653 -0.291717
36.1668 -0.268617
36.1683 -0.245351
36.1698 -0.22192
36.1713 -0.198322
36.1728 -0.174557
36.1743 -0.150624
36.1758 -0.126524
36.1773 -0.102255
36.1788 -0.0778165
36.1803 -0.0532086
36.1818 -0.0284304
36.1833 -0.00348151
36.1848 0.0216388
36.1863 0.0469309
36.1878 0.0723955
36.1893 0.098033
36.1908 0.123844
36.1923 0.149829
36.1938 0.175989
36.1953 0.202324
36.1968 0.228835
36.1983 0.255521
36.1998 0.282385
36.2014 0.309426
36.2029 0.336646
36.2044 0.364043
36.2059 0.39162
36.2074 0.419376
36.2089 0.447313
36.2104 0.47543
36.2119 0.503728
36.2134 0.532208
36.2149 0.560871
36.2164 0.589717
36.2179 0.618746
36.2194 0.647959
36.2209 0.677357
36.2224 0.706941
36.2239 0.736709
36.2254 0.766665
36.2269 0.796807
36.2284 0.827137
36.2299 0.857655
36.2314 0.888361
36.2329 0.919256
36.2344 0.950342
36.2359 0.981617
36.2374 1.01308
36.2389 1.04474
36.2404 1.07659
36.2419 1.10863
36.2434 1.14087
36.2449 1.1733
36.2464 1.20592
36.2479 1.23874
36.2494 1.27176
36.2509 1.30497
36.2524 1.33838
36.2539 1.37198
36.2554 1.40578
36.2569 1.43978
36.2584 1.47398
36.2599 1.50838
36.2614 1.54298
36.2629 1.57778
36.2644 1.61278
36.2659 1.64798
36.2674 1.68339
36.2689 1.719
36.2704 1.75481
36.2719 1.79083
36.2734 1.82705
36.2749 1.86347
36.2764 1.90011
36.2779 1.93695
36.2794 1.97399
36.2809 2.01125
36.2824 2.04871
36.2839 2.08638
36.2854 2.12426
36.2869 2.16235
36.2884 2.20065
36.2899 2.23917
36.2914 2.27789
36.2929 2.31683
36.2944 2.35598
36.2959 2.39534
36.2974 2.43492
36.2989 2.47472
36.3004 2.51472
36.3019 2.55495
36.3034 2.59539
36.3049 2.63605
36.3064 2.67693
36.3079 2.71802
36.3094 2.75934
36.3109 2.80087
36.3124 2.84263
36.3139 2.8846
36.3154 2.9268
36.3169 2.96922
36.3184 3.01186
36.3199 3.05473
36.3214 3.09782
36.3229 3.14113
36.3244 3.18467
36.3259 3.22843
36.3274 3.27242
36.3289 3.31664
36.3304 3.36109
36.3319 3.40576
36.3334 3.45067
36.3349 3.4958
36.3364 3.54116
36.3379 3.58676
36.3394 3.63258
36.3409 3.67864
36.3424 3.72493
36.3439 3.77145
36.3454 3.81821
36.3469 3.8652
36.3484 3.91242
36.3499 3.95989
36.3514 4.00758
36.3529 4.05552
36.3544 4.10369
36.3559 4.1521
36.3574 4.20075
36.3589 4.24964
36.3604 4.29877
36.3619 4.34814
36.3634 4.39775
36.3649 4.4476
36.3664 4.4977
36.3679 4.54804
36.3694 4.59862
36.3709 4.64945
36.3724 4.70052
36.3739 4.75184
36.3754 4.8034
36.3769 4.85521
36.3784 4.90727
36.3799 4.95958
36.3814 5.01214
36.3829 5.06494
36.3844 5.118
36.3859 5.1713
36.3874 5.22486
36.3889 5.27867
36.3904 5.33274
36.3919 5.38705
36.3934 5.44162
36.3949 5.49645
36.3964 5.55153
36.3979 5.60687
36.3994 5.66246
36.401 5.71831
36.4025 5.77442
36.404 5.83079
36.4055 5.88741
36.407 5.9443
36.4085 6.00145
36.41 6.05886
36.4115 6.11653
36.413 6.17446
36.4145 6.23265
36.416 6.29111
36.4175 6.34984
36.419 6.40883
36.4205 6.46808
36.422 6.5276
36.4235 6.58739
36.425 6.64745
36.4265 6.70777
36.428 6.76836
36.4295 6.82923
36.431 6.89036
36.4325 6.95176
36.434 7.01344
36.4355 7.07539
36.437 7.13761
36.4385 7.2001
36.44 7.26287
36.4415 7.32592
36.443 7.38924
36.4445 7.45283
36.446 7.51671
36.4475 7.58086
36.449 7.64529
36.4505 7.71
36.452 7.77498
36.4535 7.84025
36.455 7.9058
36.4565 7.97163
36.458 8.03775
36.4595 8.10414
36.461 8.17082
36.4625 8.23779
36.464 8.30504
36.4655 8.37257
36.467 8.4404
36.4685 8.5085
36.47 8.5769
36.4715 8.64559
36.473 8.71456
36.4745 8.78382
36.476 8.85338
36.4775 8.92323
36.479 8.99336
36.4805 9.06379
36.482 9.13452
36.4835 9.20553
36.485 9.27685
36.4865 9.34845
36.488 9.42036
36.4895 9.49256
36.491 9.56505
36.4925 9.63785
36.494 9.71094
36.4955 9.78434
36.497 9.85803
36.4985 9.93202
36.5 10.0063
