48.5765 0.0298819
48.6267 0.0697245
48.6769 0.209174
48.7271 0.527914
48.7773 0.956222
48.8275 1.53394
48.8777 2.02201
48.9279 2.36067
48.9781 2.7093
49.0283 2.4802
49.0785 2.03197
49.1287 1.48414
49.1789 1.06579
49.2291 0.846655
49.2793 0.527914
49.3295 0.368544
49.3797 0.268937
49.4299 0.119528
49.4801 0.0398426
49.5303 0.0796852
49.5805 0.00996065
49.6307 0.0199213
49.6809 0.0199213
49.7311 0
49.7813 0
49.8315 0
49.8817 0.00996065
49.9319 0.00996065
49.982 0.00996065
50.0322 0
50.0824 0
50.1326 0
50.1828 0
50.233 0
50.2832 0
50.3334 0
50.3836 0
50.4338 0
50.484 0
50.5342 0
50.5844 0
50.6346 0.00996065
50.6848 0
50.735 0.0199213
50.7852 0
50.8354 0.0298819
50.8856 0.00996065
50.9358 0
50.986 0.0199213
51.0362 0.0199213
