18.5005 0.000879402
18.503 0.000966762
18.5055 0.00106202
18.508 0.00116581
18.5105 0.00127882
18.513 0.00140177
18.5155 0.00153542
18.518 0.00168061
18.5205 0.00183822
18.523 0.00200917
18.5255 0.00219446
18.528 0.00239514
18.5305 0.00261233
18.533 0.00284722
18.5355 0.00310106
18.538 0.00337518
18.5405 0.00367098
18.543 0.00398995
18.5455 0.00433366
18.548 0.00470374
18.5505 0.00510195
18.553 0.00553011
18.5555 0.00599015
18.558 0.00648408
18.5605 0.00701404
18.563 0.00758223
18.5655 0.008191
18.568 0.00884278
18.5705 0.00954012
18.573 0.0102857
18.5755 0.0110823
18.578 0.0119328
18.5805 0.0128402
18.583 0.0138076
18.5855 0.0148385
18.588 0.015936
18.5905 0.0171038
18.593 0.0183456
18.5955 0.019665
18.598 0.021066
18.6006 0.0225527
18.6031 0.0241292
18.6056 0.0257999
18.6081 0.0275691
18.6106 0.0294415
18.6131 0.0314217
18.6156 0.0335146
18.6181 0.0357252
18.6206 0.0380584
18.6231 0.0405196
18.6256 0.043114
18.6281 0.0458471
18.6306 0.0487244
18.6331 0.0517516
18.6356 0.0549343
18.6381 0.0582786
18.6406 0.0617902
18.6431 0.0654752
18.6456 0.0693398
18.6481 0.0733901
18.6506 0.0776323
18.6531 0.0820727
18.6556 0.0867176
18.6581 0.0915735
18.6606 0.0966466
18.6631 0.101944
18.6656 0.107471
18.6681 0.113234
18.6706 0.119241
18.6731 0.125497
18.6756 0.132008
18.6781 0.138782
18.6806 0.145823
18.6831 0.153139
18.6856 0.160735
18.6881 0.168618
18.6906 0.176792
18.6931 0.185265
18.6956 0.19404
18.6981 0.203124
18.7006 0.212522
18.7031 0.222239
18.7056 0.23228
18.7081 0.242648
18.7106 0.25335
18.7131 0.264387
18.7156 0.275765
18.7181 0.287487
18.7206 0.299556
18.7231 0.311975
18.7256 0.324747
18.7281 0.337873
18.7306 0.351356
18.7331 0.365197
18.7356 0.379398
18.7381 0.393959
18.7406 0.40888
18.7431 0.424161
18.7456 0.439802
18.7481 0.455803
18.7506 0.47216
18.7531 0.488874
18.7556 0.505941
18.7581 0.523359
18.7606 0.541124
18.7631 0.559233
18.7656 0.577681
18.7681 0.596464
18.7706 0.615577
18.7731 0.635014
18.7756 0.654769
18.7781 0.674835
18.7806 0.695206
18.7831 0.715872
18.7856 0.736827
18.7881 0.758062
18.7906 0.779567
18.7931 0.801334
18.7956 0.823351
18.7981 0.84561
18.8007 0.868097
18.8032 0.890803
18.8057 0.913716
18.8082 0.936823
18.8107 0.960111
18.8132 0.983568
18.8157 1.00718
18.8182 1.03093
18.8207 1.05482
18.8232 1.07881
18.8257 1.1029
18.8282 1.12708
18.8307 1.15132
18.8332 1.17562
18.8357 1.19995
18.8382 1.2243
18.8407 1.24866
18.8432 1.273
18.8457 1.29732
18.8482 1.32159
18.8507 1.3458
18.8532 1.36993
18.8557 1.39396
18.8582 1.41788
18.8607 1.44167
18.8632 1.46532
18.8657 1.4888
18.8682 1.5121
18.8707 1.5352
18.8732 1.55809
18.8757 1.58075
18.8782 1.60316
18.8807 1.62531
18.8832 1.64718
18.8857 1.66875
18.8882 1.69001
18.8907 1.71095
18.8932 1.73155
18.8957 1.75179
18.8982 1.77166
18.9007 1.79114
18.9032 1.81023
18.9057 1.82891
18.9082 1.84716
18.9107 1.86497
18.9132 1.88234
18.9157 1.89924
18.9182 1.91568
18.9207 1.93162
18.9232 1.94708
18.9257 1.96203
18.9282 1.97647
18.9307 1.99039
18.9332 2.00378
18.9357 2.01663
18.9382 2.02893
18.9407 2.04069
18.9432 2.05188
18.9457 2.06251
18.9482 2.07257
18.9507 2.08206
18.9532 2.09097
18.9557 2.0993
18.9582 2.10704
18.9607 2.1142
18.9632 2.12077
18.9657 2.12675
18.9682 2.13213
18.9707 2.13693
18.9732 2.14113
18.9757 2.14474
18.9782 2.14776
18.9807 2.1502
18.9832 2.15205
18.9857 2.15331
18.9882 2.154
18.9907 2.15411
18.9932 2.15365
18.9957 2.15262
18.9982 2.15102
19.0008 2.14887
19.0033 2.14617
19.0058 2.14293
19.0083 2.13914
19.0108 2.13482
19.0133 2.12998
19.0158 2.12462
19.0183 2.11876
19.0208 2.11239
19.0233 2.10553
19.0258 2.09818
19.0283 2.09036
19.0308 2.08208
19.0333 2.07334
19.0358 2.06416
19.0383 2.05454
19.0408 2.0445
19.0433 2.03404
19.0458 2.02318
19.0483 2.01192
19.0508 2.00028
19.0533 1.98827
19.0558 1.9759
19.0583 1.96318
19.0608 1.95013
19.0633 1.93674
19.0658 1.92304
19.0683 1.90904
19.0708 1.89474
19.0733 1.88017
19.0758 1.86532
19.0783 1.85022
19.0808 1.83487
19.0833 1.81929
19.0858 1.80348
19.0883 1.78746
19.0908 1.77123
19.0933 1.75482
19.0958 1.73823
19.0983 1.72147
19.1008 1.70455
19.1033 1.68749
19.1058 1.67029
19.1083 1.65297
19.1108 1.63553
19.1133 1.61798
19.1158 1.60034
19.1183 1.58262
19.1208 1.56482
19.1233 1.54696
19.1258 1.52904
19.1283 1.51107
19.1308 1.49306
19.1333 1.47503
19.1358 1.45698
19.1383 1.43891
19.1408 1.42084
19.1433 1.40278
19.1458 1.38472
19.1483 1.36669
19.1508 1.34869
19.1533 1.33072
19.1558 1.3128
19.1583 1.29492
19.1608 1.2771
19.1633 1.25934
19.1658 1.24165
19.1683 1.22403
19.1708 1.20649
19.1733 1.18904
19.1758 1.17168
19.1783 1.15442
19.1808 1.13726
19.1833 1.12021
19.1858 1.10326
19.1883 1.08644
19.1908 1.06973
19.1933 1.05314
19.1958 1.03669
19.1983 1.02036
19.2009 1.00417
19.2034 0.988118
19.2059 0.972207
19.2084 0.956439
19.2109 0.940819
19.2134 0.925347
19.2159 0.910028
19.2184 0.894863
19.2209 0.879854
19.2234 0.865003
19.2259 0.850311
19.2284 0.835782
19.2309 0.821415
19.2334 0.807213
19.2359 0.793176
19.2384 0.779306
19.2409 0.765604
19.2434 0.75207
19.2459 0.738705
19.2484 0.72551
19.2509 0.712484
19.2534 0.699629
19.2559 0.686945
19.2584 0.674432
19.2609 0.662089
19.2634 0.649917
19.2659 0.637915
19.2684 0.626083
19.2709 0.614422
19.2734 0.602929
19.2759 0.591606
19.2784 0.58045
19.2809 0.569463
19.2834 0.558642
19.2859 0.547986
19.2884 0.537496
19.2909 0.52717
19.2934 0.517007
19.2959 0.507006
19.2984 0.497166
19.3009 0.487485
19.3034 0.477963
19.3059 0.468598
19.3084 0.459388
19.3109 0.450333
19.3134 0.441432
19.3159 0.432681
19.3184 0.424081
19.3209 0.415629
19.3234 0.407325
19.3259 0.399166
19.3284 0.391151
19.3309 0.383278
19.3334 0.375546
19.3359 0.367953
19.3384 0.360497
19.3409 0.353178
19.3434 0.345992
19.3459 0.338938
19.3484 0.332015
19.3509 0.325221
19.3534 0.318555
19.3559 0.312013
19.3584 0.305596
19.3609 0.2993
19.3634 0.293125
19.3659 0.287068
19.3684 0.281128
19.3709 0.275302
19.3734 0.269591
19.3759 0.26399
19.3784 0.2585
19.3809 0.253118
19.3834 0.247842
19.3859 0.242671
19.3884 0.237603
19.3909 0.232637
19.3934 0.22777
19.3959 0.223001
19.3984 0.218329
19.401 0.213752
19.4035 0.209267
19.406 0.204875
19.4085 0.200572
19.411 0.196358
19.4135 0.19223
19.416 0.188188
19.4185 0.18423
19.421 0.180354
19.4235 0.176559
19.426 0.172843
19.4285 0.169205
19.431 0.165643
19.4335 0.162157
19.436 0.158743
19.4385 0.155403
19.441 0.152133
19.4435 0.148932
19.446 0.145799
19.4485 0.142734
19.451 0.139734
19.4535 0.136798
19.456 0.133925
19.4585 0.131114
19.461 0.128363
19.4635 0.125672
19.466 0.123039
19.4685 0.120463
19.471 0.117942
19.4735 0.115476
19.476 0.113064
19.4785 0.110705
19.481 0.108396
19.4835 0.106138
19.486 0.10393
19.4885 0.10177
19.491 0.0996566
19.4935 0.0975899
19.496 0.0955685
19.4985 0.0935915
19.501 0.0916579
19.5035 0.0897669
19.506 0.0879174
19.5085 0.0861088
19.511 0.0843399
19.5135 0.0826101
19.516 0.0809185
19.5185 0.0792643
19.521 0.0776466
19.5235 0.0760647
19.526 0.0745177
19.5285 0.073005
19.531 0.0715258
19.5335 0.0700794
19.536 0.068665
19.5385 0.067282
19.541 0.0659296
19.5435 0.0646072
19.546 0.0633141
19.5485 0.0620497
19.551 0.0608133
19.5535 0.0596044
19.556 0.0584223
19.5585 0.0572664
19.561 0.0561362
19.5635 0.055031
19.566 0.0539504
19.5685 0.0528937
19.571 0.0518605
19.5735 0.0508501
19.576 0.0498622
19.5785 0.0488961
19.581 0.0479515
19.5835 0.0470277
19.586 0.0461245
19.5885 0.0452412
19.591 0.0443774
19.5935 0.0435328
19.596 0.0427068
19.5985 0.0418991
19.6011 0.0411092
19.6036 0.0403368
19.6061 0.0395813
19.6086 0.0388426
19.6111 0.0381201
19.6136 0.0374136
19.6161 0.0367225
19.6186 0.0360467
19.6211 0.0353858
19.6236 0.0347393
19.6261 0.0341071
19.6286 0.0334887
19.6311 0.0328839
19.6336 0.0322923
19.6361 0.0317136
19.6386 0.0311476
19.6411 0.030594
19.6436 0.0300525
19.6461 0.0295227
19.6486 0.0290045
19.6511 0.0284976
19.6536 0.0280017
19.6561 0.0275166
19.6586 0.0270421
19.6611 0.0265778
19.6636 0.0261236
19.6661 0.0256792
19.6686 0.0252444
19.6711 0.024819
19.6736 0.0244028
19.6761 0.0239956
19.6786 0.0235972
19.6811 0.0232073
19.6836 0.0228258
19.6861 0.0224525
19.6886 0.0220872
19.6911 0.0217298
19.6936 0.02138
19.6961 0.0210376
19.6986 0.0207026
19.7011 0.0203748
19.7036 0.0200539
19.7061 0.0197399
19.7086 0.0194326
19.7111 0.0191318
19.7136 0.0188374
19.7161 0.0185492
19.7186 0.0182671
19.7211 0.0179911
19.7236 0.0177208
19.7261 0.0174563
19.7286 0.0171974
19.7311 0.0169439
19.7336 0.0166957
19.7361 0.0164528
19.7386 0.016215
19.7411 0.0159822
19.7436 0.0157543
19.7461 0.0155312
19.7486 0.0153128
19.7511 0.0150989
19.7536 0.0148895
19.7561 0.0146846
19.7586 0.0144838
19.7611 0.0142873
19.7636 0.0140949
19.7661 0.0139065
19.7686 0.0137221
19.7711 0.0135415
19.7736 0.0133646
19.7761 0.0131915
19.7786 0.0130219
19.7811 0.0128559
19.7836 0.0126933
19.7861 0.0125341
19.7886 0.0123783
19.7911 0.0122257
19.7936 0.0120762
19.7961 0.0119299
19.7986 0.0117866
19.8012 0.0116463
19.8037 0.0115089
19.8062 0.0113744
19.8087 0.0112427
19.8112 0.0111137
19.8137 0.0109875
19.8162 0.0108638
19.8187 0.0107428
19.8212 0.0106242
19.8237 0.0105082
19.8262 0.0103946
19.8287 0.0102834
19.8312 0.0101745
19.8337 0.0100679
19.8362 0.00996355
19.8387 0.0098614
19.8412 0.00976141
19.8437 0.00966355
19.8462 0.00956776
19.8487 0.009474
19.8512 0.00938225
19.8537 0.00929246
19.8562 0.00920459
19.8587 0.00911861
19.8612 0.00903449
19.8637 0.00895218
19.8662 0.00887166
19.8687 0.0087929
19.8712 0.00871586
19.8737 0.00864051
19.8762 0.00856682
19.8787 0.00849476
19.8812 0.0084243
19.8837 0.00835542
19.8862 0.00828809
19.8887 0.00822227
19.8912 0.00815795
19.8937 0.00809511
19.8962 0.0080337
19.8987 0.00797372
19.9012 0.00791514
19.9037 0.00785793
19.9062 0.00780207
19.9087 0.00774755
19.9112 0.00769433
19.9137 0.00764241
19.9162 0.00759175
19.9187 0.00754235
19.9212 0.00749417
19.9237 0.00744721
19.9262 0.00740145
19.9287 0.00735686
19.9312 0.00731343
19.9337 0.00727115
19.9362 0.00723
19.9387 0.00718996
19.9412 0.00715101
19.9437 0.00711315
19.9462 0.00707636
19.9487 0.00704062
19.9512 0.00700593
19.9537 0.00697226
19.9562 0.00693961
19.9587 0.00690797
19.9612 0.00687731
19.9637 0.00684764
19.9662 0.00681894
19.9687 0.00679119
19.9712 0.0067644
19.9737 0.00673854
19.9762 0.00671362
19.9787 0.00668961
19.9812 0.00666651
19.9837 0.00664432
19.9862 0.00662302
19.9887 0.0066026
19.9912 0.00658307
19.9937 0.0065644
19.9962 0.0065466
19.9987 0.00652966
20.0013 0.00651357
20.0038 0.00649832
20.0063 0.00648392
20.0088 0.00647034
20.0113 0.0064576
20.0138 0.00644568
20.0163 0.00643458
20.0188 0.00642429
20.0213 0.00641481
20.0238 0.00640614
20.0263 0.00639827
20.0288 0.00639121
20.0313 0.00638494
20.0338 0.00637946
20.0363 0.00637478
20.0388 0.00637089
20.0413 0.00636778
20.0438 0.00636546
20.0463 0.00636393
20.0488 0.00636318
20.0513 0.00636321
20.0538 0.00636403
20.0563 0.00636563
20.0588 0.00636801
20.0613 0.00637117
20.0638 0.00637511
20.0663 0.00637984
20.0688 0.00638535
20.0713 0.00639165
20.0738 0.00639873
20.0763 0.0064066
20.0788 0.00641526
20.0813 0.00642472
20.0838 0.00643497
20.0863 0.00644602
20.0888 0.00645787
20.0913 0.00647052
20.0938 0.00648398
20.0963 0.00649826
20.0988 0.00651334
20.1013 0.00652925
20.1038 0.00654599
20.1063 0.00656355
20.1088 0.00658194
20.1113 0.00660118
20.1138 0.00662126
20.1163 0.0066422
20.1188 0.00666399
20.1213 0.00668664
20.1238 0.00671017
20.1263 0.00673457
20.1288 0.00675986
20.1313 0.00678604
20.1338 0.00681313
20.1363 0.00684112
20.1388 0.00687003
20.1413 0.00689987
20.1438 0.00693064
20.1463 0.00696236
20.1488 0.00699503
20.1513 0.00702866
20.1538 0.00706328
20.1563 0.00709888
20.1588 0.00713547
20.1613 0.00717307
20.1638 0.0072117
20.1663 0.00725136
20.1688 0.00729206
20.1713 0.00733381
20.1738 0.00737664
20.1763 0.00742056
20.1788 0.00746557
20.1813 0.00751169
20.1838 0.00755894
20.1863 0.00760733
20.1888 0.00765688
20.1913 0.0077076
20.1938 0.00775951
20.1963 0.00781263
20.1988 0.00786697
20.2014 0.00792255
20.2039 0.00797939
20.2064 0.0080375
20.2089 0.00809691
20.2114 0.00815763
20.2139 0.00821969
20.2164 0.0082831
20.2189 0.00834788
20.2214 0.00841406
20.2239 0.00848166
20.2264 0.00855069
20.2289 0.00862119
20.2314 0.00869317
20.2339 0.00876666
20.2364 0.00884168
20.2389 0.00891826
20.2414 0.00899642
20.2439 0.00907619
20.2464 0.00915759
20.2489 0.00924065
20.2514 0.0093254
20.2539 0.00941187
20.2564 0.00950008
20.2589 0.00959007
20.2614 0.00968186
20.2639 0.00977549
20.2664 0.00987098
20.2689 0.00996837
20.2714 0.0100677
20.2739 0.010169
20.2764 0.0102723
20.2789 0.0103776
20.2814 0.0104849
20.2839 0.0105944
20.2864 0.0107061
20.2889 0.0108199
20.2914 0.0109359
20.2939 0.0110541
20.2964 0.0111747
20.2989 0.0112976
20.3014 0.0114229
20.3039 0.0115506
20.3064 0.0116808
20.3089 0.0118134
20.3114 0.0119486
20.3139 0.0120865
20.3164 0.0122269
20.3189 0.0123701
20.3214 0.012516
20.3239 0.0126647
20.3264 0.0128162
20.3289 0.0129706
20.3314 0.013128
20.3339 0.0132883
20.3364 0.0134517
20.3389 0.0136183
20.3414 0.0137879
20.3439 0.0139609
20.3464 0.014137
20.3489 0.0143166
20.3514 0.0144995
20.3539 0.0146859
20.3564 0.0148758
20.3589 0.0150693
20.3614 0.0152665
20.3639 0.0154674
20.3664 0.0156721
20.3689 0.0158806
20.3714 0.0160931
20.3739 0.0163096
20.3764 0.0165302
20.3789 0.0167549
20.3814 0.0169838
20.3839 0.0172171
20.3864 0.0174547
20.3889 0.0176968
20.3914 0.0179434
20.3939 0.0181947
20.3964 0.0184506
20.3989 0.0187114
20.4015 0.0189771
20.404 0.0192477
20.4065 0.0195233
20.409 0.0198042
20.4115 0.0200903
20.414 0.0203817
20.4165 0.0206785
20.419 0.0209809
20.4215 0.0212889
20.424 0.0216026
20.4265 0.0219222
20.429 0.0222477
20.4315 0.0225793
20.434 0.022917
20.4365 0.023261
20.439 0.0236113
20.4415 0.0239681
20.444 0.0243315
20.4465 0.0247017
20.449 0.0250786
20.4515 0.0254625
20.454 0.0258534
20.4565 0.0262516
20.459 0.026657
20.4615 0.0270699
20.464 0.0274904
20.4665 0.0279185
20.469 0.0283545
20.4715 0.0287984
20.474 0.0292504
20.4765 0.0297107
20.479 0.0301793
20.4815 0.0306564
20.484 0.0311421
20.4865 0.0316366
20.489 0.0321401
20.4915 0.0326526
20.494 0.0331744
20.4965 0.0337055
20.499 0.0342461
20.5015 0.0347964
20.504 0.0353565
20.5065 0.0359266
20.509 0.0365069
20.5115 0.0370974
20.514 0.0376984
20.5165 0.03831
20.519 0.0389324
20.5215 0.0395657
20.524 0.0402101
20.5265 0.0408658
20.529 0.0415329
20.5315 0.0422116
20.534 0.0429022
20.5365 0.0436046
20.539 0.0443192
20.5415 0.045046
20.544 0.0457853
20.5465 0.0465373
20.549 0.047302
20.5515 0.0480797
20.554 0.0488706
20.5565 0.0496749
20.559 0.0504926
20.5615 0.051324
20.564 0.0521693
20.5665 0.0530287
20.569 0.0539022
20.5715 0.0547902
20.574 0.0556927
20.5765 0.05661
20.579 0.0575422
20.5815 0.0584895
20.584 0.059452
20.5865 0.0604301
20.589 0.0614237
20.5915 0.0624331
20.594 0.0634585
20.5965 0.0645001
20.599 0.0655579
20.6016 0.0666322
20.6041 0.0677231
20.6066 0.0688308
20.6091 0.0699554
20.6116 0.0710971
20.6141 0.0722561
20.6166 0.0734325
20.6191 0.0746265
20.6216 0.0758381
20.6241 0.0770676
20.6266 0.0783151
20.6291 0.0795807
20.6316 0.0808645
20.6341 0.0821666
20.6366 0.0834873
20.6391 0.0848265
20.6416 0.0861844
20.6441 0.0875612
20.6466 0.0889568
20.6491 0.0903715
20.6516 0.0918052
20.6541 0.0932581
20.6566 0.0947302
20.6591 0.0962216
20.6616 0.0977324
20.6641 0.0992626
20.6666 0.100812
20.6691 0.102381
20.6716 0.10397
20.6741 0.105578
20.6766 0.107206
20.6791 0.108853
20.6816 0.11052
20.6841 0.112206
20.6866 0.113912
20.6891 0.115637
20.6916 0.117381
20.6941 0.119145
20.6966 0.120928
20.6991 0.12273
20.7016 0.124551
20.7041 0.126391
20.7066 0.12825
20.7091 0.130127
20.7116 0.132023
20.7141 0.133937
20.7166 0.135869
20.7191 0.137819
20.7216 0.139787
20.7241 0.141772
20.7266 0.143774
20.7291 0.145793
20.7316 0.147829
20.7341 0.149881
20.7366 0.15195
20.7391 0.154033
20.7416 0.156133
20.7441 0.158247
20.7466 0.160375
20.7491 0.162518
20.7516 0.164674
20.7541 0.166844
20.7566 0.169027
20.7591 0.171221
20.7616 0.173428
20.7641 0.175646
20.7666 0.177874
20.7691 0.180112
20.7716 0.18236
20.7741 0.184617
20.7766 0.186883
20.7791 0.189155
20.7816 0.191435
20.7841 0.193721
20.7866 0.196012
20.7891 0.198309
20.7916 0.200609
20.7941 0.202912
20.7966 0.205218
20.7991 0.207525
20.8017 0.209833
20.8042 0.212141
20.8067 0.214448
20.8092 0.216752
20.8117 0.219054
20.8142 0.221352
20.8167 0.223645
20.8192 0.225932
20.8217 0.228212
20.8242 0.230485
20.8267 0.232748
20.8292 0.235001
20.8317 0.237243
20.8342 0.239473
20.8367 0.24169
20.8392 0.243891
20.8417 0.246077
20.8442 0.248247
20.8467 0.250398
20.8492 0.25253
20.8517 0.254641
20.8542 0.25673
20.8567 0.258797
20.8592 0.260839
20.8617 0.262856
20.8642 0.264846
20.8667 0.266808
20.8692 0.26874
20.8717 0.270642
20.8742 0.272512
20.8767 0.274349
20.8792 0.276151
20.8817 0.277917
20.8842 0.279646
20.8867 0.281337
20.8892 0.282987
20.8917 0.284597
20.8942 0.286164
20.8967 0.287688
20.8992 0.289166
20.9017 0.290598
20.9042 0.291983
20.9067 0.293319
20.9092 0.294605
20.9117 0.29584
20.9142 0.297022
20.9167 0.298151
20.9192 0.299225
20.9217 0.300243
20.9242 0.301203
20.9267 0.302106
20.9292 0.302949
20.9317 0.303732
20.9342 0.304454
20.9367 0.305114
20.9392 0.30571
20.9417 0.306242
20.9442 0.306709
20.9467 0.307109
20.9492 0.307444
20.9517 0.30771
20.9542 0.307908
20.9567 0.308038
20.9592 0.308097
20.9617 0.308087
20.9642 0.308006
20.9667 0.307853
20.9692 0.307629
20.9717 0.307332
20.9742 0.306963
20.9767 0.306521
20.9792 0.306006
20.9817 0.305418
20.9842 0.304756
20.9867 0.30402
20.9892 0.303212
20.9917 0.302329
20.9942 0.301373
20.9967 0.300344
20.9992 0.299242
21.0018 0.298067
21.0043 0.296819
21.0068 0.295499
21.0093 0.294108
21.0118 0.292645
21.0143 0.291111
21.0168 0.289508
21.0193 0.287835
21.0218 0.286094
21.0243 0.284285
21.0268 0.282409
21.0293 0.280468
21.0318 0.278461
21.0343 0.27639
21.0368 0.274257
21.0393 0.272061
21.0418 0.269806
21.0443 0.267491
21.0468 0.265118
21.0493 0.262689
21.0518 0.260205
21.0543 0.257667
21.0568 0.255077
21.0593 0.252436
21.0618 0.249747
21.0643 0.24701
21.0668 0.244228
21.0693 0.241402
21.0718 0.238534
21.0743 0.235626
21.0768 0.232679
21.0793 0.229696
21.0818 0.226678
21.0843 0.223627
21.0868 0.220546
21.0893 0.217435
21.0918 0.214298
21.0943 0.211136
21.0968 0.207952
21.0993 0.204746
21.1018 0.201522
21.1043 0.198281
21.1068 0.195025
21.1093 0.191756
21.1118 0.188478
21.1143 0.18519
21.1168 0.181896
21.1193 0.178598
21.1218 0.175297
21.1243 0.171995
21.1268 0.168695
21.1293 0.165399
21.1318 0.162108
21.1343 0.158824
21.1368 0.15555
21.1393 0.152287
21.1418 0.149036
21.1443 0.145801
21.1468 0.142581
21.1493 0.13938
21.1518 0.136199
21.1543 0.13304
21.1568 0.129904
21.1593 0.126792
21.1618 0.123707
21.1643 0.12065
21.1668 0.117621
21.1693 0.114623
21.1718 0.111657
21.1743 0.108724
21.1768 0.105826
21.1793 0.102963
21.1818 0.100136
21.1843 0.0973476
21.1868 0.0945974
21.1893 0.0918868
21.1918 0.0892166
21.1943 0.0865877
21.1968 0.0840009
21.1993 0.0814568
21.2019 0.0789561
21.2044 0.0764994
21.2069 0.0740872
21.2094 0.07172
21.2119 0.0693982
21.2144 0.0671221
21.2169 0.0648922
21.2194 0.0627086
21.2219 0.0605715
21.2244 0.0584811
21.2269 0.0564375
21.2294 0.0544407
21.2319 0.0524907
21.2344 0.0505875
21.2369 0.0487309
21.2394 0.0469208
21.2419 0.045157
21.2444 0.0434392
21.2469 0.0417673
21.2494 0.0401408
21.2519 0.0385593
21.2544 0.0370226
21.2569 0.0355302
21.2594 0.0340815
21.2619 0.0326761
21.2644 0.0313135
21.2669 0.0299931
21.2694 0.0287143
21.2719 0.0274765
21.2744 0.026279
21.2769 0.0251212
21.2794 0.0240025
21.2819 0.022922
21.2844 0.0218792
21.2869 0.0208732
21.2894 0.0199033
21.2919 0.0189688
21.2944 0.0180689
21.2969 0.0172027
21.2994 0.0163696
21.3019 0.0155687
21.3044 0.0147992
21.3069 0.0140603
21.3094 0.0133513
21.3119 0.0126713
21.3144 0.0120195
21.3169 0.0113951
21.3194 0.0107973
21.3219 0.0102253
21.3244 0.00967837
21.3269 0.00915567
21.3294 0.00865645
21.3319 0.00817993
21.3344 0.00772535
21.3369 0.00729198
21.3394 0.00687906
21.3419 0.00648588
21.3444 0.00611172
21.3469 0.00575588
21.3494 0.00541767
21.3519 0.00509641
21.3544 0.00479144
21.3569 0.00450213
21.3594 0.00422782
21.3619 0.00396792
21.3644 0.00372182
21.3669 0.00348892
21.3694 0.00326867
21.3719 0.00306051
21.3744 0.0028639
21.3769 0.00267831
21.3794 0.00250324
21.3819 0.00233821
21.3844 0.00218273
21.3869 0.00203635
21.3894 0.00189862
21.3919 0.00176913
21.3944 0.00164744
21.3969 0.00153318
21.3994 0.00142595
21.402 0.0013254
21.4045 0.00123116
21.407 0.0011429
21.4095 0.0010603
21.412 0.00098304
21.4145 0.000910829
21.417 0.000843382
21.4195 0.000780427
21.422 0.000721704
21.4245 0.000666966
21.427 0.000615979
21.4295 0.000568516
21.432 0.000524366
21.4345 0.000483325
21.437 0.000445201
21.4395 0.000409812
21.442 0.000376983
21.4445 0.000346552
21.447 0.000318362
21.4495 0.000292267
21.452 0.000268129
21.4545 0.000245817
21.457 0.000225207
21.4595 0.000206183
21.462 0.000188636
21.4645 0.000172463
21.467 0.000157566
21.4695 0.000143856
21.472 0.000131246
21.4745 0.000119658
21.477 0.000109015
21.4795 9.92484e-05
21.482 9.02924e-05
21.4845 8.20858e-05
21.487 7.45714e-05
21.4895 6.76961e-05
21.492 6.14101e-05
21.4945 5.56673e-05
21.497 5.04247e-05
21.4995 4.56424e-05
