38.5005 0.000421388
38.503 0.000467519
38.5055 0.000518289
38.508 0.00057412
38.5105 0.000635466
38.513 0.000702817
38.5155 0.000776701
38.518 0.000857686
38.5205 0.000946383
38.523 0.00104345
38.5255 0.00114959
38.528 0.00126556
38.5305 0.00139216
38.533 0.00153028
38.5355 0.00168082
38.538 0.00184479
38.5405 0.00202324
38.543 0.00221729
38.5455 0.00242815
38.548 0.00265709
38.5505 0.00290548
38.553 0.00317476
38.5555 0.00346645
38.558 0.00378219
38.5605 0.0041237
38.563 0.0044928
38.5655 0.00489141
38.568 0.00532157
38.5705 0.00578544
38.573 0.00628527
38.5755 0.00682345
38.578 0.00740249
38.5805 0.00802503
38.583 0.00869385
38.5855 0.00941185
38.588 0.0101821
38.5905 0.0110078
38.593 0.0118922
38.5955 0.0128389
38.598 0.0138515
38.6006 0.0149339
38.6031 0.01609
38.6056 0.0173238
38.6081 0.0186398
38.6106 0.0200424
38.6131 0.0215362
38.6156 0.023126
38.6181 0.0248168
38.6206 0.0266138
38.6231 0.0285223
38.6256 0.0305477
38.6281 0.0326957
38.6306 0.0349723
38.6331 0.0373833
38.6356 0.039935
38.6381 0.0426338
38.6406 0.0454861
38.6431 0.0484985
38.6456 0.0516781
38.6481 0.0550316
38.6506 0.0585662
38.6531 0.0622893
38.6556 0.0662082
38.6581 0.0703303
38.6606 0.0746635
38.6631 0.0792153
38.6656 0.0839937
38.6681 0.0890066
38.6706 0.094262
38.6731 0.099768
38.6756 0.105533
38.6781 0.111565
38.6806 0.117871
38.6831 0.124462
38.6856 0.131344
38.6881 0.138526
38.6906 0.146016
38.6931 0.153822
38.6956 0.161953
38.6981 0.170415
38.7006 0.179219
38.7031 0.18837
38.7056 0.197877
38.7081 0.207748
38.7106 0.217989
38.7131 0.228608
38.7156 0.239612
38.7181 0.251007
38.7206 0.262801
38.7231 0.274998
38.7256 0.287606
38.7281 0.300629
38.7306 0.314074
38.7331 0.327944
38.7356 0.342245
38.7381 0.35698
38.7406 0.372154
38.7431 0.387769
38.7456 0.403829
38.7481 0.420336
38.7506 0.437291
38.7531 0.454697
38.7556 0.472554
38.7581 0.490862
38.7606 0.509622
38.7631 0.528832
38.7656 0.548491
38.7681 0.568597
38.7706 0.589147
38.7731 0.61014
38.7756 0.631569
38.7781 0.653433
38.7806 0.675724
38.7831 0.698438
38.7856 0.721568
38.7881 0.745107
38.7906 0.769047
38.7931 0.793381
38.7956 0.818099
38.7981 0.843192
38.8007 0.868649
38.8032 0.89446
38.8057 0.920612
38.8082 0.947094
38.8107 0.973893
38.8132 1.001
38.8157 1.02839
38.8182 1.05606
38.8207 1.08398
38.8232 1.11215
38.8257 1.14055
38.8282 1.16916
38.8307 1.19796
38.8332 1.22694
38.8357 1.25608
38.8382 1.28535
38.8407 1.31475
38.8432 1.34424
38.8457 1.37381
38.8482 1.40345
38.8507 1.43312
38.8532 1.46282
38.8557 1.49251
38.8582 1.52217
38.8607 1.55179
38.8632 1.58135
38.8657 1.61081
38.8682 1.64017
38.8707 1.66939
38.8732 1.69846
38.8757 1.72735
38.8782 1.75604
38.8807 1.78452
38.8832 1.81275
38.8857 1.84071
38.8882 1.86839
38.8907 1.89577
38.8932 1.92281
38.8957 1.94951
38.8982 1.97583
38.9007 2.00177
38.9032 2.02729
38.9057 2.05239
38.9082 2.07704
38.9107 2.10121
38.9132 2.12491
38.9157 2.14809
38.9182 2.17076
38.9207 2.19289
38.9232 2.21446
38.9257 2.23546
38.9282 2.25588
38.9307 2.2757
38.9332 2.2949
38.9357 2.31347
38.9382 2.3314
38.9407 2.34868
38.9432 2.36529
38.9457 2.38123
38.9482 2.39649
38.9507 2.41105
38.9532 2.4249
38.9557 2.43805
38.9582 2.45048
38.9607 2.46218
38.9632 2.47315
38.9657 2.48339
38.9682 2.49289
38.9707 2.50164
38.9732 2.50965
38.9757 2.51692
38.9782 2.52343
38.9807 2.52919
38.9832 2.5342
38.9857 2.53847
38.9882 2.54198
38.9907 2.54475
38.9932 2.54678
38.9957 2.54807
38.9982 2.54862
39.0008 2.54844
39.0033 2.54754
39.0058 2.54592
39.0083 2.54359
39.0108 2.54055
39.0133 2.53681
39.0158 2.53239
39.0183 2.52728
39.0208 2.5215
39.0233 2.51506
39.0258 2.50797
39.0283 2.50023
39.0308 2.49187
39.0333 2.48289
39.0358 2.4733
39.0383 2.46312
39.0408 2.45235
39.0433 2.44101
39.0458 2.42912
39.0483 2.41668
39.0508 2.40372
39.0533 2.39024
39.0558 2.37626
39.0583 2.36179
39.0608 2.34684
39.0633 2.33144
39.0658 2.3156
39.0683 2.29932
39.0708 2.28264
39.0733 2.26555
39.0758 2.24808
39.0783 2.23024
39.0808 2.21205
39.0833 2.19352
39.0858 2.17467
39.0883 2.15551
39.0908 2.13605
39.0933 2.11632
39.0958 2.09632
39.0983 2.07608
39.1008 2.0556
39.1033 2.0349
39.1058 2.01399
39.1083 1.9929
39.1108 1.97163
39.1133 1.95019
39.1158 1.92861
39.1183 1.90689
39.1208 1.88505
39.1233 1.86311
39.1258 1.84106
39.1283 1.81893
39.1308 1.79674
39.1333 1.77448
39.1358 1.75218
39.1383 1.72984
39.1408 1.70748
39.1433 1.68511
39.1458 1.66274
39.1483 1.64038
39.1508 1.61804
39.1533 1.59573
39.1558 1.57346
39.1583 1.55124
39.1608 1.52908
39.1633 1.50699
39.1658 1.48498
39.1683 1.46305
39.1708 1.44122
39.1733 1.41949
39.1758 1.39786
39.1783 1.37636
39.1808 1.35498
39.1833 1.33373
39.1858 1.31261
39.1883 1.29164
39.1908 1.27082
39.1933 1.25016
39.1958 1.22966
39.1983 1.20932
39.2009 1.18915
39.2034 1.16916
39.2059 1.14934
39.2084 1.12971
39.2109 1.11027
39.2134 1.09102
39.2159 1.07197
39.2184 1.05311
39.2209 1.03445
39.2234 1.016
39.2259 0.997752
39.2284 0.979713
39.2309 0.961885
39.2334 0.94427
39.2359 0.926868
39.2384 0.909683
39.2409 0.892714
39.2434 0.875963
39.2459 0.859432
39.2484 0.84312
39.2509 0.827029
39.2534 0.811159
39.2559 0.79551
39.2584 0.780083
39.2609 0.764877
39.2634 0.749892
39.2659 0.735129
39.2684 0.720586
39.2709 0.706263
39.2734 0.69216
39.2759 0.678276
39.2784 0.664609
39.2809 0.65116
39.2834 0.637926
39.2859 0.624907
39.2884 0.612102
39.2909 0.599509
39.2934 0.587126
39.2959 0.574953
39.2984 0.562988
39.3009 0.551228
39.3034 0.539673
39.3059 0.52832
39.3084 0.517168
39.3109 0.506214
39.3134 0.495458
39.3159 0.484896
39.3184 0.474527
39.3209 0.464349
39.3234 0.454359
39.3259 0.444556
39.3284 0.434937
39.3309 0.425501
39.3334 0.416244
39.3359 0.407164
39.3384 0.39826
39.3409 0.389529
39.3434 0.380969
39.3459 0.372577
39.3484 0.36435
39.3509 0.356288
39.3534 0.348387
39.3559 0.340645
39.3584 0.333059
39.3609 0.325627
39.3634 0.318348
39.3659 0.311218
39.3684 0.304235
39.3709 0.297397
39.3734 0.290701
39.3759 0.284145
39.3784 0.277728
39.3809 0.271445
39.3834 0.265296
39.3859 0.259278
39.3884 0.253388
39.3909 0.247625
39.3934 0.241986
39.3959 0.236469
39.3984 0.231072
39.401 0.225792
39.4035 0.220628
39.406 0.215577
39.4085 0.210637
39.411 0.205806
39.4135 0.201083
39.416 0.196464
39.4185 0.191948
39.421 0.187533
39.4235 0.183217
39.426 0.178998
39.4285 0.174875
39.431 0.170844
39.4335 0.166905
39.436 0.163055
39.4385 0.159293
39.441 0.155617
39.4435 0.152025
39.446 0.148515
39.4485 0.145086
39.451 0.141736
39.4535 0.138463
39.456 0.135266
39.4585 0.132143
39.461 0.129093
39.4635 0.126113
39.466 0.123203
39.4685 0.120361
39.471 0.117585
39.4735 0.114875
39.476 0.112227
39.4785 0.109642
39.481 0.107118
39.4835 0.104654
39.486 0.102247
39.4885 0.0998972
39.491 0.0976031
39.4935 0.0953632
39.496 0.0931764
39.4985 0.0910415
39.501 0.0889574
39.5035 0.0869227
39.506 0.0849365
39.5085 0.0829976
39.511 0.0811049
39.5135 0.0792574
39.516 0.077454
39.5185 0.0756937
39.521 0.0739755
39.5235 0.0722984
39.526 0.0706614
39.5285 0.0690637
39.531 0.0675042
39.5335 0.0659821
39.536 0.0644966
39.5385 0.0630467
39.541 0.0616315
39.5435 0.0602504
39.546 0.0589025
39.5485 0.0575869
39.551 0.0563029
39.5535 0.0550498
39.556 0.0538268
39.5585 0.0526333
39.561 0.0514684
39.5635 0.0503315
39.566 0.0492219
39.5685 0.048139
39.571 0.0470822
39.5735 0.0460507
39.576 0.045044
39.5785 0.0440615
39.581 0.0431026
39.5835 0.0421667
39.586 0.0412533
39.5885 0.0403618
39.591 0.0394917
39.5935 0.0386425
39.596 0.0378136
39.5985 0.0370045
39.6011 0.0362149
39.6036 0.0354441
39.6061 0.0346918
39.6086 0.0339575
39.6111 0.0332407
39.6136 0.032541
39.6161 0.031858
39.6186 0.0311913
39.6211 0.0305405
39.6236 0.0299052
39.6261 0.029285
39.6286 0.0286796
39.6311 0.0280885
39.6336 0.0275115
39.6361 0.0269482
39.6386 0.0263982
39.6411 0.0258612
39.6436 0.0253369
39.6461 0.024825
39.6486 0.0243252
39.6511 0.0238372
39.6536 0.0233607
39.6561 0.0228954
39.6586 0.0224411
39.6611 0.0219974
39.6636 0.0215641
39.6661 0.021141
39.6686 0.0207277
39.6711 0.0203242
39.6736 0.01993
39.6761 0.0195451
39.6786 0.0191691
39.6811 0.0188019
39.6836 0.0184432
39.6861 0.0180928
39.6886 0.0177505
39.6911 0.0174162
39.6936 0.0170896
39.6961 0.0167705
39.6986 0.0164588
39.7011 0.0161543
39.7036 0.0158568
39.7061 0.0155661
39.7086 0.0152821
39.7111 0.0150045
39.7136 0.0147334
39.7161 0.0144684
39.7186 0.0142094
39.7211 0.0139564
39.7236 0.0137091
39.7261 0.0134674
39.7286 0.0132312
39.7311 0.0130004
39.7336 0.0127748
39.7361 0.0125542
39.7386 0.0123387
39.7411 0.0121279
39.7436 0.011922
39.7461 0.0117206
39.7486 0.0115238
39.7511 0.0113313
39.7536 0.0111432
39.7561 0.0109592
39.7586 0.0107794
39.7611 0.0106035
39.7636 0.0104316
39.7661 0.0102635
39.7686 0.0100991
39.7711 0.00993832
39.7736 0.00978111
39.7761 0.00962736
39.7786 0.009477
39.7811 0.00932994
39.7836 0.00918612
39.7861 0.00904545
39.7886 0.00890786
39.7911 0.00877328
39.7936 0.00864164
39.7961 0.00851288
39.7986 0.00838692
39.8012 0.0082637
39.8037 0.00814315
39.8062 0.00802523
39.8087 0.00790986
39.8112 0.00779699
39.8137 0.00768657
39.8162 0.00757853
39.8187 0.00747282
39.8212 0.00736939
39.8237 0.00726819
39.8262 0.00716917
39.8287 0.00707228
39.8312 0.00697748
39.8337 0.0068847
39.8362 0.00679392
39.8387 0.00670509
39.8412 0.00661815
39.8437 0.00653308
39.8462 0.00644983
39.8487 0.00636837
39.8512 0.00628864
39.8537 0.00621062
39.8562 0.00613426
39.8587 0.00605954
39.8612 0.00598641
39.8637 0.00591485
39.8662 0.00584481
39.8687 0.00577627
39.8712 0.00570919
39.8737 0.00564355
39.8762 0.00557931
39.8787 0.00551644
39.8812 0.00545492
39.8837 0.00539471
39.8862 0.0053358
39.8887 0.00527815
39.8912 0.00522173
39.8937 0.00516653
39.8962 0.00511251
39.8987 0.00505966
39.9012 0.00500795
39.9037 0.00495736
39.9062 0.00490786
39.9087 0.00485943
39.9112 0.00481206
39.9137 0.00476571
39.9162 0.00472038
39.9187 0.00467604
39.9212 0.00463268
39.9237 0.00459026
39.9262 0.00454878
39.9287 0.00450822
39.9312 0.00446857
39.9337 0.00442979
39.9362 0.00439188
39.9387 0.00435483
39.9412 0.00431861
39.9437 0.00428321
39.9462 0.00424862
39.9487 0.00421481
39.9512 0.00418179
39.9537 0.00414953
39.9562 0.00411802
39.9587 0.00408725
39.9612 0.0040572
39.9637 0.00402787
39.9662 0.00399924
39.9687 0.00397129
39.9712 0.00394403
39.9737 0.00391743
39.9762 0.00389148
39.9787 0.00386619
39.9812 0.00384152
39.9837 0.00381748
39.9862 0.00379406
39.9887 0.00377125
39.9912 0.00374903
39.9937 0.0037274
39.9962 0.00370634
39.9987 0.00368586
40.0013 0.00366595
40.0038 0.00364659
40.0063 0.00362777
40.0088 0.0036095
40.0113 0.00359176
40.0138 0.00357454
40.0163 0.00355784
40.0188 0.00354166
40.0213 0.00352598
40.0238 0.0035108
40.0263 0.00349611
40.0288 0.00348191
40.0313 0.0034682
40.0338 0.00345496
40.0363 0.00344219
40.0388 0.00342989
40.0413 0.00341805
40.0438 0.00340667
40.0463 0.00339573
40.0488 0.00338525
40.0513 0.00337521
40.0538 0.00336561
40.0563 0.00335644
40.0588 0.0033477
40.0613 0.0033394
40.0638 0.00333151
40.0663 0.00332405
40.0688 0.00331701
40.0713 0.00331038
40.0738 0.00330416
40.0763 0.00329835
40.0788 0.00329295
40.0813 0.00328795
40.0838 0.00328336
40.0863 0.00327916
40.0888 0.00327536
40.0913 0.00327196
40.0938 0.00326895
40.0963 0.00326633
40.0988 0.0032641
40.1013 0.00326226
40.1038 0.00326081
40.1063 0.00325975
40.1088 0.00325907
40.1113 0.00325877
40.1138 0.00325886
40.1163 0.00325933
40.1188 0.00326018
40.1213 0.00326142
40.1238 0.00326303
40.1263 0.00326503
40.1288 0.00326741
40.1313 0.00327017
40.1338 0.00327331
40.1363 0.00327683
40.1388 0.00328073
40.1413 0.00328501
40.1438 0.00328968
40.1463 0.00329473
40.1488 0.00330016
40.1513 0.00330598
40.1538 0.00331219
40.1563 0.00331878
40.1588 0.00332576
40.1613 0.00333313
40.1638 0.00334089
40.1663 0.00334904
40.1688 0.00335759
40.1713 0.00336653
40.1738 0.00337587
40.1763 0.00338561
40.1788 0.00339575
40.1813 0.00340629
40.1838 0.00341725
40.1863 0.00342861
40.1888 0.00344038
40.1913 0.00345256
40.1938 0.00346517
40.1963 0.00347819
40.1988 0.00349163
40.2014 0.0035055
40.2039 0.0035198
40.2064 0.00353453
40.2089 0.0035497
40.2114 0.0035653
40.2139 0.00358135
40.2164 0.00359785
40.2189 0.00361479
40.2214 0.00363219
40.2239 0.00365005
40.2264 0.00366837
40.2289 0.00368716
40.2314 0.00370642
40.2339 0.00372616
40.2364 0.00374638
40.2389 0.00376709
40.2414 0.00378828
40.2439 0.00380997
40.2464 0.00383217
40.2489 0.00385487
40.2514 0.00387808
40.2539 0.00390182
40.2564 0.00392607
40.2589 0.00395086
40.2614 0.00397618
40.2639 0.00400204
40.2664 0.00402845
40.2689 0.00405542
40.2714 0.00408294
40.2739 0.00411104
40.2764 0.00413971
40.2789 0.00416896
40.2814 0.0041988
40.2839 0.00422923
40.2864 0.00426027
40.2889 0.00429192
40.2914 0.00432419
40.2939 0.00435709
40.2964 0.00439062
40.2989 0.00442479
40.3014 0.00445961
40.3039 0.0044951
40.3064 0.00453125
40.3089 0.00456807
40.3114 0.00460558
40.3139 0.00464379
40.3164 0.0046827
40.3189 0.00472232
40.3214 0.00476266
40.3239 0.00480374
40.3264 0.00484556
40.3289 0.00488812
40.3314 0.00493145
40.3339 0.00497556
40.3364 0.00502044
40.3389 0.00506612
40.3414 0.0051126
40.3439 0.00515989
40.3464 0.00520801
40.3489 0.00525697
40.3514 0.00530678
40.3539 0.00535744
40.3564 0.00540898
40.3589 0.00546139
40.3614 0.00551471
40.3639 0.00556893
40.3664 0.00562407
40.3689 0.00568014
40.3714 0.00573716
40.3739 0.00579513
40.3764 0.00585408
40.3789 0.005914
40.3814 0.00597493
40.3839 0.00603686
40.3864 0.00609982
40.3889 0.00616382
40.3914 0.00622887
40.3939 0.00629498
40.3964 0.00636217
40.3989 0.00643046
40.4015 0.00649986
40.404 0.00657038
40.4065 0.00664203
40.409 0.00671484
40.4115 0.00678882
40.414 0.00686399
40.4165 0.00694035
40.419 0.00701792
40.4215 0.00709673
40.424 0.00717678
40.4265 0.00725809
40.429 0.00734068
40.4315 0.00742457
40.434 0.00750976
40.4365 0.00759628
40.439 0.00768414
40.4415 0.00777337
40.444 0.00786397
40.4465 0.00795596
40.449 0.00804936
40.4515 0.00814418
40.454 0.00824045
40.4565 0.00833818
40.459 0.00843739
40.4615 0.0085381
40.464 0.00864031
40.4665 0.00874405
40.469 0.00884934
40.4715 0.0089562
40.474 0.00906463
40.4765 0.00917466
40.479 0.00928631
40.4815 0.00939959
40.484 0.00951452
40.4865 0.00963112
40.489 0.0097494
40.4915 0.00986938
40.494 0.00999108
40.4965 0.0101145
40.499 0.0102397
40.5015 0.0103667
40.504 0.0104954
40.5065 0.0106259
40.509 0.0107583
40.5115 0.0108925
40.514 0.0110286
40.5165 0.0111665
40.519 0.0113063
40.5215 0.011448
40.524 0.0115916
40.5265 0.0117371
40.529 0.0118846
40.5315 0.012034
40.534 0.0121854
40.5365 0.0123388
40.539 0.0124942
40.5415 0.0126516
40.544 0.012811
40.5465 0.0129724
40.549 0.0131359
40.5515 0.0133015
40.554 0.0134691
40.5565 0.0136388
40.559 0.0138106
40.5615 0.0139845
40.564 0.0141605
40.5665 0.0143386
40.569 0.0145188
40.5715 0.0147011
40.574 0.0148856
40.5765 0.0150723
40.579 0.015261
40.5815 0.0154519
40.584 0.015645
40.5865 0.0158402
40.589 0.0160376
40.5915 0.0162371
40.594 0.0164388
40.5965 0.0166427
40.599 0.0168486
40.6016 0.0170568
40.6041 0.0172671
40.6066 0.0174795
40.6091 0.017694
40.6116 0.0179107
40.6141 0.0181294
40.6166 0.0183503
40.6191 0.0185733
40.6216 0.0187983
40.6241 0.0190254
40.6266 0.0192546
40.6291 0.0194857
40.6316 0.0197189
40.6341 0.0199541
40.6366 0.0201913
40.6391 0.0204304
40.6416 0.0206714
40.6441 0.0209144
40.6466 0.0211592
40.6491 0.0214058
40.6516 0.0216543
40.6541 0.0219045
40.6566 0.0221565
40.6591 0.0224102
40.6616 0.0226656
40.6641 0.0229226
40.6666 0.0231812
40.6691 0.0234413
40.6716 0.0237029
40.6741 0.023966
40.6766 0.0242305
40.6791 0.0244963
40.6816 0.0247634
40.6841 0.0250318
40.6866 0.0253014
40.6891 0.0255721
40.6916 0.0258438
40.6941 0.0261165
40.6966 0.0263902
40.6991 0.0266648
40.7016 0.0269401
40.7041 0.0272161
40.7066 0.0274928
40.7091 0.0277701
40.7116 0.0280478
40.7141 0.028326
40.7166 0.0286044
40.7191 0.0288831
40.7216 0.0291619
40.7241 0.0294408
40.7266 0.0297197
40.7291 0.0299984
40.7316 0.0302769
40.7341 0.030555
40.7366 0.0308327
40.7391 0.0311099
40.7416 0.0313864
40.7441 0.0316621
40.7466 0.031937
40.7491 0.0322109
40.7516 0.0324836
40.7541 0.0327552
40.7566 0.0330255
40.7591 0.0332942
40.7616 0.0335614
40.7641 0.0338269
40.7666 0.0340905
40.7691 0.0343522
40.7716 0.0346118
40.7741 0.0348692
40.7766 0.0351242
40.7791 0.0353767
40.7816 0.0356265
40.7841 0.0358736
40.7866 0.0361178
40.7891 0.0363589
40.7916 0.0365969
40.7941 0.0368315
40.7966 0.0370626
40.7991 0.0372901
40.8017 0.0375138
40.8042 0.0377336
40.8067 0.0379493
40.8092 0.0381608
40.8117 0.038368
40.8142 0.0385706
40.8167 0.0387686
40.8192 0.0389618
40.8217 0.0391501
40.8242 0.0393332
40.8267 0.0395111
40.8292 0.0396836
40.8317 0.0398506
40.8342 0.0400119
40.8367 0.0401674
40.8392 0.040317
40.8417 0.0404604
40.8442 0.0405976
40.8467 0.0407284
40.8492 0.0408528
40.8517 0.0409704
40.8542 0.0410813
40.8567 0.0411853
40.8592 0.0412823
40.8617 0.0413721
40.8642 0.0414546
40.8667 0.0415298
40.8692 0.0415974
40.8717 0.0416575
40.8742 0.0417098
40.8767 0.0417543
40.8792 0.0417908
40.8817 0.0418193
40.8842 0.0418398
40.8867 0.041852
40.8892 0.0418559
40.8917 0.0418515
40.8942 0.0418386
40.8967 0.0418173
40.8992 0.0417874
40.9017 0.0417488
40.9042 0.0417016
40.9067 0.0416456
40.9092 0.0415809
40.9117 0.0415074
40.9142 0.041425
40.9167 0.0413338
40.9192 0.0412337
40.9217 0.0411248
40.9242 0.0410069
40.9267 0.0408802
40.9292 0.0407445
40.9317 0.0406
40.9342 0.0404467
40.9367 0.0402845
40.9392 0.0401136
40.9417 0.0399339
40.9442 0.0397455
40.9467 0.0395485
40.9492 0.0393429
40.9517 0.0391288
40.9542 0.0389062
40.9567 0.0386753
40.9592 0.0384361
40.9617 0.0381888
40.9642 0.0379334
40.9667 0.03767
40.9692 0.0373988
40.9717 0.0371199
40.9742 0.0368334
40.9767 0.0365395
40.9792 0.0362382
40.9817 0.0359298
40.9842 0.0356144
40.9867 0.0352921
40.9892 0.0349631
40.9917 0.0346277
40.9942 0.0342859
40.9967 0.0339379
40.9992 0.033584
41.0018 0.0332244
41.0043 0.0328591
41.0068 0.0324885
41.0093 0.0321128
41.0118 0.0317321
41.0143 0.0313467
41.0168 0.0309567
41.0193 0.0305625
41.0218 0.0301642
41.0243 0.0297621
41.0268 0.0293564
41.0293 0.0289473
41.0318 0.0285351
41.0343 0.02812
41.0368 0.0277023
41.0393 0.0272821
41.0418 0.0268598
41.0443 0.0264355
41.0468 0.0260096
41.0493 0.0255822
41.0518 0.0251537
41.0543 0.0247242
41.0568 0.024294
41.0593 0.0238634
41.0618 0.0234325
41.0643 0.0230017
41.0668 0.0225711
41.0693 0.022141
41.0718 0.0217116
41.0743 0.0212833
41.0768 0.0208561
41.0793 0.0204303
41.0818 0.0200062
41.0843 0.0195839
41.0868 0.0191637
41.0893 0.0187458
41.0918 0.0183304
41.0943 0.0179176
41.0968 0.0175078
41.0993 0.017101
41.1018 0.0166975
41.1043 0.0162975
41.1068 0.0159011
41.1093 0.0155084
41.1118 0.0151198
41.1143 0.0147352
41.1168 0.0143549
41.1193 0.0139791
41.1218 0.0136078
41.1243 0.0132412
41.1268 0.0128794
41.1293 0.0125225
41.1318 0.0121707
41.1343 0.0118241
41.1368 0.0114827
41.1393 0.0111466
41.1418 0.010816
41.1443 0.0104909
41.1468 0.0101714
41.1493 0.0098575
41.1518 0.00954935
41.1543 0.00924696
41.1568 0.00895038
41.1593 0.00865965
41.1618 0.00837479
41.1643 0.00809584
41.1668 0.00782282
41.1693 0.00755573
41.1718 0.00729459
41.1743 0.0070394
41.1768 0.00679014
41.1793 0.00654682
41.1818 0.00630941
41.1843 0.00607789
41.1868 0.00585224
41.1893 0.00563242
41.1918 0.00541839
41.1943 0.00521012
41.1968 0.00500755
41.1993 0.00481064
41.2019 0.00461933
41.2044 0.00443356
41.2069 0.00425326
41.2094 0.00407837
41.2119 0.00390882
41.2144 0.00374454
41.2169 0.00358544
41.2194 0.00343145
41.2219 0.00328249
41.2244 0.00313847
41.2269 0.0029993
41.2294 0.00286489
41.2319 0.00273515
41.2344 0.00261
41.2369 0.00248933
41.2394 0.00237305
41.2419 0.00226106
41.2444 0.00215327
41.2469 0.00204957
41.2494 0.00194987
41.2519 0.00185406
41.2544 0.00176205
41.2569 0.00167374
41.2594 0.00158903
41.2619 0.00150781
41.2644 0.00142999
41.2669 0.00135547
41.2694 0.00128415
41.2719 0.00121593
41.2744 0.00115072
41.2769 0.00108842
41.2794 0.00102893
41.2819 0.000972163
41.2844 0.000918026
41.2869 0.000866427
41.2894 0.000817276
41.2919 0.000770485
41.2944 0.000725968
41.2969 0.00068364
41.2994 0.000643417
41.3019 0.000605218
41.3044 0.000568963
41.3069 0.000534575
41.3094 0.000501977
41.3119 0.000471095
41.3144 0.000441856
41.3169 0.000414192
41.3194 0.000388032
41.3219 0.000363312
41.3244 0.000339965
41.3269 0.00031793
41.3294 0.000297147
41.3319 0.000277556
41.3344 0.000259101
41.3369 0.000241727
41.3394 0.000225381
41.3419 0.000210013
41.3444 0.000195573
41.3469 0.000182014
41.3494 0.00016929
41.3519 0.000157358
41.3544 0.000146177
41.3569 0.000135704
41.3594 0.000125903
41.3619 0.000116737
41.3644 0.000108169
41.3669 0.000100166
41.3694 9.26955e-05
41.3719 8.57273e-05
41.3744 7.92319e-05
41.3769 7.31812e-05
41.3794 6.75486e-05
41.3819 6.23089e-05
41.3844 5.74378e-05
41.3869 5.29127e-05
41.3894 4.87118e-05
41.3919 4.48147e-05
41.3944 4.12018e-05
41.3969 3.78548e-05
41.3994 3.47563e-05
41.402 3.18898e-05
41.4045 2.92399e-05
41.407 2.67919e-05
41.4095 2.4532e-05
41.412 2.24474e-05
41.4145 2.05257e-05
41.417 1.87555e-05
41.4195 1.7126e-05
41.422 1.56272e-05
41.4245 1.42495e-05
41.427 1.29842e-05
41.4295 1.18228e-05
41.432 1.07577e-05
41.4345 9.78152e-06
41.437 8.88756e-06
41.4395 8.0695e-06
41.442 7.32145e-06
41.4445 6.63792e-06
41.447 6.01383e-06
41.4495 5.44443e-06
41.452 4.92533e-06
41.4545 4.45243e-06
41.457 4.02196e-06
41.4595 3.63042e-06
41.462 3.27454e-06
41.4645 2.95134e-06
41.467 2.65804e-06
41.4695 2.39208e-06
41.472 2.1511e-06
41.4745 1.93292e-06
41.477 1.73555e-06
41.4795 1.55714e-06
41.482 1.39599e-06
41.4845 1.25055e-06
41.487 1.1194e-06
41.4895 1.00121e-06
41.492 8.94811e-07
41.4945 7.99088e-07
41.497 7.13042e-07
41.4995 6.35758e-07
