0 0.0175732
0.1 0.0176009
0.2 0.0176369
0.3 0.0176733
0.4 0.0177072
0.5 0.0177401
0.6 0.0177741
0.7 0.0178094
0.8 0.0178436
0.9 0.0178756
1 0.0179083
1.1 0.0179417
1.2 0.0179754
1.3 0.0180092
1.4 0.0180425
1.5 0.0180757
1.6 0.0181059
1.7 0.0181379
1.8 0.0181701
1.9 0.0182023
2 0.0182338
2.1 0.0182637
2.2 0.0182939
2.3 0.0183242
2.4 0.0183556
2.5 0.0183866
2.6 0.0184188
2.7 0.0184504
2.8 0.0184839
2.9 0.0185168
3 0.0185494
3.1 0.0185837
3.2 0.0186161
3.3 0.0186498
3.4 0.0186836
3.5 0.0187177
3.6 0.0187525
3.7 0.0187866
3.8 0.0188204
3.9 0.0188542
4 0.0188889
4.1 0.018925
4.2 0.0189609
4.3 0.0189953
4.4 0.0190329
4.5 0.0190703
4.6 0.0191066
4.7 0.0191413
4.8 0.0191755
4.9 0.0192118
5 0.0192484
5.1 0.0192866
5.2 0.0193234
5.3 0.0193611
5.4 0.0193998
5.5 0.0194369
5.6 0.0194752
5.7 0.0195139
5.8 0.0195526
5.9 0.0195907
6 0.0196311
6.1 0.0196716
6.2 0.0197139
6.3 0.0197559
6.4 0.0197984
6.5 0.0198418
6.6 0.0198863
6.7 0.0199321
6.8 0.0199781
6.9 0.0200249
7 0.0200719
7.1 0.0201194
7.2 0.0201673
7.3 0.0202155
7.4 0.0202654
7.5 0.0203155
7.6 0.020364
7.7 0.0204161
7.8 0.0204687
7.9 0.0205194
8 0.0205707
8.1 0.0206246
8.2 0.0206753
8.3 0.0207239
8.4 0.0207732
8.5 0.0208238
8.6 0.0208741
8.7 0.0209254
8.8 0.0209774
8.9 0.0210285
9 0.0210789
9.1 0.0211306
9.2 0.0211825
9.3 0.0212342
9.4 0.0212834
9.5 0.0213324
9.6 0.0213823
9.7 0.0214345
9.8 0.0214889
9.9 0.0215418
10 0.0215997
10.1 0.0216558
10.2 0.0217127
10.3 0.0217703
10.4 0.0218272
10.5 0.0218851
10.6 0.0219417
10.7 0.0220008
10.8 0.0220594
10.9 0.0221186
11 0.0221784
11.1 0.0222405
11.2 0.0223017
11.3 0.0223636
11.4 0.0224281
11.5 0.0224924
11.6 0.0225582
11.7 0.0226245
11.8 0.0226917
11.9 0.0227608
12 0.0228304
12.1 0.022901
12.2 0.0229721
12.3 0.0230432
12.4 0.0231146
12.5 0.0231855
12.6 0.0232577
12.7 0.0233301
12.8 0.0234035
12.9 0.0234804
13 0.0235551
13.1 0.0236308
13.2 0.0237069
13.3 0.0237824
13.4 0.0238561
13.5 0.0239334
13.6 0.0240105
13.7 0.0240874
13.8 0.0241632
13.9 0.024239
14 0.024316
14.1 0.0243941
14.2 0.0244724
14.3 0.0245538
14.4 0.0246375
14.5 0.0247251
14.6 0.0248103
14.7 0.0248992
14.8 0.0249887
14.9 0.0250784
15 0.0251699
15.1 0.025263
15.2 0.0253564
15.3 0.0254514
15.4 0.0255466
15.5 0.0256433
15.6 0.0257412
15.7 0.0258381
15.8 0.025937
15.9 0.0260349
16 0.0261322
16.1 0.026231
16.2 0.0263326
16.3 0.0264354
16.4 0.0265352
16.5 0.0266371
16.6 0.0267381
16.7 0.0268382
16.8 0.0269444
16.9 0.0270523
17 0.0271587
17.1 0.0272729
17.2 0.0273902
17.3 0.0275046
17.4 0.0276172
17.5 0.0277293
17.6 0.0278455
17.7 0.0279622
17.8 0.0280758
17.9 0.0281899
18 0.0283027
18.1 0.028414
18.2 0.0285261
18.3 0.0286427
18.4 0.0287578
18.5 0.0288728
18.6 0.0289935
18.7 0.029111
18.8 0.0292359
18.9 0.029357
19 0.0294803
19.1 0.0296041
19.2 0.0297293
19.3 0.0298571
19.4 0.0299821
19.5 0.0301106
19.6 0.0302408
19.7 0.0303734
19.8 0.0305063
19.9 0.0306421
20 0.0307787
20.1 0.0309121
20.2 0.0310502
20.3 0.0311869
20.4 0.0313253
20.5 0.0314595
20.6 0.0315962
20.7 0.0317358
20.8 0.0318752
20.9 0.0320138
21 0.0321565
21.1 0.0322989
21.2 0.0324456
21.3 0.0325902
21.4 0.0327353
21.5 0.0328842
21.6 0.0330297
21.7 0.0331764
21.8 0.0333219
21.9 0.0334734
22 0.0336229
22.1 0.0337784
22.2 0.0339344
22.3 0.0340971
22.4 0.0342599
22.5 0.0344252
22.6 0.0345914
22.7 0.0347588
22.8 0.0349258
22.9 0.0351
23 0.0352721
23.1 0.0354476
23.2 0.0356188
23.3 0.0357925
23.4 0.035962
23.5 0.0361301
23.6 0.0363044
23.7 0.0364854
23.8 0.0366688
23.9 0.0368556
24 0.037042
24.1 0.0372241
24.2 0.0374136
24.3 0.0376063
24.4 0.0378033
24.5 0.0379985
24.6 0.0381961
24.7 0.0383892
24.8 0.0385866
24.9 0.038784
25 0.0389879
25.1 0.0391964
25.2 0.039409
25.3 0.0396214
25.4 0.0398412
25.5 0.040068
25.6 0.0402901
25.7 0.0405126
25.8 0.0407407
25.9 0.0409616
26 0.0411897
26.1 0.0414212
26.2 0.0416499
26.3 0.0418788
26.4 0.0421051
26.5 0.0423302
26.6 0.0425576
26.7 0.0427809
26.8 0.0430083
26.9 0.0432491
27 0.0434916
27.1 0.0437348
27.2 0.0439704
27.3 0.0442031
27.4 0.0444455
27.5 0.0446892
27.6 0.044928
27.7 0.0451748
27.8 0.0454256
27.9 0.0456765
28 0.0459332
28.1 0.0461948
28.2 0.0464595
28.3 0.0467167
28.4 0.0469697
28.5 0.0472323
28.6 0.0474916
28.7 0.047751
28.8 0.048019
28.9 0.0482869
29 0.0485656
29.1 0.0488477
29.2 0.0491177
29.3 0.0493874
29.4 0.0496729
29.5 0.0499627
29.6 0.0502403
29.7 0.0505325
29.8 0.0508266
29.9 0.0511163
30 0.0514174
30.1 0.0517236
30.2 0.0520216
30.3 0.0523274
30.4 0.0526396
30.5 0.0529547
30.6 0.0532616
30.7 0.0535552
30.8 0.0538691
30.9 0.0541695
31 0.0544881
31.1 0.0548125
31.2 0.0551379
31.3 0.0554603
31.4 0.0557871
31.5 0.0561232
31.6 0.0564572
31.7 0.0567959
31.8 0.0571408
31.9 0.0575001
32 0.057834
32.1 0.0581757
32.2 0.0585231
32.3 0.0588604
32.4 0.0592023
32.5 0.0595555
32.6 0.0598924
32.7 0.0602641
32.8 0.0606392
32.9 0.0610263
33 0.0613942
33.1 0.0617727
33.2 0.0621235
33.3 0.0624849
33.4 0.0628635
33.5 0.0632524
33.6 0.0636254
33.7 0.064006
33.8 0.0643982
33.9 0.0647855
34 0.065175
34.1 0.0655592
34.2 0.0659754
34.3 0.0663754
34.4 0.066784
34.5 0.0672121
34.6 0.067626
34.7 0.0680621
34.8 0.0685081
34.9 0.0689576
35 0.069422
35.1 0.0698816
35.2 0.0703409
35.3 0.0708031
35.4 0.0712634
35.5 0.0717509
35.6 0.0722182
35.7 0.0727257
35.8 0.0732126
35.9 0.0737034
36 0.0741918
36.1 0.0746871
36.2 0.0751898
36.3 0.075702
36.4 0.0761949
36.5 0.0767177
36.6 0.0772278
36.7 0.0777111
36.8 0.0781891
36.9 0.0787103
37 0.0792405
37.1 0.0797921
37.2 0.0803352
37.3 0.0808622
37.4 0.081387
37.5 0.0819084
37.6 0.0824478
37.7 0.0829764
37.8 0.0835269
37.9 0.0841044
38 0.0846976
38.1 0.0852835
38.2 0.0858897
38.3 0.0864801
38.4 0.0870957
38.5 0.0877227
38.6 0.0883598
38.7 0.0890084
38.8 0.0896421
38.9 0.0902768
39 0.0909218
39.1 0.0916032
39.2 0.0922942
39.3 0.0929821
39.4 0.093663
39.5 0.0943659
39.6 0.0950639
39.7 0.0957828
39.8 0.0965126
39.9 0.0972516
40 0.0980097
40.1 0.0987757
40.2 0.0995302
40.3 0.100289
40.4 0.101091
40.5 0.101868
40.6 0.102652
40.7 0.103468
40.8 0.104295
40.9 0.105106
41 0.105918
41.1 0.106735
41.2 0.107547
41.3 0.108387
41.4 0.109234
41.5 0.110086
41.6 0.110968
41.7 0.111895
41.8 0.112763
41.9 0.113647
42 0.114513
42.1 0.115416
42.2 0.116315
42.3 0.117232
42.4 0.118139
42.5 0.119073
42.6 0.119979
42.7 0.120899
42.8 0.12181
42.9 0.122726
43 0.123668
43.1 0.124602
43.2 0.125521
43.3 0.126441
43.4 0.127395
43.5 0.128358
43.6 0.129327
43.7 0.130272
43.8 0.131218
43.9 0.132193
44 0.133157
44.1 0.134111
44.2 0.135063
44.3 0.136047
44.4 0.137021
44.5 0.137968
44.6 0.138928
44.7 0.139901
44.8 0.140821
44.9 0.141766
45 0.142713
45.1 0.143661
45.2 0.144653
45.3 0.145659
45.4 0.146667
45.5 0.147684
45.6 0.148691
45.7 0.149709
45.8 0.150759
45.9 0.151818
46 0.152883
46.1 0.153918
46.2 0.154938
46.3 0.155967
46.4 0.157028
46.5 0.158094
46.6 0.159138
46.7 0.160174
46.8 0.161249
46.9 0.162357
47 0.163437
47.1 0.164599
47.2 0.165731
47.3 0.166792
47.4 0.16792
47.5 0.169083
47.6 0.170235
47.7 0.171394
47.8 0.172533
47.9 0.17365
48 0.174751
48.1 0.175863
48.2 0.176992
48.3 0.178113
48.4 0.179265
48.5 0.180416
48.6 0.181559
48.7 0.182694
48.8 0.183796
48.9 0.184897
49 0.185951
49.1 0.187024
49.2 0.188041
49.3 0.189094
49.4 0.190135
49.5 0.191198
49.6 0.19232
49.7 0.193415
49.8 0.194512
49.9 0.1956
50 0.196676
50.1 0.19772
50.2 0.198748
50.3 0.199766
50.4 0.200791
50.5 0.201825
50.6 0.202879
50.7 0.203939
50.8 0.204999
50.9 0.206044
51 0.207068
51.1 0.20808
51.2 0.209077
51.3 0.210045
51.4 0.211002
51.5 0.211937
51.6 0.212862
51.7 0.213788
51.8 0.214716
51.9 0.215639
52 0.216536
52.1 0.217443
52.2 0.21837
52.3 0.219295
52.4 0.220201
52.5 0.2211
52.6 0.221985
52.7 0.222908
52.8 0.223841
52.9 0.224743
53 0.225636
53.1 0.226523
53.2 0.227411
53.3 0.228273
53.4 0.229175
53.5 0.230071
53.6 0.23099
53.7 0.231879
53.8 0.232751
53.9 0.233631
54 0.234507
54.1 0.235389
54.2 0.236237
54.3 0.237071
54.4 0.237894
54.5 0.238679
54.6 0.239466
54.7 0.240262
54.8 0.241075
54.9 0.241904
55 0.242721
55.1 0.243539
55.2 0.244348
55.3 0.245163
55.4 0.24596
55.5 0.246716
55.6 0.247502
55.7 0.248255
55.8 0.249017
55.9 0.24978
56 0.250537
56.1 0.251278
56.2 0.252018
56.3 0.252733
56.4 0.253459
56.5 0.254167
56.6 0.254882
56.7 0.255622
56.8 0.256359
56.9 0.257086
57 0.257805
57.1 0.258502
57.2 0.259196
57.3 0.259857
57.4 0.26052
57.5 0.261228
57.6 0.261915
57.7 0.262615
57.8 0.263301
57.9 0.264012
58 0.264719
58.1 0.26544
58.2 0.266106
58.3 0.266741
58.4 0.267404
58.5 0.268016
58.6 0.268632
58.7 0.269237
58.8 0.269821
58.9 0.270395
59 0.27093
59.1 0.271415
59.2 0.271882
59.3 0.272328
59.4 0.272754
59.5 0.273157
59.6 0.273565
59.7 0.274002
59.8 0.274427
59.9 0.274847
60 0.275272
60.1 0.275676
60.2 0.276041
60.3 0.276434
60.4 0.276835
60.5 0.277224
60.6 0.277627
60.7 0.278019
60.8 0.278404
60.9 0.278797
61 0.279199
61.1 0.279637
61.2 0.28009
61.3 0.280534
61.4 0.280955
61.5 0.281349
61.6 0.281754
61.7 0.282125
61.8 0.282497
61.9 0.28284
62 0.283168
62.1 0.283503
62.2 0.283807
62.3 0.284108
62.4 0.284444
62.5 0.284801
62.6 0.28516
62.7 0.285495
62.8 0.285798
62.9 0.28606
63 0.286308
63.1 0.286579
63.2 0.286841
63.3 0.287099
63.4 0.287379
63.5 0.287647
63.6 0.287942
63.7 0.288256
63.8 0.288543
63.9 0.288806
64 0.289085
64.1 0.289356
64.2 0.2896
64.3 0.289857
64.4 0.290111
64.5 0.290353
64.6 0.290563
64.7 0.290805
64.8 0.291006
64.9 0.2912
65 0.291404
65.1 0.291624
65.2 0.291818
65.3 0.292009
65.4 0.29221
65.5 0.292415
65.6 0.292628
65.7 0.292833
65.8 0.293059
65.9 0.293263
66 0.293477
66.1 0.293704
66.2 0.29394
66.3 0.294145
66.4 0.294341
66.5 0.29454
66.6 0.294724
66.7 0.294943
66.8 0.295136
66.9 0.295317
67 0.295494
67.1 0.295626
67.2 0.295736
67.3 0.295866
67.4 0.296024
67.5 0.296157
67.6 0.2963
67.7 0.29644
67.8 0.296549
67.9 0.296679
68 0.29682
68.1 0.296967
68.2 0.297089
68.3 0.297232
68.4 0.297369
68.5 0.2975
68.6 0.297636
68.7 0.297752
68.8 0.297883
68.9 0.297999
69 0.298107
69.1 0.298217
69.2 0.29832
69.3 0.298417
69.4 0.298508
69.5 0.298611
69.6 0.298719
69.7 0.298807
69.8 0.298864
69.9 0.298952
70 0.299059
70.1 0.299166
70.2 0.299281
70.3 0.299384
70.4 0.29944
70.5 0.299528
70.6 0.299636
70.7 0.299762
70.8 0.299872
70.9 0.300005
71 0.300095
71.1 0.300176
71.2 0.300225
71.3 0.300292
71.4 0.300394
71.5 0.30046
71.6 0.300515
71.7 0.300575
71.8 0.300668
71.9 0.300751
72 0.300831
72.1 0.300911
72.2 0.300975
72.3 0.301025
72.4 0.301062
72.5 0.301084
72.6 0.301114
72.7 0.301165
72.8 0.301196
72.9 0.301227
73 0.301225
73.1 0.301233
73.2 0.301252
73.3 0.301262
73.4 0.301265
73.5 0.301273
73.6 0.301269
73.7 0.301254
73.8 0.301257
73.9 0.301287
74 0.301307
74.1 0.301321
74.2 0.301331
74.3 0.301358
74.4 0.301406
74.5 0.301432
74.6 0.301483
74.7 0.301516
74.8 0.301551
74.9 0.301561
75 0.301568
75.1 0.301552
75.2 0.301545
75.3 0.301553
75.4 0.301565
75.5 0.301552
75.6 0.301563
75.7 0.301564
75.8 0.301563
75.9 0.301609
76 0.301632
76.1 0.301672
76.2 0.301709
76.3 0.301744
76.4 0.301764
76.5 0.301769
76.6 0.301746
76.7 0.301725
76.8 0.301734
76.9 0.301721
77 0.301736
77.1 0.301754
77.2 0.301788
77.3 0.301824
77.4 0.301827
77.5 0.301849
77.6 0.301851
77.7 0.301871
77.8 0.301876
77.9 0.301855
78 0.301852
78.1 0.30187
78.2 0.301867
78.3 0.301876
78.4 0.301888
78.5 0.301914
78.6 0.301946
78.7 0.301982
78.8 0.302019
78.9 0.302033
79 0.302013
79.1 0.301975
79.2 0.301961
79.3 0.301999
79.4 0.302022
79.5 0.302
79.6 0.301957
79.7 0.301922
79.8 0.3019
79.9 0.301892
80 0.301834
80.1 0.301799
80.2 0.301779
80.3 0.301792
80.4 0.301792
80.5 0.301776
80.6 0.301773
80.7 0.301759
80.8 0.301761
80.9 0.301705
81 0.301694
81.1 0.301729
81.2 0.301728
81.3 0.301745
81.4 0.301742
81.5 0.301749
81.6 0.301767
81.7 0.301779
81.8 0.301833
81.9 0.301865
82 0.30187
82.1 0.301898
82.2 0.30191
82.3 0.301969
82.4 0.301982
82.5 0.301974
82.6 0.302014
82.7 0.301989
82.8 0.301982
82.9 0.301938
83 0.301919
83.1 0.301896
83.2 0.301873
83.3 0.301901
83.4 0.301867
83.5 0.301842
83.6 0.301748
83.7 0.30169
83.8 0.301728
83.9 0.301713
84 0.301694
84.1 0.301662
84.2 0.30162
84.3 0.30163
84.4 0.301673
84.5 0.301649
84.6 0.301618
84.7 0.301576
84.8 0.301516
84.9 0.301498
85 0.301444
85.1 0.301462
85.2 0.301437
85.3 0.301402
85.4 0.301386
85.5 0.301372
85.6 0.30136
85.7 0.30135
85.8 0.30132
85.9 0.301328
86 0.30141
86.1 0.301438
86.2 0.30143
86.3 0.301484
86.4 0.30153
86.5 0.301554
86.6 0.301619
86.7 0.301628
86.8 0.301672
86.9 0.301731
87 0.301782
87.1 0.301769
87.2 0.301717
87.3 0.301678
87.4 0.30166
87.5 0.301656
87.6 0.301661
87.7 0.301743
87.8 0.301786
87.9 0.30186
88 0.301895
88.1 0.301906
88.2 0.301867
88.3 0.301882
88.4 0.301899
88.5 0.301916
88.6 0.301916
88.7 0.301895
88.8 0.301859
88.9 0.301842
89 0.301833
89.1 0.301822
89.2 0.301833
89.3 0.301816
89.4 0.301842
89.5 0.301848
89.6 0.301832
89.7 0.301795
89.8 0.301798
89.9 0.301797
90 0.301776
90.1 0.301771
90.2 0.301777
90.3 0.301777
90.4 0.30181
90.5 0.301846
90.6 0.301935
90.7 0.301917
90.8 0.30188
90.9 0.301855
91 0.301825
91.1 0.301847
91.2 0.301864
91.3 0.301868
91.4 0.301875
91.5 0.30185
91.6 0.301838
91.7 0.301844
91.8 0.301858
91.9 0.301917
92 0.301874
92.1 0.301829
92.2 0.301807
92.3 0.30177
92.4 0.301754
92.5 0.30175
92.6 0.301777
92.7 0.30177
92.8 0.301802
92.9 0.301828
93 0.301829
93.1 0.301756
93.2 0.301724
93.3 0.301712
93.4 0.301708
93.5 0.301712
93.6 0.301728
93.7 0.301698
93.8 0.301688
93.9 0.301677
94 0.301658
94.1 0.301616
94.2 0.301592
94.3 0.301583
94.4 0.301579
94.5 0.301554
94.6 0.301572
94.7 0.301568
94.8 0.301579
94.9 0.30163
95 0.301596
95.1 0.301593
95.2 0.301594
95.3 0.301613
95.4 0.301612
95.5 0.301605
95.6 0.301604
95.7 0.301589
95.8 0.301597
95.9 0.301608
96 0.301603
96.1 0.301596
96.2 0.301603
96.3 0.301641
96.4 0.301656
96.5 0.301664
96.6 0.301684
96.7 0.301716
96.8 0.30175
96.9 0.301751
97 0.301795
97.1 0.301826
97.2 0.301872
97.3 0.301894
97.4 0.301893
97.5 0.301919
97.6 0.301942
97.7 0.301948
97.8 0.301958
97.9 0.301906
98 0.301894
98.1 0.301872
98.2 0.301858
98.3 0.30185
98.4 0.301854
98.5 0.301868
98.6 0.301888
98.7 0.301899
98.8 0.301884
98.9 0.30189
99 0.301883
99.1 0.301885
99.2 0.30189
99.3 0.301884
99.4 0.301888
99.5 0.301894
99.6 0.301915
99.7 0.30194
99.8 0.30196
99.9 0.301965
100 0.434831
