33.5 2.70383
33.5015 2.63986
33.503 2.57617
33.5045 2.51277
33.506 2.44966
33.5075 2.38684
33.509 2.3243
33.5105 2.26205
33.512 2.20009
33.5135 2.13841
33.515 2.07701
33.5165 2.0159
33.518 1.95507
33.5195 1.89452
33.521 1.83425
33.5225 1.77426
33.524 1.71456
33.5255 1.65513
33.527 1.59598
33.5285 1.53711
33.53 1.47852
33.5315 1.4202
33.533 1.36216
33.5345 1.30439
33.536 1.2469
33.5375 1.18968
33.539 1.13274
33.5405 1.07607
33.542 1.01967
33.5435 0.963543
33.545 0.907687
33.5465 0.8521
33.548 0.796783
33.5495 0.741735
33.551 0.686956
33.5525 0.632443
33.554 0.578198
33.5555 0.524219
33.557 0.470506
33.5585 0.417057
33.56 0.363873
33.5615 0.310953
33.563 0.258295
33.5645 0.2059
33.566 0.153767
33.5675 0.101895
33.569 0.0502835
33.5705 -0.00106822
33.572 -0.0521607
33.5735 -0.102995
33.575 -0.153571
33.5765 -0.203889
33.578 -0.253951
33.5795 -0.303757
33.581 -0.353308
33.5825 -0.402603
33.584 -0.451645
33.5855 -0.500433
33.587 -0.548968
33.5885 -0.597251
33.59 -0.645282
33.5915 -0.693062
33.593 -0.740592
33.5945 -0.787873
33.596 -0.834904
33.5975 -0.881686
33.599 -0.928221
33.6006 -0.974508
33.6021 -1.02055
33.6036 -1.06634
33.6051 -1.11189
33.6066 -1.1572
33.6081 -1.20226
33.6096 -1.24708
33.6111 -1.29165
33.6126 -1.33598
33.6141 -1.38007
33.6156 -1.42392
33.6171 -1.46753
33.6186 -1.5109
33.6201 -1.55403
33.6216 -1.59692
33.6231 -1.63957
33.6246 -1.68199
33.6261 -1.72417
33.6276 -1.76611
33.6291 -1.80782
33.6306 -1.84929
33.6321 -1.89053
33.6336 -1.93154
33.6351 -1.97231
33.6366 -2.01285
33.6381 -2.05315
33.6396 -2.09323
33.6411 -2.13308
33.6426 -2.17269
33.6441 -2.21208
33.6456 -2.25124
33.6471 -2.29017
33.6486 -2.32887
33.6501 -2.36734
33.6516 -2.40559
33.6531 -2.44361
33.6546 -2.48141
33.6561 -2.51898
33.6576 -2.55633
33.6591 -2.59345
33.6606 -2.63036
33.6621 -2.66704
33.6636 -2.7035
33.6651 -2.73973
33.6666 -2.77575
33.6681 -2.81155
33.6696 -2.84713
33.6711 -2.88248
33.6726 -2.91763
33.6741 -2.95255
33.6756 -2.98726
33.6771 -3.02175
33.6786 -3.05602
33.6801 -3.09008
33.6816 -3.12393
33.6831 -3.15756
33.6846 -3.19098
33.6861 -3.22418
33.6876 -3.25718
33.6891 -3.28996
33.6906 -3.32253
33.6921 -3.35489
33.6936 -3.38704
33.6951 -3.41898
33.6966 -3.45071
33.6981 -3.48224
33.6996 -3.51355
33.7011 -3.54466
33.7026 -3.57557
33.7041 -3.60627
33.7056 -3.63676
33.7071 -3.66705
33.7086 -3.69713
33.7101 -3.72701
33.7116 -3.75669
33.7131 -3.78616
33.7146 -3.81544
33.7161 -3.84451
33.7176 -3.87338
33.7191 -3.90206
33.7206 -3.93053
33.7221 -3.9588
33.7236 -3.98688
33.7251 -4.01475
33.7266 -4.04244
33.7281 -4.06992
33.7296 -4.09721
33.7311 -4.1243
33.7326 -4.1512
33.7341 -4.1779
33.7356 -4.20441
33.7371 -4.23073
33.7386 -4.25685
33.7401 -4.28278
33.7416 -4.30852
33.7431 -4.33407
33.7446 -4.35943
33.7461 -4.3846
33.7476 -4.40958
33.7491 -4.43437
33.7506 -4.45897
33.7521 -4.48338
33.7536 -4.50761
33.7551 -4.53165
33.7566 -4.55551
33.7581 -4.57918
33.7596 -4.60266
33.7611 -4.62597
33.7626 -4.64908
33.7641 -4.67202
33.7656 -4.69477
33.7671 -4.71734
33.7686 -4.73973
33.7701 -4.76193
33.7716 -4.78396
33.7731 -4.80581
33.7746 -4.82747
33.7761 -4.84896
33.7776 -4.87027
33.7791 -4.8914
33.7806 -4.91236
33.7821 -4.93314
33.7836 -4.95374
33.7851 -4.97417
33.7866 -4.99442
33.7881 -5.0145
33.7896 -5.0344
33.7911 -5.05413
33.7926 -5.07369
33.7941 -5.09308
33.7956 -5.11229
33.7971 -5.13133
33.7986 -5.1502
33.8002 -5.16891
33.8017 -5.18744
33.8032 -5.2058
33.8047 -5.224
33.8062 -5.24202
33.8077 -5.25988
33.8092 -5.27757
33.8107 -5.2951
33.8122 -5.31246
33.8137 -5.32965
33.8152 -5.34668
33.8167 -5.36355
33.8182 -5.38025
33.8197 -5.39679
33.8212 -5.41316
33.8227 -5.42938
33.8242 -5.44543
33.8257 -5.46132
33.8272 -5.47705
33.8287 -5.49262
33.8302 -5.50803
33.8317 -5.52328
33.8332 -5.53838
33.8347 -5.55331
33.8362 -5.56809
33.8377 -5.58271
33.8392 -5.59717
33.8407 -5.61148
33.8422 -5.62563
33.8437 -5.63963
33.8452 -5.65347
33.8467 -5.66716
33.8482 -5.6807
33.8497 -5.69408
33.8512 -5.70731
33.8527 -5.72039
33.8542 -5.73332
33.8557 -5.7461
33.8572 -5.75873
33.8587 -5.7712
33.8602 -5.78353
33.8617 -5.79571
33.8632 -5.80774
33.8647 -5.81962
33.8662 -5.83136
33.8677 -5.84295
33.8692 -5.85439
33.8707 -5.86569
33.8722 -5.87684
33.8737 -5.88785
33.8752 -5.89871
33.8767 -5.90943
33.8782 -5.92001
33.8797 -5.93044
33.8812 -5.94073
33.8827 -5.95088
33.8842 -5.96089
33.8857 -5.97076
33.8872 -5.98048
33.8887 -5.99007
33.8902 -5.99952
33.8917 -6.00883
33.8932 -6.018
33.8947 -6.02704
33.8962 -6.03593
33.8977 -6.04469
33.8992 -6.05332
33.9007 -6.0618
33.9022 -6.07016
33.9037 -6.07837
33.9052 -6.08646
33.9067 -6.09441
33.9082 -6.10222
33.9097 -6.10991
33.9112 -6.11746
33.9127 -6.12488
33.9142 -6.13217
33.9157 -6.13932
33.9172 -6.14635
33.9187 -6.15325
33.9202 -6.16001
33.9217 -6.16665
33.9232 -6.17316
33.9247 -6.17954
33.9262 -6.1858
33.9277 -6.19192
33.9292 -6.19792
33.9307 -6.2038
33.9322 -6.20955
33.9337 -6.21517
33.9352 -6.22067
33.9367 -6.22604
33.9382 -6.2313
33.9397 -6.23642
33.9412 -6.24143
33.9427 -6.24631
33.9442 -6.25107
33.9457 -6.25571
33.9472 -6.26023
33.9487 -6.26463
33.9502 -6.26891
33.9517 -6.27307
33.9532 -6.27711
33.9547 -6.28103
33.9562 -6.28483
33.9577 -6.28852
33.9592 -6.29208
33.9607 -6.29554
33.9622 -6.29887
33.9637 -6.30209
33.9652 -6.3052
33.9667 -6.30818
33.9682 -6.31106
33.9697 -6.31382
33.9712 -6.31647
33.9727 -6.319
33.9742 -6.32143
33.9757 -6.32374
33.9772 -6.32594
33.9787 -6.32802
33.9802 -6.33
33.9817 -6.33187
33.9832 -6.33362
33.9847 -6.33527
33.9862 -6.33681
33.9877 -6.33824
33.9892 -6.33956
33.9907 -6.34077
33.9922 -6.34188
33.9937 -6.34288
33.9952 -6.34378
33.9967 -6.34457
33.9982 -6.34525
33.9997 -6.34583
34.0013 -6.3463
34.0028 -6.34667
34.0043 -6.34694
34.0058 -6.3471
34.0073 -6.34716
34.0088 -6.34712
34.0103 -6.34698
34.0118 -6.34673
34.0133 -6.34639
34.0148 -6.34594
34.0163 -6.3454
34.0178 -6.34475
34.0193 -6.34401
34.0208 -6.34317
34.0223 -6.34222
34.0238 -6.34119
34.0253 -6.34005
34.0268 -6.33882
34.0283 -6.33749
34.0298 -6.33606
34.0313 -6.33454
34.0328 -6.33292
34.0343 -6.33121
34.0358 -6.32941
34.0373 -6.32751
34.0388 -6.32551
34.0403 -6.32343
34.0418 -6.32125
34.0433 -6.31898
34.0448 -6.31661
34.0463 -6.31416
34.0478 -6.31161
34.0493 -6.30898
34.0508 -6.30625
34.0523 -6.30344
34.0538 -6.30053
34.0553 -6.29754
34.0568 -6.29446
34.0583 -6.29129
34.0598 -6.28803
34.0613 -6.28469
34.0628 -6.28126
34.0643 -6.27774
34.0658 -6.27414
34.0673 -6.27045
34.0688 -6.26668
34.0703 -6.26282
34.0718 -6.25887
34.0733 -6.25485
34.0748 -6.25074
34.0763 -6.24655
34.0778 -6.24227
34.0793 -6.23791
34.0808 -6.23348
34.0823 -6.22896
34.0838 -6.22435
34.0853 -6.21967
34.0868 -6.21491
34.0883 -6.21007
34.0898 -6.20515
34.0913 -6.20015
34.0928 -6.19507
34.0943 -6.18991
34.0958 -6.18468
34.0973 -6.17937
34.0988 -6.17398
34.1003 -6.16852
34.1018 -6.16298
34.1033 -6.15736
34.1048 -6.15167
34.1063 -6.1459
34.1078 -6.14006
34.1093 -6.13415
34.1108 -6.12816
34.1123 -6.1221
34.1138 -6.11596
34.1153 -6.10976
34.1168 -6.10348
34.1183 -6.09713
34.1198 -6.09071
34.1213 -6.08421
34.1228 -6.07765
34.1243 -6.07102
34.1258 -6.06431
34.1273 -6.05754
34.1288 -6.0507
34.1303 -6.04379
34.1318 -6.03681
34.1333 -6.02977
34.1348 -6.02265
34.1363 -6.01547
34.1378 -6.00822
34.1393 -6.00091
34.1408 -5.99353
34.1423 -5.98609
34.1438 -5.97858
34.1453 -5.971
34.1468 -5.96337
34.1483 -5.95566
34.1498 -5.9479
34.1513 -5.94007
34.1528 -5.93217
34.1543 -5.92422
34.1558 -5.9162
34.1573 -5.90813
34.1588 -5.89999
34.1603 -5.89179
34.1618 -5.88352
34.1633 -5.8752
34.1648 -5.86682
34.1663 -5.85838
34.1678 -5.84988
34.1693 -5.84132
34.1708 -5.83271
34.1723 -5.82403
34.1738 -5.8153
34.1753 -5.80651
34.1768 -5.79766
34.1783 -5.78876
34.1798 -5.7798
34.1813 -5.77079
34.1828 -5.76172
34.1843 -5.75259
34.1858 -5.74341
34.1873 -5.73418
34.1888 -5.72489
34.1903 -5.71555
34.1918 -5.70616
34.1933 -5.69671
34.1948 -5.68721
34.1963 -5.67766
34.1978 -5.66805
34.1993 -5.6584
34.2009 -5.64869
34.2024 -5.63894
34.2039 -5.62913
34.2054 -5.61927
34.2069 -5.60936
34.2084 -5.59941
34.2099 -5.5894
34.2114 -5.57935
34.2129 -5.56925
34.2144 -5.5591
34.2159 -5.5489
34.2174 -5.53866
34.2189 -5.52837
34.2204 -5.51803
34.2219 -5.50764
34.2234 -5.49721
34.2249 -5.48674
34.2264 -5.47622
34.2279 -5.46566
34.2294 -5.45505
34.2309 -5.44439
34.2324 -5.4337
34.2339 -5.42296
34.2354 -5.41217
34.2369 -5.40135
34.2384 -5.39048
34.2399 -5.37957
34.2414 -5.36862
34.2429 -5.35762
34.2444 -5.34659
34.2459 -5.33551
34.2474 -5.3244
34.2489 -5.31324
34.2504 -5.30205
34.2519 -5.29081
34.2534 -5.27954
34.2549 -5.26823
34.2564 -5.25688
34.2579 -5.24549
34.2594 -5.23406
34.2609 -5.2226
34.2624 -5.2111
34.2639 -5.19956
34.2654 -5.18799
34.2669 -5.17638
34.2684 -5.16474
34.2699 -5.15306
34.2714 -5.14134
34.2729 -5.12959
34.2744 -5.11781
34.2759 -5.10599
34.2774 -5.09414
34.2789 -5.08225
34.2804 -5.07034
34.2819 -5.05838
34.2834 -5.0464
34.2849 -5.03438
34.2864 -5.02234
34.2879 -5.01026
34.2894 -4.99815
34.2909 -4.98601
34.2924 -4.97384
34.2939 -4.96163
34.2954 -4.9494
34.2969 -4.93714
34.2984 -4.92485
34.2999 -4.91253
34.3014 -4.90018
34.3029 -4.88781
34.3044 -4.8754
34.3059 -4.86297
34.3074 -4.85051
34.3089 -4.83802
34.3104 -4.82551
34.3119 -4.81297
34.3134 -4.8004
34.3149 -4.78781
34.3164 -4.77519
34.3179 -4.76255
34.3194 -4.74988
34.3209 -4.73719
34.3224 -4.72447
34.3239 -4.71173
34.3254 -4.69897
34.3269 -4.68618
34.3284 -4.67337
34.3299 -4.66054
34.3314 -4.64768
34.3329 -4.6348
34.3344 -4.6219
34.3359 -4.60898
34.3374 -4.59603
34.3389 -4.58307
34.3404 -4.57008
34.3419 -4.55708
34.3434 -4.54405
34.3449 -4.531
34.3464 -4.51794
34.3479 -4.50485
34.3494 -4.49175
34.3509 -4.47863
34.3524 -4.46549
34.3539 -4.45233
34.3554 -4.43915
34.3569 -4.42595
34.3584 -4.41274
34.3599 -4.39951
34.3614 -4.38627
34.3629 -4.37301
34.3644 -4.35973
34.3659 -4.34643
34.3674 -4.33312
34.3689 -4.3198
34.3704 -4.30646
34.3719 -4.2931
34.3734 -4.27973
34.3749 -4.26635
34.3764 -4.25295
34.3779 -4.23954
34.3794 -4.22612
34.3809 -4.21268
34.3824 -4.19923
34.3839 -4.18577
34.3854 -4.17229
34.3869 -4.15881
34.3884 -4.14531
34.3899 -4.1318
34.3914 -4.11828
34.3929 -4.10475
34.3944 -4.0912
34.3959 -4.07765
34.3974 -4.06409
34.3989 -4.05052
34.4005 -4.03694
34.402 -4.02334
34.4035 -4.00974
34.405 -3.99613
34.4065 -3.98252
34.408 -3.96889
34.4095 -3.95526
34.411 -3.94162
34.4125 -3.92797
34.414 -3.91431
34.4155 -3.90065
34.417 -3.88698
34.4185 -3.8733
34.42 -3.85962
34.4215 -3.84594
34.423 -3.83224
34.4245 -3.81854
34.426 -3.80484
34.4275 -3.79113
34.429 -3.77742
34.4305 -3.7637
34.432 -3.74998
34.4335 -3.73626
34.435 -3.72253
34.4365 -3.7088
34.438 -3.69506
34.4395 -3.68132
34.441 -3.66758
34.4425 -3.65384
34.444 -3.6401
34.4455 -3.62635
34.447 -3.6126
34.4485 -3.59885
34.45 -3.5851
34.4515 -3.57135
34.453 -3.5576
34.4545 -3.54385
34.456 -3.5301
34.4575 -3.51635
34.459 -3.5026
34.4605 -3.48884
34.462 -3.4751
34.4635 -3.46135
34.465 -3.4476
34.4665 -3.43385
34.468 -3.42011
34.4695 -3.40637
34.471 -3.39263
34.4725 -3.37889
34.474 -3.36516
34.4755 -3.35143
34.477 -3.3377
34.4785 -3.32398
34.48 -3.31026
34.4815 -3.29654
34.483 -3.28283
34.4845 -3.26912
34.486 -3.25542
34.4875 -3.24172
34.489 -3.22803
34.4905 -3.21434
34.492 -3.20066
34.4935 -3.18698
34.495 -3.17331
34.4965 -3.15965
34.498 -3.14599
34.4995 -3.13234
34.501 -3.11869
34.5025 -3.10506
34.504 -3.09143
34.5055 -3.07781
34.507 -3.06419
34.5085 -3.05059
34.51 -3.03699
34.5115 -3.0234
34.513 -3.00982
34.5145 -2.99625
34.516 -2.98268
34.5175 -2.96913
34.519 -2.95559
34.5205 -2.94205
34.522 -2.92853
34.5235 -2.91502
34.525 -2.90151
34.5265 -2.88802
34.528 -2.87454
34.5295 -2.86107
34.531 -2.84761
34.5325 -2.83416
34.534 -2.82072
34.5355 -2.8073
34.537 -2.79389
34.5385 -2.78049
34.54 -2.7671
34.5415 -2.75372
34.543 -2.74036
34.5445 -2.72701
34.546 -2.71368
34.5475 -2.70035
34.549 -2.68705
34.5505 -2.67375
34.552 -2.66047
34.5535 -2.64721
34.555 -2.63395
34.5565 -2.62072
34.558 -2.60749
34.5595 -2.59429
34.561 -2.5811
34.5625 -2.56792
34.564 -2.55476
34.5655 -2.54162
34.567 -2.52849
34.5685 -2.51538
34.57 -2.50228
34.5715 -2.4892
34.573 -2.47614
34.5745 -2.46309
34.576 -2.45007
34.5775 -2.43706
34.579 -2.42406
34.5805 -2.41109
34.582 -2.39813
34.5835 -2.38519
34.585 -2.37227
34.5865 -2.35937
34.588 -2.34649
34.5895 -2.33362
34.591 -2.32078
34.5925 -2.30795
34.594 -2.29515
34.5955 -2.28236
34.597 -2.26959
34.5985 -2.25685
34.6001 -2.24412
34.6016 -2.23141
34.6031 -2.21873
34.6046 -2.20606
34.6061 -2.19342
34.6076 -2.1808
34.6091 -2.16819
34.6106 -2.15561
34.6121 -2.14306
34.6136 -2.13052
34.6151 -2.118
34.6166 -2.10551
34.6181 -2.09304
34.6196 -2.08059
34.6211 -2.06817
34.6226 -2.05576
34.6241 -2.04338
34.6256 -2.03103
34.6271 -2.01869
34.6286 -2.00638
34.6301 -1.9941
34.6316 -1.98184
34.6331 -1.9696
34.6346 -1.95738
34.6361 -1.94519
34.6376 -1.93303
34.6391 -1.92089
34.6406 -1.90877
34.6421 -1.89668
34.6436 -1.88461
34.6451 -1.87257
34.6466 -1.86056
34.6481 -1.84857
34.6496 -1.8366
34.6511 -1.82466
34.6526 -1.81275
34.6541 -1.80086
34.6556 -1.789
34.6571 -1.77717
34.6586 -1.76536
34.6601 -1.75358
34.6616 -1.74183
34.6631 -1.73011
34.6646 -1.71841
34.6661 -1.70674
34.6676 -1.69509
34.6691 -1.68348
34.6706 -1.67189
34.6721 -1.66033
34.6736 -1.6488
34.6751 -1.63729
34.6766 -1.62582
34.6781 -1.61437
34.6796 -1.60295
34.6811 -1.59157
34.6826 -1.58021
34.6841 -1.56887
34.6856 -1.55757
34.6871 -1.5463
34.6886 -1.53506
34.6901 -1.52385
34.6916 -1.51266
34.6931 -1.50151
34.6946 -1.49039
34.6961 -1.47929
34.6976 -1.46823
34.6991 -1.4572
34.7006 -1.4462
34.7021 -1.43523
34.7036 -1.42429
34.7051 -1.41338
34.7066 -1.40251
34.7081 -1.39166
34.7096 -1.38085
34.7111 -1.37006
34.7126 -1.35931
34.7141 -1.34859
34.7156 -1.33791
34.7171 -1.32725
34.7186 -1.31663
34.7201 -1.30604
34.7216 -1.29548
34.7231 -1.28496
34.7246 -1.27446
34.7261 -1.264
34.7276 -1.25358
34.7291 -1.24318
34.7306 -1.23282
34.7321 -1.2225
34.7336 -1.2122
34.7351 -1.20194
34.7366 -1.19172
34.7381 -1.18153
34.7396 -1.17137
34.7411 -1.16124
34.7426 -1.15115
34.7441 -1.1411
34.7456 -1.13107
34.7471 -1.12109
34.7486 -1.11114
34.7501 -1.10122
34.7516 -1.09133
34.7531 -1.08149
34.7546 -1.07167
34.7561 -1.0619
34.7576 -1.05215
34.7591 -1.04245
34.7606 -1.03278
34.7621 -1.02314
34.7636 -1.01354
34.7651 -1.00397
34.7666 -0.994446
34.7681 -0.984954
34.7696 -0.975497
34.7711 -0.966077
34.7726 -0.956693
34.7741 -0.947346
34.7756 -0.938035
34.7771 -0.928761
34.7786 -0.919524
34.7801 -0.910323
34.7816 -0.90116
34.7831 -0.892033
34.7846 -0.882943
34.7861 -0.873891
34.7876 -0.864876
34.7891 -0.855899
34.7906 -0.846959
34.7921 -0.838056
34.7936 -0.829192
34.7951 -0.820365
34.7966 -0.811576
34.7981 -0.802825
34.7996 -0.794112
34.8012 -0.785437
34.8027 -0.7768
34.8042 -0.768202
34.8057 -0.759642
34.8072 -0.751121
34.8087 -0.742638
34.8102 -0.734194
34.8117 -0.725789
34.8132 -0.717422
34.8147 -0.709095
34.8162 -0.700806
34.8177 -0.692557
34.8192 -0.684346
34.8207 -0.676175
34.8222 -0.668044
34.8237 -0.659951
34.8252 -0.651899
34.8267 -0.643885
34.8282 -0.635912
34.8297 -0.627978
34.8312 -0.620084
34.8327 -0.61223
34.8342 -0.604416
34.8357 -0.596642
34.8372 -0.588908
34.8387 -0.581214
34.8402 -0.57356
34.8417 -0.565947
34.8432 -0.558374
34.8447 -0.550841
34.8462 -0.543349
34.8477 -0.535898
34.8492 -0.528487
34.8507 -0.521118
34.8522 -0.513788
34.8537 -0.5065
34.8552 -0.499253
34.8567 -0.492047
34.8582 -0.484881
34.8597 -0.477757
34.8612 -0.470674
34.8627 -0.463632
34.8642 -0.456632
34.8657 -0.449673
34.8672 -0.442755
34.8687 -0.435879
34.8702 -0.429045
34.8717 -0.422252
34.8732 -0.415501
34.8747 -0.408791
34.8762 -0.402123
34.8777 -0.395497
34.8792 -0.388913
34.8807 -0.382371
34.8822 -0.375871
34.8837 -0.369413
34.8852 -0.362997
34.8867 -0.356623
34.8882 -0.350292
34.8897 -0.344002
34.8912 -0.337755
34.8927 -0.331551
34.8942 -0.325388
34.8957 -0.319269
34.8972 -0.313191
34.8987 -0.307156
34.9002 -0.301164
34.9017 -0.295215
34.9032 -0.289308
34.9047 -0.283444
34.9062 -0.277622
34.9077 -0.271844
34.9092 -0.266108
34.9107 -0.260415
34.9122 -0.254765
34.9137 -0.249158
34.9152 -0.243594
34.9167 -0.238073
34.9182 -0.232595
34.9197 -0.227161
34.9212 -0.221769
34.9227 -0.216421
34.9242 -0.211115
34.9257 -0.205854
34.9272 -0.200635
34.9287 -0.19546
34.9302 -0.190328
34.9317 -0.185239
34.9332 -0.180194
34.9347 -0.175192
34.9362 -0.170234
34.9377 -0.165319
34.9392 -0.160448
34.9407 -0.155621
34.9422 -0.150837
34.9437 -0.146096
34.9452 -0.1414
34.9467 -0.136747
34.9482 -0.132137
34.9497 -0.127571
34.9512 -0.123049
34.9527 -0.118571
34.9542 -0.114137
34.9557 -0.109746
34.9572 -0.105399
34.9587 -0.101097
34.9602 -0.0968375
34.9617 -0.0926222
34.9632 -0.0884509
34.9647 -0.0843235
34.9662 -0.08024
34.9677 -0.0762005
34.9692 -0.0722049
34.9707 -0.0682533
34.9722 -0.0643456
34.9737 -0.060482
34.9752 -0.0566624
34.9767 -0.0528868
34.9782 -0.0491552
34.9797 -0.0454676
34.9812 -0.0418241
34.9827 -0.0382247
34.9842 -0.0346694
34.9857 -0.0311581
34.9872 -0.0276909
34.9887 -0.0242677
34.9902 -0.0208887
34.9917 -0.0175538
34.9932 -0.0142629
34.9947 -0.0110162
34.9962 -0.00781358
34.9977 -0.00465506
34.9992 -0.00154066
35.0008 0.00152963
35.0023 0.00455582
35.0038 0.00753789
35.0053 0.0104759
35.0068 0.0133697
35.0083 0.0162195
35.0098 0.0190251
35.0113 0.0217867
35.0128 0.0245041
35.0143 0.0271775
35.0158 0.0298068
35.0173 0.032392
35.0188 0.0349332
35.0203 0.0374303
35.0218 0.0398833
35.0233 0.0422923
35.0248 0.0446573
35.0263 0.0469783
35.0278 0.0492552
35.0293 0.0514882
35.0308 0.0536771
35.0323 0.0558221
35.0338 0.0579232
35.0353 0.0599803
35.0368 0.0619935
35.0383 0.0639627
35.0398 0.0658881
35.0413 0.0677696
35.0428 0.0696072
35.0443 0.071401
35.0458 0.073151
35.0473 0.0748572
35.0488 0.0765196
35.0503 0.0781382
35.0518 0.0797131
35.0533 0.0812443
35.0548 0.0827318
35.0563 0.0841757
35.0578 0.0855759
35.0593 0.0869324
35.0608 0.0882454
35.0623 0.0895149
35.0638 0.0907408
35.0653 0.0919231
35.0668 0.0930621
35.0683 0.0941575
35.0698 0.0952096
35.0713 0.0962182
35.0728 0.0971835
35.0743 0.0981055
35.0758 0.0989842
35.0773 0.0998196
35.0788 0.100612
35.0803 0.101361
35.0818 0.102067
35.0833 0.102729
35.0848 0.103349
35.0863 0.103926
35.0878 0.104459
35.0893 0.10495
35.0908 0.105398
35.0923 0.105802
35.0938 0.106164
35.0953 0.106484
35.0968 0.10676
35.0983 0.106994
35.0998 0.107185
35.1013 0.107333
35.1028 0.107439
35.1043 0.107502
35.1058 0.107523
35.1073 0.107501
35.1088 0.107437
35.1103 0.107331
35.1118 0.107182
35.1133 0.106991
35.1148 0.106758
35.1163 0.106482
35.1178 0.106165
35.1193 0.105805
35.1208 0.105404
35.1223 0.104961
35.1238 0.104475
35.1253 0.103948
35.1268 0.103379
35.1283 0.102768
35.1298 0.102116
35.1313 0.101422
35.1328 0.100687
35.1343 0.0999095
35.1358 0.0990911
35.1373 0.0982313
35.1388 0.0973301
35.1403 0.0963878
35.1418 0.0954042
35.1433 0.0943795
35.1448 0.0933138
35.1463 0.092207
35.1478 0.0910594
35.1493 0.0898708
35.1508 0.0886415
35.1523 0.0873714
35.1538 0.0860607
35.1553 0.0847093
35.1568 0.0833175
35.1583 0.0818851
35.1598 0.0804124
35.1613 0.0788994
35.1628 0.0773461
35.1643 0.0757526
35.1658 0.0741191
35.1673 0.0724455
35.1688 0.0707319
35.1703 0.0689785
35.1718 0.0671853
35.1733 0.0653523
35.1748 0.0634797
35.1763 0.0615675
35.1778 0.0596159
35.1793 0.0576248
35.1808 0.0555944
35.1823 0.0535247
35.1838 0.0514158
35.1853 0.0492679
35.1868 0.0470809
35.1883 0.044855
35.1898 0.0425903
35.1913 0.0402868
35.1928 0.0379446
35.1943 0.0355638
35.1958 0.0331446
35.1973 0.0306869
35.1988 0.0281909
35.2004 0.0256566
35.2019 0.0230842
35.2034 0.0204738
35.2049 0.0178253
35.2064 0.015139
35.2079 0.0124149
35.2094 0.00965309
35.2109 0.00685367
35.2124 0.00401675
35.2139 0.00114241
35.2154 -0.00176925
35.2169 -0.00471814
35.2184 -0.00770415
35.2199 -0.0107272
35.2214 -0.0137872
35.2229 -0.016884
35.2244 -0.0200176
35.2259 -0.0231878
35.2274 -0.0263945
35.2289 -0.0296377
35.2304 -0.0329172
35.2319 -0.0362329
35.2334 -0.0395848
35.2349 -0.0429727
35.2364 -0.0463965
35.2379 -0.0498561
35.2394 -0.0533515
35.2409 -0.0568824
35.2424 -0.0604489
35.2439 -0.0640507
35.2454 -0.0676879
35.2469 -0.0713602
35.2484 -0.0750675
35.2499 -0.0788098
35.2514 -0.082587
35.2529 -0.0863989
35.2544 -0.0902454
35.2559 -0.0941264
35.2574 -0.0980418
35.2589 -0.101991
35.2604 -0.105975
35.2619 -0.109993
35.2634 -0.114045
35.2649 -0.118131
35.2664 -0.12225
35.2679 -0.126403
35.2694 -0.130589
35.2709 -0.134809
35.2724 -0.139062
35.2739 -0.143348
35.2754 -0.147667
35.2769 -0.152019
35.2784 -0.156403
35.2799 -0.16082
35.2814 -0.16527
35.2829 -0.169752
35.2844 -0.174266
35.2859 -0.178813
35.2874 -0.183391
35.2889 -0.188001
35.2904 -0.192643
35.2919 -0.197317
35.2934 -0.202022
35.2949 -0.206758
35.2964 -0.211525
35.2979 -0.216324
35.2994 -0.221153
35.3009 -0.226014
35.3024 -0.230905
35.3039 -0.235826
35.3054 -0.240778
35.3069 -0.24576
35.3084 -0.250773
35.3099 -0.255815
35.3114 -0.260887
35.3129 -0.265989
35.3144 -0.27112
35.3159 -0.276281
35.3174 -0.281471
35.3189 -0.286691
35.3204 -0.291939
35.3219 -0.297216
35.3234 -0.302522
35.3249 -0.307857
35.3264 -0.31322
35.3279 -0.318611
35.3294 -0.32403
35.3309 -0.329478
35.3324 -0.334953
35.3339 -0.340456
35.3354 -0.345986
35.3369 -0.351544
35.3384 -0.35713
35.3399 -0.362742
35.3414 -0.368381
35.3429 -0.374047
35.3444 -0.37974
35.3459 -0.385459
35.3474 -0.391205
35.3489 -0.396976
35.3504 -0.402774
35.3519 -0.408598
35.3534 -0.414447
35.3549 -0.420322
35.3564 -0.426223
35.3579 -0.432148
35.3594 -0.438099
35.3609 -0.444075
35.3624 -0.450075
35.3639 -0.4561
35.3654 -0.46215
35.3669 -0.468224
35.3684 -0.474321
35.3699 -0.480443
35.3714 -0.486589
35.3729 -0.492758
35.3744 -0.498951
35.3759 -0.505167
35.3774 -0.511406
35.3789 -0.517668
35.3804 -0.523953
35.3819 -0.530261
35.3834 -0.536591
35.3849 -0.542943
35.3864 -0.549318
35.3879 -0.555714
35.3894 -0.562132
35.3909 -0.568572
35.3924 -0.575033
35.3939 -0.581516
35.3954 -0.588019
35.3969 -0.594543
35.3984 -0.601088
35.3999 -0.607654
35.4015 -0.61424
35.403 -0.620846
35.4045 -0.627473
35.406 -0.634119
35.4075 -0.640784
35.409 -0.647469
35.4105 -0.654174
35.412 -0.660897
35.4135 -0.66764
35.415 -0.674401
35.4165 -0.681181
35.418 -0.687979
35.4195 -0.694795
35.421 -0.701629
35.4225 -0.708481
35.424 -0.715351
35.4255 -0.722238
35.427 -0.729142
35.4285 -0.736064
35.43 -0.743002
35.4315 -0.749957
35.433 -0.756928
35.4345 -0.763916
35.436 -0.77092
35.4375 -0.77794
35.439 -0.784975
35.4405 -0.792026
35.442 -0.799092
35.4435 -0.806173
35.445 -0.81327
35.4465 -0.82038
35.448 -0.827506
35.4495 -0.834646
35.451 -0.8418
35.4525 -0.848967
35.454 -0.856149
35.4555 -0.863344
35.457 -0.870552
35.4585 -0.877774
35.46 -0.885008
35.4615 -0.892255
35.463 -0.899515
35.4645 -0.906787
35.466 -0.914071
35.4675 -0.921367
35.469 -0.928674
35.4705 -0.935993
35.472 -0.943323
35.4735 -0.950664
35.475 -0.958017
35.4765 -0.965379
35.478 -0.972752
35.4795 -0.980136
35.481 -0.987529
35.4825 -0.994932
35.484 -1.00234
35.4855 -1.00977
35.487 -1.0172
35.4885 -1.02464
35.49 -1.03209
35.4915 -1.03954
35.493 -1.04701
35.4945 -1.05448
35.496 -1.06196
35.4975 -1.06945
35.499 -1.07695
35.5005 -1.08445
35.502 -1.09196
35.5035 -1.09948
35.505 -1.107
35.5065 -1.11453
35.508 -1.12207
35.5095 -1.12961
35.511 -1.13716
35.5125 -1.14471
35.514 -1.15227
35.5155 -1.15983
35.517 -1.1674
35.5185 -1.17497
35.52 -1.18254
35.5215 -1.19012
35.523 -1.19771
35.5245 -1.20529
35.526 -1.21288
35.5275 -1.22048
35.529 -1.22807
35.5305 -1.23567
35.532 -1.24327
35.5335 -1.25088
35.535 -1.25848
35.5365 -1.26609
35.538 -1.27369
35.5395 -1.2813
35.541 -1.28891
35.5425 -1.29652
35.544 -1.30414
35.5455 -1.31175
35.547 -1.31936
35.5485 -1.32697
35.55 -1.33458
35.5515 -1.34219
35.553 -1.3498
35.5545 -1.3574
35.556 -1.36501
35.5575 -1.37261
35.559 -1.38022
35.5605 -1.38781
35.562 -1.39541
35.5635 -1.40301
35.565 -1.4106
35.5665 -1.41818
35.568 -1.42577
35.5695 -1.43335
35.571 -1.44093
35.5725 -1.4485
35.574 -1.45607
35.5755 -1.46363
35.577 -1.47119
35.5785 -1.47874
35.58 -1.48629
35.5815 -1.49383
35.583 -1.50136
35.5845 -1.50889
35.586 -1.51641
35.5875 -1.52393
35.589 -1.53144
35.5905 -1.53894
35.592 -1.54643
35.5935 -1.55391
35.595 -1.56139
35.5965 -1.56886
35.598 -1.57632
35.5995 -1.58377
35.6011 -1.59121
35.6026 -1.59864
35.6041 -1.60607
35.6056 -1.61348
35.6071 -1.62088
35.6086 -1.62827
35.6101 -1.63565
35.6116 -1.64302
35.6131 -1.65038
35.6146 -1.65772
35.6161 -1.66506
35.6176 -1.67238
35.6191 -1.67969
35.6206 -1.68699
35.6221 -1.69427
35.6236 -1.70154
35.6251 -1.7088
35.6266 -1.71604
35.6281 -1.72327
35.6296 -1.73048
35.6311 -1.73768
35.6326 -1.74487
35.6341 -1.75204
35.6356 -1.75919
35.6371 -1.76633
35.6386 -1.77345
35.6401 -1.78055
35.6416 -1.78764
35.6431 -1.79471
35.6446 -1.80177
35.6461 -1.8088
35.6476 -1.81582
35.6491 -1.82282
35.6506 -1.82981
35.6521 -1.83677
35.6536 -1.84371
35.6551 -1.85064
35.6566 -1.85754
35.6581 -1.86443
35.6596 -1.87129
35.6611 -1.87814
35.6626 -1.88496
35.6641 -1.89177
35.6656 -1.89855
35.6671 -1.90531
35.6686 -1.91205
35.6701 -1.91876
35.6716 -1.92546
35.6731 -1.93213
35.6746 -1.93877
35.6761 -1.9454
35.6776 -1.952
35.6791 -1.95858
35.6806 -1.96513
35.6821 -1.97165
35.6836 -1.97816
35.6851 -1.98463
35.6866 -1.99109
35.6881 -1.99751
35.6896 -2.00391
35.6911 -2.01028
35.6926 -2.01663
35.6941 -2.02295
35.6956 -2.02924
35.6971 -2.0355
35.6986 -2.04174
35.7001 -2.04795
35.7016 -2.05413
35.7031 -2.06028
35.7046 -2.0664
35.7061 -2.07249
35.7076 -2.07855
35.7091 -2.08458
35.7106 -2.09058
35.7121 -2.09655
35.7136 -2.10249
35.7151 -2.1084
35.7166 -2.11427
35.7181 -2.12011
35.7196 -2.12592
35.7211 -2.1317
35.7226 -2.13745
35.7241 -2.14316
35.7256 -2.14884
35.7271 -2.15448
35.7286 -2.16009
35.7301 -2.16566
35.7316 -2.1712
35.7331 -2.17671
35.7346 -2.18217
35.7361 -2.18761
35.7376 -2.193
35.7391 -2.19836
35.7406 -2.20369
35.7421 -2.20897
35.7436 -2.21422
35.7451 -2.21943
35.7466 -2.2246
35.7481 -2.22973
35.7496 -2.23482
35.7511 -2.23988
35.7526 -2.24489
35.7541 -2.24987
35.7556 -2.2548
35.7571 -2.2597
35.7586 -2.26455
35.7601 -2.26936
35.7616 -2.27413
35.7631 -2.27886
35.7646 -2.28354
35.7661 -2.28819
35.7676 -2.29279
35.7691 -2.29734
35.7706 -2.30185
35.7721 -2.30632
35.7736 -2.31075
35.7751 -2.31513
35.7766 -2.31946
35.7781 -2.32375
35.7796 -2.32799
35.7811 -2.33219
35.7826 -2.33634
35.7841 -2.34044
35.7856 -2.3445
35.7871 -2.34851
35.7886 -2.35247
35.7901 -2.35638
35.7916 -2.36025
35.7931 -2.36406
35.7946 -2.36783
35.7961 -2.37155
35.7976 -2.37521
35.7991 -2.37883
35.8007 -2.3824
35.8022 -2.38591
35.8037 -2.38937
35.8052 -2.39279
35.8067 -2.39614
35.8082 -2.39945
35.8097 -2.40271
35.8112 -2.40591
35.8127 -2.40905
35.8142 -2.41215
35.8157 -2.41519
35.8172 -2.41817
35.8187 -2.4211
35.8202 -2.42397
35.8217 -2.42679
35.8232 -2.42955
35.8247 -2.43226
35.8262 -2.43491
35.8277 -2.4375
35.8292 -2.44003
35.8307 -2.44251
35.8322 -2.44493
35.8337 -2.44729
35.8352 -2.44959
35.8367 -2.45183
35.8382 -2.45401
35.8397 -2.45613
35.8412 -2.45819
35.8427 -2.46019
35.8442 -2.46212
35.8457 -2.464
35.8472 -2.46581
35.8487 -2.46757
35.8502 -2.46925
35.8517 -2.47088
35.8532 -2.47244
35.8547 -2.47394
35.8562 -2.47537
35.8577 -2.47674
35.8592 -2.47805
35.8607 -2.47928
35.8622 -2.48046
35.8637 -2.48156
35.8652 -2.4826
35.8667 -2.48358
35.8682 -2.48448
35.8697 -2.48532
35.8712 -2.48609
35.8727 -2.48679
35.8742 -2.48742
35.8757 -2.48798
35.8772 -2.48848
35.8787 -2.4889
35.8802 -2.48925
35.8817 -2.48953
35.8832 -2.48974
35.8847 -2.48988
35.8862 -2.48995
35.8877 -2.48994
35.8892 -2.48986
35.8907 -2.48971
35.8922 -2.48948
35.8937 -2.48918
35.8952 -2.48881
35.8967 -2.48836
35.8982 -2.48784
35.8997 -2.48724
35.9012 -2.48656
35.9027 -2.48581
35.9042 -2.48498
35.9057 -2.48407
35.9072 -2.48309
35.9087 -2.48202
35.9102 -2.48088
35.9117 -2.47966
35.9132 -2.47836
35.9147 -2.47698
35.9162 -2.47553
35.9177 -2.47399
35.9192 -2.47237
35.9207 -2.47066
35.9222 -2.46888
35.9237 -2.46702
35.9252 -2.46507
35.9267 -2.46304
35.9282 -2.46092
35.9297 -2.45872
35.9312 -2.45644
35.9327 -2.45407
35.9342 -2.45162
35.9357 -2.44908
35.9372 -2.44646
35.9387 -2.44375
35.9402 -2.44096
35.9417 -2.43807
35.9432 -2.4351
35.9447 -2.43204
35.9462 -2.42889
35.9477 -2.42566
35.9492 -2.42233
35.9507 -2.41892
35.9522 -2.41541
35.9537 -2.41182
35.9552 -2.40813
35.9567 -2.40435
35.9582 -2.40048
35.9597 -2.39652
35.9612 -2.39247
35.9627 -2.38832
35.9642 -2.38408
35.9657 -2.37974
35.9672 -2.37531
35.9687 -2.37079
35.9702 -2.36617
35.9717 -2.36146
35.9732 -2.35665
35.9747 -2.35174
35.9762 -2.34673
35.9777 -2.34163
35.9792 -2.33643
35.9807 -2.33114
35.9822 -2.32574
35.9837 -2.32024
35.9852 -2.31465
35.9867 -2.30895
35.9882 -2.30316
35.9897 -2.29726
35.9912 -2.29126
35.9927 -2.28516
35.9942 -2.27896
35.9957 -2.27266
35.9972 -2.26625
35.9987 -2.25974
36.0003 -2.25313
36.0018 -2.24641
36.0033 -2.23958
36.0048 -2.23265
36.0063 -2.22562
36.0078 -2.21848
36.0093 -2.21123
36.0108 -2.20387
36.0123 -2.19641
36.0138 -2.18884
36.0153 -2.18116
36.0168 -2.17337
36.0183 -2.16548
36.0198 -2.15747
36.0213 -2.14935
36.0228 -2.14113
36.0243 -2.13279
36.0258 -2.12434
36.0273 -2.11577
36.0288 -2.1071
36.0303 -2.09831
36.0318 -2.08941
36.0333 -2.08039
36.0348 -2.07126
36.0363 -2.06202
36.0378 -2.05266
36.0393 -2.04318
36.0408 -2.03359
36.0423 -2.02388
36.0438 -2.01405
36.0453 -2.00411
36.0468 -1.99405
36.0483 -1.98387
36.0498 -1.97357
36.0513 -1.96315
36.0528 -1.95261
36.0543 -1.94195
36.0558 -1.93117
36.0573 -1.92027
36.0588 -1.90924
36.0603 -1.8981
36.0618 -1.88683
36.0633 -1.87544
36.0648 -1.86392
36.0663 -1.85228
36.0678 -1.84052
36.0693 -1.82863
36.0708 -1.81661
36.0723 -1.80447
36.0738 -1.79221
36.0753 -1.77981
36.0768 -1.76729
36.0783 -1.75464
36.0798 -1.74186
36.0813 -1.72895
36.0828 -1.71592
36.0843 -1.70275
36.0858 -1.68945
36.0873 -1.67602
36.0888 -1.66246
36.0903 -1.64877
36.0918 -1.63495
36.0933 -1.62099
36.0948 -1.6069
36.0963 -1.59268
36.0978 -1.57832
36.0993 -1.56382
36.1008 -1.5492
36.1023 -1.53443
36.1038 -1.51953
36.1053 -1.50449
36.1068 -1.48932
36.1083 -1.47401
36.1098 -1.45856
36.1113 -1.44297
36.1128 -1.42724
36.1143 -1.41137
36.1158 -1.39536
36.1173 -1.37921
36.1188 -1.36292
36.1203 -1.34649
36.1218 -1.32992
36.1233 -1.3132
36.1248 -1.29634
36.1263 -1.27934
36.1278 -1.26219
36.1293 -1.2449
36.1308 -1.22746
36.1323 -1.20988
36.1338 -1.19215
36.1353 -1.17427
36.1368 -1.15625
36.1383 -1.13807
36.1398 -1.11975
36.1413 -1.10129
36.1428 -1.08267
36.1443 -1.0639
36.1458 -1.04498
36.1473 -1.02591
36.1488 -1.00669
36.1503 -0.987323
36.1518 -0.967799
36.1533 -0.948123
36.1548 -0.928292
36.1563 -0.908308
36.1578 -0.88817
36.1593 -0.867877
36.1608 -0.847428
36.1623 -0.826823
36.1638 -0.806062
36.1653 -0.785144
36.1668 -0.764069
36.1683 -0.742835
36.1698 -0.721443
36.1713 -0.699892
36.1728 -0.678182
36.1743 -0.656311
36.1758 -0.63428
36.1773 -0.612087
36.1788 -0.589733
36.1803 -0.567217
36.1818 -0.544538
36.1833 -0.521696
36.1848 -0.49869
36.1863 -0.475519
36.1878 -0.452184
36.1893 -0.428684
36.1908 -0.405018
36.1923 -0.381185
36.1938 -0.357185
36.1953 -0.333018
36.1968 -0.308683
36.1983 -0.28418
36.1998 -0.259507
36.2014 -0.234665
36.2029 -0.209652
36.2044 -0.184469
36.2059 -0.159115
36.2074 -0.133589
36.2089 -0.10789
36.2104 -0.0820193
36.2119 -0.0559748
36.2134 -0.0297564
36.2149 -0.00336356
36.2164 0.0232043
36.2179 0.0499476
36.2194 0.076867
36.2209 0.103963
36.2224 0.131236
36.2239 0.158687
36.2254 0.186316
36.2269 0.214124
36.2284 0.242111
36.2299 0.270278
36.2314 0.298626
36.2329 0.327154
36.2344 0.355864
36.2359 0.384756
36.2374 0.413831
36.2389 0.443089
36.2404 0.47253
36.2419 0.502156
36.2434 0.531967
36.2449 0.561963
36.2464 0.592145
36.2479 0.622514
36.2494 0.653069
36.2509 0.683812
36.2524 0.714744
36.2539 0.745864
36.2554 0.777173
36.2569 0.808672
36.2584 0.840362
36.2599 0.872242
36.2614 0.904314
36.2629 0.936578
36.2644 0.969035
36.2659 1.00169
36.2674 1.03453
36.2689 1.06757
36.2704 1.1008
36.2719 1.13423
36.2734 1.16785
36.2749 1.20167
36.2764 1.23569
36.2779 1.26991
36.2794 1.30432
36.2809 1.33894
36.2824 1.37375
36.2839 1.40876
36.2854 1.44397
36.2869 1.47939
36.2884 1.515
36.2899 1.55082
36.2914 1.58684
36.2929 1.62307
36.2944 1.6595
36.2959 1.69613
36.2974 1.73297
36.2989 1.77001
36.3004 1.80726
36.3019 1.84472
36.3034 1.88239
36.3049 1.92026
36.3064 1.95834
36.3079 1.99663
36.3094 2.03513
36.3109 2.07384
36.3124 2.11277
36.3139 2.1519
36.3154 2.19125
36.3169 2.23081
36.3184 2.27058
36.3199 2.31056
36.3214 2.35076
36.3229 2.39118
36.3244 2.43181
36.3259 2.47266
36.3274 2.51372
36.3289 2.555
36.3304 2.5965
36.3319 2.63822
36.3334 2.68016
36.3349 2.72232
36.3364 2.7647
36.3379 2.8073
36.3394 2.85012
36.3409 2.89316
36.3424 2.93643
36.3439 2.97991
36.3454 3.02363
36.3469 3.06757
36.3484 3.11173
36.3499 3.15612
36.3514 3.20073
36.3529 3.24557
36.3544 3.29064
36.3559 3.33594
36.3574 3.38147
36.3589 3.42722
36.3604 3.47321
36.3619 3.51943
36.3634 3.56588
36.3649 3.61256
36.3664 3.65947
36.3679 3.70661
36.3694 3.75399
36.3709 3.80161
36.3724 3.84945
36.3739 3.89754
36.3754 3.94586
36.3769 3.99441
36.3784 4.04321
36.3799 4.09224
36.3814 4.14151
36.3829 4.19102
36.3844 4.24077
36.3859 4.29076
36.3874 4.34099
36.3889 4.39146
36.3904 4.44218
36.3919 4.49314
36.3934 4.54434
36.3949 4.59578
36.3964 4.64747
36.3979 4.69941
36.3994 4.75159
36.401 4.80402
36.4025 4.85669
36.404 4.90962
36.4055 4.96279
36.407 5.01621
36.4085 5.06988
36.41 5.1238
36.4115 5.17797
36.413 5.23239
36.4145 5.28707
36.416 5.342
36.4175 5.39718
36.419 5.45262
36.4205 5.50831
36.422 5.56425
36.4235 5.62046
36.425 5.67692
36.4265 5.73363
36.428 5.79061
36.4295 5.84784
36.431 5.90533
36.4325 5.96309
36.434 6.0211
36.4355 6.07937
36.437 6.13791
36.4385 6.19671
36.44 6.25577
36.4415 6.31509
36.443 6.37468
36.4445 6.43453
36.446 6.49465
36.4475 6.55504
36.449 6.61569
36.4505 6.67661
36.452 6.7378
36.4535 6.79926
36.455 6.86099
36.4565 6.92298
36.458 6.98525
36.4595 7.04779
36.461 7.1106
36.4625 7.17369
36.464 7.23704
36.4655 7.30067
36.467 7.36458
36.4685 7.42876
36.47 7.49322
36.4715 7.55795
36.473 7.62297
36.4745 7.68826
36.476 7.75382
36.4775 7.81967
36.479 7.8858
36.4805 7.95221
36.482 8.0189
36.4835 8.08587
36.485 8.15312
36.4865 8.22066
36.488 8.28848
36.4895 8.35659
36.491 8.42498
36.4925 8.49365
36.494 8.56262
36.4955 8.63187
36.497 8.7014
36.4985 8.77123
36.5 8.84135
