-1.32225 0.0827997
-1.2679 0.266799
-1.21356 0.423198
-1.15921 0.717597
-1.10486 0.975196
-1.05051 1.26039
-0.996165 1.25119
-0.941817 1.0212
-0.887469 0.975196
-0.833121 0.726797
-0.778773 0.570398
-0.724424 0.469198
-0.670076 0.275999
-0.615728 0.193199
-0.56138 0.0919996
-0.507032 0.0827997
-0.452684 0.0275999
-0.398336 0.0367998
-0.343988 0.0551998
-0.28964 0.00919996
-0.235292 0.00919996
-0.180944 0
-0.126596 0.00919996
-0.0722478 0.00919996
-0.0178998 0
0.0364483 0.00919996
0.0907963 0.00919996
0.145144 0.00919996
0.199492 0.00919996
0.25384 0.0183999
0.308189 0.0275999
0.362537 0.0459998
0.416885 0.0275999
0.471233 0.0459998
0.525581 0.156399
0.579929 0.0919996
0.634277 0.183999
0.688625 0.303599
0.742973 0.680797
0.797321 0.781997
0.851669 0.873996
0.906017 0.809597
0.960365 1.0396
1.01471 1.0488
1.06906 1.0488
1.12341 0.625597
1.17776 0.515198
1.23211 0.358799
1.28645 0.0643997
1.3408 0.0735997
