38.5005 0.000198115
38.503 0.000221741
38.5055 0.000247974
38.508 0.000277075
38.5105 0.000309329
38.513 0.000345048
38.5155 0.000384569
38.518 0.000428259
38.5205 0.000476516
38.523 0.000529772
38.5255 0.000588493
38.528 0.000653187
38.5305 0.000724398
38.533 0.000802718
38.5355 0.000888783
38.538 0.00098328
38.5405 0.00108695
38.543 0.00120058
38.5455 0.00132503
38.548 0.00146122
38.5505 0.00161013
38.553 0.00177281
38.5555 0.00195039
38.558 0.00214408
38.5605 0.00235516
38.563 0.00258502
38.5655 0.00283511
38.568 0.00310699
38.5705 0.00340234
38.573 0.00372291
38.5755 0.00407058
38.578 0.00444735
38.5805 0.00485531
38.583 0.00529671
38.5855 0.00577391
38.588 0.0062894
38.5905 0.00684583
38.593 0.00744597
38.5955 0.00809274
38.598 0.00878925
38.6006 0.00953872
38.6031 0.0103446
38.6056 0.0112103
38.6081 0.0121398
38.6106 0.0131369
38.6131 0.0142057
38.6156 0.0153506
38.6181 0.0165759
38.6206 0.0178864
38.6231 0.0192869
38.6256 0.0207824
38.6281 0.0223784
38.6306 0.0240801
38.6331 0.0258933
38.6356 0.0278239
38.6381 0.0298779
38.6406 0.0320617
38.6431 0.0343816
38.6456 0.0368445
38.6481 0.0394572
38.6506 0.0422268
38.6531 0.0451606
38.6556 0.0482661
38.6581 0.0515511
38.6606 0.0550233
38.6631 0.0586908
38.6656 0.0625618
38.6681 0.0666448
38.6706 0.0709483
38.6731 0.075481
38.6756 0.0802517
38.6781 0.0852694
38.6806 0.0905432
38.6831 0.0960823
38.6856 0.101896
38.6881 0.107994
38.6906 0.114385
38.6931 0.121079
38.6956 0.128085
38.6981 0.135414
38.7006 0.143073
38.7031 0.151074
38.7056 0.159426
38.7081 0.168137
38.7106 0.177218
38.7131 0.186677
38.7156 0.196523
38.7181 0.206767
38.7206 0.217415
38.7231 0.228478
38.7256 0.239963
38.7281 0.251879
38.7306 0.264233
38.7331 0.277033
38.7356 0.290286
38.7381 0.304
38.7406 0.318181
38.7431 0.332834
38.7456 0.347967
38.7481 0.363583
38.7506 0.379689
38.7531 0.396288
38.7556 0.413384
38.7581 0.430981
38.7606 0.449081
38.7631 0.467687
38.7656 0.4868
38.7681 0.506421
38.7706 0.52655
38.7731 0.547188
38.7756 0.568333
38.7781 0.589983
38.7806 0.612137
38.7831 0.63479
38.7856 0.657939
38.7881 0.68158
38.7906 0.705706
38.7931 0.730313
38.7956 0.755392
38.7981 0.780937
38.8007 0.806938
38.8032 0.833387
38.8057 0.860274
38.8082 0.887587
38.8107 0.915315
38.8132 0.943446
38.8157 0.971966
38.8182 1.00086
38.8207 1.03012
38.8232 1.05972
38.8257 1.08965
38.8282 1.11989
38.8307 1.15043
38.8332 1.18125
38.8357 1.21232
38.8382 1.24363
38.8407 1.27516
38.8432 1.30688
38.8457 1.33878
38.8482 1.37084
38.8507 1.40302
38.8532 1.43532
38.8557 1.4677
38.8582 1.50015
38.8607 1.53263
38.8632 1.56512
38.8657 1.59761
38.8682 1.63006
38.8707 1.66244
38.8732 1.69474
38.8757 1.72693
38.8782 1.75898
38.8807 1.79087
38.8832 1.82257
38.8857 1.85405
38.8882 1.88529
38.8907 1.91627
38.8932 1.94695
38.8957 1.97732
38.8982 2.00734
38.9007 2.037
38.9032 2.06627
38.9057 2.09512
38.9082 2.12353
38.9107 2.15148
38.9132 2.17894
38.9157 2.20589
38.9182 2.23231
38.9207 2.25817
38.9232 2.28347
38.9257 2.30817
38.9282 2.33225
38.9307 2.3557
38.9332 2.3785
38.9357 2.40063
38.9382 2.42207
38.9407 2.44281
38.9432 2.46283
38.9457 2.48211
38.9482 2.50065
38.9507 2.51843
38.9532 2.53543
38.9557 2.55165
38.9582 2.56707
38.9607 2.58169
38.9632 2.5955
38.9657 2.60848
38.9682 2.62064
38.9707 2.63195
38.9732 2.64243
38.9757 2.65206
38.9782 2.66085
38.9807 2.66878
38.9832 2.67586
38.9857 2.68208
38.9882 2.68745
38.9907 2.69197
38.9932 2.69563
38.9957 2.69844
38.9982 2.70041
39.0008 2.70154
39.0033 2.70183
39.0058 2.70128
39.0083 2.69991
39.0108 2.69772
39.0133 2.69473
39.0158 2.69092
39.0183 2.68633
39.0208 2.68095
39.0233 2.6748
39.0258 2.66789
39.0283 2.66023
39.0308 2.65183
39.0333 2.64271
39.0358 2.63287
39.0383 2.62234
39.0408 2.61112
39.0433 2.59923
39.0458 2.58669
39.0483 2.57351
39.0508 2.5597
39.0533 2.54529
39.0558 2.53029
39.0583 2.51471
39.0608 2.49857
39.0633 2.4819
39.0658 2.4647
39.0683 2.447
39.0708 2.4288
39.0733 2.41014
39.0758 2.39103
39.0783 2.37147
39.0808 2.35151
39.0833 2.33114
39.0858 2.31039
39.0883 2.28928
39.0908 2.26783
39.0933 2.24605
39.0958 2.22395
39.0983 2.20157
39.1008 2.17891
39.1033 2.15599
39.1058 2.13284
39.1083 2.10946
39.1108 2.08587
39.1133 2.0621
39.1158 2.03815
39.1183 2.01405
39.1208 1.98981
39.1233 1.96544
39.1258 1.94096
39.1283 1.91639
39.1308 1.89174
39.1333 1.86702
39.1358 1.84226
39.1383 1.81746
39.1408 1.79264
39.1433 1.7678
39.1458 1.74298
39.1483 1.71817
39.1508 1.69339
39.1533 1.66865
39.1558 1.64396
39.1583 1.61934
39.1608 1.59479
39.1633 1.57033
39.1658 1.54597
39.1683 1.52171
39.1708 1.49757
39.1733 1.47356
39.1758 1.44968
39.1783 1.42594
39.1808 1.40236
39.1833 1.37893
39.1858 1.35567
39.1883 1.33259
39.1908 1.30968
39.1933 1.28696
39.1958 1.26444
39.1983 1.24211
39.2009 1.21999
39.2034 1.19808
39.2059 1.17639
39.2084 1.15491
39.2109 1.13366
39.2134 1.11264
39.2159 1.09185
39.2184 1.07129
39.2209 1.05097
39.2234 1.0309
39.2259 1.01106
39.2284 0.991478
39.2309 0.972141
39.2334 0.953054
39.2359 0.93422
39.2384 0.915639
39.2409 0.897313
39.2434 0.879242
39.2459 0.861429
39.2484 0.843872
39.2509 0.826573
39.2534 0.809532
39.2559 0.792748
39.2584 0.776222
39.2609 0.759954
39.2634 0.743942
39.2659 0.728186
39.2684 0.712686
39.2709 0.697439
39.2734 0.682447
39.2759 0.667706
39.2784 0.653216
39.2809 0.638975
39.2834 0.624982
39.2859 0.611235
39.2884 0.597732
39.2909 0.584472
39.2934 0.571451
39.2959 0.558669
39.2984 0.546123
39.3009 0.533811
39.3034 0.521731
39.3059 0.50988
39.3084 0.498256
39.3109 0.486856
39.3134 0.475677
39.3159 0.464718
39.3184 0.453976
39.3209 0.443448
39.3234 0.43313
39.3259 0.423022
39.3284 0.413118
39.3309 0.403418
39.3334 0.393918
39.3359 0.384615
39.3384 0.375507
39.3409 0.36659
39.3434 0.357862
39.3459 0.34932
39.3484 0.34096
39.3509 0.332781
39.3534 0.324779
39.3559 0.316951
39.3584 0.309294
39.3609 0.301806
39.3634 0.294484
39.3659 0.287324
39.3684 0.280324
39.3709 0.273482
39.3734 0.266794
39.3759 0.260257
39.3784 0.253869
39.3809 0.247627
39.3834 0.241528
39.3859 0.23557
39.3884 0.22975
39.3909 0.224065
39.3934 0.218513
39.3959 0.213091
39.3984 0.207796
39.401 0.202626
39.4035 0.197579
39.406 0.192651
39.4085 0.187841
39.411 0.183146
39.4135 0.178564
39.416 0.174091
39.4185 0.169727
39.421 0.165469
39.4235 0.161314
39.426 0.15726
39.4285 0.153305
39.431 0.149447
39.4335 0.145684
39.436 0.142013
39.4385 0.138433
39.441 0.134941
39.4435 0.131536
39.446 0.128216
39.4485 0.124978
39.451 0.121821
39.4535 0.118743
39.456 0.115743
39.4585 0.112817
39.461 0.109965
39.4635 0.107186
39.466 0.104476
39.4685 0.101835
39.471 0.0992607
39.4735 0.0967519
39.476 0.0943069
39.4785 0.0919241
39.481 0.0896021
39.4835 0.0873394
39.486 0.0851346
39.4885 0.0829862
39.491 0.0808929
39.4935 0.0788534
39.496 0.0768663
39.4985 0.0749303
39.501 0.0730442
39.5035 0.0712068
39.506 0.0694167
39.5085 0.0676729
39.511 0.0659743
39.5135 0.0643195
39.516 0.0627077
39.5185 0.0611376
39.521 0.0596082
39.5235 0.0581186
39.526 0.0566676
39.5285 0.0552544
39.531 0.0538779
39.5335 0.0525372
39.536 0.0512314
39.5385 0.0499596
39.541 0.048721
39.5435 0.0475146
39.546 0.0463397
39.5485 0.0451954
39.551 0.0440809
39.5535 0.0429956
39.556 0.0419385
39.5585 0.040909
39.561 0.0399064
39.5635 0.0389299
39.566 0.0379789
39.5685 0.0370528
39.571 0.0361508
39.5735 0.0352723
39.576 0.0344168
39.5785 0.0335835
39.581 0.032772
39.5835 0.0319816
39.586 0.0312119
39.5885 0.0304622
39.591 0.029732
39.5935 0.0290208
39.596 0.0283281
39.5985 0.0276535
39.6011 0.0269964
39.6036 0.0263563
39.6061 0.0257329
39.6086 0.0251257
39.6111 0.0245342
39.6136 0.0239581
39.6161 0.0233969
39.6186 0.0228502
39.6211 0.0223176
39.6236 0.0217989
39.6261 0.0212935
39.6286 0.0208012
39.6311 0.0203215
39.6336 0.0198542
39.6361 0.019399
39.6386 0.0189555
39.6411 0.0185233
39.6436 0.0181023
39.6461 0.0176921
39.6486 0.0172923
39.6511 0.0169028
39.6536 0.0165233
39.6561 0.0161534
39.6586 0.015793
39.6611 0.0154418
39.6636 0.0150995
39.6661 0.0147659
39.6686 0.0144408
39.6711 0.0141239
39.6736 0.0138151
39.6761 0.013514
39.6786 0.0132206
39.6811 0.0129346
39.6836 0.0126558
39.6861 0.0123839
39.6886 0.012119
39.6911 0.0118606
39.6936 0.0116088
39.6961 0.0113632
39.6986 0.0111238
39.7011 0.0108904
39.7036 0.0106627
39.7061 0.0104408
39.7086 0.0102243
39.7111 0.0100132
39.7136 0.00980734
39.7161 0.00960655
39.7186 0.00941073
39.7211 0.00921973
39.7236 0.00903342
39.7261 0.00885169
39.7286 0.00867441
39.7311 0.00850148
39.7336 0.00833276
39.7361 0.00816817
39.7386 0.00800757
39.7411 0.00785089
39.7436 0.007698
39.7461 0.00754882
39.7486 0.00740324
39.7511 0.00726118
39.7536 0.00712254
39.7561 0.00698723
39.7586 0.00685517
39.7611 0.00672628
39.7636 0.00660047
39.7661 0.00647766
39.7686 0.00635778
39.7711 0.00624075
39.7736 0.0061265
39.7761 0.00601496
39.7786 0.00590606
39.7811 0.00579972
39.7836 0.0056959
39.7861 0.00559451
39.7886 0.00549551
39.7911 0.00539883
39.7936 0.00530441
39.7961 0.00521219
39.7986 0.00512212
39.8012 0.00503415
39.8037 0.00494823
39.8062 0.00486429
39.8087 0.0047823
39.8112 0.0047022
39.8137 0.00462394
39.8162 0.00454749
39.8187 0.00447279
39.8212 0.00439981
39.8237 0.0043285
39.8262 0.00425881
39.8287 0.00419072
39.8312 0.00412417
39.8337 0.00405914
39.8362 0.00399559
39.8387 0.00393347
39.8412 0.00387276
39.8437 0.00381342
39.8462 0.00375542
39.8487 0.00369872
39.8512 0.0036433
39.8537 0.00358912
39.8562 0.00353616
39.8587 0.00348438
39.8612 0.00343375
39.8637 0.00338426
39.8662 0.00333587
39.8687 0.00328855
39.8712 0.00324229
39.8737 0.00319705
39.8762 0.00315282
39.8787 0.00310956
39.8812 0.00306726
39.8837 0.0030259
39.8862 0.00298544
39.8887 0.00294588
39.8912 0.00290719
39.8937 0.00286936
39.8962 0.00283235
39.8987 0.00279616
39.9012 0.00276076
39.9037 0.00272614
39.9062 0.00269227
39.9087 0.00265915
39.9112 0.00262676
39.9137 0.00259507
39.9162 0.00256408
39.9187 0.00253377
39.9212 0.00250412
39.9237 0.00247512
39.9262 0.00244675
39.9287 0.00241901
39.9312 0.00239187
39.9337 0.00236533
39.9362 0.00233937
39.9387 0.00231397
39.9412 0.00228914
39.9437 0.00226485
39.9462 0.0022411
39.9487 0.00221787
39.9512 0.00219515
39.9537 0.00217293
39.9562 0.00215121
39.9587 0.00212996
39.9612 0.00210919
39.9637 0.00208888
39.9662 0.00206902
39.9687 0.0020496
39.9712 0.00203062
39.9737 0.00201207
39.9762 0.00199393
39.9787 0.0019762
39.9812 0.00195888
39.9837 0.00194194
39.9862 0.0019254
39.9887 0.00190923
39.9912 0.00189343
39.9937 0.001878
39.9962 0.00186293
39.9987 0.00184821
40.0013 0.00183384
40.0038 0.0018198
40.0063 0.0018061
40.0088 0.00179272
40.0113 0.00177966
40.0138 0.00176692
40.0163 0.00175449
40.0188 0.00174236
40.0213 0.00173054
40.0238 0.00171901
40.0263 0.00170776
40.0288 0.0016968
40.0313 0.00168613
40.0338 0.00167572
40.0363 0.00166559
40.0388 0.00165573
40.0413 0.00164613
40.0438 0.00163678
40.0463 0.00162769
40.0488 0.00161886
40.0513 0.00161027
40.0538 0.00160192
40.0563 0.00159381
40.0588 0.00158594
40.0613 0.00157831
40.0638 0.0015709
40.0663 0.00156372
40.0688 0.00155676
40.0713 0.00155003
40.0738 0.00154351
40.0763 0.00153721
40.0788 0.00153113
40.0813 0.00152525
40.0838 0.00151958
40.0863 0.00151411
40.0888 0.00150885
40.0913 0.00150379
40.0938 0.00149893
40.0963 0.00149426
40.0988 0.00148979
40.1013 0.00148551
40.1038 0.00148142
40.1063 0.00147752
40.1088 0.00147381
40.1113 0.00147028
40.1138 0.00146694
40.1163 0.00146378
40.1188 0.00146079
40.1213 0.00145799
40.1238 0.00145537
40.1263 0.00145292
40.1288 0.00145064
40.1313 0.00144854
40.1338 0.00144662
40.1363 0.00144486
40.1388 0.00144327
40.1413 0.00144186
40.1438 0.00144061
40.1463 0.00143953
40.1488 0.00143862
40.1513 0.00143787
40.1538 0.00143729
40.1563 0.00143687
40.1588 0.00143662
40.1613 0.00143653
40.1638 0.0014366
40.1663 0.00143684
40.1688 0.00143724
40.1713 0.0014378
40.1738 0.00143852
40.1763 0.0014394
40.1788 0.00144044
40.1813 0.00144165
40.1838 0.00144301
40.1863 0.00144453
40.1888 0.00144622
40.1913 0.00144806
40.1938 0.00145007
40.1963 0.00145223
40.1988 0.00145455
40.2014 0.00145704
40.2039 0.00145968
40.2064 0.00146249
40.2089 0.00146546
40.2114 0.00146859
40.2139 0.00147188
40.2164 0.00147533
40.2189 0.00147894
40.2214 0.00148272
40.2239 0.00148666
40.2264 0.00149077
40.2289 0.00149504
40.2314 0.00149947
40.2339 0.00150407
40.2364 0.00150884
40.2389 0.00151377
40.2414 0.00151887
40.2439 0.00152414
40.2464 0.00152958
40.2489 0.00153519
40.2514 0.00154098
40.2539 0.00154693
40.2564 0.00155306
40.2589 0.00155936
40.2614 0.00156583
40.2639 0.00157249
40.2664 0.00157932
40.2689 0.00158632
40.2714 0.00159351
40.2739 0.00160088
40.2764 0.00160843
40.2789 0.00161617
40.2814 0.00162409
40.2839 0.00163219
40.2864 0.00164048
40.2889 0.00164897
40.2914 0.00165764
40.2939 0.0016665
40.2964 0.00167556
40.2989 0.00168481
40.3014 0.00169426
40.3039 0.00170391
40.3064 0.00171376
40.3089 0.00172381
40.3114 0.00173406
40.3139 0.00174451
40.3164 0.00175518
40.3189 0.00176605
40.3214 0.00177713
40.3239 0.00178843
40.3264 0.00179993
40.3289 0.00181166
40.3314 0.0018236
40.3339 0.00183576
40.3364 0.00184815
40.3389 0.00186076
40.3414 0.00187359
40.3439 0.00188665
40.3464 0.00189994
40.3489 0.00191347
40.3514 0.00192723
40.3539 0.00194123
40.3564 0.00195546
40.3589 0.00196994
40.3614 0.00198466
40.3639 0.00199962
40.3664 0.00201483
40.3689 0.0020303
40.3714 0.00204601
40.3739 0.00206199
40.3764 0.00207821
40.3789 0.0020947
40.3814 0.00211145
40.3839 0.00212847
40.3864 0.00214575
40.3889 0.0021633
40.3914 0.00218113
40.3939 0.00219922
40.3964 0.0022176
40.3989 0.00223625
40.4015 0.00225519
40.404 0.00227441
40.4065 0.00229392
40.409 0.00231372
40.4115 0.0023338
40.414 0.00235419
40.4165 0.00237487
40.419 0.00239585
40.4215 0.00241713
40.424 0.00243872
40.4265 0.00246061
40.429 0.00248282
40.4315 0.00250533
40.434 0.00252817
40.4365 0.00255131
40.439 0.00257478
40.4415 0.00259857
40.444 0.00262268
40.4465 0.00264712
40.449 0.00267189
40.4515 0.002697
40.454 0.00272243
40.4565 0.0027482
40.459 0.00277431
40.4615 0.00280076
40.464 0.00282755
40.4665 0.00285469
40.469 0.00288217
40.4715 0.00291001
40.474 0.00293819
40.4765 0.00296673
40.479 0.00299562
40.4815 0.00302487
40.484 0.00305447
40.4865 0.00308444
40.489 0.00311477
40.4915 0.00314546
40.494 0.00317651
40.4965 0.00320793
40.499 0.00323972
40.5015 0.00327188
40.504 0.0033044
40.5065 0.0033373
40.509 0.00337057
40.5115 0.00340421
40.514 0.00343822
40.5165 0.00347261
40.519 0.00350737
40.5215 0.0035425
40.524 0.00357801
40.5265 0.00361389
40.529 0.00365015
40.5315 0.00368678
40.534 0.00372379
40.5365 0.00376117
40.539 0.00379892
40.5415 0.00383705
40.544 0.00387554
40.5465 0.00391441
40.549 0.00395365
40.5515 0.00399325
40.554 0.00403322
40.5565 0.00407355
40.559 0.00411424
40.5615 0.00415529
40.564 0.0041967
40.5665 0.00423846
40.569 0.00428058
40.5715 0.00432304
40.574 0.00436585
40.5765 0.004409
40.579 0.00445248
40.5815 0.0044963
40.584 0.00454045
40.5865 0.00458493
40.589 0.00462972
40.5915 0.00467482
40.594 0.00472024
40.5965 0.00476596
40.599 0.00481198
40.6016 0.00485828
40.6041 0.00490487
40.6066 0.00495174
40.6091 0.00499888
40.6116 0.00504629
40.6141 0.00509395
40.6166 0.00514185
40.6191 0.00519
40.6216 0.00523837
40.6241 0.00528696
40.6266 0.00533577
40.6291 0.00538478
40.6316 0.00543398
40.6341 0.00548336
40.6366 0.00553291
40.6391 0.00558262
40.6416 0.00563248
40.6441 0.00568247
40.6466 0.00573259
40.6491 0.00578282
40.6516 0.00583314
40.6541 0.00588355
40.6566 0.00593403
40.6591 0.00598456
40.6616 0.00603514
40.6641 0.00608574
40.6666 0.00613635
40.6691 0.00618696
40.6716 0.00623755
40.6741 0.0062881
40.6766 0.0063386
40.6791 0.00638903
40.6816 0.00643937
40.6841 0.0064896
40.6866 0.0065397
40.6891 0.00658967
40.6916 0.00663946
40.6941 0.00668908
40.6966 0.00673849
40.6991 0.00678768
40.7016 0.00683663
40.7041 0.00688532
40.7066 0.00693371
40.7091 0.00698181
40.7116 0.00702957
40.7141 0.00707698
40.7166 0.00712402
40.7191 0.00717066
40.7216 0.00721688
40.7241 0.00726266
40.7266 0.00730797
40.7291 0.00735279
40.7316 0.00739709
40.7341 0.00744086
40.7366 0.00748406
40.7391 0.00752668
40.7416 0.00756868
40.7441 0.00761004
40.7466 0.00765073
40.7491 0.00769074
40.7516 0.00773003
40.7541 0.00776857
40.7566 0.00780636
40.7591 0.00784334
40.7616 0.00787951
40.7641 0.00791483
40.7666 0.00794928
40.7691 0.00798284
40.7716 0.00801547
40.7741 0.00804715
40.7766 0.00807785
40.7791 0.00810756
40.7816 0.00813623
40.7841 0.00816386
40.7866 0.0081904
40.7891 0.00821585
40.7916 0.00824016
40.7941 0.00826333
40.7966 0.00828531
40.7991 0.0083061
40.8017 0.00832566
40.8042 0.00834397
40.8067 0.00836101
40.8092 0.00837675
40.8117 0.00839118
40.8142 0.00840427
40.8167 0.008416
40.8192 0.00842636
40.8217 0.00843531
40.8242 0.00844284
40.8267 0.00844893
40.8292 0.00845357
40.8317 0.00845673
40.8342 0.0084584
40.8367 0.00845856
40.8392 0.0084572
40.8417 0.0084543
40.8442 0.00844985
40.8467 0.00844383
40.8492 0.00843624
40.8517 0.00842705
40.8542 0.00841627
40.8567 0.00840388
40.8592 0.00838988
40.8617 0.00837425
40.8642 0.00835698
40.8667 0.00833809
40.8692 0.00831755
40.8717 0.00829536
40.8742 0.00827153
40.8767 0.00824606
40.8792 0.00821893
40.8817 0.00819016
40.8842 0.00815975
40.8867 0.00812769
40.8892 0.008094
40.8917 0.00805868
40.8942 0.00802173
40.8967 0.00798317
40.8992 0.00794301
40.9017 0.00790125
40.9042 0.0078579
40.9067 0.00781299
40.9092 0.00776652
40.9117 0.00771852
40.9142 0.00766899
40.9167 0.00761795
40.9192 0.00756543
40.9217 0.00751144
40.9242 0.00745601
40.9267 0.00739916
40.9292 0.00734091
40.9317 0.0072813
40.9342 0.00722033
40.9367 0.00715805
40.9392 0.00709448
40.9417 0.00702965
40.9442 0.00696359
40.9467 0.00689634
40.9492 0.00682792
40.9517 0.00675837
40.9542 0.00668772
40.9567 0.00661602
40.9592 0.00654329
40.9617 0.00646957
40.9642 0.00639491
40.9667 0.00631934
40.9692 0.0062429
40.9717 0.00616563
40.9742 0.00608757
40.9767 0.00600876
40.9792 0.00592925
40.9817 0.00584908
40.9842 0.0057683
40.9867 0.00568693
40.9892 0.00560504
40.9917 0.00552266
40.9942 0.00543985
40.9967 0.00535663
40.9992 0.00527306
41.0018 0.00518919
41.0043 0.00510506
41.0068 0.00502071
41.0093 0.00493619
41.0118 0.00485155
41.0143 0.00476683
41.0168 0.00468208
41.0193 0.00459733
41.0218 0.00451264
41.0243 0.00442805
41.0268 0.0043436
41.0293 0.00425934
41.0318 0.0041753
41.0343 0.00409154
41.0368 0.00400809
41.0393 0.003925
41.0418 0.00384229
41.0443 0.00376003
41.0468 0.00367823
41.0493 0.00359695
41.0518 0.00351622
41.0543 0.00343607
41.0568 0.00335654
41.0593 0.00327767
41.0618 0.00319948
41.0643 0.00312202
41.0668 0.00304531
41.0693 0.00296938
41.0718 0.00289427
41.0743 0.00282
41.0768 0.00274659
41.0793 0.00267408
41.0818 0.00260249
41.0843 0.00253184
41.0868 0.00246215
41.0893 0.00239345
41.0918 0.00232575
41.0943 0.00225908
41.0968 0.00219345
41.0993 0.00212887
41.1018 0.00206537
41.1043 0.00200295
41.1068 0.00194163
41.1093 0.00188142
41.1118 0.00182232
41.1143 0.00176435
41.1168 0.00170752
41.1193 0.00165182
41.1218 0.00159727
41.1243 0.00154387
41.1268 0.00149161
41.1293 0.00144051
41.1318 0.00139056
41.1343 0.00134176
41.1368 0.00129411
41.1393 0.00124761
41.1418 0.00120224
41.1443 0.00115801
41.1468 0.00111492
41.1493 0.00107294
41.1518 0.00103208
41.1543 0.000992331
41.1568 0.000953675
41.1593 0.000916104
41.1618 0.000879609
41.1643 0.000844177
41.1668 0.000809794
41.1693 0.000776449
41.1718 0.000744126
41.1743 0.000712811
41.1768 0.00068249
41.1793 0.000653145
41.1818 0.000624762
41.1843 0.000597323
41.1868 0.000570812
41.1893 0.00054521
41.1918 0.000520502
41.1943 0.000496667
41.1968 0.000473689
41.1993 0.000451549
41.2019 0.000430227
41.2044 0.000409706
41.2069 0.000389965
41.2094 0.000370987
41.2119 0.000352752
41.2144 0.00033524
41.2169 0.000318433
41.2194 0.000302311
41.2219 0.000286855
41.2244 0.000272047
41.2269 0.000257867
41.2294 0.000244296
41.2319 0.000231316
41.2344 0.000218908
41.2369 0.000207054
41.2394 0.000195736
41.2419 0.000184936
41.2444 0.000174637
41.2469 0.00016482
41.2494 0.000155469
41.2519 0.000146568
41.2544 0.000138099
41.2569 0.000130046
41.2594 0.000122394
41.2619 0.000115127
41.2644 0.00010823
41.2669 0.000101689
41.2694 9.54872e-05
41.2719 8.96123e-05
41.2744 8.40501e-05
41.2769 7.87872e-05
41.2794 7.38107e-05
41.2819 6.91078e-05
41.2844 6.46664e-05
41.2869 6.04745e-05
41.2894 5.65206e-05
41.2919 5.27935e-05
41.2944 4.92826e-05
41.2969 4.59773e-05
41.2994 4.28676e-05
41.3019 3.99439e-05
41.3044 3.71967e-05
41.3069 3.46172e-05
41.3094 3.21965e-05
41.3119 2.99266e-05
41.3144 2.77993e-05
41.3169 2.5807e-05
41.3194 2.39424e-05
41.3219 2.21984e-05
41.3244 2.05684e-05
41.3269 1.90459e-05
41.3294 1.76248e-05
41.3319 1.62992e-05
41.3344 1.50635e-05
41.3369 1.39125e-05
41.3394 1.2841e-05
41.3419 1.18443e-05
41.3444 1.09177e-05
41.3469 1.00569e-05
41.3494 9.25788e-06
41.3519 8.51662e-06
41.3544 7.82945e-06
41.3569 7.19288e-06
41.3594 6.60359e-06
41.3619 6.05846e-06
41.3644 5.55453e-06
41.3669 5.08903e-06
41.3694 4.65932e-06
41.3719 4.26295e-06
41.3744 3.89759e-06
41.3769 3.56106e-06
41.3794 3.2513e-06
41.3819 2.9664e-06
41.3844 2.70455e-06
41.3869 2.46406e-06
41.3894 2.24336e-06
41.3919 2.04097e-06
41.3944 1.8555e-06
41.3969 1.68566e-06
41.3994 1.53026e-06
41.402 1.38818e-06
41.4045 1.25837e-06
41.407 1.13986e-06
41.4095 1.03175e-06
41.412 9.33199e-07
41.4145 8.43436e-07
41.417 7.61739e-07
41.4195 6.8744e-07
41.422 6.19921e-07
41.4245 5.58611e-07
41.427 5.02983e-07
41.4295 4.52549e-07
41.432 4.06861e-07
41.4345 3.65504e-07
41.437 3.28099e-07
41.4395 2.94293e-07
41.442 2.63765e-07
41.4445 2.36219e-07
41.447 2.11385e-07
41.4495 1.89012e-07
41.452 1.68874e-07
41.4545 1.50762e-07
41.457 1.34485e-07
41.4595 1.19869e-07
41.462 1.06757e-07
41.4645 9.50016e-08
41.467 8.44726e-08
41.4695 7.50495e-08
41.472 6.66232e-08
41.4745 5.90946e-08
41.477 5.23736e-08
41.4795 4.63787e-08
41.482 4.10361e-08
41.4845 3.62787e-08
41.487 3.2046e-08
41.4895 2.82835e-08
41.492 2.49417e-08
41.4945 2.19762e-08
41.497 1.93469e-08
41.4995 1.70176e-08
