0 -3.86538
0.1 -3.89463
0.2 -3.87253
0.3 -3.86048
0.4 -3.83687
0.5 -3.89184
0.6 -3.92489
0.7 -3.88716
0.8 -3.87855
0.9 -3.81942
1 -3.90275
1.1 -3.91479
1.2 -3.89253
1.3 -3.92516
1.4 -3.87879
1.5 -3.9167
1.6 -3.9398
1.7 -3.91903
1.8 -3.94379
1.9 -3.90865
2 -3.96406
2.1 -3.90827
2.2 -3.9622
2.3 -4.02716
2.4 -4.02006
2.5 -3.95376
2.6 -3.96207
2.7 -3.99053
2.8 -3.98981
2.9 -3.97562
3 -4.01055
3.1 -4.00291
3.2 -4.01057
3.3 -4.03257
3.4 -4.06034
3.5 -4.05687
3.6 -4.04173
3.7 -4.08634
3.8 -4.10312
3.9 -4.05567
4 -4.09244
4.1 -4.04227
4.2 -4.08865
4.3 -4.06123
4.4 -4.1253
4.5 -4.07503
4.6 -4.10536
4.7 -4.09277
4.8 -4.07803
4.9 -4.07657
5 -4.12809
5.1 -4.1605
5.2 -4.16159
5.3 -4.19825
5.4 -4.16645
5.5 -4.21605
5.6 -4.15879
5.7 -4.2097
5.8 -4.15907
5.9 -4.15223
6 -4.14671
6.1 -4.18231
6.2 -4.1855
6.3 -4.17449
6.4 -4.15523
6.5 -4.15987
6.6 -4.21472
6.7 -4.2252
6.8 -4.20028
6.9 -4.22412
7 -4.22678
7.1 -4.26798
7.2 -4.20914
7.3 -4.18186
7.4 -4.24686
7.5 -4.23119
7.6 -4.25031
7.7 -4.203
7.8 -4.22316
7.9 -4.24892
8 -4.18453
8.1 -4.23462
8.2 -4.28743
8.3 -4.23472
8.4 -4.23748
8.5 -4.3063
8.6 -4.27709
8.7 -4.2552
8.8 -4.31717
8.9 -4.24096
9 -4.30061
9.1 -4.31086
9.2 -4.30381
9.3 -4.23222
9.4 -4.30135
9.5 -4.3257
9.6 -4.33398
9.7 -4.34039
9.8 -4.30763
9.9 -4.29741
10 -4.30654
10.1 -4.344
10.2 -4.37447
10.3 -4.36066
10.4 -4.34283
10.5 -4.35203
10.6 -4.34171
10.7 -4.31788
10.8 -4.37293
10.9 -4.33371
11 -4.3622
11.1 -4.32911
11.2 -4.368
11.3 -4.40778
11.4 -4.38831
11.5 -4.36476
11.6 -4.38475
11.7 -4.3916
11.8 -4.40379
11.9 -4.40329
12 -4.39006
12.1 -4.3929
12.2 -4.39575
12.3 -4.37476
12.4 -4.40983
12.5 -4.42598
12.6 -4.45296
12.7 -4.40625
12.8 -4.44748
12.9 -4.44854
13 -4.42451
13.1 -4.41869
13.2 -4.43317
13.3 -4.40686
13.4 -4.41183
13.5 -4.44164
13.6 -4.4855
13.7 -4.45397
13.8 -4.48572
13.9 -4.41546
14 -4.47668
14.1 -4.47284
14.2 -4.51421
14.3 -4.46602
14.4 -4.44967
14.5 -4.45586
14.6 -4.4587
14.7 -4.45146
14.8 -4.50135
14.9 -4.47717
15 -4.46538
15.1 -4.52145
15.2 -4.49062
15.3 -4.4874
15.4 -4.51171
15.5 -4.49923
15.6 -4.49482
15.7 -4.55691
15.8 -4.47459
15.9 -4.46997
16 -4.54062
16.1 -4.46838
16.2 -4.51228
16.3 -4.52346
16.4 -4.5701
16.5 -4.55539
16.6 -4.49707
16.7 -4.5177
16.8 -4.52084
16.9 -4.51739
17 -4.52904
17.1 -4.53229
17.2 -4.51903
17.3 -4.56966
17.4 -4.53921
17.5 -4.53199
17.6 -4.52386
17.7 -4.55372
17.8 -4.57712
17.9 -4.59811
18 -4.58745
18.1 -4.52552
18.2 -4.51667
18.3 -4.58334
18.4 -4.5668
18.5 -4.58177
18.6 -4.55819
18.7 -4.60583
18.8 -4.60527
18.9 -4.58536
19 -4.58567
19.1 -4.60042
19.2 -4.60668
19.3 -4.53892
19.4 -4.57696
19.5 -4.61154
19.6 -4.65026
19.7 -4.62111
19.8 -4.63545
19.9 -4.57756
20 -4.6083
20.1 -4.5875
20.2 -4.61886
20.3 -4.62198
20.4 -4.58973
20.5 -4.57042
20.6 -4.62743
20.7 -4.64883
20.8 -4.58191
20.9 -4.58766
21 -4.59077
21.1 -4.59872
21.2 -4.63367
21.3 -4.6337
21.4 -4.61511
21.5 -4.6333
21.6 -4.6474
21.7 -4.61723
21.8 -4.65726
21.9 -4.65337
22 -4.61731
22.1 -4.63027
22.2 -4.63081
22.3 -4.6677
22.4 -4.66524
22.5 -4.62931
22.6 -4.66153
22.7 -4.60389
22.8 -4.64928
22.9 -4.59297
23 -4.58598
23.1 -4.6055
23.2 -4.66662
23.3 -4.68243
23.4 -4.67681
23.5 -4.70395
23.6 -4.64377
23.7 -4.67018
23.8 -4.672
23.9 -4.69168
24 -4.63961
24.1 -4.66376
24.2 -4.63557
24.3 -4.6646
24.4 -4.7016
24.5 -4.67376
24.6 -4.67174
24.7 -4.70423
24.8 -4.69583
24.9 -4.65327
25 -4.69788
25.1 -4.66704
25.2 -4.6657
25.3 -4.70362
25.4 -4.6875
25.5 -4.68052
25.6 -4.71959
25.7 -4.70734
25.8 -4.67814
25.9 -4.72247
26 -4.66148
26.1 -4.71454
26.2 -4.71327
26.3 -4.7091
26.4 -4.71344
26.5 -4.73487
26.6 -4.73511
26.7 -4.67226
26.8 -4.75036
26.9 -4.72664
27 -4.7007
27.1 -4.69999
27.2 -4.72984
27.3 -4.72356
27.4 -4.73671
27.5 -4.75502
27.6 -4.72711
27.7 -4.70916
27.8 -4.75956
27.9 -4.73974
28 -4.71261
28.1 -4.7013
28.2 -4.73191
28.3 -4.74081
28.4 -4.71734
28.5 -4.68017
28.6 -4.71762
28.7 -4.68791
28.8 -4.72922
28.9 -4.71201
29 -4.75922
29.1 -4.73103
29.2 -4.71706
29.3 -4.75096
29.4 -4.72519
29.5 -4.69399
29.6 -4.71971
29.7 -4.68356
29.8 -4.69786
29.9 -4.72569
30 -4.72949
30.1 -4.78546
30.2 -4.7688
30.3 -4.72259
30.4 -4.74811
30.5 -4.73233
30.6 -4.70896
30.7 -4.70752
30.8 -4.74151
30.9 -4.72213
31 -4.74362
31.1 -4.75972
31.2 -4.75898
31.3 -4.75981
31.4 -4.78484
31.5 -4.78472
31.6 -4.7939
31.7 -4.71689
31.8 -4.71802
31.9 -4.74367
32 -4.73746
32.1 -4.77466
32.2 -4.74468
32.3 -4.74109
32.4 -4.74497
32.5 -4.75163
32.6 -4.74973
32.7 -4.72459
32.8 -4.70093
32.9 -4.74809
33 -4.75744
33.1 -4.72562
33.2 -4.82211
33.3 -4.78542
33.4 -4.76193
33.5 -4.76137
33.6 -4.73392
33.7 -4.73797
33.8 -4.76871
33.9 -4.78393
34 -4.76032
34.1 -4.74703
34.2 -4.74524
34.3 -4.80352
34.4 -4.74085
34.5 -4.73632
34.6 -4.73753
34.7 -4.77813
34.8 -4.73969
34.9 -4.75364
35 -4.76823
35.1 -4.74244
35.2 -4.74764
35.3 -4.78775
35.4 -4.75666
35.5 -4.80294
35.6 -4.78731
35.7 -4.8196
35.8 -4.79444
35.9 -4.76246
36 -4.75564
36.1 -4.72114
36.2 -4.74212
36.3 -4.81006
36.4 -4.77033
36.5 -4.74888
36.6 -4.77505
36.7 -4.78348
36.8 -4.78523
36.9 -4.82921
37 -4.74659
37.1 -4.74346
37.2 -4.72687
37.3 -4.71132
37.4 -4.80391
37.5 -4.79311
37.6 -4.74331
37.7 -4.76708
37.8 -4.7921
37.9 -4.7879
38 -4.75795
38.1 -4.80852
38.2 -4.77728
38.3 -4.78422
38.4 -4.76879
38.5 -4.77161
38.6 -4.77731
38.7 -4.76248
38.8 -4.82248
38.9 -4.85106
39 -4.79117
39.1 -4.78318
39.2 -4.79939
39.3 -4.82059
39.4 -4.74937
39.5 -4.80405
39.6 -4.79497
39.7 -4.79649
39.8 -4.81478
39.9 -4.80277
40 -4.84244
40.1 -4.76002
40.2 -4.78715
40.3 -4.81299
40.4 -4.79312
40.5 -4.81922
40.6 -4.78466
40.7 -4.77331
40.8 -4.76446
40.9 -4.79984
41 -4.78595
41.1 -4.81322
41.2 -4.82575
41.3 -4.83255
41.4 -4.81726
41.5 -4.77319
41.6 -4.78249
41.7 -4.81919
41.8 -4.77536
41.9 -4.84168
42 -4.83982
42.1 -4.81153
42.2 -4.79212
42.3 -4.8157
42.4 -4.82848
42.5 -4.82496
42.6 -4.81906
42.7 -4.83383
42.8 -4.83648
42.9 -4.79172
43 -4.80752
43.1 -4.76975
43.2 -4.76924
43.3 -4.76717
43.4 -4.76225
43.5 -4.78833
43.6 -4.80916
43.7 -4.76662
43.8 -4.77608
43.9 -4.79708
44 -4.80881
44.1 -4.75386
44.2 -4.7429
44.3 -4.8097
44.4 -4.78303
44.5 -4.82732
44.6 -4.77763
44.7 -4.81395
44.8 -4.81509
44.9 -4.82637
45 -4.78072
45.1 -4.76924
45.2 -4.85455
45.3 -4.78735
45.4 -4.83124
45.5 -4.78159
45.6 -4.796
45.7 -4.78947
45.8 -4.77134
45.9 -4.7877
46 -4.76222
46.1 -4.82243
46.2 -4.78251
46.3 -4.78897
46.4 -4.77224
46.5 -4.78617
46.6 -4.76423
46.7 -4.75345
46.8 -4.74385
46.9 -4.73597
47 -4.7179
47.1 -4.70589
47.2 -4.7614
47.3 -4.75045
47.4 -4.73959
47.5 -4.70201
47.6 -4.6931
47.7 -4.70423
47.8 -4.70165
47.9 -4.74786
48 -4.66866
48.1 -4.63464
48.2 -4.65505
48.3 -4.64102
48.4 -4.70452
48.5 -4.71104
48.6 -4.67042
48.7 -4.70839
48.8 -4.66377
48.9 -4.6643
49 -4.64302
49.1 -4.66288
49.2 -4.65981
49.3 -4.6552
49.4 -4.63237
49.5 -4.63737
49.6 -4.66274
49.7 -4.64922
49.8 -4.69575
49.9 -4.62859
50 -4.60894
50.1 -4.66233
50.2 -4.6285
50.3 -4.67246
50.4 -4.63533
50.5 -4.62764
50.6 -4.65074
50.7 -4.62466
50.8 -4.62604
50.9 -4.63985
51 -4.63087
51.1 -4.70267
51.2 -4.64909
51.3 -4.66621
51.4 -4.65938
51.5 -4.67048
51.6 -4.70208
51.7 -4.71942
51.8 -4.67837
51.9 -4.72514
52 -4.68754
52.1 -4.72921
52.2 -4.69958
52.3 -4.7323
52.4 -4.72008
52.5 -4.71142
52.6 -4.69009
52.7 -4.69526
52.8 -4.66255
52.9 -4.71118
53 -4.75557
53.1 -4.73988
53.2 -4.71825
53.3 -4.7822
53.4 -4.81526
53.5 -4.80541
53.6 -4.81026
53.7 -4.79125
53.8 -4.79192
53.9 -4.79969
54 -4.81784
54.1 -4.86431
54.2 -4.84839
54.3 -4.86357
54.4 -4.76797
54.5 -4.82531
54.6 -4.83058
54.7 -4.83073
54.8 -4.8513
54.9 -4.86982
55 -4.82784
55.1 -4.87809
55.2 -4.85022
55.3 -4.87448
55.4 -4.81909
55.5 -4.87544
55.6 -4.83055
55.7 -4.90422
55.8 -4.92451
55.9 -4.91356
56 -4.9127
56.1 -4.92503
56.2 -4.92015
56.3 -5.00322
56.4 -4.93759
56.5 -4.94812
56.6 -4.92904
56.7 -4.95346
56.8 -4.96327
56.9 -4.97063
57 -4.94916
57.1 -4.90127
57.2 -4.94927
57.3 -4.95771
57.4 -4.96851
57.5 -4.94278
57.6 -4.9772
57.7 -4.94359
57.8 -4.99472
57.9 -4.9732
58 -4.98381
58.1 -4.98457
58.2 -5.00268
58.3 -4.9951
58.4 -5.01255
58.5 -5.0254
58.6 -5.01884
58.7 -4.99393
58.8 -5.04798
58.9 -4.9932
59 -5.02152
59.1 -5.02477
59.2 -5.04003
59.3 -5.00621
59.4 -4.97177
59.5 -5.02584
59.6 -5.02612
59.7 -5.04542
59.8 -5.0092
59.9 -5.02515
60 -5.08633
60.1 -5.03638
60.2 -4.99776
60.3 -5.01714
60.4 -5.04004
60.5 -5.04328
60.6 -5.07175
60.7 -5.02986
60.8 -4.98978
60.9 -5.01638
61 -5.06546
61.1 -5.05416
61.2 -5.02737
61.3 -4.97098
61.4 -5.02835
61.5 -5.00794
61.6 -5.04547
61.7 -5.0594
61.8 -5.03971
61.9 -5.04859
62 -5.04121
62.1 -5.00183
62.2 -5.04283
62.3 -5.02029
62.4 -5.04893
62.5 -4.97959
62.6 -5.03927
62.7 -5.06986
62.8 -5.07472
62.9 -5.07334
63 -5.05841
63.1 -5.0813
63.2 -5.0728
63.3 -5.02785
63.4 -5.09059
63.5 -5.07518
63.6 -5.07076
63.7 -5.09058
63.8 -5.08931
63.9 -5.06442
64 -5.06936
64.1 -5.06553
64.2 -5.08267
64.3 -5.06408
64.4 -5.06979
64.5 -5.10866
64.6 -5.07599
64.7 -5.01364
64.8 -5.08744
64.9 -5.09179
65 -5.09725
65.1 -5.09723
65.2 -5.08205
65.3 -5.07218
65.4 -5.10209
65.5 -5.04973
65.6 -5.08715
65.7 -5.08177
65.8 -5.09012
65.9 -5.1118
66 -5.12181
66.1 -5.11063
66.2 -5.02897
66.3 -5.11344
66.4 -5.12374
66.5 -5.09672
66.6 -5.10366
66.7 -5.14143
66.8 -5.11163
66.9 -5.09205
67 -5.06443
67.1 -5.07754
67.2 -5.07378
67.3 -5.11915
67.4 -5.12074
67.5 -5.10675
67.6 -5.09371
67.7 -5.12149
67.8 -5.10482
67.9 -5.07075
68 -5.12517
68.1 -5.13023
68.2 -5.09942
68.3 -5.03349
68.4 -5.06759
68.5 -5.07378
68.6 -5.03103
68.7 -5.04499
68.8 -5.06117
68.9 -5.05164
69 -5.08908
69.1 -5.10015
69.2 -5.04035
69.3 -5.08959
69.4 -5.00294
69.5 -5.07526
69.6 -5.08273
69.7 -5.05854
69.8 -5.08202
69.9 -5.08957
70 -5.04571
70.1 -5.08553
70.2 -5.0696
70.3 -5.11587
70.4 -5.04487
70.5 -5.04328
70.6 -5.04912
70.7 -5.13567
70.8 -5.07569
70.9 -5.06128
71 -5.06102
71.1 -5.07329
71.2 -5.05783
71.3 -5.00167
71.4 -5.05841
71.5 -5.06956
71.6 -5.03541
71.7 -5.06543
71.8 -5.06265
71.9 -5.09141
72 -5.08657
72.1 -5.07998
72.2 -5.04586
72.3 -5.04791
72.4 -5.08009
72.5 -5.05706
72.6 -5.01361
72.7 -5.0896
72.8 -5.11668
72.9 -5.03061
73 -5.07758
73.1 -5.07257
73.2 -5.11902
73.3 -5.11216
73.4 -5.05202
73.5 -5.0505
73.6 -5.07439
73.7 -5.05684
73.8 -5.02726
73.9 -5.05613
74 -5.03692
74.1 -5.03021
74.2 -5.06406
74.3 -5.02821
74.4 -5.04882
74.5 -5.00625
74.6 -5.01324
74.7 -5.06738
74.8 -5.0385
74.9 -5.02115
75 -5.00602
75.1 -5.03977
75.2 -5.07328
75.3 -5.02561
75.4 -5.07755
75.5 -5.10455
75.6 -5.04785
75.7 -5.08935
75.8 -5.0859
75.9 -5.10264
76 -5.07603
76.1 -5.07952
76.2 -5.05092
76.3 -5.09261
76.4 -5.05708
76.5 -5.08788
76.6 -5.0402
76.7 -5.10471
76.8 -5.08119
76.9 -5.05965
77 -5.09003
77.1 -5.0636
77.2 -5.09203
77.3 -5.03842
77.4 -5.01263
77.5 -5.08192
77.6 -5.04793
77.7 -5.03842
77.8 -5.08381
77.9 -5.12811
78 -5.08154
78.1 -5.10152
78.2 -5.1084
78.3 -5.13879
78.4 -5.08701
78.5 -5.09866
78.6 -5.05908
78.7 -5.0819
78.8 -5.05525
78.9 -5.07048
79 -5.09019
79.1 -5.12487
79.2 -5.08555
79.3 -5.10187
79.4 -5.09994
79.5 -5.12654
79.6 -5.15055
79.7 -5.13956
79.8 -5.09238
79.9 -5.09671
80 -5.09959
80.1 -5.10325
80.2 -5.11816
80.3 -5.09794
80.4 -5.08374
80.5 -5.12601
80.6 -5.10216
80.7 -5.08187
80.8 -5.10678
80.9 -5.08693
81 -5.10395
81.1 -5.08427
81.2 -5.11008
81.3 -5.17996
81.4 -5.16539
81.5 -5.15722
81.6 -5.14375
81.7 -5.16387
81.8 -5.14631
81.9 -5.10313
82 -5.16723
82.1 -5.08033
82.2 -5.12223
82.3 -5.0704
82.4 -5.10533
82.5 -5.09116
82.6 -5.15561
82.7 -5.13958
82.8 -5.10498
82.9 -5.13247
83 -5.14344
83.1 -5.07398
83.2 -5.13297
83.3 -5.12008
83.4 -5.13494
83.5 -5.10903
83.6 -5.10362
83.7 -5.11701
83.8 -5.0813
83.9 -5.08804
84 -5.08909
84.1 -5.10671
84.2 -5.11677
84.3 -5.15648
84.4 -5.09462
84.5 -5.10204
84.6 -5.10769
84.7 -5.13421
84.8 -5.11598
84.9 -5.10157
85 -5.09784
85.1 -5.11182
85.2 -5.14246
85.3 -5.03625
85.4 -5.13971
85.5 -5.10268
85.6 -5.10706
85.7 -5.10221
85.8 -5.06445
85.9 -5.16986
86 -5.16019
86.1 -5.15659
86.2 -5.12733
86.3 -5.13874
86.4 -5.17319
86.5 -5.1592
86.6 -5.14578
86.7 -5.08713
86.8 -5.07639
86.9 -5.09717
87 -5.14862
87.1 -5.09521
87.2 -5.08612
87.3 -5.11767
87.4 -5.11565
87.5 -5.10147
87.6 -5.12216
87.7 -5.07862
87.8 -5.06792
87.9 -5.12866
88 -5.10887
88.1 -5.12323
88.2 -5.09539
88.3 -5.06805
88.4 -5.12046
88.5 -5.0269
88.6 -5.07197
88.7 -5.13653
88.8 -5.10599
88.9 -5.10332
89 -5.06686
89.1 -5.13801
89.2 -5.09475
89.3 -5.12563
89.4 -5.12487
89.5 -5.11073
89.6 -5.11359
89.7 -5.12453
89.8 -5.06051
89.9 -5.15472
90 -5.10348
90.1 -5.08693
90.2 -5.17028
90.3 -5.12166
90.4 -5.07167
90.5 -5.13491
90.6 -5.06436
90.7 -5.1427
90.8 -5.07931
90.9 -5.11476
91 -5.12587
91.1 -5.09264
91.2 -5.1383
91.3 -5.13915
91.4 -5.10903
91.5 -5.13263
91.6 -5.11297
91.7 -5.09218
91.8 -5.13828
91.9 -5.10152
92 -5.11745
92.1 -5.16067
92.2 -5.13761
92.3 -5.13688
92.4 -5.12264
92.5 -5.14666
92.6 -5.05294
92.7 -5.11697
92.8 -5.10761
92.9 -5.09989
93 -5.11969
93.1 -5.09086
93.2 -5.14906
93.3 -5.14515
93.4 -5.13772
93.5 -5.14371
93.6 -5.14634
93.7 -5.12169
93.8 -5.18058
93.9 -5.13479
94 -5.11704
94.1 -5.1447
94.2 -5.1534
94.3 -5.12537
94.4 -5.09931
94.5 -5.10426
94.6 -5.11878
94.7 -5.1086
94.8 -5.10422
94.9 -5.10131
95 -5.12563
95.1 -5.12029
95.2 -5.09053
95.3 -5.09299
95.4 -5.1341
95.5 -5.11046
95.6 -5.14195
95.7 -5.10469
95.8 -5.08604
95.9 -5.11186
96 -5.13801
96.1 -5.10747
96.2 -5.14525
96.3 -5.12626
96.4 -5.10689
96.5 -5.12643
96.6 -5.09063
96.7 -5.21179
96.8 -5.09684
96.9 -5.10699
97 -5.13808
97.1 -5.14974
97.2 -5.14606
97.3 -5.15963
97.4 -5.13086
97.5 -5.11629
97.6 -5.15054
97.7 -5.13063
97.8 -5.12001
97.9 -5.12871
98 -5.0638
98.1 -5.11907
98.2 -5.1311
98.3 -5.12592
98.4 -5.083
98.5 -5.11536
98.6 -5.15216
98.7 -5.13539
98.8 -5.07888
98.9 -5.10001
99 -5.1535
99.1 -5.13051
99.2 -5.13197
99.3 -5.15075
99.4 -5.13624
99.5 -5.11974
99.6 -5.10121
99.7 -5.1152
99.8 -5.16367
99.9 -5.14328
100 -4.46274
