0 0.0384799
0.1 0.0384821
0.2 0.0384842
0.3 0.0384863
0.4 0.0384884
0.5 0.0384906
0.6 0.0384928
0.7 0.0384949
0.8 0.0384972
0.9 0.0384993
1 0.0385013
1.1 0.0385034
1.2 0.0385054
1.3 0.0385075
1.4 0.0385096
1.5 0.0385117
1.6 0.0385137
1.7 0.0385157
1.8 0.0385177
1.9 0.0385198
2 0.0385218
2.1 0.0385239
2.2 0.0385261
2.3 0.0385282
2.4 0.0385303
2.5 0.0385324
2.6 0.0385345
2.7 0.0385365
2.8 0.0385386
2.9 0.0385406
3 0.0385427
3.1 0.0385447
3.2 0.0385467
3.3 0.038549
3.4 0.0385512
3.5 0.0385535
3.6 0.0385557
3.7 0.0385579
3.8 0.0385603
3.9 0.0385627
4 0.0385651
4.1 0.0385675
4.2 0.0385698
4.3 0.0385722
4.4 0.0385746
4.5 0.038577
4.6 0.0385795
4.7 0.0385819
4.8 0.0385843
4.9 0.0385867
5 0.0385892
5.1 0.0385917
5.2 0.0385942
5.3 0.0385968
5.4 0.0385993
5.5 0.0386017
5.6 0.0386042
5.7 0.0386067
5.8 0.0386094
5.9 0.0386121
6 0.0386147
6.1 0.0386173
6.2 0.0386198
6.3 0.0386225
6.4 0.0386252
6.5 0.0386279
6.6 0.0386306
6.7 0.0386334
6.8 0.0386362
6.9 0.0386391
7 0.0386422
7.1 0.0386453
7.2 0.0386481
7.3 0.038651
7.4 0.0386539
7.5 0.0386568
7.6 0.0386598
7.7 0.0386629
7.8 0.0386663
7.9 0.0386693
8 0.0386725
8.1 0.0386755
8.2 0.0386784
8.3 0.0386814
8.4 0.0386839
8.5 0.0386865
8.6 0.0386892
8.7 0.038692
8.8 0.0386949
8.9 0.0386974
9 0.0386999
9.1 0.0387026
9.2 0.0387054
9.3 0.0387081
9.4 0.0387108
9.5 0.0387135
9.6 0.0387161
9.7 0.0387187
9.8 0.0387214
9.9 0.038724
10 0.0387268
10.1 0.0387294
10.2 0.0387322
10.3 0.0387348
10.4 0.0387378
10.5 0.0387403
10.6 0.0387427
10.7 0.0387451
10.8 0.0387474
10.9 0.0387499
11 0.0387524
11.1 0.038755
11.2 0.0387577
11.3 0.0387604
11.4 0.0387629
11.5 0.0387655
11.6 0.038768
11.7 0.0387705
11.8 0.0387728
11.9 0.0387749
12 0.0387768
12.1 0.0387788
12.2 0.0387807
12.3 0.0387829
12.4 0.038785
12.5 0.038787
12.6 0.038789
12.7 0.038791
12.8 0.0387933
12.9 0.0387954
13 0.0387977
13.1 0.0388001
13.2 0.0388025
13.3 0.0388048
13.4 0.0388071
13.5 0.0388094
13.6 0.0388114
13.7 0.0388136
13.8 0.038816
13.9 0.0388184
14 0.0388207
14.1 0.0388234
14.2 0.0388259
14.3 0.0388283
14.4 0.0388308
14.5 0.0388333
14.6 0.0388362
14.7 0.0388388
14.8 0.0388414
14.9 0.0388441
15 0.0388468
15.1 0.0388498
15.2 0.0388527
15.3 0.0388556
15.4 0.0388584
15.5 0.0388615
15.6 0.038864
15.7 0.0388663
15.8 0.0388686
15.9 0.038871
16 0.0388732
16.1 0.0388758
16.2 0.0388785
16.3 0.038881
16.4 0.0388835
16.5 0.0388861
16.6 0.0388887
16.7 0.0388916
16.8 0.0388938
16.9 0.038896
17 0.0388983
17.1 0.0389014
17.2 0.0389046
17.3 0.0389076
17.4 0.038911
17.5 0.0389143
17.6 0.0389179
17.7 0.0389214
17.8 0.0389253
17.9 0.0389289
18 0.0389326
18.1 0.0389358
18.2 0.0389389
18.3 0.0389423
18.4 0.0389453
18.5 0.0389488
18.6 0.0389525
18.7 0.0389569
18.8 0.0389612
18.9 0.0389651
19 0.0389698
19.1 0.038974
19.2 0.0389785
19.3 0.0389831
19.4 0.0389876
19.5 0.0389923
19.6 0.0389971
19.7 0.0390013
19.8 0.0390059
19.9 0.0390099
20 0.0390146
20.1 0.0390192
20.2 0.0390232
20.3 0.0390274
20.4 0.0390317
20.5 0.0390367
20.6 0.0390418
20.7 0.0390468
20.8 0.0390523
20.9 0.0390577
21 0.0390629
21.1 0.0390684
21.2 0.0390733
21.3 0.0390774
21.4 0.0390815
21.5 0.039086
21.6 0.0390906
21.7 0.0390952
21.8 0.0391004
21.9 0.0391059
22 0.0391112
22.1 0.0391159
22.2 0.0391207
22.3 0.0391255
22.4 0.0391297
22.5 0.0391349
22.6 0.0391408
22.7 0.0391467
22.8 0.039153
22.9 0.0391587
23 0.0391652
23.1 0.0391712
23.2 0.0391775
23.3 0.0391841
23.4 0.039191
23.5 0.0391973
23.6 0.039204
23.7 0.0392104
23.8 0.0392173
23.9 0.0392237
24 0.0392308
24.1 0.0392383
24.2 0.0392462
24.3 0.0392541
24.4 0.0392607
24.5 0.0392684
24.6 0.0392765
24.7 0.0392851
24.8 0.039293
24.9 0.0393012
25 0.0393092
25.1 0.0393169
25.2 0.0393247
25.3 0.0393335
25.4 0.0393422
25.5 0.0393508
25.6 0.0393603
25.7 0.0393684
25.8 0.0393768
25.9 0.0393862
26 0.0393967
26.1 0.0394054
26.2 0.0394144
26.3 0.039424
26.4 0.0394339
26.5 0.0394436
26.6 0.0394534
26.7 0.0394643
26.8 0.0394755
26.9 0.039486
27 0.0394966
27.1 0.0395065
27.2 0.0395183
27.3 0.0395293
27.4 0.0395411
27.5 0.0395532
27.6 0.0395645
27.7 0.0395764
27.8 0.0395896
27.9 0.0396041
28 0.0396193
28.1 0.0396344
28.2 0.0396493
28.3 0.039665
28.4 0.0396805
28.5 0.0396952
28.6 0.0397091
28.7 0.0397253
28.8 0.0397402
28.9 0.0397552
29 0.0397709
29.1 0.0397869
29.2 0.0398034
29.3 0.0398203
29.4 0.0398366
29.5 0.0398526
29.6 0.0398686
29.7 0.0398847
29.8 0.0399001
29.9 0.039916
30 0.0399301
30.1 0.0399455
30.2 0.0399613
30.3 0.0399755
30.4 0.0399919
30.5 0.0400077
30.6 0.0400241
30.7 0.0400385
30.8 0.0400554
30.9 0.040073
31 0.0400913
31.1 0.0401087
31.2 0.0401262
31.3 0.040144
31.4 0.0401614
31.5 0.0401803
31.6 0.0402001
31.7 0.0402185
31.8 0.0402395
31.9 0.0402592
32 0.0402784
32.1 0.0402991
32.2 0.0403208
32.3 0.0403406
32.4 0.0403617
32.5 0.0403832
32.6 0.0404056
32.7 0.0404268
32.8 0.0404497
32.9 0.0404742
33 0.0404972
33.1 0.0405205
33.2 0.0405426
33.3 0.0405666
33.4 0.0405892
33.5 0.0406129
33.6 0.040636
33.7 0.0406594
33.8 0.0406821
33.9 0.0407039
34 0.0407276
34.1 0.0407515
34.2 0.0407776
34.3 0.0408022
34.4 0.0408276
34.5 0.0408543
34.6 0.040881
34.7 0.0409085
34.8 0.0409354
34.9 0.0409647
35 0.040995
35.1 0.0410252
35.2 0.0410547
35.3 0.0410861
35.4 0.0411176
35.5 0.0411494
35.6 0.0411813
35.7 0.0412145
35.8 0.0412476
35.9 0.0412789
36 0.0413126
36.1 0.0413481
36.2 0.041385
36.3 0.0414213
36.4 0.0414577
36.5 0.0414935
36.6 0.0415307
36.7 0.0415657
36.8 0.0416051
36.9 0.0416439
37 0.0416821
37.1 0.0417213
37.2 0.0417622
37.3 0.0418021
37.4 0.0418438
37.5 0.0418876
37.6 0.0419324
37.7 0.0419799
37.8 0.0420266
37.9 0.0420755
38 0.0421237
38.1 0.042177
38.2 0.0422287
38.3 0.0422793
38.4 0.042336
38.5 0.0423906
38.6 0.0424465
38.7 0.0425017
38.8 0.0425606
38.9 0.0426188
39 0.0426775
39.1 0.0427336
39.2 0.0427899
39.3 0.0428499
39.4 0.0429145
39.5 0.0429793
39.6 0.0430457
39.7 0.0431124
39.8 0.0431792
39.9 0.0432487
40 0.0433182
40.1 0.0433906
40.2 0.0434669
40.3 0.0435398
40.4 0.0436171
40.5 0.0436938
40.6 0.0437733
40.7 0.0438546
40.8 0.0439382
40.9 0.0440235
41 0.0441124
41.1 0.0441975
41.2 0.044286
41.3 0.044378
41.4 0.0444657
41.5 0.0445604
41.6 0.0446572
41.7 0.0447547
41.8 0.0448545
41.9 0.0449597
42 0.0450588
42.1 0.0451661
42.2 0.0452724
42.3 0.0453792
42.4 0.0454844
42.5 0.0455937
42.6 0.0457077
42.7 0.0458186
42.8 0.0459325
42.9 0.0460432
43 0.0461586
43.1 0.0462736
43.2 0.0463869
43.3 0.0465018
43.4 0.04662
43.5 0.0467408
43.6 0.046861
43.7 0.0469868
43.8 0.04712
43.9 0.0472547
44 0.0473921
44.1 0.0475299
44.2 0.0476715
44.3 0.0478101
44.4 0.0479494
44.5 0.0480928
44.6 0.0482403
44.7 0.0483834
44.8 0.0485325
44.9 0.0486797
45 0.0488312
45.1 0.0489855
45.2 0.0491409
45.3 0.0493019
45.4 0.0494644
45.5 0.0496259
45.6 0.0497877
45.7 0.0499545
45.8 0.0501217
45.9 0.050293
46 0.0504691
46.1 0.0506435
46.2 0.0508245
46.3 0.051005
46.4 0.051193
46.5 0.0513834
46.6 0.0515734
46.7 0.0517696
46.8 0.0519616
46.9 0.0521495
47 0.0523414
47.1 0.0525238
47.2 0.0527196
47.3 0.0529217
47.4 0.053125
47.5 0.0533335
47.6 0.0535419
47.7 0.0537545
47.8 0.0539686
47.9 0.0541895
48 0.0544101
48.1 0.0546276
48.2 0.054846
48.3 0.0550671
48.4 0.0552849
48.5 0.0555134
48.6 0.0557495
48.7 0.055989
48.8 0.0562355
48.9 0.0564823
49 0.0567317
49.1 0.0569765
49.2 0.0572231
49.3 0.0574709
49.4 0.0577312
49.5 0.0580058
49.6 0.0582779
49.7 0.0585642
49.8 0.058845
49.9 0.059137
50 0.0594268
50.1 0.0597321
50.2 0.0600281
50.3 0.0603293
50.4 0.0606297
50.5 0.0609313
50.6 0.0612329
50.7 0.0615469
50.8 0.061857
50.9 0.0621711
51 0.0624937
51.1 0.0628225
51.2 0.0631516
51.3 0.0634967
51.4 0.0638415
51.5 0.064192
51.6 0.0645435
51.7 0.0649127
51.8 0.0652905
51.9 0.0656617
52 0.0660356
52.1 0.0664128
52.2 0.0667923
52.3 0.0671828
52.4 0.0675909
52.5 0.0680071
52.6 0.0684272
52.7 0.0688528
52.8 0.0692866
52.9 0.0697371
53 0.0701799
53.1 0.0706217
53.2 0.0710667
53.3 0.0715194
53.4 0.071976
53.5 0.0724442
53.6 0.0728984
53.7 0.0733588
53.8 0.0738168
53.9 0.0743023
54 0.0747805
54.1 0.075254
54.2 0.0757478
54.3 0.076248
54.4 0.0767477
54.5 0.0772564
54.6 0.0777758
54.7 0.0782807
54.8 0.0787744
54.9 0.0792841
55 0.0798021
55.1 0.0803155
55.2 0.0808445
55.3 0.0813777
55.4 0.081908
55.5 0.0824607
55.6 0.0830213
55.7 0.0835824
55.8 0.0841335
55.9 0.0847026
56 0.085285
56.1 0.0858738
56.2 0.0864665
56.3 0.0870744
56.4 0.0876883
56.5 0.0883235
56.6 0.0889693
56.7 0.0896092
56.8 0.0902505
56.9 0.0909138
57 0.0915852
57.1 0.0922645
57.2 0.0929702
57.3 0.093665
57.4 0.0943745
57.5 0.0950875
57.6 0.0957998
57.7 0.096538
57.8 0.0972828
57.9 0.0980172
58 0.0987795
58.1 0.0995575
58.2 0.100345
58.3 0.101118
58.4 0.101913
58.5 0.102706
58.6 0.1035
58.7 0.104294
58.8 0.105076
58.9 0.105867
59 0.106668
59.1 0.107465
59.2 0.108269
59.3 0.109069
59.4 0.10988
59.5 0.110697
59.6 0.111516
59.7 0.112362
59.8 0.113232
59.9 0.114098
60 0.114981
60.1 0.115883
60.2 0.116769
60.3 0.117671
60.4 0.118569
60.5 0.119446
60.6 0.120308
60.7 0.121178
60.8 0.122077
60.9 0.122968
61 0.123855
61.1 0.124769
61.2 0.125715
61.3 0.126678
61.4 0.127623
61.5 0.128592
61.6 0.129566
61.7 0.130542
61.8 0.131519
61.9 0.132498
62 0.133472
62.1 0.134426
62.2 0.135381
62.3 0.13634
62.4 0.137311
62.5 0.138303
62.6 0.139305
62.7 0.140322
62.8 0.141331
62.9 0.142296
63 0.143271
63.1 0.144253
63.2 0.145227
63.3 0.146213
63.4 0.147231
63.5 0.148258
63.6 0.149288
63.7 0.150318
63.8 0.151366
63.9 0.152414
64 0.153441
64.1 0.154449
64.2 0.155445
64.3 0.156472
64.4 0.157471
64.5 0.158442
64.6 0.159396
64.7 0.160363
64.8 0.161333
64.9 0.162296
65 0.163257
65.1 0.164197
65.2 0.165127
65.3 0.166069
65.4 0.166977
65.5 0.167886
65.6 0.168775
65.7 0.169631
65.8 0.170469
65.9 0.171304
66 0.17214
66.1 0.172965
66.2 0.173733
66.3 0.1745
66.4 0.175268
66.5 0.176
66.6 0.176725
66.7 0.177432
66.8 0.178122
66.9 0.1788
67 0.179499
67.1 0.180189
67.2 0.180887
67.3 0.181585
67.4 0.182253
67.5 0.182927
67.6 0.183572
67.7 0.1842
67.8 0.184805
67.9 0.185387
68 0.185988
68.1 0.18658
68.2 0.187161
68.3 0.187725
68.4 0.18826
68.5 0.188785
68.6 0.189298
68.7 0.189801
68.8 0.190299
68.9 0.19077
69 0.191255
69.1 0.191728
69.2 0.192202
69.3 0.192668
69.4 0.193119
69.5 0.193559
69.6 0.193997
69.7 0.194409
69.8 0.194832
69.9 0.195222
70 0.1956
70.1 0.195962
70.2 0.196312
70.3 0.196646
70.4 0.196965
70.5 0.197275
70.6 0.197575
70.7 0.197871
70.8 0.198152
70.9 0.198427
71 0.19871
71.1 0.198971
71.2 0.199231
71.3 0.199485
71.4 0.199734
71.5 0.199978
71.6 0.200227
71.7 0.200468
71.8 0.200702
71.9 0.200932
72 0.201174
72.1 0.201405
72.2 0.201618
72.3 0.201836
72.4 0.20205
72.5 0.202271
72.6 0.202481
72.7 0.202685
72.8 0.202877
72.9 0.203065
73 0.203248
73.1 0.203427
73.2 0.203596
73.3 0.203761
73.4 0.20392
73.5 0.204078
73.6 0.204239
73.7 0.204395
73.8 0.204556
73.9 0.20471
74 0.204863
74.1 0.205015
74.2 0.205166
74.3 0.205309
74.4 0.205442
74.5 0.205583
74.6 0.205714
74.7 0.205849
74.8 0.205981
74.9 0.206111
75 0.206238
75.1 0.20636
75.2 0.20648
75.3 0.206593
75.4 0.206702
75.5 0.206814
75.6 0.206925
75.7 0.207033
75.8 0.207141
75.9 0.207249
76 0.20736
76.1 0.207463
76.2 0.207559
76.3 0.207655
76.4 0.207748
76.5 0.20784
76.6 0.207927
76.7 0.208009
76.8 0.208095
76.9 0.208181
77 0.208266
77.1 0.208344
77.2 0.208412
77.3 0.208473
77.4 0.208539
77.5 0.208602
77.6 0.208659
77.7 0.208711
77.8 0.20876
77.9 0.208805
78 0.208854
78.1 0.208899
78.2 0.208945
78.3 0.208995
78.4 0.209041
78.5 0.209093
78.6 0.209144
78.7 0.20919
78.8 0.209236
78.9 0.209288
79 0.209339
79.1 0.209394
79.2 0.209442
79.3 0.209489
79.4 0.209528
79.5 0.209563
79.6 0.209589
79.7 0.209613
79.8 0.209641
79.9 0.20967
80 0.209701
80.1 0.20973
80.2 0.209763
80.3 0.209795
80.4 0.209828
80.5 0.209864
80.6 0.209902
80.7 0.209935
80.8 0.20997
80.9 0.210008
81 0.210048
81.1 0.210085
81.2 0.210122
81.3 0.210156
81.4 0.210186
81.5 0.210217
81.6 0.210246
81.7 0.210275
81.8 0.210302
81.9 0.21033
82 0.210353
82.1 0.210377
82.2 0.210402
82.3 0.210424
82.4 0.210443
82.5 0.210464
82.6 0.210486
82.7 0.210504
82.8 0.210519
82.9 0.210538
83 0.210556
83.1 0.210569
83.2 0.210582
83.3 0.210597
83.4 0.210613
83.5 0.210626
83.6 0.210637
83.7 0.210653
83.8 0.210667
83.9 0.21068
84 0.21069
84.1 0.210699
84.2 0.210705
84.3 0.210711
84.4 0.210717
84.5 0.210721
84.6 0.210726
84.7 0.210734
84.8 0.210742
84.9 0.210749
85 0.210756
85.1 0.210762
85.2 0.210767
85.3 0.210774
85.4 0.210781
85.5 0.210787
85.6 0.210793
85.7 0.210798
85.8 0.210803
85.9 0.21081
86 0.210816
86.1 0.210823
86.2 0.210829
86.3 0.210833
86.4 0.210839
86.5 0.210845
86.6 0.210848
86.7 0.210854
86.8 0.21086
86.9 0.210865
87 0.210869
87.1 0.210874
87.2 0.210876
87.3 0.210878
87.4 0.210879
87.5 0.210884
87.6 0.210889
87.7 0.210892
87.8 0.210896
87.9 0.210901
88 0.210904
88.1 0.210909
88.2 0.210914
88.3 0.210923
88.4 0.210932
88.5 0.21094
88.6 0.210948
88.7 0.210953
88.8 0.210959
88.9 0.210964
89 0.210968
89.1 0.210972
89.2 0.210976
89.3 0.210979
89.4 0.210981
89.5 0.210983
89.6 0.210989
89.7 0.210993
89.8 0.210996
89.9 0.210999
90 0.211002
90.1 0.211003
90.2 0.211005
90.3 0.211008
90.4 0.21101
90.5 0.21101
90.6 0.211011
90.7 0.211013
90.8 0.211015
90.9 0.211015
91 0.211016
91.1 0.211017
91.2 0.211019
91.3 0.211019
91.4 0.211018
91.5 0.211021
91.6 0.211024
91.7 0.211027
91.8 0.211027
91.9 0.211028
92 0.211029
92.1 0.211031
92.2 0.211032
92.3 0.211033
92.4 0.211035
92.5 0.211036
92.6 0.211037
92.7 0.211042
92.8 0.211044
92.9 0.211046
93 0.21105
93.1 0.21105
93.2 0.211051
93.3 0.211053
93.4 0.211053
93.5 0.211053
93.6 0.211053
93.7 0.211055
93.8 0.211057
93.9 0.211059
94 0.21106
94.1 0.211061
94.2 0.211062
94.3 0.211063
94.4 0.211064
94.5 0.211065
94.6 0.211066
94.7 0.211065
94.8 0.211065
94.9 0.211064
95 0.211063
95.1 0.211063
95.2 0.211063
95.3 0.211062
95.4 0.211062
95.5 0.211062
95.6 0.211064
95.7 0.211064
95.8 0.211063
95.9 0.211063
96 0.211062
96.1 0.211063
96.2 0.211065
96.3 0.211066
96.4 0.211066
96.5 0.211064
96.6 0.211063
96.7 0.211064
96.8 0.211065
96.9 0.211063
97 0.211062
97.1 0.21106
97.2 0.211058
97.3 0.211059
97.4 0.21106
97.5 0.211061
97.6 0.211059
97.7 0.21106
97.8 0.21106
97.9 0.21106
98 0.211059
98.1 0.211059
98.2 0.211059
98.3 0.211057
98.4 0.211057
98.5 0.211055
98.6 0.211055
98.7 0.211053
98.8 0.211051
98.9 0.211048
99 0.211047
99.1 0.211047
99.2 0.211047
99.3 0.211046
99.4 0.211045
99.5 0.211046
99.6 0.211047
99.7 0.211048
99.8 0.211047
99.9 0.211047
100 0.446133
