0 0
0.1 1.16734
0.2 1.16899
0.3 1.17062
0.4 1.17246
0.5 1.17428
0.6 1.17667
0.7 1.17852
0.8 1.18025
0.9 1.18203
1 1.18376
1.1 1.1853
1.2 1.1871
1.3 1.18892
1.4 1.1903
1.5 1.19199
1.6 1.19321
1.7 1.19523
1.8 1.19704
1.9 1.19913
2 1.20053
2.1 1.20219
2.2 1.2034
2.3 1.20532
2.4 1.20752
2.5 1.20955
2.6 1.21094
2.7 1.21287
2.8 1.2153
2.9 1.21778
3 1.21975
3.1 1.22232
3.2 1.22387
3.3 1.22594
3.4 1.22768
3.5 1.22944
3.6 1.23132
3.7 1.23339
3.8 1.23536
3.9 1.23725
4 1.23848
4.1 1.24044
4.2 1.24225
4.3 1.24383
4.4 1.24546
4.5 1.24725
4.6 1.2482
4.7 1.24948
4.8 1.25119
4.9 1.2531
5 1.25563
5.1 1.25753
5.2 1.25985
5.3 1.26148
5.4 1.26384
5.5 1.26603
5.6 1.26815
5.7 1.27042
5.8 1.27244
5.9 1.27473
6 1.27655
6.1 1.27746
6.2 1.27912
6.3 1.28057
6.4 1.28165
6.5 1.28369
6.6 1.2855
6.7 1.28731
6.8 1.28896
6.9 1.29096
7 1.29264
7.1 1.2948
7.2 1.29616
7.3 1.29792
7.4 1.29951
7.5 1.30149
7.6 1.30345
7.7 1.30523
7.8 1.30631
7.9 1.30767
8 1.30914
8.1 1.31088
8.2 1.3124
8.3 1.31397
8.4 1.31525
8.5 1.31677
8.6 1.31853
8.7 1.31927
8.8 1.32056
8.9 1.32257
9 1.32405
9.1 1.32634
9.2 1.32837
9.3 1.3304
9.4 1.33206
9.5 1.3338
9.6 1.33568
9.7 1.33753
9.8 1.33939
9.9 1.34105
10 1.34265
10.1 1.34404
10.2 1.34564
10.3 1.34701
10.4 1.34819
10.5 1.34976
10.6 1.35148
10.7 1.35331
10.8 1.35527
10.9 1.35712
11 1.35902
11.1 1.36082
11.2 1.36256
11.3 1.36392
11.4 1.36549
11.5 1.36713
11.6 1.36825
11.7 1.36908
11.8 1.37097
11.9 1.37327
12 1.37489
12.1 1.3765
12.2 1.37757
12.3 1.37903
12.4 1.3804
12.5 1.38258
12.6 1.38469
12.7 1.38652
12.8 1.3879
12.9 1.38943
13 1.39088
13.1 1.39234
13.2 1.39448
13.3 1.39635
13.4 1.39801
13.5 1.39941
13.6 1.40083
13.7 1.40264
13.8 1.40434
13.9 1.40559
14 1.40751
14.1 1.40887
14.2 1.4106
14.3 1.41188
14.4 1.41393
14.5 1.41553
14.6 1.41725
14.7 1.4192
14.8 1.4203
14.9 1.42042
15 1.42012
15.1 1.41952
15.2 1.41893
15.3 1.41829
15.4 1.41776
15.5 1.41731
15.6 1.41678
15.7 1.41612
15.8 1.41563
15.9 1.41498
16 1.41433
16.1 1.41388
16.2 1.41344
16.3 1.4129
16.4 1.4123
16.5 1.41175
16.6 1.41111
16.7 1.4106
16.8 1.41005
16.9 1.40938
17 1.40882
17.1 1.40849
17.2 1.40791
17.3 1.40739
17.4 1.40668
17.5 1.40598
17.6 1.4053
17.7 1.40461
17.8 1.40403
17.9 1.40336
18 1.4028
18.1 1.40299
18.2 1.40339
18.3 1.40488
18.4 1.40608
18.5 1.40753
18.6 1.40923
18.7 1.4112
18.8 1.41245
18.9 1.41427
19 1.4157
19.1 1.41729
19.2 1.41914
19.3 1.42125
19.4 1.42331
19.5 1.42548
19.6 1.42642
19.7 1.42762
19.8 1.42976
19.9 1.43144
20 1.433
20.1 1.43434
20.2 1.43601
20.3 1.43757
20.4 1.43889
20.5 1.44006
20.6 1.44076
20.7 1.44253
20.8 1.44406
20.9 1.44507
21 1.4461
21.1 1.44695
21.2 1.44836
21.3 1.44975
21.4 1.45185
21.5 1.45353
21.6 1.4553
21.7 1.45684
21.8 1.45835
21.9 1.45978
22 1.46103
22.1 1.46199
22.2 1.46281
22.3 1.46357
22.4 1.46513
22.5 1.46649
22.6 1.46833
22.7 1.46997
22.8 1.47228
22.9 1.47439
23 1.47571
23.1 1.47706
23.2 1.47906
23.3 1.48089
23.4 1.4825
23.5 1.48387
23.6 1.48519
23.7 1.48629
23.8 1.48773
23.9 1.48959
24 1.49158
24.1 1.49328
24.2 1.49496
24.3 1.49666
24.4 1.49863
24.5 1.50047
24.6 1.50216
24.7 1.50359
24.8 1.50494
24.9 1.50658
25 1.50706
25.1 1.5081
25.2 1.50995
25.3 1.51206
25.4 1.51424
25.5 1.51562
25.6 1.51736
25.7 1.51899
25.8 1.52138
25.9 1.52309
26 1.52515
26.1 1.52673
26.2 1.52874
26.3 1.53092
26.4 1.53327
26.5 1.53476
26.6 1.53696
26.7 1.5385
26.8 1.53972
26.9 1.54166
27 1.54397
27.1 1.54573
27.2 1.54737
27.3 1.5492
27.4 1.55089
27.5 1.55317
27.6 1.555
27.7 1.55705
27.8 1.55881
27.9 1.56052
28 1.56276
28.1 1.56452
28.2 1.56647
28.3 1.56835
28.4 1.57089
28.5 1.57314
28.6 1.57521
28.7 1.5774
28.8 1.57957
28.9 1.58091
29 1.58309
29.1 1.58564
29.2 1.5869
29.3 1.58903
29.4 1.59092
29.5 1.59309
29.6 1.59517
29.7 1.59751
29.8 1.60008
29.9 1.60223
30 1.6045
30.1 1.6069
30.2 1.60892
30.3 1.61112
30.4 1.61256
30.5 1.61443
30.6 1.61655
30.7 1.61923
30.8 1.62202
30.9 1.62495
31 1.62774
31.1 1.62999
31.2 1.63258
31.3 1.63517
31.4 1.63745
31.5 1.64008
31.6 1.64276
31.7 1.64571
31.8 1.64797
31.9 1.65052
32 1.65279
32.1 1.65535
32.2 1.65823
32.3 1.66066
32.4 1.66344
32.5 1.66635
32.6 1.6693
32.7 1.67203
32.8 1.67538
32.9 1.67793
33 1.68034
33.1 1.68325
33.2 1.686
33.3 1.6887
33.4 1.69205
33.5 1.6953
33.6 1.69811
33.7 1.70018
33.8 1.70279
33.9 1.70536
34 1.70843
34.1 1.71099
34.2 1.71339
34.3 1.71653
34.4 1.71966
34.5 1.72238
34.6 1.72603
34.7 1.7296
34.8 1.73332
34.9 1.73687
35 1.74003
35.1 1.74303
35.2 1.74645
35.3 1.74912
35.4 1.75207
35.5 1.75575
35.6 1.75954
35.7 1.76268
35.8 1.76597
35.9 1.76962
36 1.77324
36.1 1.7771
36.2 1.7804
36.3 1.78322
36.4 1.7872
36.5 1.79014
36.6 1.79203
36.7 1.79453
36.8 1.79825
36.9 1.80165
37 1.80362
37.1 1.80672
37.2 1.81099
37.3 1.81468
37.4 1.81756
37.5 1.82113
37.6 1.82419
37.7 1.82566
37.8 1.82805
37.9 1.83086
38 1.83384
38.1 1.83581
38.2 1.83958
38.3 1.84419
38.4 1.84719
38.5 1.85077
38.6 1.85431
38.7 1.85787
38.8 1.86257
38.9 1.86738
39 1.87154
39.1 1.87622
39.2 1.88053
39.3 1.88519
39.4 1.88922
39.5 1.89249
39.6 1.89631
39.7 1.90113
39.8 1.90527
39.9 1.91047
40 1.91483
40.1 1.91977
40.2 1.92281
40.3 1.92449
40.4 1.92693
40.5 1.93046
40.6 1.93403
40.7 1.93853
40.8 1.94192
40.9 1.94555
41 1.94907
41.1 1.95269
41.2 1.95733
41.3 1.96147
41.4 1.96603
41.5 1.97001
41.6 1.97385
41.7 1.97803
41.8 1.98161
41.9 1.98558
42 1.99008
42.1 1.99472
42.2 1.99937
42.3 2.00415
42.4 2.00864
42.5 2.01247
42.6 2.01562
42.7 2.01916
42.8 2.02271
42.9 2.02728
43 2.03133
43.1 2.03613
43.2 2.04031
43.3 2.04479
43.4 2.04898
43.5 2.05324
43.6 2.05746
43.7 2.05958
43.8 2.06317
43.9 2.06672
44 2.0711
44.1 2.07502
44.2 2.07986
44.3 2.0841
44.4 2.08862
44.5 2.09374
44.6 2.09791
44.7 2.10234
44.8 2.10647
44.9 2.11038
45 2.11494
45.1 2.11957
45.2 2.12341
45.3 2.12722
45.4 2.13098
45.5 2.13542
45.6 2.13905
45.7 2.14197
45.8 2.14508
45.9 2.14869
46 2.15264
46.1 2.15647
46.2 2.16121
46.3 2.16563
46.4 2.16989
46.5 2.17351
46.6 2.17614
46.7 2.17961
46.8 2.1834
46.9 2.18522
47 2.18838
47.1 2.19068
47.2 2.19244
47.3 2.19001
47.4 2.18604
47.5 2.18209
47.6 2.17779
47.7 2.17387
47.8 2.1704
47.9 2.16668
48 2.16327
48.1 2.15951
48.2 2.15604
48.3 2.15256
48.4 2.14901
48.5 2.14537
48.6 2.14129
48.7 2.13807
48.8 2.13524
48.9 2.13213
49 2.12865
49.1 2.12512
49.2 2.12168
49.3 2.11773
49.4 2.11364
49.5 2.10971
49.6 2.10618
49.7 2.10281
49.8 2.10011
49.9 2.09719
50 2.09397
50.1 2.09046
50.2 2.08677
50.3 2.08322
50.4 2.0798
50.5 2.07635
50.6 2.07258
50.7 2.06865
50.8 2.06507
50.9 2.06146
51 2.05798
51.1 2.05461
51.2 2.05106
51.3 2.04774
51.4 2.04499
51.5 2.04203
51.6 2.03874
51.7 2.03536
51.8 2.03326
51.9 2.0308
52 2.02778
52.1 2.02473
52.2 2.02143
52.3 2.01809
52.4 2.01431
52.5 2.01089
52.6 2.00788
52.7 2.00447
52.8 2.00107
52.9 1.99781
53 1.99476
53.1 1.99169
53.2 1.98807
53.3 1.98491
53.4 1.98196
53.5 1.979
53.6 1.97599
53.7 1.97346
53.8 1.97057
53.9 1.96748
54 1.9647
54.1 1.96189
54.2 1.95928
54.3 1.95646
54.4 1.95377
54.5 1.95063
54.6 1.94782
54.7 1.94478
54.8 1.94236
54.9 1.93986
55 1.93687
55.1 1.93338
55.2 1.93055
55.3 1.9279
55.4 1.92491
55.5 1.92176
55.6 1.91992
55.7 1.91762
55.8 1.91489
55.9 1.91274
56 1.91012
56.1 1.90793
56.2 1.90538
56.3 1.90308
56.4 1.90033
56.5 1.89759
56.6 1.89523
56.7 1.89279
56.8 1.88984
56.9 1.88695
57 1.88437
57.1 1.88193
57.2 1.879
57.3 1.87686
57.4 1.87409
57.5 1.87178
57.6 1.86931
57.7 1.86642
57.8 1.86386
57.9 1.8611
58 1.85907
58.1 1.85619
58.2 1.85357
58.3 1.8505
58.4 1.84772
58.5 1.84513
58.6 1.84276
58.7 1.84024
58.8 1.83773
58.9 1.83543
59 1.83281
59.1 1.83009
59.2 1.82739
59.3 1.82475
59.4 1.82206
59.5 1.81938
59.6 1.81692
59.7 1.81423
59.8 1.81158
59.9 1.80907
60 1.80693
60.1 1.80499
60.2 1.80236
60.3 1.79977
60.4 1.79734
60.5 1.79493
60.6 1.79278
60.7 1.79015
60.8 1.78744
60.9 1.78476
61 1.7822
61.1 1.77967
61.2 1.77689
61.3 1.77439
61.4 1.77132
61.5 1.76865
61.6 1.76584
61.7 1.7634
61.8 1.76077
61.9 1.75834
62 1.75596
62.1 1.75338
62.2 1.7511
62.3 1.74862
62.4 1.74616
62.5 1.74339
62.6 1.74096
62.7 1.7386
62.8 1.73607
62.9 1.73345
63 1.73062
63.1 1.72798
63.2 1.72555
63.3 1.72351
63.4 1.72074
63.5 1.71799
63.6 1.71622
63.7 1.71413
63.8 1.71166
63.9 1.70895
64 1.70608
64.1 1.70327
64.2 1.70142
64.3 1.69885
64.4 1.69655
64.5 1.69399
64.6 1.69166
64.7 1.69036
64.8 1.68814
64.9 1.68581
65 1.68389
65.1 1.68135
65.2 1.67882
65.3 1.67665
65.4 1.67392
65.5 1.67138
65.6 1.66878
65.7 1.66646
65.8 1.66359
65.9 1.66119
66 1.65868
66.1 1.65598
66.2 1.65359
66.3 1.65194
66.4 1.64883
66.5 1.6463
66.6 1.64392
66.7 1.6414
66.8 1.63866
66.9 1.63629
67 1.63464
67.1 1.63163
67.2 1.62884
67.3 1.62602
67.4 1.62312
67.5 1.62063
67.6 1.61779
67.7 1.61478
67.8 1.61288
67.9 1.61058
68 1.60828
68.1 1.60518
68.2 1.60251
68.3 1.59965
68.4 1.59665
68.5 1.59373
68.6 1.59072
68.7 1.58794
68.8 1.58473
68.9 1.58163
69 1.57864
69.1 1.57523
69.2 1.57271
69.3 1.57001
69.4 1.56662
69.5 1.56362
69.6 1.5603
69.7 1.55744
69.8 1.55443
69.9 1.55151
70 1.5479
70.1 1.54493
70.2 1.54167
70.3 1.53894
70.4 1.5363
70.5 1.53299
70.6 1.52973
70.7 1.52658
70.8 1.52397
70.9 1.52145
71 1.51846
71.1 1.51499
71.2 1.51181
71.3 1.50853
71.4 1.5059
71.5 1.50313
71.6 1.50077
71.7 1.49771
71.8 1.49424
71.9 1.49103
72 1.48796
72.1 1.48429
72.2 1.48149
72.3 1.47875
72.4 1.47523
72.5 1.47237
72.6 1.46951
72.7 1.46611
72.8 1.46247
72.9 1.45896
73 1.45506
73.1 1.45169
73.2 1.4481
73.3 1.4448
73.4 1.44129
73.5 1.43848
73.6 1.43499
73.7 1.43126
73.8 1.42765
73.9 1.42461
74 1.42152
74.1 1.41827
74.2 1.41404
74.3 1.41043
74.4 1.40649
74.5 1.40264
74.6 1.39927
74.7 1.39651
74.8 1.39394
74.9 1.39053
75 1.38665
75.1 1.38285
75.2 1.38002
75.3 1.37597
75.4 1.37152
75.5 1.36801
75.6 1.3645
75.7 1.36046
75.8 1.3572
75.9 1.35422
76 1.35035
76.1 1.34567
76.2 1.34184
76.3 1.33811
76.4 1.3346
76.5 1.33117
76.6 1.32777
76.7 1.32389
76.8 1.31974
76.9 1.31525
77 1.31052
77.1 1.30707
77.2 1.30353
77.3 1.2992
77.4 1.29565
77.5 1.29112
77.6 1.28729
77.7 1.28315
77.8 1.27994
77.9 1.27603
78 1.27179
78.1 1.27019
78.2 1.26757
78.3 1.26413
78.4 1.26035
78.5 1.25581
78.6 1.25122
78.7 1.24678
78.8 1.24234
78.9 1.23957
79 1.23648
79.1 1.23223
79.2 1.22876
79.3 1.22473
79.4 1.22054
79.5 1.21613
79.6 1.21245
79.7 1.20776
79.8 1.20354
79.9 1.19837
80 1.19434
80.1 1.1904
80.2 1.18689
80.3 1.1825
80.4 1.17713
80.5 1.17302
80.6 1.16855
80.7 1.1648
80.8 1.16254
80.9 1.15802
81 1.15393
81.1 1.14958
81.2 1.14506
81.3 1.1413
81.4 1.13682
81.5 1.13232
81.6 1.12735
81.7 1.12313
81.8 1.11858
81.9 1.11426
82 1.10984
82.1 1.10645
82.2 1.1027
82.3 1.09943
82.4 1.09606
82.5 1.09288
82.6 1.08776
82.7 1.08364
82.8 1.07873
82.9 1.07525
83 1.07203
83.1 1.06852
83.2 1.06357
83.3 1.05912
83.4 1.05423
83.5 1.05
83.6 1.04656
83.7 1.04266
83.8 1.0387
83.9 1.03557
84 1.0323
84.1 1.02887
84.2 1.02462
84.3 1.02072
84.4 1.01636
84.5 1.01333
84.6 1.00958
84.7 1.00512
84.8 1.00122
84.9 0.996849
85 0.993884
85.1 0.990827
85.2 0.98639
85.3 0.982795
85.4 0.978663
85.5 0.974255
85.6 0.969352
85.7 0.964643
85.8 0.960018
85.9 0.954939
86 0.950366
86.1 0.947394
86.2 0.944031
86.3 0.941174
86.4 0.936753
86.5 0.93169
86.6 0.928047
86.7 0.923842
86.8 0.919341
86.9 0.915887
87 0.912465
87.1 0.908686
87.2 0.904289
87.3 0.900505
87.4 0.897089
87.5 0.89324
87.6 0.889808
87.7 0.885572
87.8 0.882129
87.9 0.878393
88 0.874204
88.1 0.86965
88.2 0.865401
88.3 0.861356
88.4 0.857357
88.5 0.854152
88.6 0.851475
88.7 0.848624
88.8 0.844534
88.9 0.840694
89 0.837445
89.1 0.835227
89.2 0.832626
89.3 0.829181
89.4 0.825954
89.5 0.823506
89.6 0.820538
89.7 0.816787
89.8 0.813706
89.9 0.810347
90 0.807418
90.1 0.804644
90.2 0.800746
90.3 0.797076
90.4 0.794598
90.5 0.792316
90.6 0.789321
90.7 0.786688
90.8 0.783559
90.9 0.780238
91 0.776912
91.1 0.773631
91.2 0.770608
91.3 0.76747
91.4 0.763775
91.5 0.759368
91.6 0.756327
91.7 0.753297
91.8 0.751347
91.9 0.748081
92 0.745769
92.1 0.74304
92.2 0.739733
92.3 0.736834
92.4 0.734246
92.5 0.731112
92.6 0.728005
92.7 0.72505
92.8 0.722777
92.9 0.719549
93 0.716756
93.1 0.714306
93.2 0.711274
93.3 0.708405
93.4 0.706069
93.5 0.703656
93.6 0.701275
93.7 0.698712
93.8 0.696206
93.9 0.693537
94 0.691063
94.1 0.688602
94.2 0.687289
94.3 0.685277
94.4 0.682692
94.5 0.679204
94.6 0.676949
94.7 0.675738
94.8 0.673627
94.9 0.67103
95 0.669305
95.1 0.667285
95.2 0.665226
95.3 0.663331
95.4 0.661576
95.5 0.659866
95.6 0.658284
95.7 0.656529
95.8 0.654338
95.9 0.652252
96 0.650529
96.1 0.647585
96.2 0.645601
96.3 0.643331
96.4 0.641444
96.5 0.639932
96.6 0.636865
96.7 0.634687
96.8 0.63276
96.9 0.631502
97 0.630318
97.1 0.628592
97.2 0.626879
97.3 0.625661
97.4 0.624273
97.5 0.62247
97.6 0.620276
97.7 0.617809
97.8 0.615772
97.9 0.614051
98 0.611385
98.1 0.609632
98.2 0.607744
98.3 0.605929
98.4 0.603926
98.5 0.602706
98.6 0.601066
98.7 0.599198
98.8 0.597833
98.9 0.595628
99 0.593994
99.1 0.592398
99.2 0.590844
99.3 0.589196
99.4 0.587063
99.5 0.585365
99.6 0.584236
99.7 0.582583
99.8 0.581217
99.9 0.579705
100 0.578214
100.001 2.71848
