33.5 3.00437
33.5015 2.94105
33.503 2.87801
33.5045 2.81526
33.506 2.75279
33.5075 2.6906
33.509 2.6287
33.5105 2.56708
33.512 2.50574
33.5135 2.44468
33.515 2.3839
33.5165 2.3234
33.518 2.26318
33.5195 2.20323
33.521 2.14357
33.5225 2.08418
33.524 2.02506
33.5255 1.96623
33.527 1.90766
33.5285 1.84937
33.53 1.79136
33.5315 1.73361
33.533 1.67614
33.5345 1.61894
33.536 1.56202
33.5375 1.50536
33.539 1.44897
33.5405 1.39285
33.542 1.337
33.5435 1.28141
33.545 1.2261
33.5465 1.17105
33.548 1.11626
33.5495 1.06174
33.551 1.00749
33.5525 0.953494
33.554 0.899766
33.5555 0.8463
33.557 0.793097
33.5585 0.740154
33.56 0.687472
33.5615 0.63505
33.563 0.582888
33.5645 0.530984
33.566 0.479338
33.5675 0.42795
33.569 0.376819
33.5705 0.325944
33.572 0.275324
33.5735 0.224959
33.575 0.174849
33.5765 0.124993
33.578 0.0753891
33.5795 0.026038
33.581 -0.0230612
33.5825 -0.0719092
33.584 -0.120507
33.5855 -0.168854
33.587 -0.216952
33.5885 -0.264802
33.59 -0.312403
33.5915 -0.359757
33.593 -0.406864
33.5945 -0.453725
33.596 -0.50034
33.5975 -0.54671
33.599 -0.592836
33.6006 -0.638718
33.6021 -0.684357
33.6036 -0.729754
33.6051 -0.774908
33.6066 -0.819822
33.6081 -0.864494
33.6096 -0.908927
33.6111 -0.95312
33.6126 -0.997074
33.6141 -1.04079
33.6156 -1.08427
33.6171 -1.12751
33.6186 -1.17051
33.6201 -1.21328
33.6216 -1.25582
33.6231 -1.29812
33.6246 -1.34018
33.6261 -1.38201
33.6276 -1.42361
33.6291 -1.46498
33.6306 -1.50612
33.6321 -1.54702
33.6336 -1.58769
33.6351 -1.62814
33.6366 -1.66835
33.6381 -1.70834
33.6396 -1.7481
33.6411 -1.78763
33.6426 -1.82694
33.6441 -1.86601
33.6456 -1.90487
33.6471 -1.94349
33.6486 -1.9819
33.6501 -2.02008
33.6516 -2.05803
33.6531 -2.09577
33.6546 -2.13328
33.6561 -2.17057
33.6576 -2.20764
33.6591 -2.24449
33.6606 -2.28112
33.6621 -2.31753
33.6636 -2.35372
33.6651 -2.3897
33.6666 -2.42546
33.6681 -2.461
33.6696 -2.49632
33.6711 -2.53143
33.6726 -2.56632
33.6741 -2.601
33.6756 -2.63547
33.6771 -2.66972
33.6786 -2.70376
33.6801 -2.73759
33.6816 -2.77121
33.6831 -2.80461
33.6846 -2.83781
33.6861 -2.87079
33.6876 -2.90357
33.6891 -2.93614
33.6906 -2.9685
33.6921 -3.00065
33.6936 -3.0326
33.6951 -3.06434
33.6966 -3.09587
33.6981 -3.1272
33.6996 -3.15833
33.7011 -3.18925
33.7026 -3.21996
33.7041 -3.25048
33.7056 -3.28079
33.7071 -3.3109
33.7086 -3.34081
33.7101 -3.37052
33.7116 -3.40003
33.7131 -3.42934
33.7146 -3.45845
33.7161 -3.48736
33.7176 -3.51608
33.7191 -3.54459
33.7206 -3.57291
33.7221 -3.60104
33.7236 -3.62897
33.7251 -3.6567
33.7266 -3.68425
33.7281 -3.71159
33.7296 -3.73875
33.7311 -3.76571
33.7326 -3.79247
33.7341 -3.81905
33.7356 -3.84544
33.7371 -3.87163
33.7386 -3.89764
33.7401 -3.92346
33.7416 -3.94909
33.7431 -3.97453
33.7446 -3.99978
33.7461 -4.02484
33.7476 -4.04972
33.7491 -4.07441
33.7506 -4.09892
33.7521 -4.12324
33.7536 -4.14738
33.7551 -4.17134
33.7566 -4.19511
33.7581 -4.2187
33.7596 -4.2421
33.7611 -4.26533
33.7626 -4.28837
33.7641 -4.31123
33.7656 -4.33392
33.7671 -4.35642
33.7686 -4.37874
33.7701 -4.40089
33.7716 -4.42286
33.7731 -4.44465
33.7746 -4.46627
33.7761 -4.4877
33.7776 -4.50897
33.7791 -4.53006
33.7806 -4.55097
33.7821 -4.57171
33.7836 -4.59227
33.7851 -4.61267
33.7866 -4.63289
33.7881 -4.65294
33.7896 -4.67281
33.7911 -4.69252
33.7926 -4.71206
33.7941 -4.73142
33.7956 -4.75062
33.7971 -4.76965
33.7986 -4.78851
33.8002 -4.8072
33.8017 -4.82573
33.8032 -4.84409
33.8047 -4.86228
33.8062 -4.88031
33.8077 -4.89817
33.8092 -4.91587
33.8107 -4.9334
33.8122 -4.95077
33.8137 -4.96798
33.8152 -4.98503
33.8167 -5.00191
33.8182 -5.01863
33.8197 -5.03519
33.8212 -5.05159
33.8227 -5.06784
33.8242 -5.08392
33.8257 -5.09984
33.8272 -5.11561
33.8287 -5.13121
33.8302 -5.14666
33.8317 -5.16196
33.8332 -5.17709
33.8347 -5.19208
33.8362 -5.2069
33.8377 -5.22158
33.8392 -5.23609
33.8407 -5.25046
33.8422 -5.26467
33.8437 -5.27873
33.8452 -5.29263
33.8467 -5.30639
33.8482 -5.31999
33.8497 -5.33345
33.8512 -5.34675
33.8527 -5.3599
33.8542 -5.37291
33.8557 -5.38577
33.8572 -5.39847
33.8587 -5.41103
33.8602 -5.42345
33.8617 -5.43572
33.8632 -5.44784
33.8647 -5.45981
33.8662 -5.47164
33.8677 -5.48333
33.8692 -5.49487
33.8707 -5.50627
33.8722 -5.51753
33.8737 -5.52864
33.8752 -5.53961
33.8767 -5.55044
33.8782 -5.56113
33.8797 -5.57168
33.8812 -5.58209
33.8827 -5.59235
33.8842 -5.60248
33.8857 -5.61247
33.8872 -5.62233
33.8887 -5.63204
33.8902 -5.64162
33.8917 -5.65106
33.8932 -5.66037
33.8947 -5.66954
33.8962 -5.67857
33.8977 -5.68747
33.8992 -5.69624
33.9007 -5.70487
33.9022 -5.71337
33.9037 -5.72173
33.9052 -5.72997
33.9067 -5.73807
33.9082 -5.74604
33.9097 -5.75388
33.9112 -5.76159
33.9127 -5.76917
33.9142 -5.77662
33.9157 -5.78394
33.9172 -5.79113
33.9187 -5.7982
33.9202 -5.80514
33.9217 -5.81195
33.9232 -5.81863
33.9247 -5.82519
33.9262 -5.83162
33.9277 -5.83793
33.9292 -5.84411
33.9307 -5.85017
33.9322 -5.85611
33.9337 -5.86192
33.9352 -5.86761
33.9367 -5.87318
33.9382 -5.87862
33.9397 -5.88395
33.9412 -5.88915
33.9427 -5.89423
33.9442 -5.89919
33.9457 -5.90404
33.9472 -5.90876
33.9487 -5.91337
33.9502 -5.91785
33.9517 -5.92222
33.9532 -5.92648
33.9547 -5.93061
33.9562 -5.93463
33.9577 -5.93854
33.9592 -5.94233
33.9607 -5.946
33.9622 -5.94956
33.9637 -5.953
33.9652 -5.95634
33.9667 -5.95956
33.9682 -5.96266
33.9697 -5.96566
33.9712 -5.96854
33.9727 -5.97131
33.9742 -5.97397
33.9757 -5.97652
33.9772 -5.97896
33.9787 -5.98129
33.9802 -5.98352
33.9817 -5.98563
33.9832 -5.98763
33.9847 -5.98953
33.9862 -5.99132
33.9877 -5.99301
33.9892 -5.99459
33.9907 -5.99606
33.9922 -5.99742
33.9937 -5.99869
33.9952 -5.99984
33.9967 -6.0009
33.9982 -6.00185
33.9997 -6.00269
34.0013 -6.00344
34.0028 -6.00408
34.0043 -6.00462
34.0058 -6.00505
34.0073 -6.00539
34.0088 -6.00563
34.0103 -6.00576
34.0118 -6.0058
34.0133 -6.00574
34.0148 -6.00558
34.0163 -6.00532
34.0178 -6.00496
34.0193 -6.00451
34.0208 -6.00395
34.0223 -6.0033
34.0238 -6.00256
34.0253 -6.00172
34.0268 -6.00078
34.0283 -5.99975
34.0298 -5.99863
34.0313 -5.99741
34.0328 -5.99609
34.0343 -5.99469
34.0358 -5.99319
34.0373 -5.9916
34.0388 -5.98991
34.0403 -5.98814
34.0418 -5.98627
34.0433 -5.98432
34.0448 -5.98227
34.0463 -5.98013
34.0478 -5.97791
34.0493 -5.97559
34.0508 -5.97319
34.0523 -5.97069
34.0538 -5.96811
34.0553 -5.96545
34.0568 -5.96269
34.0583 -5.95985
34.0598 -5.95693
34.0613 -5.95391
34.0628 -5.95082
34.0643 -5.94763
34.0658 -5.94437
34.0673 -5.94102
34.0688 -5.93758
34.0703 -5.93407
34.0718 -5.93047
34.0733 -5.92678
34.0748 -5.92302
34.0763 -5.91917
34.0778 -5.91525
34.0793 -5.91124
34.0808 -5.90715
34.0823 -5.90298
34.0838 -5.89873
34.0853 -5.89441
34.0868 -5.89
34.0883 -5.88552
34.0898 -5.88095
34.0913 -5.87631
34.0928 -5.8716
34.0943 -5.86681
34.0958 -5.86194
34.0973 -5.85699
34.0988 -5.85197
34.1003 -5.84687
34.1018 -5.8417
34.1033 -5.83646
34.1048 -5.83114
34.1063 -5.82575
34.1078 -5.82028
34.1093 -5.81474
34.1108 -5.80913
34.1123 -5.80345
34.1138 -5.79769
34.1153 -5.79187
34.1168 -5.78597
34.1183 -5.78
34.1198 -5.77397
34.1213 -5.76786
34.1228 -5.76168
34.1243 -5.75544
34.1258 -5.74913
34.1273 -5.74274
34.1288 -5.73629
34.1303 -5.72978
34.1318 -5.7232
34.1333 -5.71655
34.1348 -5.70983
34.1363 -5.70305
34.1378 -5.6962
34.1393 -5.68929
34.1408 -5.68231
34.1423 -5.67527
34.1438 -5.66816
34.1453 -5.661
34.1468 -5.65376
34.1483 -5.64647
34.1498 -5.63911
34.1513 -5.63169
34.1528 -5.62421
34.1543 -5.61667
34.1558 -5.60907
34.1573 -5.6014
34.1588 -5.59368
34.1603 -5.5859
34.1618 -5.57805
34.1633 -5.57015
34.1648 -5.56219
34.1663 -5.55417
34.1678 -5.54609
34.1693 -5.53796
34.1708 -5.52977
34.1723 -5.52152
34.1738 -5.51321
34.1753 -5.50485
34.1768 -5.49644
34.1783 -5.48796
34.1798 -5.47944
34.1813 -5.47085
34.1828 -5.46222
34.1843 -5.45353
34.1858 -5.44478
34.1873 -5.43599
34.1888 -5.42714
34.1903 -5.41823
34.1918 -5.40928
34.1933 -5.40027
34.1948 -5.39121
34.1963 -5.38211
34.1978 -5.37295
34.1993 -5.36373
34.2009 -5.35447
34.2024 -5.34516
34.2039 -5.3358
34.2054 -5.3264
34.2069 -5.31694
34.2084 -5.30743
34.2099 -5.29788
34.2114 -5.28828
34.2129 -5.27863
34.2144 -5.26894
34.2159 -5.25919
34.2174 -5.24941
34.2189 -5.23957
34.2204 -5.22969
34.2219 -5.21977
34.2234 -5.2098
34.2249 -5.19979
34.2264 -5.18973
34.2279 -5.17963
34.2294 -5.16948
34.2309 -5.15929
34.2324 -5.14906
34.2339 -5.13879
34.2354 -5.12847
34.2369 -5.11812
34.2384 -5.10772
34.2399 -5.09728
34.2414 -5.0868
34.2429 -5.07627
34.2444 -5.06571
34.2459 -5.05511
34.2474 -5.04447
34.2489 -5.03379
34.2504 -5.02307
34.2519 -5.01232
34.2534 -5.00152
34.2549 -4.99069
34.2564 -4.97982
34.2579 -4.96891
34.2594 -4.95797
34.2609 -4.94699
34.2624 -4.93597
34.2639 -4.92492
34.2654 -4.91383
34.2669 -4.9027
34.2684 -4.89155
34.2699 -4.88035
34.2714 -4.86913
34.2729 -4.85787
34.2744 -4.84657
34.2759 -4.83524
34.2774 -4.82388
34.2789 -4.81249
34.2804 -4.80106
34.2819 -4.78961
34.2834 -4.77812
34.2849 -4.7666
34.2864 -4.75504
34.2879 -4.74346
34.2894 -4.73185
34.2909 -4.72021
34.2924 -4.70853
34.2939 -4.69683
34.2954 -4.6851
34.2969 -4.67334
34.2984 -4.66155
34.2999 -4.64973
34.3014 -4.63789
34.3029 -4.62602
34.3044 -4.61412
34.3059 -4.60219
34.3074 -4.59023
34.3089 -4.57825
34.3104 -4.56625
34.3119 -4.55422
34.3134 -4.54216
34.3149 -4.53008
34.3164 -4.51797
34.3179 -4.50584
34.3194 -4.49368
34.3209 -4.4815
34.3224 -4.4693
34.3239 -4.45707
34.3254 -4.44482
34.3269 -4.43255
34.3284 -4.42025
34.3299 -4.40793
34.3314 -4.39559
34.3329 -4.38323
34.3344 -4.37085
34.3359 -4.35844
34.3374 -4.34602
34.3389 -4.33357
34.3404 -4.32111
34.3419 -4.30862
34.3434 -4.29612
34.3449 -4.2836
34.3464 -4.27105
34.3479 -4.25849
34.3494 -4.24591
34.3509 -4.23331
34.3524 -4.2207
34.3539 -4.20806
34.3554 -4.19541
34.3569 -4.18275
34.3584 -4.17006
34.3599 -4.15736
34.3614 -4.14464
34.3629 -4.13191
34.3644 -4.11916
34.3659 -4.1064
34.3674 -4.09362
34.3689 -4.08083
34.3704 -4.06802
34.3719 -4.0552
34.3734 -4.04236
34.3749 -4.02951
34.3764 -4.01665
34.3779 -4.00377
34.3794 -3.99088
34.3809 -3.97798
34.3824 -3.96507
34.3839 -3.95214
34.3854 -3.93921
34.3869 -3.92626
34.3884 -3.9133
34.3899 -3.90033
34.3914 -3.88735
34.3929 -3.87435
34.3944 -3.86135
34.3959 -3.84834
34.3974 -3.83532
34.3989 -3.82229
34.4005 -3.80925
34.402 -3.7962
34.4035 -3.78314
34.405 -3.77008
34.4065 -3.757
34.408 -3.74392
34.4095 -3.73083
34.411 -3.71774
34.4125 -3.70464
34.414 -3.69153
34.4155 -3.67841
34.417 -3.66529
34.4185 -3.65216
34.42 -3.63903
34.4215 -3.62589
34.423 -3.61275
34.4245 -3.5996
34.426 -3.58644
34.4275 -3.57329
34.429 -3.56012
34.4305 -3.54696
34.432 -3.53379
34.4335 -3.52061
34.435 -3.50744
34.4365 -3.49426
34.438 -3.48108
34.4395 -3.46789
34.441 -3.45471
34.4425 -3.44152
34.444 -3.42833
34.4455 -3.41514
34.447 -3.40195
34.4485 -3.38875
34.45 -3.37556
34.4515 -3.36237
34.453 -3.34917
34.4545 -3.33598
34.456 -3.32278
34.4575 -3.30959
34.459 -3.2964
34.4605 -3.2832
34.462 -3.27001
34.4635 -3.25683
34.465 -3.24364
34.4665 -3.23045
34.468 -3.21727
34.4695 -3.20409
34.471 -3.19091
34.4725 -3.17774
34.474 -3.16456
34.4755 -3.15139
34.477 -3.13823
34.4785 -3.12507
34.48 -3.11191
34.4815 -3.09876
34.483 -3.08561
34.4845 -3.07247
34.486 -3.05933
34.4875 -3.04619
34.489 -3.03306
34.4905 -3.01994
34.492 -3.00683
34.4935 -2.99372
34.495 -2.98061
34.4965 -2.96751
34.498 -2.95442
34.4995 -2.94134
34.501 -2.92826
34.5025 -2.91519
34.504 -2.90213
34.5055 -2.88908
34.507 -2.87603
34.5085 -2.86299
34.51 -2.84996
34.5115 -2.83694
34.513 -2.82393
34.5145 -2.81093
34.516 -2.79794
34.5175 -2.78495
34.519 -2.77198
34.5205 -2.75902
34.522 -2.74606
34.5235 -2.73312
34.525 -2.72019
34.5265 -2.70727
34.528 -2.69436
34.5295 -2.68146
34.531 -2.66857
34.5325 -2.65569
34.534 -2.64283
34.5355 -2.62998
34.537 -2.61714
34.5385 -2.60431
34.54 -2.59149
34.5415 -2.57869
34.543 -2.5659
34.5445 -2.55313
34.546 -2.54037
34.5475 -2.52762
34.549 -2.51489
34.5505 -2.50217
34.552 -2.48946
34.5535 -2.47677
34.555 -2.46409
34.5565 -2.45143
34.558 -2.43878
34.5595 -2.42615
34.561 -2.41354
34.5625 -2.40094
34.564 -2.38835
34.5655 -2.37578
34.567 -2.36323
34.5685 -2.3507
34.57 -2.33818
34.5715 -2.32568
34.573 -2.31319
34.5745 -2.30072
34.576 -2.28827
34.5775 -2.27584
34.579 -2.26342
34.5805 -2.25103
34.582 -2.23865
34.5835 -2.22629
34.585 -2.21394
34.5865 -2.20162
34.588 -2.18931
34.5895 -2.17703
34.591 -2.16476
34.5925 -2.15252
34.594 -2.14029
34.5955 -2.12808
34.597 -2.11589
34.5985 -2.10372
34.6001 -2.09158
34.6016 -2.07945
34.6031 -2.06734
34.6046 -2.05526
34.6061 -2.04319
34.6076 -2.03115
34.6091 -2.01913
34.6106 -2.00713
34.6121 -1.99515
34.6136 -1.98319
34.6151 -1.97126
34.6166 -1.95934
34.6181 -1.94745
34.6196 -1.93558
34.6211 -1.92374
34.6226 -1.91192
34.6241 -1.90012
34.6256 -1.88834
34.6271 -1.87659
34.6286 -1.86486
34.6301 -1.85315
34.6316 -1.84147
34.6331 -1.82981
34.6346 -1.81818
34.6361 -1.80657
34.6376 -1.79499
34.6391 -1.78343
34.6406 -1.77189
34.6421 -1.76038
34.6436 -1.7489
34.6451 -1.73744
34.6466 -1.726
34.6481 -1.71459
34.6496 -1.70321
34.6511 -1.69185
34.6526 -1.68052
34.6541 -1.66922
34.6556 -1.65794
34.6571 -1.64669
34.6586 -1.63546
34.6601 -1.62426
34.6616 -1.61309
34.6631 -1.60195
34.6646 -1.59083
34.6661 -1.57974
34.6676 -1.56868
34.6691 -1.55764
34.6706 -1.54664
34.6721 -1.53566
34.6736 -1.52471
34.6751 -1.51378
34.6766 -1.50289
34.6781 -1.49203
34.6796 -1.48119
34.6811 -1.47038
34.6826 -1.4596
34.6841 -1.44885
34.6856 -1.43813
34.6871 -1.42744
34.6886 -1.41678
34.6901 -1.40615
34.6916 -1.39555
34.6931 -1.38498
34.6946 -1.37444
34.6961 -1.36393
34.6976 -1.35344
34.6991 -1.34299
34.7006 -1.33257
34.7021 -1.32219
34.7036 -1.31183
34.7051 -1.3015
34.7066 -1.2912
34.7081 -1.28094
34.7096 -1.27071
34.7111 -1.26051
34.7126 -1.25034
34.7141 -1.2402
34.7156 -1.23009
34.7171 -1.22002
34.7186 -1.20998
34.7201 -1.19997
34.7216 -1.18999
34.7231 -1.18004
34.7246 -1.17013
34.7261 -1.16025
34.7276 -1.15041
34.7291 -1.14059
34.7306 -1.13081
34.7321 -1.12107
34.7336 -1.11135
34.7351 -1.10167
34.7366 -1.09203
34.7381 -1.08241
34.7396 -1.07284
34.7411 -1.06329
34.7426 -1.05378
34.7441 -1.0443
34.7456 -1.03486
34.7471 -1.02545
34.7486 -1.01608
34.7501 -1.00674
34.7516 -0.997439
34.7531 -0.98817
34.7546 -0.978936
34.7561 -0.969737
34.7576 -0.960574
34.7591 -0.951445
34.7606 -0.942353
34.7621 -0.933295
34.7636 -0.924273
34.7651 -0.915287
34.7666 -0.906337
34.7681 -0.897423
34.7696 -0.888545
34.7711 -0.879703
34.7726 -0.870897
34.7741 -0.862127
34.7756 -0.853394
34.7771 -0.844697
34.7786 -0.836037
34.7801 -0.827414
34.7816 -0.818828
34.7831 -0.810278
34.7846 -0.801766
34.7861 -0.793291
34.7876 -0.784852
34.7891 -0.776452
34.7906 -0.768088
34.7921 -0.759762
34.7936 -0.751474
34.7951 -0.743223
34.7966 -0.73501
34.7981 -0.726835
34.7996 -0.718698
34.8012 -0.710599
34.8027 -0.702538
34.8042 -0.694515
34.8057 -0.68653
34.8072 -0.678584
34.8087 -0.670676
34.8102 -0.662807
34.8117 -0.654977
34.8132 -0.647185
34.8147 -0.639432
34.8162 -0.631718
34.8177 -0.624043
34.8192 -0.616406
34.8207 -0.608809
34.8222 -0.601252
34.8237 -0.593733
34.8252 -0.586254
34.8267 -0.578814
34.8282 -0.571414
34.8297 -0.564053
34.8312 -0.556732
34.8327 -0.549451
34.8342 -0.542209
34.8357 -0.535008
34.8372 -0.527846
34.8387 -0.520724
34.8402 -0.513643
34.8417 -0.506601
34.8432 -0.4996
34.8447 -0.492639
34.8462 -0.485719
34.8477 -0.478839
34.8492 -0.471999
34.8507 -0.4652
34.8522 -0.458442
34.8537 -0.451725
34.8552 -0.445048
34.8567 -0.438412
34.8582 -0.431817
34.8597 -0.425263
34.8612 -0.418749
34.8627 -0.412277
34.8642 -0.405847
34.8657 -0.399457
34.8672 -0.393109
34.8687 -0.386801
34.8702 -0.380536
34.8717 -0.374312
34.8732 -0.368129
34.8747 -0.361988
34.8762 -0.355888
34.8777 -0.34983
34.8792 -0.343814
34.8807 -0.337839
34.8822 -0.331907
34.8837 -0.326016
34.8852 -0.320167
34.8867 -0.314361
34.8882 -0.308596
34.8897 -0.302873
34.8912 -0.297192
34.8927 -0.291554
34.8942 -0.285958
34.8957 -0.280404
34.8972 -0.274892
34.8987 -0.269423
34.9002 -0.263996
34.9017 -0.258612
34.9032 -0.25327
34.9047 -0.247971
34.9062 -0.242714
34.9077 -0.2375
34.9092 -0.232328
34.9107 -0.227199
34.9122 -0.222113
34.9137 -0.21707
34.9152 -0.21207
34.9167 -0.207112
34.9182 -0.202197
34.9197 -0.197326
34.9212 -0.192497
34.9227 -0.187711
34.9242 -0.182968
34.9257 -0.178268
34.9272 -0.173612
34.9287 -0.168998
34.9302 -0.164428
34.9317 -0.159901
34.9332 -0.155417
34.9347 -0.150977
34.9362 -0.146579
34.9377 -0.142225
34.9392 -0.137914
34.9407 -0.133647
34.9422 -0.129423
34.9437 -0.125243
34.9452 -0.121106
34.9467 -0.117012
34.9482 -0.112962
34.9497 -0.108955
34.9512 -0.104992
34.9527 -0.101073
34.9542 -0.0971971
34.9557 -0.0933648
34.9572 -0.0895762
34.9587 -0.0858312
34.9602 -0.0821298
34.9617 -0.0784721
34.9632 -0.0748582
34.9647 -0.0712879
34.9662 -0.0677614
34.9677 -0.0642786
34.9692 -0.0608395
34.9707 -0.0574443
34.9722 -0.0540928
34.9737 -0.0507851
34.9752 -0.0475212
34.9767 -0.0443012
34.9782 -0.041125
34.9797 -0.0379926
34.9812 -0.034904
34.9827 -0.0318594
34.9842 -0.0288586
34.9857 -0.0259016
34.9872 -0.0229886
34.9887 -0.0201194
34.9902 -0.0172942
34.9917 -0.0145128
34.9932 -0.0117753
34.9947 -0.00908173
34.9962 -0.00643206
34.9977 -0.00382631
34.9992 -0.00126446
35.0008 0.00125348
35.0023 0.00372751
35.0038 0.00615763
35.0053 0.00854384
35.0068 0.0108861
35.0083 0.0131845
35.0098 0.015439
35.0113 0.0176496
35.0128 0.0198164
35.0143 0.0219392
35.0158 0.0240181
35.0173 0.0260532
35.0188 0.0280444
35.0203 0.0299917
35.0218 0.0318952
35.0233 0.0337549
35.0248 0.0355707
35.0263 0.0373427
35.0278 0.0390709
35.0293 0.0407553
35.0308 0.0423959
35.0323 0.0439928
35.0338 0.0455458
35.0353 0.0470552
35.0368 0.0485208
35.0383 0.0499427
35.0398 0.0513209
35.0413 0.0526554
35.0428 0.0539463
35.0443 0.0551935
35.0458 0.0563971
35.0473 0.0575571
35.0488 0.0586735
35.0503 0.0597463
35.0518 0.0607757
35.0533 0.0617615
35.0548 0.0627037
35.0563 0.0636026
35.0578 0.064458
35.0593 0.0652699
35.0608 0.0660385
35.0623 0.0667637
35.0638 0.0674455
35.0653 0.0680841
35.0668 0.0686793
35.0683 0.0692313
35.0698 0.0697401
35.0713 0.0702057
35.0728 0.0706281
35.0743 0.0710074
35.0758 0.0713435
35.0773 0.0716366
35.0788 0.0718867
35.0803 0.0720938
35.0818 0.0722579
35.0833 0.0723791
35.0848 0.0724574
35.0863 0.0724928
35.0878 0.0724854
35.0893 0.0724352
35.0908 0.0723423
35.0923 0.0722067
35.0938 0.0720284
35.0953 0.0718075
35.0968 0.071544
35.0983 0.071238
35.0998 0.0708895
35.1013 0.0704985
35.1028 0.0700652
35.1043 0.0695894
35.1058 0.0690714
35.1073 0.0685111
35.1088 0.0679085
35.1103 0.0672638
35.1118 0.066577
35.1133 0.0658481
35.1148 0.0650771
35.1163 0.0642642
35.1178 0.0634093
35.1193 0.0625126
35.1208 0.0615741
35.1223 0.0605937
35.1238 0.0595717
35.1253 0.058508
35.1268 0.0574027
35.1283 0.0562558
35.1298 0.0550675
35.1313 0.0538377
35.1328 0.0525665
35.1343 0.051254
35.1358 0.0499002
35.1373 0.0485052
35.1388 0.0470691
35.1403 0.0455918
35.1418 0.0440736
35.1433 0.0425144
35.1448 0.0409143
35.1463 0.0392734
35.1478 0.0375916
35.1493 0.0358692
35.1508 0.0341062
35.1523 0.0323025
35.1538 0.0304584
35.1553 0.0285738
35.1568 0.0266488
35.1583 0.0246836
35.1598 0.0226781
35.1613 0.0206324
35.1628 0.0185466
35.1643 0.0164208
35.1658 0.0142551
35.1673 0.0120495
35.1688 0.00980404
35.1703 0.00751888
35.1718 0.00519406
35.1733 0.00282966
35.1748 0.000425751
35.1763 -0.00201759
35.1778 -0.00450028
35.1793 -0.00702224
35.1808 -0.0095834
35.1823 -0.0121837
35.1838 -0.014823
35.1853 -0.0175013
35.1868 -0.0202184
35.1883 -0.0229744
35.1898 -0.025769
35.1913 -0.0286023
35.1928 -0.0314741
35.1943 -0.0343844
35.1958 -0.0373331
35.1973 -0.04032
35.1988 -0.0433451
35.2004 -0.0464084
35.2019 -0.0495097
35.2034 -0.0526489
35.2049 -0.055826
35.2064 -0.0590408
35.2079 -0.0622933
35.2094 -0.0655834
35.2109 -0.068911
35.2124 -0.072276
35.2139 -0.0756782
35.2154 -0.0791177
35.2169 -0.0825943
35.2184 -0.0861079
35.2199 -0.0896584
35.2214 -0.0932458
35.2229 -0.0968698
35.2244 -0.100531
35.2259 -0.104228
35.2274 -0.107961
35.2289 -0.111731
35.2304 -0.115538
35.2319 -0.11938
35.2334 -0.123258
35.2349 -0.127173
35.2364 -0.131123
35.2379 -0.135109
35.2394 -0.13913
35.2409 -0.143187
35.2424 -0.14728
35.2439 -0.151407
35.2454 -0.15557
35.2469 -0.159768
35.2484 -0.164001
35.2499 -0.168269
35.2514 -0.172572
35.2529 -0.176909
35.2544 -0.181281
35.2559 -0.185687
35.2574 -0.190128
35.2589 -0.194602
35.2604 -0.199111
35.2619 -0.203654
35.2634 -0.208231
35.2649 -0.212841
35.2664 -0.217485
35.2679 -0.222162
35.2694 -0.226873
35.2709 -0.231618
35.2724 -0.236395
35.2739 -0.241205
35.2754 -0.246049
35.2769 -0.250925
35.2784 -0.255833
35.2799 -0.260775
35.2814 -0.265749
35.2829 -0.270755
35.2844 -0.275793
35.2859 -0.280863
35.2874 -0.285965
35.2889 -0.291099
35.2904 -0.296265
35.2919 -0.301462
35.2934 -0.306691
35.2949 -0.311951
35.2964 -0.317242
35.2979 -0.322564
35.2994 -0.327917
35.3009 -0.333301
35.3024 -0.338716
35.3039 -0.344161
35.3054 -0.349636
35.3069 -0.355142
35.3084 -0.360677
35.3099 -0.366243
35.3114 -0.371838
35.3129 -0.377464
35.3144 -0.383118
35.3159 -0.388803
35.3174 -0.394516
35.3189 -0.400259
35.3204 -0.40603
35.3219 -0.411831
35.3234 -0.41766
35.3249 -0.423518
35.3264 -0.429404
35.3279 -0.435318
35.3294 -0.441261
35.3309 -0.447232
35.3324 -0.45323
35.3339 -0.459257
35.3354 -0.46531
35.3369 -0.471392
35.3384 -0.4775
35.3399 -0.483636
35.3414 -0.489798
35.3429 -0.495988
35.3444 -0.502204
35.3459 -0.508446
35.3474 -0.514715
35.3489 -0.521011
35.3504 -0.527332
35.3519 -0.533679
35.3534 -0.540052
35.3549 -0.546451
35.3564 -0.552875
35.3579 -0.559324
35.3594 -0.565798
35.3609 -0.572298
35.3624 -0.578822
35.3639 -0.585371
35.3654 -0.591944
35.3669 -0.598542
35.3684 -0.605164
35.3699 -0.61181
35.3714 -0.618479
35.3729 -0.625173
35.3744 -0.63189
35.3759 -0.63863
35.3774 -0.645394
35.3789 -0.65218
35.3804 -0.65899
35.3819 -0.665822
35.3834 -0.672676
35.3849 -0.679553
35.3864 -0.686453
35.3879 -0.693374
35.3894 -0.700317
35.3909 -0.707282
35.3924 -0.714268
35.3939 -0.721275
35.3954 -0.728304
35.3969 -0.735354
35.3984 -0.742424
35.3999 -0.749516
35.4015 -0.756627
35.403 -0.763759
35.4045 -0.770911
35.406 -0.778083
35.4075 -0.785275
35.409 -0.792486
35.4105 -0.799717
35.412 -0.806967
35.4135 -0.814236
35.415 -0.821524
35.4165 -0.82883
35.418 -0.836155
35.4195 -0.843499
35.421 -0.85086
35.4225 -0.85824
35.424 -0.865637
35.4255 -0.873051
35.427 -0.880483
35.4285 -0.887933
35.43 -0.895399
35.4315 -0.902882
35.433 -0.910382
35.4345 -0.917898
35.436 -0.92543
35.4375 -0.932979
35.439 -0.940543
35.4405 -0.948123
35.442 -0.955718
35.4435 -0.963329
35.445 -0.970955
35.4465 -0.978595
35.448 -0.986251
35.4495 -0.993921
35.451 -1.0016
35.4525 -1.0093
35.454 -1.01702
35.4555 -1.02474
35.457 -1.03248
35.4585 -1.04023
35.46 -1.048
35.4615 -1.05578
35.463 -1.06357
35.4645 -1.07137
35.466 -1.07919
35.4675 -1.08702
35.469 -1.09486
35.4705 -1.10271
35.472 -1.11057
35.4735 -1.11845
35.475 -1.12633
35.4765 -1.13423
35.478 -1.14214
35.4795 -1.15005
35.481 -1.15798
35.4825 -1.16592
35.484 -1.17387
35.4855 -1.18182
35.487 -1.18979
35.4885 -1.19777
35.49 -1.20575
35.4915 -1.21374
35.493 -1.22174
35.4945 -1.22975
35.496 -1.23777
35.4975 -1.2458
35.499 -1.25383
35.5005 -1.26187
35.502 -1.26992
35.5035 -1.27798
35.505 -1.28604
35.5065 -1.29411
35.508 -1.30218
35.5095 -1.31026
35.511 -1.31835
35.5125 -1.32644
35.514 -1.33454
35.5155 -1.34264
35.517 -1.35075
35.5185 -1.35886
35.52 -1.36698
35.5215 -1.3751
35.523 -1.38323
35.5245 -1.39136
35.526 -1.39949
35.5275 -1.40762
35.529 -1.41576
35.5305 -1.42391
35.532 -1.43205
35.5335 -1.4402
35.535 -1.44835
35.5365 -1.4565
35.538 -1.46465
35.5395 -1.47281
35.541 -1.48096
35.5425 -1.48912
35.544 -1.49728
35.5455 -1.50544
35.547 -1.51359
35.5485 -1.52175
35.55 -1.52991
35.5515 -1.53807
35.553 -1.54623
35.5545 -1.55438
35.556 -1.56254
35.5575 -1.57069
35.559 -1.57884
35.5605 -1.58699
35.562 -1.59514
35.5635 -1.60329
35.565 -1.61143
35.5665 -1.61957
35.568 -1.62771
35.5695 -1.63584
35.571 -1.64397
35.5725 -1.6521
35.574 -1.66022
35.5755 -1.66834
35.577 -1.67645
35.5785 -1.68456
35.58 -1.69266
35.5815 -1.70076
35.583 -1.70885
35.5845 -1.71694
35.586 -1.72502
35.5875 -1.73309
35.589 -1.74116
35.5905 -1.74922
35.592 -1.75727
35.5935 -1.76531
35.595 -1.77335
35.5965 -1.78138
35.598 -1.7894
35.5995 -1.79742
35.6011 -1.80542
35.6026 -1.81341
35.6041 -1.8214
35.6056 -1.82938
35.6071 -1.83734
35.6086 -1.8453
35.6101 -1.85324
35.6116 -1.86118
35.6131 -1.8691
35.6146 -1.87702
35.6161 -1.88492
35.6176 -1.89281
35.6191 -1.90068
35.6206 -1.90855
35.6221 -1.9164
35.6236 -1.92424
35.6251 -1.93207
35.6266 -1.93988
35.6281 -1.94768
35.6296 -1.95547
35.6311 -1.96324
35.6326 -1.971
35.6341 -1.97874
35.6356 -1.98647
35.6371 -1.99418
35.6386 -2.00188
35.6401 -2.00956
35.6416 -2.01722
35.6431 -2.02487
35.6446 -2.03251
35.6461 -2.04012
35.6476 -2.04772
35.6491 -2.0553
35.6506 -2.06286
35.6521 -2.0704
35.6536 -2.07793
35.6551 -2.08544
35.6566 -2.09292
35.6581 -2.10039
35.6596 -2.10784
35.6611 -2.11527
35.6626 -2.12268
35.6641 -2.13007
35.6656 -2.13744
35.6671 -2.14478
35.6686 -2.15211
35.6701 -2.15941
35.6716 -2.1667
35.6731 -2.17395
35.6746 -2.18119
35.6761 -2.18841
35.6776 -2.1956
35.6791 -2.20277
35.6806 -2.20991
35.6821 -2.21703
35.6836 -2.22413
35.6851 -2.2312
35.6866 -2.23825
35.6881 -2.24527
35.6896 -2.25226
35.6911 -2.25923
35.6926 -2.26618
35.6941 -2.2731
35.6956 -2.27999
35.6971 -2.28685
35.6986 -2.29369
35.7001 -2.3005
35.7016 -2.30728
35.7031 -2.31403
35.7046 -2.32076
35.7061 -2.32745
35.7076 -2.33412
35.7091 -2.34075
35.7106 -2.34736
35.7121 -2.35394
35.7136 -2.36048
35.7151 -2.367
35.7166 -2.37349
35.7181 -2.37994
35.7196 -2.38636
35.7211 -2.39275
35.7226 -2.39911
35.7241 -2.40543
35.7256 -2.41172
35.7271 -2.41798
35.7286 -2.42421
35.7301 -2.4304
35.7316 -2.43656
35.7331 -2.44268
35.7346 -2.44877
35.7361 -2.45482
35.7376 -2.46084
35.7391 -2.46682
35.7406 -2.47276
35.7421 -2.47867
35.7436 -2.48454
35.7451 -2.49038
35.7466 -2.49617
35.7481 -2.50193
35.7496 -2.50765
35.7511 -2.51334
35.7526 -2.51898
35.7541 -2.52458
35.7556 -2.53015
35.7571 -2.53568
35.7586 -2.54116
35.7601 -2.54661
35.7616 -2.55201
35.7631 -2.55737
35.7646 -2.56269
35.7661 -2.56797
35.7676 -2.57321
35.7691 -2.57841
35.7706 -2.58356
35.7721 -2.58867
35.7736 -2.59374
35.7751 -2.59876
35.7766 -2.60373
35.7781 -2.60867
35.7796 -2.61356
35.7811 -2.6184
35.7826 -2.6232
35.7841 -2.62795
35.7856 -2.63266
35.7871 -2.63731
35.7886 -2.64193
35.7901 -2.64649
35.7916 -2.65101
35.7931 -2.65548
35.7946 -2.6599
35.7961 -2.66427
35.7976 -2.6686
35.7991 -2.67287
35.8007 -2.6771
35.8022 -2.68127
35.8037 -2.68539
35.8052 -2.68947
35.8067 -2.69349
35.8082 -2.69746
35.8097 -2.70138
35.8112 -2.70525
35.8127 -2.70906
35.8142 -2.71282
35.8157 -2.71653
35.8172 -2.72018
35.8187 -2.72378
35.8202 -2.72733
35.8217 -2.73082
35.8232 -2.73426
35.8247 -2.73764
35.8262 -2.74097
35.8277 -2.74423
35.8292 -2.74745
35.8307 -2.7506
35.8322 -2.7537
35.8337 -2.75674
35.8352 -2.75973
35.8367 -2.76265
35.8382 -2.76552
35.8397 -2.76832
35.8412 -2.77107
35.8427 -2.77376
35.8442 -2.77639
35.8457 -2.77895
35.8472 -2.78146
35.8487 -2.7839
35.8502 -2.78629
35.8517 -2.78861
35.8532 -2.79087
35.8547 -2.79306
35.8562 -2.7952
35.8577 -2.79727
35.8592 -2.79927
35.8607 -2.80121
35.8622 -2.80309
35.8637 -2.8049
35.8652 -2.80665
35.8667 -2.80833
35.8682 -2.80994
35.8697 -2.81149
35.8712 -2.81297
35.8727 -2.81438
35.8742 -2.81573
35.8757 -2.81701
35.8772 -2.81821
35.8787 -2.81935
35.8802 -2.82042
35.8817 -2.82143
35.8832 -2.82236
35.8847 -2.82322
35.8862 -2.82401
35.8877 -2.82473
35.8892 -2.82537
35.8907 -2.82595
35.8922 -2.82645
35.8937 -2.82688
35.8952 -2.82724
35.8967 -2.82752
35.8982 -2.82773
35.8997 -2.82787
35.9012 -2.82793
35.9027 -2.82791
35.9042 -2.82782
35.9057 -2.82765
35.9072 -2.82741
35.9087 -2.82709
35.9102 -2.8267
35.9117 -2.82622
35.9132 -2.82567
35.9147 -2.82504
35.9162 -2.82433
35.9177 -2.82354
35.9192 -2.82268
35.9207 -2.82173
35.9222 -2.8207
35.9237 -2.81959
35.9252 -2.8184
35.9267 -2.81713
35.9282 -2.81578
35.9297 -2.81434
35.9312 -2.81282
35.9327 -2.81122
35.9342 -2.80954
35.9357 -2.80777
35.9372 -2.80591
35.9387 -2.80397
35.9402 -2.80195
35.9417 -2.79984
35.9432 -2.79765
35.9447 -2.79536
35.9462 -2.79299
35.9477 -2.79054
35.9492 -2.78799
35.9507 -2.78536
35.9522 -2.78264
35.9537 -2.77983
35.9552 -2.77693
35.9567 -2.77394
35.9582 -2.77087
35.9597 -2.7677
35.9612 -2.76443
35.9627 -2.76108
35.9642 -2.75764
35.9657 -2.7541
35.9672 -2.75047
35.9687 -2.74675
35.9702 -2.74293
35.9717 -2.73902
35.9732 -2.73502
35.9747 -2.73092
35.9762 -2.72672
35.9777 -2.72243
35.9792 -2.71804
35.9807 -2.71356
35.9822 -2.70898
35.9837 -2.7043
35.9852 -2.69953
35.9867 -2.69465
35.9882 -2.68968
35.9897 -2.6846
35.9912 -2.67943
35.9927 -2.67416
35.9942 -2.66879
35.9957 -2.66331
35.9972 -2.65774
35.9987 -2.65206
36.0003 -2.64628
36.0018 -2.6404
36.0033 -2.63441
36.0048 -2.62832
36.0063 -2.62213
36.0078 -2.61583
36.0093 -2.60943
36.0108 -2.60292
36.0123 -2.59631
36.0138 -2.58959
36.0153 -2.58276
36.0168 -2.57583
36.0183 -2.56879
36.0198 -2.56164
36.0213 -2.55438
36.0228 -2.54701
36.0243 -2.53954
36.0258 -2.53195
36.0273 -2.52425
36.0288 -2.51645
36.0303 -2.50853
36.0318 -2.5005
36.0333 -2.49235
36.0348 -2.4841
36.0363 -2.47573
36.0378 -2.46725
36.0393 -2.45866
36.0408 -2.44995
36.0423 -2.44112
36.0438 -2.43218
36.0453 -2.42313
36.0468 -2.41395
36.0483 -2.40466
36.0498 -2.39526
36.0513 -2.38574
36.0528 -2.37609
36.0543 -2.36633
36.0558 -2.35645
36.0573 -2.34646
36.0588 -2.33634
36.0603 -2.3261
36.0618 -2.31574
36.0633 -2.30526
36.0648 -2.29466
36.0663 -2.28393
36.0678 -2.27308
36.0693 -2.26211
36.0708 -2.25102
36.0723 -2.2398
36.0738 -2.22845
36.0753 -2.21699
36.0768 -2.20539
36.0783 -2.19367
36.0798 -2.18183
36.0813 -2.16985
36.0828 -2.15775
36.0843 -2.14552
36.0858 -2.13316
36.0873 -2.12068
36.0888 -2.10806
36.0903 -2.09532
36.0918 -2.08244
36.0933 -2.06943
36.0948 -2.0563
36.0963 -2.04303
36.0978 -2.02962
36.0993 -2.01609
36.1008 -2.00242
36.1023 -1.98862
36.1038 -1.97469
36.1053 -1.96061
36.1068 -1.94641
36.1083 -1.93207
36.1098 -1.91759
36.1113 -1.90298
36.1128 -1.88823
36.1143 -1.87334
36.1158 -1.85831
36.1173 -1.84314
36.1188 -1.82784
36.1203 -1.8124
36.1218 -1.79681
36.1233 -1.78109
36.1248 -1.76522
36.1263 -1.74922
36.1278 -1.73307
36.1293 -1.71677
36.1308 -1.70034
36.1323 -1.68376
36.1338 -1.66704
36.1353 -1.65017
36.1368 -1.63316
36.1383 -1.616
36.1398 -1.5987
36.1413 -1.58125
36.1428 -1.56365
36.1443 -1.54591
36.1458 -1.52802
36.1473 -1.50998
36.1488 -1.49179
36.1503 -1.47345
36.1518 -1.45496
36.1533 -1.43632
36.1548 -1.41753
36.1563 -1.39859
36.1578 -1.37949
36.1593 -1.36024
36.1608 -1.34084
36.1623 -1.32129
36.1638 -1.30158
36.1653 -1.28172
36.1668 -1.2617
36.1683 -1.24153
36.1698 -1.2212
36.1713 -1.20071
36.1728 -1.18007
36.1743 -1.15927
36.1758 -1.13831
36.1773 -1.11719
36.1788 -1.09591
36.1803 -1.07448
36.1818 -1.05288
36.1833 -1.03112
36.1848 -1.0092
36.1863 -0.98712
36.1878 -0.964876
36.1893 -0.94247
36.1908 -0.9199
36.1923 -0.897166
36.1938 -0.874267
36.1953 -0.851204
36.1968 -0.827975
36.1983 -0.80458
36.1998 -0.781018
36.2014 -0.75729
36.2029 -0.733393
36.2044 -0.709329
36.2059 -0.685096
36.2074 -0.660694
36.2089 -0.636122
36.2104 -0.611379
36.2119 -0.586466
36.2134 -0.561382
36.2149 -0.536125
36.2164 -0.510696
36.2179 -0.485095
36.2194 -0.45932
36.2209 -0.43337
36.2224 -0.407247
36.2239 -0.380948
36.2254 -0.354473
36.2269 -0.327823
36.2284 -0.300995
36.2299 -0.273991
36.2314 -0.246808
36.2329 -0.219448
36.2344 -0.191908
36.2359 -0.164189
36.2374 -0.13629
36.2389 -0.108211
36.2404 -0.0799502
36.2419 -0.0515081
36.2434 -0.0228839
36.2449 0.00592301
36.2464 0.0349131
36.2479 0.064087
36.2494 0.0934453
36.2509 0.122988
36.2524 0.152717
36.2539 0.182631
36.2554 0.212732
36.2569 0.243021
36.2584 0.273496
36.2599 0.30416
36.2614 0.335013
36.2629 0.366055
36.2644 0.397287
36.2659 0.428709
36.2674 0.460322
36.2689 0.492127
36.2704 0.524123
36.2719 0.556313
36.2734 0.588695
36.2749 0.621272
36.2764 0.654042
36.2779 0.687008
36.2794 0.720169
36.2809 0.753526
36.2824 0.787079
36.2839 0.82083
36.2854 0.854779
36.2869 0.888925
36.2884 0.923271
36.2899 0.957815
36.2914 0.99256
36.2929 1.02751
36.2944 1.06265
36.2959 1.098
36.2974 1.13355
36.2989 1.1693
36.3004 1.20526
36.3019 1.24142
36.3034 1.27779
36.3049 1.31436
36.3064 1.35113
36.3079 1.38811
36.3094 1.4253
36.3109 1.4627
36.3124 1.5003
36.3139 1.53811
36.3154 1.57614
36.3169 1.61437
36.3184 1.65281
36.3199 1.69146
36.3214 1.73033
36.3229 1.7694
36.3244 1.80869
36.3259 1.84819
36.3274 1.88791
36.3289 1.92784
36.3304 1.96798
36.3319 2.00834
36.3334 2.04892
36.3349 2.08971
36.3364 2.13072
36.3379 2.17195
36.3394 2.2134
36.3409 2.25506
36.3424 2.29695
36.3439 2.33906
36.3454 2.38138
36.3469 2.42393
36.3484 2.4667
36.3499 2.50969
36.3514 2.55291
36.3529 2.59635
36.3544 2.64001
36.3559 2.6839
36.3574 2.72801
36.3589 2.77235
36.3604 2.81692
36.3619 2.86172
36.3634 2.90674
36.3649 2.95199
36.3664 2.99747
36.3679 3.04318
36.3694 3.08912
36.3709 3.13529
36.3724 3.1817
36.3739 3.22833
36.3754 3.2752
36.3769 3.3223
36.3784 3.36963
36.3799 3.4172
36.3814 3.46501
36.3829 3.51305
36.3844 3.56133
36.3859 3.60984
36.3874 3.65859
36.3889 3.70758
36.3904 3.75681
36.3919 3.80628
36.3934 3.85599
36.3949 3.90594
36.3964 3.95613
36.3979 4.00656
36.3994 4.05724
36.401 4.10815
36.4025 4.15932
36.404 4.21072
36.4055 4.26237
36.407 4.31427
36.4085 4.36641
36.41 4.4188
36.4115 4.47144
36.413 4.52432
36.4145 4.57746
36.416 4.63084
36.4175 4.68448
36.419 4.73836
36.4205 4.79249
36.422 4.84688
36.4235 4.90152
36.425 4.95641
36.4265 5.01156
36.428 5.06696
36.4295 5.12262
36.431 5.17853
36.4325 5.23469
36.434 5.29112
36.4355 5.3478
36.437 5.40474
36.4385 5.46194
36.44 5.51939
36.4415 5.57711
36.443 5.63509
36.4445 5.69333
36.446 5.75183
36.4475 5.8106
36.449 5.86962
36.4505 5.92891
36.452 5.98847
36.4535 6.04829
36.455 6.10838
36.4565 6.16873
36.458 6.22935
36.4595 6.29024
36.461 6.35139
36.4625 6.41282
36.464 6.47451
36.4655 6.53648
36.467 6.59871
36.4685 6.66122
36.47 6.724
36.4715 6.78705
36.473 6.85037
36.4745 6.91397
36.476 6.97785
36.4775 7.042
36.479 7.10642
36.4805 7.17113
36.482 7.23611
36.4835 7.30136
36.485 7.3669
36.4865 7.43271
36.488 7.49881
36.4895 7.56519
36.491 7.63184
36.4925 7.69878
36.494 7.76601
36.4955 7.83351
36.497 7.9013
36.4985 7.96937
36.5 8.03773
