13.5 3.02835
13.5015 2.96927
13.503 2.91046
13.5045 2.85192
13.506 2.79365
13.5075 2.73565
13.509 2.67791
13.5105 2.62044
13.512 2.56324
13.5135 2.5063
13.515 2.44962
13.5165 2.39321
13.518 2.33706
13.5195 2.28118
13.521 2.22556
13.5225 2.1702
13.524 2.1151
13.5255 2.06025
13.527 2.00567
13.5285 1.95135
13.53 1.89729
13.5315 1.84348
13.533 1.78993
13.5345 1.73664
13.536 1.6836
13.5375 1.63082
13.539 1.5783
13.5405 1.52602
13.542 1.474
13.5435 1.42224
13.545 1.37072
13.5465 1.31946
13.548 1.26845
13.5495 1.21768
13.551 1.16717
13.5525 1.11691
13.554 1.06689
13.5555 1.01713
13.557 0.967608
13.5585 0.918335
13.56 0.869308
13.5615 0.820526
13.563 0.771989
13.5645 0.723697
13.566 0.675648
13.5675 0.627842
13.569 0.580278
13.5705 0.532956
13.572 0.485876
13.5735 0.439036
13.575 0.392436
13.5765 0.346075
13.578 0.299953
13.5795 0.25407
13.581 0.208424
13.5825 0.163015
13.584 0.117842
13.5855 0.0729055
13.587 0.0282039
13.5885 -0.0162631
13.59 -0.060496
13.5915 -0.104496
13.593 -0.148262
13.5945 -0.191797
13.596 -0.235099
13.5975 -0.278171
13.599 -0.321012
13.6006 -0.363624
13.6021 -0.406006
13.6036 -0.448159
13.6051 -0.490085
13.6066 -0.531782
13.6081 -0.573253
13.6096 -0.614498
13.6111 -0.655516
13.6126 -0.69631
13.6141 -0.736879
13.6156 -0.777224
13.6171 -0.817345
13.6186 -0.857244
13.6201 -0.89692
13.6216 -0.936375
13.6231 -0.975608
13.6246 -1.01462
13.6261 -1.05341
13.6276 -1.09199
13.6291 -1.13034
13.6306 -1.16848
13.6321 -1.2064
13.6336 -1.2441
13.6351 -1.28159
13.6366 -1.31886
13.6381 -1.35591
13.6396 -1.39275
13.6411 -1.42938
13.6426 -1.46579
13.6441 -1.50199
13.6456 -1.53797
13.6471 -1.57375
13.6486 -1.60931
13.6501 -1.64466
13.6516 -1.6798
13.6531 -1.71474
13.6546 -1.74946
13.6561 -1.78397
13.6576 -1.81828
13.6591 -1.85238
13.6606 -1.88627
13.6621 -1.91996
13.6636 -1.95344
13.6651 -1.98672
13.6666 -2.01979
13.6681 -2.05265
13.6696 -2.08532
13.6711 -2.11778
13.6726 -2.15004
13.6741 -2.18209
13.6756 -2.21395
13.6771 -2.24561
13.6786 -2.27706
13.6801 -2.30832
13.6816 -2.33937
13.6831 -2.37023
13.6846 -2.40089
13.6861 -2.43135
13.6876 -2.46162
13.6891 -2.49169
13.6906 -2.52156
13.6921 -2.55124
13.6936 -2.58073
13.6951 -2.61002
13.6966 -2.63912
13.6981 -2.66802
13.6996 -2.69673
13.7011 -2.72525
13.7026 -2.75358
13.7041 -2.78172
13.7056 -2.80967
13.7071 -2.83743
13.7086 -2.865
13.7101 -2.89238
13.7116 -2.91957
13.7131 -2.94658
13.7146 -2.97339
13.7161 -3.00003
13.7176 -3.02647
13.7191 -3.05273
13.7206 -3.07881
13.7221 -3.1047
13.7236 -3.13041
13.7251 -3.15594
13.7266 -3.18128
13.7281 -3.20644
13.7296 -3.23142
13.7311 -3.25622
13.7326 -3.28084
13.7341 -3.30528
13.7356 -3.32953
13.7371 -3.35361
13.7386 -3.37752
13.7401 -3.40124
13.7416 -3.42479
13.7431 -3.44816
13.7446 -3.47135
13.7461 -3.49437
13.7476 -3.51721
13.7491 -3.53988
13.7506 -3.56237
13.7521 -3.58469
13.7536 -3.60684
13.7551 -3.62882
13.7566 -3.65062
13.7581 -3.67225
13.7596 -3.69371
13.7611 -3.715
13.7626 -3.73612
13.7641 -3.75707
13.7656 -3.77786
13.7671 -3.79847
13.7686 -3.81892
13.7701 -3.8392
13.7716 -3.85931
13.7731 -3.87925
13.7746 -3.89903
13.7761 -3.91865
13.7776 -3.9381
13.7791 -3.95739
13.7806 -3.97651
13.7821 -3.99547
13.7836 -4.01426
13.7851 -4.0329
13.7866 -4.05137
13.7881 -4.06968
13.7896 -4.08783
13.7911 -4.10582
13.7926 -4.12366
13.7941 -4.14133
13.7956 -4.15884
13.7971 -4.1762
13.7986 -4.1934
13.8002 -4.21044
13.8017 -4.22732
13.8032 -4.24405
13.8047 -4.26062
13.8062 -4.27704
13.8077 -4.29331
13.8092 -4.30941
13.8107 -4.32537
13.8122 -4.34117
13.8137 -4.35682
13.8152 -4.37232
13.8167 -4.38767
13.8182 -4.40286
13.8197 -4.41791
13.8212 -4.43281
13.8227 -4.44755
13.8242 -4.46215
13.8257 -4.4766
13.8272 -4.4909
13.8287 -4.50505
13.8302 -4.51905
13.8317 -4.53291
13.8332 -4.54663
13.8347 -4.56019
13.8362 -4.57362
13.8377 -4.58689
13.8392 -4.60003
13.8407 -4.61302
13.8422 -4.62586
13.8437 -4.63857
13.8452 -4.65113
13.8467 -4.66355
13.8482 -4.67583
13.8497 -4.68797
13.8512 -4.69996
13.8527 -4.71182
13.8542 -4.72354
13.8557 -4.73512
13.8572 -4.74656
13.8587 -4.75787
13.8602 -4.76904
13.8617 -4.78007
13.8632 -4.79096
13.8647 -4.80172
13.8662 -4.81234
13.8677 -4.82283
13.8692 -4.83318
13.8707 -4.8434
13.8722 -4.85348
13.8737 -4.86344
13.8752 -4.87326
13.8767 -4.88294
13.8782 -4.8925
13.8797 -4.90193
13.8812 -4.91122
13.8827 -4.92039
13.8842 -4.92942
13.8857 -4.93832
13.8872 -4.9471
13.8887 -4.95575
13.8902 -4.96427
13.8917 -4.97266
13.8932 -4.98093
13.8947 -4.98907
13.8962 -4.99708
13.8977 -5.00497
13.8992 -5.01273
13.9007 -5.02037
13.9022 -5.02789
13.9037 -5.03528
13.9052 -5.04254
13.9067 -5.04969
13.9082 -5.05671
13.9097 -5.06361
13.9112 -5.07039
13.9127 -5.07705
13.9142 -5.08359
13.9157 -5.09001
13.9172 -5.0963
13.9187 -5.10248
13.9202 -5.10854
13.9217 -5.11449
13.9232 -5.12031
13.9247 -5.12602
13.9262 -5.13161
13.9277 -5.13708
13.9292 -5.14244
13.9307 -5.14769
13.9322 -5.15281
13.9337 -5.15783
13.9352 -5.16273
13.9367 -5.16751
13.9382 -5.17219
13.9397 -5.17675
13.9412 -5.18119
13.9427 -5.18553
13.9442 -5.18975
13.9457 -5.19387
13.9472 -5.19787
13.9487 -5.20176
13.9502 -5.20554
13.9517 -5.20922
13.9532 -5.21278
13.9547 -5.21624
13.9562 -5.21959
13.9577 -5.22283
13.9592 -5.22597
13.9607 -5.22899
13.9622 -5.23192
13.9637 -5.23473
13.9652 -5.23744
13.9667 -5.24005
13.9682 -5.24255
13.9697 -5.24495
13.9712 -5.24724
13.9727 -5.24943
13.9742 -5.25152
13.9757 -5.25351
13.9772 -5.25539
13.9787 -5.25717
13.9802 -5.25886
13.9817 -5.26044
13.9832 -5.26192
13.9847 -5.2633
13.9862 -5.26459
13.9877 -5.26577
13.9892 -5.26685
13.9907 -5.26784
13.9922 -5.26873
13.9937 -5.26953
13.9952 -5.27022
13.9967 -5.27082
13.9982 -5.27133
13.9997 -5.27174
14.0013 -5.27205
14.0028 -5.27227
14.0043 -5.2724
14.0058 -5.27243
14.0073 -5.27237
14.0088 -5.27221
14.0103 -5.27196
14.0118 -5.27163
14.0133 -5.27119
14.0148 -5.27067
14.0163 -5.27006
14.0178 -5.26936
14.0193 -5.26857
14.0208 -5.26768
14.0223 -5.26671
14.0238 -5.26565
14.0253 -5.2645
14.0268 -5.26327
14.0283 -5.26194
14.0298 -5.26053
14.0313 -5.25903
14.0328 -5.25745
14.0343 -5.25578
14.0358 -5.25402
14.0373 -5.25218
14.0388 -5.25026
14.0403 -5.24825
14.0418 -5.24616
14.0433 -5.24398
14.0448 -5.24172
14.0463 -5.23938
14.0478 -5.23695
14.0493 -5.23445
14.0508 -5.23186
14.0523 -5.22919
14.0538 -5.22644
14.0553 -5.22361
14.0568 -5.22071
14.0583 -5.21772
14.0598 -5.21465
14.0613 -5.2115
14.0628 -5.20828
14.0643 -5.20498
14.0658 -5.2016
14.0673 -5.19814
14.0688 -5.19461
14.0703 -5.191
14.0718 -5.18731
14.0733 -5.18355
14.0748 -5.17971
14.0763 -5.1758
14.0778 -5.17182
14.0793 -5.16776
14.0808 -5.16362
14.0823 -5.15942
14.0838 -5.15514
14.0853 -5.15079
14.0868 -5.14637
14.0883 -5.14187
14.0898 -5.13731
14.0913 -5.13267
14.0928 -5.12796
14.0943 -5.12318
14.0958 -5.11834
14.0973 -5.11342
14.0988 -5.10844
14.1003 -5.10338
14.1018 -5.09826
14.1033 -5.09307
14.1048 -5.08781
14.1063 -5.08249
14.1078 -5.0771
14.1093 -5.07164
14.1108 -5.06612
14.1123 -5.06053
14.1138 -5.05488
14.1153 -5.04916
14.1168 -5.04338
14.1183 -5.03753
14.1198 -5.03162
14.1213 -5.02564
14.1228 -5.01961
14.1243 -5.01351
14.1258 -5.00735
14.1273 -5.00112
14.1288 -4.99484
14.1303 -4.98849
14.1318 -4.98208
14.1333 -4.97562
14.1348 -4.96909
14.1363 -4.9625
14.1378 -4.95586
14.1393 -4.94915
14.1408 -4.94239
14.1423 -4.93557
14.1438 -4.92869
14.1453 -4.92175
14.1468 -4.91476
14.1483 -4.9077
14.1498 -4.9006
14.1513 -4.89343
14.1528 -4.88622
14.1543 -4.87894
14.1558 -4.87161
14.1573 -4.86423
14.1588 -4.85679
14.1603 -4.8493
14.1618 -4.84175
14.1633 -4.83415
14.1648 -4.8265
14.1663 -4.8188
14.1678 -4.81104
14.1693 -4.80323
14.1708 -4.79538
14.1723 -4.78746
14.1738 -4.7795
14.1753 -4.77149
14.1768 -4.76343
14.1783 -4.75532
14.1798 -4.74716
14.1813 -4.73895
14.1828 -4.73069
14.1843 -4.72238
14.1858 -4.71403
14.1873 -4.70563
14.1888 -4.69718
14.1903 -4.68868
14.1918 -4.68014
14.1933 -4.67155
14.1948 -4.66292
14.1963 -4.65423
14.1978 -4.64551
14.1993 -4.63674
14.2009 -4.62792
14.2024 -4.61906
14.2039 -4.61016
14.2054 -4.60121
14.2069 -4.59222
14.2084 -4.58319
14.2099 -4.57411
14.2114 -4.565
14.2129 -4.55584
14.2144 -4.54664
14.2159 -4.53739
14.2174 -4.52811
14.2189 -4.51879
14.2204 -4.50942
14.2219 -4.50002
14.2234 -4.49057
14.2249 -4.48109
14.2264 -4.47157
14.2279 -4.46201
14.2294 -4.45241
14.2309 -4.44277
14.2324 -4.4331
14.2339 -4.42339
14.2354 -4.41364
14.2369 -4.40385
14.2384 -4.39403
14.2399 -4.38417
14.2414 -4.37428
14.2429 -4.36435
14.2444 -4.35439
14.2459 -4.34439
14.2474 -4.33436
14.2489 -4.32429
14.2504 -4.31419
14.2519 -4.30405
14.2534 -4.29389
14.2549 -4.28369
14.2564 -4.27345
14.2579 -4.26319
14.2594 -4.25289
14.2609 -4.24256
14.2624 -4.2322
14.2639 -4.22181
14.2654 -4.21139
14.2669 -4.20094
14.2684 -4.19046
14.2699 -4.17995
14.2714 -4.16941
14.2729 -4.15884
14.2744 -4.14824
14.2759 -4.13761
14.2774 -4.12695
14.2789 -4.11627
14.2804 -4.10556
14.2819 -4.09482
14.2834 -4.08406
14.2849 -4.07327
14.2864 -4.06245
14.2879 -4.0516
14.2894 -4.04073
14.2909 -4.02984
14.2924 -4.01892
14.2939 -4.00797
14.2954 -3.997
14.2969 -3.98601
14.2984 -3.97499
14.2999 -3.96394
14.3014 -3.95288
14.3029 -3.94179
14.3044 -3.93068
14.3059 -3.91954
14.3074 -3.90839
14.3089 -3.89721
14.3104 -3.88601
14.3119 -3.87479
14.3134 -3.86355
14.3149 -3.85228
14.3164 -3.841
14.3179 -3.8297
14.3194 -3.81837
14.3209 -3.80703
14.3224 -3.79567
14.3239 -3.78428
14.3254 -3.77288
14.3269 -3.76146
14.3284 -3.75003
14.3299 -3.73857
14.3314 -3.7271
14.3329 -3.71561
14.3344 -3.7041
14.3359 -3.69258
14.3374 -3.68104
14.3389 -3.66948
14.3404 -3.65791
14.3419 -3.64632
14.3434 -3.63472
14.3449 -3.6231
14.3464 -3.61146
14.3479 -3.59982
14.3494 -3.58815
14.3509 -3.57648
14.3524 -3.56479
14.3539 -3.55308
14.3554 -3.54136
14.3569 -3.52963
14.3584 -3.51789
14.3599 -3.50614
14.3614 -3.49437
14.3629 -3.48259
14.3644 -3.4708
14.3659 -3.459
14.3674 -3.44719
14.3689 -3.43536
14.3704 -3.42353
14.3719 -3.41168
14.3734 -3.39983
14.3749 -3.38796
14.3764 -3.37609
14.3779 -3.36421
14.3794 -3.35232
14.3809 -3.34042
14.3824 -3.32851
14.3839 -3.31659
14.3854 -3.30466
14.3869 -3.29273
14.3884 -3.28079
14.3899 -3.26885
14.3914 -3.25689
14.3929 -3.24493
14.3944 -3.23296
14.3959 -3.22099
14.3974 -3.20901
14.3989 -3.19703
14.4005 -3.18504
14.402 -3.17304
14.4035 -3.16104
14.405 -3.14904
14.4065 -3.13703
14.408 -3.12502
14.4095 -3.113
14.411 -3.10098
14.4125 -3.08896
14.414 -3.07693
14.4155 -3.0649
14.417 -3.05287
14.4185 -3.04084
14.42 -3.0288
14.4215 -3.01676
14.423 -3.00472
14.4245 -2.99268
14.426 -2.98064
14.4275 -2.9686
14.429 -2.95655
14.4305 -2.94451
14.432 -2.93247
14.4335 -2.92042
14.435 -2.90838
14.4365 -2.89633
14.438 -2.88429
14.4395 -2.87225
14.441 -2.86021
14.4425 -2.84817
14.444 -2.83613
14.4455 -2.8241
14.447 -2.81207
14.4485 -2.80004
14.45 -2.78801
14.4515 -2.77598
14.453 -2.76396
14.4545 -2.75194
14.456 -2.73993
14.4575 -2.72792
14.459 -2.71591
14.4605 -2.70391
14.462 -2.69191
14.4635 -2.67992
14.465 -2.66793
14.4665 -2.65595
14.468 -2.64397
14.4695 -2.632
14.471 -2.62003
14.4725 -2.60807
14.474 -2.59612
14.4755 -2.58417
14.477 -2.57223
14.4785 -2.5603
14.48 -2.54837
14.4815 -2.53645
14.483 -2.52454
14.4845 -2.51264
14.486 -2.50074
14.4875 -2.48885
14.489 -2.47697
14.4905 -2.4651
14.492 -2.45324
14.4935 -2.44139
14.495 -2.42955
14.4965 -2.41772
14.498 -2.40589
14.4995 -2.39408
14.501 -2.38228
14.5025 -2.37048
14.504 -2.3587
14.5055 -2.34693
14.507 -2.33517
14.5085 -2.32342
14.51 -2.31168
14.5115 -2.29996
14.513 -2.28825
14.5145 -2.27654
14.516 -2.26485
14.5175 -2.25318
14.519 -2.24151
14.5205 -2.22986
14.522 -2.21822
14.5235 -2.2066
14.525 -2.19499
14.5265 -2.18339
14.528 -2.1718
14.5295 -2.16023
14.531 -2.14868
14.5325 -2.13714
14.534 -2.12561
14.5355 -2.1141
14.537 -2.1026
14.5385 -2.09112
14.54 -2.07966
14.5415 -2.06821
14.543 -2.05677
14.5445 -2.04535
14.546 -2.03395
14.5475 -2.02257
14.549 -2.0112
14.5505 -1.99984
14.552 -1.98851
14.5535 -1.97719
14.555 -1.96589
14.5565 -1.95461
14.558 -1.94334
14.5595 -1.9321
14.561 -1.92087
14.5625 -1.90965
14.564 -1.89846
14.5655 -1.88729
14.567 -1.87613
14.5685 -1.865
14.57 -1.85388
14.5715 -1.84278
14.573 -1.83171
14.5745 -1.82065
14.576 -1.80961
14.5775 -1.79859
14.579 -1.7876
14.5805 -1.77662
14.582 -1.76566
14.5835 -1.75473
14.585 -1.74381
14.5865 -1.73292
14.588 -1.72205
14.5895 -1.7112
14.591 -1.70037
14.5925 -1.68956
14.594 -1.67878
14.5955 -1.66801
14.597 -1.65727
14.5985 -1.64655
14.6001 -1.63586
14.6016 -1.62519
14.6031 -1.61454
14.6046 -1.60391
14.6061 -1.59331
14.6076 -1.58273
14.6091 -1.57218
14.6106 -1.56165
14.6121 -1.55114
14.6136 -1.54066
14.6151 -1.5302
14.6166 -1.51976
14.6181 -1.50935
14.6196 -1.49897
14.6211 -1.48861
14.6226 -1.47828
14.6241 -1.46797
14.6256 -1.45768
14.6271 -1.44743
14.6286 -1.43719
14.6301 -1.42699
14.6316 -1.41681
14.6331 -1.40665
14.6346 -1.39653
14.6361 -1.38643
14.6376 -1.37635
14.6391 -1.36631
14.6406 -1.35629
14.6421 -1.3463
14.6436 -1.33633
14.6451 -1.32639
14.6466 -1.31648
14.6481 -1.3066
14.6496 -1.29675
14.6511 -1.28692
14.6526 -1.27712
14.6541 -1.26735
14.6556 -1.25761
14.6571 -1.2479
14.6586 -1.23822
14.6601 -1.22856
14.6616 -1.21894
14.6631 -1.20934
14.6646 -1.19977
14.6661 -1.19024
14.6676 -1.18073
14.6691 -1.17125
14.6706 -1.16181
14.6721 -1.15239
14.6736 -1.143
14.6751 -1.13364
14.6766 -1.12432
14.6781 -1.11502
14.6796 -1.10576
14.6811 -1.09652
14.6826 -1.08732
14.6841 -1.07815
14.6856 -1.06901
14.6871 -1.0599
14.6886 -1.05082
14.6901 -1.04178
14.6916 -1.03276
14.6931 -1.02378
14.6946 -1.01483
14.6961 -1.00592
14.6976 -0.997031
14.6991 -0.988179
14.7006 -0.979359
14.7021 -0.970572
14.7036 -0.961818
14.7051 -0.953097
14.7066 -0.944409
14.7081 -0.935754
14.7096 -0.927133
14.7111 -0.918545
14.7126 -0.909991
14.7141 -0.90147
14.7156 -0.892984
14.7171 -0.884531
14.7186 -0.876112
14.7201 -0.867728
14.7216 -0.859378
14.7231 -0.851063
14.7246 -0.842782
14.7261 -0.834536
14.7276 -0.826324
14.7291 -0.818148
14.7306 -0.810006
14.7321 -0.8019
14.7336 -0.793829
14.7351 -0.785793
14.7366 -0.777793
14.7381 -0.769828
14.7396 -0.7619
14.7411 -0.754007
14.7426 -0.746149
14.7441 -0.738328
14.7456 -0.730543
14.7471 -0.722795
14.7486 -0.715082
14.7501 -0.707406
14.7516 -0.699767
14.7531 -0.692165
14.7546 -0.684599
14.7561 -0.67707
14.7576 -0.669578
14.7591 -0.662123
14.7606 -0.654705
14.7621 -0.647325
14.7636 -0.639982
14.7651 -0.632676
14.7666 -0.625408
14.7681 -0.618178
14.7696 -0.610986
14.7711 -0.603831
14.7726 -0.596714
14.7741 -0.589636
14.7756 -0.582596
14.7771 -0.575593
14.7786 -0.56863
14.7801 -0.561705
14.7816 -0.554818
14.7831 -0.54797
14.7846 -0.54116
14.7861 -0.53439
14.7876 -0.527658
14.7891 -0.520966
14.7906 -0.514312
14.7921 -0.507698
14.7936 -0.501123
14.7951 -0.494587
14.7966 -0.488091
14.7981 -0.481634
14.7996 -0.475217
14.8012 -0.468839
14.8027 -0.462502
14.8042 -0.456204
14.8057 -0.449946
14.8072 -0.443728
14.8087 -0.437551
14.8102 -0.431413
14.8117 -0.425316
14.8132 -0.419259
14.8147 -0.413243
14.8162 -0.407267
14.8177 -0.401331
14.8192 -0.395436
14.8207 -0.389583
14.8222 -0.383769
14.8237 -0.377997
14.8252 -0.372266
14.8267 -0.366576
14.8282 -0.360926
14.8297 -0.355318
14.8312 -0.349752
14.8327 -0.344226
14.8342 -0.338742
14.8357 -0.3333
14.8372 -0.327899
14.8387 -0.32254
14.8402 -0.317222
14.8417 -0.311946
14.8432 -0.306712
14.8447 -0.30152
14.8462 -0.296369
14.8477 -0.291261
14.8492 -0.286195
14.8507 -0.281171
14.8522 -0.276189
14.8537 -0.271249
14.8552 -0.266352
14.8567 -0.261497
14.8582 -0.256684
14.8597 -0.251915
14.8612 -0.247187
14.8627 -0.242502
14.8642 -0.23786
14.8657 -0.233261
14.8672 -0.228704
14.8687 -0.224191
14.8702 -0.21972
14.8717 -0.215292
14.8732 -0.210907
14.8747 -0.206565
14.8762 -0.202267
14.8777 -0.198011
14.8792 -0.193799
14.8807 -0.18963
14.8822 -0.185504
14.8837 -0.181422
14.8852 -0.177383
14.8867 -0.173388
14.8882 -0.169436
14.8897 -0.165528
14.8912 -0.161663
14.8927 -0.157842
14.8942 -0.154065
14.8957 -0.150332
14.8972 -0.146642
14.8987 -0.142996
14.9002 -0.139394
14.9017 -0.135836
14.9032 -0.132322
14.9047 -0.128852
14.9062 -0.125426
14.9077 -0.122044
14.9092 -0.118706
14.9107 -0.115413
14.9122 -0.112163
14.9137 -0.108958
14.9152 -0.105797
14.9167 -0.102681
14.9182 -0.0996085
14.9197 -0.0965807
14.9212 -0.0935973
14.9227 -0.0906584
14.9242 -0.0877639
14.9257 -0.084914
14.9272 -0.0821086
14.9287 -0.0793478
14.9302 -0.0766316
14.9317 -0.0739601
14.9332 -0.0713332
14.9347 -0.068751
14.9362 -0.0662136
14.9377 -0.0637209
14.9392 -0.061273
14.9407 -0.0588699
14.9422 -0.0565116
14.9437 -0.0541982
14.9452 -0.0519297
14.9467 -0.049706
14.9482 -0.0475273
14.9497 -0.0453936
14.9512 -0.0433048
14.9527 -0.041261
14.9542 -0.0392623
14.9557 -0.0373085
14.9572 -0.0353998
14.9587 -0.0335362
14.9602 -0.0317177
14.9617 -0.0299442
14.9632 -0.0282159
14.9647 -0.0265328
14.9662 -0.0248947
14.9677 -0.0233019
14.9692 -0.0217542
14.9707 -0.0202517
14.9722 -0.0187944
14.9737 -0.0173824
14.9752 -0.0160155
14.9767 -0.0146939
14.9782 -0.0134176
14.9797 -0.0121865
14.9812 -0.0110007
14.9827 -0.00986013
14.9842 -0.00876487
14.9857 -0.0077149
14.9872 -0.00671023
14.9887 -0.00575086
14.9902 -0.00483679
14.9917 -0.00396804
14.9932 -0.00314461
14.9947 -0.00236649
14.9962 -0.00163369
14.9977 -0.000946223
14.9992 -0.000304076
15.0008 0.000292745
15.0023 0.000844241
15.0038 0.00135041
15.0053 0.00181126
15.0068 0.00222679
15.0083 0.002597
15.0098 0.00292189
15.0113 0.00320147
15.0128 0.00343574
15.0143 0.00362471
15.0158 0.00376838
15.0173 0.00386676
15.0188 0.00391986
15.0203 0.00392769
15.0218 0.00389024
15.0233 0.00380754
15.0248 0.00367958
15.0263 0.00350639
15.0278 0.00328797
15.0293 0.00302433
15.0308 0.00271549
15.0323 0.00236145
15.0338 0.00196223
15.0353 0.00151785
15.0368 0.00102832
15.0383 0.000493649
15.0398 -8.61391e-05
15.0413 -0.000711031
15.0428 -0.00138101
15.0443 -0.00209606
15.0458 -0.00285616
15.0473 -0.00366128
15.0488 -0.00451143
15.0503 -0.00540656
15.0518 -0.00634666
15.0533 -0.00733172
15.0548 -0.0083617
15.0563 -0.00943658
15.0578 -0.0105564
15.0593 -0.011721
15.0608 -0.0129304
15.0623 -0.0141847
15.0638 -0.0154837
15.0653 -0.0168275
15.0668 -0.0182161
15.0683 -0.0196493
15.0698 -0.0211272
15.0713 -0.0226497
15.0728 -0.0242169
15.0743 -0.0258286
15.0758 -0.0274849
15.0773 -0.0291857
15.0788 -0.030931
15.0803 -0.0327208
15.0818 -0.034555
15.0833 -0.0364335
15.0848 -0.0383564
15.0863 -0.0403237
15.0878 -0.0423352
15.0893 -0.0443909
15.0908 -0.0464909
15.0923 -0.048635
15.0938 -0.0508233
15.0953 -0.0530556
15.0968 -0.0553321
15.0983 -0.0576525
15.0998 -0.0600169
15.1013 -0.0624252
15.1028 -0.0648774
15.1043 -0.0673734
15.1058 -0.0699133
15.1073 -0.0724969
15.1088 -0.0751242
15.1103 -0.0777952
15.1118 -0.0805098
15.1133 -0.083268
15.1148 -0.0860697
15.1163 -0.0889148
15.1178 -0.0918034
15.1193 -0.0947354
15.1208 -0.0977107
15.1223 -0.100729
15.1238 -0.103791
15.1253 -0.106896
15.1268 -0.110044
15.1283 -0.113235
15.1298 -0.11647
15.1313 -0.119747
15.1328 -0.123067
15.1343 -0.12643
15.1358 -0.129836
15.1373 -0.133284
15.1388 -0.136775
15.1403 -0.140309
15.1418 -0.143885
15.1433 -0.147504
15.1448 -0.151165
15.1463 -0.154869
15.1478 -0.158615
15.1493 -0.162403
15.1508 -0.166234
15.1523 -0.170106
15.1538 -0.174021
15.1553 -0.177978
15.1568 -0.181976
15.1583 -0.186017
15.1598 -0.190099
15.1613 -0.194223
15.1628 -0.198389
15.1643 -0.202596
15.1658 -0.206845
15.1673 -0.211135
15.1688 -0.215467
15.1703 -0.21984
15.1718 -0.224254
15.1733 -0.22871
15.1748 -0.233206
15.1763 -0.237744
15.1778 -0.242323
15.1793 -0.246942
15.1808 -0.251602
15.1823 -0.256304
15.1838 -0.261045
15.1853 -0.265828
15.1868 -0.27065
15.1883 -0.275514
15.1898 -0.280417
15.1913 -0.285361
15.1928 -0.290345
15.1943 -0.295369
15.1958 -0.300434
15.1973 -0.305538
15.1988 -0.310682
15.2004 -0.315866
15.2019 -0.321089
15.2034 -0.326352
15.2049 -0.331655
15.2064 -0.336997
15.2079 -0.342378
15.2094 -0.347799
15.2109 -0.353259
15.2124 -0.358758
15.2139 -0.364296
15.2154 -0.369873
15.2169 -0.375488
15.2184 -0.381143
15.2199 -0.386836
15.2214 -0.392567
15.2229 -0.398337
15.2244 -0.404146
15.2259 -0.409993
15.2274 -0.415878
15.2289 -0.4218
15.2304 -0.427761
15.2319 -0.43376
15.2334 -0.439797
15.2349 -0.445871
15.2364 -0.451983
15.2379 -0.458132
15.2394 -0.464319
15.2409 -0.470543
15.2424 -0.476804
15.2439 -0.483103
15.2454 -0.489438
15.2469 -0.49581
15.2484 -0.502219
15.2499 -0.508665
15.2514 -0.515147
15.2529 -0.521666
15.2544 -0.528221
15.2559 -0.534812
15.2574 -0.54144
15.2589 -0.548103
15.2604 -0.554803
15.2619 -0.561538
15.2634 -0.568309
15.2649 -0.575115
15.2664 -0.581957
15.2679 -0.588835
15.2694 -0.595747
15.2709 -0.602695
15.2724 -0.609678
15.2739 -0.616696
15.2754 -0.623748
15.2769 -0.630836
15.2784 -0.637957
15.2799 -0.645114
15.2814 -0.652304
15.2829 -0.659529
15.2844 -0.666788
15.2859 -0.674081
15.2874 -0.681408
15.2889 -0.688769
15.2904 -0.696163
15.2919 -0.70359
15.2934 -0.711052
15.2949 -0.718546
15.2964 -0.726073
15.2979 -0.733634
15.2994 -0.741227
15.3009 -0.748853
15.3024 -0.756512
15.3039 -0.764203
15.3054 -0.771927
15.3069 -0.779683
15.3084 -0.787471
15.3099 -0.795291
15.3114 -0.803142
15.3129 -0.811026
15.3144 -0.818941
15.3159 -0.826888
15.3174 -0.834866
15.3189 -0.842875
15.3204 -0.850915
15.3219 -0.858986
15.3234 -0.867088
15.3249 -0.875221
15.3264 -0.883384
15.3279 -0.891577
15.3294 -0.899801
15.3309 -0.908055
15.3324 -0.916339
15.3339 -0.924652
15.3354 -0.932996
15.3369 -0.941368
15.3384 -0.949771
15.3399 -0.958202
15.3414 -0.966663
15.3429 -0.975153
15.3444 -0.983671
15.3459 -0.992218
15.3474 -1.00079
15.3489 -1.0094
15.3504 -1.01803
15.3519 -1.02669
15.3534 -1.03538
15.3549 -1.0441
15.3564 -1.05284
15.3579 -1.06161
15.3594 -1.07041
15.3609 -1.07924
15.3624 -1.08809
15.3639 -1.09697
15.3654 -1.10588
15.3669 -1.11481
15.3684 -1.12377
15.3699 -1.13276
15.3714 -1.14177
15.3729 -1.15081
15.3744 -1.15987
15.3759 -1.16896
15.3774 -1.17807
15.3789 -1.18721
15.3804 -1.19638
15.3819 -1.20557
15.3834 -1.21479
15.3849 -1.22403
15.3864 -1.23329
15.3879 -1.24258
15.3894 -1.2519
15.3909 -1.26123
15.3924 -1.27059
15.3939 -1.27998
15.3954 -1.28939
15.3969 -1.29882
15.3984 -1.30828
15.3999 -1.31775
15.4015 -1.32726
15.403 -1.33678
15.4045 -1.34633
15.406 -1.35589
15.4075 -1.36549
15.409 -1.3751
15.4105 -1.38473
15.412 -1.39439
15.4135 -1.40407
15.415 -1.41377
15.4165 -1.42349
15.418 -1.43323
15.4195 -1.443
15.421 -1.45278
15.4225 -1.46258
15.424 -1.47241
15.4255 -1.48225
15.427 -1.49212
15.4285 -1.502
15.43 -1.5119
15.4315 -1.52183
15.433 -1.53177
15.4345 -1.54173
15.436 -1.55171
15.4375 -1.56171
15.439 -1.57173
15.4405 -1.58176
15.442 -1.59181
15.4435 -1.60189
15.445 -1.61198
15.4465 -1.62208
15.448 -1.63221
15.4495 -1.64235
15.451 -1.65251
15.4525 -1.66268
15.454 -1.67287
15.4555 -1.68308
15.457 -1.69331
15.4585 -1.70355
15.46 -1.7138
15.4615 -1.72408
15.463 -1.73436
15.4645 -1.74467
15.466 -1.75498
15.4675 -1.76532
15.469 -1.77567
15.4705 -1.78603
15.472 -1.7964
15.4735 -1.80679
15.475 -1.8172
15.4765 -1.82762
15.478 -1.83805
15.4795 -1.84849
15.481 -1.85895
15.4825 -1.86942
15.484 -1.8799
15.4855 -1.8904
15.487 -1.90091
15.4885 -1.91143
15.49 -1.92196
15.4915 -1.9325
15.493 -1.94306
15.4945 -1.95363
15.496 -1.9642
15.4975 -1.97479
15.499 -1.98539
15.5005 -1.996
15.502 -2.00662
15.5035 -2.01725
15.505 -2.02789
15.5065 -2.03854
15.508 -2.0492
15.5095 -2.05986
15.511 -2.07054
15.5125 -2.08122
15.514 -2.09192
15.5155 -2.10262
15.517 -2.11333
15.5185 -2.12405
15.52 -2.13477
15.5215 -2.1455
15.523 -2.15624
15.5245 -2.16699
15.526 -2.17774
15.5275 -2.1885
15.529 -2.19927
15.5305 -2.21004
15.532 -2.22082
15.5335 -2.23161
15.535 -2.2424
15.5365 -2.25319
15.538 -2.26399
15.5395 -2.27479
15.541 -2.2856
15.5425 -2.29642
15.544 -2.30723
15.5455 -2.31805
15.547 -2.32888
15.5485 -2.33971
15.55 -2.35054
15.5515 -2.36137
15.553 -2.37221
15.5545 -2.38305
15.556 -2.39389
15.5575 -2.40473
15.559 -2.41558
15.5605 -2.42642
15.562 -2.43727
15.5635 -2.44812
15.565 -2.45897
15.5665 -2.46982
15.568 -2.48067
15.5695 -2.49152
15.571 -2.50237
15.5725 -2.51322
15.574 -2.52407
15.5755 -2.53492
15.577 -2.54577
15.5785 -2.55661
15.58 -2.56746
15.5815 -2.5783
15.583 -2.58914
15.5845 -2.59998
15.586 -2.61082
15.5875 -2.62165
15.589 -2.63248
15.5905 -2.6433
15.592 -2.65413
15.5935 -2.66495
15.595 -2.67576
15.5965 -2.68657
15.598 -2.69738
15.5995 -2.70818
15.6011 -2.71897
15.6026 -2.72976
15.6041 -2.74055
15.6056 -2.75133
15.6071 -2.7621
15.6086 -2.77287
15.6101 -2.78363
15.6116 -2.79438
15.6131 -2.80513
15.6146 -2.81587
15.6161 -2.8266
15.6176 -2.83732
15.6191 -2.84804
15.6206 -2.85874
15.6221 -2.86944
15.6236 -2.88013
15.6251 -2.89081
15.6266 -2.90148
15.6281 -2.91214
15.6296 -2.92279
15.6311 -2.93343
15.6326 -2.94406
15.6341 -2.95468
15.6356 -2.96529
15.6371 -2.97589
15.6386 -2.98647
15.6401 -2.99705
15.6416 -3.00761
15.6431 -3.01816
15.6446 -3.02869
15.6461 -3.03922
15.6476 -3.04973
15.6491 -3.06023
15.6506 -3.07071
15.6521 -3.08118
15.6536 -3.09163
15.6551 -3.10207
15.6566 -3.1125
15.6581 -3.12291
15.6596 -3.1333
15.6611 -3.14368
15.6626 -3.15404
15.6641 -3.16439
15.6656 -3.17472
15.6671 -3.18503
15.6686 -3.19533
15.6701 -3.20561
15.6716 -3.21587
15.6731 -3.22612
15.6746 -3.23634
15.6761 -3.24655
15.6776 -3.25674
15.6791 -3.2669
15.6806 -3.27705
15.6821 -3.28718
15.6836 -3.29729
15.6851 -3.30738
15.6866 -3.31745
15.6881 -3.3275
15.6896 -3.33753
15.6911 -3.34754
15.6926 -3.35752
15.6941 -3.36748
15.6956 -3.37742
15.6971 -3.38734
15.6986 -3.39724
15.7001 -3.40711
15.7016 -3.41696
15.7031 -3.42678
15.7046 -3.43658
15.7061 -3.44636
15.7076 -3.45611
15.7091 -3.46584
15.7106 -3.47554
15.7121 -3.48522
15.7136 -3.49487
15.7151 -3.50449
15.7166 -3.51409
15.7181 -3.52366
15.7196 -3.53321
15.7211 -3.54273
15.7226 -3.55222
15.7241 -3.56168
15.7256 -3.57111
15.7271 -3.58052
15.7286 -3.58989
15.7301 -3.59924
15.7316 -3.60856
15.7331 -3.61785
15.7346 -3.6271
15.7361 -3.63633
15.7376 -3.64553
15.7391 -3.65469
15.7406 -3.66383
15.7421 -3.67293
15.7436 -3.682
15.7451 -3.69104
15.7466 -3.70005
15.7481 -3.70902
15.7496 -3.71796
15.7511 -3.72687
15.7526 -3.73574
15.7541 -3.74458
15.7556 -3.75339
15.7571 -3.76216
15.7586 -3.77089
15.7601 -3.77959
15.7616 -3.78826
15.7631 -3.79689
15.7646 -3.80548
15.7661 -3.81403
15.7676 -3.82255
15.7691 -3.83103
15.7706 -3.83947
15.7721 -3.84788
15.7736 -3.85625
15.7751 -3.86457
15.7766 -3.87286
15.7781 -3.88111
15.7796 -3.88932
15.7811 -3.89749
15.7826 -3.90562
15.7841 -3.91371
15.7856 -3.92176
15.7871 -3.92977
15.7886 -3.93774
15.7901 -3.94566
15.7916 -3.95354
15.7931 -3.96138
15.7946 -3.96918
15.7961 -3.97693
15.7976 -3.98464
15.7991 -3.99231
15.8007 -3.99993
15.8022 -4.00751
15.8037 -4.01504
15.8052 -4.02253
15.8067 -4.02997
15.8082 -4.03736
15.8097 -4.04471
15.8112 -4.05201
15.8127 -4.05927
15.8142 -4.06648
15.8157 -4.07364
15.8172 -4.08075
15.8187 -4.08782
15.8202 -4.09483
15.8217 -4.1018
15.8232 -4.10872
15.8247 -4.11559
15.8262 -4.1224
15.8277 -4.12917
15.8292 -4.13589
15.8307 -4.14255
15.8322 -4.14917
15.8337 -4.15573
15.8352 -4.16224
15.8367 -4.1687
15.8382 -4.1751
15.8397 -4.18145
15.8412 -4.18775
15.8427 -4.194
15.8442 -4.20019
15.8457 -4.20632
15.8472 -4.2124
15.8487 -4.21843
15.8502 -4.2244
15.8517 -4.23031
15.8532 -4.23617
15.8547 -4.24197
15.8562 -4.24771
15.8577 -4.2534
15.8592 -4.25903
15.8607 -4.2646
15.8622 -4.27011
15.8637 -4.27556
15.8652 -4.28095
15.8667 -4.28629
15.8682 -4.29156
15.8697 -4.29677
15.8712 -4.30193
15.8727 -4.30702
15.8742 -4.31205
15.8757 -4.31702
15.8772 -4.32192
15.8787 -4.32677
15.8802 -4.33155
15.8817 -4.33626
15.8832 -4.34092
15.8847 -4.34551
15.8862 -4.35003
15.8877 -4.35449
15.8892 -4.35889
15.8907 -4.36321
15.8922 -4.36748
15.8937 -4.37168
15.8952 -4.37581
15.8967 -4.37987
15.8982 -4.38387
15.8997 -4.38779
15.9012 -4.39165
15.9027 -4.39545
15.9042 -4.39917
15.9057 -4.40282
15.9072 -4.4064
15.9087 -4.40992
15.9102 -4.41336
15.9117 -4.41673
15.9132 -4.42003
15.9147 -4.42326
15.9162 -4.42642
15.9177 -4.42951
15.9192 -4.43252
15.9207 -4.43546
15.9222 -4.43832
15.9237 -4.44111
15.9252 -4.44383
15.9267 -4.44647
15.9282 -4.44904
15.9297 -4.45153
15.9312 -4.45395
15.9327 -4.45629
15.9342 -4.45855
15.9357 -4.46074
15.9372 -4.46285
15.9387 -4.46488
15.9402 -4.46683
15.9417 -4.46871
15.9432 -4.4705
15.9447 -4.47222
15.9462 -4.47385
15.9477 -4.47541
15.9492 -4.47688
15.9507 -4.47828
15.9522 -4.47959
15.9537 -4.48082
15.9552 -4.48197
15.9567 -4.48303
15.9582 -4.48402
15.9597 -4.48492
15.9612 -4.48573
15.9627 -4.48646
15.9642 -4.48711
15.9657 -4.48767
15.9672 -4.48815
15.9687 -4.48854
15.9702 -4.48884
15.9717 -4.48906
15.9732 -4.48919
15.9747 -4.48923
15.9762 -4.48919
15.9777 -4.48905
15.9792 -4.48883
15.9807 -4.48852
15.9822 -4.48812
15.9837 -4.48763
15.9852 -4.48705
15.9867 -4.48637
15.9882 -4.48561
15.9897 -4.48476
15.9912 -4.48381
15.9927 -4.48277
15.9942 -4.48164
15.9957 -4.48041
15.9972 -4.47909
15.9987 -4.47768
16.0003 -4.47617
16.0018 -4.47457
16.0033 -4.47287
16.0048 -4.47108
16.0063 -4.46919
16.0078 -4.4672
16.0093 -4.46512
16.0108 -4.46294
16.0123 -4.46066
16.0138 -4.45828
16.0153 -4.4558
16.0168 -4.45323
16.0183 -4.45055
16.0198 -4.44778
16.0213 -4.4449
16.0228 -4.44192
16.0243 -4.43885
16.0258 -4.43567
16.0273 -4.43238
16.0288 -4.429
16.0303 -4.42551
16.0318 -4.42192
16.0333 -4.41822
16.0348 -4.41443
16.0363 -4.41052
16.0378 -4.40651
16.0393 -4.4024
16.0408 -4.39817
16.0423 -4.39385
16.0438 -4.38941
16.0453 -4.38487
16.0468 -4.38022
16.0483 -4.37546
16.0498 -4.37059
16.0513 -4.36561
16.0528 -4.36053
16.0543 -4.35533
16.0558 -4.35003
16.0573 -4.34461
16.0588 -4.33908
16.0603 -4.33344
16.0618 -4.32768
16.0633 -4.32182
16.0648 -4.31584
16.0663 -4.30974
16.0678 -4.30354
16.0693 -4.29722
16.0708 -4.29078
16.0723 -4.28423
16.0738 -4.27756
16.0753 -4.27077
16.0768 -4.26387
16.0783 -4.25685
16.0798 -4.24972
16.0813 -4.24246
16.0828 -4.23509
16.0843 -4.2276
16.0858 -4.21999
16.0873 -4.21226
16.0888 -4.2044
16.0903 -4.19643
16.0918 -4.18834
16.0933 -4.18012
16.0948 -4.17178
16.0963 -4.16332
16.0978 -4.15474
16.0993 -4.14603
16.1008 -4.1372
16.1023 -4.12824
16.1038 -4.11916
16.1053 -4.10995
16.1068 -4.10062
16.1083 -4.09116
16.1098 -4.08157
16.1113 -4.07186
16.1128 -4.06202
16.1143 -4.05204
16.1158 -4.04195
16.1173 -4.03172
16.1188 -4.02136
16.1203 -4.01087
16.1218 -4.00025
16.1233 -3.9895
16.1248 -3.97862
16.1263 -3.96761
16.1278 -3.95646
16.1293 -3.94518
16.1308 -3.93377
16.1323 -3.92222
16.1338 -3.91054
16.1353 -3.89873
16.1368 -3.88677
16.1383 -3.87469
16.1398 -3.86246
16.1413 -3.8501
16.1428 -3.83761
16.1443 -3.82497
16.1458 -3.8122
16.1473 -3.79928
16.1488 -3.78623
16.1503 -3.77304
16.1518 -3.75971
16.1533 -3.74623
16.1548 -3.73262
16.1563 -3.71887
16.1578 -3.70497
16.1593 -3.69093
16.1608 -3.67674
16.1623 -3.66242
16.1638 -3.64795
16.1653 -3.63333
16.1668 -3.61857
16.1683 -3.60366
16.1698 -3.58861
16.1713 -3.57341
16.1728 -3.55806
16.1743 -3.54257
16.1758 -3.52693
16.1773 -3.51114
16.1788 -3.4952
16.1803 -3.47911
16.1818 -3.46287
16.1833 -3.44648
16.1848 -3.42994
16.1863 -3.41325
16.1878 -3.39641
16.1893 -3.37941
16.1908 -3.36226
16.1923 -3.34496
16.1938 -3.3275
16.1953 -3.30989
16.1968 -3.29212
16.1983 -3.2742
16.1998 -3.25612
16.2014 -3.23789
16.2029 -3.21949
16.2044 -3.20094
16.2059 -3.18224
16.2074 -3.16337
16.2089 -3.14435
16.2104 -3.12516
16.2119 -3.10582
16.2134 -3.08631
16.2149 -3.06664
16.2164 -3.04682
16.2179 -3.02683
16.2194 -3.00667
16.2209 -2.98636
16.2224 -2.96588
16.2239 -2.94523
16.2254 -2.92442
16.2269 -2.90345
16.2284 -2.88231
16.2299 -2.86101
16.2314 -2.83953
16.2329 -2.81789
16.2344 -2.79609
16.2359 -2.77411
16.2374 -2.75197
16.2389 -2.72965
16.2404 -2.70717
16.2419 -2.68451
16.2434 -2.66169
16.2449 -2.63869
16.2464 -2.61552
16.2479 -2.59218
16.2494 -2.56867
16.2509 -2.54498
16.2524 -2.52112
16.2539 -2.49708
16.2554 -2.47287
16.2569 -2.44848
16.2584 -2.42392
16.2599 -2.39918
16.2614 -2.37426
16.2629 -2.34916
16.2644 -2.32389
16.2659 -2.29844
16.2674 -2.27281
16.2689 -2.24699
16.2704 -2.221
16.2719 -2.19483
16.2734 -2.16847
16.2749 -2.14194
16.2764 -2.11522
16.2779 -2.08832
16.2794 -2.06123
16.2809 -2.03396
16.2824 -2.00651
16.2839 -1.97887
16.2854 -1.95104
16.2869 -1.92303
16.2884 -1.89483
16.2899 -1.86644
16.2914 -1.83787
16.2929 -1.8091
16.2944 -1.78015
16.2959 -1.75101
16.2974 -1.72168
16.2989 -1.69215
16.3004 -1.66244
16.3019 -1.63253
16.3034 -1.60244
16.3049 -1.57215
16.3064 -1.54166
16.3079 -1.51098
16.3094 -1.48011
16.3109 -1.44904
16.3124 -1.41778
16.3139 -1.38632
16.3154 -1.35466
16.3169 -1.32281
16.3184 -1.29076
16.3199 -1.25851
16.3214 -1.22606
16.3229 -1.19341
16.3244 -1.16056
16.3259 -1.12751
16.3274 -1.09426
16.3289 -1.06081
16.3304 -1.02715
16.3319 -0.993296
16.3334 -0.959235
16.3349 -0.924971
16.3364 -0.890501
16.3379 -0.855827
16.3394 -0.820947
16.3409 -0.78586
16.3424 -0.750567
16.3439 -0.715067
16.3454 -0.679358
16.3469 -0.643441
16.3484 -0.607315
16.3499 -0.570979
16.3514 -0.534434
16.3529 -0.497677
16.3544 -0.460709
16.3559 -0.423529
16.3574 -0.386137
16.3589 -0.348531
16.3604 -0.310712
16.3619 -0.272679
16.3634 -0.234431
16.3649 -0.195968
16.3664 -0.157289
16.3679 -0.118393
16.3694 -0.0792805
16.3709 -0.0399502
16.3724 -0.000401582
16.3739 0.0393658
16.3754 0.0793525
16.3769 0.119559
16.3784 0.159986
16.3799 0.200635
16.3814 0.241505
16.3829 0.282597
16.3844 0.323912
16.3859 0.365451
16.3874 0.407213
16.3889 0.4492
16.3904 0.491413
16.3919 0.533851
16.3934 0.576515
16.3949 0.619407
16.3964 0.662526
16.3979 0.705873
16.3994 0.749448
16.401 0.793253
16.4025 0.837288
16.404 0.881554
16.4055 0.92605
16.407 0.970778
16.4085 1.01574
16.41 1.06093
16.4115 1.10636
16.413 1.15202
16.4145 1.19791
16.416 1.24404
16.4175 1.29041
16.419 1.33701
16.4205 1.38385
16.422 1.43093
16.4235 1.47825
16.425 1.5258
16.4265 1.57359
16.428 1.62163
16.4295 1.6699
16.431 1.71842
16.4325 1.76717
16.434 1.81617
16.4355 1.86542
16.437 1.9149
16.4385 1.96463
16.44 2.01461
16.4415 2.06483
16.443 2.1153
16.4445 2.16601
16.446 2.21697
16.4475 2.26818
16.449 2.31963
16.4505 2.37134
16.452 2.4233
16.4535 2.4755
16.455 2.52796
16.4565 2.58067
16.458 2.63363
16.4595 2.68684
16.461 2.74031
16.4625 2.79403
16.464 2.848
16.4655 2.90223
16.467 2.95672
16.4685 3.01146
16.47 3.06646
16.4715 3.12172
16.473 3.17723
16.4745 3.23301
16.476 3.28904
16.4775 3.34534
16.479 3.40189
16.4805 3.45871
16.482 3.51579
16.4835 3.57313
16.485 3.63073
16.4865 3.6886
16.488 3.74673
16.4895 3.80513
16.491 3.86379
16.4925 3.92272
16.494 3.98192
16.4955 4.04139
16.497 4.10112
16.4985 4.16112
16.5 4.22139
