43.5935 0.0210968
43.6409 0.0316451
43.6883 0.179322
43.7357 0.443032
43.7831 0.822774
43.8305 1.36074
43.8779 1.72993
43.9253 2.616
43.9727 2.51051
44.0201 2.39448
44.0675 2.32064
44.1149 2.00419
44.1623 1.33964
44.2097 0.896612
44.2571 0.833322
44.3045 0.495774
44.3519 0.242613
44.3993 0.242613
44.4467 0.116032
44.4941 0.0949354
44.5415 0.0949354
44.5889 0.0210968
44.6363 0.0105484
44.6837 0.0316451
44.7311 0
44.7785 0.0105484
44.8259 0
44.8733 0.0105484
44.9207 0.0105484
44.9681 0
45.0155 0
45.0629 0
45.1103 0
45.1577 0
45.2051 0
45.2525 0
45.2999 0
45.3473 0
45.3947 0
45.4421 0.0105484
45.4895 0.0210968
45.5369 0
45.5843 0.0105484
45.6317 0
45.6791 0.0210968
45.7265 0.0210968
45.7739 0.0105484
45.8213 0.0421935
45.8687 0.0421935
45.9161 0.0316451
