0 0.020563
0.1 0.0214303
0.2 0.0223095
0.3 0.023193
0.4 0.0240893
0.5 0.0249863
0.6 0.0258795
0.7 0.0267691
0.8 0.0276589
0.9 0.0285599
1 0.0294693
1.1 0.0303762
1.2 0.0312858
1.3 0.0322087
1.4 0.0331387
1.5 0.0340613
1.6 0.0349749
1.7 0.0358997
1.8 0.036819
1.9 0.0377546
2 0.0386934
2.1 0.0396283
2.2 0.0405587
2.3 0.0415038
2.4 0.042452
2.5 0.0433974
2.6 0.0443594
2.7 0.0453147
2.8 0.0462693
2.9 0.0472355
3 0.0481978
3.1 0.049145
3.2 0.0501094
3.3 0.0510704
3.4 0.0520456
3.5 0.0530249
3.6 0.0540043
3.7 0.0549927
3.8 0.0559723
3.9 0.056954
4 0.0579463
4.1 0.0589244
4.2 0.059914
4.3 0.0609013
4.4 0.061901
4.5 0.0629063
4.6 0.0639057
4.7 0.0648979
4.8 0.0658952
4.9 0.0668923
5 0.0679117
5.1 0.0689328
5.2 0.0699637
5.3 0.0710022
5.4 0.0720454
5.5 0.0730947
5.6 0.0741495
5.7 0.075188
5.8 0.0762351
5.9 0.0772894
6 0.0783533
6.1 0.0794163
6.2 0.0804828
6.3 0.0815612
6.4 0.0826344
6.5 0.0837106
6.6 0.0847846
6.7 0.0858695
6.8 0.0869479
6.9 0.0880283
7 0.089088
7.1 0.0901707
7.2 0.0912616
7.3 0.092343
7.4 0.0934219
7.5 0.0945027
7.6 0.0955891
7.7 0.0966975
7.8 0.0977946
7.9 0.0989131
8 0.100021
8.1 0.101141
8.2 0.10228
8.3 0.103417
8.4 0.104551
8.5 0.105691
8.6 0.106839
8.7 0.108013
8.8 0.10919
8.9 0.110371
9 0.111553
9.1 0.112753
9.2 0.113934
9.3 0.115118
9.4 0.116309
9.5 0.117523
9.6 0.118754
9.7 0.11998
9.8 0.121203
9.9 0.122448
10 0.123684
10.1 0.124942
10.2 0.126208
10.3 0.127456
10.4 0.128685
10.5 0.129924
10.6 0.131177
10.7 0.132429
10.8 0.133691
10.9 0.134935
11 0.136173
11.1 0.137431
11.2 0.138707
11.3 0.139974
11.4 0.141255
11.5 0.142523
11.6 0.143799
11.7 0.14507
11.8 0.146348
11.9 0.147616
12 0.148898
12.1 0.150185
12.2 0.151455
12.3 0.152757
12.4 0.154047
12.5 0.155329
12.6 0.156629
12.7 0.157934
12.8 0.159226
12.9 0.160509
13 0.161809
13.1 0.163102
13.2 0.16439
13.3 0.165681
13.4 0.166975
13.5 0.16827
13.6 0.169577
13.7 0.170874
13.8 0.172172
13.9 0.173479
14 0.174807
14.1 0.176101
14.2 0.177421
14.3 0.178749
14.4 0.180093
14.5 0.181431
14.6 0.182751
14.7 0.184092
14.8 0.18543
14.9 0.186783
15 0.188137
15.1 0.189502
15.2 0.190878
15.3 0.192235
15.4 0.193585
15.5 0.194935
15.6 0.196294
15.7 0.19766
15.8 0.199036
15.9 0.200399
16 0.201752
16.1 0.203151
16.2 0.204516
16.3 0.20589
16.4 0.207268
16.5 0.208642
16.6 0.210012
16.7 0.211377
16.8 0.212755
16.9 0.214118
17 0.215485
17.1 0.216843
17.2 0.218204
17.3 0.21957
17.4 0.22094
17.5 0.222303
17.6 0.223686
17.7 0.225081
17.8 0.226497
17.9 0.227883
18 0.22927
18.1 0.23064
18.2 0.232048
18.3 0.233455
18.4 0.234876
18.5 0.236313
18.6 0.23775
18.7 0.239167
18.8 0.240594
18.9 0.241973
19 0.243374
19.1 0.244806
19.2 0.246224
19.3 0.247633
19.4 0.249044
19.5 0.250489
19.6 0.251928
19.7 0.253332
19.8 0.254763
19.9 0.256191
20 0.257612
20.1 0.259034
20.2 0.260487
20.3 0.261905
20.4 0.263319
20.5 0.264734
20.6 0.266146
20.7 0.267564
20.8 0.269016
20.9 0.270441
21 0.271858
21.1 0.273289
21.2 0.274708
21.3 0.276086
21.4 0.277467
21.5 0.27885
21.6 0.280257
21.7 0.281657
21.8 0.283054
21.9 0.284418
22 0.285778
22.1 0.287137
22.2 0.288496
22.3 0.28988
22.4 0.29124
22.5 0.292567
22.6 0.293884
22.7 0.295206
22.8 0.296498
22.9 0.297795
23 0.299088
23.1 0.300428
23.2 0.301746
23.3 0.30304
23.4 0.304281
23.5 0.305519
23.6 0.306741
23.7 0.307985
23.8 0.309187
23.9 0.310397
24 0.311587
24.1 0.312802
24.2 0.313984
24.3 0.315164
24.4 0.316369
24.5 0.317566
24.6 0.318751
24.7 0.319904
24.8 0.321059
24.9 0.322232
25 0.323392
25.1 0.324525
25.2 0.325675
25.3 0.326826
25.4 0.327954
25.5 0.329086
25.6 0.330225
25.7 0.331327
25.8 0.332399
25.9 0.333448
26 0.334541
26.1 0.335629
26.2 0.336693
26.3 0.33774
26.4 0.338755
26.5 0.339783
26.6 0.340758
26.7 0.341724
26.8 0.342713
26.9 0.343662
27 0.344603
27.1 0.345546
27.2 0.346515
27.3 0.347443
27.4 0.348357
27.5 0.349274
27.6 0.35017
27.7 0.351083
27.8 0.351976
27.9 0.352865
28 0.353763
28.1 0.354659
28.2 0.355549
28.3 0.356432
28.4 0.357292
28.5 0.358125
28.6 0.358942
28.7 0.359763
28.8 0.360575
28.9 0.361391
29 0.362218
29.1 0.363038
29.2 0.363828
29.3 0.36463
29.4 0.365432
29.5 0.366239
29.6 0.367018
29.7 0.367777
29.8 0.368523
29.9 0.369253
30 0.369967
30.1 0.370673
30.2 0.371365
30.3 0.372045
30.4 0.372719
30.5 0.373394
30.6 0.374089
30.7 0.374776
30.8 0.375417
30.9 0.376049
31 0.376671
31.1 0.377293
31.2 0.377902
31.3 0.378519
31.4 0.379125
31.5 0.379706
31.6 0.380288
31.7 0.380854
31.8 0.381425
31.9 0.381958
32 0.382519
32.1 0.383056
32.2 0.383587
32.3 0.384107
32.4 0.384609
32.5 0.385114
32.6 0.385611
32.7 0.386091
32.8 0.386557
32.9 0.387026
33 0.387488
33.1 0.38794
33.2 0.388383
33.3 0.38883
33.4 0.389265
33.5 0.389682
33.6 0.390104
33.7 0.390518
33.8 0.390927
33.9 0.391319
34 0.39171
34.1 0.392077
34.2 0.392442
34.3 0.39281
34.4 0.393171
34.5 0.393531
34.6 0.393889
34.7 0.394237
34.8 0.394587
34.9 0.394928
35 0.395249
35.1 0.39558
35.2 0.395909
35.3 0.396221
35.4 0.396543
35.5 0.396855
35.6 0.397173
35.7 0.39748
35.8 0.397785
35.9 0.398075
36 0.398363
36.1 0.398659
36.2 0.398959
36.3 0.399238
36.4 0.399522
36.5 0.399804
36.6 0.400072
36.7 0.400339
36.8 0.40059
36.9 0.400845
37 0.40111
37.1 0.40137
37.2 0.401616
37.3 0.401881
37.4 0.402134
37.5 0.402389
37.6 0.402637
37.7 0.40288
37.8 0.403134
37.9 0.403375
38 0.403618
38.1 0.403863
38.2 0.404104
38.3 0.404341
38.4 0.404576
38.5 0.404804
38.6 0.405029
38.7 0.405247
38.8 0.405461
38.9 0.405661
39 0.405876
39.1 0.406088
39.2 0.406316
39.3 0.406549
39.4 0.406765
39.5 0.406961
39.6 0.407164
39.7 0.407356
39.8 0.407558
39.9 0.407754
40 0.40796
40.1 0.408167
40.2 0.408362
40.3 0.408562
40.4 0.408774
40.5 0.408989
40.6 0.409196
40.7 0.409397
40.8 0.409593
40.9 0.409789
41 0.409981
41.1 0.410167
41.2 0.410365
41.3 0.410551
41.4 0.410746
41.5 0.410945
41.6 0.411126
41.7 0.411302
41.8 0.411474
41.9 0.411648
42 0.411824
42.1 0.412001
42.2 0.412182
42.3 0.412371
42.4 0.412559
42.5 0.412739
42.6 0.412924
42.7 0.413098
42.8 0.413274
42.9 0.413452
43 0.413629
43.1 0.413802
43.2 0.413973
43.3 0.414151
43.4 0.414338
43.5 0.41451
43.6 0.414687
43.7 0.414863
43.8 0.415049
43.9 0.415217
44 0.41539
44.1 0.415546
44.2 0.415697
44.3 0.415855
44.4 0.416013
44.5 0.416186
44.6 0.416351
44.7 0.416511
44.8 0.416673
44.9 0.416832
45 0.417001
45.1 0.417166
45.2 0.417335
45.3 0.417506
45.4 0.417667
45.5 0.417831
45.6 0.417983
45.7 0.418125
45.8 0.418256
45.9 0.418383
46 0.418528
46.1 0.41867
46.2 0.418813
46.3 0.41896
46.4 0.419108
46.5 0.419258
46.6 0.419416
46.7 0.419575
46.8 0.419722
46.9 0.419864
47 0.420002
47.1 0.420142
47.2 0.420282
47.3 0.420439
47.4 0.420586
47.5 0.42073
47.6 0.420875
47.7 0.421014
47.8 0.421145
47.9 0.421284
48 0.421435
48.1 0.421586
48.2 0.421741
48.3 0.421888
48.4 0.422045
48.5 0.422206
48.6 0.422374
48.7 0.422548
48.8 0.422715
48.9 0.422875
49 0.423033
49.1 0.423175
49.2 0.423344
49.3 0.423505
49.4 0.423664
49.5 0.42384
49.6 0.424002
49.7 0.424179
49.8 0.424352
49.9 0.424533
50 0.424723
50.1 0.424891
50.2 0.425076
50.3 0.425252
50.4 0.425419
50.5 0.425602
50.6 0.425784
50.7 0.425951
50.8 0.426135
50.9 0.426327
51 0.426519
51.1 0.426708
51.2 0.426915
51.3 0.427121
51.4 0.42734
51.5 0.427551
51.6 0.427765
51.7 0.427987
51.8 0.428221
51.9 0.428432
52 0.42864
52.1 0.42885
52.2 0.429086
52.3 0.429311
52.4 0.42954
52.5 0.429757
52.6 0.429986
52.7 0.430194
52.8 0.430401
52.9 0.430622
53 0.430826
53.1 0.431036
53.2 0.431243
53.3 0.431447
53.4 0.431659
53.5 0.431891
53.6 0.43211
53.7 0.432323
53.8 0.432541
53.9 0.432741
54 0.432953
54.1 0.433162
54.2 0.433368
54.3 0.433579
54.4 0.433803
54.5 0.434017
54.6 0.434221
54.7 0.434431
54.8 0.434637
54.9 0.434856
55 0.435089
55.1 0.43531
55.2 0.435539
55.3 0.43576
55.4 0.435992
55.5 0.436221
55.6 0.436458
55.7 0.4367
55.8 0.436932
55.9 0.437167
56 0.437389
56.1 0.437623
56.2 0.437858
56.3 0.438097
56.4 0.438329
56.5 0.438559
56.6 0.438785
56.7 0.439018
56.8 0.439251
56.9 0.43948
57 0.439706
57.1 0.43993
57.2 0.440163
57.3 0.44039
57.4 0.440644
57.5 0.440885
57.6 0.441114
57.7 0.441355
57.8 0.441599
57.9 0.441842
58 0.44207
58.1 0.44232
58.2 0.442552
58.3 0.442775
58.4 0.443006
58.5 0.443249
58.6 0.443479
58.7 0.443711
58.8 0.443961
58.9 0.444212
59 0.444451
59.1 0.444681
59.2 0.44491
59.3 0.445157
59.4 0.445395
59.5 0.44562
59.6 0.445858
59.7 0.446109
59.8 0.446352
59.9 0.446602
60 0.446842
60.1 0.447078
60.2 0.447318
60.3 0.447548
60.4 0.447786
60.5 0.448019
60.6 0.448263
60.7 0.448495
60.8 0.448731
60.9 0.448966
61 0.449215
61.1 0.449459
61.2 0.449703
61.3 0.449949
61.4 0.450195
61.5 0.450424
61.6 0.450662
61.7 0.450894
61.8 0.451132
61.9 0.451374
62 0.451614
62.1 0.451851
62.2 0.452102
62.3 0.452357
62.4 0.452612
62.5 0.452848
62.6 0.453083
62.7 0.453335
62.8 0.453579
62.9 0.453826
63 0.454068
63.1 0.454309
63.2 0.454564
63.3 0.454815
63.4 0.45506
63.5 0.455296
63.6 0.455536
63.7 0.455775
63.8 0.456015
63.9 0.456252
64 0.456489
64.1 0.456734
64.2 0.456979
64.3 0.457223
64.4 0.457465
64.5 0.457706
64.6 0.457953
64.7 0.458206
64.8 0.458464
64.9 0.458714
65 0.458967
65.1 0.459214
65.2 0.459454
65.3 0.459702
65.4 0.459943
65.5 0.460181
65.6 0.460421
65.7 0.460672
65.8 0.460919
65.9 0.461172
66 0.46142
66.1 0.461666
66.2 0.461914
66.3 0.462161
66.4 0.462405
66.5 0.462658
66.6 0.462909
66.7 0.46316
66.8 0.463404
66.9 0.46366
67 0.463919
67.1 0.464173
67.2 0.464434
67.3 0.464695
67.4 0.464952
67.5 0.465203
67.6 0.465457
67.7 0.465709
67.8 0.465961
67.9 0.466213
68 0.46646
68.1 0.466709
68.2 0.466962
68.3 0.46722
68.4 0.467476
68.5 0.467729
68.6 0.46798
68.7 0.46823
68.8 0.468486
68.9 0.46874
69 0.468993
69.1 0.469243
69.2 0.469504
69.3 0.469759
69.4 0.470013
69.5 0.47027
69.6 0.470527
69.7 0.47079
69.8 0.471044
69.9 0.4713
70 0.471558
70.1 0.471813
70.2 0.472068
70.3 0.47232
70.4 0.47257
70.5 0.472824
70.6 0.473077
70.7 0.47334
70.8 0.473596
70.9 0.473858
71 0.47412
71.1 0.474378
71.2 0.47464
71.3 0.474898
71.4 0.475168
71.5 0.475429
71.6 0.475687
71.7 0.475952
71.8 0.476215
71.9 0.476476
72 0.476739
72.1 0.477003
72.2 0.477267
72.3 0.477525
72.4 0.477787
72.5 0.478044
72.6 0.478306
72.7 0.478567
72.8 0.478831
72.9 0.479095
73 0.47936
73.1 0.479621
73.2 0.479883
73.3 0.480151
73.4 0.480423
73.5 0.480687
73.6 0.480957
73.7 0.481237
73.8 0.481508
73.9 0.481776
74 0.482046
74.1 0.48231
74.2 0.482575
74.3 0.48284
74.4 0.483102
74.5 0.483366
74.6 0.483634
74.7 0.483897
74.8 0.48417
74.9 0.48444
75 0.484705
75.1 0.484972
75.2 0.485237
75.3 0.485509
75.4 0.485781
75.5 0.486049
75.6 0.486322
75.7 0.486588
75.8 0.486858
75.9 0.487131
76 0.4874
76.1 0.487678
76.2 0.487952
76.3 0.488226
76.4 0.488499
76.5 0.488771
76.6 0.489041
76.7 0.489313
76.8 0.489585
76.9 0.489858
77 0.490136
77.1 0.49041
77.2 0.490677
77.3 0.490948
77.4 0.491217
77.5 0.49149
77.6 0.491767
77.7 0.492043
77.8 0.492323
77.9 0.492594
78 0.492868
78.1 0.493139
78.2 0.49341
78.3 0.493687
78.4 0.493957
78.5 0.494234
78.6 0.494508
78.7 0.494782
78.8 0.495061
78.9 0.495339
79 0.495612
79.1 0.495887
79.2 0.496162
79.3 0.496438
79.4 0.496713
79.5 0.496991
79.6 0.497266
79.7 0.497547
79.8 0.497827
79.9 0.498109
80 0.498387
80.1 0.498666
80.2 0.498946
80.3 0.499222
80.4 0.499499
80.5 0.499775
80.6 0.500055
80.7 0.500333
80.8 0.500612
80.9 0.500892
81 0.501176
81.1 0.501457
81.2 0.501733
81.3 0.502015
81.4 0.502296
81.5 0.502579
81.6 0.502856
81.7 0.503131
81.8 0.503407
81.9 0.503689
82 0.503971
82.1 0.50425
82.2 0.50453
82.3 0.504808
82.4 0.505087
82.5 0.505367
82.6 0.505648
82.7 0.505927
82.8 0.506206
82.9 0.506486
83 0.506765
83.1 0.507046
83.2 0.507326
83.3 0.507609
83.4 0.507891
83.5 0.508174
83.6 0.508456
83.7 0.508739
83.8 0.509019
83.9 0.509299
84 0.509577
84.1 0.509857
84.2 0.51014
84.3 0.510417
84.4 0.510699
84.5 0.510976
84.6 0.511258
84.7 0.511535
84.8 0.511813
84.9 0.512092
85 0.512375
85.1 0.512655
85.2 0.51293
85.3 0.513206
85.4 0.513483
85.5 0.513757
85.6 0.514034
85.7 0.514311
85.8 0.514587
85.9 0.514862
86 0.515141
86.1 0.515419
86.2 0.515697
86.3 0.515975
86.4 0.516255
86.5 0.516531
86.6 0.516811
86.7 0.517091
86.8 0.517375
86.9 0.517655
87 0.517938
87.1 0.518221
87.2 0.5185
87.3 0.518777
87.4 0.519054
87.5 0.519335
87.6 0.519614
87.7 0.519889
87.8 0.520166
87.9 0.520443
88 0.520722
88.1 0.521002
88.2 0.521278
88.3 0.521559
88.4 0.521836
88.5 0.522116
88.6 0.522395
88.7 0.522674
88.8 0.522953
88.9 0.523229
89 0.523506
89.1 0.523784
89.2 0.524064
89.3 0.524344
89.4 0.524622
89.5 0.524902
89.6 0.525185
89.7 0.525468
89.8 0.525751
89.9 0.526027
90 0.526308
90.1 0.526589
90.2 0.526869
90.3 0.527148
90.4 0.527426
90.5 0.527709
90.6 0.527989
90.7 0.528271
90.8 0.528551
90.9 0.52883
91 0.529113
91.1 0.529396
91.2 0.529679
91.3 0.529962
91.4 0.530246
91.5 0.530526
91.6 0.530808
91.7 0.531088
91.8 0.531366
91.9 0.531646
92 0.531921
92.1 0.532202
92.2 0.532483
92.3 0.532761
92.4 0.533041
92.5 0.53332
92.6 0.533598
92.7 0.533879
92.8 0.534158
92.9 0.534443
93 0.534721
93.1 0.535002
93.2 0.535284
93.3 0.535565
93.4 0.535843
93.5 0.536124
93.6 0.536403
93.7 0.536683
93.8 0.536964
93.9 0.537245
94 0.537523
94.1 0.537803
94.2 0.538084
94.3 0.538363
94.4 0.538643
94.5 0.538926
94.6 0.539208
94.7 0.539489
94.8 0.539767
94.9 0.540048
95 0.540329
95.1 0.540607
95.2 0.540886
95.3 0.541167
95.4 0.54145
95.5 0.541732
95.6 0.542017
95.7 0.5423
95.8 0.542581
95.9 0.542863
96 0.543143
96.1 0.543427
96.2 0.543715
96.3 0.543998
96.4 0.54428
96.5 0.544564
96.6 0.544848
96.7 0.545128
96.8 0.545409
96.9 0.545695
97 0.54598
97.1 0.546265
97.2 0.546551
97.3 0.546835
97.4 0.547119
97.5 0.547405
97.6 0.547692
97.7 0.547977
97.8 0.548264
97.9 0.548548
98 0.548833
98.1 0.54912
98.2 0.549407
98.3 0.549691
98.4 0.549978
98.5 0.550262
98.6 0.55055
98.7 0.550835
98.8 0.551119
98.9 0.551401
99 0.551687
99.1 0.551973
99.2 0.552259
99.3 0.552546
99.4 0.552829
99.5 0.553112
99.6 0.553399
99.7 0.553686
99.8 0.553974
99.9 0.554266
100 1.18659
