0 -10
0.1 -9.77082
0.2 -9.77079
0.3 -9.77076
0.4 -9.77073
0.5 -9.7707
0.6 -9.77068
0.7 -9.77065
0.8 -9.77062
0.9 -9.77059
1 -9.77057
1.1 -9.77054
1.2 -9.77051
1.3 -9.77048
1.4 -9.77045
1.5 -9.77043
1.6 -9.7704
1.7 -9.77037
1.8 -9.77034
1.9 -9.77031
2 -9.77029
2.1 -9.77026
2.2 -9.77023
2.3 -9.7702
2.4 -9.77017
2.5 -9.77015
2.6 -9.77012
2.7 -9.77009
2.8 -9.77006
2.9 -9.77004
3 -9.77001
3.1 -9.76998
3.2 -9.76995
3.3 -9.76992
3.4 -9.7699
3.5 -9.76987
3.6 -9.76984
3.7 -9.76981
3.8 -9.76978
3.9 -9.76976
4 -9.76973
4.1 -9.7697
4.2 -9.76967
4.3 -9.76965
4.4 -9.76962
4.5 -9.76959
4.6 -9.76956
4.7 -9.76953
4.8 -9.76951
4.9 -9.76948
5 -9.76945
5.1 -9.76942
5.2 -9.76939
5.3 -9.76937
5.4 -9.76934
5.5 -9.76931
5.6 -9.76928
5.7 -9.76926
5.8 -9.76923
5.9 -9.7692
6 -9.76917
6.1 -9.76914
6.2 -9.76912
6.3 -9.76909
6.4 -9.76906
6.5 -9.76903
6.6 -9.76901
6.7 -9.76898
6.8 -9.76895
6.9 -9.76892
7 -9.76889
7.1 -9.76887
7.2 -9.76884
7.3 -9.76881
7.4 -9.76878
7.5 -9.76876
7.6 -9.76873
7.7 -9.7687
7.8 -9.76867
7.9 -9.76864
8 -9.76862
8.1 -9.76859
8.2 -9.76856
8.3 -9.76853
8.4 -9.76851
8.5 -9.76848
8.6 -9.76845
8.7 -9.76842
8.8 -9.7684
8.9 -9.76837
9 -9.76834
9.1 -9.76831
9.2 -9.76829
9.3 -9.76826
9.4 -9.76823
9.5 -9.7682
9.6 -9.76818
9.7 -9.76815
9.8 -9.76812
9.9 -9.76809
10 -9.76807
10.1 -9.76804
10.2 -9.76801
10.3 -9.76798
10.4 -9.76796
10.5 -9.76793
10.6 -9.7679
10.7 -9.76787
10.8 -9.76785
10.9 -9.76782
11 -9.76779
11.1 -9.76776
11.2 -9.76774
11.3 -9.76771
11.4 -9.76768
11.5 -9.76765
11.6 -9.76763
11.7 -9.7676
11.8 -9.76757
11.9 -9.76754
12 -9.76752
12.1 -9.76749
12.2 -9.76746
12.3 -9.76744
12.4 -9.76741
12.5 -9.76738
12.6 -9.76735
12.7 -9.76733
12.8 -9.7673
12.9 -9.76727
13 -9.76725
13.1 -9.76722
13.2 -9.76719
13.3 -9.76716
13.4 -9.76714
13.5 -9.76711
13.6 -9.76708
13.7 -9.76706
13.8 -9.76703
13.9 -9.767
14 -9.76698
14.1 -9.76695
14.2 -9.76692
14.3 -9.76689
14.4 -9.76687
14.5 -9.76684
14.6 -9.76681
14.7 -9.76679
14.8 -9.76676
14.9 -9.76673
15 -9.76671
15.1 -9.76668
15.2 -9.76665
15.3 -9.76663
15.4 -9.7666
15.5 -9.76657
15.6 -9.76655
15.7 -9.76652
15.8 -9.76649
15.9 -9.76647
16 -9.76644
16.1 -9.76641
16.2 -9.76639
16.3 -9.76636
16.4 -9.76633
16.5 -9.76631
16.6 -9.76628
16.7 -9.76625
16.8 -9.76623
16.9 -9.7662
17 -9.76617
17.1 -9.76615
17.2 -9.76612
17.3 -9.7661
17.4 -9.76607
17.5 -9.76604
17.6 -9.76602
17.7 -9.76599
17.8 -9.76596
17.9 -9.76594
18 -9.76591
18.1 -9.76589
18.2 -9.76586
18.3 -9.76583
18.4 -9.76581
18.5 -9.76578
18.6 -9.76576
18.7 -9.76573
18.8 -9.7657
18.9 -9.76568
19 -9.76565
19.1 -9.76563
19.2 -9.7656
19.3 -9.76558
19.4 -9.76555
19.5 -9.76552
19.6 -9.7655
19.7 -9.76547
19.8 -9.76545
19.9 -9.76542
20 -9.7654
20.1 -9.76537
20.2 -9.76534
20.3 -9.76532
20.4 -9.76529
20.5 -9.76527
20.6 -9.76524
20.7 -9.76522
20.8 -9.76519
20.9 -9.76517
21 -9.76514
21.1 -9.76512
21.2 -9.76509
21.3 -9.76507
21.4 -9.76504
21.5 -9.76502
21.6 -9.76499
21.7 -9.76497
21.8 -9.76494
21.9 -9.76492
22 -9.76489
22.1 -9.76487
22.2 -9.76484
22.3 -9.76482
22.4 -9.76479
22.5 -9.76477
22.6 -9.76474
22.7 -9.76472
22.8 -9.76469
22.9 -9.76467
23 -9.76464
23.1 -9.76462
23.2 -9.76459
23.3 -9.76457
23.4 -9.76455
23.5 -9.76452
23.6 -9.7645
23.7 -9.76447
23.8 -9.76445
23.9 -9.76442
24 -9.7644
24.1 -9.76438
24.2 -9.76435
24.3 -9.76433
24.4 -9.7643
24.5 -9.76428
24.6 -9.76426
24.7 -9.76423
24.8 -9.76421
24.9 -9.76418
25 -9.76416
25.1 -9.76414
25.2 -9.76411
25.3 -9.76409
25.4 -9.76407
25.5 -9.76404
25.6 -9.76402
25.7 -9.764
25.8 -9.76397
25.9 -9.76395
26 -9.76393
26.1 -9.7639
26.2 -9.76388
26.3 -9.76386
26.4 -9.76383
26.5 -9.76381
26.6 -9.76379
26.7 -9.76376
26.8 -9.76374
26.9 -9.76372
27 -9.7637
27.1 -9.76367
27.2 -9.76365
27.3 -9.76363
27.4 -9.76361
27.5 -9.76358
27.6 -9.76356
27.7 -9.76354
27.8 -9.76352
27.9 -9.76349
28 -9.76347
28.1 -9.76345
28.2 -9.76343
28.3 -9.7634
28.4 -9.76338
28.5 -9.76336
28.6 -9.76334
28.7 -9.76332
28.8 -9.76329
28.9 -9.76327
29 -9.76325
29.1 -9.76323
29.2 -9.76321
29.3 -9.76319
29.4 -9.76316
29.5 -9.76314
29.6 -9.76312
29.7 -9.7631
29.8 -9.76308
29.9 -9.76306
30 -9.76304
30.1 -9.76302
30.2 -9.76299
30.3 -9.76297
30.4 -9.76295
30.5 -9.76293
30.6 -9.76291
30.7 -9.76289
30.8 -9.76287
30.9 -9.76285
31 -9.76283
31.1 -9.76281
31.2 -9.76279
31.3 -9.76277
31.4 -9.76275
31.5 -9.76273
31.6 -9.7627
31.7 -9.76268
31.8 -9.76266
31.9 -9.76264
32 -9.76262
32.1 -9.7626
32.2 -9.76258
32.3 -9.76256
32.4 -9.76254
32.5 -9.76253
32.6 -9.76251
32.7 -9.76249
32.8 -9.76247
32.9 -9.76245
33 -9.76243
33.1 -9.76241
33.2 -9.76239
33.3 -9.76237
33.4 -9.76235
33.5 -9.76233
33.6 -9.76231
33.7 -9.76229
33.8 -9.76227
33.9 -9.76226
34 -9.76224
34.1 -9.76222
34.2 -9.7622
34.3 -9.76218
34.4 -9.76216
34.5 -9.76214
34.6 -9.76213
34.7 -9.76211
34.8 -9.76209
34.9 -9.76207
35 -9.76205
35.1 -9.76203
35.2 -9.76202
35.3 -9.762
35.4 -9.76198
35.5 -9.76196
35.6 -9.76195
35.7 -9.76193
35.8 -9.76191
35.9 -9.76189
36 -9.76188
36.1 -9.76186
36.2 -9.76184
36.3 -9.76182
36.4 -9.76181
36.5 -9.76179
36.6 -9.76177
36.7 -9.76176
36.8 -9.76174
36.9 -9.76172
37 -9.7617
37.1 -9.76169
37.2 -9.76167
37.3 -9.76165
37.4 -9.76164
37.5 -9.76162
37.6 -9.76161
37.7 -9.76159
37.8 -9.76157
37.9 -9.76156
38 -9.76154
38.1 -9.76152
38.2 -9.76151
38.3 -9.76149
38.4 -9.76148
38.5 -9.76146
38.6 -9.76145
38.7 -9.76143
38.8 -9.76141
38.9 -9.7614
39 -9.76138
39.1 -9.76137
39.2 -9.76135
39.3 -9.76134
39.4 -9.76132
39.5 -9.76131
39.6 -9.76129
39.7 -9.76128
39.8 -9.76126
39.9 -9.76125
40 -9.76123
40.1 -9.76122
40.2 -9.76121
40.3 -9.76119
40.4 -9.76118
40.5 -9.76116
40.6 -9.76115
40.7 -9.76113
40.8 -9.76112
40.9 -9.76111
41 -9.76109
41.1 -9.76108
41.2 -9.76106
41.3 -9.76105
41.4 -9.76104
41.5 -9.76102
41.6 -9.76101
41.7 -9.761
41.8 -9.76098
41.9 -9.76097
42 -9.76096
42.1 -9.76094
42.2 -9.76093
42.3 -9.76092
42.4 -9.7609
42.5 -9.76089
42.6 -9.76088
42.7 -9.76087
42.8 -9.76085
42.9 -9.76084
43 -9.76083
43.1 -9.76082
43.2 -9.7608
43.3 -9.76079
43.4 -9.76078
43.5 -9.76077
43.6 -9.76075
43.7 -9.76074
43.8 -9.76073
43.9 -9.76072
44 -9.76071
44.1 -9.76069
44.2 -9.76068
44.3 -9.76067
44.4 -9.76066
44.5 -9.76065
44.6 -9.76064
44.7 -9.76063
44.8 -9.76061
44.9 -9.7606
45 -9.76059
45.1 -9.76058
45.2 -9.76057
45.3 -9.76056
45.4 -9.76055
45.5 -9.76054
45.6 -9.76053
45.7 -9.76052
45.8 -9.76051
45.9 -9.76049
46 -9.76048
46.1 -9.76047
46.2 -9.76046
46.3 -9.76045
46.4 -9.76044
46.5 -9.76043
46.6 -9.76042
46.7 -9.76041
46.8 -9.7604
46.9 -9.76039
47 -9.76038
47.1 -9.76037
47.2 -9.76036
47.3 -9.76035
47.4 -9.76035
47.5 -9.76034
47.6 -9.76033
47.7 -9.76032
47.8 -9.76031
47.9 -9.7603
48 -9.76029
48.1 -9.76028
48.2 -9.76027
48.3 -9.76026
48.4 -9.76025
48.5 -9.76025
48.6 -9.76024
48.7 -9.76023
48.8 -9.76022
48.9 -9.76021
49 -9.7602
49.1 -9.76019
49.2 -9.76019
49.3 -9.76018
49.4 -9.76017
49.5 -9.76016
49.6 -9.76015
49.7 -9.76014
49.8 -9.76014
49.9 -9.76013
50 -9.76012
50.1 -9.76011
50.2 -9.76011
50.3 -9.7601
50.4 -9.76009
50.5 -9.76008
50.6 -9.76008
50.7 -9.76007
50.8 -9.76006
50.9 -9.76005
51 -9.76005
51.1 -9.76004
51.2 -9.76003
51.3 -9.76002
51.4 -9.76002
51.5 -9.76001
51.6 -9.76
51.7 -9.76
51.8 -9.75999
51.9 -9.75998
52 -9.75998
52.1 -9.75997
52.2 -9.75996
52.3 -9.75996
52.4 -9.75995
52.5 -9.75994
52.6 -9.75994
52.7 -9.75993
52.8 -9.75993
52.9 -9.75992
53 -9.75991
53.1 -9.75991
53.2 -9.7599
53.3 -9.7599
53.4 -9.75989
53.5 -9.75988
53.6 -9.75988
53.7 -9.75987
53.8 -9.75987
53.9 -9.75986
54 -9.75986
54.1 -9.75985
54.2 -9.75984
54.3 -9.75984
54.4 -9.75983
54.5 -9.75983
54.6 -9.75982
54.7 -9.75982
54.8 -9.75981
54.9 -9.75981
55 -9.7598
55.1 -9.7598
55.2 -9.75979
55.3 -9.75979
55.4 -9.75978
55.5 -9.75978
55.6 -9.75977
55.7 -9.75977
55.8 -9.75976
55.9 -9.75976
56 -9.75976
56.1 -9.75975
56.2 -9.75975
56.3 -9.75974
56.4 -9.75974
56.5 -9.75973
56.6 -9.75973
56.7 -9.75973
56.8 -9.75972
56.9 -9.75972
57 -9.75971
57.1 -9.75971
57.2 -9.75971
57.3 -9.7597
57.4 -9.7597
57.5 -9.75969
57.6 -9.75969
57.7 -9.75969
57.8 -9.75968
57.9 -9.75968
58 -9.75968
58.1 -9.75967
58.2 -9.75967
58.3 -9.75966
58.4 -9.75966
58.5 -9.75966
58.6 -9.75965
58.7 -9.75965
58.8 -9.75965
58.9 -9.75965
59 -9.75964
59.1 -9.75964
59.2 -9.75964
59.3 -9.75963
59.4 -9.75963
59.5 -9.75963
59.6 -9.75962
59.7 -9.75962
59.8 -9.75962
59.9 -9.75962
60 -9.75961
60.1 -9.75961
60.2 -9.75961
60.3 -9.7596
60.4 -9.7596
60.5 -9.7596
60.6 -9.7596
60.7 -9.75959
60.8 -9.75959
60.9 -9.75959
61 -9.75959
61.1 -9.75958
61.2 -9.75958
61.3 -9.75958
61.4 -9.75958
61.5 -9.75958
61.6 -9.75957
61.7 -9.75957
61.8 -9.75957
61.9 -9.75957
62 -9.75957
62.1 -9.75956
62.2 -9.75956
62.3 -9.75956
62.4 -9.75956
62.5 -9.75956
62.6 -9.75955
62.7 -9.75955
62.8 -9.75955
62.9 -9.75955
63 -9.75955
63.1 -9.75955
63.2 -9.75954
63.3 -9.75954
63.4 -9.75954
63.5 -9.75954
63.6 -9.75954
63.7 -9.75954
63.8 -9.75953
63.9 -9.75953
64 -9.75953
64.1 -9.75953
64.2 -9.75953
64.3 -9.75953
64.4 -9.75953
64.5 -9.75953
64.6 -9.75952
64.7 -9.75952
64.8 -9.75952
64.9 -9.75952
65 -9.75952
65.1 -9.75952
65.2 -9.75952
65.3 -9.75952
65.4 -9.75952
65.5 -9.75952
65.6 -9.75951
65.7 -9.75951
65.8 -9.75951
65.9 -9.75951
66 -9.75951
66.1 -9.75951
66.2 -9.75951
66.3 -9.75951
66.4 -9.75951
66.5 -9.75951
66.6 -9.75951
66.7 -9.75951
66.8 -9.75951
66.9 -9.75951
67 -9.7595
67.1 -9.7595
67.2 -9.7595
67.3 -9.7595
67.4 -9.7595
67.5 -9.7595
67.6 -9.7595
67.7 -9.7595
67.8 -9.7595
67.9 -9.7595
68 -9.7595
68.1 -9.7595
68.2 -9.7595
68.3 -9.7595
68.4 -9.7595
68.5 -9.7595
68.6 -9.7595
68.7 -9.7595
68.8 -9.7595
68.9 -9.7595
69 -9.7595
69.1 -9.7595
69.2 -9.7595
69.3 -9.7595
69.4 -9.7595
69.5 -9.7595
69.6 -9.7595
69.7 -9.7595
69.8 -9.7595
69.9 -9.7595
70 -9.7595
70.1 -9.7595
70.2 -9.7595
70.3 -9.7595
70.4 -9.7595
70.5 -9.7595
70.6 -9.7595
70.7 -9.7595
70.8 -9.7595
70.9 -9.7595
71 -9.7595
71.1 -9.7595
71.2 -9.7595
71.3 -9.7595
71.4 -9.7595
71.5 -9.7595
71.6 -9.7595
71.7 -9.7595
71.8 -9.7595
71.9 -9.7595
72 -9.7595
72.1 -9.75951
72.2 -9.75951
72.3 -9.75951
72.4 -9.75951
72.5 -9.75951
72.6 -9.75951
72.7 -9.75951
72.8 -9.75951
72.9 -9.75951
73 -9.75951
73.1 -9.75951
73.2 -9.75951
73.3 -9.75951
73.4 -9.75951
73.5 -9.75951
73.6 -9.75951
73.7 -9.75951
73.8 -9.75952
73.9 -9.75952
74 -9.75952
74.1 -9.75952
74.2 -9.75952
74.3 -9.75952
74.4 -9.75952
74.5 -9.75952
74.6 -9.75952
74.7 -9.75952
74.8 -9.75952
74.9 -9.75952
75 -9.75953
75.1 -9.75953
75.2 -9.75953
75.3 -9.75953
75.4 -9.75953
75.5 -9.75953
75.6 -9.75953
75.7 -9.75953
75.8 -9.75953
75.9 -9.75953
76 -9.75953
76.1 -9.75954
76.2 -9.75954
76.3 -9.75954
76.4 -9.75954
76.5 -9.75954
76.6 -9.75954
76.7 -9.75954
76.8 -9.75954
76.9 -9.75954
77 -9.75954
77.1 -9.75955
77.2 -9.75955
77.3 -9.75955
77.4 -9.75955
77.5 -9.75955
77.6 -9.75955
77.7 -9.75955
77.8 -9.75955
77.9 -9.75955
78 -9.75956
78.1 -9.75956
78.2 -9.75956
78.3 -9.75956
78.4 -9.75956
78.5 -9.75956
78.6 -9.75956
78.7 -9.75956
78.8 -9.75957
78.9 -9.75957
79 -9.75957
79.1 -9.75957
79.2 -9.75957
79.3 -9.75957
79.4 -9.75957
79.5 -9.75957
79.6 -9.75958
79.7 -9.75958
79.8 -9.75958
79.9 -9.75958
80 -9.75958
80.1 -9.75958
80.2 -9.75958
80.3 -9.75958
80.4 -9.75959
80.5 -9.75959
80.6 -9.75959
80.7 -9.75959
80.8 -9.75959
80.9 -9.75959
81 -9.75959
81.1 -9.7596
81.2 -9.7596
81.3 -9.7596
81.4 -9.7596
81.5 -9.7596
81.6 -9.7596
81.7 -9.7596
81.8 -9.75961
81.9 -9.75961
82 -9.75961
82.1 -9.75961
82.2 -9.75961
82.3 -9.75961
82.4 -9.75961
82.5 -9.75962
82.6 -9.75962
82.7 -9.75962
82.8 -9.75962
82.9 -9.75962
83 -9.75962
83.1 -9.75962
83.2 -9.75963
83.3 -9.75963
83.4 -9.75963
83.5 -9.75963
83.6 -9.75963
83.7 -9.75963
83.8 -9.75963
83.9 -9.75964
84 -9.75964
84.1 -9.75964
84.2 -9.75964
84.3 -9.75964
84.4 -9.75964
84.5 -9.75964
84.6 -9.75965
84.7 -9.75965
84.8 -9.75965
84.9 -9.75965
85 -9.75965
85.1 -9.75965
85.2 -9.75966
85.3 -9.75966
85.4 -9.75966
85.5 -9.75966
85.6 -9.75966
85.7 -9.75966
85.8 -9.75966
85.9 -9.75967
86 -9.75967
86.1 -9.75967
86.2 -9.75967
86.3 -9.75967
86.4 -9.75967
86.5 -9.75968
86.6 -9.75968
86.7 -9.75968
86.8 -9.75968
86.9 -9.75968
87 -9.75968
87.1 -9.75968
87.2 -9.75969
87.3 -9.75969
87.4 -9.75969
87.5 -9.75969
87.6 -9.75969
87.7 -9.75969
87.8 -9.7597
87.9 -9.7597
88 -9.7597
88.1 -9.7597
88.2 -9.7597
88.3 -9.7597
88.4 -9.75971
88.5 -9.75971
88.6 -9.75971
88.7 -9.75971
88.8 -9.75971
88.9 -9.75971
89 -9.75972
89.1 -9.75972
89.2 -9.75972
89.3 -9.75972
89.4 -9.75972
89.5 -9.75972
89.6 -9.75972
89.7 -9.75973
89.8 -9.75973
89.9 -9.75973
90 -9.75973
90.1 -9.75973
90.2 -9.75973
90.3 -9.75974
90.4 -9.75974
90.5 -9.75974
90.6 -9.75974
90.7 -9.75974
90.8 -9.75974
90.9 -9.75975
91 -9.75975
91.1 -9.75975
91.2 -9.75975
91.3 -9.75975
91.4 -9.75975
91.5 -9.75975
91.6 -9.75976
91.7 -9.75976
91.8 -9.75976
91.9 -9.75976
92 -9.75976
92.1 -9.75976
92.2 -9.75977
92.3 -9.75977
92.4 -9.75977
92.5 -9.75977
92.6 -9.75977
92.7 -9.75977
92.8 -9.75978
92.9 -9.75978
93 -9.75978
93.1 -9.75978
93.2 -9.75978
93.3 -9.75978
93.4 -9.75979
93.5 -9.75979
93.6 -9.75979
93.7 -9.75979
93.8 -9.75979
93.9 -9.75979
94 -9.75979
94.1 -9.7598
94.2 -9.7598
94.3 -9.7598
94.4 -9.7598
94.5 -9.7598
94.6 -9.7598
94.7 -9.75981
94.8 -9.75981
94.9 -9.75981
95 -9.75981
95.1 -9.75981
95.2 -9.75981
95.3 -9.75982
95.4 -9.75982
95.5 -9.75982
95.6 -9.75982
95.7 -9.75982
95.8 -9.75982
95.9 -9.75982
96 -9.75983
96.1 -9.75983
96.2 -9.75983
96.3 -9.75983
96.4 -9.75983
96.5 -9.75983
96.6 -9.75984
96.7 -9.75984
96.8 -9.75984
96.9 -9.75984
97 -9.75984
97.1 -9.75984
97.2 -9.75984
97.3 -9.75985
97.4 -9.75985
97.5 -9.75985
97.6 -9.75985
97.7 -9.75985
97.8 -9.75985
97.9 -9.75986
98 -9.75986
98.1 -9.75986
98.2 -9.75986
98.3 -9.75986
98.4 -9.75986
98.5 -9.75986
98.6 -9.75987
98.7 -9.75987
98.8 -9.75987
98.9 -9.75987
99 -9.75987
99.1 -9.75987
99.2 -9.75988
99.3 -9.75988
99.4 -9.75988
99.5 -9.75988
99.6 -9.75988
99.7 -9.75988
99.8 -9.75988
99.9 -9.75989
100 -9.75989
100.001 -10
