8.62984 0.0352403
8.6866 0.176201
8.74335 0.264302
8.8001 0.563844
8.85686 0.925057
8.91361 1.42723
8.97036 1.52414
9.02712 1.77963
9.08387 1.38318
9.14062 1.50652
9.19738 1.10126
9.25413 0.590274
9.31088 0.414073
9.36764 0.290732
9.42439 0.158581
9.48114 0.140961
9.5379 0.0881007
9.59465 0.0616705
9.6514 0.0264302
9.70816 0.00881007
9.76491 0.0264302
9.82166 0.0176201
9.87842 0.0176201
9.93517 0.0176201
9.99192 0
10.0487 0
10.1054 0.0176201
10.1622 0
10.2189 0
10.2757 0.00881007
10.3324 0.00881007
10.3892 0.0176201
10.4459 0.0792906
10.5027 0.0969107
10.5595 0.123341
10.6162 0.158581
10.673 0.237872
10.7297 0.370023
10.7865 0.396453
10.8432 0.546224
10.9 0.625515
10.9567 0.581464
11.0135 0.625515
11.0702 0.502174
11.127 0.361213
11.1837 0.220252
11.2405 0.0352403
11.2972 0.0528604
11.354 0
11.4108 0.00881007
