13.5 5.31661
13.5015 5.24814
13.503 5.17997
13.5045 5.11209
13.506 5.04451
13.5075 4.97722
13.509 4.91023
13.5105 4.84353
13.512 4.77713
13.5135 4.71102
13.515 4.6452
13.5165 4.57967
13.518 4.51443
13.5195 4.44948
13.521 4.38481
13.5225 4.32044
13.524 4.25636
13.5255 4.19256
13.527 4.12904
13.5285 4.06582
13.53 4.00287
13.5315 3.94022
13.533 3.87784
13.5345 3.81575
13.536 3.75394
13.5375 3.69241
13.539 3.63116
13.5405 3.5702
13.542 3.50951
13.5435 3.4491
13.545 3.38897
13.5465 3.32912
13.548 3.26954
13.5495 3.21024
13.551 3.15121
13.5525 3.09247
13.554 3.03399
13.5555 2.97579
13.557 2.91786
13.5585 2.8602
13.56 2.80281
13.5615 2.7457
13.563 2.68886
13.5645 2.63228
13.566 2.57597
13.5675 2.51994
13.569 2.46417
13.5705 2.40866
13.572 2.35343
13.5735 2.29846
13.575 2.24375
13.5765 2.18931
13.578 2.13513
13.5795 2.08121
13.581 2.02756
13.5825 1.97417
13.584 1.92104
13.5855 1.86817
13.587 1.81556
13.5885 1.76321
13.59 1.71112
13.5915 1.65928
13.593 1.60771
13.5945 1.55639
13.596 1.50532
13.5975 1.45451
13.599 1.40396
13.6006 1.35366
13.6021 1.30361
13.6036 1.25382
13.6051 1.20428
13.6066 1.15499
13.6081 1.10595
13.6096 1.05716
13.6111 1.00862
13.6126 0.960325
13.6141 0.912282
13.6156 0.864487
13.6171 0.816939
13.6186 0.769637
13.6201 0.722582
13.6216 0.675771
13.6231 0.629205
13.6246 0.582882
13.6261 0.536803
13.6276 0.490967
13.6291 0.445372
13.6306 0.400019
13.6321 0.354907
13.6336 0.310035
13.6351 0.265402
13.6366 0.221009
13.6381 0.176853
13.6396 0.132935
13.6411 0.0892544
13.6426 0.0458099
13.6441 0.00260127
13.6456 -0.0403723
13.6471 -0.0831112
13.6486 -0.125616
13.6501 -0.167888
13.6516 -0.209927
13.6531 -0.251734
13.6546 -0.29331
13.6561 -0.334654
13.6576 -0.375769
13.6591 -0.416654
13.6606 -0.45731
13.6621 -0.497737
13.6636 -0.537937
13.6651 -0.577909
13.6666 -0.617655
13.6681 -0.657175
13.6696 -0.69647
13.6711 -0.73554
13.6726 -0.774386
13.6741 -0.813008
13.6756 -0.851407
13.6771 -0.889584
13.6786 -0.92754
13.6801 -0.965274
13.6816 -1.00279
13.6831 -1.04008
13.6846 -1.07716
13.6861 -1.11401
13.6876 -1.15065
13.6891 -1.18707
13.6906 -1.22327
13.6921 -1.25926
13.6936 -1.29503
13.6951 -1.33059
13.6966 -1.36593
13.6981 -1.40106
13.6996 -1.43597
13.7011 -1.47067
13.7026 -1.50516
13.7041 -1.53944
13.7056 -1.57351
13.7071 -1.60737
13.7086 -1.64101
13.7101 -1.67445
13.7116 -1.70768
13.7131 -1.7407
13.7146 -1.77351
13.7161 -1.80612
13.7176 -1.83852
13.7191 -1.87072
13.7206 -1.90271
13.7221 -1.93449
13.7236 -1.96607
13.7251 -1.99745
13.7266 -2.02863
13.7281 -2.0596
13.7296 -2.09037
13.7311 -2.12094
13.7326 -2.15131
13.7341 -2.18149
13.7356 -2.21146
13.7371 -2.24123
13.7386 -2.2708
13.7401 -2.30018
13.7416 -2.32936
13.7431 -2.35834
13.7446 -2.38713
13.7461 -2.41573
13.7476 -2.44412
13.7491 -2.47233
13.7506 -2.50034
13.7521 -2.52815
13.7536 -2.55578
13.7551 -2.58321
13.7566 -2.61045
13.7581 -2.63751
13.7596 -2.66437
13.7611 -2.69104
13.7626 -2.71752
13.7641 -2.74382
13.7656 -2.76992
13.7671 -2.79584
13.7686 -2.82157
13.7701 -2.84712
13.7716 -2.87248
13.7731 -2.89766
13.7746 -2.92265
13.7761 -2.94746
13.7776 -2.97208
13.7791 -2.99652
13.7806 -3.02078
13.7821 -3.04486
13.7836 -3.06875
13.7851 -3.09247
13.7866 -3.116
13.7881 -3.13936
13.7896 -3.16254
13.7911 -3.18554
13.7926 -3.20836
13.7941 -3.231
13.7956 -3.25347
13.7971 -3.27576
13.7986 -3.29787
13.8002 -3.31981
13.8017 -3.34158
13.8032 -3.36317
13.8047 -3.38459
13.8062 -3.40584
13.8077 -3.42691
13.8092 -3.44781
13.8107 -3.46854
13.8122 -3.4891
13.8137 -3.50949
13.8152 -3.52971
13.8167 -3.54976
13.8182 -3.56964
13.8197 -3.58936
13.8212 -3.6089
13.8227 -3.62828
13.8242 -3.6475
13.8257 -3.66654
13.8272 -3.68543
13.8287 -3.70414
13.8302 -3.7227
13.8317 -3.74109
13.8332 -3.75931
13.8347 -3.77738
13.8362 -3.79528
13.8377 -3.81302
13.8392 -3.8306
13.8407 -3.84802
13.8422 -3.86528
13.8437 -3.88238
13.8452 -3.89932
13.8467 -3.9161
13.8482 -3.93272
13.8497 -3.94919
13.8512 -3.9655
13.8527 -3.98165
13.8542 -3.99765
13.8557 -4.0135
13.8572 -4.02918
13.8587 -4.04472
13.8602 -4.0601
13.8617 -4.07532
13.8632 -4.0904
13.8647 -4.10532
13.8662 -4.12009
13.8677 -4.13471
13.8692 -4.14918
13.8707 -4.1635
13.8722 -4.17767
13.8737 -4.19169
13.8752 -4.20556
13.8767 -4.21929
13.8782 -4.23286
13.8797 -4.24629
13.8812 -4.25958
13.8827 -4.27271
13.8842 -4.28571
13.8857 -4.29855
13.8872 -4.31125
13.8887 -4.32381
13.8902 -4.33623
13.8917 -4.3485
13.8932 -4.36063
13.8947 -4.37262
13.8962 -4.38447
13.8977 -4.39617
13.8992 -4.40774
13.9007 -4.41916
13.9022 -4.43045
13.9037 -4.4416
13.9052 -4.45261
13.9067 -4.46348
13.9082 -4.47421
13.9097 -4.48481
13.9112 -4.49527
13.9127 -4.50559
13.9142 -4.51578
13.9157 -4.52584
13.9172 -4.53576
13.9187 -4.54555
13.9202 -4.5552
13.9217 -4.56472
13.9232 -4.57411
13.9247 -4.58336
13.9262 -4.59249
13.9277 -4.60148
13.9292 -4.61034
13.9307 -4.61908
13.9322 -4.62768
13.9337 -4.63616
13.9352 -4.6445
13.9367 -4.65272
13.9382 -4.66081
13.9397 -4.66877
13.9412 -4.67661
13.9427 -4.68432
13.9442 -4.69191
13.9457 -4.69937
13.9472 -4.7067
13.9487 -4.71392
13.9502 -4.721
13.9517 -4.72797
13.9532 -4.73481
13.9547 -4.74153
13.9562 -4.74813
13.9577 -4.75461
13.9592 -4.76096
13.9607 -4.7672
13.9622 -4.77331
13.9637 -4.77931
13.9652 -4.78519
13.9667 -4.79095
13.9682 -4.79659
13.9697 -4.80211
13.9712 -4.80752
13.9727 -4.81281
13.9742 -4.81799
13.9757 -4.82305
13.9772 -4.82799
13.9787 -4.83282
13.9802 -4.83753
13.9817 -4.84213
13.9832 -4.84662
13.9847 -4.851
13.9862 -4.85526
13.9877 -4.85941
13.9892 -4.86345
13.9907 -4.86738
13.9922 -4.8712
13.9937 -4.87491
13.9952 -4.8785
13.9967 -4.88199
13.9982 -4.88537
13.9997 -4.88865
14.0013 -4.89181
14.0028 -4.89487
14.0043 -4.89782
14.0058 -4.90066
14.0073 -4.9034
14.0088 -4.90604
14.0103 -4.90856
14.0118 -4.91099
14.0133 -4.91331
14.0148 -4.91552
14.0163 -4.91763
14.0178 -4.91964
14.0193 -4.92155
14.0208 -4.92336
14.0223 -4.92506
14.0238 -4.92666
14.0253 -4.92817
14.0268 -4.92957
14.0283 -4.93087
14.0298 -4.93208
14.0313 -4.93318
14.0328 -4.93419
14.0343 -4.9351
14.0358 -4.93591
14.0373 -4.93662
14.0388 -4.93724
14.0403 -4.93776
14.0418 -4.93819
14.0433 -4.93852
14.0448 -4.93876
14.0463 -4.9389
14.0478 -4.93895
14.0493 -4.9389
14.0508 -4.93876
14.0523 -4.93853
14.0538 -4.93821
14.0553 -4.93779
14.0568 -4.93729
14.0583 -4.93669
14.0598 -4.936
14.0613 -4.93522
14.0628 -4.93436
14.0643 -4.9334
14.0658 -4.93236
14.0673 -4.93122
14.0688 -4.93
14.0703 -4.92869
14.0718 -4.9273
14.0733 -4.92581
14.0748 -4.92425
14.0763 -4.92259
14.0778 -4.92085
14.0793 -4.91903
14.0808 -4.91712
14.0823 -4.91512
14.0838 -4.91305
14.0853 -4.91089
14.0868 -4.90864
14.0883 -4.90632
14.0898 -4.90391
14.0913 -4.90142
14.0928 -4.89885
14.0943 -4.8962
14.0958 -4.89347
14.0973 -4.89066
14.0988 -4.88777
14.1003 -4.8848
14.1018 -4.88175
14.1033 -4.87862
14.1048 -4.87542
14.1063 -4.87214
14.1078 -4.86878
14.1093 -4.86534
14.1108 -4.86183
14.1123 -4.85824
14.1138 -4.85458
14.1153 -4.85084
14.1168 -4.84703
14.1183 -4.84314
14.1198 -4.83918
14.1213 -4.83515
14.1228 -4.83104
14.1243 -4.82686
14.1258 -4.82261
14.1273 -4.81828
14.1288 -4.81389
14.1303 -4.80942
14.1318 -4.80489
14.1333 -4.80028
14.1348 -4.7956
14.1363 -4.79086
14.1378 -4.78604
14.1393 -4.78116
14.1408 -4.7762
14.1423 -4.77118
14.1438 -4.7661
14.1453 -4.76094
14.1468 -4.75572
14.1483 -4.75043
14.1498 -4.74508
14.1513 -4.73966
14.1528 -4.73418
14.1543 -4.72863
14.1558 -4.72301
14.1573 -4.71734
14.1588 -4.7116
14.1603 -4.70579
14.1618 -4.69993
14.1633 -4.694
14.1648 -4.68801
14.1663 -4.68195
14.1678 -4.67584
14.1693 -4.66966
14.1708 -4.66343
14.1723 -4.65713
14.1738 -4.65078
14.1753 -4.64436
14.1768 -4.63789
14.1783 -4.63136
14.1798 -4.62477
14.1813 -4.61812
14.1828 -4.61141
14.1843 -4.60465
14.1858 -4.59783
14.1873 -4.59095
14.1888 -4.58402
14.1903 -4.57703
14.1918 -4.56999
14.1933 -4.56289
14.1948 -4.55574
14.1963 -4.54853
14.1978 -4.54127
14.1993 -4.53396
14.2009 -4.52659
14.2024 -4.51917
14.2039 -4.5117
14.2054 -4.50417
14.2069 -4.4966
14.2084 -4.48897
14.2099 -4.48129
14.2114 -4.47356
14.2129 -4.46578
14.2144 -4.45796
14.2159 -4.45008
14.2174 -4.44215
14.2189 -4.43417
14.2204 -4.42615
14.2219 -4.41808
14.2234 -4.40996
14.2249 -4.40179
14.2264 -4.39358
14.2279 -4.38532
14.2294 -4.37701
14.2309 -4.36866
14.2324 -4.36026
14.2339 -4.35181
14.2354 -4.34332
14.2369 -4.33479
14.2384 -4.32621
14.2399 -4.31759
14.2414 -4.30893
14.2429 -4.30022
14.2444 -4.29147
14.2459 -4.28268
14.2474 -4.27384
14.2489 -4.26497
14.2504 -4.25605
14.2519 -4.24709
14.2534 -4.23809
14.2549 -4.22905
14.2564 -4.21997
14.2579 -4.21085
14.2594 -4.20169
14.2609 -4.19249
14.2624 -4.18325
14.2639 -4.17398
14.2654 -4.16467
14.2669 -4.15532
14.2684 -4.14593
14.2699 -4.1365
14.2714 -4.12704
14.2729 -4.11754
14.2744 -4.10801
14.2759 -4.09844
14.2774 -4.08883
14.2789 -4.07919
14.2804 -4.06952
14.2819 -4.05981
14.2834 -4.05007
14.2849 -4.04029
14.2864 -4.03048
14.2879 -4.02064
14.2894 -4.01076
14.2909 -4.00085
14.2924 -3.99091
14.2939 -3.98094
14.2954 -3.97093
14.2969 -3.9609
14.2984 -3.95083
14.2999 -3.94074
14.3014 -3.93061
14.3029 -3.92046
14.3044 -3.91027
14.3059 -3.90006
14.3074 -3.88981
14.3089 -3.87954
14.3104 -3.86924
14.3119 -3.85891
14.3134 -3.84856
14.3149 -3.83817
14.3164 -3.82776
14.3179 -3.81733
14.3194 -3.80687
14.3209 -3.79638
14.3224 -3.78586
14.3239 -3.77532
14.3254 -3.76476
14.3269 -3.75417
14.3284 -3.74355
14.3299 -3.73291
14.3314 -3.72225
14.3329 -3.71156
14.3344 -3.70086
14.3359 -3.69012
14.3374 -3.67937
14.3389 -3.66859
14.3404 -3.65779
14.3419 -3.64697
14.3434 -3.63613
14.3449 -3.62526
14.3464 -3.61438
14.3479 -3.60347
14.3494 -3.59255
14.3509 -3.5816
14.3524 -3.57064
14.3539 -3.55965
14.3554 -3.54865
14.3569 -3.53763
14.3584 -3.52659
14.3599 -3.51553
14.3614 -3.50445
14.3629 -3.49336
14.3644 -3.48225
14.3659 -3.47112
14.3674 -3.45997
14.3689 -3.44881
14.3704 -3.43763
14.3719 -3.42644
14.3734 -3.41523
14.3749 -3.404
14.3764 -3.39276
14.3779 -3.38151
14.3794 -3.37024
14.3809 -3.35896
14.3824 -3.34766
14.3839 -3.33635
14.3854 -3.32502
14.3869 -3.31369
14.3884 -3.30234
14.3899 -3.29097
14.3914 -3.2796
14.3929 -3.26821
14.3944 -3.25682
14.3959 -3.24541
14.3974 -3.23399
14.3989 -3.22255
14.4005 -3.21111
14.402 -3.19966
14.4035 -3.1882
14.405 -3.17673
14.4065 -3.16525
14.408 -3.15376
14.4095 -3.14226
14.411 -3.13075
14.4125 -3.11923
14.414 -3.10771
14.4155 -3.09618
14.417 -3.08464
14.4185 -3.07309
14.42 -3.06153
14.4215 -3.04997
14.423 -3.03841
14.4245 -3.02683
14.426 -3.01525
14.4275 -3.00367
14.429 -2.99208
14.4305 -2.98048
14.432 -2.96888
14.4335 -2.95727
14.435 -2.94567
14.4365 -2.93405
14.438 -2.92243
14.4395 -2.91081
14.441 -2.89919
14.4425 -2.88756
14.444 -2.87593
14.4455 -2.86429
14.447 -2.85266
14.4485 -2.84102
14.45 -2.82938
14.4515 -2.81774
14.453 -2.8061
14.4545 -2.79445
14.456 -2.78281
14.4575 -2.77116
14.459 -2.75952
14.4605 -2.74787
14.462 -2.73622
14.4635 -2.72458
14.465 -2.71293
14.4665 -2.70129
14.468 -2.68965
14.4695 -2.67801
14.471 -2.66637
14.4725 -2.65473
14.474 -2.64309
14.4755 -2.63146
14.477 -2.61983
14.4785 -2.6082
14.48 -2.59658
14.4815 -2.58495
14.483 -2.57334
14.4845 -2.56172
14.486 -2.55011
14.4875 -2.5385
14.489 -2.5269
14.4905 -2.5153
14.492 -2.50371
14.4935 -2.49213
14.495 -2.48054
14.4965 -2.46897
14.498 -2.4574
14.4995 -2.44583
14.501 -2.43428
14.5025 -2.42272
14.504 -2.41118
14.5055 -2.39964
14.507 -2.38811
14.5085 -2.37659
14.51 -2.36507
14.5115 -2.35357
14.513 -2.34207
14.5145 -2.33058
14.516 -2.31909
14.5175 -2.30762
14.519 -2.29615
14.5205 -2.2847
14.522 -2.27325
14.5235 -2.26182
14.525 -2.25039
14.5265 -2.23897
14.528 -2.22757
14.5295 -2.21617
14.531 -2.20479
14.5325 -2.19341
14.534 -2.18205
14.5355 -2.1707
14.537 -2.15936
14.5385 -2.14803
14.54 -2.13672
14.5415 -2.12541
14.543 -2.11412
14.5445 -2.10284
14.546 -2.09158
14.5475 -2.08033
14.549 -2.06909
14.5505 -2.05786
14.552 -2.04665
14.5535 -2.03545
14.555 -2.02427
14.5565 -2.0131
14.558 -2.00194
14.5595 -1.9908
14.561 -1.97967
14.5625 -1.96856
14.564 -1.95747
14.5655 -1.94639
14.567 -1.93532
14.5685 -1.92427
14.57 -1.91324
14.5715 -1.90223
14.573 -1.89123
14.5745 -1.88024
14.576 -1.86928
14.5775 -1.85833
14.579 -1.8474
14.5805 -1.83648
14.582 -1.82559
14.5835 -1.81471
14.585 -1.80385
14.5865 -1.793
14.588 -1.78218
14.5895 -1.77137
14.591 -1.76059
14.5925 -1.74982
14.594 -1.73907
14.5955 -1.72834
14.597 -1.71763
14.5985 -1.70694
14.6001 -1.69627
14.6016 -1.68562
14.6031 -1.67499
14.6046 -1.66438
14.6061 -1.65379
14.6076 -1.64322
14.6091 -1.63268
14.6106 -1.62215
14.6121 -1.61165
14.6136 -1.60116
14.6151 -1.5907
14.6166 -1.58026
14.6181 -1.56985
14.6196 -1.55945
14.6211 -1.54908
14.6226 -1.53873
14.6241 -1.5284
14.6256 -1.5181
14.6271 -1.50781
14.6286 -1.49756
14.6301 -1.48732
14.6316 -1.47711
14.6331 -1.46692
14.6346 -1.45676
14.6361 -1.44662
14.6376 -1.4365
14.6391 -1.42641
14.6406 -1.41635
14.6421 -1.4063
14.6436 -1.39629
14.6451 -1.3863
14.6466 -1.37633
14.6481 -1.36639
14.6496 -1.35647
14.6511 -1.34658
14.6526 -1.33672
14.6541 -1.32688
14.6556 -1.31707
14.6571 -1.30729
14.6586 -1.29753
14.6601 -1.2878
14.6616 -1.27809
14.6631 -1.26841
14.6646 -1.25876
14.6661 -1.24914
14.6676 -1.23954
14.6691 -1.22997
14.6706 -1.22043
14.6721 -1.21092
14.6736 -1.20143
14.6751 -1.19198
14.6766 -1.18255
14.6781 -1.17315
14.6796 -1.16378
14.6811 -1.15443
14.6826 -1.14512
14.6841 -1.13584
14.6856 -1.12658
14.6871 -1.11736
14.6886 -1.10816
14.6901 -1.09899
14.6916 -1.08986
14.6931 -1.08075
14.6946 -1.07167
14.6961 -1.06262
14.6976 -1.05361
14.6991 -1.04462
14.7006 -1.03567
14.7021 -1.02674
14.7036 -1.01785
14.7051 -1.00899
14.7066 -1.00015
14.7081 -0.991355
14.7096 -0.982586
14.7111 -0.973849
14.7126 -0.965143
14.7141 -0.95647
14.7156 -0.947828
14.7171 -0.939219
14.7186 -0.930641
14.7201 -0.922097
14.7216 -0.913584
14.7231 -0.905104
14.7246 -0.896657
14.7261 -0.888243
14.7276 -0.879862
14.7291 -0.871514
14.7306 -0.863199
14.7321 -0.854917
14.7336 -0.846669
14.7351 -0.838455
14.7366 -0.830274
14.7381 -0.822127
14.7396 -0.814014
14.7411 -0.805936
14.7426 -0.797891
14.7441 -0.789881
14.7456 -0.781905
14.7471 -0.773964
14.7486 -0.766057
14.7501 -0.758185
14.7516 -0.750348
14.7531 -0.742546
14.7546 -0.73478
14.7561 -0.727048
14.7576 -0.719352
14.7591 -0.711691
14.7606 -0.704066
14.7621 -0.696477
14.7636 -0.688923
14.7651 -0.681405
14.7666 -0.673923
14.7681 -0.666478
14.7696 -0.659068
14.7711 -0.651695
14.7726 -0.644359
14.7741 -0.637058
14.7756 -0.629795
14.7771 -0.622568
14.7786 -0.615378
14.7801 -0.608225
14.7816 -0.601109
14.7831 -0.594031
14.7846 -0.586989
14.7861 -0.579985
14.7876 -0.573018
14.7891 -0.566089
14.7906 -0.559197
14.7921 -0.552343
14.7936 -0.545527
14.7951 -0.538749
14.7966 -0.532009
14.7981 -0.525307
14.7996 -0.518644
14.8012 -0.512018
14.8027 -0.505431
14.8042 -0.498882
14.8057 -0.492372
14.8072 -0.485901
14.8087 -0.479468
14.8102 -0.473074
14.8117 -0.466719
14.8132 -0.460403
14.8147 -0.454127
14.8162 -0.447889
14.8177 -0.441691
14.8192 -0.435531
14.8207 -0.429412
14.8222 -0.423332
14.8237 -0.417291
14.8252 -0.41129
14.8267 -0.405329
14.8282 -0.399408
14.8297 -0.393526
14.8312 -0.387685
14.8327 -0.381883
14.8342 -0.376122
14.8357 -0.370401
14.8372 -0.364721
14.8387 -0.35908
14.8402 -0.35348
14.8417 -0.347921
14.8432 -0.342402
14.8447 -0.336924
14.8462 -0.331486
14.8477 -0.32609
14.8492 -0.320734
14.8507 -0.315419
14.8522 -0.310145
14.8537 -0.304912
14.8552 -0.299721
14.8567 -0.29457
14.8582 -0.289461
14.8597 -0.284393
14.8612 -0.279367
14.8627 -0.274382
14.8642 -0.269439
14.8657 -0.264537
14.8672 -0.259677
14.8687 -0.254858
14.8702 -0.250081
14.8717 -0.245346
14.8732 -0.240654
14.8747 -0.236002
14.8762 -0.231393
14.8777 -0.226827
14.8792 -0.222302
14.8807 -0.217819
14.8822 -0.213379
14.8837 -0.20898
14.8852 -0.204625
14.8867 -0.200311
14.8882 -0.19604
14.8897 -0.191812
14.8912 -0.187626
14.8927 -0.183483
14.8942 -0.179382
14.8957 -0.175324
14.8972 -0.171309
14.8987 -0.167336
14.9002 -0.163406
14.9017 -0.15952
14.9032 -0.155676
14.9047 -0.151875
14.9062 -0.148117
14.9077 -0.144402
14.9092 -0.140731
14.9107 -0.137102
14.9122 -0.133517
14.9137 -0.129975
14.9152 -0.126476
14.9167 -0.12302
14.9182 -0.119608
14.9197 -0.116239
14.9212 -0.112914
14.9227 -0.109632
14.9242 -0.106393
14.9257 -0.103198
14.9272 -0.100047
14.9287 -0.096939
14.9302 -0.0938748
14.9317 -0.0908542
14.9332 -0.0878773
14.9347 -0.0849442
14.9362 -0.0820548
14.9377 -0.0792091
14.9392 -0.0764073
14.9407 -0.0736493
14.9422 -0.0709352
14.9437 -0.068265
14.9452 -0.0656386
14.9467 -0.0630562
14.9482 -0.0605178
14.9497 -0.0580234
14.9512 -0.0555729
14.9527 -0.0531665
14.9542 -0.0508042
14.9557 -0.0484859
14.9572 -0.0462118
14.9587 -0.0439817
14.9602 -0.0417958
14.9617 -0.039654
14.9632 -0.0375564
14.9647 -0.035503
14.9662 -0.0334938
14.9677 -0.0315289
14.9692 -0.0296081
14.9707 -0.0277317
14.9722 -0.0258994
14.9737 -0.0241115
14.9752 -0.0223678
14.9767 -0.0206685
14.9782 -0.0190135
14.9797 -0.0174027
14.9812 -0.0158364
14.9827 -0.0143143
14.9842 -0.0128366
14.9857 -0.0114033
14.9872 -0.0100143
14.9887 -0.00866974
14.9902 -0.00736951
14.9917 -0.00611367
14.9932 -0.00490222
14.9947 -0.00373515
14.9962 -0.00261247
14.9977 -0.00153419
14.9992 -0.000500297
15.0008 0.000489198
15.0023 0.0014343
15.0038 0.002335
15.0053 0.00319132
15.0068 0.00400324
15.0083 0.00477077
15.0098 0.00549392
15.0113 0.00617269
15.0128 0.00680708
15.0143 0.00739711
15.0158 0.00794276
15.0173 0.00844406
15.0188 0.00890102
15.0203 0.00931363
15.0218 0.0096819
15.0233 0.0100059
15.0248 0.0102855
15.0263 0.0105208
15.0278 0.0107119
15.0293 0.0108587
15.0308 0.0109612
15.0323 0.0110194
15.0338 0.0110334
15.0353 0.0110032
15.0368 0.0109288
15.0383 0.0108102
15.0398 0.0106475
15.0413 0.0104405
15.0428 0.0101895
15.0443 0.00989429
15.0458 0.00955501
15.0473 0.00917166
15.0488 0.00874425
15.0503 0.00827281
15.0518 0.00775736
15.0533 0.00719792
15.0548 0.00659452
15.0563 0.00594718
15.0578 0.00525592
15.0593 0.00452078
15.0608 0.00374178
15.0623 0.00291894
15.0638 0.0020523
15.0653 0.00114188
15.0668 0.000187714
15.0683 -0.000810168
15.0698 -0.00185174
15.0713 -0.00293696
15.0728 -0.0040658
15.0743 -0.00523824
15.0758 -0.00645423
15.0773 -0.00771374
15.0788 -0.00901674
15.0803 -0.0103632
15.0818 -0.0117531
15.0833 -0.0131863
15.0848 -0.0146629
15.0863 -0.0161828
15.0878 -0.0177459
15.0893 -0.0193523
15.0908 -0.0210018
15.0923 -0.0226945
15.0938 -0.0244303
15.0953 -0.0262092
15.0968 -0.0280311
15.0983 -0.0298959
15.0998 -0.0318037
15.1013 -0.0337543
15.1028 -0.0357478
15.1043 -0.037784
15.1058 -0.0398631
15.1073 -0.0419848
15.1088 -0.0441491
15.1103 -0.046356
15.1118 -0.0486055
15.1133 -0.0508975
15.1148 -0.0532319
15.1163 -0.0556087
15.1178 -0.0580279
15.1193 -0.0604893
15.1208 -0.062993
15.1223 -0.0655388
15.1238 -0.0681268
15.1253 -0.0707568
15.1268 -0.0734289
15.1283 -0.0761428
15.1298 -0.0788987
15.1313 -0.0816964
15.1328 -0.0845359
15.1343 -0.0874171
15.1358 -0.09034
15.1373 -0.0933044
15.1388 -0.0963104
15.1403 -0.0993578
15.1418 -0.102447
15.1433 -0.105577
15.1448 -0.108748
15.1463 -0.111961
15.1478 -0.115215
15.1493 -0.11851
15.1508 -0.121845
15.1523 -0.125222
15.1538 -0.12864
15.1553 -0.132098
15.1568 -0.135597
15.1583 -0.139137
15.1598 -0.142718
15.1613 -0.146339
15.1628 -0.15
15.1643 -0.153702
15.1658 -0.157444
15.1673 -0.161226
15.1688 -0.165048
15.1703 -0.168911
15.1718 -0.172813
15.1733 -0.176756
15.1748 -0.180738
15.1763 -0.18476
15.1778 -0.188821
15.1793 -0.192922
15.1808 -0.197063
15.1823 -0.201243
15.1838 -0.205463
15.1853 -0.209721
15.1868 -0.214019
15.1883 -0.218356
15.1898 -0.222732
15.1913 -0.227147
15.1928 -0.231601
15.1943 -0.236093
15.1958 -0.240624
15.1973 -0.245194
15.1988 -0.249802
15.2004 -0.254448
15.2019 -0.259133
15.2034 -0.263856
15.2049 -0.268617
15.2064 -0.273416
15.2079 -0.278253
15.2094 -0.283128
15.2109 -0.288041
15.2124 -0.292991
15.2139 -0.297979
15.2154 -0.303004
15.2169 -0.308066
15.2184 -0.313166
15.2199 -0.318303
15.2214 -0.323477
15.2229 -0.328688
15.2244 -0.333936
15.2259 -0.33922
15.2274 -0.344542
15.2289 -0.349899
15.2304 -0.355293
15.2319 -0.360724
15.2334 -0.36619
15.2349 -0.371693
15.2364 -0.377232
15.2379 -0.382807
15.2394 -0.388417
15.2409 -0.394063
15.2424 -0.399745
15.2439 -0.405462
15.2454 -0.411215
15.2469 -0.417003
15.2484 -0.422825
15.2499 -0.428683
15.2514 -0.434576
15.2529 -0.440504
15.2544 -0.446466
15.2559 -0.452463
15.2574 -0.458494
15.2589 -0.46456
15.2604 -0.47066
15.2619 -0.476794
15.2634 -0.482961
15.2649 -0.489163
15.2664 -0.495399
15.2679 -0.501668
15.2694 -0.50797
15.2709 -0.514306
15.2724 -0.520675
15.2739 -0.527077
15.2754 -0.533513
15.2769 -0.539981
15.2784 -0.546481
15.2799 -0.553015
15.2814 -0.559581
15.2829 -0.566179
15.2844 -0.57281
15.2859 -0.579472
15.2874 -0.586167
15.2889 -0.592893
15.2904 -0.599651
15.2919 -0.606441
15.2934 -0.613262
15.2949 -0.620115
15.2964 -0.626998
15.2979 -0.633913
15.2994 -0.640858
15.3009 -0.647835
15.3024 -0.654842
15.3039 -0.661879
15.3054 -0.668947
15.3069 -0.676045
15.3084 -0.683173
15.3099 -0.690331
15.3114 -0.697519
15.3129 -0.704736
15.3144 -0.711983
15.3159 -0.719259
15.3174 -0.726565
15.3189 -0.7339
15.3204 -0.741263
15.3219 -0.748655
15.3234 -0.756076
15.3249 -0.763526
15.3264 -0.771004
15.3279 -0.77851
15.3294 -0.786044
15.3309 -0.793606
15.3324 -0.801195
15.3339 -0.808813
15.3354 -0.816457
15.3369 -0.824129
15.3384 -0.831828
15.3399 -0.839555
15.3414 -0.847307
15.3429 -0.855087
15.3444 -0.862893
15.3459 -0.870726
15.3474 -0.878584
15.3489 -0.886469
15.3504 -0.89438
15.3519 -0.902316
15.3534 -0.910278
15.3549 -0.918265
15.3564 -0.926278
15.3579 -0.934315
15.3594 -0.942378
15.3609 -0.950465
15.3624 -0.958577
15.3639 -0.966713
15.3654 -0.974874
15.3669 -0.983059
15.3684 -0.991267
15.3699 -0.9995
15.3714 -1.00776
15.3729 -1.01603
15.3744 -1.02434
15.3759 -1.03266
15.3774 -1.04101
15.3789 -1.04938
15.3804 -1.05778
15.3819 -1.06619
15.3834 -1.07463
15.3849 -1.08309
15.3864 -1.09157
15.3879 -1.10008
15.3894 -1.1086
15.3909 -1.11715
15.3924 -1.12572
15.3939 -1.13431
15.3954 -1.14292
15.3969 -1.15155
15.3984 -1.1602
15.3999 -1.16887
15.4015 -1.17756
15.403 -1.18627
15.4045 -1.195
15.406 -1.20375
15.4075 -1.21252
15.409 -1.22131
15.4105 -1.23012
15.412 -1.23895
15.4135 -1.24779
15.415 -1.25666
15.4165 -1.26554
15.418 -1.27444
15.4195 -1.28335
15.421 -1.29229
15.4225 -1.30124
15.424 -1.31021
15.4255 -1.3192
15.427 -1.3282
15.4285 -1.33722
15.43 -1.34626
15.4315 -1.35531
15.433 -1.36438
15.4345 -1.37347
15.436 -1.38257
15.4375 -1.39169
15.439 -1.40082
15.4405 -1.40997
15.442 -1.41913
15.4435 -1.4283
15.445 -1.43749
15.4465 -1.4467
15.448 -1.45592
15.4495 -1.46515
15.451 -1.4744
15.4525 -1.48366
15.454 -1.49293
15.4555 -1.50222
15.457 -1.51152
15.4585 -1.52083
15.46 -1.53016
15.4615 -1.53949
15.463 -1.54884
15.4645 -1.5582
15.466 -1.56758
15.4675 -1.57696
15.469 -1.58635
15.4705 -1.59576
15.472 -1.60518
15.4735 -1.6146
15.475 -1.62404
15.4765 -1.63349
15.478 -1.64295
15.4795 -1.65241
15.481 -1.66189
15.4825 -1.67137
15.484 -1.68087
15.4855 -1.69037
15.487 -1.69988
15.4885 -1.7094
15.49 -1.71893
15.4915 -1.72847
15.493 -1.73801
15.4945 -1.74756
15.496 -1.75712
15.4975 -1.76669
15.499 -1.77626
15.5005 -1.78584
15.502 -1.79543
15.5035 -1.80502
15.505 -1.81461
15.5065 -1.82422
15.508 -1.83382
15.5095 -1.84344
15.511 -1.85306
15.5125 -1.86268
15.514 -1.87231
15.5155 -1.88194
15.517 -1.89157
15.5185 -1.90121
15.52 -1.91086
15.5215 -1.9205
15.523 -1.93015
15.5245 -1.9398
15.526 -1.94946
15.5275 -1.95911
15.529 -1.96877
15.5305 -1.97843
15.532 -1.9881
15.5335 -1.99776
15.535 -2.00742
15.5365 -2.01709
15.538 -2.02676
15.5395 -2.03642
15.541 -2.04609
15.5425 -2.05576
15.544 -2.06542
15.5455 -2.07509
15.547 -2.08475
15.5485 -2.09442
15.55 -2.10408
15.5515 -2.11374
15.553 -2.1234
15.5545 -2.13306
15.556 -2.14271
15.5575 -2.15236
15.559 -2.16201
15.5605 -2.17166
15.562 -2.1813
15.5635 -2.19094
15.565 -2.20058
15.5665 -2.21021
15.568 -2.21983
15.5695 -2.22945
15.571 -2.23907
15.5725 -2.24868
15.574 -2.25829
15.5755 -2.26789
15.577 -2.27748
15.5785 -2.28707
15.58 -2.29665
15.5815 -2.30623
15.583 -2.3158
15.5845 -2.32536
15.586 -2.33491
15.5875 -2.34446
15.589 -2.35399
15.5905 -2.36352
15.592 -2.37304
15.5935 -2.38256
15.595 -2.39206
15.5965 -2.40155
15.598 -2.41103
15.5995 -2.42051
15.6011 -2.42997
15.6026 -2.43942
15.6041 -2.44886
15.6056 -2.45829
15.6071 -2.46771
15.6086 -2.47712
15.6101 -2.48652
15.6116 -2.4959
15.6131 -2.50527
15.6146 -2.51463
15.6161 -2.52397
15.6176 -2.5333
15.6191 -2.54262
15.6206 -2.55193
15.6221 -2.56122
15.6236 -2.57049
15.6251 -2.57975
15.6266 -2.589
15.6281 -2.59823
15.6296 -2.60744
15.6311 -2.61664
15.6326 -2.62583
15.6341 -2.63499
15.6356 -2.64414
15.6371 -2.65328
15.6386 -2.66239
15.6401 -2.67149
15.6416 -2.68057
15.6431 -2.68963
15.6446 -2.69867
15.6461 -2.7077
15.6476 -2.7167
15.6491 -2.72569
15.6506 -2.73466
15.6521 -2.7436
15.6536 -2.75253
15.6551 -2.76143
15.6566 -2.77032
15.6581 -2.77918
15.6596 -2.78803
15.6611 -2.79685
15.6626 -2.80564
15.6641 -2.81442
15.6656 -2.82317
15.6671 -2.8319
15.6686 -2.84061
15.6701 -2.84929
15.6716 -2.85795
15.6731 -2.86659
15.6746 -2.8752
15.6761 -2.88379
15.6776 -2.89235
15.6791 -2.90088
15.6806 -2.90939
15.6821 -2.91788
15.6836 -2.92634
15.6851 -2.93477
15.6866 -2.94317
15.6881 -2.95155
15.6896 -2.9599
15.6911 -2.96822
15.6926 -2.97651
15.6941 -2.98477
15.6956 -2.99301
15.6971 -3.00122
15.6986 -3.00939
15.7001 -3.01754
15.7016 -3.02566
15.7031 -3.03374
15.7046 -3.0418
15.7061 -3.04982
15.7076 -3.05782
15.7091 -3.06578
15.7106 -3.07371
15.7121 -3.0816
15.7136 -3.08947
15.7151 -3.0973
15.7166 -3.1051
15.7181 -3.11286
15.7196 -3.12059
15.7211 -3.12829
15.7226 -3.13595
15.7241 -3.14358
15.7256 -3.15117
15.7271 -3.15872
15.7286 -3.16624
15.7301 -3.17372
15.7316 -3.18117
15.7331 -3.18858
15.7346 -3.19595
15.7361 -3.20329
15.7376 -3.21058
15.7391 -3.21784
15.7406 -3.22506
15.7421 -3.23224
15.7436 -3.23938
15.7451 -3.24648
15.7466 -3.25354
15.7481 -3.26056
15.7496 -3.26754
15.7511 -3.27448
15.7526 -3.28138
15.7541 -3.28824
15.7556 -3.29505
15.7571 -3.30182
15.7586 -3.30855
15.7601 -3.31523
15.7616 -3.32188
15.7631 -3.32848
15.7646 -3.33503
15.7661 -3.34154
15.7676 -3.348
15.7691 -3.35442
15.7706 -3.3608
15.7721 -3.36713
15.7736 -3.37341
15.7751 -3.37964
15.7766 -3.38583
15.7781 -3.39197
15.7796 -3.39807
15.7811 -3.40411
15.7826 -3.41011
15.7841 -3.41606
15.7856 -3.42195
15.7871 -3.4278
15.7886 -3.4336
15.7901 -3.43935
15.7916 -3.44505
15.7931 -3.4507
15.7946 -3.4563
15.7961 -3.46184
15.7976 -3.46734
15.7991 -3.47278
15.8007 -3.47817
15.8022 -3.4835
15.8037 -3.48878
15.8052 -3.49401
15.8067 -3.49918
15.8082 -3.5043
15.8097 -3.50937
15.8112 -3.51438
15.8127 -3.51933
15.8142 -3.52423
15.8157 -3.52907
15.8172 -3.53385
15.8187 -3.53858
15.8202 -3.54325
15.8217 -3.54786
15.8232 -3.55241
15.8247 -3.55691
15.8262 -3.56134
15.8277 -3.56572
15.8292 -3.57004
15.8307 -3.57429
15.8322 -3.57849
15.8337 -3.58262
15.8352 -3.5867
15.8367 -3.59071
15.8382 -3.59466
15.8397 -3.59855
15.8412 -3.60237
15.8427 -3.60613
15.8442 -3.60983
15.8457 -3.61347
15.8472 -3.61704
15.8487 -3.62054
15.8502 -3.62398
15.8517 -3.62736
15.8532 -3.63066
15.8547 -3.63391
15.8562 -3.63708
15.8577 -3.64019
15.8592 -3.64323
15.8607 -3.64621
15.8622 -3.64911
15.8637 -3.65195
15.8652 -3.65471
15.8667 -3.65741
15.8682 -3.66004
15.8697 -3.6626
15.8712 -3.66508
15.8727 -3.6675
15.8742 -3.66985
15.8757 -3.67212
15.8772 -3.67432
15.8787 -3.67645
15.8802 -3.6785
15.8817 -3.68048
15.8832 -3.68239
15.8847 -3.68423
15.8862 -3.68599
15.8877 -3.68767
15.8892 -3.68928
15.8907 -3.69081
15.8922 -3.69227
15.8937 -3.69365
15.8952 -3.69495
15.8967 -3.69618
15.8982 -3.69732
15.8997 -3.69839
15.9012 -3.69938
15.9027 -3.7003
15.9042 -3.70113
15.9057 -3.70188
15.9072 -3.70255
15.9087 -3.70314
15.9102 -3.70365
15.9117 -3.70408
15.9132 -3.70443
15.9147 -3.70469
15.9162 -3.70487
15.9177 -3.70497
15.9192 -3.70499
15.9207 -3.70492
15.9222 -3.70476
15.9237 -3.70452
15.9252 -3.7042
15.9267 -3.70379
15.9282 -3.70329
15.9297 -3.70271
15.9312 -3.70204
15.9327 -3.70128
15.9342 -3.70043
15.9357 -3.6995
15.9372 -3.69848
15.9387 -3.69737
15.9402 -3.69617
15.9417 -3.69487
15.9432 -3.69349
15.9447 -3.69202
15.9462 -3.69046
15.9477 -3.6888
15.9492 -3.68705
15.9507 -3.68521
15.9522 -3.68328
15.9537 -3.68125
15.9552 -3.67913
15.9567 -3.67691
15.9582 -3.6746
15.9597 -3.6722
15.9612 -3.6697
15.9627 -3.6671
15.9642 -3.66441
15.9657 -3.66162
15.9672 -3.65873
15.9687 -3.65574
15.9702 -3.65266
15.9717 -3.64948
15.9732 -3.64619
15.9747 -3.64281
15.9762 -3.63933
15.9777 -3.63575
15.9792 -3.63207
15.9807 -3.62828
15.9822 -3.6244
15.9837 -3.62041
15.9852 -3.61631
15.9867 -3.61212
15.9882 -3.60782
15.9897 -3.60342
15.9912 -3.59891
15.9927 -3.5943
15.9942 -3.58958
15.9957 -3.58476
15.9972 -3.57983
15.9987 -3.57479
16.0003 -3.56965
16.0018 -3.5644
16.0033 -3.55904
16.0048 -3.55357
16.0063 -3.54799
16.0078 -3.54231
16.0093 -3.53651
16.0108 -3.5306
16.0123 -3.52458
16.0138 -3.51845
16.0153 -3.51221
16.0168 -3.50586
16.0183 -3.49939
16.0198 -3.49281
16.0213 -3.48612
16.0228 -3.47931
16.0243 -3.47238
16.0258 -3.46535
16.0273 -3.45819
16.0288 -3.45092
16.0303 -3.44354
16.0318 -3.43603
16.0333 -3.42841
16.0348 -3.42068
16.0363 -3.41282
16.0378 -3.40484
16.0393 -3.39675
16.0408 -3.38853
16.0423 -3.3802
16.0438 -3.37174
16.0453 -3.36316
16.0468 -3.35447
16.0483 -3.34564
16.0498 -3.3367
16.0513 -3.32763
16.0528 -3.31844
16.0543 -3.30913
16.0558 -3.29969
16.0573 -3.29012
16.0588 -3.28043
16.0603 -3.27062
16.0618 -3.26067
16.0633 -3.25061
16.0648 -3.24041
16.0663 -3.23008
16.0678 -3.21963
16.0693 -3.20905
16.0708 -3.19833
16.0723 -3.18749
16.0738 -3.17652
16.0753 -3.16542
16.0768 -3.15418
16.0783 -3.14281
16.0798 -3.13132
16.0813 -3.11968
16.0828 -3.10792
16.0843 -3.09602
16.0858 -3.08398
16.0873 -3.07182
16.0888 -3.05951
16.0903 -3.04707
16.0918 -3.0345
16.0933 -3.02178
16.0948 -3.00893
16.0963 -2.99594
16.0978 -2.98282
16.0993 -2.96955
16.1008 -2.95615
16.1023 -2.9426
16.1038 -2.92892
16.1053 -2.91509
16.1068 -2.90113
16.1083 -2.88702
16.1098 -2.87277
16.1113 -2.85837
16.1128 -2.84383
16.1143 -2.82915
16.1158 -2.81433
16.1173 -2.79936
16.1188 -2.78424
16.1203 -2.76898
16.1218 -2.75357
16.1233 -2.73801
16.1248 -2.72231
16.1263 -2.70646
16.1278 -2.69046
16.1293 -2.67431
16.1308 -2.65801
16.1323 -2.64156
16.1338 -2.62497
16.1353 -2.60822
16.1368 -2.59131
16.1383 -2.57426
16.1398 -2.55705
16.1413 -2.5397
16.1428 -2.52218
16.1443 -2.50452
16.1458 -2.48669
16.1473 -2.46872
16.1488 -2.45058
16.1503 -2.43229
16.1518 -2.41385
16.1533 -2.39525
16.1548 -2.37648
16.1563 -2.35756
16.1578 -2.33849
16.1593 -2.31925
16.1608 -2.29985
16.1623 -2.28029
16.1638 -2.26057
16.1653 -2.24069
16.1668 -2.22065
16.1683 -2.20044
16.1698 -2.18008
16.1713 -2.15954
16.1728 -2.13885
16.1743 -2.11799
16.1758 -2.09696
16.1773 -2.07577
16.1788 -2.05441
16.1803 -2.03288
16.1818 -2.01119
16.1833 -1.98933
16.1848 -1.9673
16.1863 -1.9451
16.1878 -1.92273
16.1893 -1.90019
16.1908 -1.87748
16.1923 -1.8546
16.1938 -1.83155
16.1953 -1.80832
16.1968 -1.78493
16.1983 -1.76136
16.1998 -1.73761
16.2014 -1.71369
16.2029 -1.6896
16.2044 -1.66533
16.2059 -1.64088
16.2074 -1.61626
16.2089 -1.59146
16.2104 -1.56648
16.2119 -1.54133
16.2134 -1.51599
16.2149 -1.49048
16.2164 -1.46478
16.2179 -1.43891
16.2194 -1.41285
16.2209 -1.38661
16.2224 -1.36019
16.2239 -1.33359
16.2254 -1.3068
16.2269 -1.27983
16.2284 -1.25268
16.2299 -1.22534
16.2314 -1.19781
16.2329 -1.1701
16.2344 -1.1422
16.2359 -1.11412
16.2374 -1.08584
16.2389 -1.05738
16.2404 -1.02873
16.2419 -0.999892
16.2434 -0.970862
16.2449 -0.941641
16.2464 -0.912228
16.2479 -0.882624
16.2494 -0.852828
16.2509 -0.822839
16.2524 -0.792656
16.2539 -0.762279
16.2554 -0.731707
16.2569 -0.70094
16.2584 -0.669978
16.2599 -0.638819
16.2614 -0.607463
16.2629 -0.575909
16.2644 -0.544158
16.2659 -0.512207
16.2674 -0.480058
16.2689 -0.447708
16.2704 -0.415158
16.2719 -0.382408
16.2734 -0.349455
16.2749 -0.316301
16.2764 -0.282943
16.2779 -0.249383
16.2794 -0.215618
16.2809 -0.181649
16.2824 -0.147475
16.2839 -0.113095
16.2854 -0.0785095
16.2869 -0.0437167
16.2884 -0.00871645
16.2899 0.0264918
16.2914 0.0619086
16.2929 0.0975346
16.2944 0.13337
16.2959 0.169416
16.2974 0.205674
16.2989 0.242142
16.3004 0.278823
16.3019 0.315716
16.3034 0.352823
16.3049 0.390144
16.3064 0.427679
16.3079 0.465429
16.3094 0.503395
16.3109 0.541578
16.3124 0.579977
16.3139 0.618594
16.3154 0.657429
16.3169 0.696482
16.3184 0.735755
16.3199 0.775248
16.3214 0.814961
16.3229 0.854895
16.3244 0.895051
16.3259 0.93543
16.3274 0.976031
16.3289 1.01686
16.3304 1.0579
16.3319 1.09918
16.3334 1.14068
16.3349 1.1824
16.3364 1.22435
16.3379 1.26653
16.3394 1.30894
16.3409 1.35157
16.3424 1.39444
16.3439 1.43753
16.3454 1.48085
16.3469 1.52441
16.3484 1.5682
16.3499 1.61221
16.3514 1.65646
16.3529 1.70095
16.3544 1.74567
16.3559 1.79062
16.3574 1.83581
16.3589 1.88123
16.3604 1.92689
16.3619 1.97279
16.3634 2.01892
16.3649 2.06529
16.3664 2.11191
16.3679 2.15876
16.3694 2.20585
16.3709 2.25318
16.3724 2.30075
16.3739 2.34857
16.3754 2.39663
16.3769 2.44493
16.3784 2.49347
16.3799 2.54226
16.3814 2.5913
16.3829 2.64058
16.3844 2.69011
16.3859 2.73988
16.3874 2.7899
16.3889 2.84017
16.3904 2.89069
16.3919 2.94146
16.3934 2.99248
16.3949 3.04375
16.3964 3.09527
16.3979 3.14704
16.3994 3.19907
16.401 3.25135
16.4025 3.30388
16.404 3.35667
16.4055 3.40971
16.407 3.46301
16.4085 3.51657
16.41 3.57038
16.4115 3.62445
16.413 3.67878
16.4145 3.73337
16.416 3.78822
16.4175 3.84333
16.419 3.8987
16.4205 3.95433
16.422 4.01022
16.4235 4.06638
16.425 4.1228
16.4265 4.17949
16.428 4.23644
16.4295 4.29365
16.431 4.35113
16.4325 4.40888
16.434 4.4669
16.4355 4.52518
16.437 4.58374
16.4385 4.64256
16.44 4.70166
16.4415 4.76102
16.443 4.82066
16.4445 4.88057
16.446 4.94075
16.4475 5.0012
16.449 5.06193
16.4505 5.12293
16.452 5.18421
16.4535 5.24577
16.455 5.3076
16.4565 5.36971
16.458 5.4321
16.4595 5.49477
16.461 5.55771
16.4625 5.62094
16.464 5.68444
16.4655 5.74823
16.467 5.8123
16.4685 5.87666
16.47 5.94129
16.4715 6.00622
16.473 6.07142
16.4745 6.13691
16.476 6.20269
16.4775 6.26876
16.479 6.33511
16.4805 6.40175
16.482 6.46868
16.4835 6.5359
16.485 6.60341
16.4865 6.67121
16.488 6.7393
16.4895 6.80768
16.491 6.87636
16.4925 6.94533
16.494 7.01459
16.4955 7.08415
16.497 7.15401
16.4985 7.22416
16.5 7.29461
