0 5
0.1 5.49154
0.2 5.49163
0.3 5.49172
0.4 5.49181
0.5 5.4919
0.6 5.49199
0.7 5.49207
0.8 5.49216
0.9 5.49225
1 5.49233
1.1 5.49242
1.2 5.49251
1.3 5.49259
1.4 5.49268
1.5 5.49276
1.6 5.49285
1.7 5.49294
1.8 5.49302
1.9 5.49311
2 5.49319
2.1 5.49328
2.2 5.49336
2.3 5.49345
2.4 5.49353
2.5 5.49362
2.6 5.49371
2.7 5.49379
2.8 5.49388
2.9 5.49397
3 5.49406
3.1 5.49415
3.2 5.49424
3.3 5.49433
3.4 5.49442
3.5 5.49451
3.6 5.4946
3.7 5.49469
3.8 5.49478
3.9 5.49488
4 5.49497
4.1 5.49507
4.2 5.49517
4.3 5.49526
4.4 5.49536
4.5 5.49546
4.6 5.49556
4.7 5.49566
4.8 5.49577
4.9 5.49587
5 5.49598
5.1 5.49608
5.2 5.49619
5.3 5.4963
5.4 5.49641
5.5 5.49653
5.6 5.49664
5.7 5.49676
5.8 5.49688
5.9 5.497
6 5.49712
6.1 5.49724
6.2 5.49737
6.3 5.49749
6.4 5.49762
6.5 5.49775
6.6 5.49789
6.7 5.49802
6.8 5.49816
6.9 5.4983
7 5.49844
7.1 5.49858
7.2 5.49873
7.3 5.49888
7.4 5.49903
7.5 5.49919
7.6 5.49934
7.7 5.4995
7.8 5.49966
7.9 5.49983
8 5.5
8.1 5.50017
8.2 5.50034
8.3 5.50052
8.4 5.5007
8.5 5.50088
8.6 5.50107
8.7 5.50125
8.8 5.50145
8.9 5.50164
9 5.50184
9.1 5.50204
9.2 5.50225
9.3 5.50246
9.4 5.50267
9.5 5.50289
9.6 5.50311
9.7 5.50334
9.8 5.50356
9.9 5.5038
10 5.50403
10.1 5.50427
10.2 5.50452
10.3 5.50477
10.4 5.50502
10.5 5.50528
10.6 5.50554
10.7 5.5058
10.8 5.50607
10.9 5.50635
11 5.50663
11.1 5.50691
11.2 5.5072
11.3 5.50749
11.4 5.50779
11.5 5.50809
11.6 5.5084
11.7 5.50871
11.8 5.50903
11.9 5.50936
12 5.50968
12.1 5.51002
12.2 5.51036
12.3 5.5107
12.4 5.51105
12.5 5.5114
12.6 5.51176
12.7 5.51213
12.8 5.5125
12.9 5.51288
13 5.51326
13.1 5.51364
13.2 5.51404
13.3 5.51444
13.4 5.51484
13.5 5.51525
13.6 5.51567
13.7 5.51609
13.8 5.51652
13.9 5.51695
14 5.51739
14.1 5.51784
14.2 5.51829
14.3 5.51875
14.4 5.51921
14.5 5.51968
14.6 5.52016
14.7 5.52064
14.8 5.52113
14.9 5.52163
15 5.52213
15.1 5.52263
15.2 5.52315
15.3 5.52367
15.4 5.52419
15.5 5.52472
15.6 5.52526
15.7 5.5258
15.8 5.52635
15.9 5.52691
16 5.52747
16.1 5.52804
16.2 5.52861
16.3 5.52919
16.4 5.52978
16.5 5.53037
16.6 5.53097
16.7 5.53157
16.8 5.53218
16.9 5.53279
17 5.53341
17.1 5.53404
17.2 5.53467
17.3 5.5353
17.4 5.53595
17.5 5.53659
17.6 5.53725
17.7 5.5379
17.8 5.53857
17.9 5.53923
18 5.53991
18.1 5.54058
18.2 5.54126
18.3 5.54195
18.4 5.54264
18.5 5.54334
18.6 5.54404
18.7 5.54474
18.8 5.54545
18.9 5.54616
19 5.54687
19.1 5.54759
19.2 5.54832
19.3 5.54904
19.4 5.54977
19.5 5.5505
19.6 5.55124
19.7 5.55198
19.8 5.55272
19.9 5.55346
20 5.55421
20.1 5.55496
20.2 5.55571
20.3 5.55646
20.4 5.55722
20.5 5.55797
20.6 5.55873
20.7 5.55949
20.8 5.56025
20.9 5.56101
21 5.56178
21.1 5.56254
21.2 5.56331
21.3 5.56407
21.4 5.56484
21.5 5.5656
21.6 5.56637
21.7 5.56714
21.8 5.5679
21.9 5.56867
22 5.56943
22.1 5.5702
22.2 5.57096
22.3 5.57172
22.4 5.57249
22.5 5.57325
22.6 5.57401
22.7 5.57476
22.8 5.57552
22.9 5.57627
23 5.57703
23.1 5.57778
23.2 5.57853
23.3 5.57928
23.4 5.58002
23.5 5.58076
23.6 5.5815
23.7 5.58224
23.8 5.58298
23.9 5.58371
24 5.58444
24.1 5.58516
24.2 5.58589
24.3 5.58661
24.4 5.58732
24.5 5.58804
24.6 5.58875
24.7 5.58945
24.8 5.59016
24.9 5.59086
25 5.59155
25.1 5.59225
25.2 5.59294
25.3 5.59362
25.4 5.5943
25.5 5.59498
25.6 5.59566
25.7 5.59633
25.8 5.59699
25.9 5.59765
26 5.59831
26.1 5.59897
26.2 5.59962
26.3 5.60026
26.4 5.6009
26.5 5.60154
26.6 5.60218
26.7 5.60281
26.8 5.60343
26.9 5.60405
27 5.60467
27.1 5.60528
27.2 5.60589
27.3 5.6065
27.4 5.6071
27.5 5.6077
27.6 5.60829
27.7 5.60888
27.8 5.60947
27.9 5.61005
28 5.61063
28.1 5.6112
28.2 5.61177
28.3 5.61234
28.4 5.6129
28.5 5.61346
28.6 5.61402
28.7 5.61457
28.8 5.61512
28.9 5.61566
29 5.6162
29.1 5.61674
29.2 5.61728
29.3 5.61781
29.4 5.61834
29.5 5.61886
29.6 5.61938
29.7 5.6199
29.8 5.62042
29.9 5.62093
30 5.62144
30.1 5.62195
30.2 5.62245
30.3 5.62295
30.4 5.62345
30.5 5.62394
30.6 5.62444
30.7 5.62493
30.8 5.62541
30.9 5.6259
31 5.62638
31.1 5.62686
31.2 5.62734
31.3 5.62782
31.4 5.62829
31.5 5.62876
31.6 5.62923
31.7 5.6297
31.8 5.63016
31.9 5.63063
32 5.63109
32.1 5.63155
32.2 5.63201
32.3 5.63247
32.4 5.63292
32.5 5.63338
32.6 5.63383
32.7 5.63428
32.8 5.63473
32.9 5.63518
33 5.63562
33.1 5.63607
33.2 5.63651
33.3 5.63696
33.4 5.6374
33.5 5.63784
33.6 5.63828
33.7 5.63872
33.8 5.63916
33.9 5.63959
34 5.64003
34.1 5.64047
34.2 5.6409
34.3 5.64134
34.4 5.64177
34.5 5.6422
34.6 5.64264
34.7 5.64307
34.8 5.6435
34.9 5.64393
35 5.64436
35.1 5.64479
35.2 5.64522
35.3 5.64565
35.4 5.64608
35.5 5.6465
35.6 5.64693
35.7 5.64736
35.8 5.64779
35.9 5.64821
36 5.64864
36.1 5.64907
36.2 5.64949
36.3 5.64992
36.4 5.65034
36.5 5.65077
36.6 5.65119
36.7 5.65162
36.8 5.65204
36.9 5.65247
37 5.65289
37.1 5.65331
37.2 5.65374
37.3 5.65416
37.4 5.65458
37.5 5.655
37.6 5.65543
37.7 5.65585
37.8 5.65627
37.9 5.65669
38 5.65711
38.1 5.65753
38.2 5.65795
38.3 5.65837
38.4 5.65879
38.5 5.65921
38.6 5.65963
38.7 5.66005
38.8 5.66046
38.9 5.66088
39 5.66129
39.1 5.66171
39.2 5.66212
39.3 5.66254
39.4 5.66295
39.5 5.66336
39.6 5.66377
39.7 5.66418
39.8 5.66459
39.9 5.665
40 5.66541
40.1 5.66582
40.2 5.66622
40.3 5.66663
40.4 5.66703
40.5 5.66743
40.6 5.66783
40.7 5.66823
40.8 5.66863
40.9 5.66903
41 5.66942
41.1 5.66981
41.2 5.67021
41.3 5.6706
41.4 5.67099
41.5 5.67137
41.6 5.67176
41.7 5.67214
41.8 5.67252
41.9 5.6729
42 5.67328
42.1 5.67366
42.2 5.67403
42.3 5.6744
42.4 5.67477
42.5 5.67514
42.6 5.67551
42.7 5.67587
42.8 5.67623
42.9 5.67659
43 5.67695
43.1 5.6773
43.2 5.67765
43.3 5.678
43.4 5.67835
43.5 5.67869
43.6 5.67903
43.7 5.67937
43.8 5.6797
43.9 5.68004
44 5.68037
44.1 5.68069
44.2 5.68102
44.3 5.68134
44.4 5.68166
44.5 5.68197
44.6 5.68228
44.7 5.68259
44.8 5.6829
44.9 5.6832
45 5.6835
45.1 5.6838
45.2 5.68409
45.3 5.68438
45.4 5.68466
45.5 5.68495
45.6 5.68523
45.7 5.6855
45.8 5.68577
45.9 5.68604
46 5.68631
46.1 5.68657
46.2 5.68683
46.3 5.68708
46.4 5.68733
46.5 5.68758
46.6 5.68783
46.7 5.68806
46.8 5.6883
46.9 5.68853
47 5.68876
47.1 5.68899
47.2 5.68921
47.3 5.68942
47.4 5.68964
47.5 5.68985
47.6 5.69005
47.7 5.69025
47.8 5.69045
47.9 5.69064
48 5.69083
48.1 5.69102
48.2 5.6912
48.3 5.69138
48.4 5.69155
48.5 5.69172
48.6 5.69189
48.7 5.69205
48.8 5.6922
48.9 5.69236
49 5.69251
49.1 5.69265
49.2 5.69279
49.3 5.69293
49.4 5.69306
49.5 5.69319
49.6 5.69331
49.7 5.69343
49.8 5.69355
49.9 5.69366
50 5.69377
50.1 5.69387
50.2 5.69397
50.3 5.69407
50.4 5.69416
50.5 5.69425
50.6 5.69433
50.7 5.69441
50.8 5.69449
50.9 5.69456
51 5.69463
51.1 5.69469
51.2 5.69475
51.3 5.6948
51.4 5.69485
51.5 5.6949
51.6 5.69495
51.7 5.69499
51.8 5.69502
51.9 5.69505
52 5.69508
52.1 5.6951
52.2 5.69512
52.3 5.69514
52.4 5.69515
52.5 5.69516
52.6 5.69517
52.7 5.69517
52.8 5.69517
52.9 5.69516
53 5.69515
53.1 5.69514
53.2 5.69512
53.3 5.6951
53.4 5.69508
53.5 5.69505
53.6 5.69502
53.7 5.69498
53.8 5.69494
53.9 5.6949
54 5.69486
54.1 5.69481
54.2 5.69476
54.3 5.6947
54.4 5.69464
54.5 5.69458
54.6 5.69451
54.7 5.69444
54.8 5.69437
54.9 5.6943
55 5.69422
55.1 5.69413
55.2 5.69405
55.3 5.69396
55.4 5.69387
55.5 5.69377
55.6 5.69367
55.7 5.69357
55.8 5.69347
55.9 5.69336
56 5.69325
56.1 5.69313
56.2 5.69302
56.3 5.6929
56.4 5.69277
56.5 5.69264
56.6 5.69251
56.7 5.69238
56.8 5.69224
56.9 5.6921
57 5.69196
57.1 5.69182
57.2 5.69167
57.3 5.69151
57.4 5.69136
57.5 5.6912
57.6 5.69104
57.7 5.69087
57.8 5.6907
57.9 5.69053
58 5.69036
58.1 5.69018
58.2 5.69
58.3 5.68981
58.4 5.68962
58.5 5.68943
58.6 5.68924
58.7 5.68904
58.8 5.68883
58.9 5.68863
59 5.68842
59.1 5.68821
59.2 5.68799
59.3 5.68777
59.4 5.68755
59.5 5.68732
59.6 5.68709
59.7 5.68685
59.8 5.68662
59.9 5.68637
60 5.68613
60.1 5.68588
60.2 5.68562
60.3 5.68536
60.4 5.6851
60.5 5.68483
60.6 5.68456
60.7 5.68429
60.8 5.68401
60.9 5.68372
61 5.68343
61.1 5.68314
61.2 5.68284
61.3 5.68254
61.4 5.68223
61.5 5.68192
61.6 5.6816
61.7 5.68128
61.8 5.68095
61.9 5.68062
62 5.68028
62.1 5.67994
62.2 5.67959
62.3 5.67923
62.4 5.67887
62.5 5.67851
62.6 5.67813
62.7 5.67776
62.8 5.67737
62.9 5.67698
63 5.67659
63.1 5.67619
63.2 5.67578
63.3 5.67536
63.4 5.67494
63.5 5.67451
63.6 5.67408
63.7 5.67363
63.8 5.67318
63.9 5.67273
64 5.67226
64.1 5.67179
64.2 5.67131
64.3 5.67083
64.4 5.67033
64.5 5.66983
64.6 5.66932
64.7 5.6688
64.8 5.66827
64.9 5.66774
65 5.66719
65.1 5.66664
65.2 5.66608
65.3 5.66551
65.4 5.66493
65.5 5.66434
65.6 5.66374
65.7 5.66313
65.8 5.66252
65.9 5.66189
66 5.66125
66.1 5.66061
66.2 5.65995
66.3 5.65928
66.4 5.6586
66.5 5.65792
66.6 5.65722
66.7 5.65651
66.8 5.65579
66.9 5.65505
67 5.65431
67.1 5.65356
67.2 5.65279
67.3 5.65201
67.4 5.65122
67.5 5.65042
67.6 5.64961
67.7 5.64879
67.8 5.64795
67.9 5.6471
68 5.64624
68.1 5.64536
68.2 5.64448
68.3 5.64358
68.4 5.64267
68.5 5.64174
68.6 5.6408
68.7 5.63985
68.8 5.63889
68.9 5.63791
69 5.63692
69.1 5.63592
69.2 5.6349
69.3 5.63387
69.4 5.63283
69.5 5.63178
69.6 5.63071
69.7 5.62962
69.8 5.62853
69.9 5.62742
70 5.62629
70.1 5.62516
70.2 5.62401
70.3 5.62284
70.4 5.62167
70.5 5.62048
70.6 5.61927
70.7 5.61806
70.8 5.61683
70.9 5.61558
71 5.61433
71.1 5.61306
71.2 5.61178
71.3 5.61048
71.4 5.60918
71.5 5.60786
71.6 5.60652
71.7 5.60518
71.8 5.60382
71.9 5.60245
72 5.60107
72.1 5.59968
72.2 5.59828
72.3 5.59686
72.4 5.59544
72.5 5.594
72.6 5.59255
72.7 5.59109
72.8 5.58962
72.9 5.58814
73 5.58665
73.1 5.58515
73.2 5.58365
73.3 5.58213
73.4 5.5806
73.5 5.57906
73.6 5.57752
73.7 5.57597
73.8 5.5744
73.9 5.57283
74 5.57126
74.1 5.56967
74.2 5.56808
74.3 5.56648
74.4 5.56488
74.5 5.56326
74.6 5.56165
74.7 5.56002
74.8 5.55839
74.9 5.55676
75 5.55512
75.1 5.55348
75.2 5.55183
75.3 5.55018
75.4 5.54852
75.5 5.54686
75.6 5.5452
75.7 5.54353
75.8 5.54186
75.9 5.54019
76 5.53851
76.1 5.53684
76.2 5.53516
76.3 5.53348
76.4 5.5318
76.5 5.53012
76.6 5.52844
76.7 5.52675
76.8 5.52507
76.9 5.52339
77 5.52171
77.1 5.52002
77.2 5.51834
77.3 5.51666
77.4 5.51499
77.5 5.51331
77.6 5.51163
77.7 5.50996
77.8 5.50829
77.9 5.50662
78 5.50495
78.1 5.50329
78.2 5.50163
78.3 5.49997
78.4 5.49832
78.5 5.49667
78.6 5.49502
78.7 5.49338
78.8 5.49174
78.9 5.49011
79 5.48848
79.1 5.48686
79.2 5.48524
79.3 5.48362
79.4 5.48201
79.5 5.48041
79.6 5.47881
79.7 5.47722
79.8 5.47563
79.9 5.47405
80 5.47248
80.1 5.47091
80.2 5.46935
80.3 5.46779
80.4 5.46625
80.5 5.46471
80.6 5.46317
80.7 5.46164
80.8 5.46012
80.9 5.45861
81 5.4571
81.1 5.4556
81.2 5.45411
81.3 5.45263
81.4 5.45115
81.5 5.44969
81.6 5.44823
81.7 5.44677
81.8 5.44533
81.9 5.44389
82 5.44246
82.1 5.44104
82.2 5.43963
82.3 5.43823
82.4 5.43683
82.5 5.43545
82.6 5.43407
82.7 5.4327
82.8 5.43134
82.9 5.42998
83 5.42864
83.1 5.4273
83.2 5.42598
83.3 5.42466
83.4 5.42335
83.5 5.42205
83.6 5.42076
83.7 5.41947
83.8 5.4182
83.9 5.41693
84 5.41567
84.1 5.41442
84.2 5.41318
84.3 5.41195
84.4 5.41073
84.5 5.40952
84.6 5.40831
84.7 5.40711
84.8 5.40593
84.9 5.40475
85 5.40358
85.1 5.40242
85.2 5.40126
85.3 5.40012
85.4 5.39898
85.5 5.39785
85.6 5.39674
85.7 5.39563
85.8 5.39452
85.9 5.39343
86 5.39234
86.1 5.39127
86.2 5.3902
86.3 5.38914
86.4 5.38809
86.5 5.38704
86.6 5.38601
86.7 5.38498
86.8 5.38396
86.9 5.38295
87 5.38195
87.1 5.38095
87.2 5.37996
87.3 5.37898
87.4 5.37801
87.5 5.37705
87.6 5.37609
87.7 5.37514
87.8 5.3742
87.9 5.37327
88 5.37234
88.1 5.37143
88.2 5.37052
88.3 5.36961
88.4 5.36872
88.5 5.36783
88.6 5.36695
88.7 5.36607
88.8 5.3652
88.9 5.36434
89 5.36349
89.1 5.36264
89.2 5.3618
89.3 5.36097
89.4 5.36015
89.5 5.35933
89.6 5.35851
89.7 5.35771
89.8 5.35691
89.9 5.35612
90 5.35533
90.1 5.35455
90.2 5.35378
90.3 5.35301
90.4 5.35225
90.5 5.3515
90.6 5.35075
90.7 5.35001
90.8 5.34927
90.9 5.34854
91 5.34782
91.1 5.3471
91.2 5.34638
91.3 5.34568
91.4 5.34498
91.5 5.34428
91.6 5.34359
91.7 5.34291
91.8 5.34223
91.9 5.34156
92 5.34089
92.1 5.34023
92.2 5.33957
92.3 5.33892
92.4 5.33827
92.5 5.33763
92.6 5.337
92.7 5.33637
92.8 5.33574
92.9 5.33512
93 5.3345
93.1 5.33389
93.2 5.33329
93.3 5.33269
93.4 5.33209
93.5 5.3315
93.6 5.33091
93.7 5.33033
93.8 5.32975
93.9 5.32918
94 5.32861
94.1 5.32805
94.2 5.32749
94.3 5.32693
94.4 5.32638
94.5 5.32583
94.6 5.32529
94.7 5.32475
94.8 5.32422
94.9 5.32369
95 5.32316
95.1 5.32264
95.2 5.32212
95.3 5.32161
95.4 5.3211
95.5 5.32059
95.6 5.32009
95.7 5.31959
95.8 5.3191
95.9 5.31861
96 5.31812
96.1 5.31764
96.2 5.31716
96.3 5.31668
96.4 5.31621
96.5 5.31574
96.6 5.31528
96.7 5.31482
96.8 5.31436
96.9 5.3139
97 5.31345
97.1 5.313
97.2 5.31256
97.3 5.31212
97.4 5.31168
97.5 5.31124
97.6 5.31081
97.7 5.31038
97.8 5.30996
97.9 5.30953
98 5.30911
98.1 5.3087
98.2 5.30829
98.3 5.30787
98.4 5.30747
98.5 5.30706
98.6 5.30666
98.7 5.30626
98.8 5.30587
98.9 5.30547
99 5.30508
99.1 5.3047
99.2 5.30431
99.3 5.30393
99.4 5.30355
99.5 5.30317
99.6 5.3028
99.7 5.30243
99.8 5.30206
99.9 5.30169
100 5.30133
100.001 5
