18.5 4.56806
18.5015 4.5009
18.503 4.43403
18.5045 4.36746
18.506 4.30117
18.5075 4.23519
18.509 4.16949
18.5105 4.10408
18.512 4.03897
18.5135 3.97414
18.515 3.90961
18.5165 3.84536
18.518 3.7814
18.5195 3.71773
18.521 3.65434
18.5225 3.59124
18.524 3.52843
18.5255 3.4659
18.527 3.40365
18.5285 3.34169
18.53 3.28001
18.5315 3.21861
18.533 3.1575
18.5345 3.09666
18.536 3.0361
18.5375 2.97583
18.539 2.91583
18.5405 2.85611
18.542 2.79666
18.5435 2.7375
18.545 2.67861
18.5465 2.61999
18.548 2.56165
18.5495 2.50358
18.551 2.44579
18.5525 2.38827
18.554 2.33102
18.5555 2.27404
18.557 2.21733
18.5585 2.1609
18.56 2.10473
18.5615 2.04883
18.563 1.9932
18.5645 1.93783
18.566 1.88274
18.5675 1.82791
18.569 1.77334
18.5705 1.71904
18.572 1.665
18.5735 1.61123
18.575 1.55772
18.5765 1.50447
18.578 1.45149
18.5795 1.39876
18.581 1.3463
18.5825 1.29409
18.584 1.24215
18.5855 1.19046
18.587 1.13903
18.5885 1.08785
18.59 1.03694
18.5915 0.986276
18.593 0.93587
18.5945 0.885719
18.596 0.835822
18.5975 0.786178
18.599 0.736786
18.6006 0.687647
18.6021 0.638758
18.6036 0.590121
18.6051 0.541733
18.6066 0.493596
18.6081 0.445706
18.6096 0.398065
18.6111 0.350672
18.6126 0.303526
18.6141 0.256625
18.6156 0.209971
18.6171 0.163561
18.6186 0.117396
18.6201 0.0714751
18.6216 0.025797
18.6231 -0.0196386
18.6246 -0.0648323
18.6261 -0.109785
18.6276 -0.154496
18.6291 -0.198968
18.6306 -0.2432
18.6321 -0.287194
18.6336 -0.330949
18.6351 -0.374467
18.6366 -0.417747
18.6381 -0.460792
18.6396 -0.503601
18.6411 -0.546174
18.6426 -0.588513
18.6441 -0.630619
18.6456 -0.672491
18.6471 -0.71413
18.6486 -0.755538
18.6501 -0.796714
18.6516 -0.837659
18.6531 -0.878374
18.6546 -0.918859
18.6561 -0.959116
18.6576 -0.999144
18.6591 -1.03894
18.6606 -1.07852
18.6621 -1.11786
18.6636 -1.15699
18.6651 -1.19588
18.6666 -1.23455
18.6681 -1.273
18.6696 -1.31122
18.6711 -1.34922
18.6726 -1.387
18.6741 -1.42456
18.6756 -1.46189
18.6771 -1.49901
18.6786 -1.5359
18.6801 -1.57258
18.6816 -1.60903
18.6831 -1.64527
18.6846 -1.68129
18.6861 -1.7171
18.6876 -1.75269
18.6891 -1.78806
18.6906 -1.82321
18.6921 -1.85816
18.6936 -1.89289
18.6951 -1.9274
18.6966 -1.9617
18.6981 -1.99579
18.6996 -2.02967
18.7011 -2.06334
18.7026 -2.0968
18.7041 -2.13005
18.7056 -2.16309
18.7071 -2.19591
18.7086 -2.22854
18.7101 -2.26095
18.7116 -2.29316
18.7131 -2.32516
18.7146 -2.35696
18.7161 -2.38855
18.7176 -2.41993
18.7191 -2.45111
18.7206 -2.48209
18.7221 -2.51287
18.7236 -2.54344
18.7251 -2.57381
18.7266 -2.60398
18.7281 -2.63395
18.7296 -2.66372
18.7311 -2.6933
18.7326 -2.72267
18.7341 -2.75184
18.7356 -2.78082
18.7371 -2.8096
18.7386 -2.83818
18.7401 -2.86657
18.7416 -2.89476
18.7431 -2.92276
18.7446 -2.95056
18.7461 -2.97817
18.7476 -3.00558
18.7491 -3.03281
18.7506 -3.05984
18.7521 -3.08668
18.7536 -3.11333
18.7551 -3.13979
18.7566 -3.16606
18.7581 -3.19214
18.7596 -3.21803
18.7611 -3.24374
18.7626 -3.26925
18.7641 -3.29458
18.7656 -3.31973
18.7671 -3.34468
18.7686 -3.36946
18.7701 -3.39405
18.7716 -3.41845
18.7731 -3.44267
18.7746 -3.46671
18.7761 -3.49056
18.7776 -3.51424
18.7791 -3.53773
18.7806 -3.56104
18.7821 -3.58417
18.7836 -3.60712
18.7851 -3.6299
18.7866 -3.65249
18.7881 -3.67491
18.7896 -3.69715
18.7911 -3.71921
18.7926 -3.74109
18.7941 -3.7628
18.7956 -3.78434
18.7971 -3.8057
18.7986 -3.82689
18.8002 -3.8479
18.8017 -3.86874
18.8032 -3.8894
18.8047 -3.9099
18.8062 -3.93022
18.8077 -3.95037
18.8092 -3.97036
18.8107 -3.99017
18.8122 -4.00981
18.8137 -4.02929
18.8152 -4.04859
18.8167 -4.06773
18.8182 -4.0867
18.8197 -4.10551
18.8212 -4.12415
18.8227 -4.14262
18.8242 -4.16093
18.8257 -4.17908
18.8272 -4.19706
18.8287 -4.21487
18.8302 -4.23253
18.8317 -4.25002
18.8332 -4.26735
18.8347 -4.28452
18.8362 -4.30153
18.8377 -4.31837
18.8392 -4.33506
18.8407 -4.35159
18.8422 -4.36796
18.8437 -4.38417
18.8452 -4.40023
18.8467 -4.41613
18.8482 -4.43187
18.8497 -4.44745
18.8512 -4.46288
18.8527 -4.47816
18.8542 -4.49328
18.8557 -4.50825
18.8572 -4.52306
18.8587 -4.53772
18.8602 -4.55223
18.8617 -4.56658
18.8632 -4.58079
18.8647 -4.59484
18.8662 -4.60875
18.8677 -4.6225
18.8692 -4.6361
18.8707 -4.64956
18.8722 -4.66287
18.8737 -4.67603
18.8752 -4.68904
18.8767 -4.70191
18.8782 -4.71463
18.8797 -4.7272
18.8812 -4.73963
18.8827 -4.75191
18.8842 -4.76405
18.8857 -4.77605
18.8872 -4.7879
18.8887 -4.79961
18.8902 -4.81118
18.8917 -4.82261
18.8932 -4.8339
18.8947 -4.84504
18.8962 -4.85605
18.8977 -4.86691
18.8992 -4.87764
18.9007 -4.88823
18.9022 -4.89867
18.9037 -4.90899
18.9052 -4.91916
18.9067 -4.9292
18.9082 -4.9391
18.9097 -4.94887
18.9112 -4.9585
18.9127 -4.96799
18.9142 -4.97736
18.9157 -4.98659
18.9172 -4.99568
18.9187 -5.00464
18.9202 -5.01347
18.9217 -5.02217
18.9232 -5.03074
18.9247 -5.03918
18.9262 -5.04748
18.9277 -5.05566
18.9292 -5.06371
18.9307 -5.07162
18.9322 -5.07942
18.9337 -5.08708
18.9352 -5.09461
18.9367 -5.10202
18.9382 -5.1093
18.9397 -5.11646
18.9412 -5.12349
18.9427 -5.13039
18.9442 -5.13718
18.9457 -5.14383
18.9472 -5.15037
18.9487 -5.15678
18.9502 -5.16306
18.9517 -5.16923
18.9532 -5.17527
18.9547 -5.1812
18.9562 -5.187
18.9577 -5.19268
18.9592 -5.19825
18.9607 -5.20369
18.9622 -5.20901
18.9637 -5.21422
18.9652 -5.21931
18.9667 -5.22428
18.9682 -5.22913
18.9697 -5.23387
18.9712 -5.23849
18.9727 -5.243
18.9742 -5.24739
18.9757 -5.25167
18.9772 -5.25583
18.9787 -5.25988
18.9802 -5.26382
18.9817 -5.26764
18.9832 -5.27135
18.9847 -5.27495
18.9862 -5.27844
18.9877 -5.28181
18.9892 -5.28508
18.9907 -5.28824
18.9922 -5.29129
18.9937 -5.29422
18.9952 -5.29705
18.9967 -5.29977
18.9982 -5.30239
18.9997 -5.3049
19.0013 -5.3073
19.0028 -5.30959
19.0043 -5.31178
19.0058 -5.31386
19.0073 -5.31584
19.0088 -5.31771
19.0103 -5.31948
19.0118 -5.32114
19.0133 -5.32271
19.0148 -5.32417
19.0163 -5.32552
19.0178 -5.32678
19.0193 -5.32793
19.0208 -5.32898
19.0223 -5.32994
19.0238 -5.33079
19.0253 -5.33154
19.0268 -5.3322
19.0283 -5.33275
19.0298 -5.33321
19.0313 -5.33357
19.0328 -5.33383
19.0343 -5.33399
19.0358 -5.33406
19.0373 -5.33403
19.0388 -5.33391
19.0403 -5.33369
19.0418 -5.33338
19.0433 -5.33297
19.0448 -5.33247
19.0463 -5.33187
19.0478 -5.33119
19.0493 -5.33041
19.0508 -5.32953
19.0523 -5.32857
19.0538 -5.32751
19.0553 -5.32637
19.0568 -5.32513
19.0583 -5.3238
19.0598 -5.32238
19.0613 -5.32088
19.0628 -5.31928
19.0643 -5.3176
19.0658 -5.31583
19.0673 -5.31397
19.0688 -5.31202
19.0703 -5.30999
19.0718 -5.30787
19.0733 -5.30567
19.0748 -5.30338
19.0763 -5.30101
19.0778 -5.29855
19.0793 -5.296
19.0808 -5.29338
19.0823 -5.29067
19.0838 -5.28787
19.0853 -5.285
19.0868 -5.28204
19.0883 -5.279
19.0898 -5.27588
19.0913 -5.27268
19.0928 -5.2694
19.0943 -5.26604
19.0958 -5.2626
19.0973 -5.25908
19.0988 -5.25548
19.1003 -5.2518
19.1018 -5.24805
19.1033 -5.24421
19.1048 -5.2403
19.1063 -5.23632
19.1078 -5.23225
19.1093 -5.22812
19.1108 -5.2239
19.1123 -5.21961
19.1138 -5.21525
19.1153 -5.21081
19.1168 -5.2063
19.1183 -5.20171
19.1198 -5.19705
19.1213 -5.19232
19.1228 -5.18752
19.1243 -5.18264
19.1258 -5.1777
19.1273 -5.17268
19.1288 -5.16759
19.1303 -5.16243
19.1318 -5.1572
19.1333 -5.15191
19.1348 -5.14654
19.1363 -5.1411
19.1378 -5.1356
19.1393 -5.13003
19.1408 -5.12439
19.1423 -5.11868
19.1438 -5.1129
19.1453 -5.10706
19.1468 -5.10116
19.1483 -5.09519
19.1498 -5.08915
19.1513 -5.08305
19.1528 -5.07688
19.1543 -5.07065
19.1558 -5.06436
19.1573 -5.058
19.1588 -5.05158
19.1603 -5.0451
19.1618 -5.03855
19.1633 -5.03194
19.1648 -5.02528
19.1663 -5.01855
19.1678 -5.01176
19.1693 -5.00491
19.1708 -4.998
19.1723 -4.99103
19.1738 -4.984
19.1753 -4.97691
19.1768 -4.96977
19.1783 -4.96256
19.1798 -4.9553
19.1813 -4.94798
19.1828 -4.94061
19.1843 -4.93317
19.1858 -4.92569
19.1873 -4.91814
19.1888 -4.91054
19.1903 -4.90289
19.1918 -4.89518
19.1933 -4.88741
19.1948 -4.8796
19.1963 -4.87173
19.1978 -4.8638
19.1993 -4.85582
19.2009 -4.84779
19.2024 -4.83971
19.2039 -4.83158
19.2054 -4.82339
19.2069 -4.81516
19.2084 -4.80687
19.2099 -4.79853
19.2114 -4.79015
19.2129 -4.78171
19.2144 -4.77322
19.2159 -4.76469
19.2174 -4.75611
19.2189 -4.74747
19.2204 -4.7388
19.2219 -4.73007
19.2234 -4.72129
19.2249 -4.71247
19.2264 -4.70361
19.2279 -4.69469
19.2294 -4.68573
19.2309 -4.67673
19.2324 -4.66768
19.2339 -4.65859
19.2354 -4.64945
19.2369 -4.64026
19.2384 -4.63104
19.2399 -4.62177
19.2414 -4.61246
19.2429 -4.6031
19.2444 -4.59371
19.2459 -4.58427
19.2474 -4.57479
19.2489 -4.56526
19.2504 -4.5557
19.2519 -4.5461
19.2534 -4.53645
19.2549 -4.52677
19.2564 -4.51705
19.2579 -4.50728
19.2594 -4.49748
19.2609 -4.48764
19.2624 -4.47777
19.2639 -4.46785
19.2654 -4.4579
19.2669 -4.44791
19.2684 -4.43788
19.2699 -4.42782
19.2714 -4.41772
19.2729 -4.40758
19.2744 -4.39741
19.2759 -4.3872
19.2774 -4.37696
19.2789 -4.36668
19.2804 -4.35637
19.2819 -4.34603
19.2834 -4.33565
19.2849 -4.32524
19.2864 -4.3148
19.2879 -4.30432
19.2894 -4.29381
19.2909 -4.28327
19.2924 -4.2727
19.2939 -4.2621
19.2954 -4.25146
19.2969 -4.2408
19.2984 -4.2301
19.2999 -4.21937
19.3014 -4.20862
19.3029 -4.19783
19.3044 -4.18702
19.3059 -4.17618
19.3074 -4.16531
19.3089 -4.15441
19.3104 -4.14348
19.3119 -4.13252
19.3134 -4.12154
19.3149 -4.11053
19.3164 -4.0995
19.3179 -4.08844
19.3194 -4.07735
19.3209 -4.06624
19.3224 -4.0551
19.3239 -4.04393
19.3254 -4.03274
19.3269 -4.02153
19.3284 -4.0103
19.3299 -3.99903
19.3314 -3.98775
19.3329 -3.97644
19.3344 -3.96511
19.3359 -3.95376
19.3374 -3.94238
19.3389 -3.93099
19.3404 -3.91957
19.3419 -3.90813
19.3434 -3.89667
19.3449 -3.88518
19.3464 -3.87368
19.3479 -3.86216
19.3494 -3.85061
19.3509 -3.83905
19.3524 -3.82747
19.3539 -3.81587
19.3554 -3.80425
19.3569 -3.79261
19.3584 -3.78096
19.3599 -3.76928
19.3614 -3.75759
19.3629 -3.74588
19.3644 -3.73415
19.3659 -3.72241
19.3674 -3.71065
19.3689 -3.69888
19.3704 -3.68709
19.3719 -3.67528
19.3734 -3.66346
19.3749 -3.65162
19.3764 -3.63977
19.3779 -3.6279
19.3794 -3.61602
19.3809 -3.60413
19.3824 -3.59222
19.3839 -3.5803
19.3854 -3.56837
19.3869 -3.55642
19.3884 -3.54446
19.3899 -3.53249
19.3914 -3.52051
19.3929 -3.50851
19.3944 -3.4965
19.3959 -3.48449
19.3974 -3.47246
19.3989 -3.46042
19.4005 -3.44837
19.402 -3.43631
19.4035 -3.42424
19.405 -3.41216
19.4065 -3.40008
19.408 -3.38798
19.4095 -3.37588
19.411 -3.36376
19.4125 -3.35164
19.414 -3.33951
19.4155 -3.32738
19.417 -3.31523
19.4185 -3.30308
19.42 -3.29092
19.4215 -3.27876
19.423 -3.26659
19.4245 -3.25441
19.426 -3.24223
19.4275 -3.23004
19.429 -3.21785
19.4305 -3.20565
19.432 -3.19344
19.4335 -3.18124
19.435 -3.16903
19.4365 -3.15681
19.438 -3.14459
19.4395 -3.13237
19.441 -3.12014
19.4425 -3.10791
19.444 -3.09568
19.4455 -3.08345
19.447 -3.07121
19.4485 -3.05898
19.45 -3.04674
19.4515 -3.0345
19.453 -3.02225
19.4545 -3.01001
19.456 -2.99777
19.4575 -2.98552
19.459 -2.97328
19.4605 -2.96104
19.462 -2.94879
19.4635 -2.93655
19.465 -2.92431
19.4665 -2.91207
19.468 -2.89983
19.4695 -2.88759
19.471 -2.87535
19.4725 -2.86312
19.474 -2.85088
19.4755 -2.83865
19.477 -2.82643
19.4785 -2.8142
19.48 -2.80198
19.4815 -2.78977
19.483 -2.77755
19.4845 -2.76534
19.486 -2.75314
19.4875 -2.74094
19.489 -2.72874
19.4905 -2.71655
19.492 -2.70436
19.4935 -2.69218
19.495 -2.68
19.4965 -2.66783
19.498 -2.65567
19.4995 -2.64351
19.501 -2.63136
19.5025 -2.61921
19.504 -2.60708
19.5055 -2.59495
19.507 -2.58282
19.5085 -2.57071
19.51 -2.5586
19.5115 -2.5465
19.513 -2.53441
19.5145 -2.52232
19.516 -2.51025
19.5175 -2.49818
19.519 -2.48613
19.5205 -2.47408
19.522 -2.46204
19.5235 -2.45001
19.525 -2.438
19.5265 -2.42599
19.528 -2.41399
19.5295 -2.402
19.531 -2.39003
19.5325 -2.37806
19.534 -2.36611
19.5355 -2.35417
19.537 -2.34224
19.5385 -2.33032
19.54 -2.31841
19.5415 -2.30652
19.543 -2.29464
19.5445 -2.28277
19.546 -2.27091
19.5475 -2.25907
19.549 -2.24724
19.5505 -2.23543
19.552 -2.22362
19.5535 -2.21184
19.555 -2.20006
19.5565 -2.1883
19.558 -2.17656
19.5595 -2.16483
19.561 -2.15311
19.5625 -2.14141
19.564 -2.12973
19.5655 -2.11806
19.567 -2.10641
19.5685 -2.09477
19.57 -2.08315
19.5715 -2.07154
19.573 -2.05996
19.5745 -2.04838
19.576 -2.03683
19.5775 -2.02529
19.579 -2.01377
19.5805 -2.00227
19.582 -1.99079
19.5835 -1.97932
19.585 -1.96787
19.5865 -1.95644
19.588 -1.94503
19.5895 -1.93363
19.591 -1.92226
19.5925 -1.9109
19.594 -1.89957
19.5955 -1.88825
19.597 -1.87695
19.5985 -1.86568
19.6001 -1.85442
19.6016 -1.84318
19.6031 -1.83196
19.6046 -1.82077
19.6061 -1.80959
19.6076 -1.79844
19.6091 -1.7873
19.6106 -1.77619
19.6121 -1.7651
19.6136 -1.75403
19.6151 -1.74298
19.6166 -1.73195
19.6181 -1.72095
19.6196 -1.70997
19.6211 -1.69901
19.6226 -1.68807
19.6241 -1.67715
19.6256 -1.66626
19.6271 -1.65539
19.6286 -1.64455
19.6301 -1.63373
19.6316 -1.62293
19.6331 -1.61215
19.6346 -1.6014
19.6361 -1.59068
19.6376 -1.57998
19.6391 -1.5693
19.6406 -1.55864
19.6421 -1.54802
19.6436 -1.53741
19.6451 -1.52683
19.6466 -1.51628
19.6481 -1.50575
19.6496 -1.49525
19.6511 -1.48478
19.6526 -1.47433
19.6541 -1.4639
19.6556 -1.4535
19.6571 -1.44313
19.6586 -1.43279
19.6601 -1.42247
19.6616 -1.41218
19.6631 -1.40191
19.6646 -1.39167
19.6661 -1.38146
19.6676 -1.37128
19.6691 -1.36112
19.6706 -1.351
19.6721 -1.3409
19.6736 -1.33082
19.6751 -1.32078
19.6766 -1.31077
19.6781 -1.30078
19.6796 -1.29082
19.6811 -1.28089
19.6826 -1.27099
19.6841 -1.26112
19.6856 -1.25128
19.6871 -1.24146
19.6886 -1.23168
19.6901 -1.22193
19.6916 -1.2122
19.6931 -1.20251
19.6946 -1.19285
19.6961 -1.18321
19.6976 -1.17361
19.6991 -1.16403
19.7006 -1.15449
19.7021 -1.14498
19.7036 -1.1355
19.7051 -1.12605
19.7066 -1.11663
19.7081 -1.10724
19.7096 -1.09789
19.7111 -1.08856
19.7126 -1.07927
19.7141 -1.07001
19.7156 -1.06078
19.7171 -1.05158
19.7186 -1.04242
19.7201 -1.03328
19.7216 -1.02418
19.7231 -1.01512
19.7246 -1.00608
19.7261 -0.997079
19.7276 -0.98811
19.7291 -0.979174
19.7306 -0.970271
19.7321 -0.961401
19.7336 -0.952565
19.7351 -0.943763
19.7366 -0.934993
19.7381 -0.926258
19.7396 -0.917557
19.7411 -0.90889
19.7426 -0.900257
19.7441 -0.891658
19.7456 -0.883093
19.7471 -0.874563
19.7486 -0.866068
19.7501 -0.857607
19.7516 -0.849181
19.7531 -0.84079
19.7546 -0.832435
19.7561 -0.824114
19.7576 -0.815829
19.7591 -0.807579
19.7606 -0.799364
19.7621 -0.791185
19.7636 -0.783042
19.7651 -0.774935
19.7666 -0.766864
19.7681 -0.758828
19.7696 -0.750829
19.7711 -0.742866
19.7726 -0.73494
19.7741 -0.72705
19.7756 -0.719196
19.7771 -0.711379
19.7786 -0.703599
19.7801 -0.695856
19.7816 -0.688149
19.7831 -0.68048
19.7846 -0.672848
19.7861 -0.665253
19.7876 -0.657696
19.7891 -0.650176
19.7906 -0.642693
19.7921 -0.635249
19.7936 -0.627842
19.7951 -0.620472
19.7966 -0.613141
19.7981 -0.605848
19.7996 -0.598593
19.8012 -0.591376
19.8027 -0.584197
19.8042 -0.577057
19.8057 -0.569955
19.8072 -0.562892
19.8087 -0.555867
19.8102 -0.548881
19.8117 -0.541934
19.8132 -0.535026
19.8147 -0.528157
19.8162 -0.521327
19.8177 -0.514536
19.8192 -0.507784
19.8207 -0.501072
19.8222 -0.494399
19.8237 -0.487766
19.8252 -0.481172
19.8267 -0.474617
19.8282 -0.468103
19.8297 -0.461628
19.8312 -0.455193
19.8327 -0.448799
19.8342 -0.442444
19.8357 -0.436129
19.8372 -0.429854
19.8387 -0.42362
19.8402 -0.417426
19.8417 -0.411273
19.8432 -0.40516
19.8447 -0.399087
19.8462 -0.393055
19.8477 -0.387064
19.8492 -0.381114
19.8507 -0.375204
19.8522 -0.369335
19.8537 -0.363508
19.8552 -0.357721
19.8567 -0.351975
19.8582 -0.346271
19.8597 -0.340608
19.8612 -0.334986
19.8627 -0.329405
19.8642 -0.323866
19.8657 -0.318368
19.8672 -0.312912
19.8687 -0.307497
19.8702 -0.302124
19.8717 -0.296793
19.8732 -0.291504
19.8747 -0.286256
19.8762 -0.281051
19.8777 -0.275887
19.8792 -0.270765
19.8807 -0.265685
19.8822 -0.260648
19.8837 -0.255652
19.8852 -0.250699
19.8867 -0.245788
19.8882 -0.24092
19.8897 -0.236093
19.8912 -0.23131
19.8927 -0.226568
19.8942 -0.22187
19.8957 -0.217213
19.8972 -0.2126
19.8987 -0.208029
19.9002 -0.203501
19.9017 -0.199015
19.9032 -0.194572
19.9047 -0.190173
19.9062 -0.185816
19.9077 -0.181502
19.9092 -0.177231
19.9107 -0.173003
19.9122 -0.168818
19.9137 -0.164676
19.9152 -0.160577
19.9167 -0.156522
19.9182 -0.152509
19.9197 -0.14854
19.9212 -0.144614
19.9227 -0.140732
19.9242 -0.136893
19.9257 -0.133097
19.9272 -0.129345
19.9287 -0.125636
19.9302 -0.121971
19.9317 -0.118349
19.9332 -0.114771
19.9347 -0.111236
19.9362 -0.107745
19.9377 -0.104298
19.9392 -0.100894
19.9407 -0.0975341
19.9422 -0.0942178
19.9437 -0.0909453
19.9452 -0.0877165
19.9467 -0.0845316
19.9482 -0.0813905
19.9497 -0.0782933
19.9512 -0.07524
19.9527 -0.0722305
19.9542 -0.069265
19.9557 -0.0663434
19.9572 -0.0634658
19.9587 -0.0606322
19.9602 -0.0578425
19.9617 -0.0550969
19.9632 -0.0523954
19.9647 -0.0497379
19.9662 -0.0471244
19.9677 -0.0445551
19.9692 -0.0420298
19.9707 -0.0395487
19.9722 -0.0371117
19.9737 -0.0347189
19.9752 -0.0323702
19.9767 -0.0300657
19.9782 -0.0278053
19.9797 -0.0255892
19.9812 -0.0234172
19.9827 -0.0212895
19.9842 -0.019206
19.9857 -0.0171667
19.9872 -0.0151716
19.9887 -0.0132208
19.9902 -0.0113142
19.9917 -0.00945184
19.9932 -0.00763374
19.9947 -0.0058599
19.9962 -0.00413032
19.9977 -0.002445
19.9992 -0.000803934
20.0008 0.000792868
20.0023 0.00234541
20.0038 0.00385369
20.0053 0.00531771
20.0068 0.00673748
20.0083 0.00811299
20.0098 0.00944425
20.0113 0.0107313
20.0128 0.011974
20.0143 0.0131726
20.0158 0.0143269
20.0173 0.0154369
20.0188 0.0165028
20.0203 0.0175245
20.0218 0.0185019
20.0233 0.0194352
20.0248 0.0203243
20.0263 0.0211692
20.0278 0.0219699
20.0293 0.0227266
20.0308 0.023439
20.0323 0.0241074
20.0338 0.0247317
20.0353 0.0253118
20.0368 0.0258479
20.0383 0.02634
20.0398 0.026788
20.0413 0.027192
20.0428 0.0275519
20.0443 0.0278679
20.0458 0.02814
20.0473 0.028368
20.0488 0.0285522
20.0503 0.0286924
20.0518 0.0287888
20.0533 0.0288413
20.0548 0.02885
20.0563 0.0288149
20.0578 0.028736
20.0593 0.0286133
20.0608 0.0284469
20.0623 0.0282368
20.0638 0.027983
20.0653 0.0276856
20.0668 0.0273446
20.0683 0.02696
20.0698 0.0265318
20.0713 0.0260601
20.0728 0.0255448
20.0743 0.0249862
20.0758 0.0243841
20.0773 0.0237386
20.0788 0.0230497
20.0803 0.0223176
20.0818 0.0215421
20.0833 0.0207234
20.0848 0.0198615
20.0863 0.0189564
20.0878 0.0180081
20.0893 0.0170168
20.0908 0.0159824
20.0923 0.014905
20.0938 0.0137846
20.0953 0.0126213
20.0968 0.011415
20.0983 0.010166
20.0998 0.00887412
20.1013 0.0075395
20.1028 0.00616217
20.1043 0.00474217
20.1058 0.00327955
20.1073 0.00177436
20.1088 0.000226646
20.1103 -0.00136354
20.1118 -0.00299615
20.1133 -0.00467114
20.1148 -0.00638845
20.1163 -0.00814803
20.1178 -0.00994983
20.1193 -0.0117938
20.1208 -0.0136799
20.1223 -0.015608
20.1238 -0.0175782
20.1253 -0.0195903
20.1268 -0.0216442
20.1283 -0.02374
20.1298 -0.0258776
20.1313 -0.0280569
20.1328 -0.0302779
20.1343 -0.0325405
20.1358 -0.0348446
20.1373 -0.0371902
20.1388 -0.0395772
20.1403 -0.0420055
20.1418 -0.0444751
20.1433 -0.046986
20.1448 -0.049538
20.1463 -0.0521311
20.1478 -0.0547653
20.1493 -0.0574404
20.1508 -0.0601564
20.1523 -0.0629132
20.1538 -0.0657108
20.1553 -0.0685491
20.1568 -0.071428
20.1583 -0.0743475
20.1598 -0.0773074
20.1613 -0.0803077
20.1628 -0.0833484
20.1643 -0.0864293
20.1658 -0.0895504
20.1673 -0.0927117
20.1688 -0.0959129
20.1703 -0.0991541
20.1718 -0.102435
20.1733 -0.105756
20.1748 -0.109117
20.1763 -0.112517
20.1778 -0.115957
20.1793 -0.119436
20.1808 -0.122955
20.1823 -0.126513
20.1838 -0.13011
20.1853 -0.133747
20.1868 -0.137422
20.1883 -0.141137
20.1898 -0.14489
20.1913 -0.148683
20.1928 -0.152514
20.1943 -0.156383
20.1958 -0.160291
20.1973 -0.164238
20.1988 -0.168223
20.2004 -0.172246
20.2019 -0.176308
20.2034 -0.180408
20.2049 -0.184545
20.2064 -0.188721
20.2079 -0.192934
20.2094 -0.197186
20.2109 -0.201474
20.2124 -0.205801
20.2139 -0.210165
20.2154 -0.214566
20.2169 -0.219004
20.2184 -0.22348
20.2199 -0.227993
20.2214 -0.232542
20.2229 -0.237129
20.2244 -0.241752
20.2259 -0.246412
20.2274 -0.251109
20.2289 -0.255842
20.2304 -0.260611
20.2319 -0.265416
20.2334 -0.270258
20.2349 -0.275136
20.2364 -0.28005
20.2379 -0.284999
20.2394 -0.289984
20.2409 -0.295005
20.2424 -0.300062
20.2439 -0.305153
20.2454 -0.31028
20.2469 -0.315443
20.2484 -0.32064
20.2499 -0.325872
20.2514 -0.331139
20.2529 -0.336441
20.2544 -0.341777
20.2559 -0.347148
20.2574 -0.352553
20.2589 -0.357993
20.2604 -0.363467
20.2619 -0.368974
20.2634 -0.374516
20.2649 -0.380091
20.2664 -0.3857
20.2679 -0.391343
20.2694 -0.397019
20.2709 -0.402728
20.2724 -0.408471
20.2739 -0.414247
20.2754 -0.420055
20.2769 -0.425897
20.2784 -0.431771
20.2799 -0.437677
20.2814 -0.443616
20.2829 -0.449588
20.2844 -0.455591
20.2859 -0.461627
20.2874 -0.467694
20.2889 -0.473794
20.2904 -0.479925
20.2919 -0.486087
20.2934 -0.492281
20.2949 -0.498506
20.2964 -0.504762
20.2979 -0.51105
20.2994 -0.517368
20.3009 -0.523717
20.3024 -0.530096
20.3039 -0.536506
20.3054 -0.542947
20.3069 -0.549417
20.3084 -0.555918
20.3099 -0.562448
20.3114 -0.569008
20.3129 -0.575598
20.3144 -0.582217
20.3159 -0.588866
20.3174 -0.595544
20.3189 -0.602251
20.3204 -0.608987
20.3219 -0.615751
20.3234 -0.622544
20.3249 -0.629366
20.3264 -0.636216
20.3279 -0.643094
20.3294 -0.65
20.3309 -0.656934
20.3324 -0.663896
20.3339 -0.670886
20.3354 -0.677902
20.3369 -0.684946
20.3384 -0.692018
20.3399 -0.699116
20.3414 -0.706241
20.3429 -0.713393
20.3444 -0.720571
20.3459 -0.727775
20.3474 -0.735006
20.3489 -0.742263
20.3504 -0.749546
20.3519 -0.756854
20.3534 -0.764188
20.3549 -0.771547
20.3564 -0.778932
20.3579 -0.786342
20.3594 -0.793776
20.3609 -0.801236
20.3624 -0.80872
20.3639 -0.816228
20.3654 -0.823761
20.3669 -0.831318
20.3684 -0.838899
20.3699 -0.846503
20.3714 -0.854131
20.3729 -0.861783
20.3744 -0.869458
20.3759 -0.877156
20.3774 -0.884876
20.3789 -0.89262
20.3804 -0.900386
20.3819 -0.908175
20.3834 -0.915986
20.3849 -0.923819
20.3864 -0.931674
20.3879 -0.93955
20.3894 -0.947448
20.3909 -0.955368
20.3924 -0.963308
20.3939 -0.97127
20.3954 -0.979253
20.3969 -0.987256
20.3984 -0.995279
20.3999 -1.00332
20.4015 -1.01139
20.403 -1.01947
20.4045 -1.02758
20.406 -1.0357
20.4075 -1.04384
20.409 -1.052
20.4105 -1.06018
20.412 -1.06838
20.4135 -1.0766
20.415 -1.08484
20.4165 -1.09309
20.418 -1.10137
20.4195 -1.10966
20.421 -1.11797
20.4225 -1.12629
20.424 -1.13464
20.4255 -1.143
20.427 -1.15138
20.4285 -1.15977
20.43 -1.16818
20.4315 -1.17661
20.433 -1.18505
20.4345 -1.19351
20.436 -1.20199
20.4375 -1.21048
20.439 -1.21898
20.4405 -1.22751
20.442 -1.23604
20.4435 -1.24459
20.445 -1.25316
20.4465 -1.26174
20.448 -1.27033
20.4495 -1.27894
20.451 -1.28756
20.4525 -1.2962
20.454 -1.30485
20.4555 -1.31351
20.457 -1.32219
20.4585 -1.33087
20.46 -1.33957
20.4615 -1.34829
20.463 -1.35701
20.4645 -1.36575
20.466 -1.3745
20.4675 -1.38326
20.469 -1.39203
20.4705 -1.40081
20.472 -1.4096
20.4735 -1.41841
20.475 -1.42722
20.4765 -1.43604
20.478 -1.44488
20.4795 -1.45372
20.481 -1.46258
20.4825 -1.47144
20.484 -1.48031
20.4855 -1.48919
20.487 -1.49808
20.4885 -1.50698
20.49 -1.51589
20.4915 -1.5248
20.493 -1.53372
20.4945 -1.54265
20.496 -1.55159
20.4975 -1.56053
20.499 -1.56949
20.5005 -1.57844
20.502 -1.58741
20.5035 -1.59638
20.505 -1.60535
20.5065 -1.61434
20.508 -1.62332
20.5095 -1.63232
20.511 -1.64132
20.5125 -1.65032
20.514 -1.65933
20.5155 -1.66834
20.517 -1.67736
20.5185 -1.68638
20.52 -1.6954
20.5215 -1.70443
20.523 -1.71346
20.5245 -1.72249
20.526 -1.73153
20.5275 -1.74057
20.529 -1.74961
20.5305 -1.75865
20.532 -1.76769
20.5335 -1.77674
20.535 -1.78579
20.5365 -1.79484
20.538 -1.80389
20.5395 -1.81294
20.541 -1.82199
20.5425 -1.83104
20.544 -1.84009
20.5455 -1.84914
20.547 -1.85819
20.5485 -1.86723
20.55 -1.87628
20.5515 -1.88533
20.553 -1.89437
20.5545 -1.90341
20.556 -1.91245
20.5575 -1.92149
20.559 -1.93053
20.5605 -1.93956
20.562 -1.94859
20.5635 -1.95761
20.565 -1.96663
20.5665 -1.97565
20.568 -1.98467
20.5695 -1.99367
20.571 -2.00268
20.5725 -2.01168
20.574 -2.02067
20.5755 -2.02966
20.577 -2.03865
20.5785 -2.04762
20.58 -2.05659
20.5815 -2.06556
20.583 -2.07452
20.5845 -2.08347
20.586 -2.09241
20.5875 -2.10135
20.589 -2.11027
20.5905 -2.11919
20.592 -2.1281
20.5935 -2.13701
20.595 -2.1459
20.5965 -2.15479
20.598 -2.16366
20.5995 -2.17253
20.6011 -2.18138
20.6026 -2.19023
20.6041 -2.19906
20.6056 -2.20788
20.6071 -2.2167
20.6086 -2.2255
20.6101 -2.23429
20.6116 -2.24307
20.6131 -2.25183
20.6146 -2.26059
20.6161 -2.26933
20.6176 -2.27805
20.6191 -2.28677
20.6206 -2.29547
20.6221 -2.30415
20.6236 -2.31283
20.6251 -2.32148
20.6266 -2.33013
20.6281 -2.33876
20.6296 -2.34737
20.6311 -2.35597
20.6326 -2.36455
20.6341 -2.37311
20.6356 -2.38166
20.6371 -2.3902
20.6386 -2.39871
20.6401 -2.40721
20.6416 -2.41569
20.6431 -2.42415
20.6446 -2.4326
20.6461 -2.44102
20.6476 -2.44943
20.6491 -2.45782
20.6506 -2.46619
20.6521 -2.47454
20.6536 -2.48287
20.6551 -2.49118
20.6566 -2.49946
20.6581 -2.50773
20.6596 -2.51598
20.6611 -2.5242
20.6626 -2.53241
20.6641 -2.54059
20.6656 -2.54875
20.6671 -2.55689
20.6686 -2.565
20.6701 -2.57309
20.6716 -2.58116
20.6731 -2.5892
20.6746 -2.59722
20.6761 -2.60521
20.6776 -2.61318
20.6791 -2.62113
20.6806 -2.62905
20.6821 -2.63694
20.6836 -2.64481
20.6851 -2.65265
20.6866 -2.66047
20.6881 -2.66826
20.6896 -2.67602
20.6911 -2.68375
20.6926 -2.69146
20.6941 -2.69913
20.6956 -2.70678
20.6971 -2.7144
20.6986 -2.722
20.7001 -2.72956
20.7016 -2.73709
20.7031 -2.74459
20.7046 -2.75206
20.7061 -2.7595
20.7076 -2.76691
20.7091 -2.77429
20.7106 -2.78164
20.7121 -2.78896
20.7136 -2.79624
20.7151 -2.80349
20.7166 -2.81071
20.7181 -2.81789
20.7196 -2.82504
20.7211 -2.83216
20.7226 -2.83924
20.7241 -2.84629
20.7256 -2.8533
20.7271 -2.86028
20.7286 -2.86722
20.7301 -2.87413
20.7316 -2.881
20.7331 -2.88783
20.7346 -2.89463
20.7361 -2.90139
20.7376 -2.90811
20.7391 -2.91479
20.7406 -2.92144
20.7421 -2.92805
20.7436 -2.93462
20.7451 -2.94115
20.7466 -2.94764
20.7481 -2.95409
20.7496 -2.9605
20.7511 -2.96686
20.7526 -2.97319
20.7541 -2.97948
20.7556 -2.98573
20.7571 -2.99193
20.7586 -2.99809
20.7601 -3.00421
20.7616 -3.01028
20.7631 -3.01632
20.7646 -3.02231
20.7661 -3.02825
20.7676 -3.03415
20.7691 -3.04001
20.7706 -3.04582
20.7721 -3.05158
20.7736 -3.0573
20.7751 -3.06298
20.7766 -3.0686
20.7781 -3.07418
20.7796 -3.07972
20.7811 -3.0852
20.7826 -3.09064
20.7841 -3.09603
20.7856 -3.10137
20.7871 -3.10666
20.7886 -3.11191
20.7901 -3.1171
20.7916 -3.12224
20.7931 -3.12734
20.7946 -3.13238
20.7961 -3.13737
20.7976 -3.14231
20.7991 -3.1472
20.8007 -3.15204
20.8022 -3.15682
20.8037 -3.16155
20.8052 -3.16623
20.8067 -3.17085
20.8082 -3.17542
20.8097 -3.17994
20.8112 -3.1844
20.8127 -3.1888
20.8142 -3.19315
20.8157 -3.19745
20.8172 -3.20169
20.8187 -3.20587
20.8202 -3.21
20.8217 -3.21406
20.8232 -3.21807
20.8247 -3.22203
20.8262 -3.22592
20.8277 -3.22975
20.8292 -3.23353
20.8307 -3.23725
20.8322 -3.2409
20.8337 -3.2445
20.8352 -3.24803
20.8367 -3.25151
20.8382 -3.25492
20.8397 -3.25827
20.8412 -3.26156
20.8427 -3.26479
20.8442 -3.26795
20.8457 -3.27105
20.8472 -3.27409
20.8487 -3.27706
20.8502 -3.27997
20.8517 -3.28282
20.8532 -3.28559
20.8547 -3.28831
20.8562 -3.29095
20.8577 -3.29353
20.8592 -3.29605
20.8607 -3.29849
20.8622 -3.30087
20.8637 -3.30318
20.8652 -3.30543
20.8667 -3.3076
20.8682 -3.3097
20.8697 -3.31174
20.8712 -3.3137
20.8727 -3.3156
20.8742 -3.31742
20.8757 -3.31918
20.8772 -3.32086
20.8787 -3.32247
20.8802 -3.32401
20.8817 -3.32547
20.8832 -3.32686
20.8847 -3.32818
20.8862 -3.32943
20.8877 -3.3306
20.8892 -3.33169
20.8907 -3.33271
20.8922 -3.33366
20.8937 -3.33453
20.8952 -3.33532
20.8967 -3.33603
20.8982 -3.33667
20.8997 -3.33723
20.9012 -3.33772
20.9027 -3.33812
20.9042 -3.33845
20.9057 -3.3387
20.9072 -3.33886
20.9087 -3.33895
20.9102 -3.33896
20.9117 -3.33889
20.9132 -3.33873
20.9147 -3.3385
20.9162 -3.33818
20.9177 -3.33778
20.9192 -3.33729
20.9207 -3.33673
20.9222 -3.33608
20.9237 -3.33534
20.9252 -3.33452
20.9267 -3.33362
20.9282 -3.33263
20.9297 -3.33155
20.9312 -3.33039
20.9327 -3.32914
20.9342 -3.32781
20.9357 -3.32639
20.9372 -3.32488
20.9387 -3.32328
20.9402 -3.32159
20.9417 -3.31981
20.9432 -3.31795
20.9447 -3.31599
20.9462 -3.31394
20.9477 -3.31181
20.9492 -3.30958
20.9507 -3.30726
20.9522 -3.30484
20.9537 -3.30234
20.9552 -3.29974
20.9567 -3.29705
20.9582 -3.29426
20.9597 -3.29138
20.9612 -3.28841
20.9627 -3.28534
20.9642 -3.28217
20.9657 -3.27891
20.9672 -3.27555
20.9687 -3.2721
20.9702 -3.26854
20.9717 -3.26489
20.9732 -3.26114
20.9747 -3.2573
20.9762 -3.25335
20.9777 -3.2493
20.9792 -3.24516
20.9807 -3.24091
20.9822 -3.23656
20.9837 -3.23211
20.9852 -3.22756
20.9867 -3.22291
20.9882 -3.21816
20.9897 -3.2133
20.9912 -3.20833
20.9927 -3.20327
20.9942 -3.1981
20.9957 -3.19282
20.9972 -3.18744
20.9987 -3.18195
21.0003 -3.17636
21.0018 -3.17066
21.0033 -3.16485
21.0048 -3.15894
21.0063 -3.15291
21.0078 -3.14678
21.0093 -3.14054
21.0108 -3.13419
21.0123 -3.12773
21.0138 -3.12116
21.0153 -3.11448
21.0168 -3.10768
21.0183 -3.10078
21.0198 -3.09376
21.0213 -3.08663
21.0228 -3.07939
21.0243 -3.07203
21.0258 -3.06456
21.0273 -3.05698
21.0288 -3.04928
21.0303 -3.04146
21.0318 -3.03353
21.0333 -3.02548
21.0348 -3.01732
21.0363 -3.00904
21.0378 -3.00064
21.0393 -2.99212
21.0408 -2.98348
21.0423 -2.97472
21.0438 -2.96585
21.0453 -2.95685
21.0468 -2.94774
21.0483 -2.9385
21.0498 -2.92914
21.0513 -2.91966
21.0528 -2.91005
21.0543 -2.90033
21.0558 -2.89047
21.0573 -2.8805
21.0588 -2.8704
21.0603 -2.86018
21.0618 -2.84983
21.0633 -2.83935
21.0648 -2.82875
21.0663 -2.81802
21.0678 -2.80717
21.0693 -2.79618
21.0708 -2.78507
21.0723 -2.77383
21.0738 -2.76246
21.0753 -2.75096
21.0768 -2.73933
21.0783 -2.72757
21.0798 -2.71567
21.0813 -2.70365
21.0828 -2.69149
21.0843 -2.67921
21.0858 -2.66678
21.0873 -2.65423
21.0888 -2.64154
21.0903 -2.62871
21.0918 -2.61575
21.0933 -2.60266
21.0948 -2.58943
21.0963 -2.57606
21.0978 -2.56255
21.0993 -2.54891
21.1008 -2.53513
21.1023 -2.52121
21.1038 -2.50715
21.1053 -2.49295
21.1068 -2.47861
21.1083 -2.46413
21.1098 -2.44951
21.1113 -2.43475
21.1128 -2.41985
21.1143 -2.4048
21.1158 -2.38961
21.1173 -2.37428
21.1188 -2.3588
21.1203 -2.34317
21.1218 -2.32741
21.1233 -2.31149
21.1248 -2.29543
21.1263 -2.27923
21.1278 -2.26287
21.1293 -2.24637
21.1308 -2.22972
21.1323 -2.21292
21.1338 -2.19598
21.1353 -2.17888
21.1368 -2.16163
21.1383 -2.14423
21.1398 -2.12668
21.1413 -2.10898
21.1428 -2.09113
21.1443 -2.07312
21.1458 -2.05496
21.1473 -2.03665
21.1488 -2.01818
21.1503 -1.99956
21.1518 -1.98078
21.1533 -1.96184
21.1548 -1.94275
21.1563 -1.9235
21.1578 -1.9041
21.1593 -1.88453
21.1608 -1.86481
21.1623 -1.84493
21.1638 -1.82489
21.1653 -1.80468
21.1668 -1.78432
21.1683 -1.7638
21.1698 -1.74311
21.1713 -1.72226
21.1728 -1.70125
21.1743 -1.68008
21.1758 -1.65874
21.1773 -1.63724
21.1788 -1.61557
21.1803 -1.59374
21.1818 -1.57174
21.1833 -1.54958
21.1848 -1.52724
21.1863 -1.50474
21.1878 -1.48208
21.1893 -1.45924
21.1908 -1.43623
21.1923 -1.41306
21.1938 -1.38971
21.1953 -1.36619
21.1968 -1.3425
21.1983 -1.31864
21.1998 -1.29461
21.2014 -1.2704
21.2029 -1.24603
21.2044 -1.22147
21.2059 -1.19674
21.2074 -1.17184
21.2089 -1.14676
21.2104 -1.1215
21.2119 -1.09607
21.2134 -1.07046
21.2149 -1.04467
21.2164 -1.01871
21.2179 -0.992563
21.2194 -0.966237
21.2209 -0.939732
21.2224 -0.913046
21.2239 -0.886179
21.2254 -0.85913
21.2269 -0.831899
21.2284 -0.804485
21.2299 -0.776887
21.2314 -0.749105
21.2329 -0.721138
21.2344 -0.692987
21.2359 -0.66465
21.2374 -0.636126
21.2389 -0.607416
21.2404 -0.578518
21.2419 -0.549432
21.2434 -0.520158
21.2449 -0.490694
21.2464 -0.461041
21.2479 -0.431198
21.2494 -0.401164
21.2509 -0.370939
21.2524 -0.340521
21.2539 -0.309912
21.2554 -0.279109
21.2569 -0.248112
21.2584 -0.216922
21.2599 -0.185536
21.2614 -0.153956
21.2629 -0.122179
21.2644 -0.0902062
21.2659 -0.0580361
21.2674 -0.0256684
21.2689 0.00689742
21.2704 0.039662
21.2719 0.072626
21.2734 0.10579
21.2749 0.139154
21.2764 0.17272
21.2779 0.206487
21.2794 0.240456
21.2809 0.274628
21.2824 0.309003
21.2839 0.343583
21.2854 0.378367
21.2869 0.413356
21.2884 0.448551
21.2899 0.483952
21.2914 0.51956
21.2929 0.555375
21.2944 0.591399
21.2959 0.627631
21.2974 0.664072
21.2989 0.700723
21.3004 0.737585
21.3019 0.774657
21.3034 0.811941
21.3049 0.849437
21.3064 0.887146
21.3079 0.925069
21.3094 0.963205
21.3109 1.00156
21.3124 1.04012
21.3139 1.0789
21.3154 1.1179
21.3169 1.15712
21.3184 1.19655
21.3199 1.2362
21.3214 1.27607
21.3229 1.31616
21.3244 1.35646
21.3259 1.39699
21.3274 1.43774
21.3289 1.47871
21.3304 1.51991
21.3319 1.56133
21.3334 1.60297
21.3349 1.64483
21.3364 1.68692
21.3379 1.72923
21.3394 1.77177
21.3409 1.81454
21.3424 1.85753
21.3439 1.90076
21.3454 1.94421
21.3469 1.98789
21.3484 2.03179
21.3499 2.07593
21.3514 2.1203
21.3529 2.1649
21.3544 2.20974
21.3559 2.2548
21.3574 2.3001
21.3589 2.34563
21.3604 2.3914
21.3619 2.4374
21.3634 2.48364
21.3649 2.53012
21.3664 2.57683
21.3679 2.62378
21.3694 2.67096
21.3709 2.71839
21.3724 2.76605
21.3739 2.81396
21.3754 2.86211
21.3769 2.91049
21.3784 2.95912
21.3799 3.00799
21.3814 3.05711
21.3829 3.10647
21.3844 3.15607
21.3859 3.20592
21.3874 3.25601
21.3889 3.30635
21.3904 3.35694
21.3919 3.40777
21.3934 3.45886
21.3949 3.51019
21.3964 3.56177
21.3979 3.6136
21.3994 3.66568
21.401 3.71802
21.4025 3.7706
21.404 3.82344
21.4055 3.87653
21.407 3.92987
21.4085 3.98347
21.41 4.03733
21.4115 4.09144
21.413 4.14581
21.4145 4.20043
21.416 4.25531
21.4175 4.31045
21.419 4.36585
21.4205 4.42151
21.422 4.47743
21.4235 4.53361
21.425 4.59005
21.4265 4.64675
21.428 4.70372
21.4295 4.76095
21.431 4.81844
21.4325 4.8762
21.434 4.93423
21.4355 4.99252
21.437 5.05107
21.4385 5.1099
21.44 5.16899
21.4415 5.22835
21.443 5.28798
21.4445 5.34788
21.446 5.40806
21.4475 5.4685
21.449 5.52921
21.4505 5.5902
21.452 5.65146
21.4535 5.713
21.455 5.77481
21.4565 5.83689
21.458 5.89925
21.4595 5.96189
21.461 6.0248
21.4625 6.08799
21.464 6.15147
21.4655 6.21522
21.467 6.27925
21.4685 6.34356
21.47 6.40815
21.4715 6.47302
21.473 6.53818
21.4745 6.60362
21.476 6.66934
21.4775 6.73535
21.479 6.80164
21.4805 6.86822
21.482 6.93509
21.4835 7.00224
21.485 7.06968
21.4865 7.13741
21.488 7.20543
21.4895 7.27374
21.491 7.34233
21.4925 7.41123
21.494 7.48041
21.4955 7.54988
21.497 7.61965
21.4985 7.68971
21.5 7.76007
