8.70783 0.0867116
8.75973 0.163789
8.81162 0.52027
8.86352 0.809309
8.91541 1.39702
8.96731 1.71496
9.01921 1.79204
9.0711 1.67643
9.123 1.58008
9.17489 1.37775
9.22679 1.05981
9.27869 0.684059
9.33058 0.578078
9.38248 0.356481
9.43438 0.231231
9.48627 0.134885
9.53817 0.12525
9.59006 0.0963463
9.64196 0.105981
9.69386 0.0289039
9.74575 0.0289039
9.79765 0.0289039
9.84954 0
9.90144 0.0289039
9.95334 0.0192693
10.0052 0.00963463
10.0571 0.0385385
10.109 0.0192693
10.1609 0.0289039
10.2128 0
10.2647 0.0192693
10.3166 0.0192693
10.3685 0
10.4204 0.0192693
10.4723 0.0963463
10.5242 0.105981
10.5761 0.202327
10.628 0.154154
10.6799 0.202327
10.7318 0.327577
10.7837 0.491366
10.8356 0.539539
10.8875 0.558808
10.9394 0.385385
10.9913 0.443193
11.0432 0.39502
11.0951 0.240866
11.1469 0.211962
11.1988 0.0578078
11.2507 0.077077
