0 0.0112121
0.1 0.0112287
0.2 0.0112315
0.3 0.0112359
0.4 0.0112411
0.5 0.0112459
0.6 0.011251
0.7 0.0112556
0.8 0.01126
0.9 0.0112667
1 0.0112713
1.1 0.0112762
1.2 0.0112821
1.3 0.0112884
1.4 0.0112935
1.5 0.0112999
1.6 0.0113055
1.7 0.0113106
1.8 0.0113162
1.9 0.0113205
2 0.0113262
2.1 0.0113331
2.2 0.0113395
2.3 0.0113467
2.4 0.011354
2.5 0.0113626
2.6 0.0113703
2.7 0.0113797
2.8 0.0113887
2.9 0.0113971
3 0.011405
3.1 0.0114154
3.2 0.0114251
3.3 0.0114355
3.4 0.0114458
3.5 0.0114556
3.6 0.0114678
3.7 0.0114783
3.8 0.01149
3.9 0.011504
4 0.0115196
4.1 0.0115353
4.2 0.0115509
4.3 0.0115662
4.4 0.0115813
4.5 0.0115985
4.6 0.0116181
4.7 0.011637
4.8 0.0116586
4.9 0.0116804
5 0.0117022
5.1 0.0117256
5.2 0.0117472
5.3 0.0117685
5.4 0.0117935
5.5 0.0118168
5.6 0.0118444
5.7 0.0118712
5.8 0.0119004
5.9 0.0119275
6 0.0119557
6.1 0.0119841
6.2 0.012013
6.3 0.012044
6.4 0.0120735
6.5 0.0121094
6.6 0.0121412
6.7 0.012175
6.8 0.0122093
6.9 0.0122451
7 0.0122805
7.1 0.0123202
7.2 0.0123601
7.3 0.0124025
7.4 0.012448
7.5 0.0124958
7.6 0.0125442
7.7 0.0125956
7.8 0.012642
7.9 0.0126894
8 0.0127414
8.1 0.0127932
8.2 0.0128435
8.3 0.0128947
8.4 0.0129525
8.5 0.0130115
8.6 0.0130688
8.7 0.0131218
8.8 0.0131809
8.9 0.0132361
9 0.0132953
9.1 0.0133565
9.2 0.013418
9.3 0.0134822
9.4 0.0135405
9.5 0.013604
9.6 0.0136672
9.7 0.0137316
9.8 0.0138006
9.9 0.0138683
10 0.0139377
10.1 0.0140104
10.2 0.0140818
10.3 0.0141588
10.4 0.0142381
10.5 0.0143177
10.6 0.0143983
10.7 0.0144802
10.8 0.0145621
10.9 0.0146473
11 0.0147348
11.1 0.0148269
11.2 0.014919
11.3 0.0150136
11.4 0.0151077
11.5 0.0152003
11.6 0.0152965
11.7 0.0153986
11.8 0.0154982
11.9 0.0155974
12 0.0157067
12.1 0.0158155
12.2 0.0159249
12.3 0.0160295
12.4 0.0161353
12.5 0.0162477
12.6 0.016362
12.7 0.0164754
12.8 0.0165895
12.9 0.0167101
13 0.0168257
13.1 0.0169434
13.2 0.0170647
13.3 0.0171934
13.4 0.0173236
13.5 0.0174567
13.6 0.0175922
13.7 0.0177287
13.8 0.0178691
13.9 0.0180068
14 0.0181524
14.1 0.0182991
14.2 0.0184424
14.3 0.0185949
14.4 0.0187443
14.5 0.0188956
14.6 0.0190488
14.7 0.0192027
14.8 0.019359
14.9 0.0195171
15 0.0196785
15.1 0.0198345
15.2 0.0199944
15.3 0.0201532
15.4 0.0203196
15.5 0.020485
15.6 0.020647
15.7 0.0208172
15.8 0.020987
15.9 0.0211564
16 0.0213301
16.1 0.0215025
16.2 0.0216794
16.3 0.0218528
16.4 0.0220298
16.5 0.0222123
16.6 0.0224007
16.7 0.0225918
16.8 0.0227896
16.9 0.0229865
17 0.0231862
17.1 0.0233917
17.2 0.0235869
17.3 0.0237836
17.4 0.0239853
17.5 0.0241863
17.6 0.0243915
17.7 0.0245983
17.8 0.0247997
17.9 0.0250053
18 0.0252171
18.1 0.0254181
18.2 0.0256325
18.3 0.0258543
18.4 0.02607
18.5 0.0262893
18.6 0.0265079
18.7 0.0267299
18.8 0.0269519
18.9 0.0271819
19 0.0274103
19.1 0.0276332
19.2 0.0278606
19.3 0.0280835
19.4 0.0283186
19.5 0.0285565
19.6 0.0287927
19.7 0.0290244
19.8 0.0292586
19.9 0.0294898
20 0.02972
20.1 0.0299595
20.2 0.0301935
20.3 0.03043
20.4 0.0306674
20.5 0.0309064
20.6 0.0311425
20.7 0.0313791
20.8 0.031615
20.9 0.0318628
21 0.0321065
21.1 0.0323475
21.2 0.0326027
21.3 0.0328483
21.4 0.0330946
21.5 0.0333354
21.6 0.0335831
21.7 0.0338333
21.8 0.0340776
21.9 0.0343288
22 0.0345721
22.1 0.0348263
22.2 0.0350766
22.3 0.0353197
22.4 0.0355696
22.5 0.035819
22.6 0.0360659
22.7 0.0363165
22.8 0.0365628
22.9 0.0368109
23 0.0370585
23.1 0.037306
23.2 0.0375516
23.3 0.0377923
23.4 0.038031
23.5 0.0382753
23.6 0.0385292
23.7 0.0387787
23.8 0.039027
23.9 0.039266
24 0.0395136
24.1 0.0397542
24.2 0.0399996
24.3 0.0402347
24.4 0.0404712
24.5 0.040714
24.6 0.0409612
24.7 0.0412071
24.8 0.0414562
24.9 0.0417026
25 0.0419497
25.1 0.0421978
25.2 0.0424541
25.3 0.0426998
25.4 0.0429396
25.5 0.0431824
25.6 0.0434248
25.7 0.0436688
25.8 0.0439176
25.9 0.0441686
26 0.044427
26.1 0.0446821
26.2 0.0449318
26.3 0.0451936
26.4 0.0454516
26.5 0.045708
26.6 0.0459683
26.7 0.0462227
26.8 0.0464708
26.9 0.046722
27 0.0469745
27.1 0.0472326
27.2 0.0474933
27.3 0.0477556
27.4 0.0480076
27.5 0.0482599
27.6 0.048508
27.7 0.0487582
27.8 0.0490167
27.9 0.0492766
28 0.0495312
28.1 0.0497961
28.2 0.0500582
28.3 0.0503188
28.4 0.0505733
28.5 0.0508238
28.6 0.0510812
28.7 0.051335
28.8 0.051594
28.9 0.0518587
29 0.0521181
29.1 0.0523746
29.2 0.0526341
29.3 0.0528823
29.4 0.0531284
29.5 0.0533662
29.6 0.0536107
29.7 0.0538517
29.8 0.0541015
29.9 0.0543572
30 0.0546198
30.1 0.0548758
30.2 0.0551334
30.3 0.0553916
30.4 0.0556558
30.5 0.0559158
30.6 0.0561667
30.7 0.0564241
30.8 0.0566775
30.9 0.056936
31 0.0571928
31.1 0.0574539
31.2 0.0577127
31.3 0.0579724
31.4 0.0582295
31.5 0.0584796
31.6 0.0587316
31.7 0.0589797
31.8 0.0592264
31.9 0.0594732
32 0.0597219
32.1 0.0599748
32.2 0.0602218
32.3 0.0604746
32.4 0.0607341
32.5 0.0609902
32.6 0.0612533
32.7 0.0615093
32.8 0.0617684
32.9 0.0620328
33 0.062286
33.1 0.0625328
33.2 0.0627819
33.3 0.063037
33.4 0.0632912
33.5 0.0635498
33.6 0.0637935
33.7 0.0640364
33.8 0.0642906
33.9 0.0645508
34 0.064812
34.1 0.0650847
34.2 0.0653545
34.3 0.065627
34.4 0.0659119
34.5 0.0661818
34.6 0.0664566
34.7 0.0667291
34.8 0.0670079
34.9 0.0672814
35 0.0675599
35.1 0.06784
35.2 0.0681154
35.3 0.0683954
35.4 0.068674
35.5 0.0689504
35.6 0.0692274
35.7 0.0695078
35.8 0.0697849
35.9 0.0700801
36 0.0703686
36.1 0.0706581
36.2 0.0709541
36.3 0.0712554
36.4 0.0715445
36.5 0.0718334
36.6 0.072131
36.7 0.0724352
36.8 0.0727354
36.9 0.0730485
37 0.0733571
37.1 0.0736812
37.2 0.0740067
37.3 0.0743316
37.4 0.0746562
37.5 0.074988
37.6 0.0753179
37.7 0.0756336
37.8 0.0759553
37.9 0.0762708
38 0.0765899
38.1 0.076904
38.2 0.0772131
38.3 0.0775365
38.4 0.0778737
38.5 0.078206
38.6 0.0785326
38.7 0.0788622
38.8 0.0791866
38.9 0.0795093
39 0.0798386
39.1 0.0801801
39.2 0.0805212
39.3 0.0808746
39.4 0.0812238
39.5 0.0815735
39.6 0.0819288
39.7 0.0822922
39.8 0.0826632
39.9 0.0830358
40 0.0834058
40.1 0.0837818
40.2 0.0841623
40.3 0.0845514
40.4 0.0849479
40.5 0.0853444
40.6 0.0857436
40.7 0.0861402
40.8 0.0865321
40.9 0.086929
41 0.0873305
41.1 0.0877491
41.2 0.0881648
41.3 0.0885825
41.4 0.088997
41.5 0.0894059
41.6 0.0898224
41.7 0.0902564
41.8 0.0907005
41.9 0.091156
42 0.0916091
42.1 0.0920673
42.2 0.0925214
42.3 0.0929578
42.4 0.0934098
42.5 0.0938503
42.6 0.094302
42.7 0.0947559
42.8 0.0952274
42.9 0.0956872
43 0.0961567
43.1 0.0966253
43.2 0.0971008
43.3 0.0975746
43.4 0.0980575
43.5 0.0985493
43.6 0.0990293
43.7 0.0995166
43.8 0.100002
43.9 0.100488
44 0.100985
44.1 0.101473
44.2 0.101958
44.3 0.102435
44.4 0.102921
44.5 0.103416
44.6 0.103897
44.7 0.104394
44.8 0.104877
44.9 0.10536
45 0.105848
45.1 0.106327
45.2 0.106816
45.3 0.107314
45.4 0.107813
45.5 0.108316
45.6 0.108817
45.7 0.109308
45.8 0.109797
45.9 0.110295
46 0.110793
46.1 0.111289
46.2 0.111788
46.3 0.112292
46.4 0.112787
46.5 0.113284
46.6 0.113788
46.7 0.114293
46.8 0.114806
46.9 0.115323
47 0.115837
47.1 0.116353
47.2 0.116862
47.3 0.117363
47.4 0.117879
47.5 0.118406
47.6 0.118938
47.7 0.119472
47.8 0.120007
47.9 0.120534
48 0.121054
48.1 0.121582
48.2 0.122103
48.3 0.122634
48.4 0.123149
48.5 0.123674
48.6 0.124203
48.7 0.124712
48.8 0.125227
48.9 0.125728
49 0.12624
49.1 0.126748
49.2 0.127242
49.3 0.127748
49.4 0.128236
49.5 0.128707
49.6 0.129192
49.7 0.129663
49.8 0.130136
49.9 0.130614
50 0.131093
50.1 0.131563
50.2 0.132046
50.3 0.132518
50.4 0.132991
50.5 0.133448
50.6 0.133901
50.7 0.134371
50.8 0.134836
50.9 0.135304
51 0.135766
51.1 0.136231
51.2 0.136697
51.3 0.137169
51.4 0.13763
51.5 0.13809
51.6 0.138564
51.7 0.139057
51.8 0.139546
51.9 0.140018
52 0.140494
52.1 0.140963
52.2 0.14143
52.3 0.141884
52.4 0.142339
52.5 0.14279
52.6 0.143254
52.7 0.143722
52.8 0.144185
52.9 0.144636
53 0.145111
53.1 0.14558
53.2 0.146056
53.3 0.146541
53.4 0.147044
53.5 0.147528
53.6 0.148005
53.7 0.148491
53.8 0.14897
53.9 0.149451
54 0.149923
54.1 0.150388
54.2 0.15086
54.3 0.151332
54.4 0.15181
54.5 0.152289
54.6 0.152783
54.7 0.153261
54.8 0.153735
54.9 0.154219
55 0.154688
55.1 0.155166
55.2 0.155655
55.3 0.156141
55.4 0.156636
55.5 0.157134
55.6 0.15764
55.7 0.158133
55.8 0.158609
55.9 0.159095
56 0.15958
56.1 0.160068
56.2 0.160558
56.3 0.161052
56.4 0.161549
56.5 0.162036
56.6 0.162531
56.7 0.163016
56.8 0.163518
56.9 0.164023
57 0.164526
57.1 0.165029
57.2 0.165532
57.3 0.166021
57.4 0.166499
57.5 0.166972
57.6 0.167442
57.7 0.1679
57.8 0.168359
57.9 0.168816
58 0.169283
58.1 0.16975
58.2 0.170217
58.3 0.170676
58.4 0.171142
58.5 0.17161
58.6 0.172086
58.7 0.172567
58.8 0.173035
58.9 0.173502
59 0.173965
59.1 0.174434
59.2 0.174908
59.3 0.175393
59.4 0.175888
59.5 0.17639
59.6 0.176893
59.7 0.177402
59.8 0.177918
59.9 0.178448
60 0.178959
60.1 0.179481
60.2 0.179996
60.3 0.180514
60.4 0.181043
60.5 0.181596
60.6 0.182143
60.7 0.182685
60.8 0.183233
60.9 0.183774
61 0.184322
61.1 0.184887
61.2 0.185442
61.3 0.185981
61.4 0.186525
61.5 0.187056
61.6 0.187615
61.7 0.188189
61.8 0.188764
61.9 0.189343
62 0.189943
62.1 0.190556
62.2 0.191153
62.3 0.191724
62.4 0.192307
62.5 0.192892
62.6 0.193485
62.7 0.194073
62.8 0.194667
62.9 0.195279
63 0.195892
63.1 0.1965
63.2 0.197111
63.3 0.197733
63.4 0.198329
63.5 0.198917
63.6 0.199506
63.7 0.200104
63.8 0.200689
63.9 0.20125
64 0.201828
64.1 0.202382
64.2 0.202954
64.3 0.203536
64.4 0.204146
64.5 0.204773
64.6 0.205408
64.7 0.206024
64.8 0.206648
64.9 0.20727
65 0.207888
65.1 0.208505
65.2 0.209138
65.3 0.209776
65.4 0.210444
65.5 0.211122
65.6 0.211791
65.7 0.212449
65.8 0.213109
65.9 0.213799
66 0.21446
66.1 0.215156
66.2 0.215831
66.3 0.216505
66.4 0.21717
66.5 0.217836
66.6 0.218533
66.7 0.219216
66.8 0.21992
66.9 0.220633
67 0.221351
67.1 0.222073
67.2 0.222748
67.3 0.22344
67.4 0.224126
67.5 0.224837
67.6 0.225541
67.7 0.226229
67.8 0.226926
67.9 0.22758
68 0.228211
68.1 0.228848
68.2 0.229495
68.3 0.23012
68.4 0.230769
68.5 0.231412
68.6 0.232045
68.7 0.232682
68.8 0.233318
68.9 0.233966
69 0.234602
69.1 0.235243
69.2 0.235938
69.3 0.236629
69.4 0.237288
69.5 0.23797
69.6 0.238635
69.7 0.23935
69.8 0.240061
69.9 0.24076
70 0.241495
70.1 0.242232
70.2 0.242954
70.3 0.243689
70.4 0.244428
70.5 0.245113
70.6 0.245754
70.7 0.246427
70.8 0.247152
70.9 0.24785
71 0.248528
71.1 0.249252
71.2 0.250016
71.3 0.250795
71.4 0.251572
71.5 0.25234
71.6 0.253107
71.7 0.253898
71.8 0.254713
71.9 0.255496
72 0.256272
72.1 0.257089
72.2 0.257913
72.3 0.258747
72.4 0.259588
72.5 0.260462
72.6 0.261349
72.7 0.262247
72.8 0.263148
72.9 0.264024
73 0.264894
73.1 0.265713
73.2 0.26655
73.3 0.26738
73.4 0.268182
73.5 0.268991
73.6 0.269845
73.7 0.270686
73.8 0.27154
73.9 0.272381
74 0.273228
74.1 0.274066
74.2 0.274888
74.3 0.275763
74.4 0.276604
74.5 0.277407
74.6 0.278231
74.7 0.279002
74.8 0.279832
74.9 0.280628
75 0.281372
75.1 0.282132
75.2 0.282864
75.3 0.283622
75.4 0.284314
75.5 0.284963
75.6 0.285565
75.7 0.286134
75.8 0.286701
75.9 0.2873
76 0.287869
76.1 0.288418
76.2 0.289004
76.3 0.28964
76.4 0.290218
76.5 0.290723
76.6 0.291287
76.7 0.291893
76.8 0.292465
76.9 0.292963
77 0.293509
77.1 0.29413
77.2 0.294705
77.3 0.295269
77.4 0.295821
77.5 0.296407
77.6 0.296963
77.7 0.297563
77.8 0.298161
77.9 0.298768
78 0.299414
78.1 0.300026
78.2 0.300621
78.3 0.30126
78.4 0.301817
78.5 0.302323
78.6 0.302926
78.7 0.30346
78.8 0.303999
78.9 0.3045
79 0.304996
79.1 0.305503
79.2 0.306063
79.3 0.306557
79.4 0.307055
79.5 0.307607
79.6 0.308097
79.7 0.308568
79.8 0.308991
79.9 0.309391
80 0.3098
80.1 0.310234
80.2 0.310656
80.3 0.311098
80.4 0.311536
80.5 0.311935
80.6 0.312294
80.7 0.312632
80.8 0.312937
80.9 0.313305
81 0.313646
81.1 0.314005
81.2 0.314331
81.3 0.314643
81.4 0.315018
81.5 0.315364
81.6 0.315656
81.7 0.315965
81.8 0.316268
81.9 0.316554
82 0.316836
82.1 0.317105
82.2 0.317365
82.3 0.317667
82.4 0.317916
82.5 0.318162
82.6 0.318408
82.7 0.318615
82.8 0.318853
82.9 0.319076
83 0.31932
83.1 0.319547
83.2 0.319706
83.3 0.319929
83.4 0.320174
83.5 0.320432
83.6 0.320663
83.7 0.320853
83.8 0.321022
83.9 0.321183
84 0.321332
84.1 0.321493
84.2 0.321674
84.3 0.321861
84.4 0.322041
84.5 0.322254
84.6 0.322437
84.7 0.322619
84.8 0.322785
84.9 0.322911
85 0.323076
85.1 0.323237
85.2 0.323416
85.3 0.323563
85.4 0.323653
85.5 0.323768
85.6 0.323889
85.7 0.324
85.8 0.324089
85.9 0.324153
86 0.324214
86.1 0.324318
86.2 0.324434
86.3 0.32454
86.4 0.324648
86.5 0.324696
86.6 0.324793
86.7 0.32492
86.8 0.325016
86.9 0.325079
87 0.325167
87.1 0.325224
87.2 0.325294
87.3 0.325365
87.4 0.325471
87.5 0.325534
87.6 0.325609
87.7 0.325693
87.8 0.325766
87.9 0.325816
88 0.32591
88.1 0.325943
88.2 0.325998
88.3 0.326058
88.4 0.3261
88.5 0.32616
88.6 0.326219
88.7 0.326216
88.8 0.326242
88.9 0.326262
89 0.326255
89.1 0.326243
89.2 0.326287
89.3 0.326334
89.4 0.326381
89.5 0.32641
89.6 0.326429
89.7 0.326455
89.8 0.326484
89.9 0.326499
90 0.326512
90.1 0.326544
90.2 0.326567
90.3 0.32658
90.4 0.326624
90.5 0.326679
90.6 0.326725
90.7 0.326761
90.8 0.326795
90.9 0.326843
91 0.326885
91.1 0.326904
91.2 0.326949
91.3 0.326967
91.4 0.326991
91.5 0.327063
91.6 0.32709
91.7 0.327126
91.8 0.327151
91.9 0.327173
92 0.327206
92.1 0.327221
92.2 0.327253
92.3 0.327281
92.4 0.327319
92.5 0.327325
92.6 0.327364
92.7 0.327413
92.8 0.327455
92.9 0.327506
93 0.327543
93.1 0.327592
93.2 0.327648
93.3 0.327673
93.4 0.327711
93.5 0.327731
93.6 0.327756
93.7 0.327801
93.8 0.327845
93.9 0.327869
94 0.327887
94.1 0.327919
94.2 0.327961
94.3 0.328021
94.4 0.328061
94.5 0.328084
94.6 0.32813
94.7 0.328154
94.8 0.328188
94.9 0.328213
95 0.328244
95.1 0.328261
95.2 0.328285
95.3 0.328308
95.4 0.328314
95.5 0.328343
95.6 0.328377
95.7 0.328393
95.8 0.328421
95.9 0.328453
96 0.32848
96.1 0.328513
96.2 0.328529
96.3 0.328536
96.4 0.328551
96.5 0.328588
96.6 0.328617
96.7 0.328624
96.8 0.328626
96.9 0.328666
97 0.328689
97.1 0.328706
97.2 0.328731
97.3 0.32876
97.4 0.328786
97.5 0.328793
97.6 0.328828
97.7 0.328859
97.8 0.328884
97.9 0.328902
98 0.328923
98.1 0.328937
98.2 0.32895
98.3 0.328972
98.4 0.32898
98.5 0.32899
98.6 0.328995
98.7 0.329029
98.8 0.329034
98.9 0.329045
99 0.329037
99.1 0.329035
99.2 0.329067
99.3 0.329071
99.4 0.329089
99.5 0.329102
99.6 0.329112
99.7 0.329123
99.8 0.329134
99.9 0.329147
100 0.445753
