48.6576 0.0902545
48.7075 0.240679
48.7573 0.571612
48.8072 1.063
48.8571 1.57444
48.9069 2.34662
48.9568 2.18616
49.0066 2.47698
49.0565 2.38673
49.1063 1.93546
49.1562 1.49421
49.2061 1.13319
49.2559 0.792234
49.3058 0.461301
49.3556 0.330933
49.4055 0.260735
49.4554 0.110311
49.5052 0.140396
49.5551 0.0701979
49.6049 0.0300848
49.6548 0.0100283
49.7047 0.0100283
49.7545 0
49.8044 0.0100283
49.8542 0.0100283
49.9041 0
49.954 0.0100283
50.0038 0
50.0537 0
50.1035 0
50.1534 0
50.2032 0
50.2531 0
50.303 0
50.3528 0
50.4027 0.0100283
50.4525 0.0100283
50.5024 0
50.5523 0
50.6021 0
50.652 0
50.7018 0.0200565
50.7517 0
50.8016 0.0501414
50.8514 0.0300848
50.9013 0.0300848
50.9511 0.0601696
51.001 0.0601696
51.0509 0.0200565
51.1007 0.0200565
