0 0.0846285
0.1 0.0846172
0.2 0.08461
0.3 0.0846034
0.4 0.0845954
0.5 0.0845872
0.6 0.0845777
0.7 0.084568
0.8 0.0845574
0.9 0.0845466
1 0.084535
1.1 0.0845238
1.2 0.0845119
1.3 0.0845
1.4 0.0844868
1.5 0.0844753
1.6 0.0844633
1.7 0.0844494
1.8 0.0844356
1.9 0.0844222
2 0.0844111
2.1 0.0843997
2.2 0.0843888
2.3 0.0843787
2.4 0.0843699
2.5 0.0843598
2.6 0.0843499
2.7 0.0843403
2.8 0.0843289
2.9 0.0843179
3 0.0843084
3.1 0.0842996
3.2 0.0842904
3.3 0.0842785
3.4 0.0842657
3.5 0.0842525
3.6 0.0842383
3.7 0.0842206
3.8 0.0842059
3.9 0.084192
4 0.0841803
4.1 0.0841687
4.2 0.0841593
4.3 0.0841497
4.4 0.0841418
4.5 0.0841389
4.6 0.0841353
4.7 0.0841347
4.8 0.084137
4.9 0.0841381
5 0.0841415
5.1 0.084147
5.2 0.0841569
5.3 0.0841663
5.4 0.0841757
5.5 0.0841815
5.6 0.0841871
5.7 0.0841944
5.8 0.0842044
5.9 0.0842129
6 0.0842246
6.1 0.0842369
6.2 0.0842495
6.3 0.0842652
6.4 0.0842836
6.5 0.0843057
6.6 0.0843274
6.7 0.0843496
6.8 0.0843681
6.9 0.0843873
7 0.0844073
7.1 0.0844261
7.2 0.0844453
7.3 0.0844638
7.4 0.0844803
7.5 0.0845
7.6 0.084523
7.7 0.0845451
7.8 0.0845679
7.9 0.0845905
8 0.0846154
8.1 0.0846433
8.2 0.0846719
8.3 0.0847
8.4 0.0847284
8.5 0.0847577
8.6 0.0847872
8.7 0.084814
8.8 0.0848432
8.9 0.0848724
9 0.084906
9.1 0.0849414
9.2 0.0849812
9.3 0.085025
9.4 0.0850752
9.5 0.085122
9.6 0.0851648
9.7 0.0852083
9.8 0.0852578
9.9 0.0853101
10 0.0853591
10.1 0.0854079
10.2 0.0854575
10.3 0.0855105
10.4 0.0855637
10.5 0.0856209
10.6 0.0856801
10.7 0.0857387
10.8 0.085799
10.9 0.0858571
11 0.0859178
11.1 0.0859809
11.2 0.0860418
11.3 0.0861046
11.4 0.0861687
11.5 0.0862353
11.6 0.086305
11.7 0.0863745
11.8 0.0864432
11.9 0.0865101
12 0.0865817
12.1 0.0866545
12.2 0.0867245
12.3 0.0867988
12.4 0.0868763
12.5 0.0869512
12.6 0.0870305
12.7 0.0871133
12.8 0.0871951
12.9 0.0872728
13 0.0873537
13.1 0.0874319
13.2 0.0875158
13.3 0.0875979
13.4 0.0876771
13.5 0.0877621
13.6 0.087847
13.7 0.0879278
13.8 0.0880086
13.9 0.0880971
14 0.0881863
14.1 0.0882775
14.2 0.0883684
14.3 0.0884609
14.4 0.0885535
14.5 0.0886426
14.6 0.0887376
14.7 0.0888403
14.8 0.0889391
14.9 0.0890446
15 0.0891529
15.1 0.089266
15.2 0.0893783
15.3 0.0894967
15.4 0.0896098
15.5 0.0897261
15.6 0.0898484
15.7 0.0899725
15.8 0.0901021
15.9 0.0902348
16 0.0903654
16.1 0.090493
16.2 0.0906237
16.3 0.0907593
16.4 0.0908978
16.5 0.0910327
16.6 0.0911723
16.7 0.0913081
16.8 0.0914414
16.9 0.091583
17 0.091724
17.1 0.0918685
17.2 0.0920143
17.3 0.0921615
17.4 0.0923071
17.5 0.0924484
17.6 0.0925882
17.7 0.0927302
17.8 0.0928758
17.9 0.0930242
18 0.0931621
18.1 0.0933038
18.2 0.0934567
18.3 0.0936075
18.4 0.093751
18.5 0.0938938
18.6 0.0940502
18.7 0.0941999
18.8 0.0943483
18.9 0.0945064
19 0.0946614
19.1 0.0948237
19.2 0.0949872
19.3 0.0951508
19.4 0.0953196
19.5 0.0954855
19.6 0.0956593
19.7 0.0958322
19.8 0.0960022
19.9 0.0961801
20 0.0963604
20.1 0.0965367
20.2 0.0967092
20.3 0.0968863
20.4 0.0970622
20.5 0.0972426
20.6 0.0974174
20.7 0.097583
20.8 0.0977536
20.9 0.0979288
21 0.0981112
21.1 0.0982928
21.2 0.0984673
21.3 0.0986388
21.4 0.0988148
21.5 0.0989964
21.6 0.0991804
21.7 0.0993635
21.8 0.0995364
21.9 0.0997097
22 0.0998852
22.1 0.100065
22.2 0.100239
22.3 0.100415
22.4 0.100599
22.5 0.100787
22.6 0.10098
22.7 0.101175
22.8 0.101369
22.9 0.101566
23 0.101761
23.1 0.101961
23.2 0.102176
23.3 0.102394
23.4 0.102606
23.5 0.102823
23.6 0.103038
23.7 0.103253
23.8 0.103473
23.9 0.103691
24 0.103922
24.1 0.104154
24.2 0.104393
24.3 0.104626
24.4 0.104861
24.5 0.105104
24.6 0.105343
24.7 0.105586
24.8 0.105838
24.9 0.106092
25 0.106345
25.1 0.106601
25.2 0.106855
25.3 0.107114
25.4 0.107369
25.5 0.107625
25.6 0.107885
25.7 0.108147
25.8 0.1084
25.9 0.108658
26 0.108912
26.1 0.109174
26.2 0.109443
26.3 0.109715
26.4 0.109985
26.5 0.110253
26.6 0.110518
26.7 0.110793
26.8 0.111081
26.9 0.111365
27 0.111638
27.1 0.111918
27.2 0.112188
27.3 0.112464
27.4 0.112742
27.5 0.113021
27.6 0.113296
27.7 0.113577
27.8 0.113862
27.9 0.114155
28 0.114446
28.1 0.114739
28.2 0.115038
28.3 0.115338
28.4 0.115644
28.5 0.115938
28.6 0.116221
28.7 0.11651
28.8 0.116805
28.9 0.1171
29 0.117396
29.1 0.117695
29.2 0.117996
29.3 0.118298
29.4 0.118599
29.5 0.118892
29.6 0.119191
29.7 0.119496
29.8 0.119795
29.9 0.120114
30 0.120429
30.1 0.12074
30.2 0.121054
30.3 0.121357
30.4 0.121658
30.5 0.12197
30.6 0.12227
30.7 0.122576
30.8 0.122879
30.9 0.123191
31 0.123505
31.1 0.12381
31.2 0.124111
31.3 0.124413
31.4 0.124707
31.5 0.125002
31.6 0.125295
31.7 0.1256
31.8 0.125914
31.9 0.126237
32 0.12657
32.1 0.126901
32.2 0.127234
32.3 0.127576
32.4 0.127918
32.5 0.128258
32.6 0.128606
32.7 0.128952
32.8 0.129306
32.9 0.129654
33 0.130006
33.1 0.130369
33.2 0.130735
33.3 0.131111
33.4 0.131482
33.5 0.131863
33.6 0.132254
33.7 0.132633
33.8 0.133019
33.9 0.133415
34 0.1338
34.1 0.134183
34.2 0.134571
34.3 0.13497
34.4 0.135363
34.5 0.135763
34.6 0.136165
34.7 0.13657
34.8 0.136968
34.9 0.137367
35 0.137776
35.1 0.138185
35.2 0.138596
35.3 0.139011
35.4 0.139431
35.5 0.139858
35.6 0.140291
35.7 0.140723
35.8 0.141167
35.9 0.141611
36 0.142062
36.1 0.142503
36.2 0.142961
36.3 0.143415
36.4 0.143897
36.5 0.144376
36.6 0.14485
36.7 0.145336
36.8 0.145815
36.9 0.146312
37 0.146807
37.1 0.147302
37.2 0.147796
37.3 0.14831
37.4 0.148824
37.5 0.149347
37.6 0.149875
37.7 0.150409
37.8 0.150947
37.9 0.151466
38 0.152
38.1 0.152521
38.2 0.153059
38.3 0.153608
38.4 0.154143
38.5 0.154682
38.6 0.155235
38.7 0.155792
38.8 0.156338
38.9 0.156898
39 0.157452
39.1 0.15801
39.2 0.15858
39.3 0.159147
39.4 0.159725
39.5 0.160298
39.6 0.160864
39.7 0.161459
39.8 0.162063
39.9 0.162676
40 0.163279
40.1 0.163908
40.2 0.164535
40.3 0.165175
40.4 0.165818
40.5 0.166474
40.6 0.167129
40.7 0.167803
40.8 0.168468
40.9 0.169127
41 0.169768
41.1 0.170432
41.2 0.171107
41.3 0.17179
41.4 0.172497
41.5 0.173198
41.6 0.17391
41.7 0.174626
41.8 0.175356
41.9 0.1761
42 0.176867
42.1 0.177646
42.2 0.178431
42.3 0.179229
42.4 0.180013
42.5 0.180803
42.6 0.181592
42.7 0.18237
42.8 0.183162
42.9 0.183979
43 0.184793
43.1 0.185624
43.2 0.186462
43.3 0.187288
43.4 0.188136
43.5 0.188995
43.6 0.189843
43.7 0.190708
43.8 0.191579
43.9 0.192467
44 0.193381
44.1 0.194296
44.2 0.195213
44.3 0.196134
44.4 0.197052
44.5 0.197996
44.6 0.198956
44.7 0.199929
44.8 0.200904
44.9 0.201874
45 0.202841
45.1 0.203816
45.2 0.204822
45.3 0.205811
45.4 0.206814
45.5 0.207853
45.6 0.208886
45.7 0.209934
45.8 0.210986
45.9 0.212049
46 0.213106
46.1 0.214177
46.2 0.215249
46.3 0.216311
46.4 0.217411
46.5 0.218509
46.6 0.21964
46.7 0.220773
46.8 0.221883
46.9 0.223014
47 0.224164
47.1 0.225345
47.2 0.226569
47.3 0.227771
47.4 0.228979
47.5 0.230224
47.6 0.231496
47.7 0.232749
47.8 0.234023
47.9 0.235311
48 0.236611
48.1 0.237901
48.2 0.239216
48.3 0.240559
48.4 0.241937
48.5 0.243286
48.6 0.244664
48.7 0.246061
48.8 0.247447
48.9 0.248865
49 0.250306
49.1 0.251742
49.2 0.253183
49.3 0.2547
49.4 0.256177
49.5 0.257697
49.6 0.25921
49.7 0.260736
49.8 0.262287
49.9 0.263853
50 0.265457
50.1 0.267074
50.2 0.268684
50.3 0.270291
50.4 0.271938
50.5 0.273614
50.6 0.275301
50.7 0.277001
50.8 0.278711
50.9 0.280427
51 0.282177
51.1 0.283936
51.2 0.285676
51.3 0.287444
51.4 0.289189
51.5 0.290988
51.6 0.292777
51.7 0.294595
51.8 0.296413
51.9 0.298292
52 0.300151
52.1 0.302042
52.2 0.303953
52.3 0.305897
52.4 0.307778
52.5 0.309656
52.6 0.311537
52.7 0.313422
52.8 0.315279
52.9 0.317179
53 0.319074
53.1 0.320998
53.2 0.322967
53.3 0.324921
53.4 0.326908
53.5 0.328875
53.6 0.330894
53.7 0.332911
53.8 0.334939
53.9 0.336986
54 0.339045
54.1 0.3411
54.2 0.34318
54.3 0.345255
54.4 0.34738
54.5 0.349496
54.6 0.351635
54.7 0.353791
54.8 0.355915
54.9 0.358026
55 0.360122
55.1 0.362196
55.2 0.364266
55.3 0.366391
55.4 0.368519
55.5 0.370672
55.6 0.372823
55.7 0.374984
55.8 0.377118
55.9 0.379179
56 0.381219
56.1 0.383306
56.2 0.385393
56.3 0.387409
56.4 0.389422
56.5 0.391424
56.6 0.393441
56.7 0.395466
56.8 0.397492
56.9 0.399451
57 0.401379
57.1 0.403321
57.2 0.40523
57.3 0.407144
57.4 0.409054
57.5 0.410969
57.6 0.412874
57.7 0.414739
57.8 0.416556
57.9 0.4184
58 0.42022
58.1 0.421997
58.2 0.423734
58.3 0.425469
58.4 0.427238
58.5 0.428947
58.6 0.430648
58.7 0.432344
58.8 0.434016
58.9 0.435665
59 0.437331
59.1 0.438964
59.2 0.440621
59.3 0.442221
59.4 0.443844
59.5 0.445389
59.6 0.446957
59.7 0.44852
59.8 0.450067
59.9 0.451608
60 0.453098
60.1 0.454543
60.2 0.45595
60.3 0.457317
60.4 0.458662
60.5 0.460021
60.6 0.461388
60.7 0.462767
60.8 0.464094
60.9 0.465379
61 0.466686
61.1 0.46799
61.2 0.469248
61.3 0.470472
61.4 0.471741
61.5 0.473072
61.6 0.47441
61.7 0.475744
61.8 0.47708
61.9 0.478423
62 0.479749
62.1 0.481082
62.2 0.482438
62.3 0.483706
62.4 0.484971
62.5 0.486225
62.6 0.487432
62.7 0.48863
62.8 0.489732
62.9 0.490848
63 0.491983
63.1 0.49309
63.2 0.494233
63.3 0.495401
63.4 0.496533
63.5 0.497673
63.6 0.498757
63.7 0.499834
63.8 0.500931
63.9 0.502016
64 0.503073
64.1 0.504114
64.2 0.505148
64.3 0.506153
64.4 0.507112
64.5 0.508077
64.6 0.509065
64.7 0.510065
64.8 0.511102
64.9 0.512114
65 0.513128
65.1 0.514133
65.2 0.515094
65.3 0.516076
65.4 0.517097
65.5 0.51807
65.6 0.519069
65.7 0.520025
65.8 0.520975
65.9 0.521853
66 0.522714
66.1 0.523535
66.2 0.524326
66.3 0.525133
66.4 0.525877
66.5 0.526633
66.6 0.527397
66.7 0.528175
66.8 0.52893
66.9 0.529636
67 0.530378
67.1 0.531081
67.2 0.531804
67.3 0.532539
67.4 0.53324
67.5 0.533996
67.6 0.534771
67.7 0.535529
67.8 0.536291
67.9 0.537056
68 0.53778
68.1 0.538521
68.2 0.53926
68.3 0.539974
68.4 0.540716
68.5 0.541495
68.6 0.542247
68.7 0.542996
68.8 0.543693
68.9 0.544399
69 0.545115
69.1 0.545838
69.2 0.546536
69.3 0.547207
69.4 0.547864
69.5 0.548502
69.6 0.549128
69.7 0.549765
69.8 0.550435
69.9 0.5511
70 0.551795
70.1 0.552487
70.2 0.553144
70.3 0.553784
70.4 0.554449
70.5 0.55515
70.6 0.555844
70.7 0.556564
70.8 0.557254
70.9 0.557949
71 0.558664
71.1 0.559411
71.2 0.560183
71.3 0.560899
71.4 0.561656
71.5 0.562451
71.6 0.563273
71.7 0.564059
71.8 0.564912
71.9 0.565713
72 0.566525
72.1 0.567266
72.2 0.567953
72.3 0.568611
72.4 0.569353
72.5 0.570011
72.6 0.570684
72.7 0.571332
72.8 0.571958
72.9 0.572647
73 0.573352
73.1 0.574086
73.2 0.574793
73.3 0.575475
73.4 0.576203
73.5 0.576947
73.6 0.577694
73.7 0.578464
73.8 0.579218
73.9 0.580012
74 0.580785
74.1 0.581505
74.2 0.582211
74.3 0.582952
74.4 0.583699
74.5 0.584497
74.6 0.585343
74.7 0.586186
74.8 0.587055
74.9 0.587935
75 0.588825
75.1 0.589715
75.2 0.590517
75.3 0.591349
75.4 0.592213
75.5 0.593073
75.6 0.593911
75.7 0.594661
75.8 0.595469
75.9 0.596235
76 0.597039
76.1 0.597802
76.2 0.598494
76.3 0.599215
76.4 0.599981
76.5 0.600747
76.6 0.601497
76.7 0.602227
76.8 0.602956
76.9 0.603644
77 0.604471
77.1 0.605322
77.2 0.606167
77.3 0.606896
77.4 0.607639
77.5 0.608345
77.6 0.60911
77.7 0.609931
77.8 0.610761
77.9 0.611694
78 0.612635
78.1 0.61356
78.2 0.614538
78.3 0.615556
78.4 0.616512
78.5 0.617408
78.6 0.618303
78.7 0.619213
78.8 0.62018
78.9 0.621156
79 0.622162
79.1 0.623222
79.2 0.624257
79.3 0.625245
79.4 0.626208
79.5 0.627255
79.6 0.628267
79.7 0.629189
79.8 0.630236
79.9 0.631313
80 0.632475
80.1 0.633577
80.2 0.634728
80.3 0.635868
80.4 0.636893
80.5 0.637902
80.6 0.639089
80.7 0.640236
80.8 0.641358
80.9 0.642399
81 0.643354
81.1 0.644225
81.2 0.645032
81.3 0.645896
81.4 0.64672
81.5 0.647458
81.6 0.648095
81.7 0.64872
81.8 0.649351
81.9 0.650039
82 0.650728
82.1 0.65134
82.2 0.65203
82.3 0.652744
82.4 0.653367
82.5 0.654075
82.6 0.654716
82.7 0.65534
82.8 0.655915
82.9 0.656427
83 0.656788
83.1 0.657342
83.2 0.657901
83.3 0.658419
83.4 0.658907
83.5 0.659375
83.6 0.659883
83.7 0.660437
83.8 0.660814
83.9 0.661279
84 0.661744
84.1 0.662151
84.2 0.66254
84.3 0.662829
84.4 0.66312
84.5 0.663355
84.6 0.663777
84.7 0.664044
84.8 0.664301
84.9 0.664569
85 0.664814
85.1 0.665003
85.2 0.665171
85.3 0.665336
85.4 0.665479
85.5 0.665581
85.6 0.665769
85.7 0.665957
85.8 0.666143
85.9 0.666222
86 0.666432
86.1 0.666541
86.2 0.666709
86.3 0.666847
86.4 0.666963
86.5 0.667111
86.6 0.667278
86.7 0.667346
86.8 0.667468
86.9 0.667616
87 0.667734
87.1 0.6679
87.2 0.66805
87.3 0.668176
87.4 0.668271
87.5 0.668293
87.6 0.668322
87.7 0.668359
87.8 0.668351
87.9 0.668415
88 0.668487
88.1 0.668531
88.2 0.668575
88.3 0.668655
88.4 0.668731
88.5 0.668792
88.6 0.668871
88.7 0.668948
88.8 0.669028
88.9 0.669111
89 0.66916
89.1 0.669229
89.2 0.669305
89.3 0.669381
89.4 0.669344
89.5 0.669329
89.6 0.66935
89.7 0.669354
89.8 0.669387
89.9 0.669389
90 0.669435
90.1 0.66948
90.2 0.669528
90.3 0.669575
90.4 0.669584
90.5 0.669603
90.6 0.669554
90.7 0.669565
90.8 0.669632
90.9 0.669713
91 0.669761
91.1 0.669781
91.2 0.669809
91.3 0.669846
91.4 0.669856
91.5 0.669878
91.6 0.669838
91.7 0.669841
91.8 0.669891
91.9 0.669955
92 0.67001
92.1 0.670074
92.2 0.670117
92.3 0.670119
92.4 0.670143
92.5 0.670159
92.6 0.670222
92.7 0.670263
92.8 0.670254
92.9 0.670273
93 0.670278
93.1 0.670297
93.2 0.670343
93.3 0.670331
93.4 0.670304
93.5 0.670333
93.6 0.670382
93.7 0.670439
93.8 0.670447
93.9 0.670445
94 0.670459
94.1 0.670465
94.2 0.670424
94.3 0.670433
94.4 0.670411
94.5 0.670433
94.6 0.670433
94.7 0.670409
94.8 0.670424
94.9 0.670413
95 0.670428
95.1 0.670443
95.2 0.670435
95.3 0.670419
95.4 0.670433
95.5 0.670431
95.6 0.670421
95.7 0.670412
95.8 0.670407
95.9 0.670409
96 0.670392
96.1 0.670382
96.2 0.6704
96.3 0.670399
96.4 0.67041
96.5 0.670413
96.6 0.67042
96.7 0.670414
96.8 0.670415
96.9 0.670421
97 0.670411
97.1 0.670407
97.2 0.67041
97.3 0.670402
97.4 0.6704
97.5 0.670411
97.6 0.670404
97.7 0.67038
97.8 0.670362
97.9 0.670366
98 0.67037
98.1 0.670355
98.2 0.67034
98.3 0.670329
98.4 0.670316
98.5 0.670316
98.6 0.67032
98.7 0.670317
98.8 0.670304
98.9 0.670311
99 0.670313
99.1 0.670303
99.2 0.670299
99.3 0.670293
99.4 0.67029
99.5 0.670284
99.6 0.670288
99.7 0.67029
99.8 0.670301
99.9 0.670321
100 0.812016
