0 0
0.1 1.0302
0.2 1.03041
0.3 1.03062
0.4 1.0308
0.5 1.03098
0.6 1.03114
0.7 1.03126
0.8 1.0314
0.9 1.03155
1 1.03169
1.1 1.03186
1.2 1.03203
1.3 1.03217
1.4 1.03232
1.5 1.03248
1.6 1.03264
1.7 1.03277
1.8 1.03291
1.9 1.03311
2 1.03328
2.1 1.03346
2.2 1.03364
2.3 1.0338
2.4 1.03395
2.5 1.03413
2.6 1.03429
2.7 1.03445
2.8 1.03462
2.9 1.03473
3 1.03487
3.1 1.03505
3.2 1.03524
3.3 1.03541
3.4 1.03558
3.5 1.03576
3.6 1.03593
3.7 1.03611
3.8 1.03624
3.9 1.03642
4 1.03662
4.1 1.03679
4.2 1.03697
4.3 1.03717
4.4 1.03733
4.5 1.03749
4.6 1.03768
4.7 1.03781
4.8 1.03792
4.9 1.03809
5 1.03823
5.1 1.03843
5.2 1.03862
5.3 1.03881
5.4 1.03897
5.5 1.03911
5.6 1.03927
5.7 1.03944
5.8 1.03954
5.9 1.03972
6 1.03992
6.1 1.04008
6.2 1.04027
6.3 1.04047
6.4 1.04064
6.5 1.04084
6.6 1.04095
6.7 1.04113
6.8 1.04131
6.9 1.04143
7 1.0416
7.1 1.04177
7.2 1.0419
7.3 1.0419
7.4 1.0418
7.5 1.04168
7.6 1.04156
7.7 1.04144
7.8 1.04134
7.9 1.04125
8 1.04113
8.1 1.04102
8.2 1.0409
8.3 1.04079
8.4 1.04068
8.5 1.04058
8.6 1.04046
8.7 1.04033
8.8 1.04022
8.9 1.04012
9 1.04001
9.1 1.03989
9.2 1.03982
9.3 1.03971
9.4 1.0396
9.5 1.03947
9.6 1.03935
9.7 1.03923
9.8 1.03911
9.9 1.039
10 1.03889
10.1 1.03878
10.2 1.03866
10.3 1.03855
10.4 1.03843
10.5 1.03831
10.6 1.0382
10.7 1.03809
10.8 1.03796
10.9 1.03783
11 1.03772
11.1 1.03761
11.2 1.03749
11.3 1.03737
11.4 1.03725
11.5 1.03713
11.6 1.03701
11.7 1.0369
11.8 1.03678
11.9 1.03667
12 1.03656
12.1 1.03644
12.2 1.03634
12.3 1.03622
12.4 1.03613
12.5 1.03605
12.6 1.03594
12.7 1.03584
12.8 1.03571
12.9 1.03559
13 1.03548
13.1 1.03535
13.2 1.03523
13.3 1.03512
13.4 1.03501
13.5 1.03488
13.6 1.03476
13.7 1.03463
13.8 1.03451
13.9 1.0344
14 1.03429
14.1 1.03416
14.2 1.03403
14.3 1.03391
14.4 1.03381
14.5 1.03372
14.6 1.0336
14.7 1.03347
14.8 1.03335
14.9 1.03324
15 1.03311
15.1 1.03299
15.2 1.03287
15.3 1.03276
15.4 1.03265
15.5 1.03254
15.6 1.03244
15.7 1.03232
15.8 1.0322
15.9 1.03207
16 1.03196
16.1 1.03183
16.2 1.03173
16.3 1.03161
16.4 1.03148
16.5 1.03136
16.6 1.03124
16.7 1.03112
16.8 1.03098
16.9 1.03086
17 1.03075
17.1 1.03063
17.2 1.03052
17.3 1.03041
17.4 1.0303
17.5 1.03018
17.6 1.03007
17.7 1.02995
17.8 1.02985
17.9 1.02972
18 1.02958
18.1 1.02949
18.2 1.02941
18.3 1.02934
18.4 1.02922
18.5 1.02909
18.6 1.02896
18.7 1.02884
18.8 1.02872
18.9 1.0286
19 1.02846
19.1 1.02834
19.2 1.02821
19.3 1.02808
19.4 1.02798
19.5 1.02786
19.6 1.02773
19.7 1.02759
19.8 1.02745
19.9 1.02734
20 1.02727
20.1 1.0272
20.2 1.02708
20.3 1.02697
20.4 1.02685
20.5 1.02673
20.6 1.0266
20.7 1.02649
20.8 1.02635
20.9 1.02622
21 1.02608
21.1 1.02597
21.2 1.02584
21.3 1.02571
21.4 1.02559
21.5 1.02545
21.6 1.02534
21.7 1.02523
21.8 1.02512
21.9 1.025
22 1.0249
22.1 1.02477
22.2 1.02464
22.3 1.02451
22.4 1.02439
22.5 1.02429
22.6 1.02419
22.7 1.02409
22.8 1.02399
22.9 1.02391
23 1.02383
23.1 1.02371
23.2 1.0236
23.3 1.02348
23.4 1.02338
23.5 1.02325
23.6 1.02314
23.7 1.02301
23.8 1.02288
23.9 1.02277
24 1.02266
24.1 1.02253
24.2 1.02241
24.3 1.02229
24.4 1.02217
24.5 1.02204
24.6 1.0219
24.7 1.02181
24.8 1.02169
24.9 1.02158
25 1.02145
25.1 1.02134
25.2 1.02122
25.3 1.02108
25.4 1.02095
25.5 1.02083
25.6 1.0207
25.7 1.02058
25.8 1.02047
25.9 1.02034
26 1.02022
26.1 1.0201
26.2 1.01998
26.3 1.01986
26.4 1.01974
26.5 1.01963
26.6 1.0195
26.7 1.01939
26.8 1.01927
26.9 1.01916
27 1.01904
27.1 1.01894
27.2 1.01879
27.3 1.01867
27.4 1.01854
27.5 1.01843
27.6 1.01831
27.7 1.0182
27.8 1.01809
27.9 1.018
28 1.01786
28.1 1.01774
28.2 1.01761
28.3 1.01749
28.4 1.01738
28.5 1.01729
28.6 1.01717
28.7 1.01707
28.8 1.01696
28.9 1.01685
29 1.01675
29.1 1.01663
29.2 1.01649
29.3 1.01638
29.4 1.01623
29.5 1.01612
29.6 1.01599
29.7 1.01592
29.8 1.01584
29.9 1.01571
30 1.01557
30.1 1.01544
30.2 1.01535
30.3 1.01521
30.4 1.0151
30.5 1.01498
30.6 1.01487
30.7 1.01477
30.8 1.01463
30.9 1.01452
31 1.01441
31.1 1.0143
31.2 1.01421
31.3 1.01413
31.4 1.01402
31.5 1.0139
31.6 1.01377
31.7 1.01365
31.8 1.01354
31.9 1.01342
32 1.01329
32.1 1.01319
32.2 1.01308
32.3 1.01298
32.4 1.01289
32.5 1.01279
32.6 1.01269
32.7 1.01261
32.8 1.0125
32.9 1.0124
33 1.01229
33.1 1.01218
33.2 1.01207
33.3 1.01198
33.4 1.01188
33.5 1.01174
33.6 1.01162
33.7 1.01151
33.8 1.01139
33.9 1.01128
34 1.01116
34.1 1.01108
34.2 1.01099
34.3 1.01089
34.4 1.0108
34.5 1.01069
34.6 1.0106
34.7 1.01047
34.8 1.01036
34.9 1.01026
35 1.01016
35.1 1.01007
35.2 1.00996
35.3 1.00987
35.4 1.00978
35.5 1.00967
35.6 1.00956
35.7 1.00946
35.8 1.00937
35.9 1.00925
36 1.00916
36.1 1.00906
36.2 1.00897
36.3 1.00886
36.4 1.00876
36.5 1.00865
36.6 1.00856
36.7 1.00842
36.8 1.00832
36.9 1.00821
37 1.00811
37.1 1.00799
37.2 1.00788
37.3 1.00777
37.4 1.00766
37.5 1.00758
37.6 1.00746
37.7 1.00735
37.8 1.00723
37.9 1.00711
38 1.00698
38.1 1.00688
38.2 1.00678
38.3 1.00666
38.4 1.00656
38.5 1.00648
38.6 1.00639
38.7 1.00628
38.8 1.00616
38.9 1.00606
39 1.00596
39.1 1.00586
39.2 1.00573
39.3 1.00563
39.4 1.00554
39.5 1.00543
39.6 1.00534
39.7 1.00525
39.8 1.00516
39.9 1.00504
40 1.00493
40.1 1.00484
40.2 1.00473
40.3 1.00462
40.4 1.0045
40.5 1.00437
40.6 1.00429
40.7 1.0042
40.8 1.00411
40.9 1.00403
41 1.00394
41.1 1.00384
41.2 1.00374
41.3 1.00368
41.4 1.00359
41.5 1.0035
41.6 1.00346
41.7 1.00337
41.8 1.00327
41.9 1.00315
42 1.00306
42.1 1.00297
42.2 1.00289
42.3 1.00281
42.4 1.00273
42.5 1.00262
42.6 1.00252
42.7 1.00243
42.8 1.00232
42.9 1.00223
43 1.00212
43.1 1.00205
43.2 1.00195
43.3 1.00185
43.4 1.00178
43.5 1.00168
43.6 1.00158
43.7 1.00148
43.8 1.00141
43.9 1.00135
44 1.00127
44.1 1.00117
44.2 1.00108
44.3 1.00097
44.4 1.00086
44.5 1.00075
44.6 1.00066
44.7 1.00058
44.8 1.00048
44.9 1.00039
45 1.00031
45.1 1.0002
45.2 1.00013
45.3 1.00006
45.4 0.999988
45.5 0.999931
45.6 0.999872
45.7 0.999818
45.8 0.999727
45.9 0.999634
46 0.999538
46.1 0.999447
46.2 0.99937
46.3 0.999306
46.4 0.99924
46.5 0.999139
46.6 0.999046
46.7 0.998974
46.8 0.998888
46.9 0.9988
47 0.998711
47.1 0.998626
47.2 0.998564
47.3 0.998491
47.4 0.998439
47.5 0.998374
47.6 0.998311
47.7 0.998239
47.8 0.998198
47.9 0.99815
48 0.998079
48.1 0.99803
48.2 0.997945
48.3 0.997828
48.4 0.997778
48.5 0.997691
48.6 0.997633
48.7 0.997587
48.8 0.99754
48.9 0.997496
49 0.997417
49.1 0.997346
49.2 0.997316
49.3 0.997224
49.4 0.997135
49.5 0.997066
49.6 0.997
49.7 0.99694
49.8 0.996864
49.9 0.99681
50 0.996757
50.1 0.996755
50.2 0.996776
50.3 0.996783
50.4 0.99679
50.5 0.996806
50.6 0.996818
50.7 0.996835
50.8 0.996851
50.9 0.99683
51 0.996844
51.1 0.996865
51.2 0.996885
51.3 0.996904
51.4 0.996917
51.5 0.996937
51.6 0.996947
51.7 0.996964
51.8 0.996966
51.9 0.996986
52 0.997
52.1 0.997008
52.2 0.997021
52.3 0.997038
52.4 0.997054
52.5 0.997056
52.6 0.997053
52.7 0.997062
52.8 0.997069
52.9 0.997074
53 0.997078
53.1 0.997094
53.2 0.997095
53.3 0.997101
53.4 0.997108
53.5 0.997106
53.6 0.997119
53.7 0.997103
53.8 0.997099
53.9 0.997102
54 0.997098
54.1 0.997049
54.2 0.996976
54.3 0.996908
54.4 0.996864
54.5 0.996792
54.6 0.996728
54.7 0.996682
54.8 0.996631
54.9 0.996581
55 0.996559
55.1 0.996484
55.2 0.996428
55.3 0.996361
55.4 0.996304
55.5 0.996272
55.6 0.996229
55.7 0.996182
55.8 0.996131
55.9 0.996068
56 0.996009
56.1 0.995967
56.2 0.995904
56.3 0.995825
56.4 0.995776
56.5 0.995711
56.6 0.995656
56.7 0.995589
56.8 0.995547
56.9 0.995498
57 0.995439
57.1 0.995378
57.2 0.995338
57.3 0.995286
57.4 0.995228
57.5 0.995186
57.6 0.995134
57.7 0.99507
57.8 0.99502
57.9 0.994962
58 0.994899
58.1 0.994844
58.2 0.994785
58.3 0.994724
58.4 0.994687
58.5 0.99461
58.6 0.994545
58.7 0.994476
58.8 0.994421
58.9 0.994354
59 0.994305
59.1 0.994248
59.2 0.994232
59.3 0.994195
59.4 0.994149
59.5 0.994084
59.6 0.994039
59.7 0.993989
59.8 0.993956
59.9 0.993913
60 0.993853
60.1 0.993815
60.2 0.99379
60.3 0.993776
60.4 0.993745
60.5 0.9937
60.6 0.99366
60.7 0.993628
60.8 0.993595
60.9 0.993541
61 0.993487
61.1 0.993457
61.2 0.993397
61.3 0.993334
61.4 0.993285
61.5 0.993253
61.6 0.993228
61.7 0.993172
61.8 0.993122
61.9 0.993089
62 0.993017
62.1 0.992959
62.2 0.992916
62.3 0.992876
62.4 0.992844
62.5 0.992798
62.6 0.992752
62.7 0.992713
62.8 0.992693
62.9 0.992644
63 0.992607
63.1 0.992562
63.2 0.992514
63.3 0.992471
63.4 0.992435
63.5 0.992381
63.6 0.992336
63.7 0.992309
63.8 0.992292
63.9 0.99224
64 0.992198
64.1 0.992151
64.2 0.99211
64.3 0.992091
64.4 0.992058
64.5 0.992039
64.6 0.992012
64.7 0.99198
64.8 0.991952
64.9 0.991922
65 0.99189
65.1 0.991855
65.2 0.991831
65.3 0.991793
65.4 0.991765
65.5 0.991749
65.6 0.99171
65.7 0.991698
65.8 0.991668
65.9 0.991639
66 0.991587
66.1 0.991531
66.2 0.991466
66.3 0.991402
66.4 0.991355
66.5 0.991314
66.6 0.991269
66.7 0.991216
66.8 0.991163
66.9 0.991139
67 0.99109
67.1 0.991078
67.2 0.991052
67.3 0.991014
67.4 0.990962
67.5 0.990925
67.6 0.990906
67.7 0.990885
67.8 0.990861
67.9 0.990828
68 0.990788
68.1 0.990745
68.2 0.99072
68.3 0.990697
68.4 0.990649
68.5 0.990608
68.6 0.990588
68.7 0.990534
68.8 0.990482
68.9 0.990456
69 0.990419
69.1 0.990399
69.2 0.990358
69.3 0.990335
69.4 0.990323
69.5 0.990289
69.6 0.99026
69.7 0.990196
69.8 0.990165
69.9 0.990142
70 0.990119
70.1 0.99009
70.2 0.990055
70.3 0.990005
70.4 0.989974
70.5 0.989947
70.6 0.98993
70.7 0.989905
70.8 0.989879
70.9 0.989859
71 0.989828
71.1 0.989794
71.2 0.989782
71.3 0.989769
71.4 0.98975
71.5 0.989737
71.6 0.989701
71.7 0.989667
71.8 0.989633
71.9 0.989583
72 0.989539
72.1 0.989505
72.2 0.989462
72.3 0.989436
72.4 0.989402
72.5 0.989364
72.6 0.989335
72.7 0.989326
72.8 0.989302
72.9 0.989265
73 0.989244
73.1 0.989223
73.2 0.989188
73.3 0.989172
73.4 0.989128
73.5 0.98911
73.6 0.98909
73.7 0.989085
73.8 0.989062
73.9 0.989036
74 0.989004
74.1 0.988964
74.2 0.988946
74.3 0.988928
74.4 0.988914
74.5 0.98889
74.6 0.988853
74.7 0.988821
74.8 0.988792
74.9 0.988778
75 0.988736
75.1 0.988721
75.2 0.988698
75.3 0.988669
75.4 0.988639
75.5 0.988623
75.6 0.9886
75.7 0.988579
75.8 0.988573
75.9 0.988572
76 0.988572
76.1 0.988564
76.2 0.988551
76.3 0.988546
76.4 0.988523
76.5 0.988515
76.6 0.988494
76.7 0.988464
76.8 0.988449
76.9 0.98844
77 0.988434
77.1 0.988424
77.2 0.988394
77.3 0.988359
77.4 0.98834
77.5 0.988329
77.6 0.988292
77.7 0.988269
77.8 0.988234
77.9 0.988216
78 0.98821
78.1 0.988195
78.2 0.988182
78.3 0.988169
78.4 0.988139
78.5 0.988108
78.6 0.988076
78.7 0.988048
78.8 0.988018
78.9 0.988009
79 0.98797
79.1 0.987958
79.2 0.987941
79.3 0.987917
79.4 0.987883
79.5 0.987859
79.6 0.987833
79.7 0.987812
79.8 0.987796
79.9 0.987765
80 0.987738
80.1 0.987719
80.2 0.987698
80.3 0.987664
80.4 0.987639
80.5 0.98762
80.6 0.987603
80.7 0.987594
80.8 0.987575
80.9 0.987551
81 0.987523
81.1 0.987506
81.2 0.98749
81.3 0.987476
81.4 0.98745
81.5 0.987428
81.6 0.987426
81.7 0.987412
81.8 0.987396
81.9 0.987387
82 0.987381
82.1 0.987379
82.2 0.987366
82.3 0.987352
82.4 0.987332
82.5 0.987311
82.6 0.987306
82.7 0.987294
82.8 0.987281
82.9 0.987275
83 0.987258
83.1 0.987254
83.2 0.987243
83.3 0.987229
83.4 0.987214
83.5 0.987208
83.6 0.987199
83.7 0.987195
83.8 0.987176
83.9 0.987167
84 0.987144
84.1 0.987127
84.2 0.987104
84.3 0.987089
84.4 0.987076
84.5 0.987064
84.6 0.987062
84.7 0.987047
84.8 0.987031
84.9 0.987014
85 0.986987
85.1 0.986977
85.2 0.986968
85.3 0.986958
85.4 0.986957
85.5 0.986946
85.6 0.986945
85.7 0.986945
85.8 0.986933
85.9 0.986913
86 0.986906
86.1 0.986898
86.2 0.98688
86.3 0.986873
86.4 0.986865
86.5 0.986855
86.6 0.986851
86.7 0.986834
86.8 0.986822
86.9 0.9868
87 0.986783
87.1 0.986773
87.2 0.986772
87.3 0.986759
87.4 0.986741
87.5 0.98673
87.6 0.986724
87.7 0.986718
87.8 0.986708
87.9 0.986683
88 0.986661
88.1 0.986653
88.2 0.986639
88.3 0.98662
88.4 0.986598
88.5 0.986593
88.6 0.986585
88.7 0.986571
88.8 0.986552
88.9 0.98654
89 0.986525
89.1 0.986515
89.2 0.986504
89.3 0.98649
89.4 0.986475
89.5 0.986466
89.6 0.98647
89.7 0.986464
89.8 0.986458
89.9 0.986447
90 0.986446
90.1 0.986448
90.2 0.98644
90.3 0.986439
90.4 0.98643
90.5 0.986428
90.6 0.986421
90.7 0.986417
90.8 0.986406
90.9 0.9864
91 0.986395
91.1 0.986384
91.2 0.986371
91.3 0.986362
91.4 0.986345
91.5 0.986342
91.6 0.986328
91.7 0.986312
91.8 0.986309
91.9 0.9863
92 0.986281
92.1 0.986274
92.2 0.986263
92.3 0.986256
92.4 0.986242
92.5 0.986235
92.6 0.98622
92.7 0.986209
92.8 0.986204
92.9 0.986195
93 0.986194
93.1 0.986184
93.2 0.986186
93.3 0.986185
93.4 0.986176
93.5 0.986171
93.6 0.986169
93.7 0.986161
93.8 0.986158
93.9 0.986154
94 0.986143
94.1 0.98613
94.2 0.986119
94.3 0.98611
94.4 0.986102
94.5 0.9861
94.6 0.986086
94.7 0.986071
94.8 0.986069
94.9 0.986065
95 0.986056
95.1 0.986046
95.2 0.986046
95.3 0.986038
95.4 0.986037
95.5 0.986033
95.6 0.986024
95.7 0.986011
95.8 0.986005
95.9 0.985992
96 0.985985
96.1 0.985975
96.2 0.985979
96.3 0.985979
96.4 0.985971
96.5 0.985962
96.6 0.985952
96.7 0.985951
96.8 0.985933
96.9 0.985914
97 0.985903
97.1 0.985894
97.2 0.985883
97.3 0.985869
97.4 0.985856
97.5 0.985853
97.6 0.985846
97.7 0.985841
97.8 0.985841
97.9 0.985835
98 0.985839
98.1 0.985835
98.2 0.985832
98.3 0.985827
98.4 0.985821
98.5 0.985819
98.6 0.985816
98.7 0.985808
98.8 0.985797
98.9 0.985784
99 0.985776
99.1 0.985768
99.2 0.985759
99.3 0.98575
99.4 0.985736
99.5 0.985731
99.6 0.985714
99.7 0.985711
99.8 0.985702
99.9 0.985693
100 0.985685
100.001 1.4508
