0 0.0525263
0.1 0.05254
0.2 0.0525519
0.3 0.0525643
0.4 0.052579
0.5 0.0525929
0.6 0.0526063
0.7 0.05262
0.8 0.0526347
0.9 0.0526481
1 0.0526616
1.1 0.0526755
1.2 0.052689
1.3 0.0527032
1.4 0.052718
1.5 0.0527335
1.6 0.0527483
1.7 0.0527633
1.8 0.052776
1.9 0.0527897
2 0.0528044
2.1 0.052821
2.2 0.0528397
2.3 0.0528552
2.4 0.0528687
2.5 0.0528808
2.6 0.0528948
2.7 0.0529085
2.8 0.0529219
2.9 0.0529349
3 0.0529487
3.1 0.052962
3.2 0.0529757
3.3 0.0529879
3.4 0.0530007
3.5 0.0530137
3.6 0.0530277
3.7 0.0530434
3.8 0.0530593
3.9 0.0530764
4 0.0530931
4.1 0.0531095
4.2 0.0531257
4.3 0.0531425
4.4 0.053159
4.5 0.0531737
4.6 0.0531891
4.7 0.0532044
4.8 0.053222
4.9 0.0532401
5 0.0532581
5.1 0.0532773
5.2 0.0532978
5.3 0.0533172
5.4 0.0533386
5.5 0.0533599
5.6 0.0533816
5.7 0.0534024
5.8 0.0534251
5.9 0.0534495
6 0.0534724
6.1 0.0534956
6.2 0.053519
6.3 0.053544
6.4 0.0535715
6.5 0.0536017
6.6 0.0536335
6.7 0.0536667
6.8 0.053699
6.9 0.0537292
7 0.0537613
7.1 0.0537956
7.2 0.0538313
7.3 0.0538675
7.4 0.0539048
7.5 0.0539433
7.6 0.0539832
7.7 0.0540192
7.8 0.0540539
7.9 0.0540891
8 0.0541241
8.1 0.0541592
8.2 0.054194
8.3 0.0542315
8.4 0.0542704
8.5 0.0543062
8.6 0.0543424
8.7 0.0543786
8.8 0.0544149
8.9 0.0544515
9 0.0544895
9.1 0.0545304
9.2 0.0545717
9.3 0.0546123
9.4 0.0546516
9.5 0.0546927
9.6 0.0547344
9.7 0.0547763
9.8 0.0548205
9.9 0.0548641
10 0.0549096
10.1 0.0549598
10.2 0.0550113
10.3 0.0550625
10.4 0.0551147
10.5 0.0551673
10.6 0.0552181
10.7 0.0552704
10.8 0.0553208
10.9 0.0553749
11 0.0554333
11.1 0.0554879
11.2 0.0555419
11.3 0.0555948
11.4 0.0556465
11.5 0.055698
11.6 0.0557487
11.7 0.0557996
11.8 0.055851
11.9 0.0559006
12 0.0559485
12.1 0.0559994
12.2 0.0560477
12.3 0.0560972
12.4 0.0561472
12.5 0.0561989
12.6 0.0562524
12.7 0.0563037
12.8 0.0563553
12.9 0.0564101
13 0.0564651
13.1 0.0565209
13.2 0.0565761
13.3 0.0566315
13.4 0.0566849
13.5 0.0567376
13.6 0.0567906
13.7 0.0568448
13.8 0.0569011
13.9 0.0569587
14 0.0570132
14.1 0.057067
14.2 0.0571205
14.3 0.0571751
14.4 0.0572296
14.5 0.0572844
14.6 0.0573404
14.7 0.0573974
14.8 0.0574523
14.9 0.0575114
15 0.0575685
15.1 0.0576261
15.2 0.0576836
15.3 0.0577408
15.4 0.0578007
15.5 0.0578643
15.6 0.057929
15.7 0.0579932
15.8 0.0580538
15.9 0.0581165
16 0.0581792
16.1 0.0582435
16.2 0.0583113
16.3 0.0583789
16.4 0.0584457
16.5 0.0585132
16.6 0.0585822
16.7 0.0586484
16.8 0.0587158
16.9 0.0587834
17 0.0588538
17.1 0.0589217
17.2 0.0589915
17.3 0.0590592
17.4 0.0591255
17.5 0.0591911
17.6 0.0592601
17.7 0.0593287
17.8 0.0593983
17.9 0.0594678
18 0.0595372
18.1 0.0596094
18.2 0.059685
18.3 0.059759
18.4 0.0598322
18.5 0.0599085
18.6 0.059985
18.7 0.0600641
18.8 0.0601387
18.9 0.0602127
19 0.0602874
19.1 0.0603586
19.2 0.0604353
19.3 0.0605131
19.4 0.0605909
19.5 0.0606692
19.6 0.0607482
19.7 0.0608261
19.8 0.0609038
19.9 0.0609817
20 0.0610637
20.1 0.061147
20.2 0.0612311
20.3 0.0613207
20.4 0.0614125
20.5 0.0615039
20.6 0.0615951
20.7 0.0616851
20.8 0.0617729
20.9 0.0618604
21 0.0619481
21.1 0.0620424
21.2 0.0621344
21.3 0.062226
21.4 0.0623141
21.5 0.0624044
21.6 0.0624963
21.7 0.0625899
21.8 0.0626795
21.9 0.0627701
22 0.0628632
22.1 0.0629577
22.2 0.0630518
22.3 0.0631429
22.4 0.063239
22.5 0.0633343
22.6 0.0634333
22.7 0.0635336
22.8 0.0636362
22.9 0.0637339
23 0.063832
23.1 0.0639374
23.2 0.0640472
23.3 0.0641509
23.4 0.0642515
23.5 0.0643468
23.6 0.0644455
23.7 0.0645481
23.8 0.0646483
23.9 0.0647496
24 0.0648571
24.1 0.064968
24.2 0.0650815
24.3 0.0651901
24.4 0.0653032
24.5 0.0654185
24.6 0.0655339
24.7 0.0656522
24.8 0.0657745
24.9 0.0658992
25 0.0660206
25.1 0.0661431
25.2 0.0662668
25.3 0.0663895
25.4 0.0665151
25.5 0.0666384
25.6 0.0667599
25.7 0.0668803
25.8 0.0670018
25.9 0.0671198
26 0.0672406
26.1 0.0673635
26.2 0.0674871
26.3 0.0676146
26.4 0.0677421
26.5 0.0678665
26.6 0.0679953
26.7 0.0681235
26.8 0.0682464
26.9 0.0683751
27 0.0685015
27.1 0.0686291
27.2 0.0687584
27.3 0.0688884
27.4 0.0690219
27.5 0.0691564
27.6 0.0692846
27.7 0.0694069
27.8 0.069536
27.9 0.0696661
28 0.0697939
28.1 0.0699189
28.2 0.0700446
28.3 0.0701742
28.4 0.0703026
28.5 0.070432
28.6 0.0705632
28.7 0.0706942
28.8 0.0708248
28.9 0.0709602
29 0.0710974
29.1 0.0712341
29.2 0.0713671
29.3 0.0714998
29.4 0.0716341
29.5 0.0717704
29.6 0.0719043
29.7 0.0720328
29.8 0.0721698
29.9 0.0723073
30 0.0724484
30.1 0.0725856
30.2 0.0727218
30.3 0.0728606
30.4 0.0730017
30.5 0.0731431
30.6 0.0732851
30.7 0.0734321
30.8 0.0735812
30.9 0.0737234
31 0.0738648
31.1 0.0740129
31.2 0.0741641
31.3 0.0743113
31.4 0.0744629
31.5 0.0746113
31.6 0.0747559
31.7 0.0749059
31.8 0.0750566
31.9 0.0752053
32 0.0753553
32.1 0.0755143
32.2 0.0756687
32.3 0.0758204
32.4 0.0759682
32.5 0.0761194
32.6 0.0762744
32.7 0.0764323
32.8 0.0765899
32.9 0.0767499
33 0.076912
33.1 0.07708
33.2 0.0772488
33.3 0.0774147
33.4 0.0775764
33.5 0.0777375
33.6 0.0779008
33.7 0.0780712
33.8 0.0782418
33.9 0.078417
34 0.0785888
34.1 0.0787585
34.2 0.0789336
34.3 0.0791133
34.4 0.0792893
34.5 0.0794707
34.6 0.0796533
34.7 0.0798387
34.8 0.0800207
34.9 0.0802015
35 0.0803802
35.1 0.0805602
35.2 0.0807448
35.3 0.0809361
35.4 0.0811228
35.5 0.0813065
35.6 0.0814924
35.7 0.0816852
35.8 0.081875
35.9 0.0820672
36 0.0822641
36.1 0.0824603
36.2 0.0826588
36.3 0.0828587
36.4 0.0830597
36.5 0.0832587
36.6 0.0834568
36.7 0.0836558
36.8 0.0838526
36.9 0.0840523
37 0.0842588
37.1 0.0844644
37.2 0.0846731
37.3 0.0848848
37.4 0.0850928
37.5 0.0852991
37.6 0.0855103
37.7 0.0857203
37.8 0.0859324
37.9 0.0861452
38 0.0863562
38.1 0.0865709
38.2 0.086789
38.3 0.0870021
38.4 0.087212
38.5 0.0874244
38.6 0.0876374
38.7 0.0878555
38.8 0.0880763
38.9 0.0882985
39 0.0885197
39.1 0.0887432
39.2 0.0889697
39.3 0.0891977
39.4 0.0894263
39.5 0.0896573
39.6 0.0898875
39.7 0.0901237
39.8 0.0903579
39.9 0.0906001
40 0.0908444
40.1 0.0910891
40.2 0.0913311
40.3 0.0915744
40.4 0.0918145
40.5 0.0920551
40.6 0.0923007
40.7 0.0925482
40.8 0.0927976
40.9 0.0930429
41 0.0932887
41.1 0.0935395
41.2 0.0937924
41.3 0.0940489
41.4 0.0943025
41.5 0.0945529
41.6 0.0947946
41.7 0.095039
41.8 0.0952772
41.9 0.0955262
42 0.0957851
42.1 0.0960464
42.2 0.0963096
42.3 0.0965634
42.4 0.0968221
42.5 0.0970912
42.6 0.097359
42.7 0.0976275
42.8 0.0979031
42.9 0.0981832
43 0.098464
43.1 0.0987387
43.2 0.0990123
43.3 0.0992803
43.4 0.0995444
43.5 0.0998079
43.6 0.100071
43.7 0.100331
43.8 0.100597
43.9 0.100873
44 0.101145
44.1 0.101415
44.2 0.101689
44.3 0.10196
44.4 0.102231
44.5 0.102499
44.6 0.102763
44.7 0.103041
44.8 0.103326
44.9 0.103606
45 0.103888
45.1 0.104163
45.2 0.104436
45.3 0.104708
45.4 0.10498
45.5 0.105254
45.6 0.105528
45.7 0.105802
45.8 0.106082
45.9 0.106355
46 0.106623
46.1 0.106893
46.2 0.107166
46.3 0.107433
46.4 0.107691
46.5 0.107954
46.6 0.10821
46.7 0.108466
46.8 0.108728
46.9 0.108999
47 0.109255
47.1 0.109511
47.2 0.109768
47.3 0.110024
47.4 0.110272
47.5 0.110535
47.6 0.110793
47.7 0.111043
47.8 0.111287
47.9 0.111539
48 0.111796
48.1 0.112052
48.2 0.112313
48.3 0.112576
48.4 0.112845
48.5 0.113106
48.6 0.11337
48.7 0.113629
48.8 0.113885
48.9 0.114135
49 0.114389
49.1 0.11464
49.2 0.114905
49.3 0.115171
49.4 0.11544
49.5 0.115692
49.6 0.115949
49.7 0.116205
49.8 0.11646
49.9 0.116715
50 0.116965
50.1 0.117217
50.2 0.117479
50.3 0.117752
50.4 0.11802
50.5 0.118296
50.6 0.118583
50.7 0.118869
50.8 0.119155
50.9 0.119451
51 0.119739
51.1 0.120036
51.2 0.120333
51.3 0.12063
51.4 0.12092
51.5 0.121213
51.6 0.121518
51.7 0.121822
51.8 0.122122
51.9 0.122414
52 0.122707
52.1 0.123013
52.2 0.123314
52.3 0.123628
52.4 0.123949
52.5 0.124272
52.6 0.124611
52.7 0.124946
52.8 0.125282
52.9 0.125622
53 0.125965
53.1 0.126322
53.2 0.126681
53.3 0.127034
53.4 0.127393
53.5 0.127765
53.6 0.128133
53.7 0.128513
53.8 0.128889
53.9 0.129253
54 0.129617
54.1 0.129995
54.2 0.130379
54.3 0.130758
54.4 0.131149
54.5 0.131532
54.6 0.131918
54.7 0.132315
54.8 0.132707
54.9 0.133101
55 0.133491
55.1 0.133893
55.2 0.134292
55.3 0.134694
55.4 0.135109
55.5 0.135506
55.6 0.135897
55.7 0.136288
55.8 0.136691
55.9 0.137101
56 0.137497
56.1 0.137905
56.2 0.138319
56.3 0.138728
56.4 0.139154
56.5 0.139592
56.6 0.140026
56.7 0.140476
56.8 0.14092
56.9 0.141364
57 0.141811
57.1 0.142257
57.2 0.142693
57.3 0.143162
57.4 0.143627
57.5 0.144098
57.6 0.144567
57.7 0.145042
57.8 0.14551
57.9 0.145989
58 0.146479
58.1 0.14696
58.2 0.147456
58.3 0.147962
58.4 0.148472
58.5 0.148977
58.6 0.14947
58.7 0.149963
58.8 0.15048
58.9 0.150986
59 0.1515
59.1 0.152016
59.2 0.152534
59.3 0.153046
59.4 0.15356
59.5 0.154069
59.6 0.154574
59.7 0.155072
59.8 0.155568
59.9 0.156073
60 0.156597
60.1 0.157127
60.2 0.157654
60.3 0.158193
60.4 0.158741
60.5 0.159298
60.6 0.159856
60.7 0.1604
60.8 0.160972
60.9 0.161558
61 0.162144
61.1 0.162729
61.2 0.163288
61.3 0.163877
61.4 0.164469
61.5 0.165093
61.6 0.165708
61.7 0.166313
61.8 0.166906
61.9 0.167488
62 0.168048
62.1 0.168652
62.2 0.16926
62.3 0.169875
62.4 0.170497
62.5 0.171128
62.6 0.171757
62.7 0.172387
62.8 0.173017
62.9 0.173653
63 0.174287
63.1 0.174936
63.2 0.17559
63.3 0.176251
63.4 0.176931
63.5 0.177596
63.6 0.178243
63.7 0.178897
63.8 0.179548
63.9 0.180213
64 0.180885
64.1 0.181546
64.2 0.1822
64.3 0.182857
64.4 0.183516
64.5 0.184195
64.6 0.184883
64.7 0.185594
64.8 0.186301
64.9 0.186983
65 0.187678
65.1 0.188378
65.2 0.189067
65.3 0.189741
65.4 0.190405
65.5 0.191087
65.6 0.191757
65.7 0.192439
65.8 0.19313
65.9 0.193825
66 0.194514
66.1 0.195197
66.2 0.195896
66.3 0.196577
66.4 0.197281
66.5 0.197988
66.6 0.198705
66.7 0.19941
66.8 0.20009
66.9 0.20077
67 0.20145
67.1 0.202137
67.2 0.202832
67.3 0.203565
67.4 0.204284
67.5 0.204992
67.6 0.20573
67.7 0.206463
67.8 0.207197
67.9 0.207931
68 0.208682
68.1 0.20939
68.2 0.2101
68.3 0.210837
68.4 0.211613
68.5 0.212414
68.6 0.21319
68.7 0.213944
68.8 0.214676
68.9 0.215426
69 0.216164
69.1 0.216852
69.2 0.217518
69.3 0.218189
69.4 0.218873
69.5 0.21955
69.6 0.220233
69.7 0.220902
69.8 0.221566
69.9 0.222235
70 0.222915
70.1 0.223585
70.2 0.224259
70.3 0.224944
70.4 0.225641
70.5 0.226339
70.6 0.22705
70.7 0.227746
70.8 0.228475
70.9 0.229214
71 0.229929
71.1 0.230606
71.2 0.231329
71.3 0.232043
71.4 0.232735
71.5 0.233414
71.6 0.234093
71.7 0.234773
71.8 0.235447
71.9 0.236073
72 0.236668
72.1 0.237288
72.2 0.237941
72.3 0.23856
72.4 0.23915
72.5 0.239754
72.6 0.240395
72.7 0.241102
72.8 0.241806
72.9 0.242468
73 0.243166
73.1 0.243878
73.2 0.244611
73.3 0.245323
73.4 0.246084
73.5 0.246834
73.6 0.247618
73.7 0.248461
73.8 0.249277
73.9 0.250086
74 0.250866
74.1 0.251629
74.2 0.252438
74.3 0.253231
74.4 0.253992
74.5 0.254788
74.6 0.255596
74.7 0.256469
74.8 0.257345
74.9 0.258211
75 0.259093
75.1 0.259948
75.2 0.260815
75.3 0.2617
75.4 0.2626
75.5 0.263494
75.6 0.264393
75.7 0.265292
75.8 0.26617
75.9 0.267022
76 0.2679
76.1 0.268766
76.2 0.269626
76.3 0.270498
76.4 0.271403
76.5 0.272331
76.6 0.273277
76.7 0.274224
76.8 0.275127
76.9 0.275965
77 0.276807
77.1 0.277725
77.2 0.278592
77.3 0.279405
77.4 0.280233
77.5 0.281063
77.6 0.281879
77.7 0.282696
77.8 0.283593
77.9 0.284494
78 0.285386
78.1 0.286252
78.2 0.287174
78.3 0.288071
78.4 0.288972
78.5 0.289885
78.6 0.29076
78.7 0.29165
78.8 0.292544
78.9 0.293378
79 0.294243
79.1 0.295093
79.2 0.295993
79.3 0.296865
79.4 0.297716
79.5 0.298536
79.6 0.299348
79.7 0.300142
79.8 0.300935
79.9 0.301622
80 0.302288
80.1 0.302944
80.2 0.303649
80.3 0.304318
80.4 0.304983
80.5 0.305607
80.6 0.30625
80.7 0.306858
80.8 0.307462
80.9 0.307975
81 0.308573
81.1 0.309174
81.2 0.309724
81.3 0.310323
81.4 0.310942
81.5 0.311553
81.6 0.312058
81.7 0.31256
81.8 0.313007
81.9 0.313513
82 0.31399
82.1 0.314455
82.2 0.314913
82.3 0.315383
82.4 0.315835
82.5 0.316283
82.6 0.316727
82.7 0.317105
82.8 0.3175
82.9 0.317852
83 0.318211
83.1 0.318519
83.2 0.31884
83.3 0.319108
83.4 0.319381
83.5 0.31964
83.6 0.319886
83.7 0.320174
83.8 0.320449
83.9 0.320716
84 0.320957
84.1 0.321208
84.2 0.321476
84.3 0.32176
84.4 0.322057
84.5 0.322321
84.6 0.32259
84.7 0.32283
84.8 0.323036
84.9 0.323221
85 0.323461
85.1 0.323692
85.2 0.323898
85.3 0.324144
85.4 0.324374
85.5 0.324576
85.6 0.324774
85.7 0.324961
85.8 0.325173
85.9 0.325345
86 0.325554
86.1 0.325741
86.2 0.325935
86.3 0.326105
86.4 0.32626
86.5 0.326412
86.6 0.326569
86.7 0.326712
86.8 0.326846
86.9 0.326958
87 0.32711
87.1 0.327229
87.2 0.327276
87.3 0.327363
87.4 0.327488
87.5 0.327604
87.6 0.327686
87.7 0.32779
87.8 0.327911
87.9 0.328014
88 0.328099
88.1 0.328164
88.2 0.328256
88.3 0.328312
88.4 0.328388
88.5 0.328452
88.6 0.328509
88.7 0.328583
88.8 0.328642
88.9 0.328716
89 0.328794
89.1 0.328881
89.2 0.328967
89.3 0.329031
89.4 0.329104
89.5 0.32916
89.6 0.329151
89.7 0.329182
89.8 0.329208
89.9 0.329236
90 0.329272
90.1 0.329308
90.2 0.329346
90.3 0.329382
90.4 0.329424
90.5 0.329463
90.6 0.329486
90.7 0.329523
90.8 0.329571
90.9 0.329626
91 0.32966
91.1 0.329711
91.2 0.329721
91.3 0.329749
91.4 0.329783
91.5 0.329809
91.6 0.329828
91.7 0.329832
91.8 0.32986
91.9 0.329853
92 0.32987
92.1 0.329881
92.2 0.329882
92.3 0.329898
92.4 0.329924
92.5 0.329942
92.6 0.329969
92.7 0.329991
92.8 0.330011
92.9 0.330052
93 0.330067
93.1 0.330087
93.2 0.330098
93.3 0.330099
93.4 0.330108
93.5 0.33011
93.6 0.330106
93.7 0.330123
93.8 0.330143
93.9 0.330156
94 0.330168
94.1 0.330157
94.2 0.33017
94.3 0.330181
94.4 0.330188
94.5 0.330178
94.6 0.330189
94.7 0.330202
94.8 0.330197
94.9 0.330184
95 0.330176
95.1 0.330165
95.2 0.330172
95.3 0.330166
95.4 0.330158
95.5 0.330147
95.6 0.330141
95.7 0.33016
95.8 0.330162
95.9 0.330177
96 0.330182
96.1 0.330172
96.2 0.330167
96.3 0.330163
96.4 0.330157
96.5 0.330147
96.6 0.330149
96.7 0.330153
96.8 0.330156
96.9 0.330162
97 0.330171
97.1 0.330165
97.2 0.330162
97.3 0.330161
97.4 0.330179
97.5 0.330192
97.6 0.330184
97.7 0.330176
97.8 0.330188
97.9 0.330188
98 0.330194
98.1 0.330213
98.2 0.330235
98.3 0.330251
98.4 0.330249
98.5 0.330246
98.6 0.330247
98.7 0.330263
98.8 0.330274
98.9 0.33029
99 0.330297
99.1 0.330295
99.2 0.330295
99.3 0.330298
99.4 0.330296
99.5 0.330297
99.6 0.330296
99.7 0.33028
99.8 0.330285
99.9 0.330301
100 0.593674
