18.5005 0.000249088
18.503 0.000277413
18.5055 0.000308708
18.508 0.000343258
18.5105 0.000381369
18.513 0.000423372
18.5155 0.000469629
18.518 0.000520526
18.5205 0.000576484
18.523 0.000637956
18.5255 0.00070543
18.528 0.000779432
18.5305 0.000860529
18.533 0.000949328
18.5355 0.00104648
18.538 0.0011527
18.5405 0.00126872
18.543 0.00139535
18.5455 0.00153347
18.548 0.00168397
18.5505 0.00184787
18.553 0.00202619
18.5555 0.00222006
18.558 0.00243067
18.5605 0.00265929
18.563 0.00290727
18.5655 0.00317604
18.568 0.00346712
18.5705 0.00378211
18.573 0.00412274
18.5755 0.00449079
18.578 0.00488818
18.5805 0.00531692
18.583 0.00577913
18.5855 0.00627707
18.588 0.00681308
18.5905 0.00738965
18.593 0.00800938
18.5955 0.00867502
18.598 0.00938944
18.6006 0.0101557
18.6031 0.0109768
18.6056 0.0118562
18.6081 0.0127973
18.6106 0.0138036
18.6131 0.014879
18.6156 0.0160274
18.6181 0.0172527
18.6206 0.0185593
18.6231 0.0199515
18.6256 0.0214339
18.6281 0.0230112
18.6306 0.0246883
18.6331 0.0264702
18.6356 0.0283623
18.6381 0.0303698
18.6406 0.0324984
18.6431 0.0347537
18.6456 0.0371418
18.6481 0.0396685
18.6506 0.0423402
18.6531 0.0451632
18.6556 0.0481441
18.6581 0.0512895
18.6606 0.0546063
18.6631 0.0581014
18.6656 0.0617819
18.6681 0.0656551
18.6706 0.0697282
18.6731 0.0740088
18.6756 0.0785044
18.6781 0.0832227
18.6806 0.0881714
18.6831 0.0933582
18.6856 0.0987912
18.6881 0.104478
18.6906 0.110427
18.6931 0.116646
18.6956 0.123143
18.6981 0.129926
18.7006 0.137003
18.7031 0.144382
18.7056 0.152071
18.7081 0.160077
18.7106 0.168409
18.7131 0.177074
18.7156 0.18608
18.7181 0.195434
18.7206 0.205143
18.7231 0.215215
18.7256 0.225656
18.7281 0.236473
18.7306 0.247673
18.7331 0.259261
18.7356 0.271245
18.7381 0.283628
18.7406 0.296417
18.7431 0.309617
18.7456 0.323233
18.7481 0.337268
18.7506 0.351726
18.7531 0.366612
18.7556 0.381929
18.7581 0.397678
18.7606 0.413862
18.7631 0.430483
18.7656 0.447543
18.7681 0.465041
18.7706 0.482978
18.7731 0.501354
18.7756 0.520168
18.7781 0.539418
18.7806 0.559102
18.7831 0.579219
18.7856 0.599764
18.7881 0.620733
18.7906 0.642123
18.7931 0.663929
18.7956 0.686144
18.7981 0.708762
18.8007 0.731777
18.8032 0.755181
18.8057 0.778965
18.8082 0.803121
18.8107 0.82764
18.8132 0.852512
18.8157 0.877725
18.8182 0.903268
18.8207 0.92913
18.8232 0.955298
18.8257 0.981759
18.8282 1.0085
18.8307 1.0355
18.8332 1.06276
18.8357 1.09025
18.8382 1.11796
18.8407 1.14587
18.8432 1.17396
18.8457 1.20223
18.8482 1.23065
18.8507 1.25919
18.8532 1.28786
18.8557 1.31661
18.8582 1.34545
18.8607 1.37434
18.8632 1.40326
18.8657 1.4322
18.8682 1.46114
18.8707 1.49005
18.8732 1.51892
18.8757 1.54772
18.8782 1.57643
18.8807 1.60503
18.8832 1.6335
18.8857 1.66183
18.8882 1.68997
18.8907 1.71793
18.8932 1.74566
18.8957 1.77317
18.8982 1.80041
18.9007 1.82738
18.9032 1.85404
18.9057 1.88039
18.9082 1.9064
18.9107 1.93205
18.9132 1.95732
18.9157 1.98219
18.9182 2.00665
18.9207 2.03067
18.9232 2.05423
18.9257 2.07733
18.9282 2.09993
18.9307 2.12203
18.9332 2.14361
18.9357 2.16465
18.9382 2.18514
18.9407 2.20506
18.9432 2.22439
18.9457 2.24314
18.9482 2.26127
18.9507 2.27878
18.9532 2.29567
18.9557 2.31191
18.9582 2.32749
18.9607 2.34242
18.9632 2.35667
18.9657 2.37024
18.9682 2.38312
18.9707 2.39531
18.9732 2.4068
18.9757 2.41759
18.9782 2.42766
18.9807 2.43701
18.9832 2.44565
18.9857 2.45357
18.9882 2.46076
18.9907 2.46723
18.9932 2.47297
18.9957 2.47799
18.9982 2.48229
19.0008 2.48586
19.0033 2.48871
19.0058 2.49084
19.0083 2.49226
19.0108 2.49296
19.0133 2.49296
19.0158 2.49226
19.0183 2.49086
19.0208 2.48877
19.0233 2.486
19.0258 2.48256
19.0283 2.47845
19.0308 2.47367
19.0333 2.46825
19.0358 2.46219
19.0383 2.45549
19.0408 2.44818
19.0433 2.44025
19.0458 2.43173
19.0483 2.42261
19.0508 2.41292
19.0533 2.40266
19.0558 2.39185
19.0583 2.38051
19.0608 2.36863
19.0633 2.35624
19.0658 2.34335
19.0683 2.32997
19.0708 2.31611
19.0733 2.3018
19.0758 2.28704
19.0783 2.27185
19.0808 2.25624
19.0833 2.24023
19.0858 2.22383
19.0883 2.20705
19.0908 2.18992
19.0933 2.17244
19.0958 2.15462
19.0983 2.1365
19.1008 2.11806
19.1033 2.09935
19.1058 2.08035
19.1083 2.0611
19.1108 2.0416
19.1133 2.02188
19.1158 2.00193
19.1183 1.98179
19.1208 1.96145
19.1233 1.94094
19.1258 1.92026
19.1283 1.89944
19.1308 1.87848
19.1333 1.8574
19.1358 1.8362
19.1383 1.81491
19.1408 1.79354
19.1433 1.77209
19.1458 1.75058
19.1483 1.72901
19.1508 1.70741
19.1533 1.68579
19.1558 1.66414
19.1583 1.64249
19.1608 1.62084
19.1633 1.59921
19.1658 1.5776
19.1683 1.55603
19.1708 1.5345
19.1733 1.51302
19.1758 1.4916
19.1783 1.47025
19.1808 1.44898
19.1833 1.42779
19.1858 1.4067
19.1883 1.3857
19.1908 1.36482
19.1933 1.34405
19.1958 1.3234
19.1983 1.30288
19.2009 1.28249
19.2034 1.26224
19.2059 1.24214
19.2084 1.22219
19.2109 1.20239
19.2134 1.18275
19.2159 1.16328
19.2184 1.14398
19.2209 1.12485
19.2234 1.1059
19.2259 1.08712
19.2284 1.06854
19.2309 1.05014
19.2334 1.03193
19.2359 1.01391
19.2384 0.996089
19.2409 0.978466
19.2434 0.961043
19.2459 0.943821
19.2484 0.926804
19.2509 0.909991
19.2534 0.893386
19.2559 0.876988
19.2584 0.860799
19.2609 0.84482
19.2634 0.829052
19.2659 0.813494
19.2684 0.798149
19.2709 0.783015
19.2734 0.768092
19.2759 0.753382
19.2784 0.738883
19.2809 0.724596
19.2834 0.71052
19.2859 0.696655
19.2884 0.683
19.2909 0.669553
19.2934 0.656316
19.2959 0.643285
19.2984 0.630462
19.3009 0.617843
19.3034 0.605429
19.3059 0.593217
19.3084 0.581208
19.3109 0.569398
19.3134 0.557787
19.3159 0.546373
19.3184 0.535154
19.3209 0.524129
19.3234 0.513296
19.3259 0.502653
19.3284 0.492199
19.3309 0.481931
19.3334 0.471848
19.3359 0.461947
19.3384 0.452226
19.3409 0.442685
19.3434 0.43332
19.3459 0.424129
19.3484 0.41511
19.3509 0.406262
19.3534 0.397581
19.3559 0.389067
19.3584 0.380716
19.3609 0.372526
19.3634 0.364496
19.3659 0.356622
19.3684 0.348904
19.3709 0.341337
19.3734 0.333922
19.3759 0.326654
19.3784 0.319532
19.3809 0.312553
19.3834 0.305716
19.3859 0.299019
19.3884 0.292458
19.3909 0.286032
19.3934 0.279738
19.3959 0.273575
19.3984 0.26754
19.401 0.26163
19.4035 0.255845
19.406 0.250182
19.4085 0.244638
19.411 0.239212
19.4135 0.233901
19.416 0.228703
19.4185 0.223617
19.421 0.21864
19.4235 0.213771
19.426 0.209006
19.4285 0.204346
19.431 0.199786
19.4335 0.195326
19.436 0.190964
19.4385 0.186697
19.441 0.182525
19.4435 0.178444
19.446 0.174454
19.4485 0.170552
19.451 0.166737
19.4535 0.163007
19.456 0.15936
19.4585 0.155795
19.461 0.152309
19.4635 0.148903
19.466 0.145572
19.4685 0.142317
19.471 0.139136
19.4735 0.136026
19.476 0.132987
19.4785 0.130018
19.481 0.127115
19.4835 0.124279
19.486 0.121508
19.4885 0.1188
19.491 0.116155
19.4935 0.113569
19.496 0.111044
19.4985 0.108576
19.501 0.106165
19.5035 0.10381
19.506 0.101509
19.5085 0.099261
19.511 0.0970652
19.5135 0.0949202
19.516 0.092825
19.5185 0.0907783
19.521 0.0887791
19.5235 0.0868264
19.526 0.0849191
19.5285 0.0830561
19.531 0.0812366
19.5335 0.0794594
19.536 0.0777236
19.5385 0.0760283
19.541 0.0743726
19.5435 0.0727555
19.546 0.0711762
19.5485 0.0696338
19.551 0.0681274
19.5535 0.0666562
19.556 0.0652194
19.5585 0.0638163
19.561 0.0624459
19.5635 0.0611076
19.566 0.0598007
19.5685 0.0585243
19.571 0.0572777
19.5735 0.0560604
19.576 0.0548715
19.5785 0.0537104
19.581 0.0525765
19.5835 0.0514692
19.586 0.0503877
19.5885 0.0493315
19.591 0.0483
19.5935 0.0472926
19.596 0.0463087
19.5985 0.0453479
19.6011 0.0444094
19.6036 0.0434929
19.6061 0.0425977
19.6086 0.0417234
19.6111 0.0408695
19.6136 0.0400354
19.6161 0.0392208
19.6186 0.0384252
19.6211 0.037648
19.6236 0.0368889
19.6261 0.0361474
19.6286 0.0354232
19.6311 0.0347157
19.6336 0.0340246
19.6361 0.0333496
19.6386 0.0326901
19.6411 0.0320459
19.6436 0.0314166
19.6461 0.0308018
19.6486 0.0302012
19.6511 0.0296144
19.6536 0.0290411
19.6561 0.0284811
19.6586 0.0279338
19.6611 0.0273992
19.6636 0.0268768
19.6661 0.0263664
19.6686 0.0258676
19.6711 0.0253803
19.6736 0.0249041
19.6761 0.0244387
19.6786 0.023984
19.6811 0.0235396
19.6836 0.0231053
19.6861 0.0226808
19.6886 0.022266
19.6911 0.0218606
19.6936 0.0214644
19.6961 0.0210771
19.6986 0.0206986
19.7011 0.0203285
19.7036 0.0199669
19.7061 0.0196133
19.7086 0.0192677
19.7111 0.0189299
19.7136 0.0185996
19.7161 0.0182767
19.7186 0.0179611
19.7211 0.0176524
19.7236 0.0173507
19.7261 0.0170557
19.7286 0.0167672
19.7311 0.0164851
19.7336 0.0162093
19.7361 0.0159396
19.7386 0.0156759
19.7411 0.015418
19.7436 0.0151657
19.7461 0.0149191
19.7486 0.0146778
19.7511 0.0144419
19.7536 0.0142111
19.7561 0.0139854
19.7586 0.0137646
19.7611 0.0135487
19.7636 0.0133375
19.7661 0.0131308
19.7686 0.0129287
19.7711 0.012731
19.7736 0.0125375
19.7761 0.0123483
19.7786 0.0121632
19.7811 0.011982
19.7836 0.0118048
19.7861 0.0116314
19.7886 0.0114618
19.7911 0.0112958
19.7936 0.0111334
19.7961 0.0109745
19.7986 0.0108189
19.8012 0.0106668
19.8037 0.0105179
19.8062 0.0103721
19.8087 0.0102295
19.8112 0.01009
19.8137 0.00995341
19.8162 0.00981976
19.8187 0.00968895
19.8212 0.00956094
19.8237 0.00943565
19.8262 0.00931304
19.8287 0.00919303
19.8312 0.00907557
19.8337 0.00896062
19.8362 0.0088481
19.8387 0.00873798
19.8412 0.0086302
19.8437 0.00852471
19.8462 0.00842146
19.8487 0.0083204
19.8512 0.00822149
19.8537 0.00812468
19.8562 0.00802993
19.8587 0.00793719
19.8612 0.00784643
19.8637 0.00775759
19.8662 0.00767065
19.8687 0.00758556
19.8712 0.00750228
19.8737 0.00742078
19.8762 0.00734102
19.8787 0.00726297
19.8812 0.00718658
19.8837 0.00711184
19.8862 0.0070387
19.8887 0.00696713
19.8912 0.0068971
19.8937 0.00682858
19.8962 0.00676155
19.8987 0.00669597
19.9012 0.00663181
19.9037 0.00656905
19.9062 0.00650766
19.9087 0.00644761
19.9112 0.00638889
19.9137 0.00633145
19.9162 0.00627529
19.9187 0.00622037
19.9212 0.00616667
19.9237 0.00611418
19.9262 0.00606286
19.9287 0.00601271
19.9312 0.00596368
19.9337 0.00591578
19.9362 0.00586897
19.9387 0.00582324
19.9412 0.00577857
19.9437 0.00573494
19.9462 0.00569233
19.9487 0.00565073
19.9512 0.00561011
19.9537 0.00557047
19.9562 0.00553178
19.9587 0.00549404
19.9612 0.00545722
19.9637 0.00542131
19.9662 0.0053863
19.9687 0.00535217
19.9712 0.00531891
19.9737 0.00528651
19.9762 0.00525495
19.9787 0.00522422
19.9812 0.00519431
19.9837 0.0051652
19.9862 0.00513689
19.9887 0.00510936
19.9912 0.00508261
19.9937 0.00505662
19.9962 0.00503138
19.9987 0.00500689
20.0013 0.00498312
20.0038 0.00496008
20.0063 0.00493776
20.0088 0.00491614
20.0113 0.00489522
20.0138 0.00487498
20.0163 0.00485543
20.0188 0.00483655
20.0213 0.00481834
20.0238 0.00480079
20.0263 0.00478389
20.0288 0.00476763
20.0313 0.00475201
20.0338 0.00473703
20.0363 0.00472267
20.0388 0.00470893
20.0413 0.00469581
20.0438 0.0046833
20.0463 0.00467139
20.0488 0.00466008
20.0513 0.00464937
20.0538 0.00463925
20.0563 0.00462971
20.0588 0.00462076
20.0613 0.00461239
20.0638 0.00460459
20.0663 0.00459736
20.0688 0.0045907
20.0713 0.00458461
20.0738 0.00457907
20.0763 0.0045741
20.0788 0.00456969
20.0813 0.00456583
20.0838 0.00456252
20.0863 0.00455976
20.0888 0.00455755
20.0913 0.00455589
20.0938 0.00455478
20.0963 0.00455421
20.0988 0.00455418
20.1013 0.00455469
20.1038 0.00455575
20.1063 0.00455735
20.1088 0.00455948
20.1113 0.00456216
20.1138 0.00456538
20.1163 0.00456914
20.1188 0.00457344
20.1213 0.00457828
20.1238 0.00458366
20.1263 0.00458958
20.1288 0.00459605
20.1313 0.00460306
20.1338 0.00461062
20.1363 0.00461872
20.1388 0.00462737
20.1413 0.00463658
20.1438 0.00464633
20.1463 0.00465664
20.1488 0.0046675
20.1513 0.00467892
20.1538 0.00469091
20.1563 0.00470345
20.1588 0.00471657
20.1613 0.00473025
20.1638 0.0047445
20.1663 0.00475934
20.1688 0.00477475
20.1713 0.00479074
20.1738 0.00480732
20.1763 0.00482449
20.1788 0.00484226
20.1813 0.00486062
20.1838 0.00487959
20.1863 0.00489917
20.1888 0.00491936
20.1913 0.00494017
20.1938 0.00496161
20.1963 0.00498367
20.1988 0.00500637
20.2014 0.0050297
20.2039 0.00505369
20.2064 0.00507832
20.2089 0.00510361
20.2114 0.00512957
20.2139 0.0051562
20.2164 0.00518351
20.2189 0.0052115
20.2214 0.00524018
20.2239 0.00526957
20.2264 0.00529966
20.2289 0.00533046
20.2314 0.00536199
20.2339 0.00539425
20.2364 0.00542725
20.2389 0.00546099
20.2414 0.0054955
20.2439 0.00553076
20.2464 0.0055668
20.2489 0.00560363
20.2514 0.00564125
20.2539 0.00567967
20.2564 0.0057189
20.2589 0.00575896
20.2614 0.00579985
20.2639 0.00584158
20.2664 0.00588417
20.2689 0.00592762
20.2714 0.00597195
20.2739 0.00601717
20.2764 0.00606329
20.2789 0.00611032
20.2814 0.00615828
20.2839 0.00620717
20.2864 0.00625701
20.2889 0.00630781
20.2914 0.00635959
20.2939 0.00641235
20.2964 0.00646612
20.2989 0.00652091
20.3014 0.00657672
20.3039 0.00663358
20.3064 0.00669149
20.3089 0.00675049
20.3114 0.00681056
20.3139 0.00687175
20.3164 0.00693405
20.3189 0.00699749
20.3214 0.00706208
20.3239 0.00712784
20.3264 0.00719478
20.3289 0.00726292
20.3314 0.00733229
20.3339 0.00740289
20.3364 0.00747474
20.3389 0.00754786
20.3414 0.00762228
20.3439 0.007698
20.3464 0.00777505
20.3489 0.00785345
20.3514 0.00793322
20.3539 0.00801437
20.3564 0.00809692
20.3589 0.00818091
20.3614 0.00826633
20.3639 0.00835323
20.3664 0.00844162
20.3689 0.00853151
20.3714 0.00862294
20.3739 0.00871591
20.3764 0.00881047
20.3789 0.00890662
20.3814 0.0090044
20.3839 0.00910381
20.3864 0.0092049
20.3889 0.00930768
20.3914 0.00941217
20.3939 0.0095184
20.3964 0.00962639
20.3989 0.00973618
20.4015 0.00984777
20.404 0.00996121
20.4065 0.0100765
20.409 0.0101937
20.4115 0.0103128
20.414 0.0104339
20.4165 0.0105569
20.419 0.0106819
20.4215 0.0108089
20.424 0.010938
20.4265 0.0110692
20.429 0.0112024
20.4315 0.0113378
20.434 0.0114754
20.4365 0.0116152
20.439 0.0117572
20.4415 0.0119014
20.444 0.0120479
20.4465 0.0121967
20.449 0.0123478
20.4515 0.0125013
20.454 0.0126573
20.4565 0.0128156
20.459 0.0129764
20.4615 0.0131396
20.464 0.0133054
20.4665 0.0134738
20.469 0.0136447
20.4715 0.0138182
20.474 0.0139943
20.4765 0.0141732
20.479 0.0143547
20.4815 0.0145389
20.484 0.0147259
20.4865 0.0149157
20.489 0.0151084
20.4915 0.0153038
20.494 0.0155022
20.4965 0.0157035
20.499 0.0159077
20.5015 0.0161149
20.504 0.016325
20.5065 0.0165383
20.509 0.0167545
20.5115 0.0169739
20.514 0.0171964
20.5165 0.017422
20.519 0.0176509
20.5215 0.0178829
20.524 0.0181182
20.5265 0.0183567
20.529 0.0185985
20.5315 0.0188436
20.534 0.0190921
20.5365 0.0193439
20.539 0.0195991
20.5415 0.0198578
20.544 0.0201198
20.5465 0.0203854
20.549 0.0206544
20.5515 0.0209269
20.554 0.021203
20.5565 0.0214826
20.559 0.0217658
20.5615 0.0220525
20.564 0.0223429
20.5665 0.0226369
20.569 0.0229345
20.5715 0.0232357
20.574 0.0235407
20.5765 0.0238493
20.579 0.0241615
20.5815 0.0244775
20.584 0.0247972
20.5865 0.0251206
20.589 0.0254477
20.5915 0.0257785
20.594 0.026113
20.5965 0.0264513
20.599 0.0267932
20.6016 0.0271389
20.6041 0.0274883
20.6066 0.0278414
20.6091 0.0281982
20.6116 0.0285587
20.6141 0.0289229
20.6166 0.0292907
20.6191 0.0296622
20.6216 0.0300373
20.6241 0.030416
20.6266 0.0307983
20.6291 0.0311842
20.6316 0.0315736
20.6341 0.0319665
20.6366 0.0323628
20.6391 0.0327626
20.6416 0.0331658
20.6441 0.0335723
20.6466 0.0339822
20.6491 0.0343953
20.6516 0.0348116
20.6541 0.0352311
20.6566 0.0356537
20.6591 0.0360793
20.6616 0.036508
20.6641 0.0369395
20.6666 0.037374
20.6691 0.0378112
20.6716 0.0382511
20.6741 0.0386936
20.6766 0.0391387
20.6791 0.0395863
20.6816 0.0400362
20.6841 0.0404884
20.6866 0.0409428
20.6891 0.0413993
20.6916 0.0418578
20.6941 0.0423182
20.6966 0.0427803
20.6991 0.0432441
20.7016 0.0437094
20.7041 0.0441762
20.7066 0.0446442
20.7091 0.0451134
20.7116 0.0455836
20.7141 0.0460546
20.7166 0.0465265
20.7191 0.0469989
20.7216 0.0474717
20.7241 0.0479449
20.7266 0.0484181
20.7291 0.0488914
20.7316 0.0493644
20.7341 0.0498371
20.7366 0.0503092
20.7391 0.0507806
20.7416 0.0512511
20.7441 0.0517205
20.7466 0.0521886
20.7491 0.0526553
20.7516 0.0531203
20.7541 0.0535834
20.7566 0.0540444
20.7591 0.0545032
20.7616 0.0549594
20.7641 0.0554129
20.7666 0.0558635
20.7691 0.056311
20.7716 0.0567551
20.7741 0.0571955
20.7766 0.0576322
20.7791 0.0580647
20.7816 0.058493
20.7841 0.0589167
20.7866 0.0593357
20.7891 0.0597496
20.7916 0.0601582
20.7941 0.0605613
20.7966 0.0609587
20.7991 0.06135
20.8017 0.0617351
20.8042 0.0621137
20.8067 0.0624855
20.8092 0.0628502
20.8117 0.0632077
20.8142 0.0635576
20.8167 0.0638998
20.8192 0.0642339
20.8217 0.0645597
20.8242 0.0648769
20.8267 0.0651853
20.8292 0.0654847
20.8317 0.0657747
20.8342 0.0660552
20.8367 0.0663259
20.8392 0.0665865
20.8417 0.0668368
20.8442 0.0670766
20.8467 0.0673056
20.8492 0.0675235
20.8517 0.0677303
20.8542 0.0679255
20.8567 0.0681091
20.8592 0.0682807
20.8617 0.0684402
20.8642 0.0685874
20.8667 0.068722
20.8692 0.0688439
20.8717 0.0689528
20.8742 0.0690486
20.8767 0.0691311
20.8792 0.0692001
20.8817 0.0692555
20.8842 0.0692971
20.8867 0.0693247
20.8892 0.0693382
20.8917 0.0693375
20.8942 0.0693224
20.8967 0.0692929
20.8992 0.0692487
20.9017 0.0691898
20.9042 0.0691162
20.9067 0.0690277
20.9092 0.0689242
20.9117 0.0688057
20.9142 0.0686722
20.9167 0.0685236
20.9192 0.0683598
20.9217 0.0681809
20.9242 0.0679868
20.9267 0.0677776
20.9292 0.0675532
20.9317 0.0673137
20.9342 0.0670592
20.9367 0.0667896
20.9392 0.066505
20.9417 0.0662055
20.9442 0.0658912
20.9467 0.0655622
20.9492 0.0652186
20.9517 0.0648604
20.9542 0.064488
20.9567 0.0641013
20.9592 0.0637005
20.9617 0.0632858
20.9642 0.0628574
20.9667 0.0624155
20.9692 0.0619603
20.9717 0.0614919
20.9742 0.0610107
20.9767 0.0605168
20.9792 0.0600105
20.9817 0.0594921
20.9842 0.0589618
20.9867 0.0584199
20.9892 0.0578667
20.9917 0.0573025
20.9942 0.0567276
20.9967 0.0561423
20.9992 0.055547
21.0018 0.0549419
21.0043 0.0543275
21.0068 0.053704
21.0093 0.0530719
21.0118 0.0524315
21.0143 0.0517832
21.0168 0.0511273
21.0193 0.0504643
21.0218 0.0497945
21.0243 0.0491184
21.0268 0.0484362
21.0293 0.0477486
21.0318 0.0470557
21.0343 0.0463581
21.0368 0.0456562
21.0393 0.0449504
21.0418 0.044241
21.0443 0.0435286
21.0468 0.0428136
21.0493 0.0420963
21.0518 0.0413771
21.0543 0.0406566
21.0568 0.0399351
21.0593 0.0392131
21.0618 0.0384909
21.0643 0.0377689
21.0668 0.0370476
21.0693 0.0363274
21.0718 0.0356087
21.0743 0.0348918
21.0768 0.0341771
21.0793 0.0334651
21.0818 0.0327561
21.0843 0.0320505
21.0868 0.0313487
21.0893 0.0306509
21.0918 0.0299576
21.0943 0.0292691
21.0968 0.0285857
21.0993 0.0279077
21.1018 0.0272355
21.1043 0.0265694
21.1068 0.0259096
21.1093 0.0252564
21.1118 0.0246102
21.1143 0.0239711
21.1168 0.0233395
21.1193 0.0227155
21.1218 0.0220994
21.1243 0.0214915
21.1268 0.0208918
21.1293 0.0203007
21.1318 0.0197183
21.1343 0.0191448
21.1368 0.0185803
21.1393 0.018025
21.1418 0.017479
21.1443 0.0169424
21.1468 0.0164154
21.1493 0.0158981
21.1518 0.0153905
21.1543 0.0148928
21.1568 0.0144049
21.1593 0.013927
21.1618 0.0134591
21.1643 0.0130012
21.1668 0.0125534
21.1693 0.0121156
21.1718 0.0116879
21.1743 0.0112703
21.1768 0.0108627
21.1793 0.0104651
21.1818 0.0100774
21.1843 0.00969972
21.1868 0.00933188
21.1893 0.00897384
21.1918 0.00862553
21.1943 0.00828686
21.1968 0.00795776
21.1993 0.00763812
21.2019 0.00732784
21.2044 0.00702681
21.2069 0.00673492
21.2094 0.00645205
21.2119 0.00617806
21.2144 0.00591282
21.2169 0.0056562
21.2194 0.00540806
21.2219 0.00516825
21.2244 0.00493661
21.2269 0.00471301
21.2294 0.00449727
21.2319 0.00428924
21.2344 0.00408876
21.2369 0.00389566
21.2394 0.00370978
21.2419 0.00353095
21.2444 0.003359
21.2469 0.00319377
21.2494 0.00303507
21.2519 0.00288275
21.2544 0.00273662
21.2569 0.00259652
21.2594 0.00246229
21.2619 0.00233374
21.2644 0.00221071
21.2669 0.00209303
21.2694 0.00198055
21.2719 0.00187308
21.2744 0.00177047
21.2769 0.00167256
21.2794 0.00157919
21.2819 0.0014902
21.2844 0.00140544
21.2869 0.00132476
21.2894 0.001248
21.2919 0.00117502
21.2944 0.00110568
21.2969 0.00103984
21.2994 0.000977351
21.3019 0.000918088
21.3044 0.000861918
21.3069 0.000808712
21.3094 0.000758346
21.3119 0.000710697
21.3144 0.000665648
21.3169 0.000623085
21.3194 0.000582894
21.3219 0.000544969
21.3244 0.000509204
21.3269 0.000475498
21.3294 0.000443753
21.3319 0.000413875
21.3344 0.000385771
21.3369 0.000359354
21.3394 0.000334539
21.3419 0.000311244
21.3444 0.00028939
21.3469 0.000268901
21.3494 0.000249706
21.3519 0.000231734
21.3544 0.000214918
21.3569 0.000199196
21.3594 0.000184505
21.3619 0.000170788
21.3644 0.000157988
21.3669 0.000146052
21.3694 0.00013493
21.3719 0.000124573
21.3744 0.000114936
21.3769 0.000105973
21.3794 9.76451e-05
21.3819 8.99113e-05
21.3844 8.27345e-05
21.3869 7.60794e-05
21.3894 6.99123e-05
21.3919 6.42016e-05
21.3944 5.89171e-05
21.3969 5.40306e-05
21.3994 4.95153e-05
21.402 4.5346e-05
21.4045 4.1499e-05
21.407 3.79519e-05
21.4095 3.46838e-05
21.412 3.16748e-05
21.4145 2.89065e-05
21.417 2.63614e-05
21.4195 2.40234e-05
21.422 2.1877e-05
21.4245 1.99082e-05
21.427 1.81035e-05
21.4295 1.64505e-05
21.432 1.49376e-05
21.4345 1.3554e-05
21.437 1.22895e-05
21.4395 1.11348e-05
21.442 1.00811e-05
21.4445 9.12044e-06
21.447 8.24516e-06
21.4495 7.44831e-06
21.452 6.72343e-06
21.4545 6.06453e-06
21.457 5.46607e-06
21.4595 4.92293e-06
21.462 4.43038e-06
21.4645 3.98406e-06
21.467 3.57996e-06
21.4695 3.21436e-06
21.472 2.88387e-06
21.4745 2.58535e-06
21.477 2.31592e-06
21.4795 2.07295e-06
21.482 1.85401e-06
21.4845 1.65688e-06
21.487 1.47954e-06
21.4895 1.32013e-06
21.492 1.17696e-06
21.4945 1.04847e-06
21.497 9.33259e-07
21.4995 8.30036e-07
