3.5 3.84343
3.5015 3.78211
3.503 3.72107
3.5045 3.6603
3.506 3.5998
3.5075 3.53958
3.509 3.47964
3.51051 3.41996
3.51201 3.36055
3.51351 3.30142
3.51501 3.24256
3.51651 3.18396
3.51801 3.12564
3.51951 3.06758
3.52101 3.00979
3.52251 2.95226
3.52401 2.89501
3.52551 2.83802
3.52701 2.78129
3.52851 2.72483
3.53002 2.66863
3.53152 2.61269
3.53302 2.55702
3.53452 2.50161
3.53602 2.44646
3.53752 2.39157
3.53902 2.33694
3.54052 2.28257
3.54202 2.22846
3.54352 2.17461
3.54502 2.12101
3.54652 2.06767
3.54802 2.01459
3.54952 1.96176
3.55103 1.90919
3.55253 1.85687
3.55403 1.80481
3.55553 1.753
3.55703 1.70144
3.55853 1.65013
3.56003 1.59907
3.56153 1.54827
3.56303 1.49771
3.56453 1.44741
3.56603 1.39735
3.56753 1.34754
3.56903 1.29798
3.57054 1.24867
3.57204 1.1996
3.57354 1.15078
3.57504 1.1022
3.57654 1.05387
3.57804 1.00578
3.57954 0.957935
3.58104 0.910333
3.58254 0.862972
3.58404 0.815853
3.58554 0.768975
3.58704 0.722336
3.58854 0.675938
3.59005 0.629778
3.59155 0.583857
3.59305 0.538174
3.59455 0.492728
3.59605 0.447519
3.59755 0.402545
3.59905 0.357807
3.60055 0.313304
3.60205 0.269035
3.60355 0.225
3.60505 0.181197
3.60655 0.137627
3.60805 0.0942892
3.60955 0.0511822
3.61106 0.00830591
3.61256 -0.0343404
3.61406 -0.0767572
3.61556 -0.118945
3.61706 -0.160905
3.61856 -0.202637
3.62006 -0.244142
3.62156 -0.285421
3.62306 -0.326474
3.62456 -0.367301
3.62606 -0.407904
3.62756 -0.448282
3.62906 -0.488437
3.63057 -0.52837
3.63207 -0.568079
3.63357 -0.607568
3.63507 -0.646834
3.63657 -0.685881
3.63807 -0.724707
3.63957 -0.763314
3.64107 -0.801702
3.64257 -0.839872
3.64407 -0.877824
3.64557 -0.915559
3.64707 -0.953077
3.64857 -0.99038
3.65008 -1.02747
3.65158 -1.06434
3.65308 -1.101
3.65458 -1.13744
3.65608 -1.17367
3.65758 -1.20969
3.65908 -1.2455
3.66058 -1.2811
3.66208 -1.31648
3.66358 -1.35166
3.66508 -1.38662
3.66658 -1.42138
3.66808 -1.45593
3.66958 -1.49027
3.67109 -1.5244
3.67259 -1.55832
3.67409 -1.59204
3.67559 -1.62556
3.67709 -1.65887
3.67859 -1.69197
3.68009 -1.72487
3.68159 -1.75757
3.68309 -1.79006
3.68459 -1.82236
3.68609 -1.85445
3.68759 -1.88634
3.68909 -1.91803
3.6906 -1.94952
3.6921 -1.98081
3.6936 -2.0119
3.6951 -2.04279
3.6966 -2.07348
3.6981 -2.10398
3.6996 -2.13428
3.7011 -2.16439
3.7026 -2.1943
3.7041 -2.22401
3.7056 -2.25353
3.7071 -2.28286
3.7086 -2.31199
3.71011 -2.34093
3.71161 -2.36968
3.71311 -2.39824
3.71461 -2.4266
3.71611 -2.45478
3.71761 -2.48276
3.71911 -2.51056
3.72061 -2.53817
3.72211 -2.56559
3.72361 -2.59282
3.72511 -2.61986
3.72661 -2.64672
3.72811 -2.67339
3.72961 -2.69987
3.73112 -2.72617
3.73262 -2.75229
3.73412 -2.77822
3.73562 -2.80397
3.73712 -2.82953
3.73862 -2.85492
3.74012 -2.88012
3.74162 -2.90514
3.74312 -2.92998
3.74462 -2.95464
3.74612 -2.97912
3.74762 -3.00342
3.74912 -3.02754
3.75063 -3.05148
3.75213 -3.07525
3.75363 -3.09884
3.75513 -3.12225
3.75663 -3.14549
3.75813 -3.16855
3.75963 -3.19144
3.76113 -3.21415
3.76263 -3.23669
3.76413 -3.25906
3.76563 -3.28125
3.76713 -3.30327
3.76863 -3.32512
3.77014 -3.3468
3.77164 -3.36831
3.77314 -3.38964
3.77464 -3.41081
3.77614 -3.43181
3.77764 -3.45264
3.77914 -3.4733
3.78064 -3.4938
3.78214 -3.51413
3.78364 -3.53429
3.78514 -3.55429
3.78664 -3.57412
3.78814 -3.59378
3.78964 -3.61328
3.79115 -3.63262
3.79265 -3.6518
3.79415 -3.67081
3.79565 -3.68966
3.79715 -3.70835
3.79865 -3.72687
3.80015 -3.74524
3.80165 -3.76344
3.80315 -3.78149
3.80465 -3.79938
3.80615 -3.81711
3.80765 -3.83468
3.80915 -3.85209
3.81066 -3.86934
3.81216 -3.88644
3.81366 -3.90339
3.81516 -3.92017
3.81666 -3.9368
3.81816 -3.95328
3.81966 -3.96961
3.82116 -3.98578
3.82266 -4.00179
3.82416 -4.01766
3.82566 -4.03337
3.82716 -4.04893
3.82866 -4.06434
3.83017 -4.0796
3.83167 -4.09471
3.83317 -4.10967
3.83467 -4.12448
3.83617 -4.13914
3.83767 -4.15366
3.83917 -4.16802
3.84067 -4.18224
3.84217 -4.19631
3.84367 -4.21024
3.84517 -4.22402
3.84667 -4.23766
3.84817 -4.25115
3.84967 -4.2645
3.85118 -4.2777
3.85268 -4.29076
3.85418 -4.30368
3.85568 -4.31646
3.85718 -4.32909
3.85868 -4.34159
3.86018 -4.35394
3.86168 -4.36615
3.86318 -4.37823
3.86468 -4.39016
3.86618 -4.40196
3.86768 -4.41362
3.86918 -4.42513
3.87069 -4.43652
3.87219 -4.44776
3.87369 -4.45887
3.87519 -4.46985
3.87669 -4.48068
3.87819 -4.49139
3.87969 -4.50196
3.88119 -4.51239
3.88269 -4.5227
3.88419 -4.53286
3.88569 -4.5429
3.88719 -4.55281
3.88869 -4.56258
3.8902 -4.57222
3.8917 -4.58173
3.8932 -4.59112
3.8947 -4.60037
3.8962 -4.60949
3.8977 -4.61849
3.8992 -4.62735
3.9007 -4.63609
3.9022 -4.6447
3.9037 -4.65319
3.9052 -4.66155
3.9067 -4.66978
3.9082 -4.67789
3.9097 -4.68587
3.91121 -4.69373
3.91271 -4.70146
3.91421 -4.70908
3.91571 -4.71656
3.91721 -4.72393
3.91871 -4.73117
3.92021 -4.7383
3.92171 -4.7453
3.92321 -4.75218
3.92471 -4.75894
3.92621 -4.76558
3.92771 -4.7721
3.92921 -4.7785
3.93072 -4.78478
3.93222 -4.79095
3.93372 -4.797
3.93522 -4.80293
3.93672 -4.80874
3.93822 -4.81444
3.93972 -4.82003
3.94122 -4.8255
3.94272 -4.83085
3.94422 -4.83609
3.94572 -4.84121
3.94722 -4.84623
3.94872 -4.85112
3.95023 -4.85591
3.95173 -4.86059
3.95323 -4.86515
3.95473 -4.8696
3.95623 -4.87394
3.95773 -4.87817
3.95923 -4.8823
3.96073 -4.88631
3.96223 -4.89021
3.96373 -4.89401
3.96523 -4.89769
3.96673 -4.90127
3.96823 -4.90474
3.96973 -4.90811
3.97124 -4.91137
3.97274 -4.91452
3.97424 -4.91757
3.97574 -4.92051
3.97724 -4.92335
3.97874 -4.92609
3.98024 -4.92872
3.98174 -4.93125
3.98324 -4.93367
3.98474 -4.936
3.98624 -4.93822
3.98774 -4.94034
3.98924 -4.94236
3.99075 -4.94427
3.99225 -4.94609
3.99375 -4.94781
3.99525 -4.94943
3.99675 -4.95095
3.99825 -4.95237
3.99975 -4.9537
4.00125 -4.95493
4.00275 -4.95606
4.00425 -4.95709
4.00575 -4.95803
4.00725 -4.95887
4.00875 -4.95961
4.01026 -4.96026
4.01176 -4.96082
4.01326 -4.96128
4.01476 -4.96165
4.01626 -4.96193
4.01776 -4.96211
4.01926 -4.9622
4.02076 -4.9622
4.02226 -4.9621
4.02376 -4.96192
4.02526 -4.96164
4.02676 -4.96128
4.02826 -4.96082
4.02976 -4.96028
4.03127 -4.95964
4.03277 -4.95892
4.03427 -4.95811
4.03577 -4.95721
4.03727 -4.95622
4.03877 -4.95515
4.04027 -4.95399
4.04177 -4.95274
4.04327 -4.95141
4.04477 -4.94999
4.04627 -4.94849
4.04777 -4.9469
4.04927 -4.94523
4.05078 -4.94348
4.05228 -4.94164
4.05378 -4.93972
4.05528 -4.93772
4.05678 -4.93563
4.05828 -4.93346
4.05978 -4.93121
4.06128 -4.92888
4.06278 -4.92648
4.06428 -4.92399
4.06578 -4.92142
4.06728 -4.91877
4.06878 -4.91604
4.07029 -4.91323
4.07179 -4.91035
4.07329 -4.90739
4.07479 -4.90435
4.07629 -4.90123
4.07779 -4.89804
4.07929 -4.89477
4.08079 -4.89142
4.08229 -4.888
4.08379 -4.88451
4.08529 -4.88094
4.08679 -4.8773
4.08829 -4.87358
4.08979 -4.86979
4.0913 -4.86592
4.0928 -4.86199
4.0943 -4.85798
4.0958 -4.8539
4.0973 -4.84975
4.0988 -4.84553
4.1003 -4.84123
4.1018 -4.83687
4.1033 -4.83244
4.1048 -4.82793
4.1063 -4.82336
4.1078 -4.81872
4.1093 -4.81401
4.11081 -4.80923
4.11231 -4.80439
4.11381 -4.79948
4.11531 -4.7945
4.11681 -4.78945
4.11831 -4.78434
4.11981 -4.77917
4.12131 -4.77393
4.12281 -4.76862
4.12431 -4.76325
4.12581 -4.75781
4.12731 -4.75231
4.12881 -4.74675
4.13032 -4.74112
4.13182 -4.73543
4.13332 -4.72968
4.13482 -4.72387
4.13632 -4.718
4.13782 -4.71206
4.13932 -4.70607
4.14082 -4.70001
4.14232 -4.69389
4.14382 -4.68772
4.14532 -4.68148
4.14682 -4.67518
4.14832 -4.66883
4.14982 -4.66242
4.15133 -4.65595
4.15283 -4.64942
4.15433 -4.64284
4.15583 -4.6362
4.15733 -4.6295
4.15883 -4.62275
4.16033 -4.61594
4.16183 -4.60907
4.16333 -4.60215
4.16483 -4.59518
4.16633 -4.58815
4.16783 -4.58107
4.16933 -4.57393
4.17084 -4.56674
4.17234 -4.5595
4.17384 -4.5522
4.17534 -4.54486
4.17684 -4.53746
4.17834 -4.53001
4.17984 -4.52251
4.18134 -4.51496
4.18284 -4.50735
4.18434 -4.4997
4.18584 -4.492
4.18734 -4.48425
4.18884 -4.47645
4.19035 -4.4686
4.19185 -4.4607
4.19335 -4.45276
4.19485 -4.44476
4.19635 -4.43672
4.19785 -4.42864
4.19935 -4.4205
4.20085 -4.41232
4.20235 -4.4041
4.20385 -4.39583
4.20535 -4.38751
4.20685 -4.37915
4.20835 -4.37074
4.20985 -4.36229
4.21136 -4.3538
4.21286 -4.34526
4.21436 -4.33668
4.21586 -4.32806
4.21736 -4.31939
4.21886 -4.31069
4.22036 -4.30194
4.22186 -4.29315
4.22336 -4.28431
4.22486 -4.27544
4.22636 -4.26653
4.22786 -4.25757
4.22936 -4.24858
4.23087 -4.23955
4.23237 -4.23048
4.23387 -4.22136
4.23537 -4.21221
4.23687 -4.20303
4.23837 -4.1938
4.23987 -4.18454
4.24137 -4.17524
4.24287 -4.1659
4.24437 -4.15653
4.24587 -4.14712
4.24737 -4.13767
4.24887 -4.12819
4.25038 -4.11867
4.25188 -4.10912
4.25338 -4.09954
4.25488 -4.08992
4.25638 -4.08026
4.25788 -4.07057
4.25938 -4.06085
4.26088 -4.0511
4.26238 -4.04131
4.26388 -4.03149
4.26538 -4.02164
4.26688 -4.01176
4.26838 -4.00184
4.26988 -3.9919
4.27139 -3.98192
4.27289 -3.97191
4.27439 -3.96187
4.27589 -3.95181
4.27739 -3.94171
4.27889 -3.93158
4.28039 -3.92143
4.28189 -3.91125
4.28339 -3.90103
4.28489 -3.89079
4.28639 -3.88053
4.28789 -3.87023
4.28939 -3.85991
4.2909 -3.84956
4.2924 -3.83918
4.2939 -3.82878
4.2954 -3.81835
4.2969 -3.8079
4.2984 -3.79742
4.2999 -3.78692
4.3014 -3.77639
4.3029 -3.76584
4.3044 -3.75526
4.3059 -3.74466
4.3074 -3.73404
4.3089 -3.72339
4.31041 -3.71272
4.31191 -3.70203
4.31341 -3.69131
4.31491 -3.68057
4.31641 -3.66982
4.31791 -3.65904
4.31941 -3.64823
4.32091 -3.63741
4.32241 -3.62657
4.32391 -3.61571
4.32541 -3.60482
4.32691 -3.59392
4.32841 -3.583
4.32991 -3.57206
4.33142 -3.5611
4.33292 -3.55012
4.33442 -3.53912
4.33592 -3.52811
4.33742 -3.51708
4.33892 -3.50603
4.34042 -3.49496
4.34192 -3.48388
4.34342 -3.47278
4.34492 -3.46166
4.34642 -3.45053
4.34792 -3.43938
4.34942 -3.42821
4.35093 -3.41704
4.35243 -3.40584
4.35393 -3.39463
4.35543 -3.38341
4.35693 -3.37218
4.35843 -3.36092
4.35993 -3.34966
4.36143 -3.33838
4.36293 -3.32709
4.36443 -3.31579
4.36593 -3.30448
4.36743 -3.29315
4.36893 -3.28181
4.37044 -3.27046
4.37194 -3.2591
4.37344 -3.24773
4.37494 -3.23634
4.37644 -3.22495
4.37794 -3.21354
4.37944 -3.20213
4.38094 -3.19071
4.38244 -3.17927
4.38394 -3.16783
4.38544 -3.15638
4.38694 -3.14492
4.38844 -3.13345
4.38994 -3.12197
4.39145 -3.11049
4.39295 -3.099
4.39445 -3.0875
4.39595 -3.07599
4.39745 -3.06448
4.39895 -3.05296
4.40045 -3.04143
4.40195 -3.0299
4.40345 -3.01836
4.40495 -3.00682
4.40645 -2.99527
4.40795 -2.98371
4.40945 -2.97216
4.41096 -2.96059
4.41246 -2.94903
4.41396 -2.93745
4.41546 -2.92588
4.41696 -2.9143
4.41846 -2.90272
4.41996 -2.89113
4.42146 -2.87955
4.42296 -2.86796
4.42446 -2.85636
4.42596 -2.84477
4.42746 -2.83317
4.42896 -2.82157
4.43047 -2.80998
4.43197 -2.79838
4.43347 -2.78677
4.43497 -2.77517
4.43647 -2.76357
4.43797 -2.75197
4.43947 -2.74037
4.44097 -2.72877
4.44247 -2.71717
4.44397 -2.70557
4.44547 -2.69397
4.44697 -2.68237
4.44847 -2.67078
4.44997 -2.65918
4.45148 -2.64759
4.45298 -2.636
4.45448 -2.62442
4.45598 -2.61283
4.45748 -2.60125
4.45898 -2.58967
4.46048 -2.5781
4.46198 -2.56653
4.46348 -2.55496
4.46498 -2.5434
4.46648 -2.53184
4.46798 -2.52029
4.46948 -2.50874
4.47099 -2.4972
4.47249 -2.48566
4.47399 -2.47413
4.47549 -2.4626
4.47699 -2.45108
4.47849 -2.43956
4.47999 -2.42806
4.48149 -2.41656
4.48299 -2.40506
4.48449 -2.39357
4.48599 -2.38209
4.48749 -2.37062
4.48899 -2.35916
4.4905 -2.3477
4.492 -2.33625
4.4935 -2.32481
4.495 -2.31338
4.4965 -2.30196
4.498 -2.29054
4.4995 -2.27914
4.501 -2.26775
4.5025 -2.25636
4.504 -2.24499
4.5055 -2.23362
4.507 -2.22227
4.5085 -2.21092
4.51001 -2.19959
4.51151 -2.18827
4.51301 -2.17696
4.51451 -2.16566
4.51601 -2.15437
4.51751 -2.14309
4.51901 -2.13183
4.52051 -2.12058
4.52201 -2.10934
4.52351 -2.09811
4.52501 -2.0869
4.52651 -2.0757
4.52801 -2.06451
4.52951 -2.05333
4.53102 -2.04217
4.53252 -2.03103
4.53402 -2.01989
4.53552 -2.00878
4.53702 -1.99767
4.53852 -1.98658
4.54002 -1.97551
4.54152 -1.96445
4.54302 -1.95341
4.54452 -1.94238
4.54602 -1.93136
4.54752 -1.92037
4.54902 -1.90939
4.55053 -1.89842
4.55203 -1.88747
4.55353 -1.87654
4.55503 -1.86563
4.55653 -1.85473
4.55803 -1.84385
4.55953 -1.83299
4.56103 -1.82214
4.56253 -1.81131
4.56403 -1.8005
4.56553 -1.78971
4.56703 -1.77894
4.56853 -1.76818
4.57004 -1.75744
4.57154 -1.74673
4.57304 -1.73603
4.57454 -1.72535
4.57604 -1.71469
4.57754 -1.70405
4.57904 -1.69343
4.58054 -1.68283
4.58204 -1.67225
4.58354 -1.66169
4.58504 -1.65115
4.58654 -1.64063
4.58804 -1.63013
4.58954 -1.61965
4.59105 -1.6092
4.59255 -1.59876
4.59405 -1.58835
4.59555 -1.57796
4.59705 -1.56759
4.59855 -1.55724
4.60005 -1.54692
4.60155 -1.53662
4.60305 -1.52634
4.60455 -1.51608
4.60605 -1.50585
4.60755 -1.49564
4.60905 -1.48545
4.61056 -1.47528
4.61206 -1.46514
4.61356 -1.45503
4.61506 -1.44493
4.61656 -1.43486
4.61806 -1.42482
4.61956 -1.4148
4.62106 -1.4048
4.62256 -1.39483
4.62406 -1.38489
4.62556 -1.37497
4.62706 -1.36507
4.62856 -1.3552
4.63007 -1.34536
4.63157 -1.33554
4.63307 -1.32575
4.63457 -1.31598
4.63607 -1.30624
4.63757 -1.29652
4.63907 -1.28684
4.64057 -1.27718
4.64207 -1.26754
4.64357 -1.25793
4.64507 -1.24835
4.64657 -1.2388
4.64807 -1.22927
4.64957 -1.21978
4.65108 -1.21031
4.65258 -1.20086
4.65408 -1.19145
4.65558 -1.18206
4.65708 -1.17271
4.65858 -1.16338
4.66008 -1.15408
4.66158 -1.1448
4.66308 -1.13556
4.66458 -1.12635
4.66608 -1.11716
4.66758 -1.10801
4.66908 -1.09888
4.67059 -1.08978
4.67209 -1.08072
4.67359 -1.07168
4.67509 -1.06267
4.67659 -1.0537
4.67809 -1.04475
4.67959 -1.03584
4.68109 -1.02695
4.68259 -1.0181
4.68409 -1.00927
4.68559 -1.00048
4.68709 -0.99172
4.68859 -0.98299
4.6901 -0.974291
4.6916 -0.965624
4.6931 -0.956989
4.6946 -0.948385
4.6961 -0.939814
4.6976 -0.931274
4.6991 -0.922767
4.7006 -0.914292
4.7021 -0.905849
4.7036 -0.897439
4.7051 -0.889062
4.7066 -0.880718
4.7081 -0.872406
4.7096 -0.864128
4.71111 -0.855883
4.71261 -0.847671
4.71411 -0.839493
4.71561 -0.831348
4.71711 -0.823237
4.71861 -0.81516
4.72011 -0.807117
4.72161 -0.799108
4.72311 -0.791133
4.72461 -0.783192
4.72611 -0.775286
4.72761 -0.767414
4.72911 -0.759577
4.73062 -0.751775
4.73212 -0.744008
4.73362 -0.736275
4.73512 -0.728578
4.73662 -0.720916
4.73812 -0.71329
4.73962 -0.705699
4.74112 -0.698143
4.74262 -0.690623
4.74412 -0.683139
4.74562 -0.675691
4.74712 -0.668279
4.74862 -0.660903
4.75013 -0.653563
4.75163 -0.64626
4.75313 -0.638993
4.75463 -0.631762
4.75613 -0.624568
4.75763 -0.617411
4.75913 -0.610291
4.76063 -0.603208
4.76213 -0.596162
4.76363 -0.589153
4.76513 -0.582181
4.76663 -0.575247
4.76813 -0.56835
4.76963 -0.561491
4.77114 -0.55467
4.77264 -0.547886
4.77414 -0.54114
4.77564 -0.534432
4.77714 -0.527762
4.77864 -0.521131
4.78014 -0.514537
4.78164 -0.507982
4.78314 -0.501466
4.78464 -0.494988
4.78614 -0.488548
4.78764 -0.482148
4.78914 -0.475786
4.79065 -0.469463
4.79215 -0.463179
4.79365 -0.456934
4.79515 -0.450728
4.79665 -0.444562
4.79815 -0.438435
4.79965 -0.432347
4.80115 -0.426299
4.80265 -0.42029
4.80415 -0.414321
4.80565 -0.408392
4.80715 -0.402503
4.80865 -0.396654
4.81016 -0.390845
4.81166 -0.385076
4.81316 -0.379347
4.81466 -0.373658
4.81616 -0.36801
4.81766 -0.362402
4.81916 -0.356834
4.82066 -0.351308
4.82216 -0.345822
4.82366 -0.340376
4.82516 -0.334972
4.82666 -0.329608
4.82816 -0.324285
4.82966 -0.319003
4.83117 -0.313763
4.83267 -0.308564
4.83417 -0.303405
4.83567 -0.298289
4.83717 -0.293213
4.83867 -0.288179
4.84017 -0.283187
4.84167 -0.278236
4.84317 -0.273327
4.84467 -0.26846
4.84617 -0.263634
4.84767 -0.25885
4.84917 -0.254109
4.85068 -0.249409
4.85218 -0.244751
4.85368 -0.240136
4.85518 -0.235562
4.85668 -0.231031
4.85818 -0.226542
4.85968 -0.222096
4.86118 -0.217692
4.86268 -0.213331
4.86418 -0.209012
4.86568 -0.204735
4.86718 -0.200502
4.86868 -0.196311
4.87019 -0.192163
4.87169 -0.188058
4.87319 -0.183995
4.87469 -0.179976
4.87619 -0.176
4.87769 -0.172066
4.87919 -0.168176
4.88069 -0.164329
4.88219 -0.160525
4.88369 -0.156765
4.88519 -0.153048
4.88669 -0.149374
4.88819 -0.145743
4.88969 -0.142157
4.8912 -0.138613
4.8927 -0.135113
4.8942 -0.131657
4.8957 -0.128244
4.8972 -0.124875
4.8987 -0.12155
4.9002 -0.118269
4.9017 -0.115031
4.9032 -0.111838
4.9047 -0.108688
4.9062 -0.105582
4.9077 -0.10252
4.9092 -0.0995027
4.91071 -0.096529
4.91221 -0.0935994
4.91371 -0.090714
4.91521 -0.0878728
4.91671 -0.0850757
4.91821 -0.082323
4.91971 -0.0796145
4.92121 -0.0769504
4.92271 -0.0743307
4.92421 -0.0717553
4.92571 -0.0692244
4.92721 -0.0667379
4.92871 -0.064296
4.93022 -0.0618985
4.93172 -0.0595456
4.93322 -0.0572374
4.93472 -0.0549737
4.93622 -0.0527546
4.93772 -0.0505803
4.93922 -0.0484506
4.94072 -0.0463657
4.94222 -0.0443255
4.94372 -0.04233
4.94522 -0.0403794
4.94672 -0.0384736
4.94822 -0.0366127
4.94972 -0.0347966
4.95123 -0.0330254
4.95273 -0.0312991
4.95423 -0.0296178
4.95573 -0.0279814
4.95723 -0.0263899
4.95873 -0.0248435
4.96023 -0.0233421
4.96173 -0.0218857
4.96323 -0.0204743
4.96473 -0.019108
4.96623 -0.0177868
4.96773 -0.0165106
4.96923 -0.0152796
4.97074 -0.0140937
4.97224 -0.0129529
4.97374 -0.0118572
4.97524 -0.0108067
4.97674 -0.00980142
4.97824 -0.00884126
4.97974 -0.00792628
4.98124 -0.0070565
4.98274 -0.00623192
4.98424 -0.00545255
4.98574 -0.00471839
4.98724 -0.00402945
4.98874 -0.00338575
4.99025 -0.00278727
4.99175 -0.00223404
4.99325 -0.00172604
4.99475 -0.00126329
4.99625 -0.000845789
4.99775 -0.000473535
4.99925 -0.000146532
5.00075 0.00013522
5.00225 0.00037172
5.00375 0.00056297
5.00525 0.000708971
5.00675 0.000809725
5.00825 0.000865234
5.00975 0.000875502
5.01126 0.000840531
5.01276 0.000760328
5.01426 0.000634897
5.01576 0.000464243
5.01726 0.000248374
5.01876 -1.2704e-05
5.02026 -0.000318983
5.02176 -0.000670455
5.02326 -0.00106711
5.02476 -0.00150894
5.02626 -0.00199593
5.02776 -0.00252808
5.02926 -0.00310537
5.03077 -0.00372778
5.03227 -0.00439531
5.03377 -0.00510795
5.03527 -0.00586567
5.03677 -0.00666847
5.03827 -0.00751632
5.03977 -0.00840922
5.04127 -0.00934715
5.04277 -0.0103301
5.04427 -0.011358
5.04577 -0.0124309
5.04727 -0.0135487
5.04877 -0.0147115
5.05028 -0.0159192
5.05178 -0.0171718
5.05328 -0.0184692
5.05478 -0.0198115
5.05628 -0.0211986
5.05778 -0.0226306
5.05928 -0.0241073
5.06078 -0.0256287
5.06228 -0.0271949
5.06378 -0.0288057
5.06528 -0.0304613
5.06678 -0.0321614
5.06828 -0.0339062
5.06978 -0.0356956
5.07129 -0.0375295
5.07279 -0.039408
5.07429 -0.041331
5.07579 -0.0432984
5.07729 -0.0453102
5.07879 -0.0473665
5.08029 -0.0494671
5.08179 -0.051612
5.08329 -0.0538013
5.08479 -0.0560348
5.08629 -0.0583125
5.08779 -0.0606344
5.08929 -0.0630005
5.0908 -0.0654107
5.0923 -0.067865
5.0938 -0.0703633
5.0953 -0.0729055
5.0968 -0.0754918
5.0983 -0.0781219
5.0998 -0.080796
5.1013 -0.0835138
5.1028 -0.0862755
5.1043 -0.0890809
5.1058 -0.09193
5.1073 -0.0948227
5.1088 -0.0977591
5.11031 -0.100739
5.11181 -0.103762
5.11331 -0.106829
5.11481 -0.10994
5.11631 -0.113093
5.11781 -0.11629
5.11931 -0.119531
5.12081 -0.122814
5.12231 -0.126141
5.12381 -0.129511
5.12531 -0.132923
5.12681 -0.136379
5.12831 -0.139878
5.12981 -0.14342
5.13132 -0.147004
5.13282 -0.150632
5.13432 -0.154302
5.13582 -0.158015
5.13732 -0.16177
5.13882 -0.165568
5.14032 -0.169408
5.14182 -0.173291
5.14332 -0.177217
5.14482 -0.181184
5.14632 -0.185194
5.14782 -0.189246
5.14932 -0.19334
5.15083 -0.197476
5.15233 -0.201655
5.15383 -0.205875
5.15533 -0.210137
5.15683 -0.214441
5.15833 -0.218786
5.15983 -0.223174
5.16133 -0.227603
5.16283 -0.232073
5.16433 -0.236585
5.16583 -0.241138
5.16733 -0.245733
5.16883 -0.250369
5.17034 -0.255046
5.17184 -0.259764
5.17334 -0.264523
5.17484 -0.269323
5.17634 -0.274164
5.17784 -0.279046
5.17934 -0.283969
5.18084 -0.288932
5.18234 -0.293936
5.18384 -0.29898
5.18534 -0.304065
5.18684 -0.30919
5.18834 -0.314356
5.18984 -0.319561
5.19135 -0.324807
5.19285 -0.330093
5.19435 -0.335419
5.19585 -0.340784
5.19735 -0.34619
5.19885 -0.351635
5.20035 -0.357119
5.20185 -0.362643
5.20335 -0.368207
5.20485 -0.37381
5.20635 -0.379452
5.20785 -0.385133
5.20935 -0.390854
5.21086 -0.396613
5.21236 -0.402412
5.21386 -0.408249
5.21536 -0.414125
5.21686 -0.420039
5.21836 -0.425993
5.21986 -0.431984
5.22136 -0.438014
5.22286 -0.444082
5.22436 -0.450188
5.22586 -0.456333
5.22736 -0.462515
5.22886 -0.468735
5.23037 -0.474993
5.23187 -0.481289
5.23337 -0.487622
5.23487 -0.493993
5.23637 -0.500401
5.23787 -0.506847
5.23937 -0.513329
5.24087 -0.519849
5.24237 -0.526406
5.24387 -0.532999
5.24537 -0.539629
5.24687 -0.546296
5.24837 -0.553
5.24987 -0.55974
5.25138 -0.566516
5.25288 -0.573328
5.25438 -0.580177
5.25588 -0.587062
5.25738 -0.593982
5.25888 -0.600939
5.26038 -0.607931
5.26188 -0.614958
5.26338 -0.622021
5.26488 -0.62912
5.26638 -0.636253
5.26788 -0.643422
5.26938 -0.650626
5.27089 -0.657865
5.27239 -0.665138
5.27389 -0.672446
5.27539 -0.679789
5.27689 -0.687166
5.27839 -0.694578
5.27989 -0.702023
5.28139 -0.709503
5.28289 -0.717017
5.28439 -0.724564
5.28589 -0.732145
5.28739 -0.73976
5.28889 -0.747408
5.2904 -0.75509
5.2919 -0.762805
5.2934 -0.770553
5.2949 -0.778334
5.2964 -0.786147
5.2979 -0.793994
5.2994 -0.801873
5.3009 -0.809784
5.3024 -0.817728
5.3039 -0.825704
5.3054 -0.833712
5.3069 -0.841752
5.3084 -0.849824
5.3099 -0.857928
5.31141 -0.866063
5.31291 -0.874229
5.31441 -0.882427
5.31591 -0.890656
5.31741 -0.898916
5.31891 -0.907207
5.32041 -0.915528
5.32191 -0.92388
5.32341 -0.932263
5.32491 -0.940676
5.32641 -0.949119
5.32791 -0.957592
5.32941 -0.966095
5.33092 -0.974628
5.33242 -0.983191
5.33392 -0.991783
5.33542 -1.0004
5.33692 -1.00905
5.33842 -1.01773
5.33992 -1.02644
5.34142 -1.03518
5.34292 -1.04395
5.34442 -1.05274
5.34592 -1.06156
5.34742 -1.07041
5.34892 -1.07929
5.35043 -1.0882
5.35193 -1.09713
5.35343 -1.1061
5.35493 -1.11508
5.35643 -1.1241
5.35793 -1.13315
5.35943 -1.14222
5.36093 -1.15131
5.36243 -1.16044
5.36393 -1.16959
5.36543 -1.17877
5.36693 -1.18797
5.36843 -1.1972
5.36993 -1.20645
5.37144 -1.21573
5.37294 -1.22504
5.37444 -1.23437
5.37594 -1.24373
5.37744 -1.25311
5.37894 -1.26252
5.38044 -1.27195
5.38194 -1.28141
5.38344 -1.29089
5.38494 -1.30039
5.38644 -1.30992
5.38794 -1.31948
5.38944 -1.32905
5.39095 -1.33866
5.39245 -1.34828
5.39395 -1.35793
5.39545 -1.3676
5.39695 -1.37729
5.39845 -1.38701
5.39995 -1.39675
5.40145 -1.40651
5.40295 -1.41629
5.40445 -1.4261
5.40595 -1.43592
5.40745 -1.44577
5.40895 -1.45564
5.41046 -1.46554
5.41196 -1.47545
5.41346 -1.48538
5.41496 -1.49534
5.41646 -1.50532
5.41796 -1.51531
5.41946 -1.52533
5.42096 -1.53537
5.42246 -1.54542
5.42396 -1.5555
5.42546 -1.5656
5.42696 -1.57571
5.42846 -1.58585
5.42996 -1.596
5.43147 -1.60617
5.43297 -1.61637
5.43447 -1.62658
5.43597 -1.6368
5.43747 -1.64705
5.43897 -1.65731
5.44047 -1.6676
5.44197 -1.6779
5.44347 -1.68821
5.44497 -1.69855
5.44647 -1.7089
5.44797 -1.71927
5.44947 -1.72965
5.45098 -1.74005
5.45248 -1.75047
5.45398 -1.7609
5.45548 -1.77135
5.45698 -1.78182
5.45848 -1.7923
5.45998 -1.80279
5.46148 -1.81331
5.46298 -1.82383
5.46448 -1.83437
5.46598 -1.84493
5.46748 -1.8555
5.46898 -1.86608
5.47049 -1.87668
5.47199 -1.88729
5.47349 -1.89791
5.47499 -1.90855
5.47649 -1.9192
5.47799 -1.92986
5.47949 -1.94054
5.48099 -1.95123
5.48249 -1.96193
5.48399 -1.97264
5.48549 -1.98336
5.48699 -1.9941
5.48849 -2.00485
5.48999 -2.0156
5.4915 -2.02637
5.493 -2.03716
5.4945 -2.04795
5.496 -2.05875
5.4975 -2.06956
5.499 -2.08038
5.5005 -2.09121
5.502 -2.10205
5.5035 -2.1129
5.505 -2.12376
5.5065 -2.13463
5.508 -2.14551
5.5095 -2.15639
5.51101 -2.16728
5.51251 -2.17818
5.51401 -2.18909
5.51551 -2.20001
5.51701 -2.21093
5.51851 -2.22187
5.52001 -2.2328
5.52151 -2.24375
5.52301 -2.2547
5.52451 -2.26566
5.52601 -2.27662
5.52751 -2.28759
5.52901 -2.29856
5.53052 -2.30954
5.53202 -2.32053
5.53352 -2.33152
5.53502 -2.34251
5.53652 -2.35351
5.53802 -2.36451
5.53952 -2.37552
5.54102 -2.38653
5.54252 -2.39754
5.54402 -2.40856
5.54552 -2.41958
5.54702 -2.4306
5.54852 -2.44163
5.55003 -2.45266
5.55153 -2.46369
5.55303 -2.47472
5.55453 -2.48575
5.55603 -2.49679
5.55753 -2.50783
5.55903 -2.51886
5.56053 -2.5299
5.56203 -2.54094
5.56353 -2.55198
5.56503 -2.56301
5.56653 -2.57405
5.56803 -2.58509
5.56953 -2.59613
5.57104 -2.60716
5.57254 -2.6182
5.57404 -2.62923
5.57554 -2.64026
5.57704 -2.65129
5.57854 -2.66231
5.58004 -2.67334
5.58154 -2.68436
5.58304 -2.69538
5.58454 -2.70639
5.58604 -2.71741
5.58754 -2.72841
5.58904 -2.73942
5.59055 -2.75042
5.59205 -2.76141
5.59355 -2.7724
5.59505 -2.78339
5.59655 -2.79437
5.59805 -2.80534
5.59955 -2.81631
5.60105 -2.82727
5.60255 -2.83823
5.60405 -2.84918
5.60555 -2.86012
5.60705 -2.87106
5.60855 -2.88199
5.61006 -2.89291
5.61156 -2.90382
5.61306 -2.91473
5.61456 -2.92562
5.61606 -2.93651
5.61756 -2.94739
5.61906 -2.95826
5.62056 -2.96912
5.62206 -2.97997
5.62356 -2.99081
5.62506 -3.00164
5.62656 -3.01246
5.62806 -3.02327
5.62956 -3.03407
5.63107 -3.04486
5.63257 -3.05563
5.63407 -3.0664
5.63557 -3.07715
5.63707 -3.08789
5.63857 -3.09861
5.64007 -3.10933
5.64157 -3.12003
5.64307 -3.13071
5.64457 -3.14139
5.64607 -3.15205
5.64757 -3.16269
5.64907 -3.17332
5.65058 -3.18394
5.65208 -3.19454
5.65358 -3.20512
5.65508 -3.21569
5.65658 -3.22624
5.65808 -3.23678
5.65958 -3.2473
5.66108 -3.2578
5.66258 -3.26829
5.66408 -3.27876
5.66558 -3.28921
5.66708 -3.29964
5.66858 -3.31006
5.67009 -3.32045
5.67159 -3.33083
5.67309 -3.34119
5.67459 -3.35153
5.67609 -3.36185
5.67759 -3.37215
5.67909 -3.38243
5.68059 -3.39269
5.68209 -3.40292
5.68359 -3.41314
5.68509 -3.42334
5.68659 -3.43351
5.68809 -3.44366
5.68959 -3.45379
5.6911 -3.4639
5.6926 -3.47398
5.6941 -3.48404
5.6956 -3.49408
5.6971 -3.50409
5.6986 -3.51408
5.7001 -3.52404
5.7016 -3.53398
5.7031 -3.5439
5.7046 -3.55379
5.7061 -3.56365
5.7076 -3.57349
5.7091 -3.5833
5.71061 -3.59309
5.71211 -3.60285
5.71361 -3.61258
5.71511 -3.62228
5.71661 -3.63196
5.71811 -3.64161
5.71961 -3.65123
5.72111 -3.66082
5.72261 -3.67038
5.72411 -3.67992
5.72561 -3.68942
5.72711 -3.69889
5.72861 -3.70834
5.73012 -3.71775
5.73162 -3.72713
5.73312 -3.73648
5.73462 -3.7458
5.73612 -3.75509
5.73762 -3.76435
5.73912 -3.77357
5.74062 -3.78276
5.74212 -3.79192
5.74362 -3.80105
5.74512 -3.81014
5.74662 -3.81919
5.74812 -3.82822
5.74962 -3.8372
5.75113 -3.84616
5.75263 -3.85507
5.75413 -3.86396
5.75563 -3.8728
5.75713 -3.88161
5.75863 -3.89039
5.76013 -3.89912
5.76163 -3.90782
5.76313 -3.91649
5.76463 -3.92511
5.76613 -3.9337
5.76763 -3.94224
5.76913 -3.95075
5.77064 -3.95922
5.77214 -3.96765
5.77364 -3.97604
5.77514 -3.98439
5.77664 -3.9927
5.77814 -4.00097
5.77964 -4.0092
5.78114 -4.01738
5.78264 -4.02553
5.78414 -4.03363
5.78564 -4.04169
5.78714 -4.04971
5.78864 -4.05768
5.79015 -4.06561
5.79165 -4.0735
5.79315 -4.08134
5.79465 -4.08914
5.79615 -4.09689
5.79765 -4.1046
5.79915 -4.11226
5.80065 -4.11987
5.80215 -4.12744
5.80365 -4.13497
5.80515 -4.14244
5.80665 -4.14987
5.80815 -4.15725
5.80965 -4.16459
5.81116 -4.17187
5.81266 -4.17911
5.81416 -4.1863
5.81566 -4.19344
5.81716 -4.20053
5.81866 -4.20756
5.82016 -4.21455
5.82166 -4.22149
5.82316 -4.22838
5.82466 -4.23521
5.82616 -4.242
5.82766 -4.24873
5.82916 -4.2554
5.83067 -4.26203
5.83217 -4.2686
5.83367 -4.27512
5.83517 -4.28159
5.83667 -4.288
5.83817 -4.29435
5.83967 -4.30066
5.84117 -4.3069
5.84267 -4.31309
5.84417 -4.31923
5.84567 -4.3253
5.84717 -4.33132
5.84867 -4.33729
5.85018 -4.34319
5.85168 -4.34904
5.85318 -4.35483
5.85468 -4.36056
5.85618 -4.36624
5.85768 -4.37185
5.85918 -4.3774
5.86068 -4.3829
5.86218 -4.38833
5.86368 -4.3937
5.86518 -4.39901
5.86668 -4.40426
5.86818 -4.40945
5.86968 -4.41457
5.87119 -4.41964
5.87269 -4.42463
5.87419 -4.42957
5.87569 -4.43444
5.87719 -4.43925
5.87869 -4.44399
5.88019 -4.44867
5.88169 -4.45329
5.88319 -4.45783
5.88469 -4.46231
5.88619 -4.46673
5.88769 -4.47108
5.88919 -4.47536
5.8907 -4.47957
5.8922 -4.48372
5.8937 -4.48779
5.8952 -4.4918
5.8967 -4.49574
5.8982 -4.49961
5.8997 -4.50341
5.9012 -4.50714
5.9027 -4.5108
5.9042 -4.51439
5.9057 -4.51791
5.9072 -4.52135
5.9087 -4.52472
5.91021 -4.52802
5.91171 -4.53125
5.91321 -4.5344
5.91471 -4.53748
5.91621 -4.54049
5.91771 -4.54342
5.91921 -4.54628
5.92071 -4.54906
5.92221 -4.55176
5.92371 -4.55439
5.92521 -4.55695
5.92671 -4.55942
5.92821 -4.56182
5.92971 -4.56414
5.93122 -4.56638
5.93272 -4.56855
5.93422 -4.57063
5.93572 -4.57264
5.93722 -4.57457
5.93872 -4.57641
5.94022 -4.57818
5.94172 -4.57986
5.94322 -4.58147
5.94472 -4.58299
5.94622 -4.58443
5.94772 -4.58579
5.94922 -4.58706
5.95073 -4.58825
5.95223 -4.58936
5.95373 -4.59038
5.95523 -4.59132
5.95673 -4.59218
5.95823 -4.59295
5.95973 -4.59363
5.96123 -4.59422
5.96273 -4.59473
5.96423 -4.59516
5.96573 -4.59549
5.96723 -4.59574
5.96873 -4.5959
5.97024 -4.59597
5.97174 -4.59595
5.97324 -4.59584
5.97474 -4.59565
5.97624 -4.59536
5.97774 -4.59498
5.97924 -4.59451
5.98074 -4.59395
5.98224 -4.5933
5.98374 -4.59255
5.98524 -4.59171
5.98674 -4.59078
5.98824 -4.58975
5.98974 -4.58863
5.99125 -4.58742
5.99275 -4.58611
5.99425 -4.5847
5.99575 -4.5832
5.99725 -4.58161
5.99875 -4.57991
6.00025 -4.57812
6.00175 -4.57624
6.00325 -4.57425
6.00475 -4.57217
6.00625 -4.56998
6.00775 -4.5677
6.00925 -4.56532
6.01076 -4.56284
6.01226 -4.56025
6.01376 -4.55757
6.01526 -4.55479
6.01676 -4.5519
6.01826 -4.54891
6.01976 -4.54582
6.02126 -4.54262
6.02276 -4.53932
6.02426 -4.53592
6.02576 -4.53242
6.02726 -4.5288
6.02876 -4.52509
6.03027 -4.52126
6.03177 -4.51733
6.03327 -4.5133
6.03477 -4.50916
6.03627 -4.50491
6.03777 -4.50055
6.03927 -4.49608
6.04077 -4.49151
6.04227 -4.48682
6.04377 -4.48203
6.04527 -4.47712
6.04677 -4.47211
6.04827 -4.46698
6.04977 -4.46174
6.05128 -4.45639
6.05278 -4.45093
6.05428 -4.44535
6.05578 -4.43966
6.05728 -4.43386
6.05878 -4.42794
6.06028 -4.42191
6.06178 -4.41576
6.06328 -4.4095
6.06478 -4.40312
6.06628 -4.39663
6.06778 -4.39002
6.06928 -4.38329
6.07079 -4.37644
6.07229 -4.36947
6.07379 -4.36239
6.07529 -4.35519
6.07679 -4.34786
6.07829 -4.34042
6.07979 -4.33285
6.08129 -4.32517
6.08279 -4.31736
6.08429 -4.30943
6.08579 -4.30138
6.08729 -4.29321
6.08879 -4.28491
6.0903 -4.27649
6.0918 -4.26794
6.0933 -4.25927
6.0948 -4.25047
6.0963 -4.24155
6.0978 -4.2325
6.0993 -4.22333
6.1008 -4.21402
6.1023 -4.20459
6.1038 -4.19504
6.1053 -4.18535
6.1068 -4.17553
6.1083 -4.16559
6.1098 -4.15551
6.11131 -4.14531
6.11281 -4.13497
6.11431 -4.1245
6.11581 -4.1139
6.11731 -4.10317
6.11881 -4.0923
6.12031 -4.0813
6.12181 -4.07017
6.12331 -4.0589
6.12481 -4.0475
6.12631 -4.03596
6.12781 -4.02429
6.12931 -4.01248
6.13082 -4.00053
6.13232 -3.98845
6.13382 -3.97623
6.13532 -3.96387
6.13682 -3.95137
6.13832 -3.93874
6.13982 -3.92596
6.14132 -3.91304
6.14282 -3.89999
6.14432 -3.88679
6.14582 -3.87345
6.14732 -3.85997
6.14882 -3.84634
6.15033 -3.83257
6.15183 -3.81866
6.15333 -3.80461
6.15483 -3.79041
6.15633 -3.77606
6.15783 -3.76157
6.15933 -3.74693
6.16083 -3.73215
6.16233 -3.71722
6.16383 -3.70214
6.16533 -3.68692
6.16683 -3.67154
6.16833 -3.65602
6.16983 -3.64035
6.17134 -3.62453
6.17284 -3.60855
6.17434 -3.59243
6.17584 -3.57615
6.17734 -3.55972
6.17884 -3.54314
6.18034 -3.52641
6.18184 -3.50952
6.18334 -3.49248
6.18484 -3.47529
6.18634 -3.45794
6.18784 -3.44043
6.18934 -3.42277
6.19085 -3.40495
6.19235 -3.38697
6.19385 -3.36884
6.19535 -3.35055
6.19685 -3.3321
6.19835 -3.31349
6.19985 -3.29472
6.20135 -3.27579
6.20285 -3.2567
6.20435 -3.23745
6.20585 -3.21803
6.20735 -3.19846
6.20885 -3.17872
6.21036 -3.15882
6.21186 -3.13875
6.21336 -3.11852
6.21486 -3.09813
6.21636 -3.07757
6.21786 -3.05685
6.21936 -3.03595
6.22086 -3.01489
6.22236 -2.99367
6.22386 -2.97227
6.22536 -2.95071
6.22686 -2.92898
6.22836 -2.90708
6.22986 -2.88501
6.23137 -2.86277
6.23287 -2.84035
6.23437 -2.81777
6.23587 -2.79501
6.23737 -2.77208
6.23887 -2.74898
6.24037 -2.7257
6.24187 -2.70225
6.24337 -2.67863
6.24487 -2.65483
6.24637 -2.63085
6.24787 -2.6067
6.24937 -2.58237
6.25088 -2.55786
6.25238 -2.53317
6.25388 -2.50831
6.25538 -2.48327
6.25688 -2.45804
6.25838 -2.43264
6.25988 -2.40706
6.26138 -2.38129
6.26288 -2.35535
6.26438 -2.32922
6.26588 -2.30291
6.26738 -2.27641
6.26888 -2.24973
6.27039 -2.22287
6.27189 -2.19582
6.27339 -2.16858
6.27489 -2.14116
6.27639 -2.11356
6.27789 -2.08576
6.27939 -2.05778
6.28089 -2.02961
6.28239 -2.00125
6.28389 -1.9727
6.28539 -1.94396
6.28689 -1.91503
6.28839 -1.88591
6.28989 -1.8566
6.2914 -1.8271
6.2929 -1.7974
6.2944 -1.76751
6.2959 -1.73743
6.2974 -1.70715
6.2989 -1.67668
6.3004 -1.64601
6.3019 -1.61514
6.3034 -1.58408
6.3049 -1.55282
6.3064 -1.52137
6.3079 -1.48971
6.3094 -1.45786
6.31091 -1.42581
6.31241 -1.39355
6.31391 -1.3611
6.31541 -1.32845
6.31691 -1.29559
6.31841 -1.26253
6.31991 -1.22927
6.32141 -1.19581
6.32291 -1.16214
6.32441 -1.12827
6.32591 -1.09419
6.32741 -1.05991
6.32891 -1.02542
6.33042 -0.99072
6.33192 -0.955816
6.33342 -0.920705
6.33492 -0.885385
6.33642 -0.849856
6.33792 -0.814118
6.33942 -0.778169
6.34092 -0.74201
6.34242 -0.705639
6.34392 -0.669056
6.34542 -0.632261
6.34692 -0.595253
6.34842 -0.558031
6.34992 -0.520596
6.35143 -0.482945
6.35293 -0.445079
6.35443 -0.406997
6.35593 -0.368698
6.35743 -0.330183
6.35893 -0.291449
6.36043 -0.252498
6.36193 -0.213327
6.36343 -0.173938
6.36493 -0.134328
6.36643 -0.0944975
6.36793 -0.0544459
6.36943 -0.0141726
6.37094 0.0263231
6.37244 0.0670417
6.37394 0.107984
6.37544 0.14915
6.37694 0.190541
6.37844 0.232157
6.37994 0.273999
6.38144 0.316068
6.38294 0.358364
6.38444 0.400887
6.38594 0.443638
6.38744 0.486619
6.38894 0.529829
6.39045 0.573268
6.39195 0.616939
6.39345 0.66084
6.39495 0.704974
6.39645 0.74934
6.39795 0.793939
6.39945 0.838771
6.40095 0.883838
6.40245 0.929139
6.40395 0.974676
6.40545 1.02045
6.40695 1.06646
6.40845 1.11271
6.40995 1.15919
6.41146 1.20591
6.41296 1.25288
6.41446 1.30008
6.41596 1.34752
6.41746 1.3952
6.41896 1.44313
6.42046 1.49129
6.42196 1.5397
6.42346 1.58835
6.42496 1.63725
6.42646 1.68639
6.42796 1.73577
6.42946 1.78541
6.43097 1.83528
6.43247 1.88541
6.43397 1.93578
6.43547 1.9864
6.43697 2.03727
6.43847 2.08839
6.43997 2.13976
6.44147 2.19138
6.44297 2.24325
6.44447 2.29537
6.44597 2.34774
6.44747 2.40037
6.44897 2.45325
6.45048 2.50639
6.45198 2.55978
6.45348 2.61342
6.45498 2.66733
6.45648 2.72149
6.45798 2.7759
6.45948 2.83058
6.46098 2.88551
6.46248 2.9407
6.46398 2.99616
6.46548 3.05187
6.46698 3.10785
6.46848 3.16408
6.46998 3.22058
6.47149 3.27734
6.47299 3.33437
6.47449 3.39166
6.47599 3.44921
6.47749 3.50703
6.47899 3.56512
6.48049 3.62347
6.48199 3.6821
6.48349 3.74098
6.48499 3.80014
6.48649 3.85957
6.48799 3.91927
6.48949 3.97924
6.491 4.03948
6.4925 4.09999
6.494 4.16077
6.4955 4.22183
6.497 4.28316
6.4985 4.34477
6.5 4.40665
