43.5 1.04314
43.5015 0.982969
43.503 0.923078
43.5045 0.863469
43.506 0.804139
43.5075 0.745087
43.509 0.686314
43.5105 0.627819
43.512 0.569601
43.5135 0.51166
43.515 0.453994
43.5165 0.396603
43.518 0.339486
43.5195 0.282644
43.521 0.226074
43.5225 0.169777
43.524 0.113752
43.5255 0.0579987
43.527 0.00251556
43.5285 -0.0526977
43.53 -0.107642
43.5315 -0.162317
43.533 -0.216724
43.5345 -0.270864
43.536 -0.324737
43.5375 -0.378344
43.539 -0.431685
43.5405 -0.484762
43.542 -0.537574
43.5435 -0.590123
43.545 -0.642408
43.5465 -0.694432
43.548 -0.746194
43.5495 -0.797694
43.551 -0.848935
43.5525 -0.899915
43.554 -0.950637
43.5555 -1.0011
43.557 -1.0513
43.5585 -1.10125
43.56 -1.15094
43.5615 -1.20038
43.563 -1.24956
43.5645 -1.29848
43.566 -1.34715
43.5675 -1.39557
43.569 -1.44373
43.5705 -1.49165
43.572 -1.53931
43.5735 -1.58672
43.575 -1.63387
43.5765 -1.68078
43.578 -1.72744
43.5795 -1.77385
43.581 -1.82002
43.5825 -1.86593
43.584 -1.9116
43.5855 -1.95703
43.587 -2.0022
43.5885 -2.04714
43.59 -2.09183
43.5915 -2.13627
43.593 -2.18047
43.5945 -2.22443
43.596 -2.26815
43.5975 -2.31163
43.599 -2.35486
43.6006 -2.39786
43.6021 -2.44062
43.6036 -2.48313
43.6051 -2.52541
43.6066 -2.56746
43.6081 -2.60926
43.6096 -2.65083
43.6111 -2.69217
43.6126 -2.73326
43.6141 -2.77413
43.6156 -2.81476
43.6171 -2.85515
43.6186 -2.89532
43.6201 -2.93525
43.6216 -2.97495
43.6231 -3.01442
43.6246 -3.05366
43.6261 -3.09267
43.6276 -3.13145
43.6291 -3.17
43.6306 -3.20832
43.6321 -3.24642
43.6336 -3.28429
43.6351 -3.32193
43.6366 -3.35935
43.6381 -3.39655
43.6396 -3.43351
43.6411 -3.47026
43.6426 -3.50678
43.6441 -3.54308
43.6456 -3.57916
43.6471 -3.61501
43.6486 -3.65065
43.6501 -3.68607
43.6516 -3.72126
43.6531 -3.75624
43.6546 -3.791
43.6561 -3.82554
43.6576 -3.85986
43.6591 -3.89396
43.6606 -3.92785
43.6621 -3.96153
43.6636 -3.99499
43.6651 -4.02823
43.6666 -4.06126
43.6681 -4.09408
43.6696 -4.12669
43.6711 -4.15908
43.6726 -4.19126
43.6741 -4.22324
43.6756 -4.255
43.6771 -4.28655
43.6786 -4.31789
43.6801 -4.34902
43.6816 -4.37995
43.6831 -4.41067
43.6846 -4.44118
43.6861 -4.47148
43.6876 -4.50158
43.6891 -4.53147
43.6906 -4.56116
43.6921 -4.59065
43.6936 -4.61993
43.6951 -4.64901
43.6966 -4.67789
43.6981 -4.70656
43.6996 -4.73503
43.7011 -4.76331
43.7026 -4.79138
43.7041 -4.81925
43.7056 -4.84693
43.7071 -4.87441
43.7086 -4.90168
43.7101 -4.92876
43.7116 -4.95565
43.7131 -4.98234
43.7146 -5.00883
43.7161 -5.03513
43.7176 -5.06123
43.7191 -5.08714
43.7206 -5.11286
43.7221 -5.13838
43.7236 -5.16371
43.7251 -5.18885
43.7266 -5.2138
43.7281 -5.23856
43.7296 -5.26313
43.7311 -5.28751
43.7326 -5.3117
43.7341 -5.3357
43.7356 -5.35951
43.7371 -5.38314
43.7386 -5.40658
43.7401 -5.42983
43.7416 -5.4529
43.7431 -5.47578
43.7446 -5.49848
43.7461 -5.521
43.7476 -5.54333
43.7491 -5.56548
43.7506 -5.58744
43.7521 -5.60923
43.7536 -5.63083
43.7551 -5.65225
43.7566 -5.6735
43.7581 -5.69456
43.7596 -5.71544
43.7611 -5.73615
43.7626 -5.75668
43.7641 -5.77703
43.7656 -5.7972
43.7671 -5.8172
43.7686 -5.83702
43.7701 -5.85666
43.7716 -5.87613
43.7731 -5.89543
43.7746 -5.91455
43.7761 -5.9335
43.7776 -5.95228
43.7791 -5.97088
43.7806 -5.98932
43.7821 -6.00758
43.7836 -6.02567
43.7851 -6.04359
43.7866 -6.06135
43.7881 -6.07893
43.7896 -6.09635
43.7911 -6.11359
43.7926 -6.13067
43.7941 -6.14759
43.7956 -6.16433
43.7971 -6.18091
43.7986 -6.19733
43.8002 -6.21358
43.8017 -6.22967
43.8032 -6.24559
43.8047 -6.26135
43.8062 -6.27695
43.8077 -6.29239
43.8092 -6.30766
43.8107 -6.32277
43.8122 -6.33773
43.8137 -6.35252
43.8152 -6.36715
43.8167 -6.38163
43.8182 -6.39594
43.8197 -6.4101
43.8212 -6.4241
43.8227 -6.43794
43.8242 -6.45163
43.8257 -6.46516
43.8272 -6.47853
43.8287 -6.49175
43.8302 -6.50482
43.8317 -6.51773
43.8332 -6.53049
43.8347 -6.5431
43.8362 -6.55555
43.8377 -6.56785
43.8392 -6.58
43.8407 -6.592
43.8422 -6.60385
43.8437 -6.61555
43.8452 -6.6271
43.8467 -6.6385
43.8482 -6.64976
43.8497 -6.66086
43.8512 -6.67182
43.8527 -6.68263
43.8542 -6.69329
43.8557 -6.70381
43.8572 -6.71419
43.8587 -6.72442
43.8602 -6.7345
43.8617 -6.74444
43.8632 -6.75424
43.8647 -6.76389
43.8662 -6.7734
43.8677 -6.78277
43.8692 -6.792
43.8707 -6.80109
43.8722 -6.81004
43.8737 -6.81885
43.8752 -6.82751
43.8767 -6.83604
43.8782 -6.84443
43.8797 -6.85269
43.8812 -6.8608
43.8827 -6.86878
43.8842 -6.87662
43.8857 -6.88433
43.8872 -6.8919
43.8887 -6.89934
43.8902 -6.90664
43.8917 -6.9138
43.8932 -6.92084
43.8947 -6.92774
43.8962 -6.93451
43.8977 -6.94114
43.8992 -6.94764
43.9007 -6.95402
43.9022 -6.96026
43.9037 -6.96637
43.9052 -6.97235
43.9067 -6.97821
43.9082 -6.98393
43.9097 -6.98953
43.9112 -6.99499
43.9127 -7.00034
43.9142 -7.00555
43.9157 -7.01064
43.9172 -7.0156
43.9187 -7.02043
43.9202 -7.02514
43.9217 -7.02973
43.9232 -7.03419
43.9247 -7.03853
43.9262 -7.04275
43.9277 -7.04684
43.9292 -7.05081
43.9307 -7.05466
43.9322 -7.05839
43.9337 -7.062
43.9352 -7.06548
43.9367 -7.06885
43.9382 -7.0721
43.9397 -7.07523
43.9412 -7.07824
43.9427 -7.08113
43.9442 -7.0839
43.9457 -7.08656
43.9472 -7.0891
43.9487 -7.09152
43.9502 -7.09383
43.9517 -7.09603
43.9532 -7.09811
43.9547 -7.10007
43.9562 -7.10192
43.9577 -7.10366
43.9592 -7.10528
43.9607 -7.10679
43.9622 -7.10819
43.9637 -7.10948
43.9652 -7.11066
43.9667 -7.11172
43.9682 -7.11268
43.9697 -7.11352
43.9712 -7.11426
43.9727 -7.11489
43.9742 -7.11541
43.9757 -7.11582
43.9772 -7.11612
43.9787 -7.11632
43.9802 -7.11641
43.9817 -7.11639
43.9832 -7.11627
43.9847 -7.11604
43.9862 -7.11571
43.9877 -7.11527
43.9892 -7.11473
43.9907 -7.11408
43.9922 -7.11333
43.9937 -7.11248
43.9952 -7.11153
43.9967 -7.11047
43.9982 -7.10932
43.9997 -7.10806
44.0013 -7.1067
44.0028 -7.10524
44.0043 -7.10368
44.0058 -7.10203
44.0073 -7.10027
44.0088 -7.09842
44.0103 -7.09646
44.0118 -7.09441
44.0133 -7.09227
44.0148 -7.09002
44.0163 -7.08768
44.0178 -7.08525
44.0193 -7.08272
44.0208 -7.08009
44.0223 -7.07737
44.0238 -7.07455
44.0253 -7.07165
44.0268 -7.06864
44.0283 -7.06555
44.0298 -7.06236
44.0313 -7.05908
44.0328 -7.05571
44.0343 -7.05225
44.0358 -7.0487
44.0373 -7.04506
44.0388 -7.04132
44.0403 -7.0375
44.0418 -7.03359
44.0433 -7.02959
44.0448 -7.0255
44.0463 -7.02133
44.0478 -7.01706
44.0493 -7.01271
44.0508 -7.00828
44.0523 -7.00375
44.0538 -6.99914
44.0553 -6.99445
44.0568 -6.98967
44.0583 -6.98481
44.0598 -6.97986
44.0613 -6.97483
44.0628 -6.96972
44.0643 -6.96452
44.0658 -6.95924
44.0673 -6.95388
44.0688 -6.94843
44.0703 -6.94291
44.0718 -6.9373
44.0733 -6.93162
44.0748 -6.92585
44.0763 -6.92001
44.0778 -6.91408
44.0793 -6.90808
44.0808 -6.902
44.0823 -6.89584
44.0838 -6.8896
44.0853 -6.88328
44.0868 -6.87689
44.0883 -6.87042
44.0898 -6.86388
44.0913 -6.85726
44.0928 -6.85057
44.0943 -6.8438
44.0958 -6.83695
44.0973 -6.83003
44.0988 -6.82304
44.1003 -6.81598
44.1018 -6.80884
44.1033 -6.80163
44.1048 -6.79434
44.1063 -6.78699
44.1078 -6.77956
44.1093 -6.77207
44.1108 -6.7645
44.1123 -6.75686
44.1138 -6.74916
44.1153 -6.74138
44.1168 -6.73353
44.1183 -6.72562
44.1198 -6.71764
44.1213 -6.70959
44.1228 -6.70147
44.1243 -6.69328
44.1258 -6.68503
44.1273 -6.67672
44.1288 -6.66833
44.1303 -6.65988
44.1318 -6.65137
44.1333 -6.64279
44.1348 -6.63415
44.1363 -6.62544
44.1378 -6.61667
44.1393 -6.60783
44.1408 -6.59893
44.1423 -6.58997
44.1438 -6.58095
44.1453 -6.57187
44.1468 -6.56272
44.1483 -6.55351
44.1498 -6.54425
44.1513 -6.53492
44.1528 -6.52553
44.1543 -6.51608
44.1558 -6.50658
44.1573 -6.49701
44.1588 -6.48739
44.1603 -6.47771
44.1618 -6.46797
44.1633 -6.45817
44.1648 -6.44832
44.1663 -6.43841
44.1678 -6.42844
44.1693 -6.41842
44.1708 -6.40834
44.1723 -6.3982
44.1738 -6.38802
44.1753 -6.37777
44.1768 -6.36748
44.1783 -6.35712
44.1798 -6.34672
44.1813 -6.33626
44.1828 -6.32575
44.1843 -6.31519
44.1858 -6.30458
44.1873 -6.29391
44.1888 -6.28319
44.1903 -6.27242
44.1918 -6.2616
44.1933 -6.25074
44.1948 -6.23982
44.1963 -6.22885
44.1978 -6.21783
44.1993 -6.20676
44.2009 -6.19565
44.2024 -6.18449
44.2039 -6.17328
44.2054 -6.16202
44.2069 -6.15071
44.2084 -6.13936
44.2099 -6.12796
44.2114 -6.11652
44.2129 -6.10503
44.2144 -6.09349
44.2159 -6.08191
44.2174 -6.07028
44.2189 -6.05861
44.2204 -6.0469
44.2219 -6.03514
44.2234 -6.02334
44.2249 -6.0115
44.2264 -5.99961
44.2279 -5.98768
44.2294 -5.97571
44.2309 -5.9637
44.2324 -5.95165
44.2339 -5.93955
44.2354 -5.92742
44.2369 -5.91524
44.2384 -5.90303
44.2399 -5.89077
44.2414 -5.87848
44.2429 -5.86614
44.2444 -5.85377
44.2459 -5.84136
44.2474 -5.82891
44.2489 -5.81643
44.2504 -5.8039
44.2519 -5.79134
44.2534 -5.77875
44.2549 -5.76611
44.2564 -5.75344
44.2579 -5.74074
44.2594 -5.728
44.2609 -5.71522
44.2624 -5.70241
44.2639 -5.68957
44.2654 -5.67669
44.2669 -5.66377
44.2684 -5.65083
44.2699 -5.63785
44.2714 -5.62484
44.2729 -5.61179
44.2744 -5.59871
44.2759 -5.58561
44.2774 -5.57246
44.2789 -5.55929
44.2804 -5.54609
44.2819 -5.53286
44.2834 -5.51959
44.2849 -5.5063
44.2864 -5.49298
44.2879 -5.47962
44.2894 -5.46624
44.2909 -5.45283
44.2924 -5.43939
44.2939 -5.42593
44.2954 -5.41243
44.2969 -5.39891
44.2984 -5.38536
44.2999 -5.37178
44.3014 -5.35818
44.3029 -5.34455
44.3044 -5.33089
44.3059 -5.31721
44.3074 -5.30351
44.3089 -5.28978
44.3104 -5.27602
44.3119 -5.26224
44.3134 -5.24843
44.3149 -5.2346
44.3164 -5.22075
44.3179 -5.20688
44.3194 -5.19298
44.3209 -5.17905
44.3224 -5.16511
44.3239 -5.15114
44.3254 -5.13716
44.3269 -5.12315
44.3284 -5.10912
44.3299 -5.09506
44.3314 -5.08099
44.3329 -5.0669
44.3344 -5.05279
44.3359 -5.03865
44.3374 -5.0245
44.3389 -5.01033
44.3404 -4.99614
44.3419 -4.98193
44.3434 -4.9677
44.3449 -4.95346
44.3464 -4.9392
44.3479 -4.92492
44.3494 -4.91062
44.3509 -4.8963
44.3524 -4.88197
44.3539 -4.86762
44.3554 -4.85326
44.3569 -4.83888
44.3584 -4.82449
44.3599 -4.81008
44.3614 -4.79565
44.3629 -4.78121
44.3644 -4.76676
44.3659 -4.75229
44.3674 -4.73781
44.3689 -4.72331
44.3704 -4.7088
44.3719 -4.69428
44.3734 -4.67974
44.3749 -4.6652
44.3764 -4.65064
44.3779 -4.63607
44.3794 -4.62148
44.3809 -4.60689
44.3824 -4.59228
44.3839 -4.57767
44.3854 -4.56304
44.3869 -4.5484
44.3884 -4.53375
44.3899 -4.5191
44.3914 -4.50443
44.3929 -4.48975
44.3944 -4.47507
44.3959 -4.46037
44.3974 -4.44567
44.3989 -4.43096
44.4005 -4.41624
44.402 -4.40152
44.4035 -4.38678
44.405 -4.37204
44.4065 -4.3573
44.408 -4.34254
44.4095 -4.32778
44.411 -4.31301
44.4125 -4.29824
44.414 -4.28346
44.4155 -4.26868
44.417 -4.25389
44.4185 -4.2391
44.42 -4.2243
44.4215 -4.2095
44.423 -4.19469
44.4245 -4.17988
44.426 -4.16507
44.4275 -4.15025
44.429 -4.13543
44.4305 -4.12061
44.432 -4.10578
44.4335 -4.09095
44.435 -4.07612
44.4365 -4.06129
44.438 -4.04646
44.4395 -4.03162
44.441 -4.01678
44.4425 -4.00195
44.444 -3.98711
44.4455 -3.97227
44.447 -3.95743
44.4485 -3.94259
44.45 -3.92776
44.4515 -3.91292
44.453 -3.89808
44.4545 -3.88325
44.456 -3.86841
44.4575 -3.85358
44.459 -3.83875
44.4605 -3.82392
44.462 -3.80909
44.4635 -3.79427
44.465 -3.77945
44.4665 -3.76463
44.468 -3.74982
44.4695 -3.735
44.471 -3.72019
44.4725 -3.70539
44.474 -3.69059
44.4755 -3.67579
44.477 -3.661
44.4785 -3.64622
44.48 -3.63143
44.4815 -3.61666
44.483 -3.60189
44.4845 -3.58712
44.486 -3.57236
44.4875 -3.55761
44.489 -3.54286
44.4905 -3.52812
44.492 -3.51339
44.4935 -3.49866
44.495 -3.48394
44.4965 -3.46923
44.498 -3.45452
44.4995 -3.43983
44.501 -3.42514
44.5025 -3.41046
44.504 -3.39579
44.5055 -3.38112
44.507 -3.36647
44.5085 -3.35183
44.51 -3.33719
44.5115 -3.32257
44.513 -3.30795
44.5145 -3.29334
44.516 -3.27875
44.5175 -3.26416
44.519 -3.24959
44.5205 -3.23503
44.522 -3.22047
44.5235 -3.20593
44.525 -3.1914
44.5265 -3.17689
44.528 -3.16238
44.5295 -3.14789
44.531 -3.1334
44.5325 -3.11894
44.534 -3.10448
44.5355 -3.09004
44.537 -3.07561
44.5385 -3.06119
44.54 -3.04679
44.5415 -3.0324
44.543 -3.01802
44.5445 -3.00366
44.546 -2.98931
44.5475 -2.97498
44.549 -2.96066
44.5505 -2.94636
44.552 -2.93207
44.5535 -2.9178
44.555 -2.90354
44.5565 -2.8893
44.558 -2.87508
44.5595 -2.86087
44.561 -2.84668
44.5625 -2.8325
44.564 -2.81834
44.5655 -2.8042
44.567 -2.79007
44.5685 -2.77596
44.57 -2.76187
44.5715 -2.7478
44.573 -2.73374
44.5745 -2.71971
44.576 -2.70569
44.5775 -2.69168
44.579 -2.6777
44.5805 -2.66374
44.582 -2.64979
44.5835 -2.63587
44.585 -2.62196
44.5865 -2.60807
44.588 -2.59421
44.5895 -2.58036
44.591 -2.56653
44.5925 -2.55272
44.594 -2.53894
44.5955 -2.52517
44.597 -2.51142
44.5985 -2.4977
44.6001 -2.484
44.6016 -2.47031
44.6031 -2.45665
44.6046 -2.44301
44.6061 -2.42939
44.6076 -2.4158
44.6091 -2.40222
44.6106 -2.38867
44.6121 -2.37514
44.6136 -2.36164
44.6151 -2.34815
44.6166 -2.33469
44.6181 -2.32125
44.6196 -2.30784
44.6211 -2.29445
44.6226 -2.28108
44.6241 -2.26774
44.6256 -2.25442
44.6271 -2.24112
44.6286 -2.22785
44.6301 -2.2146
44.6316 -2.20138
44.6331 -2.18818
44.6346 -2.17501
44.6361 -2.16186
44.6376 -2.14874
44.6391 -2.13564
44.6406 -2.12257
44.6421 -2.10952
44.6436 -2.0965
44.6451 -2.08351
44.6466 -2.07054
44.6481 -2.0576
44.6496 -2.04468
44.6511 -2.03179
44.6526 -2.01893
44.6541 -2.0061
44.6556 -1.99329
44.6571 -1.98051
44.6586 -1.96775
44.6601 -1.95503
44.6616 -1.94233
44.6631 -1.92966
44.6646 -1.91702
44.6661 -1.9044
44.6676 -1.89182
44.6691 -1.87926
44.6706 -1.86673
44.6721 -1.85423
44.6736 -1.84176
44.6751 -1.82931
44.6766 -1.8169
44.6781 -1.80452
44.6796 -1.79216
44.6811 -1.77984
44.6826 -1.76754
44.6841 -1.75527
44.6856 -1.74304
44.6871 -1.73083
44.6886 -1.71866
44.6901 -1.70651
44.6916 -1.6944
44.6931 -1.68231
44.6946 -1.67026
44.6961 -1.65824
44.6976 -1.64624
44.6991 -1.63428
44.7006 -1.62235
44.7021 -1.61046
44.7036 -1.59859
44.7051 -1.58676
44.7066 -1.57495
44.7081 -1.56318
44.7096 -1.55144
44.7111 -1.53974
44.7126 -1.52806
44.7141 -1.51642
44.7156 -1.50481
44.7171 -1.49323
44.7186 -1.48169
44.7201 -1.47018
44.7216 -1.4587
44.7231 -1.44726
44.7246 -1.43585
44.7261 -1.42447
44.7276 -1.41312
44.7291 -1.40181
44.7306 -1.39054
44.7321 -1.37929
44.7336 -1.36808
44.7351 -1.35691
44.7366 -1.34577
44.7381 -1.33466
44.7396 -1.32359
44.7411 -1.31255
44.7426 -1.30155
44.7441 -1.29058
44.7456 -1.27965
44.7471 -1.26875
44.7486 -1.25789
44.7501 -1.24706
44.7516 -1.23627
44.7531 -1.22551
44.7546 -1.21479
44.7561 -1.20411
44.7576 -1.19346
44.7591 -1.18284
44.7606 -1.17226
44.7621 -1.16172
44.7636 -1.15122
44.7651 -1.14075
44.7666 -1.13032
44.7681 -1.11992
44.7696 -1.10956
44.7711 -1.09924
44.7726 -1.08895
44.7741 -1.0787
44.7756 -1.06849
44.7771 -1.05831
44.7786 -1.04818
44.7801 -1.03808
44.7816 -1.02801
44.7831 -1.01799
44.7846 -1.008
44.7861 -0.998049
44.7876 -0.988137
44.7891 -0.978262
44.7906 -0.968425
44.7921 -0.958627
44.7936 -0.948866
44.7951 -0.939144
44.7966 -0.92946
44.7981 -0.919814
44.7996 -0.910207
44.8012 -0.900639
44.8027 -0.891109
44.8042 -0.881618
44.8057 -0.872165
44.8072 -0.862752
44.8087 -0.853378
44.8102 -0.844043
44.8117 -0.834747
44.8132 -0.82549
44.8147 -0.816273
44.8162 -0.807095
44.8177 -0.797956
44.8192 -0.788857
44.8207 -0.779798
44.8222 -0.770779
44.8237 -0.761799
44.8252 -0.752859
44.8267 -0.743959
44.8282 -0.7351
44.8297 -0.72628
44.8312 -0.717501
44.8327 -0.708762
44.8342 -0.700063
44.8357 -0.691404
44.8372 -0.682787
44.8387 -0.674209
44.8402 -0.665673
44.8417 -0.657177
44.8432 -0.648721
44.8447 -0.640307
44.8462 -0.631933
44.8477 -0.623601
44.8492 -0.61531
44.8507 -0.607059
44.8522 -0.59885
44.8537 -0.590682
44.8552 -0.582555
44.8567 -0.57447
44.8582 -0.566426
44.8597 -0.558424
44.8612 -0.550463
44.8627 -0.542544
44.8642 -0.534666
44.8657 -0.526831
44.8672 -0.519037
44.8687 -0.511284
44.8702 -0.503574
44.8717 -0.495906
44.8732 -0.48828
44.8747 -0.480695
44.8762 -0.473153
44.8777 -0.465653
44.8792 -0.458196
44.8807 -0.45078
44.8822 -0.443407
44.8837 -0.436077
44.8852 -0.428789
44.8867 -0.421543
44.8882 -0.41434
44.8897 -0.407179
44.8912 -0.400061
44.8927 -0.392986
44.8942 -0.385953
44.8957 -0.378964
44.8972 -0.372017
44.8987 -0.365113
44.9002 -0.358252
44.9017 -0.351433
44.9032 -0.344658
44.9047 -0.337926
44.9062 -0.331237
44.9077 -0.324591
44.9092 -0.317989
44.9107 -0.311429
44.9122 -0.304913
44.9137 -0.29844
44.9152 -0.29201
44.9167 -0.285624
44.9182 -0.279281
44.9197 -0.272982
44.9212 -0.266726
44.9227 -0.260513
44.9242 -0.254344
44.9257 -0.248219
44.9272 -0.242137
44.9287 -0.236099
44.9302 -0.230104
44.9317 -0.224153
44.9332 -0.218246
44.9347 -0.212383
44.9362 -0.206564
44.9377 -0.200788
44.9392 -0.195056
44.9407 -0.189368
44.9422 -0.183724
44.9437 -0.178124
44.9452 -0.172567
44.9467 -0.167055
44.9482 -0.161587
44.9497 -0.156163
44.9512 -0.150782
44.9527 -0.145446
44.9542 -0.140154
44.9557 -0.134906
44.9572 -0.129702
44.9587 -0.124543
44.9602 -0.119427
44.9617 -0.114356
44.9632 -0.109328
44.9647 -0.104345
44.9662 -0.0994066
44.9677 -0.094512
44.9692 -0.0896617
44.9707 -0.0848557
44.9722 -0.0800939
44.9737 -0.0753765
44.9752 -0.0707033
44.9767 -0.0660745
44.9782 -0.0614899
44.9797 -0.0569498
44.9812 -0.0524539
44.9827 -0.0480024
44.9842 -0.0435953
44.9857 -0.0392325
44.9872 -0.0349141
44.9887 -0.0306401
44.9902 -0.0264105
44.9917 -0.0222252
44.9932 -0.0180844
44.9947 -0.0139879
44.9962 -0.00993588
44.9977 -0.00592823
44.9992 -0.00196497
45.0008 0.00195387
45.0023 0.00582832
45.0038 0.00965837
45.0053 0.013444
45.0068 0.0171853
45.0083 0.0208821
45.0098 0.0245346
45.0113 0.0281426
45.0128 0.0317063
45.0143 0.0352256
45.0158 0.0387005
45.0173 0.0421311
45.0188 0.0455173
45.0203 0.0488592
45.0218 0.0521567
45.0233 0.0554099
45.0248 0.0586187
45.0263 0.0617832
45.0278 0.0649035
45.0293 0.0679794
45.0308 0.0710111
45.0323 0.0739985
45.0338 0.0769416
45.0353 0.0798405
45.0368 0.0826952
45.0383 0.0855057
45.0398 0.088272
45.0413 0.0909941
45.0428 0.0936721
45.0443 0.0963059
45.0458 0.0988956
45.0473 0.101441
45.0488 0.103943
45.0503 0.1064
45.0518 0.108814
45.0533 0.111183
45.0548 0.113508
45.0563 0.11579
45.0578 0.118027
45.0593 0.120221
45.0608 0.122371
45.0623 0.124477
45.0638 0.126539
45.0653 0.128557
45.0668 0.130531
45.0683 0.132462
45.0698 0.134349
45.0713 0.136192
45.0728 0.137991
45.0743 0.139747
45.0758 0.14146
45.0773 0.143128
45.0788 0.144754
45.0803 0.146335
45.0818 0.147874
45.0833 0.149368
45.0848 0.15082
45.0863 0.152228
45.0878 0.153593
45.0893 0.154914
45.0908 0.156192
45.0923 0.157427
45.0938 0.158619
45.0953 0.159768
45.0968 0.160873
45.0983 0.161936
45.0998 0.162955
45.1013 0.163932
45.1028 0.164866
45.1043 0.165756
45.1058 0.166604
45.1073 0.167409
45.1088 0.168172
45.1103 0.168892
45.1118 0.169569
45.1133 0.170203
45.1148 0.170795
45.1163 0.171345
45.1178 0.171852
45.1193 0.172317
45.1208 0.172739
45.1223 0.173119
45.1238 0.173457
45.1253 0.173752
45.1268 0.174006
45.1283 0.174217
45.1298 0.174387
45.1313 0.174514
45.1328 0.1746
45.1343 0.174643
45.1358 0.174645
45.1373 0.174605
45.1388 0.174524
45.1403 0.174401
45.1418 0.174236
45.1433 0.17403
45.1448 0.173782
45.1463 0.173494
45.1478 0.173163
45.1493 0.172792
45.1508 0.172379
45.1523 0.171925
45.1538 0.171431
45.1553 0.170895
45.1568 0.170318
45.1583 0.169701
45.1598 0.169042
45.1613 0.168343
45.1628 0.167604
45.1643 0.166824
45.1658 0.166003
45.1673 0.165142
45.1688 0.16424
45.1703 0.163299
45.1718 0.162317
45.1733 0.161295
45.1748 0.160233
45.1763 0.159131
45.1778 0.157989
45.1793 0.156807
45.1808 0.155585
45.1823 0.154324
45.1838 0.153023
45.1853 0.151683
45.1868 0.150303
45.1883 0.148884
45.1898 0.147426
45.1913 0.145929
45.1928 0.144392
45.1943 0.142816
45.1958 0.141202
45.1973 0.139549
45.1988 0.137856
45.2004 0.136126
45.2019 0.134356
45.2034 0.132548
45.2049 0.130702
45.2064 0.128817
45.2079 0.126895
45.2094 0.124934
45.2109 0.122935
45.2124 0.120898
45.2139 0.118823
45.2154 0.11671
45.2169 0.11456
45.2184 0.112372
45.2199 0.110146
45.2214 0.107883
45.2229 0.105583
45.2244 0.103246
45.2259 0.100872
45.2274 0.0984601
45.2289 0.0960117
45.2304 0.0935265
45.2319 0.0910046
45.2334 0.0884461
45.2349 0.0858511
45.2364 0.0832197
45.2379 0.080552
45.2394 0.077848
45.2409 0.075108
45.2424 0.0723319
45.2439 0.06952
45.2454 0.0666723
45.2469 0.0637889
45.2484 0.0608699
45.2499 0.0579155
45.2514 0.0549257
45.2529 0.0519006
45.2544 0.0488405
45.2559 0.0457453
45.2574 0.0426151
45.2589 0.0394502
45.2604 0.0362506
45.2619 0.0330164
45.2634 0.0297477
45.2649 0.0264447
45.2664 0.0231075
45.2679 0.0197361
45.2694 0.0163307
45.2709 0.0128915
45.2724 0.00941843
45.2739 0.00591174
45.2754 0.00237151
45.2769 -0.00120213
45.2784 -0.00480906
45.2799 -0.00844917
45.2814 -0.0121223
45.2829 -0.0158284
45.2844 -0.0195673
45.2859 -0.0233389
45.2874 -0.027143
45.2889 -0.0309796
45.2904 -0.0348485
45.2919 -0.0387496
45.2934 -0.0426827
45.2949 -0.0466478
45.2964 -0.0506446
45.2979 -0.0546732
45.2994 -0.0587333
45.3009 -0.0628248
45.3024 -0.0669475
45.3039 -0.0711015
45.3054 -0.0752864
45.3069 -0.0795023
45.3084 -0.0837489
45.3099 -0.0880261
45.3114 -0.0923338
45.3129 -0.0966719
45.3144 -0.10104
45.3159 -0.105439
45.3174 -0.109867
45.3189 -0.114325
45.3204 -0.118813
45.3219 -0.12333
45.3234 -0.127877
45.3249 -0.132453
45.3264 -0.137058
45.3279 -0.141692
45.3294 -0.146355
45.3309 -0.151046
45.3324 -0.155766
45.3339 -0.160515
45.3354 -0.165291
45.3369 -0.170096
45.3384 -0.174929
45.3399 -0.179789
45.3414 -0.184678
45.3429 -0.189593
45.3444 -0.194536
45.3459 -0.199507
45.3474 -0.204504
45.3489 -0.209528
45.3504 -0.214579
45.3519 -0.219657
45.3534 -0.224761
45.3549 -0.229892
45.3564 -0.235048
45.3579 -0.240231
45.3594 -0.245439
45.3609 -0.250673
45.3624 -0.255933
45.3639 -0.261218
45.3654 -0.266528
45.3669 -0.271864
45.3684 -0.277224
45.3699 -0.282609
45.3714 -0.288018
45.3729 -0.293452
45.3744 -0.29891
45.3759 -0.304392
45.3774 -0.309898
45.3789 -0.315428
45.3804 -0.320982
45.3819 -0.326559
45.3834 -0.332159
45.3849 -0.337782
45.3864 -0.343429
45.3879 -0.349098
45.3894 -0.354789
45.3909 -0.360503
45.3924 -0.36624
45.3939 -0.371998
45.3954 -0.377778
45.3969 -0.38358
45.3984 -0.389404
45.3999 -0.395249
45.4015 -0.401115
45.403 -0.407003
45.4045 -0.412911
45.406 -0.41884
45.4075 -0.424789
45.409 -0.430759
45.4105 -0.436749
45.412 -0.442759
45.4135 -0.448788
45.415 -0.454838
45.4165 -0.460907
45.418 -0.466995
45.4195 -0.473102
45.421 -0.479228
45.4225 -0.485373
45.424 -0.491536
45.4255 -0.497718
45.427 -0.503918
45.4285 -0.510136
45.43 -0.516371
45.4315 -0.522625
45.433 -0.528895
45.4345 -0.535183
45.436 -0.541488
45.4375 -0.54781
45.439 -0.554149
45.4405 -0.560504
45.442 -0.566875
45.4435 -0.573263
45.445 -0.579666
45.4465 -0.586085
45.448 -0.59252
45.4495 -0.59897
45.451 -0.605435
45.4525 -0.611915
45.454 -0.61841
45.4555 -0.624919
45.457 -0.631442
45.4585 -0.63798
45.46 -0.644532
45.4615 -0.651097
45.463 -0.657676
45.4645 -0.664269
45.466 -0.670874
45.4675 -0.677493
45.469 -0.684124
45.4705 -0.690768
45.472 -0.697424
45.4735 -0.704092
45.475 -0.710772
45.4765 -0.717464
45.478 -0.724167
45.4795 -0.730882
45.481 -0.737607
45.4825 -0.744344
45.484 -0.751091
45.4855 -0.757849
45.487 -0.764617
45.4885 -0.771395
45.49 -0.778183
45.4915 -0.78498
45.493 -0.791787
45.4945 -0.798603
45.496 -0.805428
45.4975 -0.812262
45.499 -0.819104
45.5005 -0.825955
45.502 -0.832814
45.5035 -0.83968
45.505 -0.846555
45.5065 -0.853436
45.508 -0.860325
45.5095 -0.867221
45.511 -0.874124
45.5125 -0.881034
45.514 -0.887949
45.5155 -0.894871
45.517 -0.901799
45.5185 -0.908732
45.52 -0.915671
45.5215 -0.922615
45.523 -0.929564
45.5245 -0.936518
45.526 -0.943477
45.5275 -0.950439
45.529 -0.957406
45.5305 -0.964377
45.532 -0.971351
45.5335 -0.978329
45.535 -0.98531
45.5365 -0.992293
45.538 -0.99928
45.5395 -1.00627
45.541 -1.01326
45.5425 -1.02025
45.544 -1.02725
45.5455 -1.03424
45.547 -1.04124
45.5485 -1.04824
45.55 -1.05524
45.5515 -1.06224
45.553 -1.06924
45.5545 -1.07624
45.556 -1.08324
45.5575 -1.09024
45.559 -1.09724
45.5605 -1.10424
45.562 -1.11124
45.5635 -1.11823
45.565 -1.12523
45.5665 -1.13222
45.568 -1.13921
45.5695 -1.1462
45.571 -1.15318
45.5725 -1.16017
45.574 -1.16715
45.5755 -1.17412
45.577 -1.1811
45.5785 -1.18806
45.58 -1.19503
45.5815 -1.20199
45.583 -1.20895
45.5845 -1.2159
45.586 -1.22284
45.5875 -1.22978
45.589 -1.23672
45.5905 -1.24365
45.592 -1.25057
45.5935 -1.25749
45.595 -1.2644
45.5965 -1.2713
45.598 -1.27819
45.5995 -1.28508
45.6011 -1.29196
45.6026 -1.29884
45.6041 -1.3057
45.6056 -1.31256
45.6071 -1.3194
45.6086 -1.32624
45.6101 -1.33307
45.6116 -1.33989
45.6131 -1.3467
45.6146 -1.3535
45.6161 -1.36029
45.6176 -1.36707
45.6191 -1.37384
45.6206 -1.38059
45.6221 -1.38734
45.6236 -1.39407
45.6251 -1.40079
45.6266 -1.4075
45.6281 -1.4142
45.6296 -1.42089
45.6311 -1.42756
45.6326 -1.43422
45.6341 -1.44086
45.6356 -1.44749
45.6371 -1.45411
45.6386 -1.46071
45.6401 -1.4673
45.6416 -1.47387
45.6431 -1.48043
45.6446 -1.48697
45.6461 -1.4935
45.6476 -1.5
45.6491 -1.5065
45.6506 -1.51298
45.6521 -1.51944
45.6536 -1.52588
45.6551 -1.5323
45.6566 -1.53871
45.6581 -1.5451
45.6596 -1.55147
45.6611 -1.55782
45.6626 -1.56416
45.6641 -1.57047
45.6656 -1.57677
45.6671 -1.58304
45.6686 -1.5893
45.6701 -1.59553
45.6716 -1.60175
45.6731 -1.60794
45.6746 -1.61411
45.6761 -1.62026
45.6776 -1.62639
45.6791 -1.6325
45.6806 -1.63858
45.6821 -1.64464
45.6836 -1.65068
45.6851 -1.65669
45.6866 -1.66269
45.6881 -1.66865
45.6896 -1.6746
45.6911 -1.68052
45.6926 -1.68641
45.6941 -1.69228
45.6956 -1.69812
45.6971 -1.70394
45.6986 -1.70973
45.7001 -1.7155
45.7016 -1.72124
45.7031 -1.72695
45.7046 -1.73263
45.7061 -1.73829
45.7076 -1.74392
45.7091 -1.74952
45.7106 -1.75509
45.7121 -1.76064
45.7136 -1.76615
45.7151 -1.77164
45.7166 -1.77709
45.7181 -1.78252
45.7196 -1.78791
45.7211 -1.79328
45.7226 -1.79861
45.7241 -1.80392
45.7256 -1.80919
45.7271 -1.81443
45.7286 -1.81963
45.7301 -1.82481
45.7316 -1.82995
45.7331 -1.83506
45.7346 -1.84013
45.7361 -1.84517
45.7376 -1.85018
45.7391 -1.85515
45.7406 -1.86009
45.7421 -1.865
45.7436 -1.86986
45.7451 -1.87469
45.7466 -1.87949
45.7481 -1.88425
45.7496 -1.88897
45.7511 -1.89366
45.7526 -1.89831
45.7541 -1.90292
45.7556 -1.90749
45.7571 -1.91202
45.7586 -1.91652
45.7601 -1.92098
45.7616 -1.92539
45.7631 -1.92977
45.7646 -1.93411
45.7661 -1.93841
45.7676 -1.94266
45.7691 -1.94688
45.7706 -1.95106
45.7721 -1.95519
45.7736 -1.95928
45.7751 -1.96333
45.7766 -1.96733
45.7781 -1.9713
45.7796 -1.97522
45.7811 -1.97909
45.7826 -1.98292
45.7841 -1.98671
45.7856 -1.99046
45.7871 -1.99415
45.7886 -1.99781
45.7901 -2.00141
45.7916 -2.00497
45.7931 -2.00849
45.7946 -2.01196
45.7961 -2.01538
45.7976 -2.01875
45.7991 -2.02207
45.8007 -2.02535
45.8022 -2.02858
45.8037 -2.03176
45.8052 -2.03489
45.8067 -2.03797
45.8082 -2.041
45.8097 -2.04399
45.8112 -2.04692
45.8127 -2.0498
45.8142 -2.05262
45.8157 -2.0554
45.8172 -2.05813
45.8187 -2.0608
45.8202 -2.06342
45.8217 -2.06598
45.8232 -2.0685
45.8247 -2.07096
45.8262 -2.07336
45.8277 -2.07571
45.8292 -2.07801
45.8307 -2.08025
45.8322 -2.08244
45.8337 -2.08456
45.8352 -2.08664
45.8367 -2.08865
45.8382 -2.09061
45.8397 -2.09252
45.8412 -2.09436
45.8427 -2.09615
45.8442 -2.09787
45.8457 -2.09954
45.8472 -2.10115
45.8487 -2.1027
45.8502 -2.10419
45.8517 -2.10562
45.8532 -2.10699
45.8547 -2.1083
45.8562 -2.10954
45.8577 -2.11073
45.8592 -2.11185
45.8607 -2.11291
45.8622 -2.11391
45.8637 -2.11484
45.8652 -2.11571
45.8667 -2.11652
45.8682 -2.11726
45.8697 -2.11794
45.8712 -2.11855
45.8727 -2.11909
45.8742 -2.11957
45.8757 -2.11999
45.8772 -2.12033
45.8787 -2.12061
45.8802 -2.12083
45.8817 -2.12097
45.8832 -2.12105
45.8847 -2.12106
45.8862 -2.12099
45.8877 -2.12086
45.8892 -2.12066
45.8907 -2.12039
45.8922 -2.12005
45.8937 -2.11964
45.8952 -2.11916
45.8967 -2.1186
45.8982 -2.11798
45.8997 -2.11728
45.9012 -2.1165
45.9027 -2.11566
45.9042 -2.11474
45.9057 -2.11374
45.9072 -2.11268
45.9087 -2.11153
45.9102 -2.11032
45.9117 -2.10902
45.9132 -2.10765
45.9147 -2.10621
45.9162 -2.10468
45.9177 -2.10308
45.9192 -2.10141
45.9207 -2.09965
45.9222 -2.09782
45.9237 -2.0959
45.9252 -2.09391
45.9267 -2.09184
45.9282 -2.08969
45.9297 -2.08746
45.9312 -2.08514
45.9327 -2.08275
45.9342 -2.08027
45.9357 -2.07771
45.9372 -2.07507
45.9387 -2.07235
45.9402 -2.06954
45.9417 -2.06665
45.9432 -2.06368
45.9447 -2.06062
45.9462 -2.05748
45.9477 -2.05425
45.9492 -2.05093
45.9507 -2.04753
45.9522 -2.04404
45.9537 -2.04047
45.9552 -2.03681
45.9567 -2.03306
45.9582 -2.02922
45.9597 -2.02529
45.9612 -2.02128
45.9627 -2.01717
45.9642 -2.01298
45.9657 -2.00869
45.9672 -2.00432
45.9687 -1.99985
45.9702 -1.99529
45.9717 -1.99064
45.9732 -1.9859
45.9747 -1.98106
45.9762 -1.97613
45.9777 -1.97111
45.9792 -1.96599
45.9807 -1.96078
45.9822 -1.95547
45.9837 -1.95007
45.9852 -1.94457
45.9867 -1.93898
45.9882 -1.93329
45.9897 -1.9275
45.9912 -1.92162
45.9927 -1.91563
45.9942 -1.90955
45.9957 -1.90337
45.9972 -1.89709
45.9987 -1.89071
46.0003 -1.88423
46.0018 -1.87765
46.0033 -1.87097
46.0048 -1.86419
46.0063 -1.8573
46.0078 -1.85032
46.0093 -1.84323
46.0108 -1.83604
46.0123 -1.82874
46.0138 -1.82134
46.0153 -1.81384
46.0168 -1.80623
46.0183 -1.79851
46.0198 -1.79069
46.0213 -1.78276
46.0228 -1.77473
46.0243 -1.76659
46.0258 -1.75834
46.0273 -1.74998
46.0288 -1.74152
46.0303 -1.73294
46.0318 -1.72426
46.0333 -1.71547
46.0348 -1.70656
46.0363 -1.69755
46.0378 -1.68842
46.0393 -1.67919
46.0408 -1.66984
46.0423 -1.66038
46.0438 -1.6508
46.0453 -1.64111
46.0468 -1.63131
46.0483 -1.62139
46.0498 -1.61136
46.0513 -1.60122
46.0528 -1.59095
46.0543 -1.58058
46.0558 -1.57008
46.0573 -1.55947
46.0588 -1.54874
46.0603 -1.53789
46.0618 -1.52693
46.0633 -1.51584
46.0648 -1.50464
46.0663 -1.49331
46.0678 -1.48187
46.0693 -1.4703
46.0708 -1.45861
46.0723 -1.44681
46.0738 -1.43487
46.0753 -1.42282
46.0768 -1.41065
46.0783 -1.39834
46.0798 -1.38592
46.0813 -1.37337
46.0828 -1.3607
46.0843 -1.3479
46.0858 -1.33497
46.0873 -1.32192
46.0888 -1.30874
46.0903 -1.29544
46.0918 -1.28201
46.0933 -1.26844
46.0948 -1.25475
46.0963 -1.24093
46.0978 -1.22698
46.0993 -1.2129
46.1008 -1.19869
46.1023 -1.18435
46.1038 -1.16988
46.1053 -1.15527
46.1068 -1.14053
46.1083 -1.12566
46.1098 -1.11066
46.1113 -1.09552
46.1128 -1.08025
46.1143 -1.06484
46.1158 -1.04929
46.1173 -1.03361
46.1188 -1.0178
46.1203 -1.00185
46.1218 -0.985755
46.1233 -0.969526
46.1248 -0.953159
46.1263 -0.936653
46.1278 -0.920008
46.1293 -0.903222
46.1308 -0.886297
46.1323 -0.86923
46.1338 -0.852023
46.1353 -0.834673
46.1368 -0.817181
46.1383 -0.799546
46.1398 -0.781768
46.1413 -0.763846
46.1428 -0.745779
46.1443 -0.727568
46.1458 -0.709212
46.1473 -0.690709
46.1488 -0.672061
46.1503 -0.653265
46.1518 -0.634322
46.1533 -0.615232
46.1548 -0.595993
46.1563 -0.576605
46.1578 -0.557068
46.1593 -0.537381
46.1608 -0.517544
46.1623 -0.497556
46.1638 -0.477416
46.1653 -0.457125
46.1668 -0.436681
46.1683 -0.416085
46.1698 -0.395335
46.1713 -0.374431
46.1728 -0.353373
46.1743 -0.33216
46.1758 -0.310791
46.1773 -0.289267
46.1788 -0.267586
46.1803 -0.245749
46.1818 -0.223753
46.1833 -0.2016
46.1848 -0.179289
46.1863 -0.156818
46.1878 -0.134188
46.1893 -0.111398
46.1908 -0.088447
46.1923 -0.0653352
46.1938 -0.0420619
46.1953 -0.0186264
46.1968 0.00497166
46.1983 0.0287329
46.1998 0.0526578
46.2014 0.0767468
46.2029 0.101001
46.2044 0.12542
46.2059 0.150004
46.2074 0.174755
46.2089 0.199673
46.2104 0.224758
46.2119 0.250011
46.2134 0.275433
46.2149 0.301023
46.2164 0.326783
46.2179 0.352712
46.2194 0.378813
46.2209 0.405084
46.2224 0.431527
46.2239 0.458141
46.2254 0.484929
46.2269 0.511889
46.2284 0.539024
46.2299 0.566332
46.2314 0.593815
46.2329 0.621474
46.2344 0.649308
46.2359 0.677319
46.2374 0.705507
46.2389 0.733872
46.2404 0.762415
46.2419 0.791136
46.2434 0.820037
46.2449 0.849117
46.2464 0.878377
46.2479 0.907818
46.2494 0.93744
46.2509 0.967244
46.2524 0.99723
46.2539 1.0274
46.2554 1.05775
46.2569 1.08829
46.2584 1.11901
46.2599 1.14991
46.2614 1.18101
46.2629 1.21228
46.2644 1.24375
46.2659 1.2754
46.2674 1.30724
46.2689 1.33927
46.2704 1.37148
46.2719 1.40389
46.2734 1.43648
46.2749 1.46927
46.2764 1.50225
46.2779 1.53542
46.2794 1.56878
46.2809 1.60233
46.2824 1.63608
46.2839 1.67002
46.2854 1.70416
46.2869 1.73849
46.2884 1.77301
46.2899 1.80774
46.2914 1.84266
46.2929 1.87777
46.2944 1.91309
46.2959 1.9486
46.2974 1.98431
46.2989 2.02022
46.3004 2.05633
46.3019 2.09264
46.3034 2.12916
46.3049 2.16587
46.3064 2.20279
46.3079 2.23991
46.3094 2.27723
46.3109 2.31476
46.3124 2.35249
46.3139 2.39042
46.3154 2.42857
46.3169 2.46691
46.3184 2.50547
46.3199 2.54423
46.3214 2.5832
46.3229 2.62238
46.3244 2.66177
46.3259 2.70137
46.3274 2.74118
46.3289 2.7812
46.3304 2.82143
46.3319 2.86187
46.3334 2.90253
46.3349 2.9434
46.3364 2.98448
46.3379 3.02578
46.3394 3.06729
46.3409 3.10902
46.3424 3.15096
46.3439 3.19312
46.3454 3.2355
46.3469 3.2781
46.3484 3.32091
46.3499 3.36394
46.3514 3.4072
46.3529 3.45067
46.3544 3.49436
46.3559 3.53828
46.3574 3.58242
46.3589 3.62678
46.3604 3.67136
46.3619 3.71617
46.3634 3.7612
46.3649 3.80645
46.3664 3.85193
46.3679 3.89764
46.3694 3.94358
46.3709 3.98974
46.3724 4.03613
46.3739 4.08275
46.3754 4.12959
46.3769 4.17667
46.3784 4.22398
46.3799 4.27151
46.3814 4.31928
46.3829 4.36729
46.3844 4.41552
46.3859 4.46399
46.3874 4.51269
46.3889 4.56162
46.3904 4.6108
46.3919 4.6602
46.3934 4.70985
46.3949 4.75973
46.3964 4.80984
46.3979 4.8602
46.3994 4.91079
46.401 4.96163
46.4025 5.0127
46.404 5.06402
46.4055 5.11557
46.407 5.16737
46.4085 5.21941
46.41 5.27169
46.4115 5.32422
46.413 5.37699
46.4145 5.43
46.416 5.48326
46.4175 5.53677
46.419 5.59053
46.4205 5.64453
46.422 5.69878
46.4235 5.75327
46.425 5.80802
46.4265 5.86302
46.428 5.91826
46.4295 5.97376
46.431 6.02951
46.4325 6.08551
46.434 6.14177
46.4355 6.19828
46.437 6.25504
46.4385 6.31206
46.44 6.36933
46.4415 6.42686
46.443 6.48464
46.4445 6.54269
46.446 6.60099
46.4475 6.65954
46.449 6.71836
46.4505 6.77744
46.452 6.83678
46.4535 6.89638
46.455 6.95624
46.4565 7.01636
46.458 7.07675
46.4595 7.1374
46.461 7.19831
46.4625 7.25949
46.464 7.32094
46.4655 7.38265
46.467 7.44463
46.4685 7.50687
46.47 7.56938
46.4715 7.63217
46.473 7.69522
46.4745 7.75854
46.476 7.82213
46.4775 7.88599
46.479 7.95013
46.4805 8.01453
46.482 8.07921
46.4835 8.14417
46.485 8.2094
46.4865 8.2749
46.488 8.34068
46.4895 8.40674
46.491 8.47307
46.4925 8.53968
46.494 8.60657
46.4955 8.67374
46.497 8.74118
46.4985 8.80891
46.5 8.87692
