0 0.891032
0.1 0.890657
0.2 0.890296
0.3 0.889948
0.4 0.889611
0.5 0.889283
0.6 0.888962
0.7 0.888655
0.8 0.888356
0.9 0.888071
1 0.887792
1.1 0.887525
1.2 0.887266
1.3 0.887014
1.4 0.886771
1.5 0.886537
1.6 0.886311
1.7 0.886093
1.8 0.885881
1.9 0.885677
2 0.885479
2.1 0.885288
2.2 0.885104
2.3 0.884925
2.4 0.884751
2.5 0.884585
2.6 0.884427
2.7 0.884276
2.8 0.88413
2.9 0.88399
3 0.883858
3.1 0.88373
3.2 0.883611
3.3 0.883498
3.4 0.883391
3.5 0.883292
3.6 0.883197
3.7 0.883108
3.8 0.883024
3.9 0.882944
4 0.88287
4.1 0.882801
4.2 0.882742
4.3 0.882687
4.4 0.882639
4.5 0.882595
4.6 0.882555
4.7 0.882519
4.8 0.88249
4.9 0.882466
5 0.882445
5.1 0.882427
5.2 0.882413
5.3 0.882405
5.4 0.882401
5.5 0.882401
5.6 0.882408
5.7 0.882417
5.8 0.882429
5.9 0.882446
6 0.882466
6.1 0.882494
6.2 0.882528
6.3 0.882565
6.4 0.882604
6.5 0.88265
6.6 0.882696
6.7 0.882745
6.8 0.882797
6.9 0.882852
7 0.882913
7.1 0.882977
7.2 0.883041
7.3 0.883109
7.4 0.883183
7.5 0.883259
7.6 0.88334
7.7 0.883425
7.8 0.883512
7.9 0.883603
8 0.883695
8.1 0.883793
8.2 0.883894
8.3 0.884
8.4 0.884105
8.5 0.884215
8.6 0.884329
8.7 0.884446
8.8 0.884569
8.9 0.884694
9 0.884823
9.1 0.884953
9.2 0.885086
9.3 0.885226
9.4 0.885364
9.5 0.885506
9.6 0.885651
9.7 0.885798
9.8 0.885951
9.9 0.886106
10 0.886266
10.1 0.886424
10.2 0.886583
10.3 0.886747
10.4 0.886917
10.5 0.887089
10.6 0.887266
10.7 0.887444
10.8 0.887622
10.9 0.887806
11 0.887994
11.1 0.888189
11.2 0.888389
11.3 0.888587
11.4 0.888788
11.5 0.888992
11.6 0.889199
11.7 0.889412
11.8 0.889633
11.9 0.889852
12 0.890076
12.1 0.890305
12.2 0.890532
12.3 0.890765
12.4 0.891003
12.5 0.891246
12.6 0.891489
12.7 0.891743
12.8 0.892002
12.9 0.892262
13 0.892521
13.1 0.892782
13.2 0.893049
13.3 0.893319
13.4 0.893589
13.5 0.89386
13.6 0.894138
13.7 0.894412
13.8 0.894688
13.9 0.894965
14 0.895256
14.1 0.89555
14.2 0.895841
14.3 0.896136
14.4 0.896433
14.5 0.896744
14.6 0.897039
14.7 0.897344
14.8 0.89765
14.9 0.897962
15 0.898282
15.1 0.898591
15.2 0.898912
15.3 0.899238
15.4 0.899563
15.5 0.899893
15.6 0.900235
15.7 0.900573
15.8 0.900912
15.9 0.901248
16 0.901599
16.1 0.901947
16.2 0.902311
16.3 0.902673
16.4 0.903057
16.5 0.903423
16.6 0.903795
16.7 0.904167
16.8 0.904549
16.9 0.904938
17 0.905321
17.1 0.905712
17.2 0.906103
17.3 0.906498
17.4 0.906886
17.5 0.907268
17.6 0.907662
17.7 0.90806
17.8 0.908458
17.9 0.908842
18 0.909237
18.1 0.909637
18.2 0.910037
18.3 0.910444
18.4 0.910843
18.5 0.911228
18.6 0.911613
18.7 0.912006
18.8 0.912392
18.9 0.912774
19 0.913166
19.1 0.913568
19.2 0.913967
19.3 0.914367
19.4 0.914776
19.5 0.915185
19.6 0.915581
19.7 0.915987
19.8 0.916393
19.9 0.916798
20 0.917205
20.1 0.917621
20.2 0.91802
20.3 0.918416
20.4 0.918814
20.5 0.919217
20.6 0.919622
20.7 0.920021
20.8 0.920425
20.9 0.92081
21 0.921202
21.1 0.921605
21.2 0.922006
21.3 0.922406
21.4 0.922792
21.5 0.923177
21.6 0.923556
21.7 0.923926
21.8 0.92431
21.9 0.92467
22 0.925034
22.1 0.925384
22.2 0.925737
22.3 0.92607
22.4 0.926392
22.5 0.926714
22.6 0.927035
22.7 0.927355
22.8 0.92766
22.9 0.927973
23 0.928278
23.1 0.928584
23.2 0.928886
23.3 0.929188
23.4 0.929494
23.5 0.929802
23.6 0.930103
23.7 0.930381
23.8 0.93066
23.9 0.930936
24 0.931191
24.1 0.93146
24.2 0.931731
24.3 0.932001
24.4 0.932261
24.5 0.932506
24.6 0.932756
24.7 0.933015
24.8 0.933261
24.9 0.933503
25 0.933743
25.1 0.933964
25.2 0.934188
25.3 0.934406
25.4 0.934608
25.5 0.934799
25.6 0.934988
25.7 0.935182
25.8 0.935369
25.9 0.935551
26 0.935727
26.1 0.935911
26.2 0.936094
26.3 0.936278
26.4 0.936455
26.5 0.936627
26.6 0.936818
26.7 0.936994
26.8 0.937154
26.9 0.937316
27 0.937476
27.1 0.937636
27.2 0.937797
27.3 0.937952
27.4 0.938106
27.5 0.938245
27.6 0.93838
27.7 0.938499
27.8 0.938608
27.9 0.938709
28 0.938808
28.1 0.93891
28.2 0.938996
28.3 0.939084
28.4 0.93917
28.5 0.93926
28.6 0.939345
28.7 0.939432
28.8 0.939511
28.9 0.939582
29 0.939641
29.1 0.939694
29.2 0.939749
29.3 0.939796
29.4 0.939837
29.5 0.93986
29.6 0.939889
29.7 0.939913
29.8 0.939945
29.9 0.939979
30 0.94001
30.1 0.940032
30.2 0.940057
30.3 0.940083
30.4 0.940096
30.5 0.940106
30.6 0.940117
30.7 0.940126
30.8 0.94013
30.9 0.940142
31 0.940154
31.1 0.940158
31.2 0.940155
31.3 0.940153
31.4 0.940156
31.5 0.940154
31.6 0.940152
31.7 0.940145
31.8 0.940137
31.9 0.940128
32 0.940123
32.1 0.940105
32.2 0.940076
32.3 0.940049
32.4 0.940034
32.5 0.940018
32.6 0.940004
32.7 0.939993
32.8 0.939977
32.9 0.939975
33 0.939971
33.1 0.939969
33.2 0.939969
33.3 0.939966
33.4 0.939951
33.5 0.939934
33.6 0.939917
33.7 0.939896
33.8 0.939881
33.9 0.939858
34 0.939835
34.1 0.93981
34.2 0.939787
34.3 0.939758
34.4 0.939723
34.5 0.939704
34.6 0.939684
34.7 0.93967
34.8 0.939634
34.9 0.939601
35 0.93957
35.1 0.939531
35.2 0.939487
35.3 0.939447
35.4 0.939403
35.5 0.939356
35.6 0.9393
35.7 0.939228
35.8 0.939146
35.9 0.939073
36 0.938994
36.1 0.938915
36.2 0.938836
36.3 0.93876
36.4 0.938692
36.5 0.938614
36.6 0.938526
36.7 0.938421
36.8 0.938305
36.9 0.938185
37 0.938041
37.1 0.937898
37.2 0.93775
37.3 0.937608
37.4 0.937454
37.5 0.937295
37.6 0.937124
37.7 0.936954
37.8 0.936787
37.9 0.936608
38 0.936435
38.1 0.936259
38.2 0.936075
38.3 0.935882
38.4 0.93569
38.5 0.93548
38.6 0.935264
38.7 0.935049
38.8 0.934836
38.9 0.934609
39 0.934377
39.1 0.934133
39.2 0.933883
39.3 0.933629
39.4 0.933353
39.5 0.933085
39.6 0.932801
39.7 0.932506
39.8 0.932207
39.9 0.931908
40 0.931615
40.1 0.931316
40.2 0.931001
40.3 0.930678
40.4 0.930343
40.5 0.929999
40.6 0.929644
40.7 0.929275
40.8 0.928903
40.9 0.928534
41 0.928135
41.1 0.927713
41.2 0.927276
41.3 0.926844
41.4 0.926382
41.5 0.925903
41.6 0.925403
41.7 0.924901
41.8 0.924371
41.9 0.92382
42 0.92325
42.1 0.922656
42.2 0.922033
42.3 0.921393
42.4 0.920769
42.5 0.920115
42.6 0.919449
42.7 0.918754
42.8 0.918041
42.9 0.917317
43 0.916589
43.1 0.915833
43.2 0.915057
43.3 0.914279
43.4 0.913489
43.5 0.912693
43.6 0.911894
43.7 0.911084
43.8 0.910267
43.9 0.909428
44 0.908574
44.1 0.907713
44.2 0.906842
44.3 0.905946
44.4 0.905033
44.5 0.904097
44.6 0.903151
44.7 0.902191
44.8 0.901237
44.9 0.900262
45 0.899269
45.1 0.89826
45.2 0.897265
45.3 0.896248
45.4 0.895207
45.5 0.894166
45.6 0.893113
45.7 0.892012
45.8 0.890915
45.9 0.88979
46 0.888641
46.1 0.887466
46.2 0.886286
46.3 0.885061
46.4 0.883841
46.5 0.882599
46.6 0.881326
46.7 0.880044
46.8 0.878749
46.9 0.877431
47 0.876067
47.1 0.874679
47.2 0.873272
47.3 0.871851
47.4 0.870423
47.5 0.868959
47.6 0.867489
47.7 0.865998
47.8 0.864482
47.9 0.862957
48 0.861426
48.1 0.859892
48.2 0.858337
48.3 0.85679
48.4 0.855227
48.5 0.853614
48.6 0.851978
48.7 0.850339
48.8 0.848698
48.9 0.84706
49 0.845418
49.1 0.843765
49.2 0.842092
49.3 0.840391
49.4 0.838688
49.5 0.836928
49.6 0.835171
49.7 0.833409
49.8 0.831653
49.9 0.829873
50 0.828084
50.1 0.826299
50.2 0.824434
50.3 0.822587
50.4 0.82072
50.5 0.818832
50.6 0.816906
50.7 0.814996
50.8 0.813069
50.9 0.81112
51 0.809141
51.1 0.807141
51.2 0.805101
51.3 0.803061
51.4 0.801012
51.5 0.79892
51.6 0.796805
51.7 0.79473
51.8 0.792624
51.9 0.790505
52 0.788375
52.1 0.78625
52.2 0.78409
52.3 0.78196
52.4 0.779842
52.5 0.777731
52.6 0.775616
52.7 0.773482
52.8 0.771327
52.9 0.769152
53 0.766979
53.1 0.76479
53.2 0.762613
53.3 0.760436
53.4 0.758243
53.5 0.756087
53.6 0.753924
53.7 0.751754
53.8 0.749509
53.9 0.747292
54 0.745065
54.1 0.742828
54.2 0.740609
54.3 0.738394
54.4 0.736138
54.5 0.733841
54.6 0.73156
54.7 0.729248
54.8 0.726961
54.9 0.724668
55 0.722369
55.1 0.720044
55.2 0.717718
55.3 0.715347
55.4 0.712963
55.5 0.7106
55.6 0.708221
55.7 0.705844
55.8 0.703481
55.9 0.70109
56 0.698734
56.1 0.696374
56.2 0.694026
56.3 0.691681
56.4 0.689326
56.5 0.686919
56.6 0.684486
56.7 0.682049
56.8 0.679612
56.9 0.677138
57 0.67467
57.1 0.672199
57.2 0.669732
57.3 0.66728
57.4 0.66479
57.5 0.662282
57.6 0.659777
57.7 0.657259
57.8 0.654742
57.9 0.652152
58 0.649542
58.1 0.646933
58.2 0.644264
58.3 0.641612
58.4 0.638938
58.5 0.636284
58.6 0.633602
58.7 0.630887
58.8 0.628193
58.9 0.625517
59 0.62285
59.1 0.62011
59.2 0.617366
59.3 0.614596
59.4 0.611789
59.5 0.608948
59.6 0.606059
59.7 0.603119
59.8 0.600188
59.9 0.597249
60 0.594326
60.1 0.5914
60.2 0.58846
60.3 0.585505
60.4 0.582502
60.5 0.57946
60.6 0.576425
60.7 0.573384
60.8 0.570316
60.9 0.567265
61 0.564203
61.1 0.561121
61.2 0.558019
61.3 0.554881
61.4 0.551741
61.5 0.548572
61.6 0.545359
61.7 0.542118
61.8 0.538819
61.9 0.535476
62 0.532128
62.1 0.52876
62.2 0.525379
62.3 0.521953
62.4 0.518466
62.5 0.514988
62.6 0.511464
62.7 0.507994
62.8 0.504504
62.9 0.50097
63 0.497404
63.1 0.493823
63.2 0.490167
63.3 0.4865
63.4 0.482837
63.5 0.479112
63.6 0.475383
63.7 0.471646
63.8 0.46787
63.9 0.464044
64 0.460206
64.1 0.456316
64.2 0.452367
64.3 0.448337
64.4 0.444265
64.5 0.440227
64.6 0.436198
64.7 0.432097
64.8 0.427938
64.9 0.423732
65 0.419506
65.1 0.415223
65.2 0.410937
65.3 0.406608
65.4 0.402226
65.5 0.397815
65.6 0.393358
65.7 0.38884
65.8 0.384295
65.9 0.379689
66 0.375005
66.1 0.370272
66.2 0.365527
66.3 0.360766
66.4 0.35598
66.5 0.351146
66.6 0.346271
66.7 0.341391
66.8 0.336454
66.9 0.331457
67 0.326457
67.1 0.321334
67.2 0.316159
67.3 0.310931
67.4 0.305673
67.5 0.300423
67.6 0.295102
67.7 0.289769
67.8 0.284382
67.9 0.278919
68 0.273367
68.1 0.267728
68.2 0.262108
68.3 0.256435
68.4 0.25071
68.5 0.244928
68.6 0.239057
68.7 0.233106
68.8 0.227083
68.9 0.221044
69 0.21498
69.1 0.20891
69.2 0.202777
69.3 0.19662
69.4 0.190402
69.5 0.184157
69.6 0.177875
69.7 0.171475
69.8 0.165097
69.9 0.158702
70 0.152276
70.1 0.1458
70.2 0.139312
70.3 0.132725
70.4 0.126175
70.5 0.119595
70.6 0.112971
70.7 0.106314
70.8 0.0996386
70.9 0.092958
71 0.0862474
71.1 0.0794852
71.2 0.0726781
71.3 0.06587
71.4 0.0591643
71.5 0.0523904
71.6 0.0455884
71.7 0.0387073
71.8 0.0318743
71.9 0.0250049
72 0.0181479
72.1 0.0112233
72.2 0.00427231
72.3 -0.00272845
72.4 -0.00970499
72.5 -0.0166988
72.6 -0.0237234
72.7 -0.0307442
72.8 -0.0376849
72.9 -0.044603
73 -0.0515472
73.1 -0.058453
73.2 -0.0654014
73.3 -0.0723
73.4 -0.0791824
73.5 -0.0860279
73.6 -0.0928937
73.7 -0.0997878
73.8 -0.106651
73.9 -0.113491
74 -0.120338
74.1 -0.127149
74.2 -0.133903
74.3 -0.140644
74.4 -0.147323
74.5 -0.15388
74.6 -0.160462
74.7 -0.166998
74.8 -0.173472
74.9 -0.179902
75 -0.186375
75.1 -0.192841
75.2 -0.199331
75.3 -0.205777
75.4 -0.212142
75.5 -0.218504
75.6 -0.224785
75.7 -0.230953
75.8 -0.237161
75.9 -0.243314
76 -0.249358
76.1 -0.255385
76.2 -0.261331
76.3 -0.267281
76.4 -0.273099
76.5 -0.278849
76.6 -0.284573
76.7 -0.290277
76.8 -0.295955
76.9 -0.30158
77 -0.307183
77.1 -0.312769
77.2 -0.31823
77.3 -0.323655
77.4 -0.329007
77.5 -0.334308
77.6 -0.339523
77.7 -0.34468
77.8 -0.349838
77.9 -0.354976
78 -0.360068
78.1 -0.365068
78.2 -0.369967
78.3 -0.374893
78.4 -0.379761
78.5 -0.384585
78.6 -0.389328
78.7 -0.394009
78.8 -0.398669
78.9 -0.403311
79 -0.407884
79.1 -0.412355
79.2 -0.416798
79.3 -0.421187
79.4 -0.425501
79.5 -0.429736
79.6 -0.433903
79.7 -0.438009
79.8 -0.442075
79.9 -0.446082
80 -0.450053
80.1 -0.453945
80.2 -0.457807
80.3 -0.46163
80.4 -0.465396
80.5 -0.469139
80.6 -0.472836
80.7 -0.476489
80.8 -0.480083
80.9 -0.483605
81 -0.487124
81.1 -0.490562
81.2 -0.493941
81.3 -0.497254
81.4 -0.500591
81.5 -0.503843
81.6 -0.50709
81.7 -0.510291
81.8 -0.513456
81.9 -0.516571
82 -0.519612
82.1 -0.522592
82.2 -0.525569
82.3 -0.528491
82.4 -0.531403
82.5 -0.534227
82.6 -0.537006
82.7 -0.539784
82.8 -0.542518
82.9 -0.54524
83 -0.54789
83.1 -0.550482
83.2 -0.553045
83.3 -0.555546
83.4 -0.55802
83.5 -0.560469
83.6 -0.562876
83.7 -0.565304
83.8 -0.567659
83.9 -0.569975
84 -0.572236
84.1 -0.574506
84.2 -0.576717
84.3 -0.578859
84.4 -0.580999
84.5 -0.583136
84.6 -0.585209
84.7 -0.587268
84.8 -0.589325
84.9 -0.591299
85 -0.593282
85.1 -0.59523
85.2 -0.597173
85.3 -0.599078
85.4 -0.600935
85.5 -0.602794
85.6 -0.604623
85.7 -0.606399
85.8 -0.608165
85.9 -0.60991
86 -0.611617
86.1 -0.613314
86.2 -0.61499
86.3 -0.616654
86.4 -0.6183
86.5 -0.619924
86.6 -0.621499
86.7 -0.623031
86.8 -0.624546
86.9 -0.626066
87 -0.627579
87.1 -0.629055
87.2 -0.630522
87.3 -0.631946
87.4 -0.633373
87.5 -0.634799
87.6 -0.63618
87.7 -0.637546
87.8 -0.638886
87.9 -0.640207
88 -0.64151
88.1 -0.642816
88.2 -0.644098
88.3 -0.645353
88.4 -0.646589
88.5 -0.647823
88.6 -0.649055
88.7 -0.65026
88.8 -0.651444
88.9 -0.6526
89 -0.653765
89.1 -0.654906
89.2 -0.656026
89.3 -0.657147
89.4 -0.658253
89.5 -0.659334
89.6 -0.660411
89.7 -0.661476
89.8 -0.662531
89.9 -0.663561
90 -0.664589
90.1 -0.665609
90.2 -0.666604
90.3 -0.667597
90.4 -0.668574
90.5 -0.66956
90.6 -0.670522
90.7 -0.671455
90.8 -0.672377
90.9 -0.673293
91 -0.674183
91.1 -0.675078
91.2 -0.675962
91.3 -0.676841
91.4 -0.677715
91.5 -0.678551
91.6 -0.679389
91.7 -0.680215
91.8 -0.681046
91.9 -0.681869
92 -0.682678
92.1 -0.683485
92.2 -0.684281
92.3 -0.685043
92.4 -0.685804
92.5 -0.686567
92.6 -0.687312
92.7 -0.688063
92.8 -0.688805
92.9 -0.689521
93 -0.690233
93.1 -0.690955
93.2 -0.69167
93.3 -0.692372
93.4 -0.693059
93.5 -0.693741
93.6 -0.694422
93.7 -0.695095
93.8 -0.695759
93.9 -0.696405
94 -0.697057
94.1 -0.697694
94.2 -0.698335
94.3 -0.698963
94.4 -0.699584
94.5 -0.700206
94.6 -0.70083
94.7 -0.701448
94.8 -0.702045
94.9 -0.702646
95 -0.703238
95.1 -0.703828
95.2 -0.704419
95.3 -0.70499
95.4 -0.70555
95.5 -0.706106
95.6 -0.706651
95.7 -0.707196
95.8 -0.707742
95.9 -0.708281
96 -0.708807
96.1 -0.709332
96.2 -0.709851
96.3 -0.710378
96.4 -0.710897
96.5 -0.711405
96.6 -0.711903
96.7 -0.712407
96.8 -0.712901
96.9 -0.713401
97 -0.713884
97.1 -0.714372
97.2 -0.714853
97.3 -0.71533
97.4 -0.715792
97.5 -0.716256
97.6 -0.716715
97.7 -0.717176
97.8 -0.717637
97.9 -0.718085
98 -0.718528
98.1 -0.718972
98.2 -0.719412
98.3 -0.719843
98.4 -0.720278
98.5 -0.720694
98.6 -0.721114
98.7 -0.721536
98.8 -0.721961
98.9 -0.722374
99 -0.722777
99.1 -0.723182
99.2 -0.723581
99.3 -0.723976
99.4 -0.724371
99.5 -0.724763
99.6 -0.725153
99.7 -0.725536
99.8 -0.725917
99.9 -0.72629
100 1.27959
