18.5 2.99879
18.5015 2.93848
18.503 2.87845
18.5045 2.81869
18.506 2.75921
18.5075 2.7
18.509 2.64106
18.5105 2.58239
18.512 2.524
18.5135 2.46587
18.515 2.40801
18.5165 2.35043
18.518 2.29311
18.5195 2.23606
18.521 2.17927
18.5225 2.12275
18.524 2.0665
18.5255 2.01051
18.527 1.95479
18.5285 1.89933
18.53 1.84413
18.5315 1.7892
18.533 1.73452
18.5345 1.68011
18.536 1.62596
18.5375 1.57207
18.539 1.51844
18.5405 1.46507
18.542 1.41196
18.5435 1.3591
18.545 1.3065
18.5465 1.25416
18.548 1.20207
18.5495 1.15024
18.551 1.09866
18.5525 1.04734
18.554 0.996267
18.5555 0.945449
18.557 0.894882
18.5585 0.844567
18.56 0.794503
18.5615 0.744689
18.563 0.695124
18.5645 0.645809
18.566 0.596741
18.5675 0.547922
18.569 0.499349
18.5705 0.451022
18.572 0.402942
18.5735 0.355107
18.575 0.307516
18.5765 0.260169
18.578 0.213066
18.5795 0.166205
18.581 0.119586
18.5825 0.0732095
18.584 0.0270735
18.5855 -0.0188221
18.587 -0.0644781
18.5885 -0.109895
18.59 -0.155073
18.5915 -0.200014
18.593 -0.244717
18.5945 -0.289183
18.596 -0.333413
18.5975 -0.377408
18.599 -0.421168
18.6006 -0.464693
18.6021 -0.507985
18.6036 -0.551044
18.6051 -0.59387
18.6066 -0.636464
18.6081 -0.678827
18.6096 -0.720959
18.6111 -0.762861
18.6126 -0.804534
18.6141 -0.845978
18.6156 -0.887193
18.6171 -0.92818
18.6186 -0.968941
18.6201 -1.00947
18.6216 -1.04978
18.6231 -1.08986
18.6246 -1.12972
18.6261 -1.16936
18.6276 -1.20877
18.6291 -1.24795
18.6306 -1.28692
18.6321 -1.32566
18.6336 -1.36418
18.6351 -1.40248
18.6366 -1.44056
18.6381 -1.47842
18.6396 -1.51606
18.6411 -1.55349
18.6426 -1.59069
18.6441 -1.62768
18.6456 -1.66445
18.6471 -1.70101
18.6486 -1.73735
18.6501 -1.77347
18.6516 -1.80938
18.6531 -1.84508
18.6546 -1.88057
18.6561 -1.91584
18.6576 -1.9509
18.6591 -1.98575
18.6606 -2.02038
18.6621 -2.05481
18.6636 -2.08903
18.6651 -2.12304
18.6666 -2.15684
18.6681 -2.19043
18.6696 -2.22381
18.6711 -2.25699
18.6726 -2.28996
18.6741 -2.32273
18.6756 -2.35529
18.6771 -2.38764
18.6786 -2.41979
18.6801 -2.45174
18.6816 -2.48349
18.6831 -2.51503
18.6846 -2.54637
18.6861 -2.57751
18.6876 -2.60845
18.6891 -2.63919
18.6906 -2.66973
18.6921 -2.70007
18.6936 -2.73021
18.6951 -2.76016
18.6966 -2.7899
18.6981 -2.81945
18.6996 -2.84881
18.7011 -2.87797
18.7026 -2.90693
18.7041 -2.9357
18.7056 -2.96428
18.7071 -2.99266
18.7086 -3.02085
18.7101 -3.04884
18.7116 -3.07665
18.7131 -3.10426
18.7146 -3.13169
18.7161 -3.15892
18.7176 -3.18596
18.7191 -3.21282
18.7206 -3.23949
18.7221 -3.26596
18.7236 -3.29226
18.7251 -3.31836
18.7266 -3.34428
18.7281 -3.37001
18.7296 -3.39556
18.7311 -3.42092
18.7326 -3.4461
18.7341 -3.47109
18.7356 -3.49591
18.7371 -3.52054
18.7386 -3.54498
18.7401 -3.56925
18.7416 -3.59334
18.7431 -3.61724
18.7446 -3.64097
18.7461 -3.66451
18.7476 -3.68788
18.7491 -3.71107
18.7506 -3.73408
18.7521 -3.75692
18.7536 -3.77957
18.7551 -3.80206
18.7566 -3.82436
18.7581 -3.8465
18.7596 -3.86845
18.7611 -3.89024
18.7626 -3.91185
18.7641 -3.93329
18.7656 -3.95455
18.7671 -3.97564
18.7686 -3.99657
18.7701 -4.01732
18.7716 -4.0379
18.7731 -4.05831
18.7746 -4.07855
18.7761 -4.09863
18.7776 -4.11853
18.7791 -4.13827
18.7806 -4.15784
18.7821 -4.17725
18.7836 -4.19649
18.7851 -4.21556
18.7866 -4.23447
18.7881 -4.25321
18.7896 -4.27179
18.7911 -4.29021
18.7926 -4.30846
18.7941 -4.32656
18.7956 -4.34449
18.7971 -4.36225
18.7986 -4.37986
18.8002 -4.39731
18.8017 -4.4146
18.8032 -4.43172
18.8047 -4.44869
18.8062 -4.46551
18.8077 -4.48216
18.8092 -4.49866
18.8107 -4.515
18.8122 -4.53118
18.8137 -4.54721
18.8152 -4.56308
18.8167 -4.5788
18.8182 -4.59436
18.8197 -4.60977
18.8212 -4.62503
18.8227 -4.64013
18.8242 -4.65508
18.8257 -4.66988
18.8272 -4.68453
18.8287 -4.69903
18.8302 -4.71338
18.8317 -4.72758
18.8332 -4.74163
18.8347 -4.75553
18.8362 -4.76928
18.8377 -4.78289
18.8392 -4.79635
18.8407 -4.80966
18.8422 -4.82282
18.8437 -4.83584
18.8452 -4.84872
18.8467 -4.86145
18.8482 -4.87403
18.8497 -4.88647
18.8512 -4.89877
18.8527 -4.91093
18.8542 -4.92294
18.8557 -4.93481
18.8572 -4.94655
18.8587 -4.95814
18.8602 -4.96959
18.8617 -4.9809
18.8632 -4.99207
18.8647 -5.0031
18.8662 -5.01399
18.8677 -5.02475
18.8692 -5.03537
18.8707 -5.04585
18.8722 -5.05619
18.8737 -5.0664
18.8752 -5.07648
18.8767 -5.08642
18.8782 -5.09622
18.8797 -5.10589
18.8812 -5.11543
18.8827 -5.12483
18.8842 -5.13411
18.8857 -5.14324
18.8872 -5.15225
18.8887 -5.16113
18.8902 -5.16988
18.8917 -5.17849
18.8932 -5.18698
18.8947 -5.19534
18.8962 -5.20357
18.8977 -5.21167
18.8992 -5.21964
18.9007 -5.22748
18.9022 -5.2352
18.9037 -5.24279
18.9052 -5.25026
18.9067 -5.2576
18.9082 -5.26482
18.9097 -5.27191
18.9112 -5.27888
18.9127 -5.28572
18.9142 -5.29244
18.9157 -5.29904
18.9172 -5.30551
18.9187 -5.31187
18.9202 -5.3181
18.9217 -5.32421
18.9232 -5.33021
18.9247 -5.33608
18.9262 -5.34183
18.9277 -5.34746
18.9292 -5.35298
18.9307 -5.35838
18.9322 -5.36366
18.9337 -5.36882
18.9352 -5.37386
18.9367 -5.37879
18.9382 -5.38361
18.9397 -5.38831
18.9412 -5.39289
18.9427 -5.39736
18.9442 -5.40172
18.9457 -5.40596
18.9472 -5.41009
18.9487 -5.4141
18.9502 -5.41801
18.9517 -5.4218
18.9532 -5.42548
18.9547 -5.42905
18.9562 -5.43251
18.9577 -5.43586
18.9592 -5.4391
18.9607 -5.44224
18.9622 -5.44526
18.9637 -5.44818
18.9652 -5.45098
18.9667 -5.45368
18.9682 -5.45628
18.9697 -5.45876
18.9712 -5.46115
18.9727 -5.46342
18.9742 -5.46559
18.9757 -5.46766
18.9772 -5.46962
18.9787 -5.47148
18.9802 -5.47324
18.9817 -5.47489
18.9832 -5.47644
18.9847 -5.47789
18.9862 -5.47923
18.9877 -5.48048
18.9892 -5.48163
18.9907 -5.48267
18.9922 -5.48362
18.9937 -5.48446
18.9952 -5.48521
18.9967 -5.48586
18.9982 -5.48641
18.9997 -5.48686
19.0013 -5.48722
19.0028 -5.48747
19.0043 -5.48764
19.0058 -5.4877
19.0073 -5.48767
19.0088 -5.48755
19.0103 -5.48733
19.0118 -5.48702
19.0133 -5.48661
19.0148 -5.48611
19.0163 -5.48552
19.0178 -5.48483
19.0193 -5.48405
19.0208 -5.48318
19.0223 -5.48222
19.0238 -5.48117
19.0253 -5.48003
19.0268 -5.4788
19.0283 -5.47748
19.0298 -5.47607
19.0313 -5.47457
19.0328 -5.47298
19.0343 -5.4713
19.0358 -5.46954
19.0373 -5.46769
19.0388 -5.46575
19.0403 -5.46373
19.0418 -5.46162
19.0433 -5.45942
19.0448 -5.45714
19.0463 -5.45478
19.0478 -5.45233
19.0493 -5.4498
19.0508 -5.44718
19.0523 -5.44448
19.0538 -5.4417
19.0553 -5.43884
19.0568 -5.43589
19.0583 -5.43286
19.0598 -5.42975
19.0613 -5.42657
19.0628 -5.4233
19.0643 -5.41995
19.0658 -5.41652
19.0673 -5.41301
19.0688 -5.40943
19.0703 -5.40576
19.0718 -5.40202
19.0733 -5.3982
19.0748 -5.3943
19.0763 -5.39033
19.0778 -5.38628
19.0793 -5.38216
19.0808 -5.37796
19.0823 -5.37368
19.0838 -5.36933
19.0853 -5.36491
19.0868 -5.36041
19.0883 -5.35584
19.0898 -5.35119
19.0913 -5.34648
19.0928 -5.34169
19.0943 -5.33682
19.0958 -5.33189
19.0973 -5.32689
19.0988 -5.32181
19.1003 -5.31667
19.1018 -5.31145
19.1033 -5.30617
19.1048 -5.30081
19.1063 -5.29539
19.1078 -5.2899
19.1093 -5.28434
19.1108 -5.27871
19.1123 -5.27302
19.1138 -5.26726
19.1153 -5.26143
19.1168 -5.25553
19.1183 -5.24957
19.1198 -5.24355
19.1213 -5.23746
19.1228 -5.2313
19.1243 -5.22508
19.1258 -5.2188
19.1273 -5.21245
19.1288 -5.20604
19.1303 -5.19957
19.1318 -5.19304
19.1333 -5.18644
19.1348 -5.17978
19.1363 -5.17306
19.1378 -5.16628
19.1393 -5.15944
19.1408 -5.15254
19.1423 -5.14558
19.1438 -5.13855
19.1453 -5.13147
19.1468 -5.12434
19.1483 -5.11714
19.1498 -5.10988
19.1513 -5.10257
19.1528 -5.0952
19.1543 -5.08777
19.1558 -5.08029
19.1573 -5.07275
19.1588 -5.06516
19.1603 -5.0575
19.1618 -5.0498
19.1633 -5.04204
19.1648 -5.03422
19.1663 -5.02635
19.1678 -5.01843
19.1693 -5.01045
19.1708 -5.00243
19.1723 -4.99434
19.1738 -4.98621
19.1753 -4.97802
19.1768 -4.96979
19.1783 -4.9615
19.1798 -4.95316
19.1813 -4.94477
19.1828 -4.93633
19.1843 -4.92784
19.1858 -4.9193
19.1873 -4.91071
19.1888 -4.90207
19.1903 -4.89339
19.1918 -4.88466
19.1933 -4.87587
19.1948 -4.86705
19.1963 -4.85817
19.1978 -4.84925
19.1993 -4.84028
19.2009 -4.83126
19.2024 -4.8222
19.2039 -4.8131
19.2054 -4.80395
19.2069 -4.79475
19.2084 -4.78551
19.2099 -4.77623
19.2114 -4.7669
19.2129 -4.75753
19.2144 -4.74812
19.2159 -4.73867
19.2174 -4.72917
19.2189 -4.71963
19.2204 -4.71005
19.2219 -4.70042
19.2234 -4.69076
19.2249 -4.68106
19.2264 -4.67131
19.2279 -4.66153
19.2294 -4.6517
19.2309 -4.64184
19.2324 -4.63194
19.2339 -4.622
19.2354 -4.61202
19.2369 -4.602
19.2384 -4.59195
19.2399 -4.58186
19.2414 -4.57173
19.2429 -4.56156
19.2444 -4.55136
19.2459 -4.54112
19.2474 -4.53085
19.2489 -4.52054
19.2504 -4.5102
19.2519 -4.49982
19.2534 -4.48941
19.2549 -4.47896
19.2564 -4.46848
19.2579 -4.45796
19.2594 -4.44742
19.2609 -4.43684
19.2624 -4.42622
19.2639 -4.41558
19.2654 -4.4049
19.2669 -4.3942
19.2684 -4.38346
19.2699 -4.37269
19.2714 -4.36189
19.2729 -4.35106
19.2744 -4.34019
19.2759 -4.3293
19.2774 -4.31838
19.2789 -4.30743
19.2804 -4.29646
19.2819 -4.28545
19.2834 -4.27442
19.2849 -4.26335
19.2864 -4.25226
19.2879 -4.24115
19.2894 -4.23
19.2909 -4.21883
19.2924 -4.20764
19.2939 -4.19642
19.2954 -4.18517
19.2969 -4.17389
19.2984 -4.16259
19.2999 -4.15127
19.3014 -4.13992
19.3029 -4.12855
19.3044 -4.11716
19.3059 -4.10574
19.3074 -4.09429
19.3089 -4.08283
19.3104 -4.07134
19.3119 -4.05983
19.3134 -4.0483
19.3149 -4.03674
19.3164 -4.02516
19.3179 -4.01357
19.3194 -4.00195
19.3209 -3.99031
19.3224 -3.97865
19.3239 -3.96697
19.3254 -3.95527
19.3269 -3.94355
19.3284 -3.93181
19.3299 -3.92006
19.3314 -3.90828
19.3329 -3.89649
19.3344 -3.88468
19.3359 -3.87285
19.3374 -3.861
19.3389 -3.84914
19.3404 -3.83726
19.3419 -3.82536
19.3434 -3.81344
19.3449 -3.80151
19.3464 -3.78957
19.3479 -3.77761
19.3494 -3.76563
19.3509 -3.75364
19.3524 -3.74163
19.3539 -3.72961
19.3554 -3.71758
19.3569 -3.70553
19.3584 -3.69347
19.3599 -3.68139
19.3614 -3.6693
19.3629 -3.6572
19.3644 -3.64509
19.3659 -3.63296
19.3674 -3.62082
19.3689 -3.60867
19.3704 -3.59651
19.3719 -3.58434
19.3734 -3.57216
19.3749 -3.55997
19.3764 -3.54776
19.3779 -3.53555
19.3794 -3.52332
19.3809 -3.51109
19.3824 -3.49885
19.3839 -3.4866
19.3854 -3.47434
19.3869 -3.46207
19.3884 -3.44979
19.3899 -3.43751
19.3914 -3.42522
19.3929 -3.41292
19.3944 -3.40061
19.3959 -3.3883
19.3974 -3.37598
19.3989 -3.36365
19.4005 -3.35132
19.402 -3.33898
19.4035 -3.32664
19.405 -3.31429
19.4065 -3.30193
19.408 -3.28957
19.4095 -3.27721
19.411 -3.26484
19.4125 -3.25247
19.414 -3.24009
19.4155 -3.22771
19.417 -3.21533
19.4185 -3.20294
19.42 -3.19055
19.4215 -3.17816
19.423 -3.16577
19.4245 -3.15337
19.426 -3.14098
19.4275 -3.12858
19.429 -3.11618
19.4305 -3.10377
19.432 -3.09137
19.4335 -3.07897
19.435 -3.06656
19.4365 -3.05416
19.438 -3.04176
19.4395 -3.02935
19.441 -3.01695
19.4425 -3.00455
19.444 -2.99215
19.4455 -2.97975
19.447 -2.96735
19.4485 -2.95496
19.45 -2.94256
19.4515 -2.93017
19.453 -2.91778
19.4545 -2.90539
19.456 -2.89301
19.4575 -2.88063
19.459 -2.86825
19.4605 -2.85588
19.462 -2.84351
19.4635 -2.83115
19.465 -2.81878
19.4665 -2.80643
19.468 -2.79408
19.4695 -2.78173
19.471 -2.76939
19.4725 -2.75705
19.474 -2.74472
19.4755 -2.7324
19.477 -2.72008
19.4785 -2.70777
19.48 -2.69546
19.4815 -2.68317
19.483 -2.67088
19.4845 -2.65859
19.486 -2.64632
19.4875 -2.63405
19.489 -2.62179
19.4905 -2.60953
19.492 -2.59729
19.4935 -2.58505
19.495 -2.57283
19.4965 -2.56061
19.498 -2.5484
19.4995 -2.5362
19.501 -2.52401
19.5025 -2.51183
19.504 -2.49967
19.5055 -2.48751
19.507 -2.47536
19.5085 -2.46322
19.51 -2.45109
19.5115 -2.43898
19.513 -2.42687
19.5145 -2.41478
19.516 -2.4027
19.5175 -2.39063
19.519 -2.37857
19.5205 -2.36653
19.522 -2.3545
19.5235 -2.34248
19.525 -2.33047
19.5265 -2.31848
19.528 -2.3065
19.5295 -2.29454
19.531 -2.28259
19.5325 -2.27065
19.534 -2.25872
19.5355 -2.24681
19.537 -2.23492
19.5385 -2.22304
19.54 -2.21118
19.5415 -2.19933
19.543 -2.18749
19.5445 -2.17567
19.546 -2.16387
19.5475 -2.15209
19.549 -2.14032
19.5505 -2.12856
19.552 -2.11682
19.5535 -2.1051
19.555 -2.0934
19.5565 -2.08171
19.558 -2.07004
19.5595 -2.05839
19.561 -2.04676
19.5625 -2.03514
19.564 -2.02355
19.5655 -2.01197
19.567 -2.0004
19.5685 -1.98886
19.57 -1.97734
19.5715 -1.96583
19.573 -1.95435
19.5745 -1.94288
19.576 -1.93144
19.5775 -1.92001
19.579 -1.9086
19.5805 -1.89722
19.582 -1.88585
19.5835 -1.8745
19.585 -1.86318
19.5865 -1.85188
19.588 -1.84059
19.5895 -1.82933
19.591 -1.81809
19.5925 -1.80687
19.594 -1.79567
19.5955 -1.7845
19.597 -1.77334
19.5985 -1.76221
19.6001 -1.7511
19.6016 -1.74002
19.6031 -1.72895
19.6046 -1.71791
19.6061 -1.70689
19.6076 -1.6959
19.6091 -1.68493
19.6106 -1.67398
19.6121 -1.66306
19.6136 -1.65216
19.6151 -1.64128
19.6166 -1.63043
19.6181 -1.61961
19.6196 -1.6088
19.6211 -1.59803
19.6226 -1.58727
19.6241 -1.57655
19.6256 -1.56584
19.6271 -1.55517
19.6286 -1.54451
19.6301 -1.53389
19.6316 -1.52329
19.6331 -1.51272
19.6346 -1.50217
19.6361 -1.49165
19.6376 -1.48115
19.6391 -1.47068
19.6406 -1.46024
19.6421 -1.44983
19.6436 -1.43944
19.6451 -1.42908
19.6466 -1.41875
19.6481 -1.40844
19.6496 -1.39817
19.6511 -1.38792
19.6526 -1.3777
19.6541 -1.3675
19.6556 -1.35734
19.6571 -1.3472
19.6586 -1.33709
19.6601 -1.32701
19.6616 -1.31696
19.6631 -1.30694
19.6646 -1.29695
19.6661 -1.28699
19.6676 -1.27705
19.6691 -1.26715
19.6706 -1.25728
19.6721 -1.24743
19.6736 -1.23762
19.6751 -1.22784
19.6766 -1.21808
19.6781 -1.20836
19.6796 -1.19867
19.6811 -1.18901
19.6826 -1.17938
19.6841 -1.16978
19.6856 -1.16021
19.6871 -1.15067
19.6886 -1.14117
19.6901 -1.13169
19.6916 -1.12225
19.6931 -1.11284
19.6946 -1.10346
19.6961 -1.09411
19.6976 -1.0848
19.6991 -1.07552
19.7006 -1.06627
19.7021 -1.05705
19.7036 -1.04787
19.7051 -1.03872
19.7066 -1.0296
19.7081 -1.02051
19.7096 -1.01146
19.7111 -1.00244
19.7126 -0.993455
19.7141 -0.984504
19.7156 -0.975586
19.7171 -0.966702
19.7186 -0.957852
19.7201 -0.949036
19.7216 -0.940254
19.7231 -0.931506
19.7246 -0.922793
19.7261 -0.914115
19.7276 -0.905471
19.7291 -0.896862
19.7306 -0.888288
19.7321 -0.879749
19.7336 -0.871245
19.7351 -0.862776
19.7366 -0.854343
19.7381 -0.845945
19.7396 -0.837583
19.7411 -0.829256
19.7426 -0.820966
19.7441 -0.812711
19.7456 -0.804492
19.7471 -0.79631
19.7486 -0.788163
19.7501 -0.780053
19.7516 -0.77198
19.7531 -0.763943
19.7546 -0.755943
19.7561 -0.747979
19.7576 -0.740053
19.7591 -0.732163
19.7606 -0.724311
19.7621 -0.716496
19.7636 -0.708718
19.7651 -0.700977
19.7666 -0.693274
19.7681 -0.685609
19.7696 -0.677981
19.7711 -0.670391
19.7726 -0.662839
19.7741 -0.655326
19.7756 -0.64785
19.7771 -0.640412
19.7786 -0.633013
19.7801 -0.625652
19.7816 -0.618329
19.7831 -0.611045
19.7846 -0.6038
19.7861 -0.596594
19.7876 -0.589426
19.7891 -0.582297
19.7906 -0.575208
19.7921 -0.568157
19.7936 -0.561146
19.7951 -0.554174
19.7966 -0.547241
19.7981 -0.540348
19.7996 -0.533494
19.8012 -0.52668
19.8027 -0.519906
19.8042 -0.513172
19.8057 -0.506477
19.8072 -0.499823
19.8087 -0.493209
19.8102 -0.486634
19.8117 -0.4801
19.8132 -0.473607
19.8147 -0.467153
19.8162 -0.46074
19.8177 -0.454368
19.8192 -0.448036
19.8207 -0.441745
19.8222 -0.435495
19.8237 -0.429286
19.8252 -0.423118
19.8267 -0.41699
19.8282 -0.410904
19.8297 -0.404859
19.8312 -0.398855
19.8327 -0.392893
19.8342 -0.386971
19.8357 -0.381092
19.8372 -0.375254
19.8387 -0.369457
19.8402 -0.363702
19.8417 -0.357989
19.8432 -0.352317
19.8447 -0.346688
19.8462 -0.3411
19.8477 -0.335555
19.8492 -0.330051
19.8507 -0.32459
19.8522 -0.31917
19.8537 -0.313793
19.8552 -0.308459
19.8567 -0.303167
19.8582 -0.297917
19.8597 -0.292709
19.8612 -0.287545
19.8627 -0.282422
19.8642 -0.277343
19.8657 -0.272306
19.8672 -0.267312
19.8687 -0.262361
19.8702 -0.257453
19.8717 -0.252588
19.8732 -0.247766
19.8747 -0.242987
19.8762 -0.238251
19.8777 -0.233558
19.8792 -0.228909
19.8807 -0.224302
19.8822 -0.219739
19.8837 -0.21522
19.8852 -0.210744
19.8867 -0.206311
19.8882 -0.201922
19.8897 -0.197577
19.8912 -0.193275
19.8927 -0.189017
19.8942 -0.184803
19.8957 -0.180632
19.8972 -0.176505
19.8987 -0.172422
19.9002 -0.168383
19.9017 -0.164388
19.9032 -0.160437
19.9047 -0.15653
19.9062 -0.152667
19.9077 -0.148848
19.9092 -0.145074
19.9107 -0.141343
19.9122 -0.137657
19.9137 -0.134015
19.9152 -0.130417
19.9167 -0.126864
19.9182 -0.123355
19.9197 -0.11989
19.9212 -0.11647
19.9227 -0.113095
19.9242 -0.109764
19.9257 -0.106477
19.9272 -0.103235
19.9287 -0.100038
19.9302 -0.0968853
19.9317 -0.0937773
19.9332 -0.090714
19.9347 -0.0876954
19.9362 -0.0847216
19.9377 -0.0817926
19.9392 -0.0789084
19.9407 -0.0760691
19.9422 -0.0732746
19.9437 -0.070525
19.9452 -0.0678203
19.9467 -0.0651606
19.9482 -0.0625459
19.9497 -0.0599761
19.9512 -0.0574513
19.9527 -0.0549716
19.9542 -0.0525369
19.9557 -0.0501473
19.9572 -0.0478028
19.9587 -0.0455034
19.9602 -0.0432492
19.9617 -0.04104
19.9632 -0.0388761
19.9647 -0.0367573
19.9662 -0.0346837
19.9677 -0.0326553
19.9692 -0.0306721
19.9707 -0.0287342
19.9722 -0.0268415
19.9737 -0.0249941
19.9752 -0.0231919
19.9767 -0.021435
19.9782 -0.0197235
19.9797 -0.0180572
19.9812 -0.0164362
19.9827 -0.0148606
19.9842 -0.0133303
19.9857 -0.0118453
19.9872 -0.0104056
19.9887 -0.00901135
19.9902 -0.00766241
19.9917 -0.00635882
19.9932 -0.0051006
19.9947 -0.00388774
19.9962 -0.00272025
19.9977 -0.00159812
19.9992 -0.000521364
20.0008 0.000510022
20.0023 0.00149604
20.0038 0.00243668
20.0053 0.00333196
20.0068 0.00418187
20.0083 0.00498642
20.0098 0.00574561
20.0113 0.00645944
20.0128 0.00712792
20.0143 0.00775105
20.0158 0.00832884
20.0173 0.0088613
20.0188 0.00934843
20.0203 0.00979024
20.0218 0.0101867
20.0233 0.0105379
20.0248 0.0108438
20.0263 0.0111044
20.0278 0.0113198
20.0293 0.0114899
20.0308 0.0116147
20.0323 0.0116943
20.0338 0.0117287
20.0353 0.0117179
20.0368 0.0116619
20.0383 0.0115607
20.0398 0.0114143
20.0413 0.0112228
20.0428 0.0109862
20.0443 0.0107044
20.0458 0.0103776
20.0473 0.0100057
20.0488 0.00958874
20.0503 0.00912675
20.0518 0.00861975
20.0533 0.00806777
20.0548 0.00747082
20.0563 0.00682893
20.0578 0.00614212
20.0593 0.00541041
20.0608 0.00463384
20.0623 0.00381242
20.0638 0.00294618
20.0653 0.00203516
20.0668 0.00107937
20.0683 7.88446e-05
20.0698 -0.000966385
20.0713 -0.00205629
20.0728 -0.00319084
20.0743 -0.00437001
20.0758 -0.00559376
20.0773 -0.00686206
20.0788 -0.00817488
20.0803 -0.00953219
20.0818 -0.0109339
20.0833 -0.0123801
20.0848 -0.0138707
20.0863 -0.0154056
20.0878 -0.0169848
20.0893 -0.0186083
20.0908 -0.020276
20.0923 -0.0219879
20.0938 -0.023744
20.0953 -0.0255442
20.0968 -0.0273884
20.0983 -0.0292767
20.0998 -0.031209
20.1013 -0.0331852
20.1028 -0.0352054
20.1043 -0.0372694
20.1058 -0.0393772
20.1073 -0.0415288
20.1088 -0.0437242
20.1103 -0.0459632
20.1118 -0.0482459
20.1133 -0.0505721
20.1148 -0.0529419
20.1163 -0.0553552
20.1178 -0.0578119
20.1193 -0.060312
20.1208 -0.0628555
20.1223 -0.0654422
20.1238 -0.0680722
20.1253 -0.0707454
20.1268 -0.0734617
20.1283 -0.076221
20.1298 -0.0790234
20.1313 -0.0818688
20.1328 -0.0847571
20.1343 -0.0876882
20.1358 -0.0906622
20.1373 -0.0936789
20.1388 -0.0967382
20.1403 -0.0998402
20.1418 -0.102985
20.1433 -0.106172
20.1448 -0.109401
20.1463 -0.112673
20.1478 -0.115987
20.1493 -0.119344
20.1508 -0.122743
20.1523 -0.126183
20.1538 -0.129666
20.1553 -0.133191
20.1568 -0.136758
20.1583 -0.140366
20.1598 -0.144017
20.1613 -0.147709
20.1628 -0.151443
20.1643 -0.155218
20.1658 -0.159035
20.1673 -0.162894
20.1688 -0.166793
20.1703 -0.170734
20.1718 -0.174717
20.1733 -0.17874
20.1748 -0.182805
20.1763 -0.18691
20.1778 -0.191057
20.1793 -0.195244
20.1808 -0.199472
20.1823 -0.203741
20.1838 -0.208051
20.1853 -0.212401
20.1868 -0.216791
20.1883 -0.221222
20.1898 -0.225694
20.1913 -0.230205
20.1928 -0.234757
20.1943 -0.239348
20.1958 -0.24398
20.1973 -0.248652
20.1988 -0.253363
20.2004 -0.258114
20.2019 -0.262905
20.2034 -0.267736
20.2049 -0.272605
20.2064 -0.277515
20.2079 -0.282463
20.2094 -0.287451
20.2109 -0.292478
20.2124 -0.297544
20.2139 -0.302649
20.2154 -0.307792
20.2169 -0.312975
20.2184 -0.318196
20.2199 -0.323456
20.2214 -0.328754
20.2229 -0.33409
20.2244 -0.339465
20.2259 -0.344878
20.2274 -0.35033
20.2289 -0.355819
20.2304 -0.361346
20.2319 -0.366911
20.2334 -0.372513
20.2349 -0.378154
20.2364 -0.383831
20.2379 -0.389546
20.2394 -0.395299
20.2409 -0.401088
20.2424 -0.406915
20.2439 -0.412779
20.2454 -0.41868
20.2469 -0.424617
20.2484 -0.430591
20.2499 -0.436602
20.2514 -0.442649
20.2529 -0.448733
20.2544 -0.454852
20.2559 -0.461008
20.2574 -0.4672
20.2589 -0.473428
20.2604 -0.479692
20.2619 -0.485991
20.2634 -0.492326
20.2649 -0.498697
20.2664 -0.505103
20.2679 -0.511544
20.2694 -0.51802
20.2709 -0.524532
20.2724 -0.531078
20.2739 -0.537659
20.2754 -0.544275
20.2769 -0.550925
20.2784 -0.55761
20.2799 -0.564329
20.2814 -0.571082
20.2829 -0.577869
20.2844 -0.584691
20.2859 -0.591546
20.2874 -0.598435
20.2889 -0.605357
20.2904 -0.612313
20.2919 -0.619302
20.2934 -0.626325
20.2949 -0.633381
20.2964 -0.640469
20.2979 -0.647591
20.2994 -0.654745
20.3009 -0.661932
20.3024 -0.669151
20.3039 -0.676403
20.3054 -0.683686
20.3069 -0.691002
20.3084 -0.69835
20.3099 -0.70573
20.3114 -0.713141
20.3129 -0.720584
20.3144 -0.728058
20.3159 -0.735564
20.3174 -0.743101
20.3189 -0.750668
20.3204 -0.758267
20.3219 -0.765896
20.3234 -0.773556
20.3249 -0.781247
20.3264 -0.788968
20.3279 -0.796718
20.3294 -0.804499
20.3309 -0.81231
20.3324 -0.820151
20.3339 -0.828021
20.3354 -0.835921
20.3369 -0.84385
20.3384 -0.851809
20.3399 -0.859796
20.3414 -0.867812
20.3429 -0.875857
20.3444 -0.883931
20.3459 -0.892033
20.3474 -0.900163
20.3489 -0.908322
20.3504 -0.916509
20.3519 -0.924723
20.3534 -0.932965
20.3549 -0.941235
20.3564 -0.949532
20.3579 -0.957857
20.3594 -0.966208
20.3609 -0.974587
20.3624 -0.982992
20.3639 -0.991424
20.3654 -0.999883
20.3669 -1.00837
20.3684 -1.01688
20.3699 -1.02542
20.3714 -1.03398
20.3729 -1.04257
20.3744 -1.05118
20.3759 -1.05982
20.3774 -1.06849
20.3789 -1.07718
20.3804 -1.08589
20.3819 -1.09463
20.3834 -1.10339
20.3849 -1.11218
20.3864 -1.121
20.3879 -1.12983
20.3894 -1.13869
20.3909 -1.14758
20.3924 -1.15649
20.3939 -1.16542
20.3954 -1.17437
20.3969 -1.18335
20.3984 -1.19235
20.3999 -1.20137
20.4015 -1.21042
20.403 -1.21949
20.4045 -1.22858
20.406 -1.23769
20.4075 -1.24683
20.409 -1.25598
20.4105 -1.26516
20.412 -1.27436
20.4135 -1.28358
20.415 -1.29282
20.4165 -1.30209
20.418 -1.31137
20.4195 -1.32067
20.421 -1.33
20.4225 -1.33934
20.424 -1.3487
20.4255 -1.35809
20.427 -1.36749
20.4285 -1.37691
20.43 -1.38635
20.4315 -1.39582
20.433 -1.4053
20.4345 -1.41479
20.436 -1.42431
20.4375 -1.43385
20.439 -1.4434
20.4405 -1.45297
20.442 -1.46256
20.4435 -1.47216
20.445 -1.48179
20.4465 -1.49143
20.448 -1.50109
20.4495 -1.51076
20.451 -1.52045
20.4525 -1.53016
20.454 -1.53988
20.4555 -1.54962
20.457 -1.55938
20.4585 -1.56915
20.46 -1.57894
20.4615 -1.58874
20.463 -1.59856
20.4645 -1.60839
20.466 -1.61823
20.4675 -1.62809
20.469 -1.63797
20.4705 -1.64786
20.472 -1.65776
20.4735 -1.66768
20.475 -1.67761
20.4765 -1.68755
20.478 -1.69751
20.4795 -1.70747
20.481 -1.71746
20.4825 -1.72745
20.484 -1.73746
20.4855 -1.74747
20.487 -1.7575
20.4885 -1.76755
20.49 -1.7776
20.4915 -1.78766
20.493 -1.79774
20.4945 -1.80782
20.496 -1.81792
20.4975 -1.82803
20.499 -1.83814
20.5005 -1.84827
20.502 -1.8584
20.5035 -1.86855
20.505 -1.87871
20.5065 -1.88887
20.508 -1.89904
20.5095 -1.90922
20.511 -1.91941
20.5125 -1.92961
20.514 -1.93982
20.5155 -1.95003
20.517 -1.96025
20.5185 -1.97048
20.52 -1.98071
20.5215 -1.99096
20.523 -2.00121
20.5245 -2.01146
20.526 -2.02172
20.5275 -2.03199
20.529 -2.04226
20.5305 -2.05254
20.532 -2.06282
20.5335 -2.07311
20.535 -2.08341
20.5365 -2.0937
20.538 -2.10401
20.5395 -2.11431
20.541 -2.12462
20.5425 -2.13494
20.544 -2.14526
20.5455 -2.15558
20.547 -2.1659
20.5485 -2.17623
20.55 -2.18656
20.5515 -2.19689
20.553 -2.20722
20.5545 -2.21756
20.556 -2.22789
20.5575 -2.23823
20.559 -2.24857
20.5605 -2.25891
20.562 -2.26925
20.5635 -2.27959
20.565 -2.28993
20.5665 -2.30027
20.568 -2.31061
20.5695 -2.32095
20.571 -2.33129
20.5725 -2.34163
20.574 -2.35197
20.5755 -2.3623
20.577 -2.37263
20.5785 -2.38296
20.58 -2.39329
20.5815 -2.40362
20.583 -2.41394
20.5845 -2.42426
20.586 -2.43458
20.5875 -2.44489
20.589 -2.4552
20.5905 -2.46551
20.592 -2.47581
20.5935 -2.48611
20.595 -2.4964
20.5965 -2.50668
20.598 -2.51697
20.5995 -2.52724
20.6011 -2.53751
20.6026 -2.54777
20.6041 -2.55803
20.6056 -2.56828
20.6071 -2.57853
20.6086 -2.58876
20.6101 -2.59899
20.6116 -2.60921
20.6131 -2.61943
20.6146 -2.62963
20.6161 -2.63983
20.6176 -2.65002
20.6191 -2.6602
20.6206 -2.67037
20.6221 -2.68053
20.6236 -2.69068
20.6251 -2.70082
20.6266 -2.71095
20.6281 -2.72107
20.6296 -2.73118
20.6311 -2.74128
20.6326 -2.75137
20.6341 -2.76144
20.6356 -2.7715
20.6371 -2.78155
20.6386 -2.79159
20.6401 -2.80162
20.6416 -2.81163
20.6431 -2.82163
20.6446 -2.83162
20.6461 -2.84159
20.6476 -2.85155
20.6491 -2.86149
20.6506 -2.87142
20.6521 -2.88133
20.6536 -2.89123
20.6551 -2.90111
20.6566 -2.91098
20.6581 -2.92083
20.6596 -2.93067
20.6611 -2.94049
20.6626 -2.95029
20.6641 -2.96007
20.6656 -2.96984
20.6671 -2.97959
20.6686 -2.98932
20.6701 -2.99903
20.6716 -3.00872
20.6731 -3.0184
20.6746 -3.02806
20.6761 -3.03769
20.6776 -3.04731
20.6791 -3.05691
20.6806 -3.06648
20.6821 -3.07604
20.6836 -3.08557
20.6851 -3.09509
20.6866 -3.10458
20.6881 -3.11405
20.6896 -3.1235
20.6911 -3.13292
20.6926 -3.14232
20.6941 -3.1517
20.6956 -3.16106
20.6971 -3.17039
20.6986 -3.1797
20.7001 -3.18899
20.7016 -3.19825
20.7031 -3.20749
20.7046 -3.2167
20.7061 -3.22588
20.7076 -3.23504
20.7091 -3.24417
20.7106 -3.25328
20.7121 -3.26236
20.7136 -3.27142
20.7151 -3.28044
20.7166 -3.28944
20.7181 -3.29841
20.7196 -3.30736
20.7211 -3.31627
20.7226 -3.32516
20.7241 -3.33402
20.7256 -3.34284
20.7271 -3.35164
20.7286 -3.36041
20.7301 -3.36915
20.7316 -3.37786
20.7331 -3.38653
20.7346 -3.39518
20.7361 -3.40379
20.7376 -3.41237
20.7391 -3.42092
20.7406 -3.42944
20.7421 -3.43792
20.7436 -3.44638
20.7451 -3.45479
20.7466 -3.46318
20.7481 -3.47153
20.7496 -3.47984
20.7511 -3.48812
20.7526 -3.49637
20.7541 -3.50458
20.7556 -3.51276
20.7571 -3.52089
20.7586 -3.529
20.7601 -3.53706
20.7616 -3.54509
20.7631 -3.55308
20.7646 -3.56104
20.7661 -3.56895
20.7676 -3.57683
20.7691 -3.58467
20.7706 -3.59247
20.7721 -3.60023
20.7736 -3.60795
20.7751 -3.61563
20.7766 -3.62328
20.7781 -3.63088
20.7796 -3.63844
20.7811 -3.64596
20.7826 -3.65343
20.7841 -3.66087
20.7856 -3.66826
20.7871 -3.67561
20.7886 -3.68292
20.7901 -3.69018
20.7916 -3.6974
20.7931 -3.70458
20.7946 -3.71171
20.7961 -3.7188
20.7976 -3.72584
20.7991 -3.73284
20.8007 -3.73979
20.8022 -3.7467
20.8037 -3.75356
20.8052 -3.76037
20.8067 -3.76713
20.8082 -3.77385
20.8097 -3.78052
20.8112 -3.78715
20.8127 -3.79372
20.8142 -3.80025
20.8157 -3.80672
20.8172 -3.81315
20.8187 -3.81953
20.8202 -3.82585
20.8217 -3.83213
20.8232 -3.83836
20.8247 -3.84453
20.8262 -3.85065
20.8277 -3.85672
20.8292 -3.86274
20.8307 -3.86871
20.8322 -3.87462
20.8337 -3.88048
20.8352 -3.88629
20.8367 -3.89204
20.8382 -3.89774
20.8397 -3.90338
20.8412 -3.90897
20.8427 -3.9145
20.8442 -3.91998
20.8457 -3.9254
20.8472 -3.93077
20.8487 -3.93607
20.8502 -3.94132
20.8517 -3.94652
20.8532 -3.95165
20.8547 -3.95673
20.8562 -3.96174
20.8577 -3.9667
20.8592 -3.9716
20.8607 -3.97644
20.8622 -3.98122
20.8637 -3.98594
20.8652 -3.99059
20.8667 -3.99519
20.8682 -3.99972
20.8697 -4.0042
20.8712 -4.00861
20.8727 -4.01295
20.8742 -4.01724
20.8757 -4.02146
20.8772 -4.02561
20.8787 -4.02971
20.8802 -4.03373
20.8817 -4.0377
20.8832 -4.04159
20.8847 -4.04542
20.8862 -4.04919
20.8877 -4.05289
20.8892 -4.05652
20.8907 -4.06008
20.8922 -4.06358
20.8937 -4.06701
20.8952 -4.07037
20.8967 -4.07366
20.8982 -4.07688
20.8997 -4.08004
20.9012 -4.08312
20.9027 -4.08613
20.9042 -4.08907
20.9057 -4.09194
20.9072 -4.09474
20.9087 -4.09747
20.9102 -4.10012
20.9117 -4.1027
20.9132 -4.10521
20.9147 -4.10765
20.9162 -4.11001
20.9177 -4.1123
20.9192 -4.11451
20.9207 -4.11665
20.9222 -4.11871
20.9237 -4.1207
20.9252 -4.12261
20.9267 -4.12444
20.9282 -4.1262
20.9297 -4.12787
20.9312 -4.12948
20.9327 -4.131
20.9342 -4.13244
20.9357 -4.13381
20.9372 -4.1351
20.9387 -4.1363
20.9402 -4.13743
20.9417 -4.13847
20.9432 -4.13944
20.9447 -4.14032
20.9462 -4.14112
20.9477 -4.14184
20.9492 -4.14248
20.9507 -4.14303
20.9522 -4.1435
20.9537 -4.14389
20.9552 -4.14419
20.9567 -4.14441
20.9582 -4.14454
20.9597 -4.14459
20.9612 -4.14455
20.9627 -4.14442
20.9642 -4.14421
20.9657 -4.14391
20.9672 -4.14352
20.9687 -4.14305
20.9702 -4.14248
20.9717 -4.14183
20.9732 -4.14109
20.9747 -4.14026
20.9762 -4.13934
20.9777 -4.13833
20.9792 -4.13723
20.9807 -4.13603
20.9822 -4.13475
20.9837 -4.13337
20.9852 -4.1319
20.9867 -4.13034
20.9882 -4.12868
20.9897 -4.12693
20.9912 -4.12509
20.9927 -4.12315
20.9942 -4.12112
20.9957 -4.11899
20.9972 -4.11676
20.9987 -4.11444
21.0003 -4.11202
21.0018 -4.10951
21.0033 -4.10689
21.0048 -4.10418
21.0063 -4.10137
21.0078 -4.09846
21.0093 -4.09546
21.0108 -4.09235
21.0123 -4.08914
21.0138 -4.08583
21.0153 -4.08242
21.0168 -4.07891
21.0183 -4.0753
21.0198 -4.07158
21.0213 -4.06777
21.0228 -4.06384
21.0243 -4.05982
21.0258 -4.05569
21.0273 -4.05146
21.0288 -4.04712
21.0303 -4.04267
21.0318 -4.03812
21.0333 -4.03347
21.0348 -4.0287
21.0363 -4.02383
21.0378 -4.01885
21.0393 -4.01377
21.0408 -4.00857
21.0423 -4.00327
21.0438 -3.99785
21.0453 -3.99233
21.0468 -3.9867
21.0483 -3.98095
21.0498 -3.9751
21.0513 -3.96913
21.0528 -3.96305
21.0543 -3.95686
21.0558 -3.95056
21.0573 -3.94414
21.0588 -3.9376
21.0603 -3.93096
21.0618 -3.9242
21.0633 -3.91732
21.0648 -3.91033
21.0663 -3.90322
21.0678 -3.89599
21.0693 -3.88865
21.0708 -3.88119
21.0723 -3.87361
21.0738 -3.86592
21.0753 -3.8581
21.0768 -3.85017
21.0783 -3.84211
21.0798 -3.83394
21.0813 -3.82564
21.0828 -3.81722
21.0843 -3.80869
21.0858 -3.80003
21.0873 -3.79124
21.0888 -3.78234
21.0903 -3.7733
21.0918 -3.76415
21.0933 -3.75487
21.0948 -3.74547
21.0963 -3.73594
21.0978 -3.72628
21.0993 -3.7165
21.1008 -3.7066
21.1023 -3.69656
21.1038 -3.6864
21.1053 -3.67611
21.1068 -3.66569
21.1083 -3.65514
21.1098 -3.64446
21.1113 -3.63365
21.1128 -3.62271
21.1143 -3.61164
21.1158 -3.60043
21.1173 -3.5891
21.1188 -3.57763
21.1203 -3.56603
21.1218 -3.5543
21.1233 -3.54243
21.1248 -3.53043
21.1263 -3.51829
21.1278 -3.50602
21.1293 -3.49361
21.1308 -3.48107
21.1323 -3.46839
21.1338 -3.45557
21.1353 -3.44261
21.1368 -3.42952
21.1383 -3.41628
21.1398 -3.40291
21.1413 -3.3894
21.1428 -3.37574
21.1443 -3.36195
21.1458 -3.34802
21.1473 -3.33394
21.1488 -3.31972
21.1503 -3.30536
21.1518 -3.29085
21.1533 -3.27621
21.1548 -3.26141
21.1563 -3.24648
21.1578 -3.23139
21.1593 -3.21617
21.1608 -3.20079
21.1623 -3.18527
21.1638 -3.1696
21.1653 -3.15379
21.1668 -3.13782
21.1683 -3.12171
21.1698 -3.10545
21.1713 -3.08904
21.1728 -3.07248
21.1743 -3.05577
21.1758 -3.0389
21.1773 -3.02189
21.1788 -3.00472
21.1803 -2.9874
21.1818 -2.96993
21.1833 -2.9523
21.1848 -2.93452
21.1863 -2.91659
21.1878 -2.89849
21.1893 -2.88025
21.1908 -2.86185
21.1923 -2.84329
21.1938 -2.82457
21.1953 -2.8057
21.1968 -2.78666
21.1983 -2.76747
21.1998 -2.74812
21.2014 -2.72861
21.2029 -2.70894
21.2044 -2.68911
21.2059 -2.66912
21.2074 -2.64896
21.2089 -2.62865
21.2104 -2.60817
21.2119 -2.58753
21.2134 -2.56672
21.2149 -2.54575
21.2164 -2.52461
21.2179 -2.50331
21.2194 -2.48184
21.2209 -2.46021
21.2224 -2.43841
21.2239 -2.41644
21.2254 -2.3943
21.2269 -2.372
21.2284 -2.34952
21.2299 -2.32688
21.2314 -2.30406
21.2329 -2.28108
21.2344 -2.25792
21.2359 -2.23459
21.2374 -2.21109
21.2389 -2.18742
21.2404 -2.16357
21.2419 -2.13955
21.2434 -2.11536
21.2449 -2.09099
21.2464 -2.06644
21.2479 -2.04172
21.2494 -2.01682
21.2509 -1.99175
21.2524 -1.9665
21.2539 -1.94107
21.2554 -1.91546
21.2569 -1.88967
21.2584 -1.8637
21.2599 -1.83755
21.2614 -1.81122
21.2629 -1.78471
21.2644 -1.75802
21.2659 -1.73115
21.2674 -1.70409
21.2689 -1.67685
21.2704 -1.64942
21.2719 -1.62181
21.2734 -1.59402
21.2749 -1.56603
21.2764 -1.53787
21.2779 -1.50951
21.2794 -1.48097
21.2809 -1.45224
21.2824 -1.42333
21.2839 -1.39422
21.2854 -1.36492
21.2869 -1.33544
21.2884 -1.30576
21.2899 -1.27589
21.2914 -1.24583
21.2929 -1.21558
21.2944 -1.18514
21.2959 -1.1545
21.2974 -1.12367
21.2989 -1.09264
21.3004 -1.06142
21.3019 -1.03
21.3034 -0.998387
21.3049 -0.966577
21.3064 -0.93457
21.3079 -0.902364
21.3094 -0.869961
21.3109 -0.837358
21.3124 -0.804556
21.3139 -0.771554
21.3154 -0.738351
21.3169 -0.704947
21.3184 -0.671342
21.3199 -0.637533
21.3214 -0.603522
21.3229 -0.569308
21.3244 -0.53489
21.3259 -0.500267
21.3274 -0.465438
21.3289 -0.430405
21.3304 -0.395164
21.3319 -0.359717
21.3334 -0.324063
21.3349 -0.288201
21.3364 -0.252129
21.3379 -0.215849
21.3394 -0.179359
21.3409 -0.142659
21.3424 -0.105748
21.3439 -0.0686259
21.3454 -0.0312915
21.3469 0.00625551
21.3484 0.0440157
21.3499 0.0819896
21.3514 0.120178
21.3529 0.158581
21.3544 0.197199
21.3559 0.236034
21.3574 0.275085
21.3589 0.314354
21.3604 0.35384
21.3619 0.393544
21.3634 0.433468
21.3649 0.473611
21.3664 0.513974
21.3679 0.554558
21.3694 0.595363
21.3709 0.63639
21.3724 0.67764
21.3739 0.719112
21.3754 0.760808
21.3769 0.802728
21.3784 0.844874
21.3799 0.887244
21.3814 0.929841
21.3829 0.972664
21.3844 1.01571
21.3859 1.05899
21.3874 1.1025
21.3889 1.14623
21.3904 1.1902
21.3919 1.23439
21.3934 1.27882
21.3949 1.32348
21.3964 1.36837
21.3979 1.41349
21.3994 1.45884
21.401 1.50443
21.4025 1.55025
21.404 1.59631
21.4055 1.6426
21.407 1.68913
21.4085 1.7359
21.41 1.7829
21.4115 1.83014
21.413 1.87762
21.4145 1.92534
21.416 1.9733
21.4175 2.0215
21.419 2.06994
21.4205 2.11862
21.422 2.16754
21.4235 2.21671
21.425 2.26612
21.4265 2.31577
21.428 2.36567
21.4295 2.41581
21.431 2.4662
21.4325 2.51684
21.434 2.56772
21.4355 2.61885
21.437 2.67023
21.4385 2.72186
21.44 2.77373
21.4415 2.82586
21.443 2.87824
21.4445 2.93087
21.446 2.98375
21.4475 3.03688
21.449 3.09027
21.4505 3.14391
21.452 3.1978
21.4535 3.25195
21.455 3.30636
21.4565 3.36102
21.458 3.41594
21.4595 3.47112
21.461 3.52655
21.4625 3.58224
21.464 3.6382
21.4655 3.69441
21.467 3.75088
21.4685 3.80762
21.47 3.86462
21.4715 3.92187
21.473 3.9794
21.4745 4.03718
21.476 4.09523
21.4775 4.15355
21.479 4.21213
21.4805 4.27098
21.482 4.33009
21.4835 4.38948
21.485 4.44913
21.4865 4.50905
21.488 4.56924
21.4895 4.6297
21.491 4.69043
21.4925 4.75143
21.494 4.8127
21.4955 4.87425
21.497 4.93607
21.4985 4.99816
21.5 5.06053
