8.5 1.03976
8.5015 0.988226
8.503 0.936942
8.5045 0.885904
8.506 0.835113
8.5075 0.784567
8.509 0.734266
8.51051 0.684209
8.51201 0.634396
8.51351 0.584826
8.51501 0.535498
8.51651 0.486413
8.51801 0.437568
8.51951 0.388965
8.52101 0.340602
8.52251 0.292478
8.52401 0.244594
8.52551 0.196948
8.52701 0.14954
8.52851 0.102369
8.53002 0.0554355
8.53152 0.00873771
8.53302 -0.0377244
8.53452 -0.0839515
8.53602 -0.129944
8.53752 -0.175703
8.53902 -0.221228
8.54052 -0.266521
8.54202 -0.311582
8.54352 -0.35641
8.54502 -0.401008
8.54652 -0.445376
8.54802 -0.489513
8.54952 -0.533421
8.55103 -0.577101
8.55253 -0.620552
8.55403 -0.663776
8.55553 -0.706772
8.55703 -0.749542
8.55853 -0.792086
8.56003 -0.834405
8.56153 -0.876499
8.56303 -0.918368
8.56453 -0.960014
8.56603 -1.00144
8.56753 -1.04264
8.56903 -1.08362
8.57054 -1.12437
8.57204 -1.16491
8.57354 -1.20522
8.57504 -1.24532
8.57654 -1.2852
8.57804 -1.32485
8.57954 -1.36429
8.58104 -1.40352
8.58254 -1.44252
8.58404 -1.48131
8.58554 -1.51988
8.58704 -1.55824
8.58854 -1.59638
8.59005 -1.63431
8.59155 -1.67203
8.59305 -1.70953
8.59455 -1.74682
8.59605 -1.7839
8.59755 -1.82076
8.59905 -1.85742
8.60055 -1.89386
8.60205 -1.9301
8.60355 -1.96612
8.60505 -2.00194
8.60655 -2.03755
8.60805 -2.07295
8.60955 -2.10814
8.61106 -2.14313
8.61256 -2.17791
8.61406 -2.21249
8.61556 -2.24686
8.61706 -2.28103
8.61856 -2.31499
8.62006 -2.34875
8.62156 -2.3823
8.62306 -2.41566
8.62456 -2.44881
8.62606 -2.48176
8.62756 -2.51451
8.62906 -2.54706
8.63057 -2.57942
8.63207 -2.61157
8.63357 -2.64352
8.63507 -2.67528
8.63657 -2.70684
8.63807 -2.7382
8.63957 -2.76936
8.64107 -2.80033
8.64257 -2.83111
8.64407 -2.86169
8.64557 -2.89207
8.64707 -2.92226
8.64857 -2.95226
8.65008 -2.98207
8.65158 -3.01168
8.65308 -3.0411
8.65458 -3.07033
8.65608 -3.09938
8.65758 -3.12823
8.65908 -3.15689
8.66058 -3.18536
8.66208 -3.21364
8.66358 -3.24174
8.66508 -3.26965
8.66658 -3.29737
8.66808 -3.3249
8.66958 -3.35225
8.67109 -3.37942
8.67259 -3.4064
8.67409 -3.43319
8.67559 -3.45981
8.67709 -3.48623
8.67859 -3.51248
8.68009 -3.53854
8.68159 -3.56442
8.68309 -3.59013
8.68459 -3.61565
8.68609 -3.64099
8.68759 -3.66615
8.68909 -3.69113
8.6906 -3.71593
8.6921 -3.74055
8.6936 -3.765
8.6951 -3.78927
8.6966 -3.81337
8.6981 -3.83728
8.6996 -3.86103
8.7011 -3.88459
8.7026 -3.90799
8.7041 -3.9312
8.7056 -3.95425
8.7071 -3.97712
8.7086 -3.99982
8.71011 -4.02235
8.71161 -4.0447
8.71311 -4.06689
8.71461 -4.0889
8.71611 -4.11075
8.71761 -4.13243
8.71911 -4.15393
8.72061 -4.17527
8.72211 -4.19644
8.72361 -4.21744
8.72511 -4.23828
8.72661 -4.25895
8.72811 -4.27945
8.72961 -4.29979
8.73112 -4.31996
8.73262 -4.33997
8.73412 -4.35982
8.73562 -4.3795
8.73712 -4.39901
8.73862 -4.41837
8.74012 -4.43756
8.74162 -4.4566
8.74312 -4.47547
8.74462 -4.49418
8.74612 -4.51273
8.74762 -4.53112
8.74912 -4.54935
8.75063 -4.56743
8.75213 -4.58534
8.75363 -4.6031
8.75513 -4.6207
8.75663 -4.63814
8.75813 -4.65543
8.75963 -4.67257
8.76113 -4.68954
8.76263 -4.70637
8.76413 -4.72303
8.76563 -4.73955
8.76713 -4.75591
8.76863 -4.77212
8.77014 -4.78818
8.77164 -4.80408
8.77314 -4.81984
8.77464 -4.83544
8.77614 -4.85089
8.77764 -4.86619
8.77914 -4.88135
8.78064 -4.89635
8.78214 -4.91121
8.78364 -4.92592
8.78514 -4.94048
8.78664 -4.95489
8.78814 -4.96916
8.78964 -4.98328
8.79115 -4.99726
8.79265 -5.01109
8.79415 -5.02477
8.79565 -5.03832
8.79715 -5.05171
8.79865 -5.06497
8.80015 -5.07808
8.80165 -5.09105
8.80315 -5.10388
8.80465 -5.11657
8.80615 -5.12911
8.80765 -5.14152
8.80915 -5.15378
8.81066 -5.16591
8.81216 -5.1779
8.81366 -5.18975
8.81516 -5.20146
8.81666 -5.21303
8.81816 -5.22447
8.81966 -5.23577
8.82116 -5.24693
8.82266 -5.25796
8.82416 -5.26885
8.82566 -5.27961
8.82716 -5.29023
8.82866 -5.30072
8.83017 -5.31107
8.83167 -5.3213
8.83317 -5.33139
8.83467 -5.34134
8.83617 -5.35117
8.83767 -5.36087
8.83917 -5.37043
8.84067 -5.37986
8.84217 -5.38917
8.84367 -5.39834
8.84517 -5.40739
8.84667 -5.41631
8.84817 -5.4251
8.84967 -5.43376
8.85118 -5.44229
8.85268 -5.4507
8.85418 -5.45898
8.85568 -5.46714
8.85718 -5.47517
8.85868 -5.48308
8.86018 -5.49086
8.86168 -5.49852
8.86318 -5.50605
8.86468 -5.51346
8.86618 -5.52075
8.86768 -5.52792
8.86918 -5.53496
8.87069 -5.54189
8.87219 -5.54869
8.87369 -5.55537
8.87519 -5.56193
8.87669 -5.56838
8.87819 -5.5747
8.87969 -5.58091
8.88119 -5.58699
8.88269 -5.59296
8.88419 -5.59881
8.88569 -5.60455
8.88719 -5.61017
8.88869 -5.61567
8.8902 -5.62105
8.8917 -5.62632
8.8932 -5.63148
8.8947 -5.63652
8.8962 -5.64145
8.8977 -5.64627
8.8992 -5.65097
8.9007 -5.65556
8.9022 -5.66004
8.9037 -5.6644
8.9052 -5.66866
8.9067 -5.6728
8.9082 -5.67683
8.9097 -5.68075
8.91121 -5.68457
8.91271 -5.68827
8.91421 -5.69187
8.91571 -5.69535
8.91721 -5.69873
8.91871 -5.70201
8.92021 -5.70517
8.92171 -5.70823
8.92321 -5.71118
8.92471 -5.71403
8.92621 -5.71677
8.92771 -5.7194
8.92921 -5.72193
8.93072 -5.72436
8.93222 -5.72669
8.93372 -5.72891
8.93522 -5.73102
8.93672 -5.73304
8.93822 -5.73495
8.93972 -5.73676
8.94122 -5.73847
8.94272 -5.74008
8.94422 -5.74159
8.94572 -5.743
8.94722 -5.74431
8.94872 -5.74552
8.95023 -5.74663
8.95173 -5.74765
8.95323 -5.74856
8.95473 -5.74938
8.95623 -5.7501
8.95773 -5.75073
8.95923 -5.75126
8.96073 -5.75169
8.96223 -5.75203
8.96373 -5.75227
8.96523 -5.75241
8.96673 -5.75247
8.96823 -5.75243
8.96973 -5.75229
8.97124 -5.75207
8.97274 -5.75175
8.97424 -5.75133
8.97574 -5.75083
8.97724 -5.75024
8.97874 -5.74955
8.98024 -5.74877
8.98174 -5.74791
8.98324 -5.74695
8.98474 -5.7459
8.98624 -5.74477
8.98774 -5.74355
8.98924 -5.74223
8.99075 -5.74083
8.99225 -5.73935
8.99375 -5.73777
8.99525 -5.73611
8.99675 -5.73437
8.99825 -5.73253
8.99975 -5.73061
9.00125 -5.72861
9.00275 -5.72652
9.00425 -5.72435
9.00575 -5.72209
9.00725 -5.71975
9.00875 -5.71733
9.01026 -5.71483
9.01176 -5.71224
9.01326 -5.70957
9.01476 -5.70682
9.01626 -5.70398
9.01776 -5.70107
9.01926 -5.69808
9.02076 -5.695
9.02226 -5.69185
9.02376 -5.68862
9.02526 -5.68531
9.02676 -5.68192
9.02826 -5.67845
9.02976 -5.6749
9.03127 -5.67128
9.03277 -5.66758
9.03427 -5.6638
9.03577 -5.65995
9.03727 -5.65602
9.03877 -5.65201
9.04027 -5.64793
9.04177 -5.64378
9.04327 -5.63955
9.04477 -5.63525
9.04627 -5.63087
9.04777 -5.62642
9.04927 -5.6219
9.05078 -5.61731
9.05228 -5.61264
9.05378 -5.6079
9.05528 -5.60309
9.05678 -5.59821
9.05828 -5.59326
9.05978 -5.58824
9.06128 -5.58314
9.06278 -5.57798
9.06428 -5.57275
9.06578 -5.56745
9.06728 -5.56208
9.06878 -5.55665
9.07029 -5.55114
9.07179 -5.54557
9.07329 -5.53994
9.07479 -5.53423
9.07629 -5.52846
9.07779 -5.52262
9.07929 -5.51672
9.08079 -5.51075
9.08229 -5.50472
9.08379 -5.49863
9.08529 -5.49247
9.08679 -5.48624
9.08829 -5.47995
9.08979 -5.4736
9.0913 -5.46719
9.0928 -5.46071
9.0943 -5.45418
9.0958 -5.44758
9.0973 -5.44092
9.0988 -5.43419
9.1003 -5.42741
9.1018 -5.42057
9.1033 -5.41367
9.1048 -5.40671
9.1063 -5.39969
9.1078 -5.39261
9.1093 -5.38547
9.11081 -5.37827
9.11231 -5.37102
9.11381 -5.36371
9.11531 -5.35634
9.11681 -5.34892
9.11831 -5.34143
9.11981 -5.3339
9.12131 -5.3263
9.12281 -5.31866
9.12431 -5.31095
9.12581 -5.3032
9.12731 -5.29538
9.12881 -5.28752
9.13032 -5.2796
9.13182 -5.27163
9.13332 -5.2636
9.13482 -5.25552
9.13632 -5.24739
9.13782 -5.23921
9.13932 -5.23097
9.14082 -5.22269
9.14232 -5.21435
9.14382 -5.20597
9.14532 -5.19753
9.14682 -5.18904
9.14832 -5.1805
9.14982 -5.17192
9.15133 -5.16328
9.15283 -5.1546
9.15433 -5.14587
9.15583 -5.13709
9.15733 -5.12826
9.15883 -5.11939
9.16033 -5.11047
9.16183 -5.1015
9.16333 -5.09249
9.16483 -5.08343
9.16633 -5.07432
9.16783 -5.06517
9.16933 -5.05597
9.17084 -5.04673
9.17234 -5.03745
9.17384 -5.02812
9.17534 -5.01875
9.17684 -5.00933
9.17834 -4.99987
9.17984 -4.99037
9.18134 -4.98083
9.18284 -4.97124
9.18434 -4.96162
9.18584 -4.95195
9.18734 -4.94224
9.18884 -4.93249
9.19035 -4.92269
9.19185 -4.91286
9.19335 -4.90299
9.19485 -4.89308
9.19635 -4.88313
9.19785 -4.87314
9.19935 -4.86311
9.20085 -4.85305
9.20235 -4.84295
9.20385 -4.8328
9.20535 -4.82263
9.20685 -4.81241
9.20835 -4.80216
9.20985 -4.79187
9.21136 -4.78155
9.21286 -4.77118
9.21436 -4.76079
9.21586 -4.75036
9.21736 -4.73989
9.21886 -4.72939
9.22036 -4.71886
9.22186 -4.70829
9.22336 -4.69769
9.22486 -4.68705
9.22636 -4.67638
9.22786 -4.66568
9.22936 -4.65495
9.23087 -4.64418
9.23237 -4.63338
9.23387 -4.62255
9.23537 -4.61169
9.23687 -4.6008
9.23837 -4.58988
9.23987 -4.57893
9.24137 -4.56795
9.24287 -4.55694
9.24437 -4.54589
9.24587 -4.53482
9.24737 -4.52372
9.24887 -4.5126
9.25038 -4.50144
9.25188 -4.49026
9.25338 -4.47904
9.25488 -4.46781
9.25638 -4.45654
9.25788 -4.44525
9.25938 -4.43393
9.26088 -4.42258
9.26238 -4.41121
9.26388 -4.39981
9.26538 -4.38839
9.26688 -4.37694
9.26838 -4.36547
9.26988 -4.35397
9.27139 -4.34245
9.27289 -4.33091
9.27439 -4.31934
9.27589 -4.30775
9.27739 -4.29613
9.27889 -4.2845
9.28039 -4.27284
9.28189 -4.26115
9.28339 -4.24945
9.28489 -4.23772
9.28639 -4.22598
9.28789 -4.21421
9.28939 -4.20242
9.2909 -4.19061
9.2924 -4.17878
9.2939 -4.16693
9.2954 -4.15506
9.2969 -4.14317
9.2984 -4.13126
9.2999 -4.11934
9.3014 -4.10739
9.3029 -4.09543
9.3044 -4.08344
9.3059 -4.07144
9.3074 -4.05943
9.3089 -4.04739
9.31041 -4.03534
9.31191 -4.02327
9.31341 -4.01119
9.31491 -3.99909
9.31641 -3.98697
9.31791 -3.97484
9.31941 -3.96269
9.32091 -3.95053
9.32241 -3.93835
9.32391 -3.92616
9.32541 -3.91395
9.32691 -3.90173
9.32841 -3.8895
9.32991 -3.87725
9.33142 -3.86499
9.33292 -3.85271
9.33442 -3.84043
9.33592 -3.82813
9.33742 -3.81582
9.33892 -3.80349
9.34042 -3.79116
9.34192 -3.77881
9.34342 -3.76645
9.34492 -3.75409
9.34642 -3.74171
9.34792 -3.72932
9.34942 -3.71692
9.35093 -3.70451
9.35243 -3.69209
9.35393 -3.67966
9.35543 -3.66722
9.35693 -3.65478
9.35843 -3.64232
9.35993 -3.62986
9.36143 -3.61738
9.36293 -3.60491
9.36443 -3.59242
9.36593 -3.57992
9.36743 -3.56742
9.36893 -3.55491
9.37044 -3.5424
9.37194 -3.52988
9.37344 -3.51735
9.37494 -3.50481
9.37644 -3.49228
9.37794 -3.47973
9.37944 -3.46718
9.38094 -3.45463
9.38244 -3.44207
9.38394 -3.4295
9.38544 -3.41693
9.38694 -3.40436
9.38844 -3.39179
9.38994 -3.37921
9.39145 -3.36663
9.39295 -3.35404
9.39445 -3.34145
9.39595 -3.32886
9.39745 -3.31627
9.39895 -3.30367
9.40045 -3.29108
9.40195 -3.27848
9.40345 -3.26588
9.40495 -3.25328
9.40645 -3.24067
9.40795 -3.22807
9.40945 -3.21547
9.41096 -3.20287
9.41246 -3.19026
9.41396 -3.17766
9.41546 -3.16506
9.41696 -3.15246
9.41846 -3.13986
9.41996 -3.12726
9.42146 -3.11466
9.42296 -3.10206
9.42446 -3.08947
9.42596 -3.07688
9.42746 -3.06429
9.42896 -3.0517
9.43047 -3.03911
9.43197 -3.02653
9.43347 -3.01395
9.43497 -3.00138
9.43647 -2.98881
9.43797 -2.97624
9.43947 -2.96368
9.44097 -2.95112
9.44247 -2.93856
9.44397 -2.92601
9.44547 -2.91347
9.44697 -2.90093
9.44847 -2.88839
9.44997 -2.87586
9.45148 -2.86334
9.45298 -2.85082
9.45448 -2.83831
9.45598 -2.82581
9.45748 -2.81331
9.45898 -2.80082
9.46048 -2.78834
9.46198 -2.77586
9.46348 -2.76339
9.46498 -2.75093
9.46648 -2.73848
9.46798 -2.72604
9.46948 -2.7136
9.47099 -2.70117
9.47249 -2.68875
9.47399 -2.67634
9.47549 -2.66394
9.47699 -2.65155
9.47849 -2.63917
9.47999 -2.6268
9.48149 -2.61444
9.48299 -2.60208
9.48449 -2.58974
9.48599 -2.57741
9.48749 -2.56509
9.48899 -2.55278
9.4905 -2.54049
9.492 -2.5282
9.4935 -2.51593
9.495 -2.50366
9.4965 -2.49141
9.498 -2.47917
9.4995 -2.46695
9.501 -2.45473
9.5025 -2.44253
9.504 -2.43035
9.5055 -2.41817
9.507 -2.40601
9.5085 -2.39386
9.51001 -2.38173
9.51151 -2.36961
9.51301 -2.3575
9.51451 -2.34541
9.51601 -2.33334
9.51751 -2.32127
9.51901 -2.30923
9.52051 -2.2972
9.52201 -2.28518
9.52351 -2.27318
9.52501 -2.26119
9.52651 -2.24922
9.52801 -2.23727
9.52951 -2.22533
9.53102 -2.21341
9.53252 -2.20151
9.53402 -2.18962
9.53552 -2.17775
9.53702 -2.16589
9.53852 -2.15406
9.54002 -2.14224
9.54152 -2.13044
9.54302 -2.11865
9.54452 -2.10689
9.54602 -2.09514
9.54752 -2.08341
9.54902 -2.0717
9.55053 -2.06001
9.55203 -2.04834
9.55353 -2.03669
9.55503 -2.02505
9.55653 -2.01344
9.55803 -2.00184
9.55953 -1.99027
9.56103 -1.97871
9.56253 -1.96718
9.56403 -1.95566
9.56553 -1.94417
9.56703 -1.9327
9.56853 -1.92124
9.57004 -1.90981
9.57154 -1.8984
9.57304 -1.88701
9.57454 -1.87564
9.57604 -1.8643
9.57754 -1.85297
9.57904 -1.84167
9.58054 -1.83039
9.58204 -1.81913
9.58354 -1.8079
9.58504 -1.79669
9.58654 -1.7855
9.58804 -1.77433
9.58954 -1.76319
9.59105 -1.75207
9.59255 -1.74097
9.59405 -1.72989
9.59555 -1.71885
9.59705 -1.70782
9.59855 -1.69682
9.60005 -1.68584
9.60155 -1.67489
9.60305 -1.66396
9.60455 -1.65306
9.60605 -1.64218
9.60755 -1.63132
9.60905 -1.62049
9.61056 -1.60969
9.61206 -1.59891
9.61356 -1.58816
9.61506 -1.57743
9.61656 -1.56673
9.61806 -1.55606
9.61956 -1.54541
9.62106 -1.53479
9.62256 -1.52419
9.62406 -1.51363
9.62556 -1.50308
9.62706 -1.49257
9.62856 -1.48208
9.63007 -1.47162
9.63157 -1.46119
9.63307 -1.45078
9.63457 -1.4404
9.63607 -1.43005
9.63757 -1.41973
9.63907 -1.40944
9.64057 -1.39917
9.64207 -1.38894
9.64357 -1.37873
9.64507 -1.36855
9.64657 -1.3584
9.64807 -1.34828
9.64957 -1.33818
9.65108 -1.32812
9.65258 -1.31808
9.65408 -1.30808
9.65558 -1.2981
9.65708 -1.28816
9.65858 -1.27824
9.66008 -1.26836
9.66158 -1.2585
9.66308 -1.24868
9.66458 -1.23888
9.66608 -1.22912
9.66758 -1.21939
9.66908 -1.20968
9.67059 -1.20001
9.67209 -1.19037
9.67359 -1.18076
9.67509 -1.17119
9.67659 -1.16164
9.67809 -1.15212
9.67959 -1.14264
9.68109 -1.13319
9.68259 -1.12377
9.68409 -1.11438
9.68559 -1.10503
9.68709 -1.09571
9.68859 -1.08642
9.6901 -1.07716
9.6916 -1.06794
9.6931 -1.05874
9.6946 -1.04959
9.6961 -1.04046
9.6976 -1.03137
9.6991 -1.02231
9.7006 -1.01328
9.7021 -1.00429
9.7036 -0.995333
9.7051 -0.986408
9.7066 -0.977518
9.7081 -0.968661
9.7096 -0.959838
9.71111 -0.95105
9.71261 -0.942296
9.71411 -0.933577
9.71561 -0.924892
9.71711 -0.916242
9.71861 -0.907626
9.72011 -0.899046
9.72161 -0.890501
9.72311 -0.88199
9.72461 -0.873515
9.72611 -0.865076
9.72761 -0.856672
9.72911 -0.848303
9.73062 -0.83997
9.73212 -0.831673
9.73362 -0.823412
9.73512 -0.815186
9.73662 -0.806997
9.73812 -0.798844
9.73962 -0.790728
9.74112 -0.782647
9.74262 -0.774603
9.74412 -0.766596
9.74562 -0.758626
9.74712 -0.750692
9.74862 -0.742795
9.75013 -0.734936
9.75163 -0.727113
9.75313 -0.719328
9.75463 -0.71158
9.75613 -0.703869
9.75763 -0.696196
9.75913 -0.68856
9.76063 -0.680962
9.76213 -0.673402
9.76363 -0.665879
9.76513 -0.658395
9.76663 -0.650948
9.76813 -0.64354
9.76963 -0.63617
9.77114 -0.628839
9.77264 -0.621545
9.77414 -0.614291
9.77564 -0.607074
9.77714 -0.599897
9.77864 -0.592758
9.78014 -0.585658
9.78164 -0.578597
9.78314 -0.571575
9.78464 -0.564593
9.78614 -0.557649
9.78764 -0.550745
9.78914 -0.54388
9.79065 -0.537054
9.79215 -0.530268
9.79365 -0.523522
9.79515 -0.516815
9.79665 -0.510148
9.79815 -0.503521
9.79965 -0.496934
9.80115 -0.490387
9.80265 -0.48388
9.80415 -0.477413
9.80565 -0.470986
9.80715 -0.4646
9.80865 -0.458254
9.81016 -0.451948
9.81166 -0.445683
9.81316 -0.439459
9.81466 -0.433275
9.81616 -0.427132
9.81766 -0.42103
9.81916 -0.414969
9.82066 -0.408949
9.82216 -0.402969
9.82366 -0.397031
9.82516 -0.391135
9.82666 -0.385279
9.82816 -0.379465
9.82966 -0.373692
9.83117 -0.36796
9.83267 -0.36227
9.83417 -0.356622
9.83567 -0.351015
9.83717 -0.34545
9.83867 -0.339927
9.84017 -0.334446
9.84167 -0.329006
9.84317 -0.323609
9.84467 -0.318253
9.84617 -0.31294
9.84767 -0.307669
9.84917 -0.30244
9.85068 -0.297253
9.85218 -0.292109
9.85368 -0.287007
9.85518 -0.281947
9.85668 -0.27693
9.85818 -0.271956
9.85968 -0.267024
9.86118 -0.262134
9.86268 -0.257288
9.86418 -0.252484
9.86568 -0.247723
9.86718 -0.243005
9.86868 -0.23833
9.87019 -0.233698
9.87169 -0.229109
9.87319 -0.224563
9.87469 -0.22006
9.87619 -0.215601
9.87769 -0.211184
9.87919 -0.206811
9.88069 -0.202481
9.88219 -0.198195
9.88369 -0.193952
9.88519 -0.189752
9.88669 -0.185596
9.88819 -0.181484
9.88969 -0.177415
9.8912 -0.17339
9.8927 -0.169408
9.8942 -0.165471
9.8957 -0.161577
9.8972 -0.157727
9.8987 -0.15392
9.9002 -0.150158
9.9017 -0.146439
9.9032 -0.142765
9.9047 -0.139134
9.9062 -0.135548
9.9077 -0.132006
9.9092 -0.128507
9.91071 -0.125053
9.91221 -0.121643
9.91371 -0.118278
9.91521 -0.114956
9.91671 -0.111679
9.91821 -0.108447
9.91971 -0.105258
9.92121 -0.102114
9.92271 -0.0990147
9.92421 -0.0959596
9.92571 -0.0929489
9.92721 -0.0899828
9.92871 -0.0870612
9.93022 -0.0841842
9.93172 -0.0813518
9.93322 -0.0785641
9.93472 -0.0758209
9.93622 -0.0731225
9.93772 -0.0704687
9.93922 -0.0678597
9.94072 -0.0652954
9.94222 -0.062776
9.94372 -0.0603013
9.94522 -0.0578714
9.94672 -0.0554864
9.94822 -0.0531462
9.94972 -0.0508509
9.95123 -0.0486005
9.95273 -0.0463951
9.95423 -0.0442346
9.95573 -0.042119
9.95723 -0.0400484
9.95873 -0.0380229
9.96023 -0.0360423
9.96173 -0.0341067
9.96323 -0.0322162
9.96473 -0.0303708
9.96623 -0.0285704
9.96773 -0.0268151
9.96923 -0.0251049
9.97074 -0.0234399
9.97224 -0.0218199
9.97374 -0.0202451
9.97524 -0.0187154
9.97674 -0.0172309
9.97824 -0.0157915
9.97974 -0.0143973
9.98124 -0.0130483
9.98274 -0.0117444
9.98424 -0.0104858
9.98574 -0.00927237
9.98724 -0.00810414
9.98874 -0.00698113
9.99025 -0.00590333
9.99175 -0.00487075
9.99325 -0.00388339
9.99475 -0.00294126
9.99625 -0.00204436
9.99775 -0.00119269
9.99925 -0.000386256
10.0008 0.000374948
10.0023 0.00109092
10.0038 0.00176166
10.0053 0.00238716
10.0068 0.00296744
10.0083 0.00350249
10.0098 0.00399232
10.0113 0.00443692
10.0128 0.00483631
10.0143 0.00519049
10.0158 0.00549946
10.0173 0.00576323
10.0188 0.00598181
10.0203 0.0061552
10.0218 0.00628341
10.0233 0.00636645
10.0248 0.00640432
10.0263 0.00639705
10.0278 0.00634462
10.0293 0.00624707
10.0308 0.0061044
10.0323 0.00591661
10.0338 0.00568373
10.0353 0.00540577
10.0368 0.00508273
10.0383 0.00471463
10.0398 0.0043015
10.0413 0.00384334
10.0428 0.00334016
10.0443 0.00279199
10.0458 0.00219884
10.0473 0.00156074
10.0488 0.000877689
10.0503 0.000149717
10.0518 -0.000623159
10.0533 -0.00144092
10.0548 -0.00230354
10.0563 -0.00321101
10.0578 -0.00416329
10.0593 -0.00516038
10.0608 -0.00620224
10.0623 -0.00728885
10.0638 -0.00842019
10.0653 -0.00959623
10.0668 -0.0108169
10.0683 -0.0120823
10.0698 -0.0133923
10.0713 -0.0147469
10.0728 -0.0161461
10.0743 -0.0175898
10.0758 -0.019078
10.0773 -0.0206107
10.0788 -0.0221879
10.0803 -0.0238095
10.0818 -0.0254755
10.0833 -0.0271858
10.0848 -0.0289405
10.0863 -0.0307395
10.0878 -0.0325827
10.0893 -0.0344702
10.0908 -0.0364018
10.0923 -0.0383776
10.0938 -0.0403976
10.0953 -0.0424616
10.0968 -0.0445697
10.0983 -0.0467218
10.0998 -0.0489178
10.1013 -0.0511578
10.1028 -0.0534417
10.1043 -0.0557695
10.1058 -0.0581411
10.1073 -0.0605564
10.1088 -0.0630155
10.1103 -0.0655182
10.1118 -0.0680647
10.1133 -0.0706547
10.1148 -0.0732883
10.1163 -0.0759654
10.1178 -0.0786859
10.1193 -0.0814499
10.1208 -0.0842573
10.1223 -0.087108
10.1238 -0.090002
10.1253 -0.0929393
10.1268 -0.0959197
10.1283 -0.0989432
10.1298 -0.10201
10.1313 -0.10512
10.1328 -0.108272
10.1343 -0.111468
10.1358 -0.114706
10.1373 -0.117988
10.1388 -0.121312
10.1403 -0.124679
10.1418 -0.128088
10.1433 -0.13154
10.1448 -0.135035
10.1463 -0.138572
10.1478 -0.142152
10.1493 -0.145774
10.1508 -0.149438
10.1523 -0.153145
10.1538 -0.156893
10.1553 -0.160684
10.1568 -0.164517
10.1583 -0.168392
10.1598 -0.172309
10.1613 -0.176268
10.1628 -0.180269
10.1643 -0.184312
10.1658 -0.188396
10.1673 -0.192522
10.1688 -0.19669
10.1703 -0.200899
10.1718 -0.205149
10.1733 -0.209441
10.1748 -0.213774
10.1763 -0.218149
10.1778 -0.222564
10.1793 -0.227021
10.1808 -0.231519
10.1823 -0.236058
10.1838 -0.240637
10.1853 -0.245258
10.1868 -0.249919
10.1883 -0.254621
10.1898 -0.259364
10.1913 -0.264147
10.1928 -0.26897
10.1943 -0.273834
10.1958 -0.278739
10.1973 -0.283683
10.1988 -0.288668
10.2004 -0.293693
10.2019 -0.298757
10.2034 -0.303862
10.2049 -0.309007
10.2064 -0.314191
10.2079 -0.319415
10.2094 -0.324678
10.2109 -0.329982
10.2124 -0.335324
10.2139 -0.340706
10.2154 -0.346127
10.2169 -0.351588
10.2184 -0.357087
10.2199 -0.362626
10.2214 -0.368203
10.2229 -0.373819
10.2244 -0.379475
10.2259 -0.385168
10.2274 -0.390901
10.2289 -0.396672
10.2304 -0.402481
10.2319 -0.408328
10.2334 -0.414214
10.2349 -0.420138
10.2364 -0.4261
10.2379 -0.4321
10.2394 -0.438138
10.2409 -0.444214
10.2424 -0.450327
10.2439 -0.456478
10.2454 -0.462666
10.2469 -0.468892
10.2484 -0.475155
10.2499 -0.481455
10.2514 -0.487792
10.2529 -0.494167
10.2544 -0.500578
10.2559 -0.507026
10.2574 -0.513511
10.2589 -0.520032
10.2604 -0.52659
10.2619 -0.533184
10.2634 -0.539815
10.2649 -0.546482
10.2664 -0.553184
10.2679 -0.559923
10.2694 -0.566698
10.2709 -0.573509
10.2724 -0.580355
10.2739 -0.587236
10.2754 -0.594154
10.2769 -0.601106
10.2784 -0.608094
10.2799 -0.615117
10.2814 -0.622175
10.2829 -0.629268
10.2844 -0.636396
10.2859 -0.643558
10.2874 -0.650755
10.2889 -0.657987
10.2904 -0.665253
10.2919 -0.672553
10.2934 -0.679887
10.2949 -0.687255
10.2964 -0.694657
10.2979 -0.702093
10.2994 -0.709563
10.3009 -0.717066
10.3024 -0.724603
10.3039 -0.732173
10.3054 -0.739776
10.3069 -0.747412
10.3084 -0.755082
10.3099 -0.762784
10.3114 -0.770519
10.3129 -0.778286
10.3144 -0.786086
10.3159 -0.793918
10.3174 -0.801783
10.3189 -0.809679
10.3204 -0.817608
10.3219 -0.825568
10.3234 -0.83356
10.3249 -0.841584
10.3264 -0.849639
10.3279 -0.857726
10.3294 -0.865844
10.3309 -0.873993
10.3324 -0.882173
10.3339 -0.890384
10.3354 -0.898625
10.3369 -0.906897
10.3384 -0.9152
10.3399 -0.923533
10.3414 -0.931896
10.3429 -0.940289
10.3444 -0.948712
10.3459 -0.957164
10.3474 -0.965647
10.3489 -0.974159
10.3504 -0.9827
10.3519 -0.991271
10.3534 -0.99987
10.3549 -1.0085
10.3564 -1.01716
10.3579 -1.02584
10.3594 -1.03456
10.3609 -1.0433
10.3624 -1.05207
10.3639 -1.06087
10.3654 -1.0697
10.3669 -1.07855
10.3684 -1.08744
10.3699 -1.09635
10.3714 -1.10529
10.3729 -1.11425
10.3744 -1.12324
10.3759 -1.13226
10.3774 -1.14131
10.3789 -1.15038
10.3804 -1.15948
10.3819 -1.16861
10.3834 -1.17776
10.3849 -1.18694
10.3864 -1.19614
10.3879 -1.20537
10.3894 -1.21463
10.3909 -1.22391
10.3924 -1.23321
10.3939 -1.24254
10.3954 -1.2519
10.3969 -1.26128
10.3984 -1.27069
10.3999 -1.28012
10.4015 -1.28957
10.403 -1.29905
10.4045 -1.30856
10.406 -1.31808
10.4075 -1.32763
10.409 -1.33721
10.4105 -1.34681
10.412 -1.35643
10.4135 -1.36607
10.415 -1.37574
10.4165 -1.38543
10.418 -1.39514
10.4195 -1.40488
10.421 -1.41464
10.4225 -1.42442
10.424 -1.43422
10.4255 -1.44404
10.427 -1.45389
10.4285 -1.46375
10.43 -1.47364
10.4315 -1.48355
10.433 -1.49348
10.4345 -1.50343
10.436 -1.51341
10.4375 -1.5234
10.439 -1.53341
10.4405 -1.54344
10.442 -1.5535
10.4435 -1.56357
10.445 -1.57366
10.4465 -1.58377
10.448 -1.5939
10.4495 -1.60405
10.451 -1.61422
10.4525 -1.62441
10.454 -1.63461
10.4555 -1.64484
10.457 -1.65508
10.4585 -1.66534
10.46 -1.67562
10.4615 -1.68592
10.463 -1.69623
10.4645 -1.70656
10.466 -1.71691
10.4675 -1.72728
10.469 -1.73766
10.4705 -1.74806
10.472 -1.75847
10.4735 -1.7689
10.475 -1.77935
10.4765 -1.78981
10.478 -1.80029
10.4795 -1.81079
10.481 -1.8213
10.4825 -1.83182
10.484 -1.84236
10.4855 -1.85291
10.487 -1.86348
10.4885 -1.87407
10.49 -1.88466
10.4915 -1.89527
10.493 -1.9059
10.4945 -1.91654
10.496 -1.92719
10.4975 -1.93786
10.499 -1.94853
10.5005 -1.95922
10.502 -1.96993
10.5035 -1.98064
10.505 -1.99137
10.5065 -2.00211
10.508 -2.01286
10.5095 -2.02363
10.511 -2.0344
10.5125 -2.04519
10.514 -2.05599
10.5155 -2.0668
10.517 -2.07761
10.5185 -2.08844
10.52 -2.09928
10.5215 -2.11013
10.523 -2.12099
10.5245 -2.13186
10.526 -2.14274
10.5275 -2.15363
10.529 -2.16452
10.5305 -2.17543
10.532 -2.18634
10.5335 -2.19726
10.535 -2.2082
10.5365 -2.21913
10.538 -2.23008
10.5395 -2.24103
10.541 -2.25199
10.5425 -2.26296
10.544 -2.27394
10.5455 -2.28492
10.547 -2.29591
10.5485 -2.3069
10.55 -2.3179
10.5515 -2.32891
10.553 -2.33992
10.5545 -2.35094
10.556 -2.36196
10.5575 -2.37299
10.559 -2.38402
10.5605 -2.39506
10.562 -2.4061
10.5635 -2.41714
10.565 -2.42819
10.5665 -2.43924
10.568 -2.4503
10.5695 -2.46136
10.571 -2.47242
10.5725 -2.48349
10.574 -2.49455
10.5755 -2.50562
10.577 -2.5167
10.5785 -2.52777
10.58 -2.53885
10.5815 -2.54992
10.583 -2.561
10.5845 -2.57208
10.586 -2.58316
10.5875 -2.59424
10.589 -2.60532
10.5905 -2.6164
10.592 -2.62748
10.5935 -2.63856
10.595 -2.64964
10.5965 -2.66072
10.598 -2.6718
10.5995 -2.68287
10.6011 -2.69395
10.6026 -2.70502
10.6041 -2.71609
10.6056 -2.72716
10.6071 -2.73823
10.6086 -2.74929
10.6101 -2.76035
10.6116 -2.77141
10.6131 -2.78246
10.6146 -2.79351
10.6161 -2.80455
10.6176 -2.8156
10.6191 -2.82663
10.6206 -2.83767
10.6221 -2.84869
10.6236 -2.85972
10.6251 -2.87073
10.6266 -2.88174
10.6281 -2.89275
10.6296 -2.90375
10.6311 -2.91474
10.6326 -2.92573
10.6341 -2.93671
10.6356 -2.94768
10.6371 -2.95864
10.6386 -2.9696
10.6401 -2.98055
10.6416 -2.99149
10.6431 -3.00242
10.6446 -3.01335
10.6461 -3.02426
10.6476 -3.03517
10.6491 -3.04607
10.6506 -3.05695
10.6521 -3.06783
10.6536 -3.0787
10.6551 -3.08955
10.6566 -3.1004
10.6581 -3.11124
10.6596 -3.12206
10.6611 -3.13287
10.6626 -3.14367
10.6641 -3.15446
10.6656 -3.16524
10.6671 -3.176
10.6686 -3.18676
10.6701 -3.19749
10.6716 -3.20822
10.6731 -3.21893
10.6746 -3.22963
10.6761 -3.24031
10.6776 -3.25098
10.6791 -3.26164
10.6806 -3.27228
10.6821 -3.2829
10.6836 -3.29351
10.6851 -3.30411
10.6866 -3.31469
10.6881 -3.32525
10.6896 -3.33579
10.6911 -3.34632
10.6926 -3.35684
10.6941 -3.36733
10.6956 -3.37781
10.6971 -3.38827
10.6986 -3.39871
10.7001 -3.40913
10.7016 -3.41954
10.7031 -3.42992
10.7046 -3.44029
10.7061 -3.45064
10.7076 -3.46096
10.7091 -3.47127
10.7106 -3.48156
10.7121 -3.49183
10.7136 -3.50207
10.7151 -3.5123
10.7166 -3.5225
10.7181 -3.53268
10.7196 -3.54284
10.7211 -3.55298
10.7226 -3.56309
10.7241 -3.57319
10.7256 -3.58326
10.7271 -3.5933
10.7286 -3.60332
10.7301 -3.61332
10.7316 -3.6233
10.7331 -3.63325
10.7346 -3.64317
10.7361 -3.65307
10.7376 -3.66295
10.7391 -3.6728
10.7406 -3.68262
10.7421 -3.69242
10.7436 -3.70219
10.7451 -3.71193
10.7466 -3.72165
10.7481 -3.73134
10.7496 -3.741
10.7511 -3.75063
10.7526 -3.76024
10.7541 -3.76981
10.7556 -3.77936
10.7571 -3.78888
10.7586 -3.79837
10.7601 -3.80783
10.7616 -3.81726
10.7631 -3.82666
10.7646 -3.83603
10.7661 -3.84537
10.7676 -3.85467
10.7691 -3.86395
10.7706 -3.87319
10.7721 -3.8824
10.7736 -3.89158
10.7751 -3.90073
10.7766 -3.90984
10.7781 -3.91892
10.7796 -3.92797
10.7811 -3.93698
10.7826 -3.94596
10.7841 -3.9549
10.7856 -3.96381
10.7871 -3.97268
10.7886 -3.98152
10.7901 -3.99032
10.7916 -3.99909
10.7931 -4.00782
10.7946 -4.01651
10.7961 -4.02517
10.7976 -4.03379
10.7991 -4.04237
10.8007 -4.05091
10.8022 -4.05942
10.8037 -4.06788
10.8052 -4.07631
10.8067 -4.0847
10.8082 -4.09305
10.8097 -4.10136
10.8112 -4.10962
10.8127 -4.11785
10.8142 -4.12604
10.8157 -4.13419
10.8172 -4.14229
10.8187 -4.15036
10.8202 -4.15838
10.8217 -4.16636
10.8232 -4.17429
10.8247 -4.18219
10.8262 -4.19004
10.8277 -4.19784
10.8292 -4.2056
10.8307 -4.21332
10.8322 -4.221
10.8337 -4.22862
10.8352 -4.23621
10.8367 -4.24374
10.8382 -4.25124
10.8397 -4.25868
10.8412 -4.26608
10.8427 -4.27343
10.8442 -4.28074
10.8457 -4.28799
10.8472 -4.2952
10.8487 -4.30236
10.8502 -4.30948
10.8517 -4.31654
10.8532 -4.32355
10.8547 -4.33052
10.8562 -4.33743
10.8577 -4.3443
10.8592 -4.35111
10.8607 -4.35787
10.8622 -4.36458
10.8637 -4.37125
10.8652 -4.37785
10.8667 -4.38441
10.8682 -4.39091
10.8697 -4.39736
10.8712 -4.40376
10.8727 -4.4101
10.8742 -4.41639
10.8757 -4.42263
10.8772 -4.42881
10.8787 -4.43494
10.8802 -4.44101
10.8817 -4.44702
10.8832 -4.45298
10.8847 -4.45888
10.8862 -4.46473
10.8877 -4.47052
10.8892 -4.47625
10.8907 -4.48192
10.8922 -4.48754
10.8937 -4.49309
10.8952 -4.49859
10.8967 -4.50403
10.8982 -4.50941
10.8997 -4.51473
10.9012 -4.51999
10.9027 -4.52519
10.9042 -4.53033
10.9057 -4.5354
10.9072 -4.54042
10.9087 -4.54537
10.9102 -4.55026
10.9117 -4.55509
10.9132 -4.55986
10.9147 -4.56456
10.9162 -4.5692
10.9177 -4.57377
10.9192 -4.57828
10.9207 -4.58273
10.9222 -4.58711
10.9237 -4.59142
10.9252 -4.59567
10.9267 -4.59985
10.9282 -4.60397
10.9297 -4.60801
10.9312 -4.61199
10.9327 -4.61591
10.9342 -4.61975
10.9357 -4.62353
10.9372 -4.62724
10.9387 -4.63088
10.9402 -4.63445
10.9417 -4.63795
10.9432 -4.64138
10.9447 -4.64473
10.9462 -4.64802
10.9477 -4.65124
10.9492 -4.65438
10.9507 -4.65746
10.9522 -4.66046
10.9537 -4.66338
10.9552 -4.66624
10.9567 -4.66902
10.9582 -4.67172
10.9597 -4.67436
10.9612 -4.67691
10.9627 -4.67939
10.9642 -4.6818
10.9657 -4.68413
10.9672 -4.68639
10.9687 -4.68856
10.9702 -4.69067
10.9717 -4.69269
10.9732 -4.69463
10.9747 -4.6965
10.9762 -4.69829
10.9777 -4.7
10.9792 -4.70163
10.9807 -4.70318
10.9822 -4.70466
10.9837 -4.70605
10.9852 -4.70736
10.9867 -4.70859
10.9882 -4.70973
10.9897 -4.7108
10.9912 -4.71178
10.9927 -4.71268
10.9942 -4.7135
10.9957 -4.71423
10.9972 -4.71488
10.9987 -4.71545
11.0003 -4.71593
11.0018 -4.71633
11.0033 -4.71664
11.0048 -4.71686
11.0063 -4.717
11.0078 -4.71705
11.0093 -4.71702
11.0108 -4.71689
11.0123 -4.71668
11.0138 -4.71638
11.0153 -4.716
11.0168 -4.71552
11.0183 -4.71495
11.0198 -4.7143
11.0213 -4.71355
11.0228 -4.71272
11.0243 -4.71179
11.0258 -4.71077
11.0273 -4.70966
11.0288 -4.70846
11.0303 -4.70716
11.0318 -4.70577
11.0333 -4.70429
11.0348 -4.70272
11.0363 -4.70105
11.0378 -4.69928
11.0393 -4.69742
11.0408 -4.69547
11.0423 -4.69342
11.0438 -4.69127
11.0453 -4.68902
11.0468 -4.68668
11.0483 -4.68425
11.0498 -4.68171
11.0513 -4.67908
11.0528 -4.67634
11.0543 -4.67351
11.0558 -4.67058
11.0573 -4.66755
11.0588 -4.66442
11.0603 -4.66118
11.0618 -4.65785
11.0633 -4.65441
11.0648 -4.65088
11.0663 -4.64724
11.0678 -4.64349
11.0693 -4.63965
11.0708 -4.6357
11.0723 -4.63164
11.0738 -4.62749
11.0753 -4.62322
11.0768 -4.61885
11.0783 -4.61438
11.0798 -4.6098
11.0813 -4.60511
11.0828 -4.60032
11.0843 -4.59542
11.0858 -4.59041
11.0873 -4.58529
11.0888 -4.58006
11.0903 -4.57473
11.0918 -4.56928
11.0933 -4.56373
11.0948 -4.55806
11.0963 -4.55228
11.0978 -4.54639
11.0993 -4.5404
11.1008 -4.53428
11.1023 -4.52806
11.1038 -4.52172
11.1053 -4.51527
11.1068 -4.50871
11.1083 -4.50203
11.1098 -4.49523
11.1113 -4.48832
11.1128 -4.4813
11.1143 -4.47416
11.1158 -4.4669
11.1173 -4.45953
11.1188 -4.45204
11.1203 -4.44443
11.1218 -4.4367
11.1233 -4.42886
11.1248 -4.42089
11.1263 -4.41281
11.1278 -4.4046
11.1293 -4.39628
11.1308 -4.38783
11.1323 -4.37926
11.1338 -4.37057
11.1353 -4.36176
11.1368 -4.35283
11.1383 -4.34377
11.1398 -4.33459
11.1413 -4.32529
11.1428 -4.31586
11.1443 -4.30631
11.1458 -4.29663
11.1473 -4.28682
11.1488 -4.27689
11.1503 -4.26683
11.1518 -4.25665
11.1533 -4.24634
11.1548 -4.2359
11.1563 -4.22533
11.1578 -4.21463
11.1593 -4.2038
11.1608 -4.19285
11.1623 -4.18176
11.1638 -4.17054
11.1653 -4.1592
11.1668 -4.14771
11.1683 -4.1361
11.1698 -4.12436
11.1713 -4.11248
11.1728 -4.10047
11.1743 -4.08832
11.1758 -4.07604
11.1773 -4.06363
11.1788 -4.05108
11.1803 -4.03839
11.1818 -4.02557
11.1833 -4.01261
11.1848 -3.99952
11.1863 -3.98628
11.1878 -3.97291
11.1893 -3.9594
11.1908 -3.94575
11.1923 -3.93197
11.1938 -3.91804
11.1953 -3.90397
11.1968 -3.88976
11.1983 -3.87541
11.1998 -3.86092
11.2014 -3.84628
11.2029 -3.8315
11.2044 -3.81658
11.2059 -3.80152
11.2074 -3.78631
11.2089 -3.77096
11.2104 -3.75546
11.2119 -3.73982
11.2134 -3.72403
11.2149 -3.70809
11.2164 -3.69201
11.2179 -3.67578
11.2194 -3.6594
11.2209 -3.64287
11.2224 -3.62619
11.2239 -3.60937
11.2254 -3.59239
11.2269 -3.57527
11.2284 -3.55799
11.2299 -3.54056
11.2314 -3.52299
11.2329 -3.50525
11.2344 -3.48737
11.2359 -3.46933
11.2374 -3.45114
11.2389 -3.4328
11.2404 -3.4143
11.2419 -3.39564
11.2434 -3.37683
11.2449 -3.35786
11.2464 -3.33874
11.2479 -3.31946
11.2494 -3.30002
11.2509 -3.28043
11.2524 -3.26067
11.2539 -3.24076
11.2554 -3.22069
11.2569 -3.20045
11.2584 -3.18006
11.2599 -3.1595
11.2614 -3.13879
11.2629 -3.11791
11.2644 -3.09687
11.2659 -3.07567
11.2674 -3.0543
11.2689 -3.03277
11.2704 -3.01107
11.2719 -2.98921
11.2734 -2.96719
11.2749 -2.94499
11.2764 -2.92264
11.2779 -2.90011
11.2794 -2.87742
11.2809 -2.85456
11.2824 -2.83153
11.2839 -2.80833
11.2854 -2.78496
11.2869 -2.76143
11.2884 -2.73772
11.2899 -2.71384
11.2914 -2.68979
11.2929 -2.66557
11.2944 -2.64117
11.2959 -2.61661
11.2974 -2.59186
11.2989 -2.56695
11.3004 -2.54186
11.3019 -2.5166
11.3034 -2.49116
11.3049 -2.46554
11.3064 -2.43975
11.3079 -2.41378
11.3094 -2.38763
11.3109 -2.36131
11.3124 -2.3348
11.3139 -2.30812
11.3154 -2.28126
11.3169 -2.25421
11.3184 -2.22699
11.3199 -2.19959
11.3214 -2.172
11.3229 -2.14423
11.3244 -2.11628
11.3259 -2.08815
11.3274 -2.05983
11.3289 -2.03133
11.3304 -2.00264
11.3319 -1.97377
11.3334 -1.94471
11.3349 -1.91547
11.3364 -1.88604
11.3379 -1.85642
11.3394 -1.82661
11.3409 -1.79662
11.3424 -1.76643
11.3439 -1.73606
11.3454 -1.7055
11.3469 -1.67474
11.3484 -1.6438
11.3499 -1.61266
11.3514 -1.58133
11.3529 -1.54981
11.3544 -1.5181
11.3559 -1.48619
11.3574 -1.45409
11.3589 -1.42179
11.3604 -1.3893
11.3619 -1.35661
11.3634 -1.32373
11.3649 -1.29065
11.3664 -1.25737
11.3679 -1.22389
11.3694 -1.19022
11.3709 -1.15635
11.3724 -1.12227
11.3739 -1.088
11.3754 -1.05352
11.3769 -1.01885
11.3784 -0.983973
11.3799 -0.948894
11.3814 -0.913612
11.3829 -0.878127
11.3844 -0.842438
11.3859 -0.806545
11.3874 -0.770447
11.3889 -0.734143
11.3904 -0.697633
11.3919 -0.660917
11.3934 -0.623994
11.3949 -0.586863
11.3964 -0.549524
11.3979 -0.511976
11.3994 -0.474218
11.401 -0.436251
11.4025 -0.398074
11.404 -0.359686
11.4055 -0.321086
11.407 -0.282274
11.4085 -0.24325
11.41 -0.204012
11.4115 -0.164561
11.413 -0.124896
11.4145 -0.0850157
11.416 -0.0449203
11.4175 -0.00460894
11.419 0.0359188
11.4205 0.0766636
11.422 0.117626
11.4235 0.158806
11.425 0.200205
11.4265 0.241824
11.428 0.283662
11.4295 0.32572
11.431 0.367999
11.4325 0.4105
11.434 0.453223
11.4355 0.496168
11.437 0.539336
11.4385 0.582728
11.44 0.626345
11.4415 0.670186
11.443 0.714252
11.4445 0.758545
11.446 0.803063
11.4475 0.847809
11.449 0.892783
11.4505 0.937985
11.452 0.983415
11.4535 1.02908
11.455 1.07497
11.4565 1.12109
11.458 1.16744
11.4595 1.21402
11.461 1.26083
11.4625 1.30788
11.464 1.35516
11.4655 1.40268
11.467 1.45043
11.4685 1.49841
11.47 1.54663
11.4715 1.59509
11.473 1.64378
11.4745 1.69271
11.476 1.74188
11.4775 1.79129
11.479 1.84093
11.4805 1.89082
11.482 1.94095
11.4835 1.99131
11.485 2.04192
11.4865 2.09277
11.488 2.14386
11.4895 2.1952
11.491 2.24678
11.4925 2.2986
11.494 2.35067
11.4955 2.40298
11.497 2.45554
11.4985 2.50835
11.5 2.5614
