0 0
0.1 0.27498
0.2 0.274969
0.3 0.274969
0.4 0.274958
0.5 0.274939
0.6 0.274937
0.7 0.27492
0.8 0.274897
0.9 0.27487
1 0.274882
1.1 0.274862
1.2 0.27485
1.3 0.274844
1.4 0.274823
1.5 0.274818
1.6 0.274803
1.7 0.274826
1.8 0.27482
1.9 0.274799
2 0.274809
2.1 0.274844
2.2 0.274856
2.3 0.274894
2.4 0.274897
2.5 0.274911
2.6 0.274958
2.7 0.274993
2.8 0.275001
2.9 0.275043
3 0.275036
3.1 0.275059
3.2 0.275065
3.3 0.275062
3.4 0.275057
3.5 0.275069
3.6 0.275098
3.7 0.275149
3.8 0.275163
3.9 0.275188
4 0.275213
4.1 0.275211
4.2 0.275206
4.3 0.275196
4.4 0.275235
4.5 0.275239
4.6 0.275254
4.7 0.275253
4.8 0.275298
4.9 0.275342
5 0.275355
5.1 0.275405
5.2 0.275442
5.3 0.275462
5.4 0.275498
5.5 0.27555
5.6 0.275576
5.7 0.275579
5.8 0.275602
5.9 0.275609
6 0.275657
6.1 0.275682
6.2 0.275708
6.3 0.275771
6.4 0.275833
6.5 0.275893
6.6 0.27595
6.7 0.276027
6.8 0.276077
6.9 0.276152
7 0.276222
7.1 0.276253
7.2 0.276348
7.3 0.276422
7.4 0.276476
7.5 0.276513
7.6 0.276592
7.7 0.276657
7.8 0.276707
7.9 0.276791
8 0.276825
8.1 0.276885
8.2 0.276959
8.3 0.277024
8.4 0.277043
8.5 0.277126
8.6 0.277181
8.7 0.277212
8.8 0.277325
8.9 0.27742
9 0.277492
9.1 0.277615
9.2 0.277728
9.3 0.277801
9.4 0.277893
9.5 0.277895
9.6 0.277917
9.7 0.278005
9.8 0.278074
9.9 0.27818
10 0.278244
10.1 0.278249
10.2 0.278358
10.3 0.278443
10.4 0.27847
10.5 0.278574
10.6 0.278708
10.7 0.27883
10.8 0.27895
10.9 0.278993
11 0.279079
11.1 0.279189
11.2 0.279275
11.3 0.279415
11.4 0.279503
11.5 0.279562
11.6 0.279643
11.7 0.27973
11.8 0.279824
11.9 0.279968
12 0.280089
12.1 0.280213
12.2 0.280307
12.3 0.280394
12.4 0.280417
12.5 0.280465
12.6 0.280577
12.7 0.280769
12.8 0.280832
12.9 0.280994
13 0.281072
13.1 0.281192
13.2 0.281368
13.3 0.281507
13.4 0.281664
13.5 0.281757
13.6 0.281869
13.7 0.282025
13.8 0.282249
13.9 0.282436
14 0.282661
14.1 0.282818
14.2 0.283004
14.3 0.283136
14.4 0.283276
14.5 0.283516
14.6 0.283703
14.7 0.283885
14.8 0.284017
14.9 0.284261
15 0.284452
15.1 0.284646
15.2 0.28487
15.3 0.285084
15.4 0.285257
15.5 0.285472
15.6 0.285696
15.7 0.2859
15.8 0.286117
15.9 0.28637
16 0.286626
16.1 0.286898
16.2 0.287183
16.3 0.287367
16.4 0.287497
16.5 0.287789
16.6 0.288019
16.7 0.28826
16.8 0.288417
16.9 0.28862
17 0.288846
17.1 0.289192
17.2 0.289561
17.3 0.289825
17.4 0.290149
17.5 0.290392
17.6 0.290739
17.7 0.290984
17.8 0.291267
17.9 0.291573
18 0.291832
18.1 0.292128
18.2 0.292304
18.3 0.292562
18.4 0.292858
18.5 0.293278
18.6 0.293591
18.7 0.293998
18.8 0.294377
18.9 0.294726
19 0.294888
19.1 0.295372
19.2 0.295768
19.3 0.295919
19.4 0.296344
19.5 0.296706
19.6 0.297064
19.7 0.297462
19.8 0.297891
19.9 0.29813
20 0.298462
20.1 0.298808
20.2 0.299102
20.3 0.299461
20.4 0.299923
20.5 0.300408
20.6 0.300783
20.7 0.301191
20.8 0.30153
20.9 0.301951
21 0.302255
21.1 0.302562
21.2 0.302781
21.3 0.30316
21.4 0.303523
21.5 0.304036
21.6 0.304606
21.7 0.305077
21.8 0.305502
21.9 0.305827
22 0.306267
22.1 0.306751
22.2 0.307178
22.3 0.307843
22.4 0.308547
22.5 0.309069
22.6 0.309555
22.7 0.310113
22.8 0.310786
22.9 0.311411
23 0.311863
23.1 0.312212
23.2 0.312916
23.3 0.313447
23.4 0.314046
23.5 0.314385
23.6 0.314972
23.7 0.315328
23.8 0.316016
23.9 0.316705
24 0.317577
24.1 0.318013
24.2 0.318507
24.3 0.319157
24.4 0.319711
24.5 0.32042
24.6 0.321215
24.7 0.321652
24.8 0.322236
24.9 0.322896
25 0.323508
25.1 0.324108
25.2 0.324775
25.3 0.325355
25.4 0.325957
25.5 0.326721
25.6 0.327533
25.7 0.327895
25.8 0.328787
25.9 0.329651
26 0.330066
26.1 0.330709
26.2 0.33153
26.3 0.332582
26.4 0.333311
26.5 0.334077
26.6 0.334882
26.7 0.335838
26.8 0.336881
26.9 0.337906
27 0.338291
27.1 0.338577
27.2 0.339297
27.3 0.340106
27.4 0.34105
27.5 0.34188
27.6 0.342437
27.7 0.343325
27.8 0.344259
27.9 0.34519
28 0.346239
28.1 0.3471
28.2 0.348242
28.3 0.34923
28.4 0.350472
28.5 0.351397
28.6 0.352095
28.7 0.352888
28.8 0.353748
28.9 0.354316
29 0.355065
29.1 0.356215
29.2 0.35714
29.3 0.35813
29.4 0.359264
29.5 0.360454
29.6 0.361645
29.7 0.362947
29.8 0.364469
29.9 0.365219
30 0.366234
30.1 0.367529
30.2 0.368419
30.3 0.37005
30.4 0.371759
30.5 0.373197
30.6 0.374863
30.7 0.376301
30.8 0.378119
30.9 0.379672
31 0.380706
31.1 0.381765
31.2 0.382892
31.3 0.384117
31.4 0.385405
31.5 0.38589
31.6 0.386754
31.7 0.387764
31.8 0.389147
31.9 0.391002
32 0.392805
32.1 0.394399
32.2 0.396019
32.3 0.398001
32.4 0.399564
32.5 0.401395
32.6 0.403287
32.7 0.404951
32.8 0.406959
32.9 0.408994
33 0.411051
33.1 0.41316
33.2 0.415492
33.3 0.417055
33.4 0.418741
33.5 0.420662
33.6 0.422947
33.7 0.425103
33.8 0.426751
33.9 0.428237
34 0.429504
34.1 0.431702
34.2 0.434251
34.3 0.436141
34.4 0.437899
34.5 0.439113
34.6 0.441392
34.7 0.443791
34.8 0.445021
34.9 0.447289
35 0.449409
35.1 0.451141
35.2 0.453364
35.3 0.455413
35.4 0.457886
35.5 0.460155
35.6 0.462432
35.7 0.464924
35.8 0.467361
35.9 0.469896
36 0.471661
36.1 0.473152
36.2 0.475099
36.3 0.477976
36.4 0.480608
36.5 0.483513
36.6 0.48625
36.7 0.488915
36.8 0.49126
36.9 0.4942
37 0.497719
37.1 0.499709
37.2 0.502848
37.3 0.505028
37.4 0.507746
37.5 0.51064
37.6 0.513939
37.7 0.517064
37.8 0.519466
37.9 0.522689
38 0.525899
38.1 0.529474
38.2 0.533086
38.3 0.536472
38.4 0.540372
38.5 0.543093
38.6 0.545547
38.7 0.548402
38.8 0.551462
38.9 0.555317
39 0.557383
39.1 0.561276
39.2 0.564594
39.3 0.567818
39.4 0.571757
39.5 0.573524
39.6 0.577481
39.7 0.581671
39.8 0.585027
39.9 0.590145
40 0.593644
40.1 0.596609
40.2 0.598952
40.3 0.603096
40.4 0.607293
40.5 0.611874
40.6 0.616738
40.7 0.620981
40.8 0.624909
40.9 0.629402
41 0.634437
41.1 0.639167
41.2 0.643191
41.3 0.647188
41.4 0.650198
41.5 0.653253
41.6 0.656327
41.7 0.659373
41.8 0.663767
41.9 0.668921
42 0.674822
42.1 0.67741
42.2 0.682179
42.3 0.687164
42.4 0.690321
42.5 0.693934
42.6 0.697272
42.7 0.70019
42.8 0.704176
42.9 0.710008
43 0.715173
43.1 0.71971
43.2 0.723058
43.3 0.727804
43.4 0.731665
43.5 0.736471
43.6 0.741339
43.7 0.743178
43.8 0.747547
43.9 0.751546
44 0.756792
44.1 0.762184
44.2 0.766894
44.3 0.770336
44.4 0.774904
44.5 0.779254
44.6 0.783549
44.7 0.788719
44.8 0.793683
44.9 0.798085
45 0.802691
45.1 0.807508
45.2 0.814767
45.3 0.818408
45.4 0.822491
45.5 0.825829
45.6 0.829553
45.7 0.832679
45.8 0.836001
45.9 0.840403
46 0.844607
46.1 0.850318
46.2 0.855867
46.3 0.859784
46.4 0.86322
46.5 0.868677
46.6 0.872724
46.7 0.876649
46.8 0.880936
46.9 0.885023
47 0.88952
47.1 0.895055
47.2 0.901247
47.3 0.906172
47.4 0.910028
47.5 0.913287
47.6 0.916238
47.7 0.91759
47.8 0.919712
47.9 0.924135
48 0.929085
48.1 0.934152
48.2 0.938251
48.3 0.942967
48.4 0.947066
48.5 0.951409
48.6 0.956825
48.7 0.960764
48.8 0.9658
48.9 0.969563
49 0.971666
49.1 0.975739
49.2 0.979787
49.3 0.983008
49.4 0.985898
49.5 0.989775
49.6 0.992892
49.7 0.996063
49.8 1.00027
49.9 1.00393
50 1.00796
50.1 1.01273
50.2 1.01774
50.3 1.02094
50.4 1.02438
50.5 1.02836
50.6 1.03156
50.7 1.03533
50.8 1.03827
50.9 1.04078
51 1.04195
51.1 1.04248
51.2 1.04369
51.3 1.04787
51.4 1.0513
51.5 1.05516
51.6 1.05873
51.7 1.06252
51.8 1.06582
51.9 1.06826
52 1.07138
52.1 1.07459
52.2 1.07803
52.3 1.08084
52.4 1.08394
52.5 1.08683
52.6 1.08966
52.7 1.09215
52.8 1.09536
52.9 1.09842
53 1.10156
53.1 1.10328
53.2 1.10522
53.3 1.10844
53.4 1.1115
53.5 1.11427
53.6 1.11745
53.7 1.12112
53.8 1.12461
53.9 1.12804
54 1.13099
54.1 1.13477
54.2 1.13794
54.3 1.13952
54.4 1.14169
54.5 1.14442
54.6 1.14577
54.7 1.14813
54.8 1.15111
54.9 1.15343
55 1.15709
55.1 1.16011
55.2 1.16289
55.3 1.16634
55.4 1.16938
55.5 1.1729
55.6 1.17562
55.7 1.17913
55.8 1.18254
55.9 1.1855
56 1.18914
56.1 1.19218
56.2 1.19512
56.3 1.19804
56.4 1.20049
56.5 1.20362
56.6 1.20687
56.7 1.21076
56.8 1.21427
56.9 1.21813
57 1.22092
57.1 1.22407
57.2 1.22788
57.3 1.23053
57.4 1.23228
57.5 1.23559
57.6 1.23797
57.7 1.2399
57.8 1.24368
57.9 1.24592
58 1.24851
58.1 1.25204
58.2 1.2558
58.3 1.25908
58.4 1.2628
58.5 1.26561
58.6 1.26792
58.7 1.27094
58.8 1.27418
58.9 1.27787
59 1.28183
59.1 1.28514
59.2 1.2881
59.3 1.29147
59.4 1.29374
59.5 1.29587
59.6 1.29795
59.7 1.30136
59.8 1.30457
59.9 1.30793
60 1.31156
60.1 1.31519
60.2 1.31794
60.3 1.32066
60.4 1.32284
60.5 1.3263
60.6 1.32994
60.7 1.33283
60.8 1.33532
60.9 1.33803
61 1.34121
61.1 1.345
61.2 1.34793
61.3 1.35039
61.4 1.35423
61.5 1.3576
61.6 1.36177
61.7 1.36482
61.8 1.36852
61.9 1.37087
62 1.37311
62.1 1.37636
62.2 1.37933
62.3 1.38239
62.4 1.38543
62.5 1.38862
62.6 1.39126
62.7 1.39314
62.8 1.39498
62.9 1.39764
63 1.40068
63.1 1.40304
63.2 1.40578
63.3 1.40837
63.4 1.41187
63.5 1.41367
63.6 1.41522
63.7 1.41718
63.8 1.41852
63.9 1.42136
64 1.42513
64.1 1.42749
64.2 1.4294
64.3 1.43169
64.4 1.43305
64.5 1.4355
64.6 1.43745
64.7 1.43859
64.8 1.44103
64.9 1.44322
65 1.44535
65.1 1.44736
65.2 1.44953
65.3 1.45189
65.4 1.45385
65.5 1.45622
65.6 1.45859
65.7 1.46002
65.8 1.46028
65.9 1.46189
66 1.46391
66.1 1.46552
66.2 1.46828
66.3 1.47018
66.4 1.47257
66.5 1.47383
66.6 1.47587
66.7 1.47769
66.8 1.47925
66.9 1.48161
67 1.48347
67.1 1.48465
67.2 1.48635
67.3 1.48698
67.4 1.488
67.5 1.48999
67.6 1.49196
67.7 1.49289
67.8 1.49301
67.9 1.49334
68 1.49483
68.1 1.49713
68.2 1.49858
68.3 1.5
68.4 1.50128
68.5 1.50266
68.6 1.50416
68.7 1.50623
68.8 1.50786
68.9 1.50825
69 1.50806
69.1 1.50787
69.2 1.50777
69.3 1.50775
69.4 1.50763
69.5 1.50746
69.6 1.50716
69.7 1.50702
69.8 1.50708
69.9 1.5072
70 1.50706
70.1 1.50691
70.2 1.50669
70.3 1.50652
70.4 1.50642
70.5 1.50649
70.6 1.50623
70.7 1.50602
70.8 1.50603
70.9 1.50611
71 1.5061
71.1 1.50608
71.2 1.50599
71.3 1.50584
71.4 1.50591
71.5 1.50585
71.6 1.50586
71.7 1.50595
71.8 1.50597
71.9 1.50593
72 1.50607
72.1 1.50626
72.2 1.50633
72.3 1.50635
72.4 1.50635
72.5 1.50641
72.6 1.50642
72.7 1.50631
72.8 1.50635
72.9 1.50641
73 1.50632
73.1 1.50634
73.2 1.50631
73.3 1.5063
73.4 1.50625
73.5 1.50632
73.6 1.50648
73.7 1.50654
73.8 1.50665
73.9 1.50667
74 1.50663
74.1 1.50666
74.2 1.50668
74.3 1.50671
74.4 1.50681
74.5 1.50678
74.6 1.50679
74.7 1.50669
74.8 1.50657
74.9 1.50658
75 1.50656
75.1 1.50665
75.2 1.50654
75.3 1.50655
75.4 1.50658
75.5 1.50659
75.6 1.5067
75.7 1.50663
75.8 1.50666
75.9 1.50664
76 1.50664
76.1 1.50671
76.2 1.50667
76.3 1.50662
76.4 1.50656
76.5 1.50654
76.6 1.50657
76.7 1.50662
76.8 1.50658
76.9 1.50668
77 1.50666
77.1 1.5067
77.2 1.50675
77.3 1.50679
77.4 1.507
77.5 1.50707
77.6 1.50713
77.7 1.50715
77.8 1.50715
77.9 1.5073
78 1.50734
78.1 1.50743
78.2 1.50738
78.3 1.50735
78.4 1.50749
78.5 1.50755
78.6 1.50766
78.7 1.50774
78.8 1.50776
78.9 1.50781
79 1.50792
79.1 1.50792
79.2 1.50794
79.3 1.50799
79.4 1.50815
79.5 1.50814
79.6 1.50818
79.7 1.50824
79.8 1.50834
79.9 1.50843
80 1.50848
80.1 1.50856
80.2 1.50869
80.3 1.50889
80.4 1.50883
80.5 1.50882
80.6 1.5089
80.7 1.50895
80.8 1.50912
80.9 1.50922
81 1.50926
81.1 1.50936
81.2 1.50944
81.3 1.50953
81.4 1.50953
81.5 1.50962
81.6 1.5097
81.7 1.50967
81.8 1.50965
81.9 1.50974
82 1.50981
82.1 1.50984
82.2 1.50986
82.3 1.50987
82.4 1.50991
82.5 1.50992
82.6 1.50987
82.7 1.50999
82.8 1.50999
82.9 1.51003
83 1.51011
83.1 1.51018
83.2 1.51026
83.3 1.51039
83.4 1.51046
83.5 1.51051
83.6 1.51067
83.7 1.5107
83.8 1.51072
83.9 1.5109
84 1.51096
84.1 1.51107
84.2 1.51114
84.3 1.51123
84.4 1.51136
84.5 1.51148
84.6 1.51156
84.7 1.51162
84.8 1.51176
84.9 1.51188
85 1.51196
85.1 1.51209
85.2 1.51206
85.3 1.5121
85.4 1.51242
85.5 1.51274
85.6 1.51292
85.7 1.51329
85.8 1.51362
85.9 1.51394
86 1.51425
86.1 1.51456
86.2 1.51498
86.3 1.51519
86.4 1.51545
86.5 1.51581
86.6 1.51616
86.7 1.51647
86.8 1.51678
86.9 1.51696
87 1.51723
87.1 1.51747
87.2 1.51775
87.3 1.518
87.4 1.51828
87.5 1.51841
87.6 1.51869
87.7 1.51892
87.8 1.51925
87.9 1.51957
88 1.5198
88.1 1.5199
88.2 1.52014
88.3 1.52034
88.4 1.52042
88.5 1.52058
88.6 1.52081
88.7 1.52104
88.8 1.52119
88.9 1.52138
89 1.52154
89.1 1.52178
89.2 1.52193
89.3 1.52207
89.4 1.52222
89.5 1.52231
89.6 1.52244
89.7 1.52273
89.8 1.52296
89.9 1.52314
90 1.52334
90.1 1.52355
90.2 1.52384
90.3 1.52398
90.4 1.524
90.5 1.52411
90.6 1.52421
90.7 1.52425
90.8 1.52433
90.9 1.5244
91 1.5245
91.1 1.52467
91.2 1.52483
91.3 1.52501
91.4 1.52508
91.5 1.52527
91.6 1.52541
91.7 1.52551
91.8 1.52561
91.9 1.52568
92 1.52582
92.1 1.52586
92.2 1.52605
92.3 1.52625
92.4 1.5264
92.5 1.52658
92.6 1.52673
92.7 1.52691
92.8 1.52706
92.9 1.52722
93 1.52732
93.1 1.5274
93.2 1.52751
93.3 1.52766
93.4 1.5278
93.5 1.52793
93.6 1.52801
93.7 1.52814
93.8 1.52829
93.9 1.5284
94 1.52854
94.1 1.52874
94.2 1.52884
94.3 1.52898
94.4 1.52914
94.5 1.52931
94.6 1.52937
94.7 1.52957
94.8 1.52971
94.9 1.52988
95 1.53
95.1 1.53009
95.2 1.53019
95.3 1.53034
95.4 1.53055
95.5 1.53071
95.6 1.53084
95.7 1.53098
95.8 1.53115
95.9 1.53137
96 1.53147
96.1 1.5316
96.2 1.53185
96.3 1.53196
96.4 1.53211
96.5 1.53232
96.6 1.53252
96.7 1.53267
96.8 1.53273
96.9 1.53288
97 1.53304
97.1 1.53328
97.2 1.53346
97.3 1.53356
97.4 1.5337
97.5 1.53378
97.6 1.53382
97.7 1.53396
97.8 1.53419
97.9 1.5344
98 1.53465
98.1 1.53485
98.2 1.53512
98.3 1.53537
98.4 1.53556
98.5 1.53573
98.6 1.53584
98.7 1.53601
98.8 1.53615
98.9 1.5363
99 1.53646
99.1 1.5366
99.2 1.53682
99.3 1.53697
99.4 1.53717
99.5 1.53743
99.6 1.53757
99.7 1.53781
99.8 1.53798
99.9 1.53812
100 1.53819
100.001 2.07168
