38.6055 0.0360799
38.6609 0.0811799
38.7164 0.1804
38.7718 0.469039
38.8272 0.838859
38.8827 0.983179
38.9381 1.36202
38.9935 1.38006
39.049 1.6236
39.1044 1.19064
39.1598 0.911019
39.2153 0.730619
39.2707 0.460019
39.3261 0.478059
39.3816 0.24354
39.437 0.0721599
39.4924 0.0811799
39.5479 0.0541199
39.6033 0.0360799
39.6587 0.01804
39.7142 0.02706
39.7696 0.00901999
39.825 0.02706
39.8805 0.01804
39.9359 0.00901999
39.9913 0.00901999
40.0468 0
40.1022 0.00901999
40.1576 0
40.2131 0.02706
40.2685 0.01804
40.3239 0.02706
40.3794 0.0360799
40.4348 0.02706
40.4902 0.02706
40.5457 0.0811799
40.6011 0.10824
40.6565 0.23452
40.712 0.2706
40.7674 0.414919
40.8228 0.676499
40.8782 0.712579
40.9337 0.622379
40.9891 0.947099
41.0445 0.901999
41.1 0.667479
41.1554 0.496099
41.2108 0.24354
41.2663 0.12628
41.3217 0.0360799
