0 0.0550337
0.1 0.0550759
0.2 0.0550875
0.3 0.0550944
0.4 0.0551002
0.5 0.0551
0.6 0.0551042
0.7 0.0551077
0.8 0.0551123
0.9 0.0551163
1 0.0551151
1.1 0.0551193
1.2 0.0551255
1.3 0.05513
1.4 0.0551383
1.5 0.0551407
1.6 0.0551453
1.7 0.055158
1.8 0.0551701
1.9 0.0551825
2 0.0551949
2.1 0.0552121
2.2 0.0552267
2.3 0.0552391
2.4 0.0552483
2.5 0.0552511
2.6 0.0552624
2.7 0.0552715
2.8 0.0552808
2.9 0.0552936
3 0.0553129
3.1 0.0553273
3.2 0.0553414
3.3 0.0553608
3.4 0.0553867
3.5 0.0554044
3.6 0.0554227
3.7 0.0554434
3.8 0.0554694
3.9 0.0554945
4 0.0555203
4.1 0.0555408
4.2 0.0555603
4.3 0.055587
4.4 0.0556114
4.5 0.0556407
4.6 0.0556669
4.7 0.0556929
4.8 0.0557232
4.9 0.05575
5 0.0557792
5.1 0.055815
5.2 0.0558489
5.3 0.0558858
5.4 0.055926
5.5 0.0559666
5.6 0.0560099
5.7 0.0560507
5.8 0.0560909
5.9 0.0561304
6 0.056174
6.1 0.0562182
6.2 0.0562649
6.3 0.0563156
6.4 0.0563676
6.5 0.0564225
6.6 0.0564726
6.7 0.0565266
6.8 0.0565809
6.9 0.0566345
7 0.0566965
7.1 0.0567501
7.2 0.0568045
7.3 0.0568601
7.4 0.0569229
7.5 0.0569824
7.6 0.0570476
7.7 0.0571091
7.8 0.0571752
7.9 0.0572519
8 0.0573183
8.1 0.0573867
8.2 0.0574497
8.3 0.0575165
8.4 0.0575908
8.5 0.0576647
8.6 0.0577368
8.7 0.0578109
8.8 0.0578812
8.9 0.0579538
9 0.0580287
9.1 0.0580964
9.2 0.0581717
9.3 0.0582457
9.4 0.0583245
9.5 0.0584058
9.6 0.0584814
9.7 0.0585589
9.8 0.0586394
9.9 0.0587164
10 0.0587944
10.1 0.0588695
10.2 0.0589457
10.3 0.0590214
10.4 0.059099
10.5 0.0591835
10.6 0.0592743
10.7 0.0593607
10.8 0.0594373
10.9 0.0595172
11 0.0596029
11.1 0.0596847
11.2 0.0597715
11.3 0.0598611
11.4 0.0599473
11.5 0.0600423
11.6 0.0601331
11.7 0.0602302
11.8 0.0603209
11.9 0.0604132
12 0.060514
12.1 0.0606087
12.2 0.060701
12.3 0.06079
12.4 0.0608825
12.5 0.0609789
12.6 0.0610776
12.7 0.0611752
12.8 0.0612699
12.9 0.0613718
13 0.0614667
13.1 0.0615691
13.2 0.0616758
13.3 0.0617776
13.4 0.0618836
13.5 0.0619888
13.6 0.0620989
13.7 0.062203
13.8 0.062312
13.9 0.0624201
14 0.0625268
14.1 0.0626344
14.2 0.0627452
14.3 0.0628593
14.4 0.0629736
14.5 0.0630881
14.6 0.0632033
14.7 0.0633195
14.8 0.0634416
14.9 0.0635604
15 0.0636861
15.1 0.0638123
15.2 0.0639377
15.3 0.0640572
15.4 0.0641851
15.5 0.0643108
15.6 0.064441
15.7 0.0645635
15.8 0.064683
15.9 0.0648069
16 0.0649417
16.1 0.0650704
16.2 0.0652056
16.3 0.0653387
16.4 0.0654684
16.5 0.0656002
16.6 0.0657329
16.7 0.0658674
16.8 0.0660078
16.9 0.0661482
17 0.066293
17.1 0.0664408
17.2 0.0665885
17.3 0.0667312
17.4 0.0668692
17.5 0.0670025
17.6 0.0671406
17.7 0.0672806
17.8 0.0674203
17.9 0.0675629
18 0.0676987
18.1 0.0678307
18.2 0.0679678
18.3 0.0681075
18.4 0.0682474
18.5 0.0683903
18.6 0.0685386
18.7 0.0686876
18.8 0.0688382
18.9 0.0689902
19 0.0691361
19.1 0.0692768
19.2 0.0694243
19.3 0.0695722
19.4 0.0697167
19.5 0.0698648
19.6 0.0700164
19.7 0.0701719
19.8 0.070329
19.9 0.0704923
20 0.0706539
20.1 0.0708132
20.2 0.0709842
20.3 0.0711531
20.4 0.0713203
20.5 0.0714935
20.6 0.0716802
20.7 0.071862
20.8 0.0720413
20.9 0.0722185
21 0.0724035
21.1 0.0725862
21.2 0.072773
21.3 0.0729622
21.4 0.0731588
21.5 0.0733526
21.6 0.0735438
21.7 0.0737335
21.8 0.07393
21.9 0.0741288
22 0.0743191
22.1 0.0745168
22.2 0.0747111
22.3 0.0749086
22.4 0.0751077
22.5 0.0753099
22.6 0.0755178
22.7 0.0757269
22.8 0.0759439
22.9 0.0761647
23 0.076383
23.1 0.0766081
23.2 0.0768446
23.3 0.0770797
23.4 0.0773129
23.5 0.0775409
23.6 0.0777751
23.7 0.0780028
23.8 0.0782385
23.9 0.0784844
24 0.0787274
24.1 0.0789705
24.2 0.0792234
24.3 0.0794709
24.4 0.079727
24.5 0.079978
24.6 0.0802225
24.7 0.0804779
24.8 0.0807302
24.9 0.0809899
25 0.0812515
25.1 0.0815099
25.2 0.0817735
25.3 0.0820508
25.4 0.082326
25.5 0.0825979
25.6 0.0828727
25.7 0.0831494
25.8 0.0834259
25.9 0.0837164
26 0.0840113
26.1 0.0843065
26.2 0.0846066
26.3 0.0849034
26.4 0.0852072
26.5 0.0855271
26.6 0.085859
26.7 0.086187
26.8 0.0865168
26.9 0.0868497
27 0.0871887
27.1 0.0875289
27.2 0.087864
27.3 0.0882103
27.4 0.0885646
27.5 0.0889143
27.6 0.0892677
27.7 0.0896214
27.8 0.0899738
27.9 0.0903398
28 0.0907077
28.1 0.0910833
28.2 0.0914676
28.3 0.0918579
28.4 0.0922384
28.5 0.0926148
28.6 0.0930062
28.7 0.0934027
28.8 0.0938091
28.9 0.0942253
29 0.0946395
29.1 0.0950715
29.2 0.0954991
29.3 0.0959432
29.4 0.0963975
29.5 0.0968456
29.6 0.0973096
29.7 0.0977767
29.8 0.0982471
29.9 0.0987167
30 0.0991936
30.1 0.0996738
30.2 0.100157
30.3 0.100664
30.4 0.101183
30.5 0.101708
30.6 0.102226
30.7 0.102756
30.8 0.103289
30.9 0.10383
31 0.104379
31.1 0.10493
31.2 0.10548
31.3 0.106047
31.4 0.106632
31.5 0.10723
31.6 0.107832
31.7 0.108434
31.8 0.109049
31.9 0.109668
32 0.110283
32.1 0.110904
32.2 0.11155
32.3 0.112199
32.4 0.112851
32.5 0.113513
32.6 0.114186
32.7 0.114877
32.8 0.115579
32.9 0.116307
33 0.117054
33.1 0.117803
33.2 0.118542
33.3 0.119301
33.4 0.12007
33.5 0.120865
33.6 0.121669
33.7 0.122469
33.8 0.123291
33.9 0.124116
34 0.124952
34.1 0.125809
34.2 0.126682
34.3 0.127554
34.4 0.128438
34.5 0.129335
34.6 0.130242
34.7 0.131161
34.8 0.132095
34.9 0.133047
35 0.134002
35.1 0.134967
35.2 0.135954
35.3 0.136954
35.4 0.137937
35.5 0.138935
35.6 0.13992
35.7 0.140945
35.8 0.141987
35.9 0.14303
36 0.144081
36.1 0.145123
36.2 0.146166
36.3 0.147211
36.4 0.148246
36.5 0.149267
36.6 0.150319
36.7 0.151376
36.8 0.15244
36.9 0.153496
37 0.154557
37.1 0.155626
37.2 0.156668
37.3 0.157696
37.4 0.158752
37.5 0.159835
37.6 0.160958
37.7 0.162077
37.8 0.163203
37.9 0.164357
38 0.16553
38.1 0.166678
38.2 0.167833
38.3 0.168998
38.4 0.170203
38.5 0.171398
38.6 0.172606
38.7 0.173822
38.8 0.175058
38.9 0.176275
39 0.177503
39.1 0.178772
39.2 0.180038
39.3 0.181334
39.4 0.182632
39.5 0.183928
39.6 0.18523
39.7 0.186547
39.8 0.187853
39.9 0.189189
40 0.190548
40.1 0.19191
40.2 0.193291
40.3 0.194676
40.4 0.196061
40.5 0.197438
40.6 0.198844
40.7 0.200254
40.8 0.201643
40.9 0.203041
41 0.20442
41.1 0.205845
41.2 0.207248
41.3 0.208668
41.4 0.210108
41.5 0.211543
41.6 0.212986
41.7 0.214416
41.8 0.215848
41.9 0.217299
42 0.218756
42.1 0.220217
42.2 0.221675
42.3 0.223154
42.4 0.224635
42.5 0.226107
42.6 0.227575
42.7 0.229043
42.8 0.230512
42.9 0.232009
43 0.233512
43.1 0.235012
43.2 0.236476
43.3 0.237976
43.4 0.239448
43.5 0.240921
43.6 0.242403
43.7 0.243921
43.8 0.245431
43.9 0.246932
44 0.248449
44.1 0.249957
44.2 0.251432
44.3 0.252926
44.4 0.254479
44.5 0.256057
44.6 0.257606
44.7 0.259146
44.8 0.260679
44.9 0.262231
45 0.263819
45.1 0.265383
45.2 0.266907
45.3 0.268418
45.4 0.269922
45.5 0.271423
45.6 0.272911
45.7 0.274437
45.8 0.275951
45.9 0.27749
46 0.279003
46.1 0.280502
46.2 0.28198
46.3 0.283464
46.4 0.284951
46.5 0.286423
46.6 0.287939
46.7 0.289426
46.8 0.290932
46.9 0.292398
47 0.293861
47.1 0.295312
47.2 0.296741
47.3 0.298175
47.4 0.299602
47.5 0.301027
47.6 0.302439
47.7 0.303816
47.8 0.305186
47.9 0.306539
48 0.307843
48.1 0.309127
48.2 0.31041
48.3 0.311696
48.4 0.312972
48.5 0.314207
48.6 0.31541
48.7 0.316635
48.8 0.317884
48.9 0.31913
49 0.32037
49.1 0.321605
49.2 0.322832
49.3 0.324033
49.4 0.325239
49.5 0.326423
49.6 0.327588
49.7 0.328762
49.8 0.329867
49.9 0.330999
50 0.33212
50.1 0.333197
50.2 0.334282
50.3 0.33541
50.4 0.336491
50.5 0.337532
50.6 0.33855
50.7 0.339552
50.8 0.340539
50.9 0.341549
51 0.342542
51.1 0.343539
51.2 0.344507
51.3 0.345481
51.4 0.346424
51.5 0.347324
51.6 0.348195
51.7 0.34906
51.8 0.349931
51.9 0.350815
52 0.351676
52.1 0.352558
52.2 0.353386
52.3 0.354219
52.4 0.355061
52.5 0.355882
52.6 0.356745
52.7 0.357574
52.8 0.358436
52.9 0.359332
53 0.360202
53.1 0.361056
53.2 0.361898
53.3 0.362755
53.4 0.363616
53.5 0.364477
53.6 0.365349
53.7 0.366188
53.8 0.367009
53.9 0.367831
54 0.368651
54.1 0.369415
54.2 0.370161
54.3 0.370899
54.4 0.371633
54.5 0.372357
54.6 0.373047
54.7 0.373748
54.8 0.374472
54.9 0.375196
55 0.375894
55.1 0.37659
55.2 0.377303
55.3 0.378019
55.4 0.378704
55.5 0.379388
55.6 0.380076
55.7 0.38078
55.8 0.381459
55.9 0.382079
56 0.382718
56.1 0.383367
56.2 0.383993
56.3 0.38462
56.4 0.385228
56.5 0.385858
56.6 0.386452
56.7 0.387029
56.8 0.387625
56.9 0.38823
57 0.388829
57.1 0.389396
57.2 0.389945
57.3 0.390488
57.4 0.390984
57.5 0.391505
57.6 0.392005
57.7 0.392503
57.8 0.392979
57.9 0.393437
58 0.393918
58.1 0.394379
58.2 0.394831
58.3 0.395294
58.4 0.395727
58.5 0.39615
58.6 0.396568
58.7 0.396993
58.8 0.397397
58.9 0.397804
59 0.398204
59.1 0.398575
59.2 0.398934
59.3 0.399297
59.4 0.399666
59.5 0.4
59.6 0.400339
59.7 0.400671
59.8 0.401015
59.9 0.40136
60 0.401669
60.1 0.401966
60.2 0.402278
60.3 0.402584
60.4 0.402873
60.5 0.40314
60.6 0.40341
60.7 0.403675
60.8 0.403926
60.9 0.404171
61 0.40441
61.1 0.404654
61.2 0.404898
61.3 0.405132
61.4 0.405339
61.5 0.405553
61.6 0.405788
61.7 0.406024
61.8 0.406252
61.9 0.406473
62 0.406698
62.1 0.406937
62.2 0.407147
62.3 0.407357
62.4 0.407567
62.5 0.407755
62.6 0.407915
62.7 0.408076
62.8 0.408255
62.9 0.408421
63 0.408582
63.1 0.408744
63.2 0.408891
63.3 0.409034
63.4 0.409176
63.5 0.409295
63.6 0.409423
63.7 0.409539
63.8 0.409674
63.9 0.409816
64 0.409988
64.1 0.41018
64.2 0.410377
64.3 0.410573
64.4 0.410787
64.5 0.411022
64.6 0.411235
64.7 0.411427
64.8 0.411619
64.9 0.411804
65 0.411986
65.1 0.412166
65.2 0.412356
65.3 0.412555
65.4 0.412742
65.5 0.412952
65.6 0.413165
65.7 0.413377
65.8 0.41359
65.9 0.413814
66 0.414047
66.1 0.414285
66.2 0.414512
66.3 0.414768
66.4 0.415016
66.5 0.415252
66.6 0.415516
66.7 0.415762
66.8 0.41603
66.9 0.416253
67 0.416443
67.1 0.416622
67.2 0.416788
67.3 0.416968
67.4 0.417149
67.5 0.417313
67.6 0.417491
67.7 0.417669
67.8 0.417838
67.9 0.417945
68 0.418055
68.1 0.418163
68.2 0.418267
68.3 0.41838
68.4 0.418525
68.5 0.418663
68.6 0.418787
68.7 0.418922
68.8 0.419061
68.9 0.419187
69 0.419309
69.1 0.419449
69.2 0.419574
69.3 0.419714
69.4 0.419836
69.5 0.419945
69.6 0.420123
69.7 0.420317
69.8 0.420516
69.9 0.420686
70 0.420865
70.1 0.421009
70.2 0.421156
70.3 0.421278
70.4 0.421411
70.5 0.421516
70.6 0.421639
70.7 0.421769
70.8 0.421908
70.9 0.422036
71 0.42217
71.1 0.422282
71.2 0.422412
71.3 0.422531
71.4 0.422655
71.5 0.422789
71.6 0.422923
71.7 0.423075
71.8 0.423198
71.9 0.423364
72 0.423525
72.1 0.423682
72.2 0.42385
72.3 0.423979
72.4 0.424081
72.5 0.424176
72.6 0.424227
72.7 0.424305
72.8 0.424385
72.9 0.424479
73 0.424554
73.1 0.424618
73.2 0.424685
73.3 0.424736
73.4 0.424808
73.5 0.424869
73.6 0.424926
73.7 0.425002
73.8 0.425056
73.9 0.425115
74 0.425185
74.1 0.425237
74.2 0.425299
74.3 0.425348
74.4 0.425366
74.5 0.425387
74.6 0.425405
74.7 0.425434
74.8 0.425477
74.9 0.425476
75 0.42551
75.1 0.425521
75.2 0.425533
75.3 0.425597
75.4 0.425655
75.5 0.425685
75.6 0.42572
75.7 0.425723
75.8 0.425701
75.9 0.425711
76 0.425723
76.1 0.425765
76.2 0.425796
76.3 0.425809
76.4 0.425822
76.5 0.42581
76.6 0.42582
76.7 0.425783
76.8 0.425755
76.9 0.425747
77 0.425761
77.1 0.425736
77.2 0.42575
77.3 0.425794
77.4 0.425801
77.5 0.425795
77.6 0.425827
77.7 0.425802
77.8 0.42579
77.9 0.425767
78 0.425759
78.1 0.425763
78.2 0.425721
78.3 0.425713
78.4 0.425707
78.5 0.425721
78.6 0.425745
78.7 0.425749
78.8 0.425771
78.9 0.425835
79 0.425858
79.1 0.425892
79.2 0.425937
79.3 0.425945
79.4 0.425959
79.5 0.425983
79.6 0.426059
79.7 0.426095
79.8 0.426147
79.9 0.426248
80 0.426316
80.1 0.426396
80.2 0.426436
80.3 0.426457
80.4 0.426531
80.5 0.42659
80.6 0.426694
80.7 0.426777
80.8 0.426841
80.9 0.426879
81 0.426918
81.1 0.427015
81.2 0.427119
81.3 0.427259
81.4 0.427403
81.5 0.427573
81.6 0.427726
81.7 0.427884
81.8 0.428006
81.9 0.428155
82 0.428312
82.1 0.428463
82.2 0.428582
82.3 0.428704
82.4 0.428828
82.5 0.428958
82.6 0.429104
82.7 0.429264
82.8 0.429449
82.9 0.429631
83 0.429782
83.1 0.429927
83.2 0.430089
83.3 0.430268
83.4 0.430476
83.5 0.430661
83.6 0.430824
83.7 0.43098
83.8 0.431116
83.9 0.431237
84 0.431357
84.1 0.431478
84.2 0.431661
84.3 0.431788
84.4 0.431912
84.5 0.431993
84.6 0.432075
84.7 0.432227
84.8 0.432305
84.9 0.432398
85 0.43247
85.1 0.432497
85.2 0.432585
85.3 0.432636
85.4 0.432677
85.5 0.432777
85.6 0.432847
85.7 0.432899
85.8 0.432987
85.9 0.433035
86 0.433099
86.1 0.433146
86.2 0.433202
86.3 0.43328
86.4 0.433347
86.5 0.43342
86.6 0.433537
86.7 0.433606
86.8 0.433682
86.9 0.433701
87 0.43378
87.1 0.433826
87.2 0.433902
87.3 0.433934
87.4 0.433978
87.5 0.433999
87.6 0.434015
87.7 0.434073
87.8 0.434112
87.9 0.434098
88 0.434089
88.1 0.434119
88.2 0.434151
88.3 0.434158
88.4 0.434187
88.5 0.434192
88.6 0.434222
88.7 0.434235
88.8 0.434282
88.9 0.434296
89 0.434296
89.1 0.434332
89.2 0.434348
89.3 0.434379
89.4 0.434421
89.5 0.434412
89.6 0.434469
89.7 0.434481
89.8 0.434507
89.9 0.434536
90 0.434589
90.1 0.434625
90.2 0.434666
90.3 0.434652
90.4 0.434675
90.5 0.434699
90.6 0.434665
90.7 0.434652
90.8 0.434643
90.9 0.434649
91 0.434668
91.1 0.434665
91.2 0.434642
91.3 0.434601
91.4 0.434585
91.5 0.434605
91.6 0.434644
91.7 0.434655
91.8 0.434706
91.9 0.434739
92 0.434732
92.1 0.434684
92.2 0.434671
92.3 0.434663
92.4 0.434654
92.5 0.434624
92.6 0.434634
92.7 0.43464
92.8 0.434622
92.9 0.434604
93 0.434636
93.1 0.434653
93.2 0.434656
93.3 0.434652
93.4 0.434661
93.5 0.434667
93.6 0.434671
93.7 0.434672
93.8 0.434677
93.9 0.434667
94 0.434645
94.1 0.434672
94.2 0.434698
94.3 0.434712
94.4 0.43474
94.5 0.434789
94.6 0.4348
94.7 0.434831
94.8 0.434855
94.9 0.434843
95 0.434835
95.1 0.434851
95.2 0.434862
95.3 0.434889
95.4 0.434875
95.5 0.434896
95.6 0.434932
95.7 0.434932
95.8 0.434964
95.9 0.434981
96 0.434998
96.1 0.435019
96.2 0.435011
96.3 0.434993
96.4 0.435015
96.5 0.435032
96.6 0.435039
96.7 0.435091
96.8 0.435114
96.9 0.435127
97 0.435177
97.1 0.435209
97.2 0.435224
97.3 0.435274
97.4 0.435284
97.5 0.435271
97.6 0.435264
97.7 0.43523
97.8 0.435236
97.9 0.435264
98 0.435293
98.1 0.435282
98.2 0.435301
98.3 0.435286
98.4 0.435274
98.5 0.435295
98.6 0.435278
98.7 0.435282
98.8 0.43529
98.9 0.435301
99 0.435335
99.1 0.435345
99.2 0.435318
99.3 0.435308
99.4 0.435312
99.5 0.435331
99.6 0.435337
99.7 0.435346
99.8 0.435329
99.9 0.435341
100 0.588481
