0 0.0825376
0.1 0.092677
0.2 0.116036
0.3 0.13452
0.4 0.168496
0.5 0.189241
0.6 0.21824
0.7 0.237809
0.8 0.26978
0.9 0.296691
1 0.309778
1.1 0.333426
1.2 0.347791
1.3 0.375267
1.4 0.38932
1.5 0.42067
1.6 0.435842
1.7 0.458198
1.8 0.485982
1.9 0.480076
2 0.518378
2.1 0.525834
2.2 0.535295
2.3 0.554423
2.4 0.555676
2.5 0.590667
2.6 0.599628
2.7 0.586858
2.8 0.607634
2.9 0.610391
3 0.634779
3.1 0.643036
3.2 0.653812
3.3 0.660415
3.4 0.695247
3.5 0.673763
3.6 0.700045
3.7 0.681219
3.8 0.699758
3.9 0.724098
4 0.714047
4.1 0.717182
4.2 0.741266
4.3 0.755241
4.4 0.772374
4.5 0.770426
4.6 0.762097
4.7 0.773185
4.8 0.782282
4.9 0.798862
5 0.799186
5.1 0.799174
5.2 0.821974
5.3 0.804649
5.4 0.815061
5.5 0.809785
5.6 0.826477
5.7 0.833094
5.8 0.827761
5.9 0.83717
6 0.85198
6.1 0.853406
6.2 0.863587
6.3 0.854306
6.4 0.857292
6.5 0.877278
6.6 0.863205
6.7 0.872454
6.8 0.893065
6.9 0.873455
7 0.864129
7.1 0.885005
7.2 0.862653
7.3 0.882033
7.4 0.893189
7.5 0.889167
7.6 0.882569
7.7 0.878207
7.8 0.882913
7.9 0.899071
8 0.88546
8.1 0.869319
8.2 0.858922
8.3 0.851204
8.4 0.874181
8.5 0.889651
8.6 0.88577
8.7 0.877805
8.8 0.871945
8.9 0.874183
9 0.871561
9.1 0.878086
9.2 0.873964
9.3 0.862309
9.4 0.87424
9.5 0.883499
9.6 0.867373
9.7 0.871665
9.8 0.871368
9.9 0.873316
10 0.854559
10.1 0.876139
10.2 0.849363
10.3 0.865367
10.4 0.874456
10.5 0.858964
10.6 0.831536
10.7 0.846916
10.8 0.848033
10.9 0.850986
11 0.849497
11.1 0.847119
11.2 0.859773
11.3 0.830781
11.4 0.839598
11.5 0.834939
11.6 0.817479
11.7 0.819249
11.8 0.829312
11.9 0.824611
12 0.828839
12.1 0.813004
12.2 0.816208
12.3 0.846652
12.4 0.82379
12.5 0.814284
12.6 0.804568
12.7 0.824957
12.8 0.797646
12.9 0.825059
13 0.792304
13.1 0.790798
13.2 0.790803
13.3 0.785907
13.4 0.791041
13.5 0.787383
13.6 0.783262
13.7 0.798984
13.8 0.777717
13.9 0.777426
14 0.766716
14.1 0.773091
14.2 0.7912
14.3 0.744859
14.4 0.772545
14.5 0.779114
14.6 0.763954
14.7 0.767725
14.8 0.760848
14.9 0.772711
15 0.737745
15.1 0.756649
15.2 0.741421
15.3 0.758571
15.4 0.749734
15.5 0.749915
15.6 0.752501
15.7 0.737779
15.8 0.734128
15.9 0.746869
16 0.729458
16.1 0.732459
16.2 0.730337
16.3 0.705271
16.4 0.726778
16.5 0.743052
16.6 0.736363
16.7 0.733919
16.8 0.727936
16.9 0.74189
17 0.733078
17.1 0.733718
17.2 0.725092
17.3 0.723871
17.4 0.723499
17.5 0.709609
17.6 0.720808
17.7 0.738163
17.8 0.723771
17.9 0.705099
18 0.704051
18.1 0.71021
18.2 0.720144
18.3 0.705087
18.4 0.692112
18.5 0.707773
18.6 0.700029
18.7 0.68853
18.8 0.699073
18.9 0.718122
19 0.685807
19.1 0.7004
19.2 0.688768
19.3 0.672614
19.4 0.691993
19.5 0.694416
19.6 0.687016
19.7 0.680244
19.8 0.664512
19.9 0.677946
20 0.671811
20.1 0.672481
20.2 0.668757
20.3 0.689343
20.4 0.667097
20.5 0.680485
20.6 0.667133
20.7 0.658195
20.8 0.678278
20.9 0.664089
21 0.66395
21.1 0.644559
21.2 0.650439
21.3 0.650461
21.4 0.645378
21.5 0.668666
21.6 0.654186
21.7 0.668029
21.8 0.654114
21.9 0.654538
22 0.66324
22.1 0.644822
22.2 0.658835
22.3 0.65416
22.4 0.646866
22.5 0.650925
22.6 0.658922
22.7 0.665042
22.8 0.641856
22.9 0.641489
23 0.649598
23.1 0.641985
23.2 0.620798
23.3 0.639454
23.4 0.634455
23.5 0.627254
23.6 0.627429
23.7 0.61193
23.8 0.611686
23.9 0.612537
24 0.623704
24.1 0.625822
24.2 0.62929
24.3 0.61085
24.4 0.616167
24.5 0.589527
24.6 0.6114
24.7 0.614539
24.8 0.604198
24.9 0.613764
25 0.604221
25.1 0.598826
25.2 0.607466
25.3 0.60195
25.4 0.593951
25.5 0.6123
25.6 0.610654
25.7 0.601154
25.8 0.605548
25.9 0.582403
26 0.591722
26.1 0.600792
26.2 0.599087
26.3 0.58357
26.4 0.58071
26.5 0.570752
26.6 0.584165
26.7 0.575009
26.8 0.57963
26.9 0.578679
27 0.597603
27.1 0.589072
27.2 0.58052
27.3 0.58067
27.4 0.587217
27.5 0.588468
27.6 0.576997
27.7 0.593844
27.8 0.575232
27.9 0.57643
28 0.593704
28.1 0.590016
28.2 0.572478
28.3 0.575078
28.4 0.573474
28.5 0.562772
28.6 0.57629
28.7 0.579644
28.8 0.573272
28.9 0.561123
29 0.566495
29.1 0.575501
29.2 0.563942
29.3 0.542642
29.4 0.546846
29.5 0.562994
29.6 0.567399
29.7 0.561449
29.8 0.56561
29.9 0.557448
30 0.554833
30.1 0.56236
30.2 0.552482
30.3 0.573624
30.4 0.548968
30.5 0.555042
30.6 0.554545
30.7 0.541696
30.8 0.54181
30.9 0.540898
31 0.518458
31.1 0.529032
31.2 0.528712
31.3 0.531704
31.4 0.540388
31.5 0.53981
31.6 0.539889
31.7 0.541841
31.8 0.541816
31.9 0.541579
32 0.531371
32.1 0.544902
32.2 0.529316
32.3 0.535666
32.4 0.534288
32.5 0.531538
32.6 0.520862
32.7 0.518608
32.8 0.520375
32.9 0.518148
33 0.517915
33.1 0.530677
33.2 0.507206
33.3 0.514057
33.4 0.516342
33.5 0.524675
33.6 0.527005
33.7 0.513382
33.8 0.506889
33.9 0.522616
34 0.512052
34.1 0.513783
34.2 0.511023
34.3 0.506358
34.4 0.51013
34.5 0.51816
34.6 0.512584
34.7 0.51677
34.8 0.509544
34.9 0.513783
35 0.504717
35.1 0.503714
35.2 0.512284
35.3 0.501063
35.4 0.497199
35.5 0.507467
35.6 0.493599
35.7 0.504211
35.8 0.486732
35.9 0.490726
36 0.491456
36.1 0.468936
36.2 0.484051
36.3 0.468707
36.4 0.49397
36.5 0.494427
36.6 0.483707
36.7 0.488842
36.8 0.48515
36.9 0.500706
37 0.49403
37.1 0.491825
37.2 0.495543
37.3 0.494185
37.4 0.507474
37.5 0.495442
37.6 0.506421
37.7 0.510132
37.8 0.477737
37.9 0.506752
38 0.504194
38.1 0.504127
38.2 0.495597
38.3 0.485077
38.4 0.502747
38.5 0.503576
38.6 0.50261
38.7 0.496996
38.8 0.490727
38.9 0.49859
39 0.50365
39.1 0.501093
39.2 0.50636
39.3 0.494878
39.4 0.51723
39.5 0.507225
39.6 0.508698
39.7 0.5061
39.8 0.504836
39.9 0.512828
40 0.502172
40.1 0.518644
40.2 0.501093
40.3 0.507022
40.4 0.504793
40.5 0.486533
40.6 0.498346
40.7 0.510751
40.8 0.499184
40.9 0.491316
41 0.485812
41.1 0.478707
41.2 0.477908
41.3 0.505896
41.4 0.513911
41.5 0.497616
41.6 0.505205
41.7 0.483241
41.8 0.50492
41.9 0.485006
42 0.498453
42.1 0.495748
42.2 0.502559
42.3 0.502833
42.4 0.500656
42.5 0.487765
42.6 0.483881
42.7 0.498048
42.8 0.491445
42.9 0.490938
43 0.496745
43.1 0.496553
43.2 0.471429
43.3 0.478296
43.4 0.462757
43.5 0.474515
43.6 0.487298
43.7 0.478255
43.8 0.479771
43.9 0.481552
44 0.483134
44.1 0.480689
44.2 0.488854
44.3 0.480226
44.4 0.484995
44.5 0.479204
44.6 0.485982
44.7 0.487585
44.8 0.466587
44.9 0.485492
45 0.490366
45.1 0.48567
45.2 0.480523
45.3 0.490458
45.4 0.491968
45.5 0.496176
45.6 0.495903
45.7 0.501334
45.8 0.48941
45.9 0.495892
46 0.497688
46.1 0.491435
46.2 0.502572
46.3 0.490058
46.4 0.522166
46.5 0.517446
46.6 0.511007
46.7 0.501798
46.8 0.496905
46.9 0.509117
47 0.505509
47.1 0.511845
47.2 0.496189
47.3 0.503067
47.4 0.497334
47.5 0.501346
47.6 0.50809
47.7 0.499084
47.8 0.506079
47.9 0.512855
48 0.514319
48.1 0.501381
48.2 0.489175
48.3 0.498876
48.4 0.504072
48.5 0.51812
48.6 0.514099
48.7 0.519309
48.8 0.515774
48.9 0.508585
49 0.533759
49.1 0.513109
49.2 0.519216
49.3 0.521827
49.4 0.526662
49.5 0.538397
49.6 0.532314
49.7 0.530467
49.8 0.534242
49.9 0.52012
50 0.519973
50.1 0.528773
50.2 0.521635
50.3 0.537863
50.4 0.545333
50.5 0.522431
50.6 0.538107
50.7 0.526711
50.8 0.531783
50.9 0.53334
51 0.525521
51.1 0.534217
51.2 0.507819
51.3 0.51313
51.4 0.510862
51.5 0.514089
51.6 0.508783
51.7 0.501711
51.8 0.523428
51.9 0.505821
52 0.517038
52.1 0.496206
52.2 0.506141
52.3 0.502938
52.4 0.510947
52.5 0.491944
52.6 0.507971
52.7 0.52044
52.8 0.50447
52.9 0.508316
53 0.492889
53.1 0.509771
53.2 0.50823
53.3 0.505939
53.4 0.492209
53.5 0.491393
53.6 0.498665
53.7 0.501552
53.8 0.494781
53.9 0.504017
54 0.508638
54.1 0.501725
54.2 0.512738
54.3 0.502064
54.4 0.492162
54.5 0.496678
54.6 0.486477
54.7 0.48858
54.8 0.479991
54.9 0.482288
55 0.480598
55.1 0.497396
55.2 0.501627
55.3 0.502381
55.4 0.505607
55.5 0.501289
55.6 0.502596
55.7 0.508596
55.8 0.481398
55.9 0.509902
56 0.494686
56.1 0.497831
56.2 0.501887
56.3 0.503004
56.4 0.505271
56.5 0.504337
56.6 0.49255
56.7 0.485195
56.8 0.488079
56.9 0.485869
57 0.479564
57.1 0.473126
57.2 0.461685
57.3 0.476335
57.4 0.456738
57.5 0.484385
57.6 0.481803
57.7 0.47651
57.8 0.48224
57.9 0.475755
58 0.484079
58.1 0.465919
58.2 0.477762
58.3 0.482468
58.4 0.486654
58.5 0.485166
58.6 0.4813
58.7 0.478401
58.8 0.482145
58.9 0.495454
59 0.485212
59.1 0.492735
59.2 0.490641
59.3 0.499418
59.4 0.489379
59.5 0.50285
59.6 0.492094
59.7 0.496101
59.8 0.495017
59.9 0.492356
60 0.494056
60.1 0.482988
60.2 0.476214
60.3 0.492793
60.4 0.480028
60.5 0.478112
60.6 0.477721
60.7 0.474605
60.8 0.465032
60.9 0.467881
61 0.477161
61.1 0.489371
61.2 0.479465
61.3 0.489028
61.4 0.47608
61.5 0.491489
61.6 0.491142
61.7 0.490431
61.8 0.51188
61.9 0.506643
62 0.48596
62.1 0.488953
62.2 0.484768
62.3 0.504031
62.4 0.493013
62.5 0.507099
62.6 0.487862
62.7 0.490209
62.8 0.49806
62.9 0.488946
63 0.487063
63.1 0.462684
63.2 0.472908
63.3 0.456708
63.4 0.459078
63.5 0.4655
63.6 0.464155
63.7 0.454366
63.8 0.465069
63.9 0.47078
64 0.473697
64.1 0.476171
64.2 0.472959
64.3 0.471429
64.4 0.483162
64.5 0.445154
64.6 0.465979
64.7 0.462551
64.8 0.470214
64.9 0.475439
65 0.472475
65.1 0.470244
65.2 0.457736
65.3 0.465878
65.4 0.466242
65.5 0.461009
65.6 0.465964
65.7 0.461942
65.8 0.467665
65.9 0.472651
66 0.464099
66.1 0.474003
66.2 0.467712
66.3 0.456964
66.4 0.466203
66.5 0.448594
66.6 0.453943
66.7 0.44571
66.8 0.453952
66.9 0.458092
67 0.456649
67.1 0.454203
67.2 0.452046
67.3 0.462316
67.4 0.456738
67.5 0.438374
67.6 0.455198
67.7 0.451251
67.8 0.447213
67.9 0.444761
68 0.442767
68.1 0.444429
68.2 0.438316
68.3 0.441877
68.4 0.444322
68.5 0.45651
68.6 0.443579
68.7 0.446223
68.8 0.426619
68.9 0.444219
69 0.439028
69.1 0.444383
69.2 0.430111
69.3 0.433684
69.4 0.440079
69.5 0.438169
69.6 0.432393
69.7 0.449006
69.8 0.437421
69.9 0.442377
70 0.421279
70.1 0.432351
70.2 0.436298
70.3 0.440927
70.4 0.435965
70.5 0.459547
70.6 0.430768
70.7 0.428054
70.8 0.424786
70.9 0.440536
71 0.428066
71.1 0.437224
71.2 0.430014
71.3 0.426314
71.4 0.441825
71.5 0.434097
71.6 0.434439
71.7 0.443188
71.8 0.424005
71.9 0.417734
72 0.432095
72.1 0.434908
72.2 0.425705
72.3 0.419834
72.4 0.427409
72.5 0.42394
72.6 0.417101
72.7 0.419944
72.8 0.425413
72.9 0.41438
73 0.436703
73.1 0.434163
73.2 0.439164
73.3 0.431406
73.4 0.436442
73.5 0.421839
73.6 0.432973
73.7 0.432302
73.8 0.428992
73.9 0.439722
74 0.426002
74.1 0.437141
74.2 0.449037
74.3 0.434506
74.4 0.436316
74.5 0.443526
74.6 0.446895
74.7 0.438502
74.8 0.43443
74.9 0.432097
75 0.426505
75.1 0.419856
75.2 0.410841
75.3 0.414036
75.4 0.404783
75.5 0.418293
75.6 0.410404
75.7 0.415512
75.8 0.418182
75.9 0.424299
76 0.411895
76.1 0.421733
76.2 0.409101
76.3 0.416766
76.4 0.420572
76.5 0.424518
76.6 0.42627
76.7 0.405229
76.8 0.403938
76.9 0.416801
77 0.422086
77.1 0.426941
77.2 0.423823
77.3 0.419395
77.4 0.424175
77.5 0.436065
77.6 0.416757
77.7 0.42727
77.8 0.432505
77.9 0.416418
78 0.429469
78.1 0.442056
78.2 0.433985
78.3 0.442312
78.4 0.434682
78.5 0.444817
78.6 0.44431
78.7 0.435676
78.8 0.446402
78.9 0.45427
79 0.446075
79.1 0.435229
79.2 0.427809
79.3 0.434229
79.4 0.436313
79.5 0.433431
79.6 0.436528
79.7 0.431531
79.8 0.423795
79.9 0.430503
80 0.428482
80.1 0.456058
80.2 0.450366
80.3 0.443469
80.4 0.445858
80.5 0.441414
80.6 0.448647
80.7 0.444767
80.8 0.462477
80.9 0.457739
81 0.46792
81.1 0.458496
81.2 0.443708
81.3 0.450821
81.4 0.448144
81.5 0.454917
81.6 0.462201
81.7 0.448595
81.8 0.451003
81.9 0.441527
82 0.451484
82.1 0.445503
82.2 0.446444
82.3 0.448358
82.4 0.443389
82.5 0.437882
82.6 0.446776
82.7 0.446924
82.8 0.454233
82.9 0.448461
83 0.451964
83.1 0.444322
83.2 0.460332
83.3 0.443252
83.4 0.4587
83.5 0.455755
83.6 0.445711
83.7 0.433898
83.8 0.451035
83.9 0.4509
84 0.450862
84.1 0.441057
84.2 0.430096
84.3 0.436455
84.4 0.431909
84.5 0.42272
84.6 0.436559
84.7 0.42731
84.8 0.445598
84.9 0.44874
85 0.452586
85.1 0.464561
85.2 0.478732
85.3 0.456003
85.4 0.484968
85.5 0.452863
85.6 0.457719
85.7 0.465982
85.8 0.478175
85.9 0.461067
86 0.460078
86.1 0.457345
86.2 0.463685
86.3 0.450047
86.4 0.451728
86.5 0.458112
86.6 0.436539
86.7 0.431742
86.8 0.435888
86.9 0.44084
87 0.434393
87.1 0.443772
87.2 0.447803
87.3 0.448601
87.4 0.430375
87.5 0.434479
87.6 0.429065
87.7 0.444416
87.8 0.427108
87.9 0.433262
88 0.417142
88.1 0.420313
88.2 0.428991
88.3 0.416607
88.4 0.415327
88.5 0.405267
88.6 0.430051
88.7 0.414657
88.8 0.406667
88.9 0.411487
89 0.412568
89.1 0.412312
89.2 0.40754
89.3 0.410806
89.4 0.419139
89.5 0.409956
89.6 0.400862
89.7 0.414215
89.8 0.397966
89.9 0.403107
90 0.395445
90.1 0.400367
90.2 0.409184
90.3 0.396111
90.4 0.390261
90.5 0.397281
90.6 0.398969
90.7 0.39318
90.8 0.391719
90.9 0.39037
91 0.387842
91.1 0.397976
91.2 0.386497
91.3 0.381759
91.4 0.378405
91.5 0.387616
91.6 0.378571
91.7 0.381351
91.8 0.363586
91.9 0.36496
92 0.362842
92.1 0.374364
92.2 0.370086
92.3 0.372431
92.4 0.365732
92.5 0.366502
92.6 0.377352
92.7 0.368945
92.8 0.364797
92.9 0.357499
93 0.363247
93.1 0.365366
93.2 0.362697
93.3 0.373782
93.4 0.345678
93.5 0.346388
93.6 0.358417
93.7 0.349409
93.8 0.343832
93.9 0.334641
94 0.352989
94.1 0.361683
94.2 0.35587
94.3 0.34996
94.4 0.343511
94.5 0.350156
94.6 0.343736
94.7 0.357838
94.8 0.350034
94.9 0.34196
95 0.339959
95.1 0.35127
95.2 0.343272
95.3 0.341999
95.4 0.352154
95.5 0.353489
95.6 0.346988
95.7 0.355872
95.8 0.35133
95.9 0.355626
96 0.344674
96.1 0.354784
96.2 0.347621
96.3 0.344688
96.4 0.344499
96.5 0.340441
96.6 0.354165
96.7 0.358757
96.8 0.34134
96.9 0.332118
97 0.328798
97.1 0.314789
97.2 0.33533
97.3 0.328937
97.4 0.338612
97.5 0.337918
97.6 0.335285
97.7 0.331154
97.8 0.332847
97.9 0.339745
98 0.334256
98.1 0.334389
98.2 0.332169
98.3 0.338277
98.4 0.339237
98.5 0.332872
98.6 0.326663
98.7 0.333523
98.8 0.333703
98.9 0.334051
99 0.330604
99.1 0.342221
99.2 0.342008
99.3 0.344482
99.4 0.335764
99.5 0.323821
99.6 0.337343
99.7 0.339145
99.8 0.333577
99.9 0.340148
100 0.346391
