0 -5.35492
0.1 -5.32686
0.2 -5.368
0.3 -5.38361
0.4 -5.36808
0.5 -5.38819
0.6 -5.40937
0.7 -5.36887
0.8 -5.43313
0.9 -5.42686
1 -5.39278
1.1 -5.37091
1.2 -5.42641
1.3 -5.41967
1.4 -5.40932
1.5 -5.36122
1.6 -5.36883
1.7 -5.3583
1.8 -5.31656
1.9 -5.34918
2 -5.3672
2.1 -5.35612
2.2 -5.3732
2.3 -5.36019
2.4 -5.38108
2.5 -5.34641
2.6 -5.37544
2.7 -5.38065
2.8 -5.41108
2.9 -5.38995
3 -5.36007
3.1 -5.37471
3.2 -5.34244
3.3 -5.38042
3.4 -5.36709
3.5 -5.36474
3.6 -5.31298
3.7 -5.33417
3.8 -5.3834
3.9 -5.36232
4 -5.37518
4.1 -5.34634
4.2 -5.31948
4.3 -5.30573
4.4 -5.37243
4.5 -5.3239
4.6 -5.37931
4.7 -5.39002
4.8 -5.32098
4.9 -5.38495
5 -5.36715
5.1 -5.35467
5.2 -5.3884
5.3 -5.30284
5.4 -5.3732
5.5 -5.37513
5.6 -5.32913
5.7 -5.35231
5.8 -5.33547
5.9 -5.35084
6 -5.29694
6.1 -5.28751
6.2 -5.33037
6.3 -5.30693
6.4 -5.32505
6.5 -5.36424
6.6 -5.34571
6.7 -5.28109
6.8 -5.30035
6.9 -5.36233
7 -5.2933
7.1 -5.30961
7.2 -5.28184
7.3 -5.29664
7.4 -5.33123
7.5 -5.30966
7.6 -5.30644
7.7 -5.23043
7.8 -5.29166
7.9 -5.29799
8 -5.31668
8.1 -5.34218
8.2 -5.31155
8.3 -5.31934
8.4 -5.31868
8.5 -5.30715
8.6 -5.30881
8.7 -5.28124
8.8 -5.29425
8.9 -5.26467
9 -5.33357
9.1 -5.29918
9.2 -5.30091
9.3 -5.30992
9.4 -5.30607
9.5 -5.27813
9.6 -5.31397
9.7 -5.35366
9.8 -5.30978
9.9 -5.2929
10 -5.32638
10.1 -5.3027
10.2 -5.27341
10.3 -5.29884
10.4 -5.34772
10.5 -5.29382
10.6 -5.26607
10.7 -5.29141
10.8 -5.26783
10.9 -5.29023
11 -5.31417
11.1 -5.28142
11.2 -5.24753
11.3 -5.32093
11.4 -5.29044
11.5 -5.28161
11.6 -5.28144
11.7 -5.25323
11.8 -5.28956
11.9 -5.27709
12 -5.30485
12.1 -5.26052
12.2 -5.23187
12.3 -5.34173
12.4 -5.29455
12.5 -5.28297
12.6 -5.29661
12.7 -5.28067
12.8 -5.29792
12.9 -5.2526
13 -5.28435
13.1 -5.25254
13.2 -5.27271
13.3 -5.25353
13.4 -5.29607
13.5 -5.26248
13.6 -5.2826
13.7 -5.28151
13.8 -5.26366
13.9 -5.28595
14 -5.29442
14.1 -5.24652
14.2 -5.26276
14.3 -5.26486
14.4 -5.2522
14.5 -5.23408
14.6 -5.28655
14.7 -5.29035
14.8 -5.24279
14.9 -5.26874
15 -5.21393
15.1 -5.2785
15.2 -5.26516
15.3 -5.2524
15.4 -5.27203
15.5 -5.29616
15.6 -5.24037
15.7 -5.23693
15.8 -5.23679
15.9 -5.2166
16 -5.24977
16.1 -5.26121
16.2 -5.231
16.3 -5.26033
16.4 -5.30724
16.5 -5.24042
16.6 -5.22899
16.7 -5.2787
16.8 -5.22622
16.9 -5.25927
17 -5.24844
17.1 -5.27499
17.2 -5.25458
17.3 -5.24885
17.4 -5.27845
17.5 -5.26463
17.6 -5.2726
17.7 -5.2547
17.8 -5.28673
17.9 -5.22743
18 -5.25123
18.1 -5.24477
18.2 -5.24496
18.3 -5.23636
18.4 -5.2357
18.5 -5.23904
18.6 -5.26074
18.7 -5.26502
18.8 -5.2621
18.9 -5.25425
19 -5.25949
19.1 -5.2604
19.2 -5.26363
19.3 -5.26716
19.4 -5.26628
19.5 -5.23133
19.6 -5.24481
19.7 -5.25155
19.8 -5.24482
19.9 -5.27724
20 -5.27899
20.1 -5.23578
20.2 -5.23583
20.3 -5.26073
20.4 -5.244
20.5 -5.25542
20.6 -5.3135
20.7 -5.23657
20.8 -5.22841
20.9 -5.23765
21 -5.29503
21.1 -5.23992
21.2 -5.24438
21.3 -5.21912
21.4 -5.21751
21.5 -5.2721
21.6 -5.25798
21.7 -5.26855
21.8 -5.25269
21.9 -5.25282
22 -5.22263
22.1 -5.25304
22.2 -5.25961
22.3 -5.25864
22.4 -5.24759
22.5 -5.25788
22.6 -5.24096
22.7 -5.24097
22.8 -5.24209
22.9 -5.21525
23 -5.22038
23.1 -5.24507
23.2 -5.24334
23.3 -5.2335
23.4 -5.20175
23.5 -5.23711
23.6 -5.24253
23.7 -5.23634
23.8 -5.21961
23.9 -5.22751
24 -5.21542
24.1 -5.19853
24.2 -5.1955
24.3 -5.22288
24.4 -5.2073
24.5 -5.27092
24.6 -5.22239
24.7 -5.23483
24.8 -5.21615
24.9 -5.23318
25 -5.22086
25.1 -5.2226
25.2 -5.21614
25.3 -5.21121
25.4 -5.22488
25.5 -5.21193
25.6 -5.15438
25.7 -5.23245
25.8 -5.17372
25.9 -5.24695
26 -5.19952
26.1 -5.21766
26.2 -5.23966
26.3 -5.19929
26.4 -5.23739
26.5 -5.18399
26.6 -5.22589
26.7 -5.18951
26.8 -5.20276
26.9 -5.22381
27 -5.2304
27.1 -5.25634
27.2 -5.20692
27.3 -5.18314
27.4 -5.19162
27.5 -5.22853
27.6 -5.1492
27.7 -5.21227
27.8 -5.24233
27.9 -5.19607
28 -5.23893
28.1 -5.15768
28.2 -5.26015
28.3 -5.22734
28.4 -5.24749
28.5 -5.25896
28.6 -5.20053
28.7 -5.22475
28.8 -5.19193
28.9 -5.20688
29 -5.18962
29.1 -5.16657
29.2 -5.2223
29.3 -5.20181
29.4 -5.22414
29.5 -5.24638
29.6 -5.209
29.7 -5.2449
29.8 -5.24203
29.9 -5.22722
30 -5.2234
30.1 -5.21766
30.2 -5.21756
30.3 -5.16342
30.4 -5.20751
30.5 -5.23337
30.6 -5.24163
30.7 -5.19731
30.8 -5.20763
30.9 -5.18984
31 -5.20944
31.1 -5.19709
31.2 -5.20484
31.3 -5.21678
31.4 -5.24705
31.5 -5.23751
31.6 -5.23905
31.7 -5.21527
31.8 -5.19411
31.9 -5.21295
32 -5.24003
32.1 -5.23443
32.2 -5.21204
32.3 -5.19647
32.4 -5.26607
32.5 -5.17994
32.6 -5.195
32.7 -5.21314
32.8 -5.24495
32.9 -5.21385
33 -5.16876
33.1 -5.19994
33.2 -5.22204
33.3 -5.15022
33.4 -5.22245
33.5 -5.17894
33.6 -5.23161
33.7 -5.2647
33.8 -5.22058
33.9 -5.21766
34 -5.17913
34.1 -5.18852
34.2 -5.17103
34.3 -5.2206
34.4 -5.1917
34.5 -5.22327
34.6 -5.27204
34.7 -5.22553
34.8 -5.20901
34.9 -5.19232
35 -5.19129
35.1 -5.19094
35.2 -5.23513
35.3 -5.21261
35.4 -5.23502
35.5 -5.21496
35.6 -5.19016
35.7 -5.22554
35.8 -5.22734
35.9 -5.22789
36 -5.17436
36.1 -5.22115
36.2 -5.23173
36.3 -5.24319
36.4 -5.2104
36.5 -5.20936
36.6 -5.25716
36.7 -5.22142
36.8 -5.27295
36.9 -5.23134
37 -5.2525
37.1 -5.22551
37.2 -5.18958
37.3 -5.21727
37.4 -5.19346
37.5 -5.21825
37.6 -5.1673
37.7 -5.18798
37.8 -5.20494
37.9 -5.19206
38 -5.18582
38.1 -5.22314
38.2 -5.19895
38.3 -5.23051
38.4 -5.20645
38.5 -5.23332
38.6 -5.20736
38.7 -5.23375
38.8 -5.20475
38.9 -5.18437
39 -5.11869
39.1 -5.21818
39.2 -5.17514
39.3 -5.16234
39.4 -5.16218
39.5 -5.20161
39.6 -5.19626
39.7 -5.16921
39.8 -5.1628
39.9 -5.18444
40 -5.21911
40.1 -5.19198
40.2 -5.12664
40.3 -5.17094
40.4 -5.11994
40.5 -5.14932
40.6 -5.13428
40.7 -5.21348
40.8 -5.1663
40.9 -5.16081
41 -5.16137
41.1 -5.17401
41.2 -5.14101
41.3 -5.18585
41.4 -5.1761
41.5 -5.15627
41.6 -5.13899
41.7 -5.16421
41.8 -5.18769
41.9 -5.16422
42 -5.13591
42.1 -5.14412
42.2 -5.17573
42.3 -5.11353
42.4 -5.14431
42.5 -5.13128
42.6 -5.11126
42.7 -5.1323
42.8 -5.12562
42.9 -5.05791
43 -5.09949
43.1 -5.09294
43.2 -5.06628
43.3 -5.11865
43.4 -5.13549
43.5 -5.07513
43.6 -5.1143
43.7 -5.11029
43.8 -5.108
43.9 -5.10268
44 -5.13606
44.1 -5.18054
44.2 -5.13905
44.3 -5.18031
44.4 -5.15042
44.5 -5.14557
44.6 -5.1818
44.7 -5.17979
44.8 -5.20716
44.9 -5.16992
45 -5.19674
45.1 -5.1585
45.2 -5.15424
45.3 -5.193
45.4 -5.23139
45.5 -5.2512
45.6 -5.18342
45.7 -5.27389
45.8 -5.20529
45.9 -5.23564
46 -5.23741
46.1 -5.25104
46.2 -5.29972
46.3 -5.23744
46.4 -5.25449
46.5 -5.28488
46.6 -5.2532
46.7 -5.23314
46.8 -5.27238
46.9 -5.29033
47 -5.26483
47.1 -5.21787
47.2 -5.26668
47.3 -5.25287
47.4 -5.21767
47.5 -5.21689
47.6 -5.24159
47.7 -5.2748
47.8 -5.27992
47.9 -5.26473
48 -5.29863
48.1 -5.23674
48.2 -5.31494
48.3 -5.31283
48.4 -5.30503
48.5 -5.24146
48.6 -5.26607
48.7 -5.2397
48.8 -5.27528
48.9 -5.31254
49 -5.28102
49.1 -5.28676
49.2 -5.30599
49.3 -5.30402
49.4 -5.30251
49.5 -5.27289
49.6 -5.25072
49.7 -5.35286
49.8 -5.32785
49.9 -5.33039
50 -5.35689
50.1 -5.26533
50.2 -5.3427
50.3 -5.28976
50.4 -5.34842
50.5 -5.35395
50.6 -5.36869
50.7 -5.35134
50.8 -5.37039
50.9 -5.32548
51 -5.4061
51.1 -5.34997
51.2 -5.31949
51.3 -5.32262
51.4 -5.3457
51.5 -5.33411
51.6 -5.32789
51.7 -5.34281
51.8 -5.37042
51.9 -5.32205
52 -5.34514
52.1 -5.31873
52.2 -5.31819
52.3 -5.37569
52.4 -5.39148
52.5 -5.41902
52.6 -5.35084
52.7 -5.40353
52.8 -5.37547
52.9 -5.35118
53 -5.42706
53.1 -5.39122
53.2 -5.37231
53.3 -5.43769
53.4 -5.43384
53.5 -5.36413
53.6 -5.39444
53.7 -5.42324
53.8 -5.38948
53.9 -5.36456
54 -5.38158
54.1 -5.36967
54.2 -5.39773
54.3 -5.41472
54.4 -5.40778
54.5 -5.39278
54.6 -5.41208
54.7 -5.37599
54.8 -5.36721
54.9 -5.3717
55 -5.39447
55.1 -5.39689
55.2 -5.40612
55.3 -5.38616
55.4 -5.37353
55.5 -5.39792
55.6 -5.42943
55.7 -5.42773
55.8 -5.41754
55.9 -5.44321
56 -5.44504
56.1 -5.38186
56.2 -5.42383
56.3 -5.44187
56.4 -5.4036
56.5 -5.41845
56.6 -5.42941
56.7 -5.46941
56.8 -5.49125
56.9 -5.44397
57 -5.38838
57.1 -5.41863
57.2 -5.39927
57.3 -5.41941
57.4 -5.41794
57.5 -5.45205
57.6 -5.46348
57.7 -5.45407
57.8 -5.41693
57.9 -5.41676
58 -5.39357
58.1 -5.43468
58.2 -5.43241
58.3 -5.41701
58.4 -5.45011
58.5 -5.43468
58.6 -5.42642
58.7 -5.42499
58.8 -5.41166
58.9 -5.41715
59 -5.41341
59.1 -5.44751
59.2 -5.42137
59.3 -5.45883
59.4 -5.45145
59.5 -5.44332
59.6 -5.39472
59.7 -5.48335
59.8 -5.49575
59.9 -5.4281
60 -5.47407
60.1 -5.46685
60.2 -5.4486
60.3 -5.48739
60.4 -5.46235
60.5 -5.41676
60.6 -5.50175
60.7 -5.48926
60.8 -5.4364
60.9 -5.47593
61 -5.4569
61.1 -5.46065
61.2 -5.47842
61.3 -5.46448
61.4 -5.51455
61.5 -5.47321
61.6 -5.50525
61.7 -5.48246
61.8 -5.48194
61.9 -5.45606
62 -5.44408
62.1 -5.47351
62.2 -5.52068
62.3 -5.49084
62.4 -5.46424
62.5 -5.4864
62.6 -5.52168
62.7 -5.42736
62.8 -5.47288
62.9 -5.47966
63 -5.48038
63.1 -5.49234
63.2 -5.50714
63.3 -5.45436
63.4 -5.47369
63.5 -5.4518
63.6 -5.48413
63.7 -5.49485
63.8 -5.48505
63.9 -5.48648
64 -5.4866
64.1 -5.49089
64.2 -5.51999
64.3 -5.50538
64.4 -5.48711
64.5 -5.48064
64.6 -5.48032
64.7 -5.44171
64.8 -5.52636
64.9 -5.48247
65 -5.49573
65.1 -5.46894
65.2 -5.50428
65.3 -5.52045
65.4 -5.50818
65.5 -5.4922
65.6 -5.4896
65.7 -5.44871
65.8 -5.46343
65.9 -5.48757
66 -5.55463
66.1 -5.52203
66.2 -5.476
66.3 -5.5011
66.4 -5.42882
66.5 -5.47425
66.6 -5.51894
66.7 -5.48404
66.8 -5.51315
66.9 -5.49484
67 -5.5018
67.1 -5.4787
67.2 -5.47336
67.3 -5.51081
67.4 -5.52479
67.5 -5.46466
67.6 -5.48593
67.7 -5.51131
67.8 -5.43961
67.9 -5.46205
68 -5.46641
68.1 -5.44345
68.2 -5.5093
68.3 -5.48221
68.4 -5.53387
68.5 -5.50454
68.6 -5.4897
68.7 -5.48238
68.8 -5.51113
68.9 -5.44761
69 -5.43909
69.1 -5.50268
69.2 -5.52137
69.3 -5.51058
69.4 -5.48973
69.5 -5.4792
69.6 -5.42066
69.7 -5.49107
69.8 -5.44681
69.9 -5.51984
70 -5.54897
70.1 -5.49419
70.2 -5.48581
70.3 -5.48054
70.4 -5.4741
70.5 -5.51311
70.6 -5.5251
70.7 -5.50605
70.8 -5.49297
70.9 -5.49085
71 -5.50536
71.1 -5.4314
71.2 -5.47783
71.3 -5.49042
71.4 -5.48707
71.5 -5.48942
71.6 -5.5241
71.7 -5.48429
71.8 -5.51253
71.9 -5.49146
72 -5.45942
72.1 -5.44286
72.2 -5.44741
72.3 -5.51065
72.4 -5.52746
72.5 -5.48549
72.6 -5.5247
72.7 -5.51151
72.8 -5.52008
72.9 -5.47045
73 -5.5045
73.1 -5.54069
73.2 -5.53188
73.3 -5.46642
73.4 -5.52584
73.5 -5.42457
73.6 -5.46719
73.7 -5.48111
73.8 -5.5173
73.9 -5.43161
74 -5.45959
74.1 -5.48481
74.2 -5.52386
74.3 -5.48119
74.4 -5.49264
74.5 -5.4843
74.6 -5.46475
74.7 -5.49554
74.8 -5.52222
74.9 -5.48408
75 -5.47408
75.1 -5.48895
75.2 -5.50416
75.3 -5.47811
75.4 -5.52145
75.5 -5.4745
75.6 -5.51105
75.7 -5.43534
75.8 -5.50431
75.9 -5.47986
76 -5.51935
76.1 -5.53727
76.2 -5.51695
76.3 -5.50734
76.4 -5.51788
76.5 -5.50112
76.6 -5.5261
76.7 -5.51539
76.8 -5.50826
76.9 -5.53208
77 -5.49786
77.1 -5.48794
77.2 -5.48226
77.3 -5.51417
77.4 -5.51954
77.5 -5.51463
77.6 -5.49363
77.7 -5.53177
77.8 -5.51787
77.9 -5.51501
78 -5.52164
78.1 -5.52531
78.2 -5.53578
78.3 -5.49876
78.4 -5.461
78.5 -5.51768
78.6 -5.50224
78.7 -5.49499
78.8 -5.46829
78.9 -5.50941
79 -5.52958
79.1 -5.5026
79.2 -5.54196
79.3 -5.499
79.4 -5.48125
79.5 -5.52672
79.6 -5.55746
79.7 -5.56185
79.8 -5.52443
79.9 -5.54143
80 -5.4562
80.1 -5.5161
80.2 -5.5157
80.3 -5.48314
80.4 -5.47861
80.5 -5.52444
80.6 -5.46036
80.7 -5.51838
80.8 -5.48297
80.9 -5.46006
81 -5.49766
81.1 -5.50925
81.2 -5.53638
81.3 -5.55003
81.4 -5.42595
81.5 -5.48694
81.6 -5.49248
81.7 -5.54231
81.8 -5.48646
81.9 -5.47011
82 -5.50468
82.1 -5.51479
82.2 -5.56944
82.3 -5.5307
82.4 -5.54029
82.5 -5.51572
82.6 -5.5417
82.7 -5.56187
82.8 -5.49589
82.9 -5.52396
83 -5.52011
83.1 -5.5523
83.2 -5.53435
83.3 -5.5568
83.4 -5.532
83.5 -5.5286
83.6 -5.54041
83.7 -5.49055
83.8 -5.5267
83.9 -5.49121
84 -5.50993
84.1 -5.5297
84.2 -5.49973
84.3 -5.54523
84.4 -5.48257
84.5 -5.50616
84.6 -5.52366
84.7 -5.49832
84.8 -5.53075
84.9 -5.52139
85 -5.51423
85.1 -5.50098
85.2 -5.5049
85.3 -5.53979
85.4 -5.52976
85.5 -5.52063
85.6 -5.54673
85.7 -5.50147
85.8 -5.54381
85.9 -5.52757
86 -5.49432
86.1 -5.52971
86.2 -5.53001
86.3 -5.49463
86.4 -5.47945
86.5 -5.50386
86.6 -5.56963
86.7 -5.52188
86.8 -5.53303
86.9 -5.50866
87 -5.48253
87.1 -5.46899
87.2 -5.49016
87.3 -5.4887
87.4 -5.4589
87.5 -5.45855
87.6 -5.4648
87.7 -5.52731
87.8 -5.51875
87.9 -5.51374
88 -5.46666
88.1 -5.4934
88.2 -5.51777
88.3 -5.5101
88.4 -5.49951
88.5 -5.48791
88.6 -5.50868
88.7 -5.48583
88.8 -5.53288
88.9 -5.51451
89 -5.50191
89.1 -5.50246
89.2 -5.54013
89.3 -5.56087
89.4 -5.54585
89.5 -5.54719
89.6 -5.51775
89.7 -5.5408
89.8 -5.53113
89.9 -5.47948
90 -5.52477
90.1 -5.50897
90.2 -5.53878
90.3 -5.53331
90.4 -5.50316
90.5 -5.48732
90.6 -5.52505
90.7 -5.58085
90.8 -5.55
90.9 -5.52647
91 -5.53035
91.1 -5.52657
91.2 -5.52896
91.3 -5.52369
91.4 -5.52115
91.5 -5.49654
91.6 -5.50266
91.7 -5.53003
91.8 -5.4913
91.9 -5.48934
92 -5.52556
92.1 -5.50339
92.2 -5.52607
92.3 -5.55822
92.4 -5.52705
92.5 -5.5089
92.6 -5.53315
92.7 -5.55021
92.8 -5.52883
92.9 -5.49926
93 -5.52281
93.1 -5.55682
93.2 -5.52639
93.3 -5.55192
93.4 -5.53025
93.5 -5.52003
93.6 -5.50313
93.7 -5.54228
93.8 -5.5299
93.9 -5.53385
94 -5.49076
94.1 -5.53231
94.2 -5.51473
94.3 -5.5458
94.4 -5.49752
94.5 -5.48844
94.6 -5.54177
94.7 -5.48279
94.8 -5.52826
94.9 -5.53455
95 -5.51485
95.1 -5.51266
95.2 -5.54382
95.3 -5.52181
95.4 -5.5197
95.5 -5.49396
95.6 -5.53182
95.7 -5.54642
95.8 -5.49662
95.9 -5.54254
96 -5.50057
96.1 -5.55241
96.2 -5.47924
96.3 -5.49926
96.4 -5.57247
96.5 -5.50655
96.6 -5.5206
96.7 -5.54365
96.8 -5.49431
96.9 -5.48076
97 -5.44356
97.1 -5.50521
97.2 -5.46582
97.3 -5.4618
97.4 -5.51987
97.5 -5.50526
97.6 -5.47152
97.7 -5.47502
97.8 -5.49034
97.9 -5.46834
98 -5.49593
98.1 -5.47936
98.2 -5.48029
98.3 -5.45382
98.4 -5.49901
98.5 -5.48041
98.6 -5.4403
98.7 -5.44847
98.8 -5.47103
98.9 -5.44377
99 -5.50229
99.1 -5.53889
99.2 -5.51176
99.3 -5.45195
99.4 -5.43335
99.5 -5.52653
99.6 -5.49406
99.7 -5.49769
99.8 -5.51049
99.9 -5.56656
100 -4.49212
