28.5 3.75465
28.5015 3.69053
28.503 3.6267
28.5045 3.56315
28.506 3.49989
28.5075 3.43691
28.509 3.37421
28.5105 3.31179
28.512 3.24966
28.5135 3.18781
28.515 3.12624
28.5165 3.06494
28.518 3.00393
28.5195 2.9432
28.521 2.88274
28.5225 2.82256
28.524 2.76265
28.5255 2.70303
28.527 2.64367
28.5285 2.58459
28.53 2.52579
28.5315 2.46726
28.533 2.409
28.5345 2.35101
28.536 2.29329
28.5375 2.23585
28.539 2.17867
28.5405 2.12177
28.542 2.06513
28.5435 2.00876
28.545 1.95266
28.5465 1.89682
28.548 1.84125
28.5495 1.78595
28.551 1.73091
28.5525 1.67614
28.554 1.62162
28.5555 1.56738
28.557 1.51339
28.5585 1.45966
28.56 1.4062
28.5615 1.353
28.563 1.30005
28.5645 1.24737
28.566 1.19494
28.5675 1.14277
28.569 1.09086
28.5705 1.03921
28.572 0.98781
28.5735 0.936666
28.575 0.885777
28.5765 0.835143
28.578 0.784761
28.5795 0.734633
28.581 0.684756
28.5825 0.635131
28.584 0.585757
28.5855 0.536634
28.587 0.48776
28.5885 0.439135
28.59 0.390758
28.5915 0.342629
28.593 0.294747
28.5945 0.247112
28.596 0.199723
28.5975 0.152579
28.599 0.10568
28.6006 0.0590247
28.6021 0.0126129
28.6036 -0.033556
28.6051 -0.0794827
28.6066 -0.125168
28.6081 -0.170612
28.6096 -0.215816
28.6111 -0.26078
28.6126 -0.305504
28.6141 -0.349991
28.6156 -0.394239
28.6171 -0.43825
28.6186 -0.482024
28.6201 -0.525563
28.6216 -0.568865
28.6231 -0.611933
28.6246 -0.654767
28.6261 -0.697367
28.6276 -0.739734
28.6291 -0.781868
28.6306 -0.823771
28.6321 -0.865442
28.6336 -0.906883
28.6351 -0.948093
28.6366 -0.989074
28.6381 -1.02983
28.6396 -1.07035
28.6411 -1.11065
28.6426 -1.15072
28.6441 -1.19056
28.6456 -1.23018
28.6471 -1.26957
28.6486 -1.30874
28.6501 -1.34768
28.6516 -1.3864
28.6531 -1.4249
28.6546 -1.46317
28.6561 -1.50122
28.6576 -1.53906
28.6591 -1.57667
28.6606 -1.61406
28.6621 -1.65123
28.6636 -1.68818
28.6651 -1.72492
28.6666 -1.76144
28.6681 -1.79774
28.6696 -1.83382
28.6711 -1.86969
28.6726 -1.90534
28.6741 -1.94078
28.6756 -1.97601
28.6771 -2.01102
28.6786 -2.04582
28.6801 -2.0804
28.6816 -2.11478
28.6831 -2.14894
28.6846 -2.1829
28.6861 -2.21664
28.6876 -2.25017
28.6891 -2.2835
28.6906 -2.31661
28.6921 -2.34952
28.6936 -2.38223
28.6951 -2.41472
28.6966 -2.44701
28.6981 -2.47909
28.6996 -2.51097
28.7011 -2.54265
28.7026 -2.57412
28.7041 -2.60539
28.7056 -2.63646
28.7071 -2.66732
28.7086 -2.69798
28.7101 -2.72845
28.7116 -2.75871
28.7131 -2.78877
28.7146 -2.81863
28.7161 -2.8483
28.7176 -2.87777
28.7191 -2.90704
28.7206 -2.93611
28.7221 -2.96498
28.7236 -2.99367
28.7251 -3.02215
28.7266 -3.05044
28.7281 -3.07854
28.7296 -3.10644
28.7311 -3.13415
28.7326 -3.16167
28.7341 -3.189
28.7356 -3.21614
28.7371 -3.24308
28.7386 -3.26984
28.7401 -3.2964
28.7416 -3.32278
28.7431 -3.34897
28.7446 -3.37497
28.7461 -3.40078
28.7476 -3.42641
28.7491 -3.45185
28.7506 -3.4771
28.7521 -3.50217
28.7536 -3.52706
28.7551 -3.55176
28.7566 -3.57628
28.7581 -3.60061
28.7596 -3.62476
28.7611 -3.64873
28.7626 -3.67252
28.7641 -3.69613
28.7656 -3.71956
28.7671 -3.74281
28.7686 -3.76588
28.7701 -3.78877
28.7716 -3.81148
28.7731 -3.83402
28.7746 -3.85638
28.7761 -3.87856
28.7776 -3.90057
28.7791 -3.9224
28.7806 -3.94406
28.7821 -3.96554
28.7836 -3.98685
28.7851 -4.00798
28.7866 -4.02895
28.7881 -4.04974
28.7896 -4.07036
28.7911 -4.09081
28.7926 -4.11108
28.7941 -4.13119
28.7956 -4.15113
28.7971 -4.1709
28.7986 -4.1905
28.8002 -4.20994
28.8017 -4.2292
28.8032 -4.2483
28.8047 -4.26724
28.8062 -4.28601
28.8077 -4.30461
28.8092 -4.32305
28.8107 -4.34132
28.8122 -4.35943
28.8137 -4.37738
28.8152 -4.39516
28.8167 -4.41279
28.8182 -4.43025
28.8197 -4.44755
28.8212 -4.46469
28.8227 -4.48167
28.8242 -4.49849
28.8257 -4.51515
28.8272 -4.53165
28.8287 -4.548
28.8302 -4.56419
28.8317 -4.58022
28.8332 -4.59609
28.8347 -4.61181
28.8362 -4.62738
28.8377 -4.64279
28.8392 -4.65804
28.8407 -4.67314
28.8422 -4.68809
28.8437 -4.70289
28.8452 -4.71753
28.8467 -4.73202
28.8482 -4.74636
28.8497 -4.76055
28.8512 -4.77459
28.8527 -4.78848
28.8542 -4.80222
28.8557 -4.81581
28.8572 -4.82925
28.8587 -4.84255
28.8602 -4.8557
28.8617 -4.8687
28.8632 -4.88156
28.8647 -4.89427
28.8662 -4.90683
28.8677 -4.91925
28.8692 -4.93153
28.8707 -4.94366
28.8722 -4.95565
28.8737 -4.9675
28.8752 -4.9792
28.8767 -4.99077
28.8782 -5.00219
28.8797 -5.01347
28.8812 -5.02461
28.8827 -5.03561
28.8842 -5.04647
28.8857 -5.0572
28.8872 -5.06778
28.8887 -5.07823
28.8902 -5.08854
28.8917 -5.09872
28.8932 -5.10875
28.8947 -5.11865
28.8962 -5.12842
28.8977 -5.13805
28.8992 -5.14755
28.9007 -5.15691
28.9022 -5.16614
28.9037 -5.17524
28.9052 -5.18421
28.9067 -5.19304
28.9082 -5.20174
28.9097 -5.21031
28.9112 -5.21875
28.9127 -5.22706
28.9142 -5.23524
28.9157 -5.2433
28.9172 -5.25122
28.9187 -5.25901
28.9202 -5.26668
28.9217 -5.27422
28.9232 -5.28164
28.9247 -5.28893
28.9262 -5.29609
28.9277 -5.30313
28.9292 -5.31004
28.9307 -5.31683
28.9322 -5.32349
28.9337 -5.33003
28.9352 -5.33645
28.9367 -5.34275
28.9382 -5.34892
28.9397 -5.35497
28.9412 -5.3609
28.9427 -5.36672
28.9442 -5.37241
28.9457 -5.37798
28.9472 -5.38343
28.9487 -5.38877
28.9502 -5.39398
28.9517 -5.39908
28.9532 -5.40406
28.9547 -5.40892
28.9562 -5.41367
28.9577 -5.4183
28.9592 -5.42282
28.9607 -5.42722
28.9622 -5.43151
28.9637 -5.43568
28.9652 -5.43974
28.9667 -5.44369
28.9682 -5.44752
28.9697 -5.45124
28.9712 -5.45485
28.9727 -5.45835
28.9742 -5.46174
28.9757 -5.46502
28.9772 -5.46819
28.9787 -5.47124
28.9802 -5.47419
28.9817 -5.47703
28.9832 -5.47976
28.9847 -5.48239
28.9862 -5.48491
28.9877 -5.48732
28.9892 -5.48962
28.9907 -5.49182
28.9922 -5.49391
28.9937 -5.4959
28.9952 -5.49778
28.9967 -5.49956
28.9982 -5.50124
28.9997 -5.50281
29.0013 -5.50428
29.0028 -5.50565
29.0043 -5.50691
29.0058 -5.50808
29.0073 -5.50914
29.0088 -5.5101
29.0103 -5.51096
29.0118 -5.51173
29.0133 -5.51239
29.0148 -5.51295
29.0163 -5.51342
29.0178 -5.51379
29.0193 -5.51406
29.0208 -5.51423
29.0223 -5.51431
29.0238 -5.51429
29.0253 -5.51417
29.0268 -5.51396
29.0283 -5.51365
29.0298 -5.51325
29.0313 -5.51276
29.0328 -5.51217
29.0343 -5.51149
29.0358 -5.51071
29.0373 -5.50985
29.0388 -5.50889
29.0403 -5.50784
29.0418 -5.50669
29.0433 -5.50546
29.0448 -5.50414
29.0463 -5.50273
29.0478 -5.50123
29.0493 -5.49963
29.0508 -5.49796
29.0523 -5.49619
29.0538 -5.49433
29.0553 -5.49239
29.0568 -5.49036
29.0583 -5.48824
29.0598 -5.48604
29.0613 -5.48375
29.0628 -5.48138
29.0643 -5.47892
29.0658 -5.47638
29.0673 -5.47375
29.0688 -5.47104
29.0703 -5.46825
29.0718 -5.46537
29.0733 -5.46241
29.0748 -5.45937
29.0763 -5.45625
29.0778 -5.45305
29.0793 -5.44976
29.0808 -5.4464
29.0823 -5.44295
29.0838 -5.43943
29.0853 -5.43583
29.0868 -5.43215
29.0883 -5.42839
29.0898 -5.42455
29.0913 -5.42063
29.0928 -5.41664
29.0943 -5.41257
29.0958 -5.40842
29.0973 -5.4042
29.0988 -5.3999
29.1003 -5.39553
29.1018 -5.39108
29.1033 -5.38656
29.1048 -5.38197
29.1063 -5.3773
29.1078 -5.37256
29.1093 -5.36774
29.1108 -5.36285
29.1123 -5.35789
29.1138 -5.35286
29.1153 -5.34776
29.1168 -5.34259
29.1183 -5.33735
29.1198 -5.33203
29.1213 -5.32665
29.1228 -5.3212
29.1243 -5.31568
29.1258 -5.31009
29.1273 -5.30443
29.1288 -5.2987
29.1303 -5.29291
29.1318 -5.28705
29.1333 -5.28112
29.1348 -5.27513
29.1363 -5.26907
29.1378 -5.26295
29.1393 -5.25676
29.1408 -5.25051
29.1423 -5.24419
29.1438 -5.23781
29.1453 -5.23136
29.1468 -5.22486
29.1483 -5.21828
29.1498 -5.21165
29.1513 -5.20496
29.1528 -5.1982
29.1543 -5.19138
29.1558 -5.1845
29.1573 -5.17756
29.1588 -5.17056
29.1603 -5.1635
29.1618 -5.15638
29.1633 -5.14921
29.1648 -5.14197
29.1663 -5.13467
29.1678 -5.12732
29.1693 -5.11991
29.1708 -5.11244
29.1723 -5.10492
29.1738 -5.09734
29.1753 -5.0897
29.1768 -5.08201
29.1783 -5.07426
29.1798 -5.06646
29.1813 -5.0586
29.1828 -5.05068
29.1843 -5.04272
29.1858 -5.0347
29.1873 -5.02663
29.1888 -5.0185
29.1903 -5.01032
29.1918 -5.00209
29.1933 -4.99381
29.1948 -4.98548
29.1963 -4.97709
29.1978 -4.96866
29.1993 -4.96017
29.2009 -4.95163
29.2024 -4.94305
29.2039 -4.93441
29.2054 -4.92573
29.2069 -4.917
29.2084 -4.90822
29.2099 -4.89939
29.2114 -4.89051
29.2129 -4.88159
29.2144 -4.87262
29.2159 -4.8636
29.2174 -4.85454
29.2189 -4.84543
29.2204 -4.83628
29.2219 -4.82708
29.2234 -4.81783
29.2249 -4.80855
29.2264 -4.79921
29.2279 -4.78984
29.2294 -4.78042
29.2309 -4.77095
29.2324 -4.76145
29.2339 -4.7519
29.2354 -4.74231
29.2369 -4.73268
29.2384 -4.723
29.2399 -4.71329
29.2414 -4.70354
29.2429 -4.69374
29.2444 -4.6839
29.2459 -4.67403
29.2474 -4.66412
29.2489 -4.65416
29.2504 -4.64417
29.2519 -4.63414
29.2534 -4.62407
29.2549 -4.61396
29.2564 -4.60382
29.2579 -4.59364
29.2594 -4.58342
29.2609 -4.57317
29.2624 -4.56288
29.2639 -4.55255
29.2654 -4.54219
29.2669 -4.53179
29.2684 -4.52136
29.2699 -4.51089
29.2714 -4.50039
29.2729 -4.48986
29.2744 -4.47929
29.2759 -4.46869
29.2774 -4.45806
29.2789 -4.44739
29.2804 -4.43669
29.2819 -4.42596
29.2834 -4.4152
29.2849 -4.40441
29.2864 -4.39358
29.2879 -4.38273
29.2894 -4.37184
29.2909 -4.36093
29.2924 -4.34998
29.2939 -4.33901
29.2954 -4.32801
29.2969 -4.31697
29.2984 -4.30591
29.2999 -4.29483
29.3014 -4.28371
29.3029 -4.27256
29.3044 -4.26139
29.3059 -4.25019
29.3074 -4.23897
29.3089 -4.22772
29.3104 -4.21644
29.3119 -4.20514
29.3134 -4.19381
29.3149 -4.18246
29.3164 -4.17108
29.3179 -4.15967
29.3194 -4.14825
29.3209 -4.1368
29.3224 -4.12532
29.3239 -4.11382
29.3254 -4.1023
29.3269 -4.09076
29.3284 -4.07919
29.3299 -4.06761
29.3314 -4.056
29.3329 -4.04436
29.3344 -4.03271
29.3359 -4.02104
29.3374 -4.00934
29.3389 -3.99763
29.3404 -3.9859
29.3419 -3.97414
29.3434 -3.96237
29.3449 -3.95057
29.3464 -3.93876
29.3479 -3.92693
29.3494 -3.91508
29.3509 -3.90322
29.3524 -3.89133
29.3539 -3.87943
29.3554 -3.86751
29.3569 -3.85557
29.3584 -3.84362
29.3599 -3.83165
29.3614 -3.81967
29.3629 -3.80767
29.3644 -3.79565
29.3659 -3.78362
29.3674 -3.77157
29.3689 -3.75951
29.3704 -3.74744
29.3719 -3.73535
29.3734 -3.72324
29.3749 -3.71113
29.3764 -3.699
29.3779 -3.68685
29.3794 -3.6747
29.3809 -3.66253
29.3824 -3.65035
29.3839 -3.63816
29.3854 -3.62595
29.3869 -3.61374
29.3884 -3.60151
29.3899 -3.58927
29.3914 -3.57702
29.3929 -3.56477
29.3944 -3.5525
29.3959 -3.54022
29.3974 -3.52793
29.3989 -3.51564
29.4005 -3.50333
29.402 -3.49102
29.4035 -3.4787
29.405 -3.46637
29.4065 -3.45403
29.408 -3.44168
29.4095 -3.42933
29.411 -3.41697
29.4125 -3.4046
29.414 -3.39223
29.4155 -3.37985
29.417 -3.36746
29.4185 -3.35507
29.42 -3.34267
29.4215 -3.33027
29.423 -3.31786
29.4245 -3.30545
29.426 -3.29303
29.4275 -3.28061
29.429 -3.26818
29.4305 -3.25576
29.432 -3.24332
29.4335 -3.23089
29.435 -3.21845
29.4365 -3.20601
29.438 -3.19356
29.4395 -3.18111
29.441 -3.16867
29.4425 -3.15622
29.444 -3.14376
29.4455 -3.13131
29.447 -3.11886
29.4485 -3.1064
29.45 -3.09395
29.4515 -3.08149
29.453 -3.06903
29.4545 -3.05658
29.456 -3.04412
29.4575 -3.03167
29.459 -3.01922
29.4605 -3.00676
29.462 -2.99431
29.4635 -2.98186
29.465 -2.96941
29.4665 -2.95697
29.468 -2.94453
29.4695 -2.93208
29.471 -2.91965
29.4725 -2.90721
29.474 -2.89478
29.4755 -2.88235
29.477 -2.86993
29.4785 -2.85751
29.48 -2.84509
29.4815 -2.83268
29.483 -2.82027
29.4845 -2.80787
29.486 -2.79547
29.4875 -2.78308
29.489 -2.77069
29.4905 -2.75831
29.492 -2.74594
29.4935 -2.73357
29.495 -2.72121
29.4965 -2.70885
29.498 -2.6965
29.4995 -2.68416
29.501 -2.67183
29.5025 -2.6595
29.504 -2.64718
29.5055 -2.63487
29.507 -2.62257
29.5085 -2.61027
29.51 -2.59799
29.5115 -2.58571
29.513 -2.57344
29.5145 -2.56119
29.516 -2.54894
29.5175 -2.5367
29.519 -2.52447
29.5205 -2.51225
29.522 -2.50004
29.5235 -2.48784
29.525 -2.47566
29.5265 -2.46348
29.528 -2.45132
29.5295 -2.43916
29.531 -2.42702
29.5325 -2.41489
29.534 -2.40277
29.5355 -2.39067
29.537 -2.37857
29.5385 -2.36649
29.54 -2.35442
29.5415 -2.34237
29.543 -2.33033
29.5445 -2.3183
29.546 -2.30628
29.5475 -2.29428
29.549 -2.2823
29.5505 -2.27032
29.552 -2.25836
29.5535 -2.24642
29.555 -2.23449
29.5565 -2.22258
29.558 -2.21068
29.5595 -2.1988
29.561 -2.18693
29.5625 -2.17508
29.564 -2.16324
29.5655 -2.15142
29.567 -2.13962
29.5685 -2.12784
29.57 -2.11607
29.5715 -2.10431
29.573 -2.09258
29.5745 -2.08086
29.576 -2.06916
29.5775 -2.05748
29.579 -2.04581
29.5805 -2.03417
29.582 -2.02254
29.5835 -2.01093
29.585 -1.99934
29.5865 -1.98776
29.588 -1.97621
29.5895 -1.96468
29.591 -1.95316
29.5925 -1.94167
29.594 -1.93019
29.5955 -1.91873
29.597 -1.9073
29.5985 -1.89588
29.6001 -1.88449
29.6016 -1.87311
29.6031 -1.86176
29.6046 -1.85043
29.6061 -1.83912
29.6076 -1.82783
29.6091 -1.81656
29.6106 -1.80531
29.6121 -1.79409
29.6136 -1.78288
29.6151 -1.7717
29.6166 -1.76055
29.6181 -1.74941
29.6196 -1.7383
29.6211 -1.72721
29.6226 -1.71614
29.6241 -1.70509
29.6256 -1.69407
29.6271 -1.68308
29.6286 -1.6721
29.6301 -1.66115
29.6316 -1.65023
29.6331 -1.63933
29.6346 -1.62845
29.6361 -1.6176
29.6376 -1.60677
29.6391 -1.59597
29.6406 -1.58519
29.6421 -1.57443
29.6436 -1.56371
29.6451 -1.553
29.6466 -1.54233
29.6481 -1.53168
29.6496 -1.52105
29.6511 -1.51045
29.6526 -1.49988
29.6541 -1.48933
29.6556 -1.47881
29.6571 -1.46832
29.6586 -1.45786
29.6601 -1.44742
29.6616 -1.437
29.6631 -1.42662
29.6646 -1.41626
29.6661 -1.40593
29.6676 -1.39563
29.6691 -1.38536
29.6706 -1.37511
29.6721 -1.36489
29.6736 -1.3547
29.6751 -1.34454
29.6766 -1.33441
29.6781 -1.32431
29.6796 -1.31423
29.6811 -1.30419
29.6826 -1.29417
29.6841 -1.28418
29.6856 -1.27423
29.6871 -1.2643
29.6886 -1.2544
29.6901 -1.24453
29.6916 -1.23469
29.6931 -1.22488
29.6946 -1.21511
29.6961 -1.20536
29.6976 -1.19564
29.6991 -1.18595
29.7006 -1.1763
29.7021 -1.16667
29.7036 -1.15708
29.7051 -1.14752
29.7066 -1.13799
29.7081 -1.12849
29.7096 -1.11902
29.7111 -1.10958
29.7126 -1.10018
29.7141 -1.09081
29.7156 -1.08147
29.7171 -1.07216
29.7186 -1.06288
29.7201 -1.05364
29.7216 -1.04443
29.7231 -1.03525
29.7246 -1.02611
29.7261 -1.017
29.7276 -1.00792
29.7291 -0.998871
29.7306 -0.989858
29.7321 -0.98088
29.7336 -0.971934
29.7351 -0.963023
29.7366 -0.954145
29.7381 -0.945301
29.7396 -0.936491
29.7411 -0.927716
29.7426 -0.918974
29.7441 -0.910267
29.7456 -0.901595
29.7471 -0.892957
29.7486 -0.884354
29.7501 -0.875786
29.7516 -0.867252
29.7531 -0.858754
29.7546 -0.850291
29.7561 -0.841863
29.7576 -0.833471
29.7591 -0.825114
29.7606 -0.816792
29.7621 -0.808507
29.7636 -0.800257
29.7651 -0.792043
29.7666 -0.783865
29.7681 -0.775723
29.7696 -0.767617
29.7711 -0.759548
29.7726 -0.751515
29.7741 -0.743519
29.7756 -0.735559
29.7771 -0.727636
29.7786 -0.71975
29.7801 -0.711901
29.7816 -0.704088
29.7831 -0.696313
29.7846 -0.688575
29.7861 -0.680875
29.7876 -0.673212
29.7891 -0.665586
29.7906 -0.657998
29.7921 -0.650447
29.7936 -0.642934
29.7951 -0.63546
29.7966 -0.628023
29.7981 -0.620624
29.7996 -0.613263
29.8012 -0.605941
29.8027 -0.598657
29.8042 -0.591411
29.8057 -0.584203
29.8072 -0.577035
29.8087 -0.569905
29.8102 -0.562813
29.8117 -0.555761
29.8132 -0.548747
29.8147 -0.541772
29.8162 -0.534837
29.8177 -0.52794
29.8192 -0.521083
29.8207 -0.514265
29.8222 -0.507487
29.8237 -0.500748
29.8252 -0.494049
29.8267 -0.487389
29.8282 -0.480769
29.8297 -0.474188
29.8312 -0.467648
29.8327 -0.461147
29.8342 -0.454687
29.8357 -0.448266
29.8372 -0.441886
29.8387 -0.435546
29.8402 -0.429246
29.8417 -0.422986
29.8432 -0.416767
29.8447 -0.410589
29.8462 -0.404451
29.8477 -0.398353
29.8492 -0.392297
29.8507 -0.386281
29.8522 -0.380306
29.8537 -0.374372
29.8552 -0.368479
29.8567 -0.362627
29.8582 -0.356816
29.8597 -0.351046
29.8612 -0.345317
29.8627 -0.33963
29.8642 -0.333984
29.8657 -0.328379
29.8672 -0.322816
29.8687 -0.317295
29.8702 -0.311815
29.8717 -0.306376
29.8732 -0.300979
29.8747 -0.295625
29.8762 -0.290311
29.8777 -0.28504
29.8792 -0.279811
29.8807 -0.274623
29.8822 -0.269478
29.8837 -0.264375
29.8852 -0.259314
29.8867 -0.254295
29.8882 -0.249318
29.8897 -0.244384
29.8912 -0.239491
29.8927 -0.234642
29.8942 -0.229834
29.8957 -0.22507
29.8972 -0.220347
29.8987 -0.215667
29.9002 -0.21103
29.9017 -0.206436
29.9032 -0.201884
29.9047 -0.197375
29.9062 -0.192908
29.9077 -0.188485
29.9092 -0.184104
29.9107 -0.179767
29.9122 -0.175472
29.9137 -0.17122
29.9152 -0.167011
29.9167 -0.162846
29.9182 -0.158723
29.9197 -0.154643
29.9212 -0.150607
29.9227 -0.146614
29.9242 -0.142664
29.9257 -0.138758
29.9272 -0.134894
29.9287 -0.131074
29.9302 -0.127298
29.9317 -0.123564
29.9332 -0.119875
29.9347 -0.116228
29.9362 -0.112625
29.9377 -0.109066
29.9392 -0.10555
29.9407 -0.102078
29.9422 -0.0986496
29.9437 -0.0952646
29.9452 -0.0919233
29.9467 -0.0886256
29.9482 -0.0853716
29.9497 -0.0821614
29.9512 -0.0789949
29.9527 -0.0758722
29.9542 -0.0727932
29.9557 -0.0697581
29.9572 -0.0667667
29.9587 -0.0638193
29.9602 -0.0609157
29.9617 -0.0580559
29.9632 -0.0552401
29.9647 -0.0524682
29.9662 -0.0497402
29.9677 -0.0470562
29.9692 -0.0444161
29.9707 -0.04182
29.9722 -0.0392679
29.9737 -0.0367598
29.9752 -0.0342957
29.9767 -0.0318756
29.9782 -0.0294995
29.9797 -0.0271675
29.9812 -0.0248796
29.9827 -0.0226357
29.9842 -0.0204359
29.9857 -0.0182802
29.9872 -0.0161685
29.9887 -0.0141009
29.9902 -0.0120775
29.9917 -0.0100981
29.9932 -0.00816284
29.9947 -0.00627168
29.9962 -0.00442463
29.9977 -0.00262169
29.9992 -0.000862869
30.0008 0.000851841
30.0023 0.00252244
30.0038 0.00414892
30.0053 0.00573129
30.0068 0.00726956
30.0083 0.00876371
30.0098 0.0102138
30.0113 0.0116197
30.0128 0.0129816
30.0143 0.0142993
30.0158 0.015573
30.0173 0.0168026
30.0188 0.0179882
30.0203 0.0191296
30.0218 0.0202271
30.0233 0.0212804
30.0248 0.0222898
30.0263 0.0232551
30.0278 0.0241764
30.0293 0.0250537
30.0308 0.025887
30.0323 0.0266764
30.0338 0.0274218
30.0353 0.0281232
30.0368 0.0287807
30.0383 0.0293943
30.0398 0.029964
30.0413 0.0304898
30.0428 0.0309717
30.0443 0.0314098
30.0458 0.0318041
30.0473 0.0321546
30.0488 0.0324613
30.0503 0.0327242
30.0518 0.0329434
30.0533 0.0331188
30.0548 0.0332506
30.0563 0.0333387
30.0578 0.0333831
30.0593 0.0333839
30.0608 0.0333412
30.0623 0.0332548
30.0638 0.0331249
30.0653 0.0329515
30.0668 0.0327346
30.0683 0.0324742
30.0698 0.0321704
30.0713 0.0318233
30.0728 0.0314327
30.0743 0.0309988
30.0758 0.0305216
30.0773 0.0300011
30.0788 0.0294374
30.0803 0.0288305
30.0818 0.0281805
30.0833 0.0274873
30.0848 0.026751
30.0863 0.0259716
30.0878 0.0251492
30.0893 0.0242839
30.0908 0.0233756
30.0923 0.0224244
30.0938 0.0214303
30.0953 0.0203934
30.0968 0.0193138
30.0983 0.0181914
30.0998 0.0170263
30.1013 0.0158185
30.1028 0.0145681
30.1043 0.0132752
30.1058 0.0119398
30.1073 0.0105619
30.1088 0.00914155
30.1103 0.00767884
30.1118 0.00617381
30.1133 0.0046265
30.1148 0.00303696
30.1163 0.00140524
30.1178 -0.000268607
30.1193 -0.00198453
30.1208 -0.00374247
30.1223 -0.00554239
30.1238 -0.00738422
30.1253 -0.00926792
30.1268 -0.0111934
30.1283 -0.0131607
30.1298 -0.0151696
30.1313 -0.0172202
30.1328 -0.0193124
30.1343 -0.0214461
30.1358 -0.0236212
30.1373 -0.0258378
30.1388 -0.0280957
30.1403 -0.0303949
30.1418 -0.0327353
30.1433 -0.0351169
30.1448 -0.0375396
30.1463 -0.0400033
30.1478 -0.042508
30.1493 -0.0450536
30.1508 -0.04764
30.1523 -0.0502672
30.1538 -0.0529351
30.1553 -0.0556436
30.1568 -0.0583927
30.1583 -0.0611824
30.1598 -0.0640124
30.1613 -0.0668828
30.1628 -0.0697935
30.1643 -0.0727445
30.1658 -0.0757355
30.1673 -0.0787667
30.1688 -0.0818378
30.1703 -0.0849489
30.1718 -0.0880998
30.1733 -0.0912906
30.1748 -0.094521
30.1763 -0.097791
30.1778 -0.101101
30.1793 -0.10445
30.1808 -0.107838
30.1823 -0.111266
30.1838 -0.114733
30.1853 -0.118239
30.1868 -0.121784
30.1883 -0.125368
30.1898 -0.128992
30.1913 -0.132653
30.1928 -0.136354
30.1943 -0.140093
30.1958 -0.143871
30.1973 -0.147688
30.1988 -0.151542
30.2004 -0.155436
30.2019 -0.159367
30.2034 -0.163336
30.2049 -0.167344
30.2064 -0.171389
30.2079 -0.175472
30.2094 -0.179593
30.2109 -0.183752
30.2124 -0.187948
30.2139 -0.192182
30.2154 -0.196453
30.2169 -0.200762
30.2184 -0.205108
30.2199 -0.209491
30.2214 -0.21391
30.2229 -0.218367
30.2244 -0.222861
30.2259 -0.227391
30.2274 -0.231958
30.2289 -0.236561
30.2304 -0.241201
30.2319 -0.245877
30.2334 -0.25059
30.2349 -0.255338
30.2364 -0.260123
30.2379 -0.264943
30.2394 -0.2698
30.2409 -0.274692
30.2424 -0.279619
30.2439 -0.284582
30.2454 -0.289581
30.2469 -0.294614
30.2484 -0.299683
30.2499 -0.304787
30.2514 -0.309926
30.2529 -0.3151
30.2544 -0.320308
30.2559 -0.325551
30.2574 -0.330829
30.2589 -0.336141
30.2604 -0.341487
30.2619 -0.346867
30.2634 -0.352282
30.2649 -0.35773
30.2664 -0.363212
30.2679 -0.368728
30.2694 -0.374277
30.2709 -0.37986
30.2724 -0.385476
30.2739 -0.391126
30.2754 -0.396808
30.2769 -0.402524
30.2784 -0.408272
30.2799 -0.414053
30.2814 -0.419867
30.2829 -0.425713
30.2844 -0.431592
30.2859 -0.437503
30.2874 -0.443445
30.2889 -0.44942
30.2904 -0.455427
30.2919 -0.461466
30.2934 -0.467536
30.2949 -0.473637
30.2964 -0.47977
30.2979 -0.485934
30.2994 -0.49213
30.3009 -0.498356
30.3024 -0.504613
30.3039 -0.5109
30.3054 -0.517219
30.3069 -0.523567
30.3084 -0.529946
30.3099 -0.536355
30.3114 -0.542794
30.3129 -0.549263
30.3144 -0.555762
30.3159 -0.56229
30.3174 -0.568848
30.3189 -0.575435
30.3204 -0.582051
30.3219 -0.588697
30.3234 -0.595371
30.3249 -0.602074
30.3264 -0.608805
30.3279 -0.615565
30.3294 -0.622354
30.3309 -0.62917
30.3324 -0.636015
30.3339 -0.642887
30.3354 -0.649787
30.3369 -0.656715
30.3384 -0.66367
30.3399 -0.670653
30.3414 -0.677663
30.3429 -0.684699
30.3444 -0.691763
30.3459 -0.698853
30.3474 -0.70597
30.3489 -0.713113
30.3504 -0.720282
30.3519 -0.727478
30.3534 -0.734699
30.3549 -0.741946
30.3564 -0.749219
30.3579 -0.756517
30.3594 -0.763841
30.3609 -0.77119
30.3624 -0.778563
30.3639 -0.785962
30.3654 -0.793385
30.3669 -0.800833
30.3684 -0.808305
30.3699 -0.815801
30.3714 -0.823321
30.3729 -0.830865
30.3744 -0.838433
30.3759 -0.846025
30.3774 -0.853639
30.3789 -0.861277
30.3804 -0.868938
30.3819 -0.876622
30.3834 -0.884328
30.3849 -0.892057
30.3864 -0.899808
30.3879 -0.907582
30.3894 -0.915378
30.3909 -0.923195
30.3924 -0.931034
30.3939 -0.938895
30.3954 -0.946776
30.3969 -0.954679
30.3984 -0.962603
30.3999 -0.970548
30.4015 -0.978514
30.403 -0.9865
30.4045 -0.994506
30.406 -1.00253
30.4075 -1.01058
30.409 -1.01864
30.4105 -1.02673
30.412 -1.03483
30.4135 -1.04296
30.415 -1.0511
30.4165 -1.05926
30.418 -1.06744
30.4195 -1.07564
30.421 -1.08386
30.4225 -1.0921
30.424 -1.10035
30.4255 -1.10862
30.427 -1.11691
30.4285 -1.12521
30.43 -1.13354
30.4315 -1.14188
30.433 -1.15023
30.4345 -1.15861
30.436 -1.167
30.4375 -1.1754
30.439 -1.18383
30.4405 -1.19226
30.442 -1.20072
30.4435 -1.20919
30.445 -1.21767
30.4465 -1.22617
30.448 -1.23468
30.4495 -1.24321
30.451 -1.25175
30.4525 -1.26031
30.454 -1.26888
30.4555 -1.27747
30.457 -1.28607
30.4585 -1.29468
30.46 -1.30331
30.4615 -1.31194
30.463 -1.3206
30.4645 -1.32926
30.466 -1.33794
30.4675 -1.34662
30.469 -1.35533
30.4705 -1.36404
30.472 -1.37276
30.4735 -1.3815
30.475 -1.39024
30.4765 -1.399
30.478 -1.40777
30.4795 -1.41655
30.481 -1.42534
30.4825 -1.43414
30.484 -1.44295
30.4855 -1.45177
30.487 -1.4606
30.4885 -1.46944
30.49 -1.47828
30.4915 -1.48714
30.493 -1.496
30.4945 -1.50488
30.496 -1.51376
30.4975 -1.52265
30.499 -1.53154
30.5005 -1.54045
30.502 -1.54936
30.5035 -1.55828
30.505 -1.56721
30.5065 -1.57614
30.508 -1.58508
30.5095 -1.59402
30.511 -1.60297
30.5125 -1.61193
30.514 -1.62089
30.5155 -1.62986
30.517 -1.63884
30.5185 -1.64781
30.52 -1.6568
30.5215 -1.66578
30.523 -1.67477
30.5245 -1.68377
30.526 -1.69277
30.5275 -1.70177
30.529 -1.71078
30.5305 -1.71978
30.532 -1.7288
30.5335 -1.73781
30.535 -1.74683
30.5365 -1.75584
30.538 -1.76486
30.5395 -1.77389
30.541 -1.78291
30.5425 -1.79193
30.544 -1.80096
30.5455 -1.80998
30.547 -1.81901
30.5485 -1.82804
30.55 -1.83706
30.5515 -1.84609
30.553 -1.85512
30.5545 -1.86414
30.556 -1.87316
30.5575 -1.88219
30.559 -1.89121
30.5605 -1.90023
30.562 -1.90924
30.5635 -1.91826
30.565 -1.92727
30.5665 -1.93628
30.568 -1.94529
30.5695 -1.95429
30.571 -1.96329
30.5725 -1.97229
30.574 -1.98128
30.5755 -1.99027
30.577 -1.99925
30.5785 -2.00823
30.58 -2.0172
30.5815 -2.02617
30.583 -2.03513
30.5845 -2.04409
30.586 -2.05304
30.5875 -2.06198
30.589 -2.07092
30.5905 -2.07985
30.592 -2.08878
30.5935 -2.09769
30.595 -2.1066
30.5965 -2.1155
30.598 -2.12439
30.5995 -2.13328
30.6011 -2.14215
30.6026 -2.15102
30.6041 -2.15988
30.6056 -2.16873
30.6071 -2.17757
30.6086 -2.18639
30.6101 -2.19521
30.6116 -2.20402
30.6131 -2.21282
30.6146 -2.2216
30.6161 -2.23038
30.6176 -2.23914
30.6191 -2.24789
30.6206 -2.25663
30.6221 -2.26536
30.6236 -2.27407
30.6251 -2.28277
30.6266 -2.29146
30.6281 -2.30013
30.6296 -2.30879
30.6311 -2.31744
30.6326 -2.32607
30.6341 -2.33469
30.6356 -2.34329
30.6371 -2.35188
30.6386 -2.36045
30.6401 -2.369
30.6416 -2.37754
30.6431 -2.38607
30.6446 -2.39457
30.6461 -2.40306
30.6476 -2.41154
30.6491 -2.41999
30.6506 -2.42843
30.6521 -2.43685
30.6536 -2.44525
30.6551 -2.45363
30.6566 -2.462
30.6581 -2.47034
30.6596 -2.47866
30.6611 -2.48697
30.6626 -2.49526
30.6641 -2.50352
30.6656 -2.51176
30.6671 -2.51999
30.6686 -2.52819
30.6701 -2.53637
30.6716 -2.54453
30.6731 -2.55266
30.6746 -2.56078
30.6761 -2.56887
30.6776 -2.57694
30.6791 -2.58498
30.6806 -2.59301
30.6821 -2.601
30.6836 -2.60898
30.6851 -2.61693
30.6866 -2.62485
30.6881 -2.63275
30.6896 -2.64062
30.6911 -2.64847
30.6926 -2.65629
30.6941 -2.66409
30.6956 -2.67186
30.6971 -2.6796
30.6986 -2.68731
30.7001 -2.695
30.7016 -2.70266
30.7031 -2.71029
30.7046 -2.71789
30.7061 -2.72547
30.7076 -2.73301
30.7091 -2.74053
30.7106 -2.74801
30.7121 -2.75547
30.7136 -2.76289
30.7151 -2.77029
30.7166 -2.77765
30.7181 -2.78499
30.7196 -2.79229
30.7211 -2.79956
30.7226 -2.80679
30.7241 -2.814
30.7256 -2.82117
30.7271 -2.82831
30.7286 -2.83541
30.7301 -2.84248
30.7316 -2.84952
30.7331 -2.85652
30.7346 -2.86349
30.7361 -2.87042
30.7376 -2.87732
30.7391 -2.88418
30.7406 -2.891
30.7421 -2.89779
30.7436 -2.90454
30.7451 -2.91126
30.7466 -2.91793
30.7481 -2.92457
30.7496 -2.93117
30.7511 -2.93774
30.7526 -2.94426
30.7541 -2.95075
30.7556 -2.95719
30.7571 -2.9636
30.7586 -2.96996
30.7601 -2.97629
30.7616 -2.98257
30.7631 -2.98882
30.7646 -2.99502
30.7661 -3.00118
30.7676 -3.0073
30.7691 -3.01338
30.7706 -3.01941
30.7721 -3.0254
30.7736 -3.03135
30.7751 -3.03725
30.7766 -3.04311
30.7781 -3.04892
30.7796 -3.05469
30.7811 -3.06042
30.7826 -3.0661
30.7841 -3.07173
30.7856 -3.07732
30.7871 -3.08286
30.7886 -3.08835
30.7901 -3.0938
30.7916 -3.0992
30.7931 -3.10455
30.7946 -3.10985
30.7961 -3.11511
30.7976 -3.12031
30.7991 -3.12547
30.8007 -3.13057
30.8022 -3.13563
30.8037 -3.14064
30.8052 -3.14559
30.8067 -3.1505
30.8082 -3.15535
30.8097 -3.16015
30.8112 -3.1649
30.8127 -3.16959
30.8142 -3.17424
30.8157 -3.17883
30.8172 -3.18337
30.8187 -3.18785
30.8202 -3.19228
30.8217 -3.19665
30.8232 -3.20097
30.8247 -3.20523
30.8262 -3.20944
30.8277 -3.21359
30.8292 -3.21769
30.8307 -3.22173
30.8322 -3.22571
30.8337 -3.22963
30.8352 -3.2335
30.8367 -3.2373
30.8382 -3.24105
30.8397 -3.24474
30.8412 -3.24837
30.8427 -3.25194
30.8442 -3.25545
30.8457 -3.2589
30.8472 -3.26229
30.8487 -3.26562
30.8502 -3.26888
30.8517 -3.27209
30.8532 -3.27523
30.8547 -3.27831
30.8562 -3.28132
30.8577 -3.28428
30.8592 -3.28716
30.8607 -3.28999
30.8622 -3.29275
30.8637 -3.29544
30.8652 -3.29807
30.8667 -3.30063
30.8682 -3.30313
30.8697 -3.30556
30.8712 -3.30792
30.8727 -3.31022
30.8742 -3.31245
30.8757 -3.31461
30.8772 -3.3167
30.8787 -3.31872
30.8802 -3.32068
30.8817 -3.32256
30.8832 -3.32437
30.8847 -3.32612
30.8862 -3.32779
30.8877 -3.32939
30.8892 -3.33092
30.8907 -3.33238
30.8922 -3.33377
30.8937 -3.33508
30.8952 -3.33632
30.8967 -3.33748
30.8982 -3.33858
30.8997 -3.33959
30.9012 -3.34054
30.9027 -3.34141
30.9042 -3.3422
30.9057 -3.34291
30.9072 -3.34355
30.9087 -3.34412
30.9102 -3.3446
30.9117 -3.34501
30.9132 -3.34534
30.9147 -3.3456
30.9162 -3.34577
30.9177 -3.34586
30.9192 -3.34588
30.9207 -3.34581
30.9222 -3.34567
30.9237 -3.34544
30.9252 -3.34514
30.9267 -3.34475
30.9282 -3.34428
30.9297 -3.34372
30.9312 -3.34309
30.9327 -3.34237
30.9342 -3.34156
30.9357 -3.34068
30.9372 -3.33971
30.9387 -3.33865
30.9402 -3.33751
30.9417 -3.33628
30.9432 -3.33497
30.9447 -3.33357
30.9462 -3.33208
30.9477 -3.33051
30.9492 -3.32885
30.9507 -3.3271
30.9522 -3.32526
30.9537 -3.32333
30.9552 -3.32131
30.9567 -3.31921
30.9582 -3.31701
30.9597 -3.31472
30.9612 -3.31234
30.9627 -3.30987
30.9642 -3.30731
30.9657 -3.30465
30.9672 -3.30191
30.9687 -3.29907
30.9702 -3.29613
30.9717 -3.2931
30.9732 -3.28998
30.9747 -3.28676
30.9762 -3.28345
30.9777 -3.28004
30.9792 -3.27653
30.9807 -3.27293
30.9822 -3.26923
30.9837 -3.26543
30.9852 -3.26154
30.9867 -3.25754
30.9882 -3.25345
30.9897 -3.24926
30.9912 -3.24497
30.9927 -3.24058
30.9942 -3.23608
30.9957 -3.23149
30.9972 -3.2268
30.9987 -3.222
31.0003 -3.2171
31.0018 -3.2121
31.0033 -3.20699
31.0048 -3.20179
31.0063 -3.19647
31.0078 -3.19106
31.0093 -3.18553
31.0108 -3.17991
31.0123 -3.17417
31.0138 -3.16833
31.0153 -3.16239
31.0168 -3.15633
31.0183 -3.15017
31.0198 -3.1439
31.0213 -3.13752
31.0228 -3.13103
31.0243 -3.12444
31.0258 -3.11773
31.0273 -3.11091
31.0288 -3.10399
31.0303 -3.09695
31.0318 -3.0898
31.0333 -3.08253
31.0348 -3.07516
31.0363 -3.06767
31.0378 -3.06007
31.0393 -3.05235
31.0408 -3.04452
31.0423 -3.03657
31.0438 -3.02851
31.0453 -3.02033
31.0468 -3.01204
31.0483 -3.00363
31.0498 -2.9951
31.0513 -2.98646
31.0528 -2.97769
31.0543 -2.96881
31.0558 -2.95981
31.0573 -2.95069
31.0588 -2.94145
31.0603 -2.93209
31.0618 -2.92261
31.0633 -2.913
31.0648 -2.90328
31.0663 -2.89343
31.0678 -2.88346
31.0693 -2.87336
31.0708 -2.86315
31.0723 -2.8528
31.0738 -2.84234
31.0753 -2.83175
31.0768 -2.82103
31.0783 -2.81018
31.0798 -2.79921
31.0813 -2.78812
31.0828 -2.77689
31.0843 -2.76554
31.0858 -2.75406
31.0873 -2.74245
31.0888 -2.73071
31.0903 -2.71884
31.0918 -2.70684
31.0933 -2.69471
31.0948 -2.68244
31.0963 -2.67005
31.0978 -2.65752
31.0993 -2.64486
31.1008 -2.63207
31.1023 -2.61914
31.1038 -2.60608
31.1053 -2.59289
31.1068 -2.57956
31.1083 -2.56609
31.1098 -2.55249
31.1113 -2.53875
31.1128 -2.52487
31.1143 -2.51085
31.1158 -2.4967
31.1173 -2.48241
31.1188 -2.46798
31.1203 -2.45341
31.1218 -2.4387
31.1233 -2.42385
31.1248 -2.40885
31.1263 -2.39372
31.1278 -2.37844
31.1293 -2.36302
31.1308 -2.34746
31.1323 -2.33175
31.1338 -2.3159
31.1353 -2.29991
31.1368 -2.28377
31.1383 -2.26749
31.1398 -2.25105
31.1413 -2.23448
31.1428 -2.21775
31.1443 -2.20088
31.1458 -2.18386
31.1473 -2.16669
31.1488 -2.14937
31.1503 -2.1319
31.1518 -2.11428
31.1533 -2.09651
31.1548 -2.07859
31.1563 -2.06052
31.1578 -2.04229
31.1593 -2.02391
31.1608 -2.00538
31.1623 -1.9867
31.1638 -1.96786
31.1653 -1.94887
31.1668 -1.92972
31.1683 -1.91041
31.1698 -1.89095
31.1713 -1.87134
31.1728 -1.85156
31.1743 -1.83163
31.1758 -1.81154
31.1773 -1.79129
31.1788 -1.77088
31.1803 -1.75031
31.1818 -1.72958
31.1833 -1.70869
31.1848 -1.68764
31.1863 -1.66642
31.1878 -1.64504
31.1893 -1.6235
31.1908 -1.6018
31.1923 -1.57993
31.1938 -1.5579
31.1953 -1.5357
31.1968 -1.51334
31.1983 -1.49081
31.1998 -1.46812
31.2014 -1.44525
31.2029 -1.42222
31.2044 -1.39902
31.2059 -1.37565
31.2074 -1.35212
31.2089 -1.32841
31.2104 -1.30453
31.2119 -1.28048
31.2134 -1.25626
31.2149 -1.23187
31.2164 -1.2073
31.2179 -1.18256
31.2194 -1.15765
31.2209 -1.13257
31.2224 -1.1073
31.2239 -1.08187
31.2254 -1.05626
31.2269 -1.03047
31.2284 -1.0045
31.2299 -0.97836
31.2314 -0.952039
31.2329 -0.92554
31.2344 -0.898861
31.2359 -0.872003
31.2374 -0.844965
31.2389 -0.817746
31.2404 -0.790346
31.2419 -0.762765
31.2434 -0.735
31.2449 -0.707053
31.2464 -0.678923
31.2479 -0.650609
31.2494 -0.62211
31.2509 -0.593426
31.2524 -0.564556
31.2539 -0.5355
31.2554 -0.506257
31.2569 -0.476828
31.2584 -0.44721
31.2599 -0.417404
31.2614 -0.387409
31.2629 -0.357224
31.2644 -0.326849
31.2659 -0.296284
31.2674 -0.265528
31.2689 -0.234579
31.2704 -0.203439
31.2719 -0.172106
31.2734 -0.140579
31.2749 -0.108858
31.2764 -0.0769429
31.2779 -0.0448326
31.2794 -0.0125266
31.2809 0.0199757
31.2824 0.0526747
31.2839 0.0855711
31.2854 0.118665
31.2869 0.151958
31.2884 0.18545
31.2899 0.219141
31.2914 0.253033
31.2929 0.287126
31.2944 0.321419
31.2959 0.355915
31.2974 0.390613
31.2989 0.425514
31.3004 0.460619
31.3019 0.495928
31.3034 0.531441
31.3049 0.56716
31.3064 0.603085
31.3079 0.639217
31.3094 0.675555
31.3109 0.712101
31.3124 0.748856
31.3139 0.785819
31.3154 0.822991
31.3169 0.860374
31.3184 0.897967
31.3199 0.935771
31.3214 0.973786
31.3229 1.01201
31.3244 1.05046
31.3259 1.08911
31.3274 1.12798
31.3289 1.16706
31.3304 1.20636
31.3319 1.24587
31.3334 1.2856
31.3349 1.32555
31.3364 1.36572
31.3379 1.4061
31.3394 1.4467
31.3409 1.48752
31.3424 1.52856
31.3439 1.56982
31.3454 1.61131
31.3469 1.65301
31.3484 1.69494
31.3499 1.73708
31.3514 1.77946
31.3529 1.82205
31.3544 1.86488
31.3559 1.90792
31.3574 1.95119
31.3589 1.99469
31.3604 2.03842
31.3619 2.08237
31.3634 2.12655
31.3649 2.17097
31.3664 2.21561
31.3679 2.26048
31.3694 2.30558
31.3709 2.35091
31.3724 2.39647
31.3739 2.44227
31.3754 2.4883
31.3769 2.53456
31.3784 2.58106
31.3799 2.62779
31.3814 2.67476
31.3829 2.72196
31.3844 2.7694
31.3859 2.81708
31.3874 2.865
31.3889 2.91315
31.3904 2.96154
31.3919 3.01018
31.3934 3.05905
31.3949 3.10816
31.3964 3.15752
31.3979 3.20712
31.3994 3.25696
31.401 3.30704
31.4025 3.35737
31.404 3.40795
31.4055 3.45876
31.407 3.50983
31.4085 3.56114
31.41 3.6127
31.4115 3.6645
31.413 3.71656
31.4145 3.76886
31.416 3.82142
31.4175 3.87422
31.419 3.92727
31.4205 3.98058
31.422 4.03414
31.4235 4.08795
31.425 4.14201
31.4265 4.19633
31.428 4.2509
31.4295 4.30573
31.431 4.36082
31.4325 4.41616
31.434 4.47175
31.4355 4.52761
31.437 4.58372
31.4385 4.6401
31.44 4.69673
31.4415 4.75362
31.443 4.81078
31.4445 4.86819
31.446 4.92587
31.4475 4.98381
31.449 5.04202
31.4505 5.10048
31.452 5.15922
31.4535 5.21822
31.455 5.27748
31.4565 5.33701
31.458 5.39681
31.4595 5.45688
31.461 5.51721
31.4625 5.57782
31.464 5.63869
31.4655 5.69984
31.467 5.76126
31.4685 5.82295
31.47 5.88491
31.4715 5.94714
31.473 6.00965
31.4745 6.07243
31.476 6.13549
31.4775 6.19882
31.479 6.26243
31.4805 6.32632
31.482 6.39048
31.4835 6.45493
31.485 6.51965
31.4865 6.58465
31.488 6.64993
31.4895 6.71549
31.491 6.78134
31.4925 6.84747
31.494 6.91388
31.4955 6.98057
31.497 7.04755
31.4985 7.11481
31.5 7.18236
