18.6177 0.0179635
18.6733 0.0538905
18.729 0.30538
18.7847 0.556869
18.8403 1.01494
18.896 1.17661
18.9517 1.8682
19.0073 1.76042
19.063 1.7245
19.1187 1.45504
19.1744 1.2305
19.23 0.781412
19.2857 0.520942
19.3414 0.323343
19.397 0.20658
19.4527 0.0987993
19.5084 0.116763
19.564 0.0538905
19.6197 0.0179635
19.6754 0.0179635
19.731 0
19.7867 0.0179635
19.8424 0.00898175
19.898 0
19.9537 0.00898175
20.0094 0.0179635
20.065 0.00898175
20.1207 0
20.1764 0
20.2321 0.0179635
20.2877 0.00898175
20.3434 0.035927
20.3991 0.0538905
20.4547 0.0628723
20.5104 0.0898175
20.5661 0.0808358
20.6217 0.179635
20.6774 0.233526
20.7331 0.332325
20.7887 0.458069
20.8444 0.493996
20.9001 0.547887
20.9557 0.449088
21.0114 0.547887
21.0671 0.404179
21.1227 0.260471
21.1784 0.188617
21.2341 0.071854
21.2898 0.071854
21.3454 0.00898175
