0 0.0205973
0.1 0.0206322
0.2 0.0206446
0.3 0.0206532
0.4 0.020661
0.5 0.0206715
0.6 0.0206823
0.7 0.0206949
0.8 0.0207034
0.9 0.0207106
1 0.0207167
1.1 0.0207261
1.2 0.0207342
1.3 0.0207391
1.4 0.0207445
1.5 0.0207555
1.6 0.0207669
1.7 0.0207768
1.8 0.0207843
1.9 0.0207926
2 0.0207989
2.1 0.0208069
2.2 0.0208163
2.3 0.0208259
2.4 0.020834
2.5 0.0208396
2.6 0.0208472
2.7 0.020858
2.8 0.0208644
2.9 0.0208744
3 0.0208837
3.1 0.0208927
3.2 0.0209051
3.3 0.020917
3.4 0.0209296
3.5 0.0209424
3.6 0.0209524
3.7 0.0209659
3.8 0.0209749
3.9 0.0209844
4 0.020997
4.1 0.0210096
4.2 0.0210183
4.3 0.0210289
4.4 0.0210338
4.5 0.0210461
4.6 0.0210585
4.7 0.0210691
4.8 0.0210792
4.9 0.021085
5 0.0210959
5.1 0.0211007
5.2 0.021112
5.3 0.0211239
5.4 0.0211341
5.5 0.0211474
5.6 0.0211629
5.7 0.0211772
5.8 0.0211918
5.9 0.0212079
6 0.0212206
6.1 0.021234
6.2 0.0212481
6.3 0.0212666
6.4 0.021283
6.5 0.0212963
6.6 0.0213119
6.7 0.0213262
6.8 0.0213381
6.9 0.0213516
7 0.021367
7.1 0.0213812
7.2 0.0214005
7.3 0.0214196
7.4 0.0214408
7.5 0.0214595
7.6 0.0214738
7.7 0.0214856
7.8 0.0215025
7.9 0.0215196
8 0.0215326
8.1 0.0215495
8.2 0.0215701
8.3 0.0215871
8.4 0.0216109
8.5 0.0216318
8.6 0.0216527
8.7 0.0216743
8.8 0.021696
8.9 0.0217261
9 0.0217499
9.1 0.0217757
9.2 0.0218041
9.3 0.0218347
9.4 0.0218676
9.5 0.0219028
9.6 0.0219269
9.7 0.0219567
9.8 0.0219914
9.9 0.0220241
10 0.0220611
10.1 0.0220949
10.2 0.0221282
10.3 0.0221562
10.4 0.0221897
10.5 0.0222268
10.6 0.0222623
10.7 0.0222982
10.8 0.0223324
10.9 0.0223747
11 0.022418
11.1 0.0224576
11.2 0.0224969
11.3 0.0225391
11.4 0.0225896
11.5 0.0226352
11.6 0.0226758
11.7 0.0227178
11.8 0.0227646
11.9 0.0228116
12 0.0228595
12.1 0.0229144
12.2 0.022963
12.3 0.0230126
12.4 0.0230633
12.5 0.0231202
12.6 0.0231755
12.7 0.0232335
12.8 0.0232902
12.9 0.0233469
13 0.0234069
13.1 0.0234683
13.2 0.0235272
13.3 0.0235879
13.4 0.0236519
13.5 0.0237089
13.6 0.0237733
13.7 0.0238391
13.8 0.0239038
13.9 0.0239747
14 0.0240467
14.1 0.0241211
14.2 0.0241991
14.3 0.0242751
14.4 0.0243603
14.5 0.0244421
14.6 0.0245287
14.7 0.0246098
14.8 0.0246909
14.9 0.0247736
15 0.0248566
15.1 0.0249426
15.2 0.0250324
15.3 0.0251235
15.4 0.0252142
15.5 0.02531
15.6 0.0254105
15.7 0.0255059
15.8 0.0256038
15.9 0.0256965
16 0.0258006
16.1 0.0259057
16.2 0.0260106
16.3 0.0261201
16.4 0.0262254
16.5 0.0263311
16.6 0.0264451
16.7 0.0265633
16.8 0.0266843
16.9 0.0267999
17 0.0269192
17.1 0.0270464
17.2 0.0271684
17.3 0.0272939
17.4 0.0274219
17.5 0.0275515
17.6 0.0276847
17.7 0.0278253
17.8 0.0279627
17.9 0.0280963
18 0.0282329
18.1 0.0283705
18.2 0.0285108
18.3 0.0286512
18.4 0.0288029
18.5 0.0289422
18.6 0.0290885
18.7 0.0292449
18.8 0.0294007
18.9 0.0295516
19 0.0297152
19.1 0.0298829
19.2 0.0300576
19.3 0.030227
19.4 0.0303937
19.5 0.0305738
19.6 0.0307452
19.7 0.0309164
19.8 0.0310862
19.9 0.0312512
20 0.031425
20.1 0.0316011
20.2 0.0317846
20.3 0.0319633
20.4 0.0321461
20.5 0.0323383
20.6 0.0325312
20.7 0.0327287
20.8 0.0329307
20.9 0.0331412
21 0.0333638
21.1 0.0335827
21.2 0.0338051
21.3 0.0340307
21.4 0.0342636
21.5 0.0344957
21.6 0.0347328
21.7 0.0349728
21.8 0.035213
21.9 0.0354505
22 0.0356839
22.1 0.0359211
22.2 0.0361709
22.3 0.0364226
22.4 0.0366779
22.5 0.0369363
22.6 0.0371867
22.7 0.0374453
22.8 0.0377054
22.9 0.0379704
23 0.0382395
23.1 0.0385158
23.2 0.038796
23.3 0.0390765
23.4 0.039353
23.5 0.0396272
23.6 0.0399059
23.7 0.0401788
23.8 0.0404616
23.9 0.0407544
24 0.041045
24.1 0.0413361
24.2 0.0416275
24.3 0.0419195
24.4 0.0422109
24.5 0.0425075
24.6 0.0428065
24.7 0.0431054
24.8 0.0433988
24.9 0.0437044
25 0.0440099
25.1 0.0443113
25.2 0.044612
25.3 0.0449192
25.4 0.0452287
25.5 0.0455392
25.6 0.0458525
25.7 0.0461615
25.8 0.0464781
25.9 0.0467945
26 0.047122
26.1 0.0474524
26.2 0.0477877
26.3 0.048121
26.4 0.0484498
26.5 0.048781
26.6 0.0491237
26.7 0.0494583
26.8 0.0497869
26.9 0.0501149
27 0.0504488
27.1 0.0507844
27.2 0.0511281
27.3 0.0514787
27.4 0.0518363
27.5 0.0521986
27.6 0.0525573
27.7 0.0529187
27.8 0.0532738
27.9 0.0536393
28 0.0540103
28.1 0.0543737
28.2 0.0547368
28.3 0.0551076
28.4 0.0554737
28.5 0.0558526
28.6 0.0562441
28.7 0.0566351
28.8 0.0570293
28.9 0.0574192
29 0.0578167
29.1 0.0582147
29.2 0.0586119
29.3 0.0590191
29.4 0.0594303
29.5 0.0598467
29.6 0.0602552
29.7 0.0606699
29.8 0.0610899
29.9 0.0614956
30 0.0619076
30.1 0.0623304
30.2 0.0627557
30.3 0.0631834
30.4 0.0636181
30.5 0.0640499
30.6 0.0644821
30.7 0.0649247
30.8 0.0653633
30.9 0.0658139
31 0.0662699
31.1 0.0667324
31.2 0.0671871
31.3 0.0676492
31.4 0.0681048
31.5 0.0685727
31.6 0.0690463
31.7 0.0695184
31.8 0.0699896
31.9 0.0704493
32 0.0709065
32.1 0.071381
32.2 0.0718577
32.3 0.0723371
32.4 0.0728196
32.5 0.0732991
32.6 0.0737769
32.7 0.0742693
32.8 0.0747574
32.9 0.0752428
33 0.0757361
33.1 0.0762279
33.2 0.0767324
33.3 0.0772467
33.4 0.0777627
33.5 0.0782749
33.6 0.0787921
33.7 0.079308
33.8 0.0798325
33.9 0.0803682
34 0.0808959
34.1 0.0814303
34.2 0.0819562
34.3 0.0824851
34.4 0.0830213
34.5 0.0835455
34.6 0.0840837
34.7 0.0846159
34.8 0.0851516
34.9 0.0856855
35 0.0862257
35.1 0.0867794
35.2 0.0873287
35.3 0.0878777
35.4 0.088427
35.5 0.0889838
35.6 0.0895335
35.7 0.0900934
35.8 0.0906542
35.9 0.0912146
36 0.0917852
36.1 0.0923618
36.2 0.0929399
36.3 0.0935276
36.4 0.0941126
36.5 0.0946981
36.6 0.0952838
36.7 0.0958827
36.8 0.0964864
36.9 0.0970991
37 0.0977107
37.1 0.0983376
37.2 0.098963
37.3 0.0995964
37.4 0.100237
37.5 0.100882
37.6 0.101514
37.7 0.102139
37.8 0.102777
37.9 0.103421
38 0.104075
38.1 0.104731
38.2 0.105379
38.3 0.106039
38.4 0.106706
38.5 0.107381
38.6 0.108057
38.7 0.108722
38.8 0.109404
38.9 0.110089
39 0.110779
39.1 0.111475
39.2 0.11218
39.3 0.11288
39.4 0.113568
39.5 0.114254
39.6 0.114939
39.7 0.115619
39.8 0.116307
39.9 0.116996
40 0.117687
40.1 0.118377
40.2 0.119068
40.3 0.119754
40.4 0.120441
40.5 0.121124
40.6 0.121822
40.7 0.122535
40.8 0.123246
40.9 0.123953
41 0.124653
41.1 0.125364
41.2 0.126059
41.3 0.126762
41.4 0.127468
41.5 0.128176
41.6 0.128885
41.7 0.129595
41.8 0.130305
41.9 0.131034
42 0.131762
42.1 0.132484
42.2 0.133207
42.3 0.133939
42.4 0.134672
42.5 0.135396
42.6 0.13613
42.7 0.13689
42.8 0.137667
42.9 0.13844
43 0.1392
43.1 0.139982
43.2 0.140759
43.3 0.141541
43.4 0.142315
43.5 0.143102
43.6 0.143891
43.7 0.144679
43.8 0.145455
43.9 0.146233
44 0.147002
44.1 0.147779
44.2 0.148552
44.3 0.149333
44.4 0.150134
44.5 0.150918
44.6 0.151702
44.7 0.152518
44.8 0.153337
44.9 0.154157
45 0.154974
45.1 0.155801
45.2 0.156627
45.3 0.157453
45.4 0.158285
45.5 0.1591
45.6 0.159941
45.7 0.160783
45.8 0.161629
45.9 0.162488
46 0.163355
46.1 0.164234
46.2 0.165113
46.3 0.166006
46.4 0.166887
46.5 0.167764
46.6 0.168612
46.7 0.169458
46.8 0.170314
46.9 0.171163
47 0.17201
47.1 0.172864
47.2 0.173722
47.3 0.174556
47.4 0.175415
47.5 0.176271
47.6 0.177142
47.7 0.178009
47.8 0.178882
47.9 0.179753
48 0.180638
48.1 0.181527
48.2 0.182406
48.3 0.183276
48.4 0.18415
48.5 0.185028
48.6 0.185905
48.7 0.186772
48.8 0.187648
48.9 0.188548
49 0.189454
49.1 0.190357
49.2 0.191255
49.3 0.192119
49.4 0.193004
49.5 0.193886
49.6 0.19477
49.7 0.195656
49.8 0.19654
49.9 0.197418
50 0.198308
50.1 0.199196
50.2 0.200074
50.3 0.200982
50.4 0.201869
50.5 0.202732
50.6 0.203597
50.7 0.20447
50.8 0.205346
50.9 0.206213
51 0.207072
51.1 0.20792
51.2 0.208757
51.3 0.209579
51.4 0.210393
51.5 0.211198
51.6 0.212017
51.7 0.212824
51.8 0.21361
51.9 0.214379
52 0.215145
52.1 0.215903
52.2 0.21665
52.3 0.217399
52.4 0.218137
52.5 0.218873
52.6 0.219602
52.7 0.220311
52.8 0.221013
52.9 0.221701
53 0.222389
53.1 0.223062
53.2 0.223752
53.3 0.224439
53.4 0.225126
53.5 0.22583
53.6 0.226537
53.7 0.22725
53.8 0.227952
53.9 0.228655
54 0.229369
54.1 0.230065
54.2 0.230756
54.3 0.231429
54.4 0.232085
54.5 0.232736
54.6 0.233389
54.7 0.234029
54.8 0.234685
54.9 0.235331
55 0.235998
55.1 0.236654
55.2 0.237308
55.3 0.237935
55.4 0.238558
55.5 0.239187
55.6 0.239825
55.7 0.24045
55.8 0.241056
55.9 0.241666
56 0.242285
56.1 0.242895
56.2 0.243511
56.3 0.244112
56.4 0.244708
56.5 0.245311
56.6 0.245912
56.7 0.246507
56.8 0.247098
56.9 0.247691
57 0.248287
57.1 0.248885
57.2 0.249485
57.3 0.250092
57.4 0.250699
57.5 0.251319
57.6 0.251952
57.7 0.252586
57.8 0.253227
57.9 0.253854
58 0.25448
58.1 0.255119
58.2 0.255772
58.3 0.256418
58.4 0.257048
58.5 0.257654
58.6 0.25824
58.7 0.258846
58.8 0.25942
58.9 0.259979
59 0.260523
59.1 0.261086
59.2 0.26165
59.3 0.262213
59.4 0.262769
59.5 0.263327
59.6 0.263899
59.7 0.26446
59.8 0.265012
59.9 0.265567
60 0.266122
60.1 0.266688
60.2 0.267247
60.3 0.267825
60.4 0.268395
60.5 0.268982
60.6 0.269553
60.7 0.270113
60.8 0.270676
60.9 0.271231
61 0.271792
61.1 0.272374
61.2 0.272967
61.3 0.273568
61.4 0.274165
61.5 0.274764
61.6 0.275352
61.7 0.275953
61.8 0.276558
61.9 0.277166
62 0.277776
62.1 0.278396
62.2 0.278995
62.3 0.279595
62.4 0.280177
62.5 0.280781
62.6 0.281392
62.7 0.281989
62.8 0.2826
62.9 0.283207
63 0.283823
63.1 0.28444
63.2 0.285053
63.3 0.285668
63.4 0.286313
63.5 0.286954
63.6 0.287595
63.7 0.28825
63.8 0.288917
63.9 0.289595
64 0.290252
64.1 0.290926
64.2 0.291617
64.3 0.292328
64.4 0.293048
64.5 0.29379
64.6 0.294519
64.7 0.295239
64.8 0.295966
64.9 0.29671
65 0.297434
65.1 0.298107
65.2 0.298766
65.3 0.299426
65.4 0.300074
65.5 0.300705
65.6 0.301345
65.7 0.301968
65.8 0.302636
65.9 0.303328
66 0.303988
66.1 0.304627
66.2 0.305246
66.3 0.305905
66.4 0.306585
66.5 0.307295
66.6 0.307998
66.7 0.308724
66.8 0.309462
66.9 0.310154
67 0.310878
67.1 0.311653
67.2 0.312403
67.3 0.313215
67.4 0.313992
67.5 0.314797
67.6 0.315564
67.7 0.316284
67.8 0.317008
67.9 0.317687
68 0.318412
68.1 0.319111
68.2 0.319829
68.3 0.320577
68.4 0.321353
68.5 0.322139
68.6 0.322888
68.7 0.32364
68.8 0.324351
68.9 0.325048
69 0.325779
69.1 0.326527
69.2 0.327251
69.3 0.327975
69.4 0.328745
69.5 0.32947
69.6 0.330217
69.7 0.330948
69.8 0.331731
69.9 0.332546
70 0.333371
70.1 0.334221
70.2 0.335053
70.3 0.335865
70.4 0.336666
70.5 0.337477
70.6 0.338274
70.7 0.339137
70.8 0.339934
70.9 0.340751
71 0.34162
71.1 0.3425
71.2 0.343371
71.3 0.344232
71.4 0.345123
71.5 0.345958
71.6 0.346804
71.7 0.347649
71.8 0.348458
71.9 0.34926
72 0.350075
72.1 0.350889
72.2 0.351734
72.3 0.352511
72.4 0.353357
72.5 0.354129
72.6 0.354893
72.7 0.355653
72.8 0.356399
72.9 0.357191
73 0.357967
73.1 0.358726
73.2 0.359484
73.3 0.360261
73.4 0.361136
73.5 0.361968
73.6 0.36273
73.7 0.363484
73.8 0.364239
73.9 0.365056
74 0.36589
74.1 0.366748
74.2 0.367618
74.3 0.368462
74.4 0.369304
74.5 0.370208
74.6 0.371092
74.7 0.371995
74.8 0.372863
74.9 0.373739
75 0.374644
75.1 0.375579
75.2 0.376493
75.3 0.377349
75.4 0.378175
75.5 0.379021
75.6 0.379904
75.7 0.380774
75.8 0.381628
75.9 0.382501
76 0.383415
76.1 0.384414
76.2 0.385357
76.3 0.386256
76.4 0.387143
76.5 0.388055
76.6 0.388992
76.7 0.38989
76.8 0.390781
76.9 0.391616
77 0.392532
77.1 0.393466
77.2 0.394293
77.3 0.395006
77.4 0.39582
77.5 0.396719
77.6 0.397606
77.7 0.398456
77.8 0.399342
77.9 0.400136
78 0.400908
78.1 0.401525
78.2 0.402255
78.3 0.402984
78.4 0.403587
78.5 0.404174
78.6 0.404661
78.7 0.405194
78.8 0.405652
78.9 0.406169
79 0.406695
79.1 0.407242
79.2 0.407757
79.3 0.408224
79.4 0.408612
79.5 0.408974
79.6 0.409445
79.7 0.409906
79.8 0.410342
79.9 0.41078
80 0.411219
80.1 0.411663
80.2 0.41214
80.3 0.412608
80.4 0.412956
80.5 0.413284
80.6 0.413722
80.7 0.414146
80.8 0.414519
80.9 0.414959
81 0.415352
81.1 0.415731
81.2 0.41616
81.3 0.41654
81.4 0.416963
81.5 0.417327
81.6 0.417587
81.7 0.417935
81.8 0.418319
81.9 0.418645
82 0.419031
82.1 0.419392
82.2 0.419768
82.3 0.420083
82.4 0.420425
82.5 0.420763
82.6 0.421155
82.7 0.421513
82.8 0.421905
82.9 0.422274
83 0.422642
83.1 0.422971
83.2 0.42332
83.3 0.423602
83.4 0.42387
83.5 0.42416
83.6 0.424481
83.7 0.424721
83.8 0.424949
83.9 0.4252
84 0.425424
84.1 0.425609
84.2 0.425804
84.3 0.426014
84.4 0.426232
84.5 0.426442
84.6 0.426609
84.7 0.426861
84.8 0.427082
84.9 0.427311
85 0.427494
85.1 0.427697
85.2 0.42794
85.3 0.428161
85.4 0.428343
85.5 0.428521
85.6 0.428773
85.7 0.42898
85.8 0.429167
85.9 0.429337
86 0.429445
86.1 0.429581
86.2 0.429739
86.3 0.429848
86.4 0.429974
86.5 0.430056
86.6 0.430148
86.7 0.430237
86.8 0.430338
86.9 0.430425
87 0.430533
87.1 0.430571
87.2 0.430628
87.3 0.430693
87.4 0.430745
87.5 0.430799
87.6 0.430834
87.7 0.430859
87.8 0.430892
87.9 0.430935
88 0.43095
88.1 0.430967
88.2 0.430945
88.3 0.430979
88.4 0.430982
88.5 0.431012
88.6 0.430977
88.7 0.430991
88.8 0.431009
88.9 0.431005
89 0.430987
89.1 0.430994
89.2 0.431006
89.3 0.431015
89.4 0.431051
89.5 0.431079
89.6 0.431134
89.7 0.431204
89.8 0.431232
89.9 0.431265
90 0.431258
90.1 0.431287
90.2 0.431328
90.3 0.43133
90.4 0.431326
90.5 0.431286
90.6 0.431276
90.7 0.431283
90.8 0.431294
90.9 0.431315
91 0.431305
91.1 0.431311
91.2 0.431322
91.3 0.431281
91.4 0.431294
91.5 0.431261
91.6 0.431244
91.7 0.431256
91.8 0.431242
91.9 0.431227
92 0.431246
92.1 0.431242
92.2 0.43124
92.3 0.431234
92.4 0.431234
92.5 0.431212
92.6 0.431223
92.7 0.431224
92.8 0.43122
92.9 0.43124
93 0.431249
93.1 0.43126
93.2 0.431243
93.3 0.431221
93.4 0.431218
93.5 0.431217
93.6 0.431217
93.7 0.431209
93.8 0.43122
93.9 0.431212
94 0.431204
94.1 0.431208
94.2 0.43121
94.3 0.431216
94.4 0.431243
94.5 0.431241
94.6 0.431251
94.7 0.43126
94.8 0.431251
94.9 0.431257
95 0.431265
95.1 0.431284
95.2 0.431284
95.3 0.431283
95.4 0.431293
95.5 0.431294
95.6 0.431279
95.7 0.431271
95.8 0.431272
95.9 0.431294
96 0.431285
96.1 0.431285
96.2 0.431284
96.3 0.431276
96.4 0.431273
96.5 0.431273
96.6 0.431275
96.7 0.431272
96.8 0.43127
96.9 0.431285
97 0.431273
97.1 0.431301
97.2 0.431308
97.3 0.431292
97.4 0.431288
97.5 0.431311
97.6 0.431309
97.7 0.431315
97.8 0.431336
97.9 0.431336
98 0.431337
98.1 0.431326
98.2 0.431329
98.3 0.43133
98.4 0.431327
98.5 0.431321
98.6 0.431321
98.7 0.431319
98.8 0.431317
98.9 0.431322
99 0.431324
99.1 0.431325
99.2 0.431333
99.3 0.431343
99.4 0.431341
99.5 0.431344
99.6 0.431334
99.7 0.431325
99.8 0.431309
99.9 0.4313
100 0.654116
