38.5005 0.000525919
38.503 0.000582376
38.5055 0.000644389
38.508 0.00071245
38.5105 0.00078709
38.513 0.000868876
38.5155 0.000958423
38.518 0.00105639
38.5205 0.00116348
38.523 0.00128045
38.5255 0.00140811
38.528 0.00154734
38.5305 0.00169904
38.533 0.00186423
38.5355 0.00204395
38.538 0.00223934
38.5405 0.00245158
38.543 0.00268197
38.5455 0.00293185
38.548 0.00320267
38.5505 0.00349596
38.553 0.00381333
38.5555 0.00415652
38.558 0.00452734
38.5605 0.0049277
38.563 0.00535965
38.5655 0.00582531
38.568 0.00632695
38.5705 0.00686695
38.573 0.0074478
38.5755 0.00807214
38.578 0.00874272
38.5805 0.00946246
38.583 0.0102344
38.5855 0.0110616
38.588 0.0119476
38.5905 0.0128957
38.593 0.0139096
38.5955 0.0149931
38.598 0.0161501
38.6006 0.0173847
38.6031 0.0187012
38.6056 0.020104
38.6081 0.0215978
38.6106 0.0231872
38.6131 0.0248773
38.6156 0.0266732
38.6181 0.02858
38.6206 0.0306033
38.6231 0.0327488
38.6256 0.0350221
38.6281 0.0374293
38.6306 0.0399765
38.6331 0.0426699
38.6356 0.0455161
38.6381 0.0485216
38.6406 0.0516932
38.6431 0.0550377
38.6456 0.0585624
38.6481 0.0622743
38.6506 0.0661807
38.6531 0.0702892
38.6556 0.0746072
38.6581 0.0791424
38.6606 0.0839026
38.6631 0.0888957
38.6656 0.0941296
38.6681 0.0996122
38.6706 0.105352
38.6731 0.111356
38.6756 0.117633
38.6781 0.124192
38.6806 0.13104
38.6831 0.138185
38.6856 0.145636
38.6881 0.153401
38.6906 0.161487
38.6931 0.169902
38.6956 0.178655
38.6981 0.187753
38.7006 0.197203
38.7031 0.207014
38.7056 0.217192
38.7081 0.227744
38.7106 0.238677
38.7131 0.249998
38.7156 0.261713
38.7181 0.273829
38.7206 0.28635
38.7231 0.299283
38.7256 0.312633
38.7281 0.326405
38.7306 0.340602
38.7331 0.35523
38.7356 0.370291
38.7381 0.385789
38.7406 0.401728
38.7431 0.418108
38.7456 0.434932
38.7481 0.452202
38.7506 0.469918
38.7531 0.48808
38.7556 0.506689
38.7581 0.525743
38.7606 0.545241
38.7631 0.565181
38.7656 0.585561
38.7681 0.606378
38.7706 0.627627
38.7731 0.649304
38.7756 0.671404
38.7781 0.693923
38.7806 0.716852
38.7831 0.740186
38.7856 0.763917
38.7881 0.788036
38.7906 0.812535
38.7931 0.837405
38.7956 0.862634
38.7981 0.888213
38.8007 0.914129
38.8032 0.940371
38.8057 0.966927
38.8082 0.993782
38.8107 1.02092
38.8132 1.04834
38.8157 1.07601
38.8182 1.10392
38.8207 1.13205
38.8232 1.1604
38.8257 1.18893
38.8282 1.21764
38.8307 1.2465
38.8332 1.2755
38.8357 1.30462
38.8382 1.33384
38.8407 1.36314
38.8432 1.3925
38.8457 1.42189
38.8482 1.45131
38.8507 1.48072
38.8532 1.51011
38.8557 1.53945
38.8582 1.56873
38.8607 1.59792
38.8632 1.62701
38.8657 1.65596
38.8682 1.68476
38.8707 1.71338
38.8732 1.74181
38.8757 1.77002
38.8782 1.79799
38.8807 1.8257
38.8832 1.85313
38.8857 1.88026
38.8882 1.90706
38.8907 1.93351
38.8932 1.95961
38.8957 1.98531
38.8982 2.01062
38.9007 2.03549
38.9032 2.05993
38.9057 2.0839
38.9082 2.10739
38.9107 2.13038
38.9132 2.15286
38.9157 2.17481
38.9182 2.19621
38.9207 2.21704
38.9232 2.2373
38.9257 2.25696
38.9282 2.27602
38.9307 2.29445
38.9332 2.31225
38.9357 2.32941
38.9382 2.34591
38.9407 2.36175
38.9432 2.3769
38.9457 2.39137
38.9482 2.40515
38.9507 2.41822
38.9532 2.43059
38.9557 2.44223
38.9582 2.45316
38.9607 2.46336
38.9632 2.47283
38.9657 2.48156
38.9682 2.48955
38.9707 2.49681
38.9732 2.50333
38.9757 2.5091
38.9782 2.51413
38.9807 2.51843
38.9832 2.52198
38.9857 2.52479
38.9882 2.52687
38.9907 2.52822
38.9932 2.52884
38.9957 2.52874
38.9982 2.52792
39.0008 2.52639
39.0033 2.52416
39.0058 2.52122
39.0083 2.5176
39.0108 2.51329
39.0133 2.50831
39.0158 2.50266
39.0183 2.49636
39.0208 2.48941
39.0233 2.48182
39.0258 2.47362
39.0283 2.46479
39.0308 2.45537
39.0333 2.44536
39.0358 2.43477
39.0383 2.42361
39.0408 2.4119
39.0433 2.39966
39.0458 2.38689
39.0483 2.3736
39.0508 2.35982
39.0533 2.34556
39.0558 2.33082
39.0583 2.31563
39.0608 2.3
39.0633 2.28395
39.0658 2.26748
39.0683 2.25062
39.0708 2.23337
39.0733 2.21576
39.0758 2.19779
39.0783 2.17949
39.0808 2.16087
39.0833 2.14194
39.0858 2.12272
39.0883 2.10322
39.0908 2.08345
39.0933 2.06344
39.0958 2.0432
39.0983 2.02273
39.1008 2.00206
39.1033 1.9812
39.1058 1.96016
39.1083 1.93896
39.1108 1.91761
39.1133 1.89613
39.1158 1.87452
39.1183 1.8528
39.1208 1.83098
39.1233 1.80908
39.1258 1.78711
39.1283 1.76508
39.1308 1.743
39.1333 1.72088
39.1358 1.69874
39.1383 1.67659
39.1408 1.65443
39.1433 1.63228
39.1458 1.61015
39.1483 1.58805
39.1508 1.56599
39.1533 1.54397
39.1558 1.52201
39.1583 1.50012
39.1608 1.4783
39.1633 1.45656
39.1658 1.43492
39.1683 1.41337
39.1708 1.39193
39.1733 1.37061
39.1758 1.34941
39.1783 1.32833
39.1808 1.30739
39.1833 1.28659
39.1858 1.26594
39.1883 1.24543
39.1908 1.22509
39.1933 1.20491
39.1958 1.18489
39.1983 1.16505
39.2009 1.14539
39.2034 1.1259
39.2059 1.1066
39.2084 1.08749
39.2109 1.06857
39.2134 1.04985
39.2159 1.03132
39.2184 1.01299
39.2209 0.99487
39.2234 0.976953
39.2259 0.959243
39.2284 0.941742
39.2309 0.924453
39.2334 0.907377
39.2359 0.890515
39.2384 0.873868
39.2409 0.857437
39.2434 0.841224
39.2459 0.825229
39.2484 0.809452
39.2509 0.793893
39.2534 0.778554
39.2559 0.763433
39.2584 0.748531
39.2609 0.733848
39.2634 0.719383
39.2659 0.705136
39.2684 0.691106
39.2709 0.677293
39.2734 0.663695
39.2759 0.650313
39.2784 0.637143
39.2809 0.624187
39.2834 0.611442
39.2859 0.598907
39.2884 0.58658
39.2909 0.574461
39.2934 0.562548
39.2959 0.550839
39.2984 0.539332
39.3009 0.528026
39.3034 0.516919
39.3059 0.506009
39.3084 0.495294
39.3109 0.484773
39.3134 0.474442
39.3159 0.464301
39.3184 0.454347
39.3209 0.444578
39.3234 0.434992
39.3259 0.425586
39.3284 0.416359
39.3309 0.407308
39.3334 0.398431
39.3359 0.389726
39.3384 0.38119
39.3409 0.372822
39.3434 0.364618
39.3459 0.356577
39.3484 0.348696
39.3509 0.340973
39.3534 0.333406
39.3559 0.325992
39.3584 0.318729
39.3609 0.311614
39.3634 0.304646
39.3659 0.297821
39.3684 0.291138
39.3709 0.284595
39.3734 0.278188
39.3759 0.271917
39.3784 0.265777
39.3809 0.259768
39.3834 0.253887
39.3859 0.248132
39.3884 0.2425
39.3909 0.23699
39.3934 0.231599
39.3959 0.226325
39.3984 0.221165
39.401 0.216119
39.4035 0.211183
39.406 0.206356
39.4085 0.201635
39.411 0.197019
39.4135 0.192505
39.416 0.188092
39.4185 0.183778
39.421 0.17956
39.4235 0.175437
39.426 0.171407
39.4285 0.167468
39.431 0.163618
39.4335 0.159855
39.436 0.156178
39.4385 0.152585
39.441 0.149074
39.4435 0.145643
39.446 0.142292
39.4485 0.139017
39.451 0.135818
39.4535 0.132692
39.456 0.12964
39.4585 0.126657
39.461 0.123744
39.4635 0.120899
39.466 0.11812
39.4685 0.115406
39.471 0.112756
39.4735 0.110167
39.476 0.10764
39.4785 0.105171
39.481 0.102761
39.4835 0.100407
39.486 0.098109
39.4885 0.0958651
39.491 0.0936742
39.4935 0.0915352
39.496 0.0894467
39.4985 0.0874078
39.501 0.0854173
39.5035 0.083474
39.506 0.0815769
39.5085 0.079725
39.511 0.0779171
39.5135 0.0761523
39.516 0.0744296
39.5185 0.0727479
39.521 0.0711064
39.5235 0.0695042
39.526 0.0679402
39.5285 0.0664135
39.531 0.0649234
39.5335 0.063469
39.536 0.0620494
39.5385 0.0606637
39.541 0.0593112
39.5435 0.0579912
39.546 0.0567027
39.5485 0.0554452
39.551 0.0542178
39.5535 0.0530198
39.556 0.0518505
39.5585 0.0507092
39.561 0.0495953
39.5635 0.0485081
39.566 0.047447
39.5685 0.0464113
39.571 0.0454004
39.5735 0.0444137
39.576 0.0434507
39.5785 0.0425107
39.581 0.0415932
39.5835 0.0406977
39.586 0.0398236
39.5885 0.0389704
39.591 0.0381376
39.5935 0.0373246
39.596 0.0365311
39.5985 0.0357566
39.6011 0.0350005
39.6036 0.0342625
39.6061 0.033542
39.6086 0.0328387
39.6111 0.0321521
39.6136 0.0314819
39.6161 0.0308276
39.6186 0.0301888
39.6211 0.0295652
39.6236 0.0289564
39.6261 0.028362
39.6286 0.0277817
39.6311 0.0272151
39.6336 0.0266619
39.6361 0.0261217
39.6386 0.0255943
39.6411 0.0250794
39.6436 0.0245765
39.6461 0.0240855
39.6486 0.023606
39.6511 0.0231378
39.6536 0.0226806
39.6561 0.0222341
39.6586 0.021798
39.6611 0.0213721
39.6636 0.0209562
39.6661 0.0205499
39.6686 0.0201532
39.6711 0.0197656
39.6736 0.0193871
39.6761 0.0190173
39.6786 0.0186562
39.6811 0.0183034
39.6836 0.0179587
39.6861 0.017622
39.6886 0.0172931
39.6911 0.0169717
39.6936 0.0166578
39.6961 0.016351
39.6986 0.0160513
39.7011 0.0157585
39.7036 0.0154723
39.7061 0.0151927
39.7086 0.0149195
39.7111 0.0146525
39.7136 0.0143916
39.7161 0.0141366
39.7186 0.0138874
39.7211 0.0136438
39.7236 0.0134058
39.7261 0.0131731
39.7286 0.0129457
39.7311 0.0127234
39.7336 0.0125061
39.7361 0.0122937
39.7386 0.012086
39.7411 0.011883
39.7436 0.0116846
39.7461 0.0114905
39.7486 0.0113008
39.7511 0.0111154
39.7536 0.010934
39.7561 0.0107567
39.7586 0.0105833
39.7611 0.0104137
39.7636 0.0102479
39.7661 0.0100858
39.7686 0.00992724
39.7711 0.00977217
39.7736 0.00962051
39.7761 0.00947218
39.7786 0.00932711
39.7811 0.00918521
39.7836 0.00904641
39.7861 0.00891065
39.7886 0.00877785
39.7911 0.00864795
39.7936 0.00852087
39.7961 0.00839656
39.7986 0.00827495
39.8012 0.00815597
39.8037 0.00803957
39.8062 0.00792569
39.8087 0.00781428
39.8112 0.00770527
39.8137 0.00759861
39.8162 0.00749426
39.8187 0.00739215
39.8212 0.00729224
39.8237 0.00719447
39.8262 0.00709881
39.8287 0.0070052
39.8312 0.00691361
39.8337 0.00682397
39.8362 0.00673626
39.8387 0.00665042
39.8412 0.00656643
39.8437 0.00648423
39.8462 0.00640379
39.8487 0.00632507
39.8512 0.00624804
39.8537 0.00617265
39.8562 0.00609888
39.8587 0.00602668
39.8612 0.00595603
39.8637 0.00588689
39.8662 0.00581923
39.8687 0.00575302
39.8712 0.00568822
39.8737 0.00562482
39.8762 0.00556278
39.8787 0.00550206
39.8812 0.00544265
39.8837 0.00538452
39.8862 0.00532765
39.8887 0.00527199
39.8912 0.00521754
39.8937 0.00516427
39.8962 0.00511215
39.8987 0.00506116
39.9012 0.00501128
39.9037 0.00496249
39.9062 0.00491476
39.9087 0.00486808
39.9112 0.00482242
39.9137 0.00477777
39.9162 0.0047341
39.9187 0.0046914
39.9212 0.00464965
39.9237 0.00460882
39.9262 0.00456892
39.9287 0.00452991
39.9312 0.00449178
39.9337 0.00445451
39.9362 0.00441809
39.9387 0.00438251
39.9412 0.00434774
39.9437 0.00431378
39.9462 0.00428061
39.9487 0.00424822
39.9512 0.00421658
39.9537 0.0041857
39.9562 0.00415556
39.9587 0.00412614
39.9612 0.00409743
39.9637 0.00406943
39.9662 0.00404211
39.9687 0.00401548
39.9712 0.00398951
39.9737 0.0039642
39.9762 0.00393954
39.9787 0.00391551
39.9812 0.00389211
39.9837 0.00386934
39.9862 0.00384717
39.9887 0.0038256
39.9912 0.00380462
39.9937 0.00378423
39.9962 0.00376441
39.9987 0.00374516
40.0013 0.00372647
40.0038 0.00370834
40.0063 0.00369075
40.0088 0.00367369
40.0113 0.00365717
40.0138 0.00364118
40.0163 0.0036257
40.0188 0.00361074
40.0213 0.00359628
40.0238 0.00358232
40.0263 0.00356886
40.0288 0.00355589
40.0313 0.0035434
40.0338 0.0035314
40.0363 0.00351987
40.0388 0.00350881
40.0413 0.00349821
40.0438 0.00348808
40.0463 0.0034784
40.0488 0.00346918
40.0513 0.00346041
40.0538 0.00345208
40.0563 0.0034442
40.0588 0.00343676
40.0613 0.00342975
40.0638 0.00342318
40.0663 0.00341703
40.0688 0.00341132
40.0713 0.00340602
40.0738 0.00340115
40.0763 0.00339671
40.0788 0.00339268
40.0813 0.00338906
40.0838 0.00338586
40.0863 0.00338307
40.0888 0.0033807
40.0913 0.00337873
40.0938 0.00337717
40.0963 0.00337602
40.0988 0.00337527
40.1013 0.00337493
40.1038 0.00337499
40.1063 0.00337546
40.1088 0.00337633
40.1113 0.0033776
40.1138 0.00337927
40.1163 0.00338135
40.1188 0.00338383
40.1213 0.00338671
40.1238 0.00338999
40.1263 0.00339367
40.1288 0.00339776
40.1313 0.00340225
40.1338 0.00340715
40.1363 0.00341245
40.1388 0.00341815
40.1413 0.00342427
40.1438 0.00343079
40.1463 0.00343772
40.1488 0.00344506
40.1513 0.00345282
40.1538 0.00346099
40.1563 0.00346957
40.1588 0.00347858
40.1613 0.003488
40.1638 0.00349784
40.1663 0.00350811
40.1688 0.00351881
40.1713 0.00352993
40.1738 0.00354149
40.1763 0.00355348
40.1788 0.00356591
40.1813 0.00357878
40.1838 0.00359209
40.1863 0.00360585
40.1888 0.00362007
40.1913 0.00363473
40.1938 0.00364985
40.1963 0.00366544
40.1988 0.00368148
40.2014 0.003698
40.2039 0.00371499
40.2064 0.00373246
40.2089 0.00375041
40.2114 0.00376885
40.2139 0.00378778
40.2164 0.00380721
40.2189 0.00382713
40.2214 0.00384757
40.2239 0.00386851
40.2264 0.00388998
40.2289 0.00391196
40.2314 0.00393447
40.2339 0.00395752
40.2364 0.00398111
40.2389 0.00400524
40.2414 0.00402993
40.2439 0.00405518
40.2464 0.00408099
40.2489 0.00410737
40.2514 0.00413434
40.2539 0.00416189
40.2564 0.00419003
40.2589 0.00421877
40.2614 0.00424812
40.2639 0.00427809
40.2664 0.00430868
40.2689 0.00433991
40.2714 0.00437177
40.2739 0.00440428
40.2764 0.00443745
40.2789 0.00447129
40.2814 0.0045058
40.2839 0.00454099
40.2864 0.00457688
40.2889 0.00461347
40.2914 0.00465077
40.2939 0.00468879
40.2964 0.00472754
40.2989 0.00476703
40.3014 0.00480728
40.3039 0.00484829
40.3064 0.00489007
40.3089 0.00493264
40.3114 0.004976
40.3139 0.00502016
40.3164 0.00506515
40.3189 0.00511096
40.3214 0.00515762
40.3239 0.00520513
40.3264 0.0052535
40.3289 0.00530275
40.3314 0.0053529
40.3339 0.00540394
40.3364 0.00545591
40.3389 0.0055088
40.3414 0.00556264
40.3439 0.00561743
40.3464 0.0056732
40.3489 0.00572995
40.3514 0.0057877
40.3539 0.00584647
40.3564 0.00590626
40.3589 0.0059671
40.3614 0.006029
40.3639 0.00609198
40.3664 0.00615604
40.3689 0.00622121
40.3714 0.00628751
40.3739 0.00635494
40.3764 0.00642353
40.3789 0.0064933
40.3814 0.00656425
40.3839 0.00663641
40.3864 0.00670979
40.3889 0.00678442
40.3914 0.00686031
40.3939 0.00693747
40.3964 0.00701594
40.3989 0.00709572
40.4015 0.00717683
40.404 0.0072593
40.4065 0.00734314
40.409 0.00742837
40.4115 0.00751501
40.414 0.00760309
40.4165 0.00769262
40.419 0.00778362
40.4215 0.00787612
40.424 0.00797013
40.4265 0.00806567
40.429 0.00816277
40.4315 0.00826145
40.434 0.00836173
40.4365 0.00846363
40.439 0.00856717
40.4415 0.00867238
40.444 0.00877928
40.4465 0.00888789
40.449 0.00899823
40.4515 0.00911033
40.454 0.0092242
40.4565 0.00933988
40.459 0.00945739
40.4615 0.00957674
40.464 0.00969797
40.4665 0.00982109
40.469 0.00994614
40.4715 0.0100731
40.474 0.0102021
40.4765 0.010333
40.479 0.010466
40.4815 0.010601
40.484 0.0107381
40.4865 0.0108772
40.489 0.0110185
40.4915 0.0111619
40.494 0.0113075
40.4965 0.0114553
40.499 0.0116053
40.5015 0.0117575
40.504 0.011912
40.5065 0.0120687
40.509 0.0122278
40.5115 0.0123892
40.514 0.012553
40.5165 0.0127191
40.519 0.0128877
40.5215 0.0130586
40.524 0.0132321
40.5265 0.013408
40.529 0.0135864
40.5315 0.0137673
40.534 0.0139508
40.5365 0.0141369
40.539 0.0143255
40.5415 0.0145167
40.544 0.0147106
40.5465 0.0149071
40.549 0.0151063
40.5515 0.0153082
40.554 0.0155128
40.5565 0.0157202
40.559 0.0159303
40.5615 0.0161431
40.564 0.0163588
40.5665 0.0165772
40.569 0.0167985
40.5715 0.0170226
40.574 0.0172495
40.5765 0.0174793
40.579 0.017712
40.5815 0.0179476
40.584 0.0181861
40.5865 0.0184275
40.589 0.0186718
40.5915 0.018919
40.594 0.0191692
40.5965 0.0194223
40.599 0.0196784
40.6016 0.0199374
40.6041 0.0201994
40.6066 0.0204643
40.6091 0.0207322
40.6116 0.021003
40.6141 0.0212769
40.6166 0.0215536
40.6191 0.0218333
40.6216 0.022116
40.6241 0.0224016
40.6266 0.0226901
40.6291 0.0229816
40.6316 0.0232759
40.6341 0.0235731
40.6366 0.0238732
40.6391 0.0241762
40.6416 0.024482
40.6441 0.0247906
40.6466 0.025102
40.6491 0.0254162
40.6516 0.0257331
40.6541 0.0260527
40.6566 0.026375
40.6591 0.0266999
40.6616 0.0270275
40.6641 0.0273576
40.6666 0.0276902
40.6691 0.0280253
40.6716 0.0283629
40.6741 0.0287028
40.6766 0.0290451
40.6791 0.0293896
40.6816 0.0297364
40.6841 0.0300854
40.6866 0.0304364
40.6891 0.0307895
40.6916 0.0311446
40.6941 0.0315016
40.6966 0.0318604
40.6991 0.032221
40.7016 0.0325833
40.7041 0.0329471
40.7066 0.0333125
40.7091 0.0336793
40.7116 0.0340475
40.7141 0.0344168
40.7166 0.0347874
40.7191 0.0351589
40.7216 0.0355315
40.7241 0.0359048
40.7266 0.0362789
40.7291 0.0366536
40.7316 0.0370288
40.7341 0.0374044
40.7366 0.0377802
40.7391 0.0381562
40.7416 0.0385322
40.7441 0.038908
40.7466 0.0392836
40.7491 0.0396588
40.7516 0.0400334
40.7541 0.0404074
40.7566 0.0407806
40.7591 0.0411527
40.7616 0.0415237
40.7641 0.0418935
40.7666 0.0422618
40.7691 0.0426285
40.7716 0.0429934
40.7741 0.0433563
40.7766 0.0437172
40.7791 0.0440758
40.7816 0.0444319
40.7841 0.0447854
40.7866 0.0451361
40.7891 0.0454837
40.7916 0.0458282
40.7941 0.0461693
40.7966 0.0465069
40.7991 0.0468407
40.8017 0.0471706
40.8042 0.0474963
40.8067 0.0478178
40.8092 0.0481347
40.8117 0.0484468
40.8142 0.0487541
40.8167 0.0490562
40.8192 0.0493531
40.8217 0.0496444
40.8242 0.0499299
40.8267 0.0502096
40.8292 0.0504831
40.8317 0.0507503
40.8342 0.051011
40.8367 0.0512649
40.8392 0.0515119
40.8417 0.0517518
40.8442 0.0519844
40.8467 0.0522094
40.8492 0.0524267
40.8517 0.0526361
40.8542 0.0528373
40.8567 0.0530303
40.8592 0.0532148
40.8617 0.0533906
40.8642 0.0535575
40.8667 0.0537154
40.8692 0.0538641
40.8717 0.0540034
40.8742 0.0541331
40.8767 0.0542531
40.8792 0.0543632
40.8817 0.0544633
40.8842 0.0545531
40.8867 0.0546326
40.8892 0.0547016
40.8917 0.05476
40.8942 0.0548076
40.8967 0.0548444
40.8992 0.0548701
40.9017 0.0548847
40.9042 0.054888
40.9067 0.05488
40.9092 0.0548606
40.9117 0.0548296
40.9142 0.0547871
40.9167 0.0547328
40.9192 0.0546669
40.9217 0.0545891
40.9242 0.0544994
40.9267 0.0543979
40.9292 0.0542844
40.9317 0.054159
40.9342 0.0540216
40.9367 0.0538722
40.9392 0.0537108
40.9417 0.0535375
40.9442 0.0533522
40.9467 0.0531549
40.9492 0.0529458
40.9517 0.0527248
40.9542 0.052492
40.9567 0.0522475
40.9592 0.0519913
40.9617 0.0517236
40.9642 0.0514443
40.9667 0.0511537
40.9692 0.0508518
40.9717 0.0505388
40.9742 0.0502147
40.9767 0.0498798
40.9792 0.0495341
40.9817 0.0491778
40.9842 0.0488112
40.9867 0.0484343
40.9892 0.0480473
40.9917 0.0476505
40.9942 0.0472441
40.9967 0.0468282
40.9992 0.046403
41.0018 0.0459689
41.0043 0.045526
41.0068 0.0450746
41.0093 0.0446148
41.0118 0.0441471
41.0143 0.0436716
41.0168 0.0431886
41.0193 0.0426985
41.0218 0.0422013
41.0243 0.0416976
41.0268 0.0411874
41.0293 0.0406712
41.0318 0.0401493
41.0343 0.0396219
41.0368 0.0390894
41.0393 0.0385521
41.0418 0.0380103
41.0443 0.0374642
41.0468 0.0369144
41.0493 0.036361
41.0518 0.0358044
41.0543 0.0352449
41.0568 0.0346828
41.0593 0.0341186
41.0618 0.0335525
41.0643 0.0329848
41.0668 0.0324159
41.0693 0.0318461
41.0718 0.0312757
41.0743 0.0307051
41.0768 0.0301345
41.0793 0.0295644
41.0818 0.028995
41.0843 0.0284267
41.0868 0.0278597
41.0893 0.0272943
41.0918 0.0267309
41.0943 0.0261698
41.0968 0.0256112
41.0993 0.0250555
41.1018 0.0245028
41.1043 0.0239536
41.1068 0.0234081
41.1093 0.0228665
41.1118 0.022329
41.1143 0.0217961
41.1168 0.0212678
41.1193 0.0207444
41.1218 0.0202261
41.1243 0.0197132
41.1268 0.0192059
41.1293 0.0187044
41.1318 0.0182088
41.1343 0.0177193
41.1368 0.0172362
41.1393 0.0167596
41.1418 0.0162896
41.1443 0.0158265
41.1468 0.0153702
41.1493 0.0149211
41.1518 0.0144791
41.1543 0.0140444
41.1568 0.0136171
41.1593 0.0131973
41.1618 0.0127851
41.1643 0.0123805
41.1668 0.0119837
41.1693 0.0115946
41.1718 0.0112134
41.1743 0.01084
41.1768 0.0104745
41.1793 0.0101169
41.1818 0.00976728
41.1843 0.00942555
41.1868 0.00909175
41.1893 0.00876586
41.1918 0.00844787
41.1943 0.00813775
41.1968 0.00783547
41.1993 0.00754098
41.2019 0.00725424
41.2044 0.00697519
41.2069 0.00670378
41.2094 0.00643993
41.2119 0.00618358
41.2144 0.00593464
41.2169 0.00569303
41.2194 0.00545867
41.2219 0.00523146
41.2244 0.00501131
41.2269 0.0047981
41.2294 0.00459174
41.2319 0.00439212
41.2344 0.00419912
41.2369 0.00401262
41.2394 0.00383251
41.2419 0.00365867
41.2444 0.00349097
41.2469 0.00332928
41.2494 0.00317348
41.2519 0.00302344
41.2544 0.00287902
41.2569 0.0027401
41.2594 0.00260654
41.2619 0.00247821
41.2644 0.00235497
41.2669 0.00223669
41.2694 0.00212324
41.2719 0.00201448
41.2744 0.00191027
41.2769 0.0018105
41.2794 0.00171501
41.2819 0.00162369
41.2844 0.0015364
41.2869 0.00145302
41.2894 0.00137341
41.2919 0.00129745
41.2944 0.00122501
41.2969 0.00115599
41.2994 0.00109024
41.3019 0.00102766
41.3044 0.000968127
41.3069 0.000911529
41.3094 0.000857754
41.3119 0.000806692
41.3144 0.000758237
41.3169 0.000712282
41.3194 0.000668727
41.3219 0.00062747
41.3244 0.000588417
41.3269 0.000551471
41.3294 0.000516541
41.3319 0.000483538
41.3344 0.000452376
41.3369 0.000422969
41.3394 0.000395237
41.3419 0.000369102
41.3444 0.000344487
41.3469 0.000321318
41.3494 0.000299525
41.3519 0.000279039
41.3544 0.000259794
41.3569 0.000241727
41.3594 0.000224778
41.3619 0.000208886
41.3644 0.000193997
41.3669 0.000180055
41.3694 0.00016701
41.3719 0.000154812
41.3744 0.000143414
41.3769 0.000132769
41.3794 0.000122836
41.3819 0.000113573
41.3844 0.00010494
41.3869 9.69003e-05
41.3894 8.9418e-05
41.3919 8.24594e-05
41.3944 7.59922e-05
41.3969 6.99858e-05
41.3994 6.44113e-05
41.402 5.92413e-05
41.4045 5.44497e-05
41.407 5.0012e-05
41.4095 4.59049e-05
41.412 4.21064e-05
41.4145 3.8596e-05
41.417 3.5354e-05
41.4195 3.23621e-05
41.422 2.96029e-05
41.4245 2.70601e-05
41.427 2.47186e-05
41.4295 2.25639e-05
41.432 2.05826e-05
41.4345 1.8762e-05
41.437 1.70904e-05
41.4395 1.55566e-05
41.442 1.41504e-05
41.4445 1.2862e-05
41.447 1.16826e-05
41.4495 1.06036e-05
41.452 9.61734e-06
41.4545 8.71644e-06
41.457 7.89416e-06
41.4595 7.1442e-06
41.462 6.46073e-06
41.4645 5.83832e-06
41.467 5.27195e-06
41.4695 4.75697e-06
41.472 4.28909e-06
41.4745 3.86432e-06
41.477 3.47898e-06
41.4795 3.1297e-06
41.482 2.81335e-06
41.4845 2.52704e-06
41.487 2.26812e-06
41.4895 2.03417e-06
41.492 1.82294e-06
41.4945 1.63238e-06
41.497 1.4606e-06
41.4995 1.30587e-06
