0 0
0.1 0.281361
0.2 0.0603477
0.3 -0.00429883
0.4 0.771013
0.5 0.104082
0.6 0.0470022
0.7 0.0184555
0.8 0.0471217
0.9 1.64314
1 0.00851992
1.1 0.255421
1.2 0.670177
1.3 1.15454
1.4 -0.031503
1.5 1.1283
1.6 0.048398
1.7 -0.0436539
1.8 0.357909
1.9 0.0184572
2 0.147525
2.1 -0.0362101
2.2 2.64779
2.3 0.129398
2.4 0.894689
2.5 0.303085
2.6 0.295777
2.7 0.166845
2.8 0.266663
2.9 0.316771
3 -0.0297571
3.1 3.63581
3.2 -0.0400274
3.3 0.574223
3.4 1.84465
3.5 0.225906
3.6 0.290122
3.7 0.979091
3.8 1.06079
3.9 0.574149
4 -0.0112063
4.1 0.557817
4.2 0.299458
4.3 -0.0327534
4.4 0.373192
4.5 0.112282
4.6 0.313726
4.7 0.576744
4.8 0.00432933
4.9 0.922857
5 0.448209
5.1 0.0107215
5.2 -0.0407175
5.3 0.634036
5.4 0.815376
5.5 0.0195755
5.6 1.23992
5.7 0.205213
5.8 1.68755
5.9 -0.0424837
6 0.444291
6.1 0.0151644
6.2 0.646429
6.3 0.0606877
6.4 -0.0185688
6.5 -0.0411333
6.6 0.00693669
6.7 1.12248
6.8 0.111204
6.9 0.994449
7 1.03199
7.1 -0.00616169
7.2 1.07147
7.3 0.0214749
7.4 0.202984
7.5 0.0195233
7.6 1.31041
7.7 0.376112
7.8 0.206999
7.9 0.312041
8 0.199753
8.1 1.06247
8.2 -0.0407804
8.3 1.302
8.4 0.0744141
8.5 -0.0359724
8.6 0.302938
8.7 0.480044
8.8 0.243136
8.9 0.199852
9 0.822375
9.1 0.30661
9.2 0.021781
9.3 -0.0411225
9.4 1.74575
9.5 0.800483
9.6 0.564092
9.7 -0.0324476
9.8 0.317385
9.9 0.503331
10 0.104204
10.1 0.334596
10.2 0.139038
10.3 -0.0357012
10.4 0.191848
10.5 2.98873
10.6 1.81712
10.7 0.955027
10.8 1.21797
10.9 -0.027507
11 0.1082
11.1 0.0713329
11.2 0.138973
11.3 -0.0104695
11.4 0.150515
11.5 0.037147
11.6 0.165216
11.7 0.0891987
11.8 -0.0287381
11.9 0.0909926
12 0.155696
12.1 0.624203
12.2 0.185544
12.3 0.814629
12.4 0.458483
12.5 0.0733812
12.6 0.0631776
12.7 0.172974
12.8 0.113238
12.9 0.284214
13 0.14437
13.1 -0.0288778
13.2 1.47824
13.3 0.471185
13.4 1.4633
13.5 -0.0350617
13.6 0.0792264
13.7 0.120724
13.8 0.0323181
13.9 0.126979
14 0.122547
14.1 4.17003
14.2 2.99584
14.3 1.69687
14.4 0.61134
14.5 0.438872
14.6 0.843192
14.7 -0.0365804
14.8 0.732258
14.9 2.78586
15 0.0708099
15.1 0.646911
15.2 0.836472
15.3 0.0643758
15.4 2.2456
15.5 2.52032
15.6 0.314742
15.7 0.142712
15.8 0.468124
15.9 -0.0341848
16 -0.0313903
16.1 0.189812
16.2 -0.0328491
16.3 -0.0235083
16.4 0.730285
16.5 0.085984
16.6 -0.00891985
16.7 -0.0221355
16.8 1.15763
16.9 0.136416
17 0.767479
17.1 0.311745
17.2 0.442784
17.3 0.000538057
17.4 -0.0198887
17.5 0.51743
17.6 0.388542
17.7 0.162605
17.8 -0.0259518
17.9 3.46609
18 0.727393
18.1 0.0352724
18.2 1.21466
18.3 0.0396303
18.4 1.00492
18.5 0.787672
18.6 0.498154
18.7 0.927328
18.8 0.00188682
18.9 -0.00469751
19 -0.0120543
19.1 0.146316
19.2 -0.0340685
19.3 0.400485
19.4 0.261121
19.5 0.0304099
19.6 0.247409
19.7 0.628511
19.8 0.749438
19.9 1.7787
20 0.133351
20.1 0.787104
20.2 -0.0329395
20.3 -0.0328376
20.4 0.38936
20.5 -0.0128279
20.6 -0.0153269
20.7 -0.00243836
20.8 0.180486
20.9 1.16148
21 2.4556
21.1 1.04902
21.2 0.0904038
21.3 0.256942
21.4 0.418575
21.5 0.212225
21.6 -0.0308853
21.7 -0.0240112
21.8 1.08685
21.9 0.00200945
22 0.326476
22.1 0.0603849
22.2 -0.00928448
22.3 0.782236
22.4 0.947842
22.5 0.243156
22.6 0.441293
22.7 0.0891712
22.8 4.0023
22.9 3.91165
23 0.0516316
23.1 0.649252
23.2 -0.941666
23.3 0.613301
23.4 -0.453784
23.5 -1.13846
23.6 -1.1202
23.7 -0.128874
23.8 -0.905018
23.9 -0.610871
24 -0.815168
24.1 -1.06163
24.2 -0.0628756
24.3 -0.948774
24.4 -1.12721
24.5 -0.744323
24.6 -1.05304
24.7 -0.932708
24.8 -1.10722
24.9 -0.8432
25 -0.838486
25.1 -1.09762
25.2 -1.06852
25.3 -0.407366
25.4 -0.607818
25.5 -0.949369
25.6 -0.587766
25.7 -1.02233
25.8 0.0477382
25.9 -1.11039
26 -0.343713
26.1 -0.238924
26.2 -1.07265
26.3 0.246849
26.4 -1.01063
26.5 -1.14048
26.6 -1.10749
26.7 -0.872297
26.8 -0.857973
26.9 -0.368921
27 -1.13682
27.1 0.300547
27.2 -1.13599
27.3 -0.952859
27.4 -1.14144
27.5 -0.518777
27.6 -1.11346
27.7 -1.05608
27.8 -1.11632
27.9 -1.14053
28 -1.09661
28.1 -0.662047
28.2 -1.00777
28.3 -1.04583
28.4 -1.01755
28.5 -1.1369
28.6 -0.741818
28.7 -0.879529
28.8 -0.845046
28.9 -0.256314
29 1.29961
29.1 -0.784661
29.2 0.290299
29.3 -0.912305
29.4 -1.08308
29.5 -0.886041
29.6 0.337279
29.7 1.16882
29.8 -1.04546
29.9 -0.901725
30 -0.278519
30.1 -1.0065
30.2 -1.10111
30.3 -0.826969
30.4 -0.478037
30.5 -0.977722
30.6 -0.706193
30.7 -0.117869
30.8 0.160835
30.9 -0.719277
31 -0.756817
31.1 -0.947875
31.2 -1.05923
31.3 -0.339519
31.4 -0.47662
31.5 -0.447639
31.6 -0.973218
31.7 -0.530454
31.8 -0.869572
31.9 -1.10681
32 -1.04732
32.1 -1.00814
32.2 -0.20118
32.3 -0.962775
32.4 -1.08359
32.5 -1.10397
32.6 -1.14373
32.7 -0.84811
32.8 -1.01883
32.9 -1.09606
33 -0.992773
33.1 -0.607174
33.2 -1.03458
33.3 -0.859907
33.4 -1.01956
33.5 -1.1003
33.6 -0.967831
33.7 -1.14161
33.8 -0.47948
33.9 -0.0144442
34 -0.21362
34.1 -1.14012
34.2 -0.972474
34.3 -0.20613
34.4 -1.14172
34.5 -0.895814
34.6 -0.937289
34.7 -0.987316
34.8 -1.01005
34.9 -0.859173
35 -1.10664
35.1 -0.887212
35.2 -0.422169
35.3 -0.776473
35.4 -0.665377
35.5 -0.906693
35.6 -1.02945
35.7 0.12544
35.8 -1.11724
35.9 -1.01383
36 -1.14434
36.1 -1.13513
36.2 -1.1237
36.3 -0.986856
36.4 -0.798702
36.5 -0.979073
36.6 0.146626
36.7 -1.07552
36.8 -0.111187
36.9 -0.0943883
37 -0.292663
37.1 -0.14991
37.2 0.400645
37.3 -1.11088
37.4 0.032894
37.5 0.401606
37.6 -1.03439
37.7 -1.02702
37.8 0.104313
37.9 -0.943778
38 -0.338447
38.1 -1.0224
38.2 -1.01274
38.3 -0.734916
38.4 -0.459517
38.5 -1.07443
38.6 3.35498
38.7 -1.13868
38.8 -0.193678
38.9 -1.13365
39 -1.01067
39.1 -1.14754
39.2 -0.0849746
39.3 -0.31771
39.4 -0.995383
39.5 -1.14387
39.6 -1.06747
39.7 -0.661521
39.8 -1.14731
39.9 -1.12993
40 -1.05752
40.1 -1.08028
40.2 -1.07521
40.3 1.05237
40.4 -0.245984
40.5 -0.656295
40.6 -0.959746
40.7 -0.692535
40.8 -1.14198
40.9 -0.497887
41 -0.849374
41.1 -1.09374
41.2 -1.04046
41.3 -1.11867
41.4 0.115175
41.5 -1.12508
41.6 -0.38491
41.7 -0.373063
41.8 -0.996092
41.9 -0.865939
42 -1.02803
42.1 -1.08642
42.2 -0.922838
42.3 -1.11027
42.4 -0.526572
42.5 -0.878303
42.6 -0.171333
42.7 -1.0947
42.8 -0.498272
42.9 -1.06711
43 -1.06145
43.1 2.19443
43.2 -1.13404
43.3 0.689733
43.4 0.542629
43.5 -0.784818
43.6 0.0590707
43.7 -0.769011
43.8 -0.0405292
43.9 -1.11395
44 -0.857253
44.1 -0.986998
44.2 -0.425165
44.3 -0.697972
44.4 -0.338847
44.5 -1.11386
44.6 -1.10361
44.7 -0.440496
44.8 -0.549203
44.9 -1.14475
45 -1.14499
45.1 -1.13761
45.2 -0.9184
45.3 -1.02484
45.4 -0.840444
45.5 -1.07464
45.6 -0.957637
45.7 0.143505
45.8 -0.50279
45.9 -0.539667
46 -1.13914
46.1 -0.805222
46.2 0.553276
46.3 -1.13687
46.4 0.245334
46.5 -0.24513
46.6 -0.85691
46.7 -1.15076
46.8 -0.765879
46.9 -1.1007
47 -0.959981
47.1 -0.611127
47.2 -0.62349
47.3 -1.12652
47.4 -1.15586
47.5 -0.789322
47.6 0.218015
47.7 -0.607016
47.8 -0.186542
47.9 -1.0703
48 -1.0967
48.1 -1.14246
48.2 -1.10983
48.3 -1.05915
48.4 0.318993
48.5 -0.904396
48.6 0.399354
48.7 -1.00432
48.8 -1.15491
48.9 -0.7812
49 -0.760566
49.1 -1.14286
49.2 0.197462
49.3 -1.04044
49.4 -1.00524
49.5 -1.04634
49.6 0.381057
49.7 -0.87577
49.8 -1.00214
49.9 -0.790505
50 -0.924119
50.1 -0.706309
50.2 0.220582
50.3 -0.517515
50.4 -0.643564
50.5 -1.16085
50.6 -1.1548
50.7 -1.1389
50.8 -0.705516
50.9 -0.982929
51 -0.675865
51.1 -0.451185
51.2 -1.15911
51.3 -1.1299
51.4 0.309951
51.5 -1.08317
51.6 -0.883478
51.7 -1.1485
51.8 -1.05682
51.9 0.0738715
52 -0.356005
52.1 -0.955415
52.2 0.973047
52.3 -0.33013
52.4 -0.918142
52.5 -0.395501
52.6 0.876342
52.7 -1.09087
52.8 -0.424966
52.9 -1.05438
53 1.13221
53.1 -0.595533
53.2 -0.35136
53.3 1.59664
53.4 0.488827
53.5 -1.15969
53.6 -1.05889
53.7 -1.07955
53.8 -1.03346
53.9 -1.16677
54 1.3406
54.1 -0.368793
54.2 -1.06379
54.3 -0.846834
54.4 -0.450108
54.5 -1.1416
54.6 0.542197
54.7 -1.13511
54.8 -1.08473
54.9 -1.08215
55 -0.998221
55.1 -1.14608
55.2 -0.31049
55.3 -0.984119
55.4 0.689532
55.5 -0.253775
55.6 -1.03192
55.7 -0.431269
55.8 1.55409
55.9 0.559168
56 -0.496501
56.1 -0.390732
56.2 -0.908889
56.3 -1.16759
56.4 -0.937527
56.5 -0.378311
56.6 -0.630561
56.7 -0.908895
56.8 -0.836362
56.9 -0.884891
57 -0.813823
57.1 -1.07842
57.2 -1.13065
57.3 -1.10186
57.4 1.25888
57.5 -0.963996
57.6 -0.855988
57.7 0.0674495
57.8 -1.131
57.9 -0.905625
58 -1.15444
58.1 -0.134767
58.2 -1.16132
58.3 -1.04063
58.4 0.235056
58.5 -0.221118
58.6 -0.79911
58.7 -1.10115
58.8 -1.14606
58.9 -0.786655
59 -1.02503
59.1 -0.252082
59.2 -1.06715
59.3 -0.0433013
59.4 -1.04314
59.5 0.51819
59.6 -1.12064
59.7 -1.12862
59.8 -0.815795
59.9 -1.17727
60 -1.13006
60.1 -0.925074
60.2 -1.18013
60.3 -1.08604
60.4 2.26943
60.5 -1.15062
60.6 -1.06458
60.7 -0.881632
60.8 -0.202424
60.9 -1.02615
61 1.38557
61.1 -1.02815
61.2 -1.1825
61.3 1.54061
61.4 -1.05681
61.5 3.41713
61.6 -0.230638
61.7 -0.934426
61.8 -0.615704
61.9 -1.16852
62 0.635352
62.1 -0.707372
62.2 -1.16272
62.3 -1.01001
62.4 -1.17282
62.5 -1.16864
62.6 0.0838649
62.7 -0.909056
62.8 -1.07229
62.9 -0.755561
63 -0.00218919
63.1 -0.67873
63.2 -0.415177
63.3 -1.09691
63.4 -0.864812
63.5 -0.947892
63.6 -1.16159
63.7 -1.18804
63.8 -0.595386
63.9 -0.591568
64 1.63927
64.1 1.65363
64.2 -0.523865
64.3 -0.929192
64.4 -0.622811
64.5 -1.15537
64.6 -1.11781
64.7 -0.540621
64.8 -1.16084
64.9 -1.08705
65 -1.19009
65.1 -0.303892
65.2 -0.192399
65.3 -1.01424
65.4 -1.17284
65.5 -1.05626
65.6 -1.0397
65.7 -0.560394
65.8 -1.19043
65.9 -1.05469
66 -1.15815
66.1 -0.168803
66.2 -0.0944417
66.3 -0.831537
66.4 0.674297
66.5 -0.695368
66.6 -1.18624
66.7 -0.90102
66.8 -1.15354
66.9 0.260144
67 -1.19519
67.1 1.24567
67.2 -1.16946
67.3 0.723475
67.4 -0.465605
67.5 -1.15524
67.6 -0.808498
67.7 -1.11943
67.8 0.605182
67.9 -0.650655
68 -0.645872
68.1 -1.16521
68.2 -1.03911
68.3 -0.81307
68.4 -0.999206
68.5 -0.886635
68.6 -1.177
68.7 -0.0479427
68.8 -0.874118
68.9 -0.885532
69 0.574311
69.1 -1.07663
69.2 -0.784292
69.3 -1.19909
69.4 -1.1028
69.5 -1.17467
69.6 -0.977683
69.7 -1.19554
69.8 -0.354887
69.9 -0.735432
70 0.294562
70.1 -0.843166
70.2 -1.14192
70.3 -1.03713
70.4 -1.0575
70.5 0.92751
70.6 -1.18534
70.7 -0.921267
70.8 -1.17396
70.9 -1.05437
71 -1.08592
71.1 0.443701
71.2 -1.02305
71.3 -0.995014
71.4 -1.10342
71.5 -1.19933
71.6 -0.860326
71.7 -0.903131
71.8 0.169144
71.9 -0.882103
72 0.470716
72.1 -1.20268
72.2 -0.5977
72.3 -1.19997
72.4 -1.15983
72.5 -1.06428
72.6 -0.562613
72.7 -1.0892
72.8 -1.20282
72.9 -0.81095
73 -0.783473
73.1 -1.20168
73.2 0.67294
73.3 -1.19874
73.4 -1.13915
73.5 -1.16156
73.6 -1.12524
73.7 -1.02507
73.8 -1.17451
73.9 -0.0267532
74 -1.16072
74.1 -0.0232518
74.2 -0.843817
74.3 1.22671
74.4 -0.360176
74.5 -0.886396
74.6 -1.15601
74.7 -1.15617
74.8 -0.89745
74.9 -0.487158
75 -0.360285
75.1 -0.119596
75.2 -1.19436
75.3 -1.18261
75.4 1.24147
75.5 -1.18658
75.6 -0.950387
75.7 0.822853
75.8 -1.15797
75.9 -0.957543
76 -1.1542
76.1 -1.11196
76.2 -1.02431
76.3 -1.03386
76.4 0.259328
76.5 -1.07769
76.6 -0.824094
76.7 -1.06807
76.8 0.426957
76.9 -1.15259
77 -1.03006
77.1 -1.02264
77.2 -0.755657
77.3 -0.793418
77.4 -0.855551
77.5 -0.836495
77.6 -1.14018
77.7 -0.576267
77.8 -1.00402
77.9 -1.16703
78 -0.713275
78.1 -0.891834
78.2 -1.06433
78.3 -0.968667
78.4 -0.970785
78.5 -0.17452
78.6 -1.20694
78.7 0.265507
78.8 0.830323
78.9 -1.17463
79 -0.714768
79.1 -0.835362
79.2 1.3363
79.3 -0.429251
79.4 -0.191753
79.5 -0.269738
79.6 -0.633705
79.7 -0.681188
79.8 -0.415239
79.9 -0.156732
80 -1.09154
80.1 -1.20651
80.2 2.57718
80.3 0.666485
80.4 -1.08848
80.5 -1.12317
80.6 -0.985326
80.7 -1.12846
80.8 0.682825
80.9 -0.892056
81 0.557485
81.1 -1.14169
81.2 -0.247017
81.3 -0.441743
81.4 -1.20637
81.5 -1.17573
81.6 -1.08152
81.7 -0.56756
81.8 -1.18987
81.9 -1.13924
82 -0.0612079
82.1 -0.900471
82.2 -1.07324
82.3 -1.19856
82.4 -0.88347
82.5 -0.457924
82.6 -0.789453
82.7 0.0458171
82.8 -0.292062
82.9 -1.01336
83 -0.589787
83.1 0.289917
83.2 -1.15065
83.3 -1.20821
83.4 -0.141563
83.5 1.40594
83.6 -1.18002
83.7 -1.11981
83.8 -0.817296
83.9 -1.05588
84 -1.17658
84.1 -0.514821
84.2 -1.14918
84.3 -1.20111
84.4 -0.573788
84.5 -1.0614
84.6 -1.1376
84.7 -1.09391
84.8 -0.96706
84.9 -1.04418
85 -0.873524
85.1 -1.17129
85.2 -1.10761
85.3 -1.13367
85.4 -1.20341
85.5 -1.20062
85.6 0.474199
85.7 -0.929576
85.8 -0.937329
85.9 -0.818432
86 -1.16533
86.1 -1.09698
86.2 -1.05907
86.3 -1.19205
86.4 -1.11491
86.5 -0.867646
86.6 -1.21001
86.7 -1.16176
86.8 -1.1667
86.9 -0.37905
87 -1.20752
87.1 -0.810552
87.2 0.639247
87.3 0.989982
87.4 -0.866912
87.5 -0.291941
87.6 -1.14702
87.7 -1.20429
87.8 -0.592481
87.9 -1.05048
88 -1.02791
88.1 -1.01371
88.2 -1.0423
88.3 0.415772
88.4 -0.59846
88.5 -0.431907
88.6 -1.02143
88.7 -0.977606
88.8 -1.02028
88.9 0.356769
89 -0.604544
89.1 -0.563841
89.2 -1.22349
89.3 -0.322944
89.4 1.10939
89.5 -1.097
89.6 -1.05274
89.7 1.27298
89.8 -1.22046
89.9 -1.22412
90 -0.971655
90.1 -0.889256
90.2 -1.08615
90.3 -1.20465
90.4 -0.534542
90.5 -1.13865
90.6 -1.07694
90.7 -1.09046
90.8 1.05353
90.9 -0.107701
91 -0.821158
91.1 -1.07239
91.2 0.290158
91.3 -1.0517
91.4 -0.889974
91.5 -0.0202781
91.6 -0.0020312
91.7 -0.712444
91.8 -1.19681
91.9 -0.515092
92 -1.17846
92.1 -1.19669
92.2 0.168042
92.3 -0.777879
92.4 0.879981
92.5 -0.250587
92.6 -0.537334
92.7 -1.10217
92.8 -1.13078
92.9 -1.20749
93 -1.22519
93.1 0.93819
93.2 -0.91491
93.3 -1.22628
93.4 -0.892871
93.5 -0.712075
93.6 -1.20584
93.7 -1.09219
93.8 -1.14885
93.9 -1.21522
94 -0.5116
94.1 -0.90038
94.2 -1.13903
94.3 -1.18578
94.4 -0.471799
94.5 -1.05182
94.6 -1.20199
94.7 -0.181362
94.8 -0.398393
94.9 -1.18283
95 -1.18029
95.1 -1.20286
95.2 -1.14931
95.3 -0.782264
95.4 -0.757028
95.5 -1.19681
95.6 -1.09573
95.7 -0.539412
95.8 -0.685798
95.9 0.167138
96 -0.82972
96.1 -1.13146
96.2 -0.530131
96.3 -0.398596
96.4 -1.21885
96.5 -0.716473
96.6 -1.1966
96.7 -1.22357
96.8 -1.19287
96.9 -1.08117
97 -0.975351
97.1 -1.1188
97.2 -1.2223
97.3 -1.22175
97.4 -0.555833
97.5 -1.15093
97.6 -0.188979
97.7 -0.871883
97.8 0.150046
97.9 -1.15693
98 -1.19557
98.1 -1.03231
98.2 -1.19774
98.3 -1.19959
98.4 1.45481
98.5 0.218901
98.6 -0.978082
98.7 -1.0982
98.8 1.70154
98.9 -1.18114
99 3.01863
99.1 0.553649
99.2 1.32763
99.3 -1.02397
99.4 -1.15189
99.5 -1.02251
99.6 -1.16594
99.7 -0.849624
99.8 -0.997701
99.9 -1.20843
100 -0.700023
100.001 -0.587503
