0 0.871582
0.1 0.800529
0.2 0.786149
0.3 0.781296
0.4 0.798316
0.5 0.624966
0.6 0.633861
0.7 0.837516
0.8 0.713189
0.9 0.779674
1 0.721015
1.1 0.714393
1.2 0.543616
1.3 0.678278
1.4 0.658564
1.5 0.688387
1.6 0.658868
1.7 0.629798
1.8 0.736392
1.9 0.676181
2 0.773509
2.1 0.725271
2.2 0.688551
2.3 0.686302
2.4 0.729914
2.5 0.635459
2.6 0.667753
2.7 0.623242
2.8 0.60799
2.9 0.733667
3 0.752362
3.1 0.724879
3.2 0.667027
3.3 0.732176
3.4 0.775483
3.5 0.695881
3.6 0.673822
3.7 0.766636
3.8 0.74121
3.9 0.688206
4 0.824169
4.1 0.735895
4.2 0.692089
4.3 0.748136
4.4 0.694061
4.5 0.704149
4.6 0.673048
4.7 0.68004
4.8 0.733565
4.9 0.697919
5 0.651868
5.1 0.780735
5.2 0.630988
5.3 0.690466
5.4 0.769964
5.5 0.639167
5.6 0.681427
5.7 0.667685
5.8 0.785908
5.9 0.782544
6 0.698726
6.1 0.607106
6.2 0.644068
6.3 0.696253
6.4 0.771268
6.5 0.643219
6.6 0.792488
6.7 0.755234
6.8 0.711507
6.9 0.811905
7 0.733982
7.1 0.669262
7.2 0.660573
7.3 0.762165
7.4 0.757175
7.5 0.776002
7.6 0.852321
7.7 0.776183
7.8 0.809794
7.9 0.666051
8 0.774207
8.1 0.770557
8.2 0.822359
8.3 0.739241
8.4 0.664939
8.5 0.75452
8.6 0.764084
8.7 0.597523
8.8 0.712914
8.9 0.647061
9 0.765418
9.1 0.644955
9.2 0.711903
9.3 0.67724
9.4 0.713604
9.5 0.809898
9.6 0.806071
9.7 0.717098
9.8 0.738301
9.9 0.746347
10 0.712539
10.1 0.723434
10.2 0.789762
10.3 0.770221
10.4 0.736708
10.5 0.768047
10.6 0.636326
10.7 0.568619
10.8 0.733354
10.9 0.599156
11 0.697985
11.1 0.876387
11.2 0.786282
11.3 0.727734
11.4 0.662228
11.5 0.692481
11.6 0.755089
11.7 0.819078
11.8 0.842691
11.9 0.686939
12 0.7367
12.1 0.799768
12.2 0.668262
12.3 0.830667
12.4 0.69617
12.5 0.742359
12.6 0.705847
12.7 0.583003
12.8 0.707204
12.9 0.727923
13 0.763569
13.1 0.862519
13.2 0.89376
13.3 0.734057
13.4 0.675865
13.5 0.767885
13.6 0.869391
13.7 0.86328
13.8 0.890692
13.9 0.825015
14 0.686684
14.1 0.7497
14.2 0.597441
14.3 0.799931
14.4 0.810676
14.5 0.693063
14.6 0.827919
14.7 0.916028
14.8 0.754224
14.9 0.725309
15 0.849622
15.1 0.67242
15.2 0.691263
15.3 0.771408
15.4 0.612084
15.5 0.776758
15.6 0.78737
15.7 0.700965
15.8 0.807904
15.9 0.857689
16 0.730489
16.1 0.764928
16.2 0.883614
16.3 0.796232
16.4 0.697466
16.5 0.767043
16.6 0.704182
16.7 0.791129
16.8 0.697801
16.9 0.748025
17 0.8038
17.1 0.762938
17.2 0.710452
17.3 0.68732
17.4 0.731439
17.5 0.708353
17.6 0.704781
17.7 0.695243
17.8 0.835374
17.9 0.738676
18 0.811587
18.1 0.861747
18.2 0.814208
18.3 0.886522
18.4 0.71653
18.5 0.741949
18.6 0.738759
18.7 0.725778
18.8 0.728502
18.9 0.689087
19 0.642376
19.1 0.678227
19.2 0.820536
19.3 0.87613
19.4 0.762403
19.5 0.777332
19.6 0.849621
19.7 0.860063
19.8 0.645342
19.9 0.632197
20 0.831228
20.1 0.734941
20.2 0.794562
20.3 0.811607
20.4 0.729774
20.5 0.697137
20.6 0.925201
20.7 0.783563
20.8 0.760696
20.9 0.820269
21 0.86876
21.1 0.758003
21.2 0.687431
21.3 0.768993
21.4 0.777711
21.5 0.764057
21.6 0.790986
21.7 0.809688
21.8 0.841377
21.9 0.750248
22 0.783273
22.1 0.793413
22.2 0.684014
22.3 0.792978
22.4 0.83748
22.5 0.991421
22.6 0.825653
22.7 0.791458
22.8 0.743788
22.9 0.752274
23 0.689925
23.1 0.663362
23.2 0.66829
23.3 0.791514
23.4 0.731811
23.5 0.716402
23.6 0.760713
23.7 0.751337
23.8 0.62061
23.9 0.912943
24 0.75175
24.1 0.746521
24.2 0.752477
24.3 0.821523
24.4 0.745488
24.5 0.727608
24.6 0.712812
24.7 0.67226
24.8 0.728702
24.9 0.731924
25 0.700706
25.1 0.687131
25.2 0.780503
25.3 0.736919
25.4 0.773774
25.5 0.686632
25.6 0.800457
25.7 0.758205
25.8 0.846285
25.9 0.729816
26 0.914118
26.1 0.682638
26.2 0.828471
26.3 0.810482
26.4 0.701309
26.5 0.876704
26.6 0.783493
26.7 0.794328
26.8 0.743594
26.9 0.678086
27 0.793352
27.1 0.782109
27.2 0.757084
27.3 0.719409
27.4 0.787464
27.5 0.889995
27.6 0.705193
27.7 0.7199
27.8 0.808582
27.9 0.799748
28 0.711212
28.1 0.750935
28.2 0.779445
28.3 0.682559
28.4 0.82222
28.5 0.820362
28.6 0.798731
28.7 0.861436
28.8 0.744996
28.9 0.710875
29 0.870313
29.1 0.760079
29.2 0.760073
29.3 0.851986
29.4 0.737324
29.5 0.822604
29.6 0.700302
29.7 0.767107
29.8 0.7176
29.9 0.678183
30 0.687712
30.1 0.728297
30.2 0.811649
30.3 0.650646
30.4 0.742571
30.5 0.753584
30.6 0.823714
30.7 0.761396
30.8 0.783928
30.9 0.718302
31 0.858035
31.1 0.949559
31.2 0.765991
31.3 0.654267
31.4 0.822366
31.5 0.803378
31.6 0.683912
31.7 0.789831
31.8 0.674034
31.9 0.609529
32 0.88318
32.1 0.767434
32.2 0.687766
32.3 0.751168
32.4 0.762684
32.5 0.820685
32.6 0.803752
32.7 0.78122
32.8 0.702632
32.9 0.823866
33 0.755146
33.1 0.771868
33.2 0.829542
33.3 0.810009
33.4 0.789427
33.5 0.819205
33.6 0.783393
33.7 0.632574
33.8 0.71043
33.9 0.817257
34 0.814074
34.1 0.795517
34.2 0.722589
34.3 0.792307
34.4 0.690666
34.5 0.892764
34.6 0.876934
34.7 0.880511
34.8 0.851509
34.9 0.74999
35 0.735072
35.1 0.733955
35.2 0.750764
35.3 0.661107
35.4 0.57549
35.5 0.690503
35.6 0.746134
35.7 0.85093
35.8 0.755031
35.9 0.797762
36 0.66675
36.1 0.888211
36.2 0.785626
36.3 0.700657
36.4 0.698688
36.5 0.628129
36.6 0.809021
36.7 0.730227
36.8 0.761506
36.9 0.674245
37 0.784115
37.1 0.723945
37.2 0.859823
37.3 0.831469
37.4 0.719432
37.5 0.840672
37.6 1.03512
37.7 0.797468
37.8 0.716165
37.9 0.787054
38 0.818032
38.1 0.755362
38.2 0.833089
38.3 0.83498
38.4 0.791626
38.5 0.69914
38.6 0.677604
38.7 0.770735
38.8 0.927859
38.9 0.746225
39 0.714574
39.1 0.681813
39.2 0.796065
39.3 0.870731
39.4 0.810998
39.5 0.693795
39.6 0.690251
39.7 0.894515
39.8 0.893843
39.9 0.689468
40 0.810044
40.1 0.894373
40.2 0.726582
40.3 0.745025
40.4 0.832961
40.5 0.77882
40.6 0.703531
40.7 0.811642
40.8 0.885493
40.9 0.85333
41 0.775205
41.1 0.752638
41.2 0.706409
41.3 0.701324
41.4 0.721673
41.5 0.635337
41.6 0.781335
41.7 0.737868
41.8 0.720834
41.9 0.737825
42 0.72275
42.1 0.848987
42.2 0.77898
42.3 0.740089
42.4 0.785691
42.5 0.765365
42.6 0.774694
42.7 0.728885
42.8 0.747082
42.9 0.770392
43 0.689363
43.1 0.829812
43.2 0.83953
43.3 0.792293
43.4 0.72794
43.5 0.745722
43.6 0.621955
43.7 0.735382
43.8 0.906602
43.9 0.83041
44 0.824172
44.1 0.806236
44.2 0.671425
44.3 0.643204
44.4 0.707271
44.5 0.686649
44.6 0.710401
44.7 0.74137
44.8 0.895335
44.9 0.773295
45 0.691201
45.1 0.777728
45.2 0.653
45.3 0.708931
45.4 0.861696
45.5 0.907948
45.6 0.734863
45.7 0.690437
45.8 0.7215
45.9 0.700056
46 0.778149
46.1 0.97342
46.2 0.781164
46.3 0.721035
46.4 0.757765
46.5 0.790221
46.6 0.751771
46.7 0.767025
46.8 0.739392
46.9 0.799338
47 0.88944
47.1 0.786607
47.2 0.694281
47.3 0.804057
47.4 0.747088
47.5 0.795086
47.6 0.825991
47.7 0.834631
47.8 0.734663
47.9 0.821512
48 0.939779
48.1 0.8546
48.2 0.807351
48.3 0.829359
48.4 0.810483
48.5 0.825035
48.6 0.860604
48.7 1.03949
48.8 0.927476
48.9 0.984889
49 0.887151
49.1 0.891022
49.2 0.984925
49.3 0.883082
49.4 1.00042
49.5 0.85777
49.6 1.25008
49.7 1.01994
49.8 0.997177
49.9 1.01985
50 1.03673
50.1 1.02426
50.2 1.01183
50.3 1.09285
50.4 1.19783
50.5 1.18739
50.6 1.10679
50.7 1.00695
50.8 1.17912
50.9 1.20166
51 1.24935
51.1 1.16168
51.2 1.28539
51.3 1.28565
51.4 1.28851
51.5 1.24145
51.6 1.24593
51.7 1.19547
51.8 1.38767
51.9 1.37374
52 1.55648
52.1 1.33285
52.2 1.34301
52.3 1.49068
52.4 1.39999
52.5 1.44891
52.6 1.59897
52.7 1.5138
52.8 1.57073
52.9 1.49683
53 1.55624
53.1 1.53454
53.2 1.63168
53.3 1.63208
53.4 1.66778
53.5 1.54492
53.6 1.67308
53.7 1.72198
53.8 1.6348
53.9 1.63155
54 1.64745
54.1 1.645
54.2 1.64281
54.3 1.76813
54.4 1.73659
54.5 1.81997
54.6 1.73965
54.7 1.68979
54.8 1.75599
54.9 1.6972
55 1.64979
55.1 1.75273
55.2 1.8602
55.3 1.75572
55.4 1.82835
55.5 1.69304
55.6 1.91456
55.7 1.77774
55.8 1.72959
55.9 1.75696
56 1.90015
56.1 1.75324
56.2 1.8115
56.3 1.722
56.4 1.88967
56.5 1.85065
56.6 1.83797
56.7 1.90702
56.8 1.7239
56.9 1.78502
57 1.83896
57.1 1.76495
57.2 1.82086
57.3 1.79968
57.4 1.8746
57.5 1.90185
57.6 2.01298
57.7 1.94515
57.8 1.73339
57.9 1.83791
58 1.75679
58.1 1.81736
58.2 1.82709
58.3 1.74023
58.4 1.66994
58.5 1.5829
58.6 1.6582
58.7 1.71417
58.8 1.89667
58.9 1.74127
59 1.75329
59.1 1.70448
59.2 1.76272
59.3 1.77827
59.4 1.76208
59.5 1.66229
59.6 1.7348
59.7 1.66663
59.8 1.71219
59.9 1.62419
60 1.70259
60.1 1.69372
60.2 1.85324
60.3 1.62253
60.4 1.74692
60.5 1.94636
60.6 1.72887
60.7 1.78686
60.8 1.73958
60.9 1.72537
61 1.80584
61.1 1.80964
61.2 1.83865
61.3 1.71475
61.4 1.60833
61.5 1.85473
61.6 1.72156
61.7 1.63748
61.8 1.64599
61.9 1.62632
62 1.66147
62.1 1.64065
62.2 1.82055
62.3 1.77231
62.4 1.71321
62.5 1.7298
62.6 1.53776
62.7 1.57424
62.8 1.84794
62.9 1.71525
63 1.70081
63.1 1.65149
63.2 1.72345
63.3 1.75945
63.4 1.71159
63.5 1.52982
63.6 1.73567
63.7 1.67689
63.8 1.66328
63.9 1.6632
64 1.66897
64.1 1.55034
64.2 1.54038
64.3 1.63019
64.4 1.67179
64.5 1.48363
64.6 1.49604
64.7 1.585
64.8 1.65273
64.9 1.6053
65 1.52543
65.1 1.60818
65.2 1.4722
65.3 1.53108
65.4 1.60445
65.5 1.48988
65.6 1.62049
65.7 1.52046
65.8 1.71013
65.9 1.61282
66 1.61469
66.1 1.7178
66.2 1.61733
66.3 1.62002
66.4 1.76151
66.5 1.9065
66.6 1.49619
66.7 1.73506
66.8 1.71238
66.9 1.76671
67 1.72086
67.1 1.7037
67.2 1.61593
67.3 1.64764
67.4 1.67121
67.5 1.68215
67.6 1.65677
67.7 1.63425
67.8 1.51926
67.9 1.59515
68 1.7145
68.1 1.60566
68.2 1.72269
68.3 1.57928
68.4 1.59706
68.5 1.54123
68.6 1.54893
68.7 1.55352
68.8 1.73192
68.9 1.62229
69 1.41929
69.1 1.63672
69.2 1.57069
69.3 1.64737
69.4 1.43676
69.5 1.4582
69.6 1.4312
69.7 1.58852
69.8 1.66796
69.9 1.51551
70 1.47436
70.1 1.54704
70.2 1.39469
70.3 1.47708
70.4 1.52101
70.5 1.57777
70.6 1.53953
70.7 1.60254
70.8 1.4821
70.9 1.47788
71 1.56731
71.1 1.50219
71.2 1.47023
71.3 1.39617
71.4 1.41227
71.5 1.57696
71.6 1.47034
71.7 1.44742
71.8 1.49148
71.9 1.53915
72 1.47305
72.1 1.55198
72.2 1.46579
72.3 1.42522
72.4 1.28021
72.5 1.33337
72.6 1.56863
72.7 1.57396
72.8 1.58675
72.9 1.34606
73 1.46235
73.1 1.40568
73.2 1.49661
73.3 1.34293
73.4 1.45717
73.5 1.35544
73.6 1.48311
73.7 1.43132
73.8 1.43381
73.9 1.56024
74 1.29826
74.1 1.65865
74.2 1.27098
74.3 1.30473
74.4 1.45362
74.5 1.41391
74.6 1.38817
74.7 1.34221
74.8 1.3238
74.9 1.38022
75 1.27688
75.1 1.3211
75.2 1.31766
75.3 1.34608
75.4 1.25588
75.5 1.31031
75.6 1.29734
75.7 1.3132
75.8 1.28089
75.9 1.27664
76 1.21239
76.1 1.36692
76.2 1.36274
76.3 1.34765
76.4 1.2705
76.5 1.26225
76.6 1.27437
76.7 1.1991
76.8 1.10788
76.9 1.12212
77 1.28927
77.1 1.19594
77.2 1.31981
77.3 1.23798
77.4 1.31147
77.5 1.10458
77.6 1.24099
77.7 1.14447
77.8 1.17937
77.9 1.15629
78 1.06432
78.1 1.08688
78.2 1.20465
78.3 1.17699
78.4 1.17082
78.5 1.16877
78.6 1.24019
78.7 1.29175
78.8 1.20809
78.9 1.33158
79 1.10937
79.1 1.29805
79.2 1.11998
79.3 1.28193
79.4 1.24096
79.5 1.37876
79.6 1.23557
79.7 1.3189
79.8 1.27751
79.9 1.14661
80 1.29499
80.1 1.23044
80.2 1.19322
80.3 1.22634
80.4 1.32006
80.5 1.18572
80.6 1.01594
80.7 1.23891
80.8 1.28483
80.9 1.19895
81 1.24557
81.1 1.17171
81.2 1.3016
81.3 1.32637
81.4 1.19338
81.5 1.05269
81.6 1.04522
81.7 1.17751
81.8 1.10762
81.9 1.23846
82 1.25574
82.1 1.24152
82.2 1.25973
82.3 1.31633
82.4 1.31931
82.5 1.36549
82.6 1.28517
82.7 1.30062
82.8 1.16248
82.9 1.10415
83 1.31103
83.1 1.28582
83.2 1.30224
83.3 1.21715
83.4 1.19881
83.5 1.17263
83.6 1.21284
83.7 1.07767
83.8 1.31322
83.9 1.22257
84 1.14612
84.1 1.17724
84.2 1.23408
84.3 1.02453
84.4 1.12795
84.5 1.10983
84.6 1.08636
84.7 1.26286
84.8 1.11817
84.9 1.25299
85 1.30806
85.1 1.35132
85.2 1.15676
85.3 1.17091
85.4 1.24396
85.5 1.23332
85.6 1.10621
85.7 1.15168
85.8 1.16355
85.9 1.13691
86 1.15362
86.1 1.26341
86.2 1.12158
86.3 1.21013
86.4 1.09306
86.5 1.19644
86.6 1.21457
86.7 1.37493
86.8 1.16969
86.9 1.19567
87 1.17303
87.1 1.20832
87.2 1.05941
87.3 1.20731
87.4 1.17759
87.5 1.04732
87.6 1.16477
87.7 1.07706
87.8 1.01237
87.9 1.05945
88 1.09532
88.1 1.03439
88.2 1.15028
88.3 1.12036
88.4 1.10956
88.5 1.09428
88.6 1.10398
88.7 1.13072
88.8 1.22531
88.9 1.16105
89 1.22152
89.1 1.21868
89.2 1.25439
89.3 1.16688
89.4 1.25966
89.5 1.11978
89.6 1.17374
89.7 1.08099
89.8 1.22818
89.9 1.19395
90 1.17523
90.1 1.17766
90.2 1.06096
90.3 1.24516
90.4 1.266
90.5 1.14354
90.6 1.28417
90.7 1.26301
90.8 1.2042
90.9 1.27298
91 1.09346
91.1 1.15022
91.2 1.16535
91.3 1.22979
91.4 1.32501
91.5 1.27242
91.6 1.34144
91.7 1.26675
91.8 1.13882
91.9 1.16773
92 1.08482
92.1 1.21802
92.2 1.23412
92.3 1.23053
92.4 1.23904
92.5 1.29323
92.6 1.17278
92.7 1.29556
92.8 1.24647
92.9 1.28235
93 1.24807
93.1 1.17788
93.2 1.11926
93.3 1.1243
93.4 1.13071
93.5 1.16514
93.6 1.04182
93.7 1.07532
93.8 1.12439
93.9 1.16178
94 1.25062
94.1 1.16159
94.2 1.17659
94.3 1.05373
94.4 1.1696
94.5 1.15811
94.6 1.1231
94.7 1.11928
94.8 1.26233
94.9 1.09759
95 1.09
95.1 1.00622
95.2 0.988015
95.3 1.10363
95.4 1.08192
95.5 1.19743
95.6 0.927008
95.7 1.14618
95.8 1.11357
95.9 1.1384
96 1.07699
96.1 1.04071
96.2 1.0325
96.3 1.03554
96.4 1.13211
96.5 0.965466
96.6 1.04752
96.7 1.03965
96.8 1.08493
96.9 1.00124
97 1.05404
97.1 1.01477
97.2 1.09629
97.3 1.17495
97.4 1.08234
97.5 1.24001
97.6 1.07375
97.7 1.10205
97.8 1.10796
97.9 1.09736
98 0.991151
98.1 0.998655
98.2 1.20734
98.3 1.04371
98.4 0.961418
98.5 1.14864
98.6 1.04609
98.7 1.07699
98.8 1.01172
98.9 0.999426
99 0.931675
99.1 1.01113
99.2 1.00301
99.3 0.990583
99.4 1.2072
99.5 1.23821
99.6 1.01142
99.7 1.01282
99.8 1.10966
99.9 1.03031
100 0.495717
