23.6195 0.0360599
23.6749 0.0991646
23.7304 0.279464
23.7858 0.495823
23.8413 1.02771
23.8968 1.53254
23.9522 1.8661
24.0077 2.1095
24.0632 2.36192
24.1186 1.60466
24.1741 1.34323
24.2296 0.964601
24.285 0.459763
24.3405 0.306509
24.3959 0.297494
24.4514 0.144239
24.5069 0.126209
24.5623 0.0721197
24.6178 0.0270449
24.6733 0.0180299
24.7287 0.0180299
24.7842 0.00901496
24.8397 0
24.8951 0.00901496
24.9506 0.00901496
25.006 0.00901496
25.0615 0
25.117 0
25.1724 0.0270449
25.2279 0.00901496
25.2834 0.0270449
25.3388 0.00901496
25.3943 0.0360599
25.4497 0.0450748
25.5052 0.0270449
25.5607 0.0721197
25.6161 0.117195
25.6716 0.0991646
25.7271 0.180299
25.7825 0.216359
25.838 0.234389
25.8935 0.333554
25.9489 0.387643
26.0044 0.387643
26.0598 0.306509
26.1153 0.135224
26.1708 0.0811347
26.2262 0.0360599
26.2817 0.0180299
26.3372 0.0180299
