0 0.732841
0.1 0.629015
0.2 0.707736
0.3 0.619528
0.4 0.70858
0.5 0.688383
0.6 0.757365
0.7 0.771812
0.8 0.765615
0.9 0.871232
1 0.881398
1.1 0.902067
1.2 0.868012
1.3 0.98124
1.4 1.01226
1.5 0.93842
1.6 0.915452
1.7 0.930615
1.8 1.02778
1.9 0.916674
2 0.99196
2.1 1.04865
2.2 1.13373
2.3 1.05997
2.4 1.1336
2.5 1.06637
2.6 1.16331
2.7 1.29258
2.8 1.33194
2.9 1.19239
3 1.21662
3.1 1.12533
3.2 1.07092
3.3 1.09443
3.4 1.27283
3.5 1.166
3.6 1.1548
3.7 1.16717
3.8 1.24313
3.9 1.19515
4 1.13591
4.1 1.24313
4.2 1.14664
4.3 1.15297
4.4 1.16613
4.5 1.2865
4.6 1.27051
4.7 1.12152
4.8 1.37878
4.9 1.18762
5 1.24055
5.1 1.23916
5.2 1.26896
5.3 1.19112
5.4 1.1656
5.5 1.13342
5.6 1.20623
5.7 1.38162
5.8 1.42452
5.9 1.32705
6 1.33011
6.1 1.28168
6.2 1.18366
6.3 1.34666
6.4 1.27869
6.5 1.31281
6.6 1.32844
6.7 1.23438
6.8 1.34854
6.9 1.16723
7 1.2924
7.1 1.21602
7.2 1.21724
7.3 1.3611
7.4 1.15352
7.5 1.41888
7.6 1.20983
7.7 1.27261
7.8 1.28054
7.9 1.35697
8 1.41012
8.1 1.35825
8.2 1.27956
8.3 1.2872
8.4 1.33236
8.5 1.31978
8.6 1.28553
8.7 1.31303
8.8 1.29083
8.9 1.39265
9 1.26371
9.1 1.37999
9.2 1.34197
9.3 1.21006
9.4 1.18441
9.5 1.40378
9.6 1.29649
9.7 1.34587
9.8 1.26966
9.9 1.32827
10 1.58138
10.1 1.34855
10.2 1.27366
10.3 1.32023
10.4 1.26756
10.5 1.17284
10.6 1.32208
10.7 1.28324
10.8 1.38925
10.9 1.39789
11 1.30577
11.1 1.2648
11.2 1.38421
11.3 1.24581
11.4 1.3807
11.5 1.18378
11.6 1.26849
11.7 1.30056
11.8 1.36017
11.9 1.33229
12 1.21347
12.1 1.32652
12.2 1.30319
12.3 1.35254
12.4 1.36826
12.5 1.20523
12.6 1.17509
12.7 1.2793
12.8 1.27638
12.9 1.26139
13 1.34118
13.1 1.1993
13.2 1.3392
13.3 1.34969
13.4 1.28279
13.5 1.26966
13.6 1.29414
13.7 1.21901
13.8 1.22305
13.9 1.31802
14 1.29198
14.1 1.13725
14.2 1.27569
14.3 1.3484
14.4 1.15968
14.5 1.34547
14.6 1.27118
14.7 1.28146
14.8 1.32243
14.9 1.10525
15 1.28535
15.1 1.24646
15.2 1.21958
15.3 1.21309
15.4 1.27781
15.5 1.2557
15.6 1.29482
15.7 1.31114
15.8 1.33142
15.9 1.27941
16 1.2242
16.1 1.14843
16.2 1.18989
16.3 1.31808
16.4 1.10113
16.5 1.22015
16.6 1.27736
16.7 1.23308
16.8 1.1484
16.9 1.23049
17 1.23816
17.1 1.35203
17.2 1.23491
17.3 1.19694
17.4 1.18296
17.5 1.27891
17.6 1.19864
17.7 1.25973
17.8 1.14135
17.9 1.09782
18 1.23472
18.1 1.32056
18.2 1.25274
18.3 1.18158
18.4 1.19025
18.5 1.26197
18.6 1.19636
18.7 1.27347
18.8 1.13439
18.9 1.32218
19 1.23792
19.1 1.37273
19.2 1.22883
19.3 1.22135
19.4 1.23809
19.5 1.17914
19.6 1.21692
19.7 1.21518
19.8 1.4456
19.9 1.22749
20 1.22116
20.1 1.08234
20.2 1.22539
20.3 1.30832
20.4 1.17103
20.5 1.3179
20.6 1.26157
20.7 1.18781
20.8 1.19235
20.9 1.12054
21 1.20329
21.1 1.14743
21.2 1.21566
21.3 1.06653
21.4 1.02115
21.5 1.15677
21.6 1.18532
21.7 1.16432
21.8 1.07106
21.9 1.18699
22 1.47878
22.1 1.1632
22.2 1.1323
22.3 1.12244
22.4 1.15245
22.5 1.14936
22.6 1.08301
22.7 1.07464
22.8 1.18748
22.9 1.18372
23 1.13061
23.1 1.11032
23.2 1.17412
23.3 1.04961
23.4 1.08793
23.5 1.06716
23.6 1.21421
23.7 1.07181
23.8 1.04706
23.9 1.07401
24 1.11314
24.1 1.16848
24.2 1.08007
24.3 1.15635
24.4 1.23914
24.5 1.22941
24.6 1.15306
24.7 1.22016
24.8 1.07933
24.9 1.28266
25 1.17866
25.1 1.18369
25.2 1.16127
25.3 1.06518
25.4 1.09118
25.5 1.12255
25.6 1.08658
25.7 1.05834
25.8 0.974084
25.9 1.06409
26 1.16487
26.1 1.00785
26.2 1.09719
26.3 1.0616
26.4 1.11059
26.5 1.04017
26.6 0.996929
26.7 1.1235
26.8 1.12359
26.9 1.11979
27 1.09797
27.1 1.10801
27.2 1.12529
27.3 1.08568
27.4 1.19949
27.5 1.08648
27.6 1.13618
27.7 1.08837
27.8 1.08691
27.9 0.938307
28 1.05165
28.1 1.07664
28.2 1.09209
28.3 1.20705
28.4 1.19241
28.5 1.00064
28.6 1.02961
28.7 1.11956
28.8 1.06343
28.9 1.07414
29 1.0176
29.1 1.01616
29.2 0.960822
29.3 1.14825
29.4 1.11458
29.5 1.02342
29.6 1.03889
29.7 1.10083
29.8 1.1441
29.9 1.11834
30 1.0124
30.1 1.01862
30.2 1.03827
30.3 1.15846
30.4 0.949258
30.5 1.20624
30.6 1.03799
30.7 1.14284
30.8 1.06532
30.9 1.18202
31 1.15131
31.1 0.949276
31.2 1.06148
31.3 1.05607
31.4 1.07185
31.5 0.989471
31.6 1.10371
31.7 1.08291
31.8 1.01407
31.9 1.2181
32 0.992044
32.1 0.954044
32.2 1.10928
32.3 1.10438
32.4 1.18312
32.5 1.11319
32.6 1.12576
32.7 1.18328
32.8 1.10369
32.9 1.14125
33 1.06692
33.1 1.16678
33.2 1.18223
33.3 0.949236
33.4 1.0734
33.5 1.04725
33.6 1.09588
33.7 1.16737
33.8 1.16131
33.9 1.12129
34 1.18203
34.1 1.11228
34.2 1.0475
34.3 1.06991
34.4 1.07704
34.5 0.98151
34.6 1.1218
34.7 1.12132
34.8 1.08598
34.9 1.23911
35 1.26194
35.1 0.945342
35.2 1.05327
35.3 1.14772
35.4 1.23217
35.5 1.00848
35.6 1.1305
35.7 1.06567
35.8 0.891404
35.9 1.12782
36 1.11
36.1 1.03049
36.2 1.07529
36.3 0.988644
36.4 1.11174
36.5 1.14846
36.6 1.07718
36.7 1.16206
36.8 1.02029
36.9 1.04925
37 1.10741
37.1 1.13633
37.2 1.05516
37.3 0.972434
37.4 1.08442
37.5 1.20489
37.6 1.04702
37.7 1.01065
37.8 1.07251
37.9 0.930733
38 1.08946
38.1 0.993657
38.2 1.00502
38.3 1.05141
38.4 1.01983
38.5 0.987624
38.6 1.06048
38.7 1.06068
38.8 1.03687
38.9 1.00523
39 1.21464
39.1 1.02976
39.2 1.03924
39.3 0.944392
39.4 0.895036
39.5 1.03653
39.6 0.927458
39.7 0.987976
39.8 1.0546
39.9 0.98139
40 1.01968
40.1 1.02126
40.2 1.0732
40.3 1.07823
40.4 1.19247
40.5 1.02791
40.6 1.07044
40.7 1.02268
40.8 1.03401
40.9 1.05625
41 1.13965
41.1 1.13492
41.2 1.00363
41.3 1.03006
41.4 1.03656
41.5 0.981043
41.6 0.974477
41.7 1.03854
41.8 1.0038
41.9 1.09062
42 1.09138
42.1 1.10437
42.2 1.04055
42.3 0.940293
42.4 0.94179
42.5 1.05743
42.6 0.982798
42.7 1.15912
42.8 1.06621
42.9 0.997649
43 1.11038
43.1 1.16929
43.2 1.0222
43.3 1.08692
43.4 0.984856
43.5 1.05677
43.6 1.10534
43.7 1.10259
43.8 0.979697
43.9 1.18464
44 1.07625
44.1 0.948103
44.2 1.08562
44.3 0.909038
44.4 1.04332
44.5 0.879308
44.6 1.04475
44.7 0.930056
44.8 1.11207
44.9 1.07696
45 0.989402
45.1 1.06239
45.2 1.02572
45.3 1.16289
45.4 1.23206
45.5 1.11352
45.6 1.1123
45.7 1.01202
45.8 1.08797
45.9 1.07748
46 0.993444
46.1 1.13726
46.2 1.24071
46.3 1.12371
46.4 0.951953
46.5 1.05426
46.6 0.983843
46.7 1.11296
46.8 0.96532
46.9 1.1517
47 1.04406
47.1 1.02995
47.2 1.10362
47.3 1.15709
47.4 1.03797
47.5 1.08402
47.6 1.18622
47.7 1.05095
47.8 1.08266
47.9 0.95384
48 1.14385
48.1 1.17734
48.2 1.165
48.3 1.09764
48.4 1.14813
48.5 1.18271
48.6 1.07566
48.7 1.06158
48.8 1.02263
48.9 1.07065
49 0.91332
49.1 0.97275
49.2 1.15238
49.3 1.16812
49.4 1.17186
49.5 1.11055
49.6 1.11963
49.7 1.1314
49.8 1.07061
49.9 1.1029
50 1.00196
50.1 1.0895
50.2 1.07985
50.3 1.0438
50.4 1.13023
50.5 1.19862
50.6 1.06426
50.7 1.07458
50.8 1.11706
50.9 1.0638
51 1.08027
51.1 1.22619
51.2 1.17458
51.3 1.07136
51.4 1.28388
51.5 1.16124
51.6 1.22181
51.7 1.1586
51.8 1.09521
51.9 1.13738
52 1.1366
52.1 1.04708
52.2 1.12947
52.3 1.15567
52.4 1.08393
52.5 1.11797
52.6 1.06387
52.7 1.15384
52.8 1.00076
52.9 1.02274
53 1.01142
53.1 1.25155
53.2 1.15398
53.3 1.01295
53.4 1.01504
53.5 1.17981
53.6 1.04589
53.7 1.08299
53.8 1.02281
53.9 1.09893
54 1.17547
54.1 1.01885
54.2 1.00278
54.3 1.09942
54.4 1.01756
54.5 1.09077
54.6 1.07896
54.7 1.00802
54.8 1.14002
54.9 1.17439
55 1.10675
55.1 1.25721
55.2 1.01204
55.3 1.03337
55.4 1.01319
55.5 1.20658
55.6 0.951414
55.7 1.07458
55.8 0.976914
55.9 1.05426
56 1.16041
56.1 1.11794
56.2 1.1633
56.3 1.03517
56.4 1.18203
56.5 1.15617
56.6 1.16344
56.7 1.14736
56.8 1.03435
56.9 1.05089
57 0.909154
57.1 1.1017
57.2 0.925732
57.3 1.07632
57.4 1.09473
57.5 1.00317
57.6 1.09305
57.7 1.10314
57.8 1.09499
57.9 1.07147
58 1.09763
58.1 1.09688
58.2 1.08548
58.3 1.12783
58.4 1.05671
58.5 1.13405
58.6 1.1298
58.7 0.987933
58.8 1.16444
58.9 1.07849
59 1.03577
59.1 1.11131
59.2 1.14979
59.3 0.98934
59.4 1.01458
59.5 0.950468
59.6 0.927615
59.7 1.13895
59.8 1.15599
59.9 1.07589
60 1.10419
60.1 1.01122
60.2 1.10126
60.3 1.09947
60.4 1.27854
60.5 1.18763
60.6 0.978141
60.7 1.11571
60.8 1.03732
60.9 1.06686
61 1.06667
61.1 1.07954
61.2 1.07279
61.3 1.08392
61.4 1.06684
61.5 1.1279
61.6 1.03146
61.7 1.02323
61.8 1.03523
61.9 0.958942
62 0.973638
62.1 1.06353
62.2 0.969898
62.3 1.14762
62.4 1.22516
62.5 1.18886
62.6 1.24779
62.7 1.07189
62.8 0.932423
62.9 0.972614
63 1.07197
63.1 0.98451
63.2 1.01872
63.3 1.08464
63.4 1.0679
63.5 1.05347
63.6 1.10401
63.7 1.01567
63.8 1.10916
63.9 1.02711
64 0.932224
64.1 1.00553
64.2 1.07333
64.3 1.1573
64.4 0.996607
64.5 1.01148
64.6 1.17903
64.7 0.9192
64.8 1.00658
64.9 1.02179
65 1.1473
65.1 1.07849
65.2 1.07784
65.3 1.08171
65.4 1.08941
65.5 0.935436
65.6 1.06131
65.7 1.05226
65.8 1.04866
65.9 0.927092
66 1.03815
66.1 1.05729
66.2 1.10943
66.3 1.18108
66.4 1.11021
66.5 1.0336
66.6 0.973927
66.7 1.09423
66.8 1.05039
66.9 1.12346
67 1.0517
67.1 1.01367
67.2 1.07209
67.3 1.16512
67.4 1.07221
67.5 1.09433
67.6 1.10976
67.7 1.01767
67.8 0.92617
67.9 1.19024
68 1.01658
68.1 0.958192
68.2 1.12155
68.3 1.05752
68.4 1.14949
68.5 1.10147
68.6 1.07685
68.7 1.0902
68.8 1.00464
68.9 1.04027
69 1.05543
69.1 1.04512
69.2 1.09554
69.3 0.947895
69.4 0.979252
69.5 1.00343
69.6 1.01428
69.7 0.94566
69.8 0.999328
69.9 0.973321
70 1.04341
70.1 1.11572
70.2 1.0817
70.3 1.14071
70.4 1.04683
70.5 1.12617
70.6 1.0608
70.7 1.13348
70.8 1.05689
70.9 0.967906
71 1.09065
71.1 0.943956
71.2 0.925364
71.3 0.953994
71.4 0.94756
71.5 1.03583
71.6 1.05747
71.7 1.04799
71.8 1.03416
71.9 1.0007
72 1.11815
72.1 1.15078
72.2 1.04668
72.3 1.01195
72.4 1.12121
72.5 1.01509
72.6 1.04236
72.7 1.04422
72.8 1.02334
72.9 1.01761
73 1.01419
73.1 0.936286
73.2 1.00693
73.3 0.935935
73.4 0.955308
73.5 0.94094
73.6 0.924053
73.7 0.956386
73.8 0.988083
73.9 1.13734
74 1.16111
74.1 1.21527
74.2 1.01223
74.3 1.02829
74.4 0.984283
74.5 0.889028
74.6 1.11015
74.7 0.994383
74.8 1.13998
74.9 1.03236
75 0.925792
75.1 0.954291
75.2 1.12047
75.3 1.03783
75.4 0.987285
75.5 1.22461
75.6 1.1147
75.7 1.10612
75.8 1.01928
75.9 1.09145
76 1.01136
76.1 1.03242
76.2 1.04939
76.3 1.09921
76.4 1.06243
76.5 1.09924
76.6 1.07803
76.7 0.996978
76.8 1.10844
76.9 1.05664
77 1.00022
77.1 1.03035
77.2 1.02168
77.3 0.937622
77.4 1.08038
77.5 1.0539
77.6 1.09117
77.7 1.16556
77.8 1.14003
77.9 1.14486
78 0.913441
78.1 1.14325
78.2 1.07838
78.3 1.09039
78.4 1.18533
78.5 1.01284
78.6 1.09813
78.7 1.05695
78.8 1.03752
78.9 1.11488
79 1.06683
79.1 1.09952
79.2 0.970624
79.3 1.1126
79.4 1.14209
79.5 1.02689
79.6 1.08899
79.7 1.11546
79.8 1.03598
79.9 1.05919
80 1.0378
80.1 1.00624
80.2 1.04586
80.3 1.08109
80.4 1.07417
80.5 0.994882
80.6 1.08911
80.7 1.12013
80.8 1.04811
80.9 1.03917
81 1.00946
81.1 1.19599
81.2 1.08205
81.3 1.0583
81.4 1.18247
81.5 1.17531
81.6 1.09316
81.7 1.10652
81.8 1.11959
81.9 0.950866
82 0.973665
82.1 1.04692
82.2 1.13249
82.3 0.999802
82.4 1.08954
82.5 1.09042
82.6 1.0379
82.7 1.08712
82.8 1.03543
82.9 1.03589
83 1.05171
83.1 0.932709
83.2 1.08778
83.3 1.01985
83.4 1.11375
83.5 1.12839
83.6 0.906182
83.7 1.027
83.8 1.00427
83.9 1.11898
84 1.06132
84.1 1.12307
84.2 1.2028
84.3 1.03209
84.4 0.982467
84.5 1.00486
84.6 1.08453
84.7 1.10278
84.8 1.10879
84.9 1.0817
85 1.04644
85.1 1.12284
85.2 1.11195
85.3 1.24667
85.4 1.16996
85.5 0.991071
85.6 1.04177
85.7 1.0872
85.8 1.12118
85.9 1.03928
86 1.14141
86.1 1.0254
86.2 1.16842
86.3 1.04157
86.4 1.11474
86.5 1.09232
86.6 1.03788
86.7 1.00202
86.8 0.972454
86.9 0.987424
87 1.15138
87.1 1.04803
87.2 1.02958
87.3 0.974399
87.4 1.11585
87.5 1.00169
87.6 1.04306
87.7 0.945097
87.8 0.916847
87.9 0.99015
88 1.02378
88.1 1.20222
88.2 1.07585
88.3 1.06825
88.4 1.03866
88.5 1.11327
88.6 1.11068
88.7 1.06977
88.8 1.16468
88.9 1.08421
89 1.04157
89.1 0.98617
89.2 1.14739
89.3 1.11791
89.4 1.06208
89.5 0.983437
89.6 1.02573
89.7 1.10294
89.8 1.23789
89.9 1.23875
90 1.04711
90.1 0.969506
90.2 1.14049
90.3 1.2001
90.4 1.07394
90.5 1.14652
90.6 1.15088
90.7 1.08114
90.8 0.988218
90.9 1.07548
91 1.2163
91.1 1.06562
91.2 1.05807
91.3 1.04046
91.4 1.12389
91.5 1.14261
91.6 1.12146
91.7 0.979443
91.8 1.09117
91.9 1.08896
92 1.04981
92.1 1.00745
92.2 1.08624
92.3 1.04209
92.4 1.15071
92.5 1.15905
92.6 1.07302
92.7 1.09724
92.8 1.09942
92.9 1.02981
93 1.02321
93.1 1.17705
93.2 1.19554
93.3 1.22944
93.4 1.05488
93.5 1.06479
93.6 1.1378
93.7 1.08118
93.8 1.15785
93.9 1.12361
94 1.1418
94.1 1.19824
94.2 1.0563
94.3 1.06267
94.4 1.16164
94.5 1.08614
94.6 1.21531
94.7 1.071
94.8 1.05199
94.9 1.03307
95 1.09412
95.1 1.08419
95.2 1.03997
95.3 1.0226
95.4 1.02796
95.5 1.04851
95.6 1.11649
95.7 1.13595
95.8 1.26514
95.9 1.13963
96 1.1889
96.1 1.07137
96.2 1.17019
96.3 1.11294
96.4 1.10257
96.5 1.08381
96.6 1.04344
96.7 1.08385
96.8 1.05835
96.9 1.10087
97 1.14423
97.1 1.20951
97.2 1.16499
97.3 1.12874
97.4 1.06086
97.5 1.10851
97.6 1.15533
97.7 1.27468
97.8 1.1962
97.9 1.03995
98 1.08901
98.1 0.981716
98.2 1.02513
98.3 1.0341
98.4 1.09851
98.5 1.18134
98.6 1.03082
98.7 1.14772
98.8 1.16689
98.9 1.09956
99 1.20575
99.1 1.16889
99.2 1.1823
99.3 1.14111
99.4 1.13063
99.5 1.23064
99.6 1.10571
99.7 1.19188
99.8 1.26191
99.9 1.02061
100 0.79359
