33.6149 0.049958
33.665 0.119899
33.715 0.299748
33.765 0.749371
33.8151 1.03913
33.8651 1.72855
33.9152 2.15819
33.9652 2.51789
34.0152 2.66776
34.0653 2.43795
34.1153 2.0283
34.1654 1.24895
34.2154 1.09908
34.2655 0.589505
34.3155 0.469606
34.3655 0.24979
34.4156 0.0699413
34.4656 0.109908
34.5157 0.049958
34.5657 0.0199832
34.6158 0.00999161
34.6658 0.0299748
34.7158 0
34.7659 0.0199832
34.8159 0
34.866 0.0299748
34.916 0
34.966 0
35.0161 0.00999161
35.0661 0.00999161
35.1162 0.00999161
35.1662 0
35.2163 0
35.2663 0
35.3163 0.00999161
35.3664 0
35.4164 0
35.4665 0.0199832
35.5165 0.00999161
35.5665 0
35.6166 0
35.6666 0
35.7167 0.00999161
35.7667 0
35.8168 0.00999161
35.8668 0.0199832
35.9168 0.0199832
35.9669 0.0199832
36.0169 0.00999161
36.067 0.0299748
