0 -5.2805
0.1 -5.33474
0.2 -5.33409
0.3 -5.31522
0.4 -5.35895
0.5 -5.32301
0.6 -5.30976
0.7 -5.31752
0.8 -5.30012
0.9 -5.29559
1 -5.34149
1.1 -5.28024
1.2 -5.32762
1.3 -5.32651
1.4 -5.32317
1.5 -5.26421
1.6 -5.2881
1.7 -5.29351
1.8 -5.2976
1.9 -5.32238
2 -5.30474
2.1 -5.24143
2.2 -5.26639
2.3 -5.27694
2.4 -5.30098
2.5 -5.27366
2.6 -5.32031
2.7 -5.31055
2.8 -5.35435
2.9 -5.28632
3 -5.3153
3.1 -5.24455
3.2 -5.25898
3.3 -5.2854
3.4 -5.34556
3.5 -5.33021
3.6 -5.25646
3.7 -5.24612
3.8 -5.26985
3.9 -5.29042
4 -5.26592
4.1 -5.22197
4.2 -5.31821
4.3 -5.25631
4.4 -5.28456
4.5 -5.31118
4.6 -5.27665
4.7 -5.24942
4.8 -5.27285
4.9 -5.26088
5 -5.24283
5.1 -5.2945
5.2 -5.25807
5.3 -5.26055
5.4 -5.28294
5.5 -5.21638
5.6 -5.24447
5.7 -5.26932
5.8 -5.23872
5.9 -5.24464
6 -5.28777
6.1 -5.27508
6.2 -5.20302
6.3 -5.22982
6.4 -5.24987
6.5 -5.25025
6.6 -5.25903
6.7 -5.24791
6.8 -5.25722
6.9 -5.21555
7 -5.24369
7.1 -5.24699
7.2 -5.20575
7.3 -5.2359
7.4 -5.25085
7.5 -5.27848
7.6 -5.16497
7.7 -5.23008
7.8 -5.22636
7.9 -5.21165
8 -5.19225
8.1 -5.21665
8.2 -5.20193
8.3 -5.18906
8.4 -5.2423
8.5 -5.2194
8.6 -5.2322
8.7 -5.19114
8.8 -5.22168
8.9 -5.22776
9 -5.22404
9.1 -5.24877
9.2 -5.21968
9.3 -5.17947
9.4 -5.20947
9.5 -5.20886
9.6 -5.20827
9.7 -5.26253
9.8 -5.22102
9.9 -5.21153
10 -5.26553
10.1 -5.21065
10.2 -5.24834
10.3 -5.1786
10.4 -5.22936
10.5 -5.24141
10.6 -5.19363
10.7 -5.16971
10.8 -5.18531
10.9 -5.24492
11 -5.22846
11.1 -5.21182
11.2 -5.21827
11.3 -5.20233
11.4 -5.2009
11.5 -5.18282
11.6 -5.24114
11.7 -5.21493
11.8 -5.1933
11.9 -5.19196
12 -5.17663
12.1 -5.17304
12.2 -5.21374
12.3 -5.21578
12.4 -5.20523
12.5 -5.19844
12.6 -5.2019
12.7 -5.20847
12.8 -5.1928
12.9 -5.18974
13 -5.17346
13.1 -5.19618
13.2 -5.18827
13.3 -5.14169
13.4 -5.20014
13.5 -5.12952
13.6 -5.15572
13.7 -5.17187
13.8 -5.21111
13.9 -5.19007
14 -5.17345
14.1 -5.18758
14.2 -5.11851
14.3 -5.20904
14.4 -5.19015
14.5 -5.19377
14.6 -5.15302
14.7 -5.16896
14.8 -5.19821
14.9 -5.21403
15 -5.16214
15.1 -5.15502
15.2 -5.22708
15.3 -5.19715
15.4 -5.15635
15.5 -5.18465
15.6 -5.18907
15.7 -5.20188
15.8 -5.15869
15.9 -5.1659
16 -5.18709
16.1 -5.15936
16.2 -5.1736
16.3 -5.20917
16.4 -5.22571
16.5 -5.15844
16.6 -5.19419
16.7 -5.24559
16.8 -5.20167
16.9 -5.19828
17 -5.24863
17.1 -5.17389
17.2 -5.17956
17.3 -5.20377
17.4 -5.19076
17.5 -5.15726
17.6 -5.16722
17.7 -5.18192
17.8 -5.18175
17.9 -5.21651
18 -5.1978
18.1 -5.16717
18.2 -5.23368
18.3 -5.21167
18.4 -5.16879
18.5 -5.18413
18.6 -5.14027
18.7 -5.19155
18.8 -5.20728
18.9 -5.19851
19 -5.17535
19.1 -5.15587
19.2 -5.17568
19.3 -5.16509
19.4 -5.14797
19.5 -5.13223
19.6 -5.17809
19.7 -5.13771
19.8 -5.14173
19.9 -5.16142
20 -5.18938
20.1 -5.21436
20.2 -5.15693
20.3 -5.14589
20.4 -5.15618
20.5 -5.17441
20.6 -5.1963
20.7 -5.15958
20.8 -5.17811
20.9 -5.16892
21 -5.18538
21.1 -5.19963
21.2 -5.15928
21.3 -5.18282
21.4 -5.12757
21.5 -5.14667
21.6 -5.1471
21.7 -5.21908
21.8 -5.18827
21.9 -5.21206
22 -5.16909
22.1 -5.20392
22.2 -5.17997
22.3 -5.17348
22.4 -5.20503
22.5 -5.15122
22.6 -5.20036
22.7 -5.18212
22.8 -5.22645
22.9 -5.17553
23 -5.20313
23.1 -5.2346
23.2 -5.17392
23.3 -5.19656
23.4 -5.25026
23.5 -5.22565
23.6 -5.17312
23.7 -5.22213
23.8 -5.19056
23.9 -5.18475
24 -5.22812
24.1 -5.14604
24.2 -5.18607
24.3 -5.16575
24.4 -5.18097
24.5 -5.20112
24.6 -5.22168
24.7 -5.18822
24.8 -5.13625
24.9 -5.12978
25 -5.20974
25.1 -5.17785
25.2 -5.17686
25.3 -5.18238
25.4 -5.12934
25.5 -5.16526
25.6 -5.20335
25.7 -5.17855
25.8 -5.16901
25.9 -5.17378
26 -5.1901
26.1 -5.20794
26.2 -5.19813
26.3 -5.15763
26.4 -5.16316
26.5 -5.164
26.6 -5.15841
26.7 -5.19062
26.8 -5.16489
26.9 -5.17241
27 -5.14128
27.1 -5.13465
27.2 -5.17438
27.3 -5.14132
27.4 -5.16828
27.5 -5.07812
27.6 -5.13982
27.7 -5.14796
27.8 -5.16169
27.9 -5.13748
28 -5.13733
28.1 -5.18222
28.2 -5.18745
28.3 -5.15848
28.4 -5.10698
28.5 -5.11414
28.6 -5.15486
28.7 -5.16298
28.8 -5.09437
28.9 -5.16377
29 -5.17764
29.1 -5.17381
29.2 -5.12608
29.3 -5.10705
29.4 -5.12508
29.5 -5.1392
29.6 -5.09234
29.7 -5.14174
29.8 -5.14055
29.9 -5.15678
30 -5.13753
30.1 -5.13031
30.2 -5.12871
30.3 -5.13267
30.4 -5.12677
30.5 -5.14271
30.6 -5.11618
30.7 -5.14861
30.8 -5.16657
30.9 -5.17677
31 -5.11345
31.1 -5.19462
31.2 -5.17508
31.3 -5.16416
31.4 -5.20199
31.5 -5.13671
31.6 -5.12075
31.7 -5.16001
31.8 -5.16948
31.9 -5.08855
32 -5.16792
32.1 -5.17672
32.2 -5.14787
32.3 -5.14016
32.4 -5.16305
32.5 -5.08305
32.6 -5.19734
32.7 -5.14395
32.8 -5.17737
32.9 -5.17526
33 -5.14024
33.1 -5.15433
33.2 -5.1336
33.3 -5.16603
33.4 -5.1618
33.5 -5.13278
33.6 -5.15871
33.7 -5.15046
33.8 -5.14428
33.9 -5.11577
34 -5.11868
34.1 -5.09653
34.2 -5.11491
34.3 -5.12853
34.4 -5.12367
34.5 -5.15673
34.6 -5.14956
34.7 -5.16677
34.8 -5.10669
34.9 -5.11195
35 -5.16441
35.1 -5.15747
35.2 -5.1515
35.3 -5.13901
35.4 -5.13371
35.5 -5.13675
35.6 -5.1024
35.7 -5.15119
35.8 -5.18229
35.9 -5.10036
36 -5.14437
36.1 -5.10822
36.2 -5.15897
36.3 -5.14257
36.4 -5.12827
36.5 -5.15183
36.6 -5.16135
36.7 -5.13833
36.8 -5.16745
36.9 -5.14272
37 -5.09115
37.1 -5.11968
37.2 -5.10863
37.3 -5.13824
37.4 -5.12203
37.5 -5.10949
37.6 -5.1221
37.7 -5.14133
37.8 -5.15127
37.9 -5.16605
38 -5.15173
38.1 -5.15998
38.2 -5.12745
38.3 -5.12156
38.4 -5.13651
38.5 -5.12738
38.6 -5.13046
38.7 -5.13129
38.8 -5.1422
38.9 -5.09651
39 -5.16898
39.1 -5.11019
39.2 -5.10324
39.3 -5.1087
39.4 -5.16493
39.5 -5.18944
39.6 -5.13225
39.7 -5.15373
39.8 -5.12872
39.9 -5.1578
40 -5.13765
40.1 -5.16756
40.2 -5.19608
40.3 -5.17317
40.4 -5.12192
40.5 -5.14077
40.6 -5.13421
40.7 -5.15548
40.8 -5.14305
40.9 -5.19631
41 -5.185
41.1 -5.15994
41.2 -5.17186
41.3 -5.14947
41.4 -5.17528
41.5 -5.18105
41.6 -5.13576
41.7 -5.14103
41.8 -5.1624
41.9 -5.13081
42 -5.12154
42.1 -5.15233
42.2 -5.12031
42.3 -5.18181
42.4 -5.14985
42.5 -5.17036
42.6 -5.19958
42.7 -5.15771
42.8 -5.19272
42.9 -5.11086
43 -5.19452
43.1 -5.15249
43.2 -5.19283
43.3 -5.17535
43.4 -5.21789
43.5 -5.19448
43.6 -5.14683
43.7 -5.18993
43.8 -5.177
43.9 -5.17683
44 -5.17682
44.1 -5.18338
44.2 -5.15244
44.3 -5.23871
44.4 -5.18083
44.5 -5.20882
44.6 -5.11817
44.7 -5.17041
44.8 -5.18751
44.9 -5.19102
45 -5.12898
45.1 -5.17137
45.2 -5.20509
45.3 -5.12769
45.4 -5.15024
45.5 -5.1636
45.6 -5.23288
45.7 -5.1598
45.8 -5.12637
45.9 -5.12765
46 -5.13551
46.1 -5.15784
46.2 -5.16184
46.3 -5.11884
46.4 -5.16185
46.5 -5.16833
46.6 -5.14429
46.7 -5.14831
46.8 -5.10683
46.9 -5.13818
47 -5.14632
47.1 -5.12807
47.2 -5.14568
47.3 -5.14586
47.4 -5.16074
47.5 -5.20705
47.6 -5.19105
47.7 -5.22238
47.8 -5.16849
47.9 -5.16635
48 -5.19918
48.1 -5.14567
48.2 -5.1755
48.3 -5.19903
48.4 -5.20624
48.5 -5.2196
48.6 -5.16622
48.7 -5.22153
48.8 -5.18754
48.9 -5.1667
49 -5.17604
49.1 -5.1854
49.2 -5.22235
49.3 -5.19311
49.4 -5.22667
49.5 -5.15176
49.6 -5.20754
49.7 -5.19227
49.8 -5.17098
49.9 -5.19628
50 -5.21547
50.1 -5.18693
50.2 -5.20122
50.3 -5.16409
50.4 -5.16781
50.5 -5.18111
50.6 -5.19647
50.7 -5.18734
50.8 -5.19211
50.9 -5.22221
51 -5.18619
51.1 -5.21538
51.2 -5.23952
51.3 -5.26685
51.4 -5.22853
51.5 -5.18474
51.6 -5.21273
51.7 -5.24742
51.8 -5.25709
51.9 -5.23278
52 -5.22058
52.1 -5.17131
52.2 -5.22527
52.3 -5.2268
52.4 -5.22341
52.5 -5.15997
52.6 -5.1945
52.7 -5.20045
52.8 -5.19839
52.9 -5.21224
53 -5.1887
53.1 -5.20043
53.2 -5.24546
53.3 -5.21053
53.4 -5.21702
53.5 -5.21824
53.6 -5.21265
53.7 -5.19864
53.8 -5.21476
53.9 -5.21381
54 -5.18405
54.1 -5.20759
54.2 -5.1979
54.3 -5.21626
54.4 -5.15604
54.5 -5.20296
54.6 -5.23203
54.7 -5.13561
54.8 -5.22167
54.9 -5.18256
55 -5.18128
55.1 -5.20509
55.2 -5.16454
55.3 -5.22527
55.4 -5.17478
55.5 -5.16588
55.6 -5.20822
55.7 -5.21539
55.8 -5.23663
55.9 -5.22959
56 -5.25611
56.1 -5.19382
56.2 -5.22139
56.3 -5.16735
56.4 -5.22028
56.5 -5.22012
56.6 -5.20385
56.7 -5.23029
56.8 -5.15265
56.9 -5.17408
57 -5.16354
57.1 -5.17332
57.2 -5.20317
57.3 -5.15605
57.4 -5.22617
57.5 -5.1293
57.6 -5.20716
57.7 -5.18109
57.8 -5.22323
57.9 -5.16037
58 -5.16729
58.1 -5.1652
58.2 -5.17509
58.3 -5.21946
58.4 -5.1202
58.5 -5.13857
58.6 -5.19257
58.7 -5.19221
58.8 -5.16856
58.9 -5.20933
59 -5.17887
59.1 -5.11517
59.2 -5.21011
59.3 -5.20452
59.4 -5.18826
59.5 -5.25592
59.6 -5.16195
59.7 -5.1548
59.8 -5.19149
59.9 -5.19193
60 -5.17662
60.1 -5.19936
60.2 -5.21477
60.3 -5.15795
60.4 -5.21646
60.5 -5.1643
60.6 -5.13758
60.7 -5.18025
60.8 -5.23225
60.9 -5.14778
61 -5.19846
61.1 -5.17969
61.2 -5.17883
61.3 -5.19652
61.4 -5.22596
61.5 -5.22963
61.6 -5.20544
61.7 -5.22886
61.8 -5.23177
61.9 -5.17204
62 -5.18121
62.1 -5.18041
62.2 -5.18347
62.3 -5.20056
62.4 -5.17368
62.5 -5.18787
62.6 -5.21388
62.7 -5.21326
62.8 -5.20425
62.9 -5.21247
63 -5.1632
63.1 -5.23782
63.2 -5.24945
63.3 -5.21722
63.4 -5.22187
63.5 -5.26985
63.6 -5.20083
63.7 -5.2002
63.8 -5.23363
63.9 -5.2411
64 -5.24279
64.1 -5.26101
64.2 -5.21275
64.3 -5.19872
64.4 -5.21668
64.5 -5.23248
64.6 -5.23355
64.7 -5.22941
64.8 -5.19335
64.9 -5.202
65 -5.22615
65.1 -5.23236
65.2 -5.20637
65.3 -5.22083
65.4 -5.25402
65.5 -5.20883
65.6 -5.23726
65.7 -5.2133
65.8 -5.20082
65.9 -5.23023
66 -5.18047
66.1 -5.26263
66.2 -5.22596
66.3 -5.23676
66.4 -5.22056
66.5 -5.27413
66.6 -5.17956
66.7 -5.1819
66.8 -5.22493
66.9 -5.20565
67 -5.25117
67.1 -5.29035
67.2 -5.18294
67.3 -5.24105
67.4 -5.26868
67.5 -5.22801
67.6 -5.24348
67.7 -5.21297
67.8 -5.25658
67.9 -5.22154
68 -5.21807
68.1 -5.21979
68.2 -5.24748
68.3 -5.24578
68.4 -5.26544
68.5 -5.26478
68.6 -5.23266
68.7 -5.23216
68.8 -5.21685
68.9 -5.24349
69 -5.24801
69.1 -5.24896
69.2 -5.23485
69.3 -5.2566
69.4 -5.26481
69.5 -5.23224
69.6 -5.28385
69.7 -5.26069
69.8 -5.26278
69.9 -5.2788
70 -5.28194
70.1 -5.26564
70.2 -5.25951
70.3 -5.26579
70.4 -5.22928
70.5 -5.23182
70.6 -5.22784
70.7 -5.18077
70.8 -5.24301
70.9 -5.25403
71 -5.23609
71.1 -5.18736
71.2 -5.22607
71.3 -5.23022
71.4 -5.23326
71.5 -5.25508
71.6 -5.31505
71.7 -5.24459
71.8 -5.22742
71.9 -5.21512
72 -5.24293
72.1 -5.28967
72.2 -5.30541
72.3 -5.29813
72.4 -5.28594
72.5 -5.32133
72.6 -5.29606
72.7 -5.24066
72.8 -5.28501
72.9 -5.29698
73 -5.28807
73.1 -5.31692
73.2 -5.30101
73.3 -5.27526
73.4 -5.29596
73.5 -5.26632
73.6 -5.29104
73.7 -5.21838
73.8 -5.25277
73.9 -5.26428
74 -5.27784
74.1 -5.25614
74.2 -5.21772
74.3 -5.27059
74.4 -5.20959
74.5 -5.26162
74.6 -5.22813
74.7 -5.23101
74.8 -5.2669
74.9 -5.28737
75 -5.27883
75.1 -5.2234
75.2 -5.21756
75.3 -5.25659
75.4 -5.22656
75.5 -5.31738
75.6 -5.25713
75.7 -5.21144
75.8 -5.30073
75.9 -5.26544
76 -5.25898
76.1 -5.27067
76.2 -5.27203
76.3 -5.26114
76.4 -5.19576
76.5 -5.19305
76.6 -5.21521
76.7 -5.24916
76.8 -5.22619
76.9 -5.25114
77 -5.22271
77.1 -5.20587
77.2 -5.27009
77.3 -5.25598
77.4 -5.25737
77.5 -5.22844
77.6 -5.24457
77.7 -5.25739
77.8 -5.21497
77.9 -5.2044
78 -5.24184
78.1 -5.1921
78.2 -5.22767
78.3 -5.26075
78.4 -5.24835
78.5 -5.17578
78.6 -5.22147
78.7 -5.26143
78.8 -5.20106
78.9 -5.18417
79 -5.25176
79.1 -5.18352
79.2 -5.23687
79.3 -5.20008
79.4 -5.22415
79.5 -5.22998
79.6 -5.21382
79.7 -5.19167
79.8 -5.19804
79.9 -5.23876
80 -5.22216
80.1 -5.28463
80.2 -5.26147
80.3 -5.24827
80.4 -5.16665
80.5 -5.18866
80.6 -5.21303
80.7 -5.13428
80.8 -5.24284
80.9 -5.22717
81 -5.25591
81.1 -5.22789
81.2 -5.2125
81.3 -5.20111
81.4 -5.21459
81.5 -5.21738
81.6 -5.21898
81.7 -5.23262
81.8 -5.19481
81.9 -5.22575
82 -5.18374
82.1 -5.19607
82.2 -5.28348
82.3 -5.23769
82.4 -5.21339
82.5 -5.20493
82.6 -5.2271
82.7 -5.23286
82.8 -5.2594
82.9 -5.23385
83 -5.26468
83.1 -5.21991
83.2 -5.23264
83.3 -5.28309
83.4 -5.22701
83.5 -5.24915
83.6 -5.26649
83.7 -5.22317
83.8 -5.20783
83.9 -5.21385
84 -5.18188
84.1 -5.20955
84.2 -5.22081
84.3 -5.24446
84.4 -5.20061
84.5 -5.23046
84.6 -5.19646
84.7 -5.1688
84.8 -5.14223
84.9 -5.17382
85 -5.14049
85.1 -5.20902
85.2 -5.20973
85.3 -5.14449
85.4 -5.1708
85.5 -5.16056
85.6 -5.19675
85.7 -5.20358
85.8 -5.22138
85.9 -5.21256
86 -5.22686
86.1 -5.20435
86.2 -5.19998
86.3 -5.17152
86.4 -5.18279
86.5 -5.18837
86.6 -5.17938
86.7 -5.18404
86.8 -5.18671
86.9 -5.17175
87 -5.16038
87.1 -5.18737
87.2 -5.17974
87.3 -5.18725
87.4 -5.18391
87.5 -5.17588
87.6 -5.1717
87.7 -5.19127
87.8 -5.22181
87.9 -5.17018
88 -5.20551
88.1 -5.20015
88.2 -5.2163
88.3 -5.14504
88.4 -5.181
88.5 -5.19077
88.6 -5.19035
88.7 -5.21602
88.8 -5.1487
88.9 -5.15958
89 -5.19164
89.1 -5.20609
89.2 -5.23558
89.3 -5.20563
89.4 -5.20732
89.5 -5.16457
89.6 -5.1702
89.7 -5.15349
89.8 -5.2259
89.9 -5.28421
90 -5.21599
90.1 -5.26309
90.2 -5.21262
90.3 -5.18716
90.4 -5.23991
90.5 -5.20161
90.6 -5.22558
90.7 -5.25573
90.8 -5.26897
90.9 -5.22514
91 -5.18784
91.1 -5.2299
91.2 -5.2079
91.3 -5.20675
91.4 -5.21379
91.5 -5.19056
91.6 -5.24593
91.7 -5.21832
91.8 -5.21987
91.9 -5.27637
92 -5.17256
92.1 -5.16023
92.2 -5.23065
92.3 -5.24551
92.4 -5.25112
92.5 -5.21913
92.6 -5.19781
92.7 -5.22189
92.8 -5.19638
92.9 -5.20673
93 -5.19333
93.1 -5.16212
93.2 -5.28167
93.3 -5.24509
93.4 -5.2275
93.5 -5.25092
93.6 -5.24472
93.7 -5.22406
93.8 -5.25028
93.9 -5.16975
94 -5.24646
94.1 -5.20159
94.2 -5.20568
94.3 -5.23325
94.4 -5.2222
94.5 -5.25966
94.6 -5.22655
94.7 -5.22602
94.8 -5.27539
94.9 -5.22207
95 -5.19995
95.1 -5.22979
95.2 -5.28232
95.3 -5.27104
95.4 -5.2361
95.5 -5.22102
95.6 -5.25691
95.7 -5.2369
95.8 -5.21319
95.9 -5.22459
96 -5.23081
96.1 -5.23053
96.2 -5.24917
96.3 -5.24397
96.4 -5.26961
96.5 -5.27561
96.6 -5.23937
96.7 -5.27474
96.8 -5.2023
96.9 -5.22001
97 -5.22958
97.1 -5.25101
97.2 -5.1923
97.3 -5.19305
97.4 -5.26167
97.5 -5.26842
97.6 -5.21561
97.7 -5.28627
97.8 -5.24306
97.9 -5.23244
98 -5.20296
98.1 -5.22593
98.2 -5.24994
98.3 -5.292
98.4 -5.25073
98.5 -5.26653
98.6 -5.31213
98.7 -5.24165
98.8 -5.24199
98.9 -5.24947
99 -5.25873
99.1 -5.26678
99.2 -5.21844
99.3 -5.24731
99.4 -5.20462
99.5 -5.17078
99.6 -5.20097
99.7 -5.30116
99.8 -5.23248
99.9 -5.248
100 -4.48758
