8.5 4.94495
8.5015 4.87678
8.503 4.8089
8.5045 4.74133
8.506 4.67405
8.5075 4.60707
8.509 4.54038
8.51051 4.47398
8.51201 4.40788
8.51351 4.34207
8.51501 4.27655
8.51651 4.21133
8.51801 4.14639
8.51951 4.08175
8.52101 4.01739
8.52251 3.95333
8.52401 3.88955
8.52551 3.82606
8.52701 3.76285
8.52851 3.69993
8.53002 3.6373
8.53152 3.57495
8.53302 3.51289
8.53452 3.4511
8.53602 3.3896
8.53752 3.32839
8.53902 3.26745
8.54052 3.2068
8.54202 3.14642
8.54352 3.08632
8.54502 3.02651
8.54652 2.96697
8.54802 2.9077
8.54952 2.84872
8.55103 2.79001
8.55253 2.73157
8.55403 2.67341
8.55553 2.61553
8.55703 2.55791
8.55853 2.50057
8.56003 2.44351
8.56153 2.38671
8.56303 2.33018
8.56453 2.27393
8.56603 2.21794
8.56753 2.16222
8.56903 2.10677
8.57054 2.05159
8.57204 1.99667
8.57354 1.94202
8.57504 1.88764
8.57654 1.83352
8.57804 1.77966
8.57954 1.72607
8.58104 1.67274
8.58254 1.61967
8.58404 1.56686
8.58554 1.51432
8.58704 1.46203
8.58854 1.41001
8.59005 1.35824
8.59155 1.30673
8.59305 1.25548
8.59455 1.20449
8.59605 1.15375
8.59755 1.10327
8.59905 1.05304
8.60055 1.00307
8.60205 0.953355
8.60355 0.903889
8.60505 0.854677
8.60655 0.805716
8.60805 0.757006
8.60955 0.708547
8.61106 0.660338
8.61256 0.612379
8.61406 0.564668
8.61556 0.517205
8.61706 0.469989
8.61856 0.42302
8.62006 0.376298
8.62156 0.32982
8.62306 0.283588
8.62456 0.2376
8.62606 0.191856
8.62756 0.146354
8.62906 0.101095
8.63057 0.0560782
8.63207 0.011302
8.63357 -0.0332336
8.63507 -0.0775294
8.63657 -0.121586
8.63807 -0.165404
8.63957 -0.208984
8.64107 -0.252326
8.64257 -0.295432
8.64407 -0.338302
8.64557 -0.380936
8.64707 -0.423335
8.64857 -0.4655
8.65008 -0.507432
8.65158 -0.54913
8.65308 -0.590596
8.65458 -0.63183
8.65608 -0.672833
8.65758 -0.713606
8.65908 -0.754148
8.66058 -0.794461
8.66208 -0.834545
8.66358 -0.874402
8.66508 -0.91403
8.66658 -0.953432
8.66808 -0.992608
8.66958 -1.03156
8.67109 -1.07028
8.67259 -1.10878
8.67409 -1.14706
8.67559 -1.18511
8.67709 -1.22294
8.67859 -1.26055
8.68009 -1.29794
8.68159 -1.33511
8.68309 -1.37205
8.68459 -1.40878
8.68609 -1.44529
8.68759 -1.48157
8.68909 -1.51765
8.6906 -1.5535
8.6921 -1.58914
8.6936 -1.62456
8.6951 -1.65976
8.6966 -1.69476
8.6981 -1.72953
8.6996 -1.7641
8.7011 -1.79845
8.7026 -1.83258
8.7041 -1.86651
8.7056 -1.90022
8.7071 -1.93373
8.7086 -1.96702
8.71011 -2.00011
8.71161 -2.03298
8.71311 -2.06565
8.71461 -2.09811
8.71611 -2.13036
8.71761 -2.16241
8.71911 -2.19425
8.72061 -2.22588
8.72211 -2.25731
8.72361 -2.28854
8.72511 -2.31956
8.72661 -2.35038
8.72811 -2.38099
8.72961 -2.41141
8.73112 -2.44162
8.73262 -2.47164
8.73412 -2.50145
8.73562 -2.53106
8.73712 -2.56047
8.73862 -2.58969
8.74012 -2.61871
8.74162 -2.64753
8.74312 -2.67615
8.74462 -2.70458
8.74612 -2.73281
8.74762 -2.76085
8.74912 -2.78869
8.75063 -2.81634
8.75213 -2.8438
8.75363 -2.87106
8.75513 -2.89813
8.75663 -2.92501
8.75813 -2.9517
8.75963 -2.9782
8.76113 -3.00451
8.76263 -3.03063
8.76413 -3.05656
8.76563 -3.0823
8.76713 -3.10786
8.76863 -3.13323
8.77014 -3.15841
8.77164 -3.1834
8.77314 -3.20821
8.77464 -3.23284
8.77614 -3.25728
8.77764 -3.28154
8.77914 -3.30562
8.78064 -3.32951
8.78214 -3.35322
8.78364 -3.37675
8.78514 -3.4001
8.78664 -3.42326
8.78814 -3.44625
8.78964 -3.46906
8.79115 -3.49169
8.79265 -3.51415
8.79415 -3.53642
8.79565 -3.55852
8.79715 -3.58044
8.79865 -3.60219
8.80015 -3.62376
8.80165 -3.64515
8.80315 -3.66638
8.80465 -3.68742
8.80615 -3.7083
8.80765 -3.729
8.80915 -3.74953
8.81066 -3.76989
8.81216 -3.79008
8.81366 -3.8101
8.81516 -3.82995
8.81666 -3.84962
8.81816 -3.86913
8.81966 -3.88848
8.82116 -3.90765
8.82266 -3.92666
8.82416 -3.9455
8.82566 -3.96417
8.82716 -3.98268
8.82866 -4.00102
8.83017 -4.0192
8.83167 -4.03722
8.83317 -4.05507
8.83467 -4.07276
8.83617 -4.09029
8.83767 -4.10765
8.83917 -4.12486
8.84067 -4.1419
8.84217 -4.15878
8.84367 -4.17551
8.84517 -4.19207
8.84667 -4.20848
8.84817 -4.22473
8.84967 -4.24082
8.85118 -4.25675
8.85268 -4.27253
8.85418 -4.28815
8.85568 -4.30361
8.85718 -4.31892
8.85868 -4.33408
8.86018 -4.34908
8.86168 -4.36393
8.86318 -4.37862
8.86468 -4.39317
8.86618 -4.40756
8.86768 -4.4218
8.86918 -4.43589
8.87069 -4.44983
8.87219 -4.46362
8.87369 -4.47726
8.87519 -4.49075
8.87669 -4.5041
8.87819 -4.51729
8.87969 -4.53034
8.88119 -4.54325
8.88269 -4.556
8.88419 -4.56861
8.88569 -4.58108
8.88719 -4.5934
8.88869 -4.60558
8.8902 -4.61761
8.8917 -4.6295
8.8932 -4.64125
8.8947 -4.65285
8.8962 -4.66432
8.8977 -4.67564
8.8992 -4.68682
8.9007 -4.69787
8.9022 -4.70877
8.9037 -4.71953
8.9052 -4.73016
8.9067 -4.74065
8.9082 -4.751
8.9097 -4.76121
8.91121 -4.77129
8.91271 -4.78123
8.91421 -4.79103
8.91571 -4.8007
8.91721 -4.81024
8.91871 -4.81964
8.92021 -4.82891
8.92171 -4.83804
8.92321 -4.84704
8.92471 -4.85592
8.92621 -4.86465
8.92771 -4.87326
8.92921 -4.88174
8.93072 -4.89009
8.93222 -4.8983
8.93372 -4.90639
8.93522 -4.91435
8.93672 -4.92218
8.93822 -4.92989
8.93972 -4.93746
8.94122 -4.94491
8.94272 -4.95224
8.94422 -4.95943
8.94572 -4.96651
8.94722 -4.97346
8.94872 -4.98028
8.95023 -4.98698
8.95173 -4.99356
8.95323 -5.00001
8.95473 -5.00634
8.95623 -5.01255
8.95773 -5.01864
8.95923 -5.02461
8.96073 -5.03045
8.96223 -5.03618
8.96373 -5.04179
8.96523 -5.04728
8.96673 -5.05265
8.96823 -5.0579
8.96973 -5.06303
8.97124 -5.06805
8.97274 -5.07295
8.97424 -5.07773
8.97574 -5.0824
8.97724 -5.08696
8.97874 -5.09139
8.98024 -5.09572
8.98174 -5.09993
8.98324 -5.10403
8.98474 -5.10801
8.98624 -5.11188
8.98774 -5.11564
8.98924 -5.11929
8.99075 -5.12283
8.99225 -5.12625
8.99375 -5.12957
8.99525 -5.13278
8.99675 -5.13587
8.99825 -5.13886
8.99975 -5.14174
9.00125 -5.14452
9.00275 -5.14718
9.00425 -5.14974
9.00575 -5.15219
9.00725 -5.15454
9.00875 -5.15678
9.01026 -5.15891
9.01176 -5.16094
9.01326 -5.16287
9.01476 -5.16469
9.01626 -5.16641
9.01776 -5.16803
9.01926 -5.16954
9.02076 -5.17095
9.02226 -5.17226
9.02376 -5.17347
9.02526 -5.17458
9.02676 -5.17559
9.02826 -5.1765
9.02976 -5.17731
9.03127 -5.17802
9.03277 -5.17863
9.03427 -5.17915
9.03577 -5.17956
9.03727 -5.17988
9.03877 -5.18011
9.04027 -5.18023
9.04177 -5.18027
9.04327 -5.1802
9.04477 -5.18004
9.04627 -5.17979
9.04777 -5.17944
9.04927 -5.179
9.05078 -5.17847
9.05228 -5.17784
9.05378 -5.17712
9.05528 -5.17631
9.05678 -5.17541
9.05828 -5.17442
9.05978 -5.17333
9.06128 -5.17216
9.06278 -5.1709
9.06428 -5.16954
9.06578 -5.1681
9.06728 -5.16657
9.06878 -5.16496
9.07029 -5.16325
9.07179 -5.16146
9.07329 -5.15958
9.07479 -5.15761
9.07629 -5.15556
9.07779 -5.15343
9.07929 -5.15121
9.08079 -5.1489
9.08229 -5.14651
9.08379 -5.14404
9.08529 -5.14148
9.08679 -5.13884
9.08829 -5.13612
9.08979 -5.13331
9.0913 -5.13043
9.0928 -5.12746
9.0943 -5.12441
9.0958 -5.12128
9.0973 -5.11807
9.0988 -5.11479
9.1003 -5.11142
9.1018 -5.10797
9.1033 -5.10445
9.1048 -5.10085
9.1063 -5.09717
9.1078 -5.09341
9.1093 -5.08958
9.11081 -5.08567
9.11231 -5.08168
9.11381 -5.07762
9.11531 -5.07348
9.11681 -5.06927
9.11831 -5.06499
9.11981 -5.06063
9.12131 -5.0562
9.12281 -5.05169
9.12431 -5.04711
9.12581 -5.04246
9.12731 -5.03774
9.12881 -5.03295
9.13032 -5.02808
9.13182 -5.02315
9.13332 -5.01814
9.13482 -5.01307
9.13632 -5.00792
9.13782 -5.00271
9.13932 -4.99742
9.14082 -4.99207
9.14232 -4.98665
9.14382 -4.98117
9.14532 -4.97561
9.14682 -4.96999
9.14832 -4.96431
9.14982 -4.95856
9.15133 -4.95274
9.15283 -4.94686
9.15433 -4.94091
9.15583 -4.9349
9.15733 -4.92882
9.15883 -4.92268
9.16033 -4.91648
9.16183 -4.91021
9.16333 -4.90388
9.16483 -4.89749
9.16633 -4.89104
9.16783 -4.88453
9.16933 -4.87795
9.17084 -4.87132
9.17234 -4.86462
9.17384 -4.85787
9.17534 -4.85106
9.17684 -4.84418
9.17834 -4.83725
9.17984 -4.83026
9.18134 -4.82321
9.18284 -4.81611
9.18434 -4.80895
9.18584 -4.80173
9.18734 -4.79445
9.18884 -4.78712
9.19035 -4.77973
9.19185 -4.77229
9.19335 -4.76479
9.19485 -4.75724
9.19635 -4.74963
9.19785 -4.74197
9.19935 -4.73426
9.20085 -4.72649
9.20235 -4.71867
9.20385 -4.7108
9.20535 -4.70288
9.20685 -4.6949
9.20835 -4.68688
9.20985 -4.6788
9.21136 -4.67067
9.21286 -4.66249
9.21436 -4.65427
9.21586 -4.64599
9.21736 -4.63766
9.21886 -4.62929
9.22036 -4.62086
9.22186 -4.61239
9.22336 -4.60387
9.22486 -4.59531
9.22636 -4.58669
9.22786 -4.57803
9.22936 -4.56933
9.23087 -4.56057
9.23237 -4.55178
9.23387 -4.54293
9.23537 -4.53404
9.23687 -4.52511
9.23837 -4.51614
9.23987 -4.50712
9.24137 -4.49805
9.24287 -4.48894
9.24437 -4.47979
9.24587 -4.4706
9.24737 -4.46137
9.24887 -4.45209
9.25038 -4.44278
9.25188 -4.43342
9.25338 -4.42402
9.25488 -4.41458
9.25638 -4.4051
9.25788 -4.39558
9.25938 -4.38602
9.26088 -4.37643
9.26238 -4.36679
9.26388 -4.35712
9.26538 -4.3474
9.26688 -4.33765
9.26838 -4.32787
9.26988 -4.31804
9.27139 -4.30818
9.27289 -4.29829
9.27439 -4.28835
9.27589 -4.27838
9.27739 -4.26838
9.27889 -4.25834
9.28039 -4.24827
9.28189 -4.23816
9.28339 -4.22802
9.28489 -4.21784
9.28639 -4.20764
9.28789 -4.19739
9.28939 -4.18712
9.2909 -4.17681
9.2924 -4.16647
9.2939 -4.1561
9.2954 -4.1457
9.2969 -4.13527
9.2984 -4.1248
9.2999 -4.11431
9.3014 -4.10379
9.3029 -4.09323
9.3044 -4.08265
9.3059 -4.07204
9.3074 -4.0614
9.3089 -4.05073
9.31041 -4.04003
9.31191 -4.0293
9.31341 -4.01855
9.31491 -4.00777
9.31641 -3.99696
9.31791 -3.98613
9.31941 -3.97527
9.32091 -3.96438
9.32241 -3.95347
9.32391 -3.94253
9.32541 -3.93157
9.32691 -3.92058
9.32841 -3.90957
9.32991 -3.89853
9.33142 -3.88747
9.33292 -3.87639
9.33442 -3.86528
9.33592 -3.85415
9.33742 -3.843
9.33892 -3.83183
9.34042 -3.82063
9.34192 -3.80941
9.34342 -3.79817
9.34492 -3.78691
9.34642 -3.77563
9.34792 -3.76433
9.34942 -3.75301
9.35093 -3.74167
9.35243 -3.73031
9.35393 -3.71893
9.35543 -3.70753
9.35693 -3.69611
9.35843 -3.68467
9.35993 -3.67322
9.36143 -3.66174
9.36293 -3.65025
9.36443 -3.63874
9.36593 -3.62722
9.36743 -3.61568
9.36893 -3.60412
9.37044 -3.59255
9.37194 -3.58096
9.37344 -3.56935
9.37494 -3.55773
9.37644 -3.5461
9.37794 -3.53445
9.37944 -3.52278
9.38094 -3.5111
9.38244 -3.49941
9.38394 -3.48771
9.38544 -3.47599
9.38694 -3.46426
9.38844 -3.45251
9.38994 -3.44075
9.39145 -3.42899
9.39295 -3.4172
9.39445 -3.40541
9.39595 -3.39361
9.39745 -3.38179
9.39895 -3.36997
9.40045 -3.35813
9.40195 -3.34629
9.40345 -3.33443
9.40495 -3.32256
9.40645 -3.31069
9.40795 -3.29881
9.40945 -3.28691
9.41096 -3.27501
9.41246 -3.2631
9.41396 -3.25118
9.41546 -3.23926
9.41696 -3.22732
9.41846 -3.21538
9.41996 -3.20344
9.42146 -3.19148
9.42296 -3.17952
9.42446 -3.16756
9.42596 -3.15558
9.42746 -3.14361
9.42896 -3.13162
9.43047 -3.11964
9.43197 -3.10764
9.43347 -3.09564
9.43497 -3.08364
9.43647 -3.07164
9.43797 -3.05963
9.43947 -3.04761
9.44097 -3.0356
9.44247 -3.02358
9.44397 -3.01155
9.44547 -2.99953
9.44697 -2.9875
9.44847 -2.97547
9.44997 -2.96344
9.45148 -2.95141
9.45298 -2.93937
9.45448 -2.92734
9.45598 -2.9153
9.45748 -2.90327
9.45898 -2.89123
9.46048 -2.87919
9.46198 -2.86716
9.46348 -2.85512
9.46498 -2.84309
9.46648 -2.83105
9.46798 -2.81902
9.46948 -2.80699
9.47099 -2.79496
9.47249 -2.78293
9.47399 -2.77091
9.47549 -2.75888
9.47699 -2.74686
9.47849 -2.73485
9.47999 -2.72283
9.48149 -2.71082
9.48299 -2.69881
9.48449 -2.68681
9.48599 -2.67481
9.48749 -2.66281
9.48899 -2.65082
9.4905 -2.63884
9.492 -2.62686
9.4935 -2.61488
9.495 -2.60291
9.4965 -2.59095
9.498 -2.57899
9.4995 -2.56704
9.501 -2.55509
9.5025 -2.54315
9.504 -2.53122
9.5055 -2.5193
9.507 -2.50738
9.5085 -2.49547
9.51001 -2.48356
9.51151 -2.47167
9.51301 -2.45978
9.51451 -2.44791
9.51601 -2.43604
9.51751 -2.42418
9.51901 -2.41233
9.52051 -2.40048
9.52201 -2.38865
9.52351 -2.37683
9.52501 -2.36502
9.52651 -2.35322
9.52801 -2.34142
9.52951 -2.32964
9.53102 -2.31787
9.53252 -2.30611
9.53402 -2.29437
9.53552 -2.28263
9.53702 -2.2709
9.53852 -2.25919
9.54002 -2.24749
9.54152 -2.2358
9.54302 -2.22413
9.54452 -2.21246
9.54602 -2.20081
9.54752 -2.18918
9.54902 -2.17755
9.55053 -2.16594
9.55203 -2.15435
9.55353 -2.14277
9.55503 -2.1312
9.55653 -2.11964
9.55803 -2.10811
9.55953 -2.09658
9.56103 -2.08507
9.56253 -2.07358
9.56403 -2.0621
9.56553 -2.05064
9.56703 -2.03919
9.56853 -2.02776
9.57004 -2.01635
9.57154 -2.00495
9.57304 -1.99357
9.57454 -1.9822
9.57604 -1.97085
9.57754 -1.95952
9.57904 -1.94821
9.58054 -1.93691
9.58204 -1.92564
9.58354 -1.91438
9.58504 -1.90313
9.58654 -1.89191
9.58804 -1.88071
9.58954 -1.86952
9.59105 -1.85835
9.59255 -1.8472
9.59405 -1.83608
9.59555 -1.82497
9.59705 -1.81388
9.59855 -1.80281
9.60005 -1.79176
9.60155 -1.78073
9.60305 -1.76972
9.60455 -1.75873
9.60605 -1.74776
9.60755 -1.73681
9.60905 -1.72589
9.61056 -1.71498
9.61206 -1.7041
9.61356 -1.69324
9.61506 -1.6824
9.61656 -1.67158
9.61806 -1.66079
9.61956 -1.65001
9.62106 -1.63926
9.62256 -1.62854
9.62406 -1.61783
9.62556 -1.60715
9.62706 -1.59649
9.62856 -1.58585
9.63007 -1.57524
9.63157 -1.56466
9.63307 -1.55409
9.63457 -1.54355
9.63607 -1.53304
9.63757 -1.52254
9.63907 -1.51208
9.64057 -1.50163
9.64207 -1.49122
9.64357 -1.48083
9.64507 -1.47046
9.64657 -1.46012
9.64807 -1.4498
9.64957 -1.43951
9.65108 -1.42925
9.65258 -1.41901
9.65408 -1.4088
9.65558 -1.39861
9.65708 -1.38845
9.65858 -1.37832
9.66008 -1.36821
9.66158 -1.35813
9.66308 -1.34808
9.66458 -1.33806
9.66608 -1.32806
9.66758 -1.31809
9.66908 -1.30815
9.67059 -1.29823
9.67209 -1.28835
9.67359 -1.27849
9.67509 -1.26866
9.67659 -1.25886
9.67809 -1.24909
9.67959 -1.23935
9.68109 -1.22963
9.68259 -1.21995
9.68409 -1.21029
9.68559 -1.20066
9.68709 -1.19107
9.68859 -1.1815
9.6901 -1.17196
9.6916 -1.16245
9.6931 -1.15298
9.6946 -1.14353
9.6961 -1.13411
9.6976 -1.12473
9.6991 -1.11537
9.7006 -1.10604
9.7021 -1.09675
9.7036 -1.08749
9.7051 -1.07826
9.7066 -1.06905
9.7081 -1.05989
9.7096 -1.05075
9.71111 -1.04164
9.71261 -1.03257
9.71411 -1.02353
9.71561 -1.01452
9.71711 -1.00554
9.71861 -0.996594
9.72011 -0.987681
9.72161 -0.978801
9.72311 -0.969954
9.72461 -0.96114
9.72611 -0.952359
9.72761 -0.94361
9.72911 -0.934896
9.73062 -0.926214
9.73212 -0.917566
9.73362 -0.908952
9.73512 -0.900371
9.73662 -0.891825
9.73812 -0.883312
9.73962 -0.874833
9.74112 -0.866389
9.74262 -0.857979
9.74412 -0.849604
9.74562 -0.841263
9.74712 -0.832957
9.74862 -0.824686
9.75013 -0.816449
9.75163 -0.808248
9.75313 -0.800082
9.75463 -0.791951
9.75613 -0.783856
9.75763 -0.775796
9.75913 -0.767772
9.76063 -0.759783
9.76213 -0.751831
9.76363 -0.743914
9.76513 -0.736034
9.76663 -0.728189
9.76813 -0.720381
9.76963 -0.712609
9.77114 -0.704874
9.77264 -0.697175
9.77414 -0.689513
9.77564 -0.681888
9.77714 -0.6743
9.77864 -0.666749
9.78014 -0.659235
9.78164 -0.651758
9.78314 -0.644318
9.78464 -0.636916
9.78614 -0.629551
9.78764 -0.622224
9.78914 -0.614935
9.79065 -0.607683
9.79215 -0.60047
9.79365 -0.593294
9.79515 -0.586157
9.79665 -0.579057
9.79815 -0.571996
9.79965 -0.564973
9.80115 -0.557989
9.80265 -0.551043
9.80415 -0.544136
9.80565 -0.537268
9.80715 -0.530439
9.80865 -0.523648
9.81016 -0.516896
9.81166 -0.510184
9.81316 -0.503511
9.81466 -0.496876
9.81616 -0.490282
9.81766 -0.483726
9.81916 -0.477211
9.82066 -0.470735
9.82216 -0.464298
9.82366 -0.457901
9.82516 -0.451544
9.82666 -0.445227
9.82816 -0.43895
9.82966 -0.432713
9.83117 -0.426517
9.83267 -0.42036
9.83417 -0.414244
9.83567 -0.408168
9.83717 -0.402133
9.83867 -0.396138
9.84017 -0.390184
9.84167 -0.38427
9.84317 -0.378398
9.84467 -0.372566
9.84617 -0.366775
9.84767 -0.361025
9.84917 -0.355316
9.85068 -0.349648
9.85218 -0.344021
9.85368 -0.338436
9.85518 -0.332892
9.85668 -0.327389
9.85818 -0.321927
9.85968 -0.316508
9.86118 -0.311129
9.86268 -0.305793
9.86418 -0.300498
9.86568 -0.295245
9.86718 -0.290034
9.86868 -0.284864
9.87019 -0.279737
9.87169 -0.274651
9.87319 -0.269608
9.87469 -0.264607
9.87619 -0.259648
9.87769 -0.254731
9.87919 -0.249857
9.88069 -0.245024
9.88219 -0.240235
9.88369 -0.235487
9.88519 -0.230783
9.88669 -0.22612
9.88819 -0.221501
9.88969 -0.216924
9.8912 -0.21239
9.8927 -0.207898
9.8942 -0.20345
9.8957 -0.199044
9.8972 -0.194681
9.8987 -0.190362
9.9002 -0.186085
9.9017 -0.181851
9.9032 -0.177661
9.9047 -0.173513
9.9062 -0.169409
9.9077 -0.165348
9.9092 -0.16133
9.91071 -0.157356
9.91221 -0.153425
9.91371 -0.149537
9.91521 -0.145693
9.91671 -0.141892
9.91821 -0.138135
9.91971 -0.134421
9.92121 -0.130751
9.92271 -0.127125
9.92421 -0.123542
9.92571 -0.120003
9.92721 -0.116507
9.92871 -0.113056
9.93022 -0.109648
9.93172 -0.106284
9.93322 -0.102964
9.93472 -0.099688
9.93622 -0.0964558
9.93772 -0.0932675
9.93922 -0.0901232
9.94072 -0.087023
9.94222 -0.0839667
9.94372 -0.0809546
9.94522 -0.0779865
9.94672 -0.0750626
9.94822 -0.0721828
9.94972 -0.0693472
9.95123 -0.0665558
9.95273 -0.0638086
9.95423 -0.0611056
9.95573 -0.0584469
9.95723 -0.0558325
9.95873 -0.0532623
9.96023 -0.0507365
9.96173 -0.0482551
9.96323 -0.0458179
9.96473 -0.0434252
9.96623 -0.0410768
9.96773 -0.0387729
9.96923 -0.0365133
9.97074 -0.0342982
9.97224 -0.0321276
9.97374 -0.0300014
9.97524 -0.0279196
9.97674 -0.0258824
9.97824 -0.0238897
9.97974 -0.0219414
9.98124 -0.0200377
9.98274 -0.0181785
9.98424 -0.0163638
9.98574 -0.0145937
9.98724 -0.0128681
9.98874 -0.0111871
9.99025 -0.00955065
9.99175 -0.00795875
9.99325 -0.00641141
9.99475 -0.00490865
9.99625 -0.00345046
9.99775 -0.00203684
9.99925 -0.000667802
10.0008 0.000656658
10.0023 0.00193654
10.0038 0.00317185
10.0053 0.00436257
10.0068 0.00550873
10.0083 0.00661031
10.0098 0.00766733
10.0113 0.00867979
10.0128 0.00964768
10.0143 0.010571
10.0158 0.0114498
10.0173 0.0122841
10.0188 0.0130738
10.0203 0.013819
10.0218 0.0145197
10.0233 0.0151759
10.0248 0.0157875
10.0263 0.0163547
10.0278 0.0168775
10.0293 0.0173557
10.0308 0.0177895
10.0323 0.0181789
10.0338 0.0185239
10.0353 0.0188244
10.0368 0.0190806
10.0383 0.0192924
10.0398 0.0194599
10.0413 0.019583
10.0428 0.0196617
10.0443 0.0196962
10.0458 0.0196864
10.0473 0.0196324
10.0488 0.0195341
10.0503 0.0193916
10.0518 0.0192049
10.0533 0.0189741
10.0548 0.018699
10.0563 0.0183799
10.0578 0.0180167
10.0593 0.0176094
10.0608 0.0171581
10.0623 0.0166627
10.0638 0.0161234
10.0653 0.0155401
10.0668 0.0149128
10.0683 0.0142417
10.0698 0.0135267
10.0713 0.0127679
10.0728 0.0119653
10.0743 0.0111189
10.0758 0.0102287
10.0773 0.00929487
10.0788 0.00831735
10.0803 0.00729621
10.0818 0.00623147
10.0833 0.00512317
10.0848 0.00397135
10.0863 0.00277605
10.0878 0.00153731
10.0893 0.000255156
10.0908 -0.00107036
10.0923 -0.00243919
10.0938 -0.00385131
10.0953 -0.00530666
10.0968 -0.0068052
10.0983 -0.0083469
10.0998 -0.0099317
10.1013 -0.0115596
10.1028 -0.0132304
10.1043 -0.0149443
10.1058 -0.0167011
10.1073 -0.0185007
10.1088 -0.0203432
10.1103 -0.0222284
10.1118 -0.0241564
10.1133 -0.026127
10.1148 -0.0281403
10.1163 -0.0301961
10.1178 -0.0322944
10.1193 -0.0344352
10.1208 -0.0366185
10.1223 -0.038844
10.1238 -0.0411119
10.1253 -0.043422
10.1268 -0.0457743
10.1283 -0.0481687
10.1298 -0.0506052
10.1313 -0.0530837
10.1328 -0.0556042
10.1343 -0.0581665
10.1358 -0.0607707
10.1373 -0.0634167
10.1388 -0.0661043
10.1403 -0.0688336
10.1418 -0.0716045
10.1433 -0.0744169
10.1448 -0.0772707
10.1463 -0.0801659
10.1478 -0.0831025
10.1493 -0.0860802
10.1508 -0.0890992
10.1523 -0.0921593
10.1538 -0.0952604
10.1553 -0.0984025
10.1568 -0.101585
10.1583 -0.104809
10.1598 -0.108074
10.1613 -0.111379
10.1628 -0.114725
10.1643 -0.118111
10.1658 -0.121538
10.1673 -0.125006
10.1688 -0.128513
10.1703 -0.132061
10.1718 -0.135649
10.1733 -0.139277
10.1748 -0.142945
10.1763 -0.146653
10.1778 -0.150401
10.1793 -0.154189
10.1808 -0.158016
10.1823 -0.161883
10.1838 -0.165789
10.1853 -0.169735
10.1868 -0.17372
10.1883 -0.177744
10.1898 -0.181808
10.1913 -0.185911
10.1928 -0.190052
10.1943 -0.194233
10.1958 -0.198452
10.1973 -0.20271
10.1988 -0.207007
10.2004 -0.211343
10.2019 -0.215716
10.2034 -0.220128
10.2049 -0.224579
10.2064 -0.229068
10.2079 -0.233594
10.2094 -0.238159
10.2109 -0.242762
10.2124 -0.247402
10.2139 -0.25208
10.2154 -0.256796
10.2169 -0.261549
10.2184 -0.26634
10.2199 -0.271168
10.2214 -0.276033
10.2229 -0.280935
10.2244 -0.285875
10.2259 -0.290851
10.2274 -0.295864
10.2289 -0.300914
10.2304 -0.306
10.2319 -0.311123
10.2334 -0.316282
10.2349 -0.321478
10.2364 -0.326709
10.2379 -0.331977
10.2394 -0.337281
10.2409 -0.34262
10.2424 -0.347996
10.2439 -0.353406
10.2454 -0.358853
10.2469 -0.364335
10.2484 -0.369852
10.2499 -0.375404
10.2514 -0.380992
10.2529 -0.386614
10.2544 -0.392271
10.2559 -0.397963
10.2574 -0.403689
10.2589 -0.40945
10.2604 -0.415246
10.2619 -0.421075
10.2634 -0.426939
10.2649 -0.432837
10.2664 -0.438768
10.2679 -0.444734
10.2694 -0.450733
10.2709 -0.456765
10.2724 -0.462831
10.2739 -0.468931
10.2754 -0.475063
10.2769 -0.481228
10.2784 -0.487427
10.2799 -0.493658
10.2814 -0.499922
10.2829 -0.506218
10.2844 -0.512546
10.2859 -0.518907
10.2874 -0.5253
10.2889 -0.531725
10.2904 -0.538182
10.2919 -0.544671
10.2934 -0.551191
10.2949 -0.557743
10.2964 -0.564326
10.2979 -0.57094
10.2994 -0.577585
10.3009 -0.584261
10.3024 -0.590968
10.3039 -0.597706
10.3054 -0.604474
10.3069 -0.611272
10.3084 -0.618101
10.3099 -0.62496
10.3114 -0.631849
10.3129 -0.638767
10.3144 -0.645715
10.3159 -0.652693
10.3174 -0.6597
10.3189 -0.666736
10.3204 -0.673802
10.3219 -0.680896
10.3234 -0.688019
10.3249 -0.695171
10.3264 -0.702351
10.3279 -0.70956
10.3294 -0.716797
10.3309 -0.724062
10.3324 -0.731355
10.3339 -0.738675
10.3354 -0.746023
10.3369 -0.753399
10.3384 -0.760802
10.3399 -0.768231
10.3414 -0.775688
10.3429 -0.783172
10.3444 -0.790683
10.3459 -0.798219
10.3474 -0.805783
10.3489 -0.813372
10.3504 -0.820988
10.3519 -0.828629
10.3534 -0.836296
10.3549 -0.843989
10.3564 -0.851707
10.3579 -0.85945
10.3594 -0.867218
10.3609 -0.875011
10.3624 -0.882829
10.3639 -0.890672
10.3654 -0.898539
10.3669 -0.90643
10.3684 -0.914345
10.3699 -0.922284
10.3714 -0.930247
10.3729 -0.938233
10.3744 -0.946243
10.3759 -0.954276
10.3774 -0.962332
10.3789 -0.970411
10.3804 -0.978513
10.3819 -0.986637
10.3834 -0.994783
10.3849 -1.00295
10.3864 -1.01114
10.3879 -1.01936
10.3894 -1.02759
10.3909 -1.03585
10.3924 -1.04412
10.3939 -1.05242
10.3954 -1.06074
10.3969 -1.06908
10.3984 -1.07744
10.3999 -1.08582
10.4015 -1.09422
10.403 -1.10264
10.4045 -1.11108
10.406 -1.11954
10.4075 -1.12802
10.409 -1.13652
10.4105 -1.14504
10.412 -1.15358
10.4135 -1.16213
10.415 -1.17071
10.4165 -1.1793
10.418 -1.18791
10.4195 -1.19654
10.421 -1.20519
10.4225 -1.21385
10.424 -1.22253
10.4255 -1.23123
10.427 -1.23995
10.4285 -1.24868
10.43 -1.25743
10.4315 -1.2662
10.433 -1.27498
10.4345 -1.28378
10.436 -1.29259
10.4375 -1.30142
10.439 -1.31026
10.4405 -1.31912
10.442 -1.328
10.4435 -1.33689
10.445 -1.34579
10.4465 -1.35471
10.448 -1.36364
10.4495 -1.37259
10.451 -1.38155
10.4525 -1.39053
10.454 -1.39952
10.4555 -1.40852
10.457 -1.41753
10.4585 -1.42656
10.46 -1.4356
10.4615 -1.44465
10.463 -1.45371
10.4645 -1.46279
10.466 -1.47188
10.4675 -1.48097
10.469 -1.49008
10.4705 -1.49921
10.472 -1.50834
10.4735 -1.51748
10.475 -1.52663
10.4765 -1.5358
10.478 -1.54497
10.4795 -1.55415
10.481 -1.56335
10.4825 -1.57255
10.484 -1.58176
10.4855 -1.59098
10.487 -1.60021
10.4885 -1.60945
10.49 -1.61869
10.4915 -1.62795
10.493 -1.63721
10.4945 -1.64648
10.496 -1.65575
10.4975 -1.66504
10.499 -1.67433
10.5005 -1.68362
10.502 -1.69293
10.5035 -1.70223
10.505 -1.71155
10.5065 -1.72087
10.508 -1.7302
10.5095 -1.73953
10.511 -1.74887
10.5125 -1.75821
10.514 -1.76755
10.5155 -1.7769
10.517 -1.78626
10.5185 -1.79562
10.52 -1.80498
10.5215 -1.81435
10.523 -1.82371
10.5245 -1.83309
10.526 -1.84246
10.5275 -1.85184
10.529 -1.86122
10.5305 -1.8706
10.532 -1.87998
10.5335 -1.88936
10.535 -1.89875
10.5365 -1.90813
10.538 -1.91752
10.5395 -1.92691
10.541 -1.93629
10.5425 -1.94568
10.544 -1.95507
10.5455 -1.96446
10.547 -1.97384
10.5485 -1.98323
10.55 -1.99261
10.5515 -2.00199
10.553 -2.01137
10.5545 -2.02075
10.556 -2.03013
10.5575 -2.0395
10.559 -2.04887
10.5605 -2.05824
10.562 -2.06761
10.5635 -2.07697
10.565 -2.08632
10.5665 -2.09568
10.568 -2.10503
10.5695 -2.11437
10.571 -2.12371
10.5725 -2.13304
10.574 -2.14237
10.5755 -2.1517
10.577 -2.16101
10.5785 -2.17032
10.58 -2.17963
10.5815 -2.18893
10.583 -2.19822
10.5845 -2.2075
10.586 -2.21678
10.5875 -2.22605
10.589 -2.23531
10.5905 -2.24456
10.592 -2.25381
10.5935 -2.26304
10.595 -2.27227
10.5965 -2.28148
10.598 -2.29069
10.5995 -2.29989
10.6011 -2.30908
10.6026 -2.31825
10.6041 -2.32742
10.6056 -2.33657
10.6071 -2.34572
10.6086 -2.35485
10.6101 -2.36397
10.6116 -2.37308
10.6131 -2.38217
10.6146 -2.39126
10.6161 -2.40032
10.6176 -2.40938
10.6191 -2.41842
10.6206 -2.42745
10.6221 -2.43647
10.6236 -2.44547
10.6251 -2.45446
10.6266 -2.46343
10.6281 -2.47238
10.6296 -2.48132
10.6311 -2.49025
10.6326 -2.49916
10.6341 -2.50805
10.6356 -2.51693
10.6371 -2.52579
10.6386 -2.53463
10.6401 -2.54345
10.6416 -2.55226
10.6431 -2.56104
10.6446 -2.56981
10.6461 -2.57856
10.6476 -2.5873
10.6491 -2.59601
10.6506 -2.6047
10.6521 -2.61338
10.6536 -2.62203
10.6551 -2.63066
10.6566 -2.63927
10.6581 -2.64786
10.6596 -2.65643
10.6611 -2.66498
10.6626 -2.6735
10.6641 -2.68201
10.6656 -2.69049
10.6671 -2.69894
10.6686 -2.70738
10.6701 -2.71579
10.6716 -2.72418
10.6731 -2.73254
10.6746 -2.74088
10.6761 -2.74919
10.6776 -2.75748
10.6791 -2.76574
10.6806 -2.77398
10.6821 -2.78219
10.6836 -2.79038
10.6851 -2.79854
10.6866 -2.80667
10.6881 -2.81477
10.6896 -2.82285
10.6911 -2.8309
10.6926 -2.83892
10.6941 -2.84691
10.6956 -2.85487
10.6971 -2.86281
10.6986 -2.87071
10.7001 -2.87859
10.7016 -2.88643
10.7031 -2.89425
10.7046 -2.90203
10.7061 -2.90979
10.7076 -2.91751
10.7091 -2.9252
10.7106 -2.93286
10.7121 -2.94048
10.7136 -2.94807
10.7151 -2.95563
10.7166 -2.96316
10.7181 -2.97065
10.7196 -2.97811
10.7211 -2.98554
10.7226 -2.99293
10.7241 -3.00028
10.7256 -3.0076
10.7271 -3.01488
10.7286 -3.02213
10.7301 -3.02934
10.7316 -3.03652
10.7331 -3.04366
10.7346 -3.05076
10.7361 -3.05782
10.7376 -3.06485
10.7391 -3.07183
10.7406 -3.07878
10.7421 -3.08569
10.7436 -3.09256
10.7451 -3.09939
10.7466 -3.10618
10.7481 -3.11293
10.7496 -3.11964
10.7511 -3.12631
10.7526 -3.13294
10.7541 -3.13952
10.7556 -3.14606
10.7571 -3.15256
10.7586 -3.15902
10.7601 -3.16544
10.7616 -3.17181
10.7631 -3.17814
10.7646 -3.18442
10.7661 -3.19066
10.7676 -3.19685
10.7691 -3.203
10.7706 -3.2091
10.7721 -3.21516
10.7736 -3.22117
10.7751 -3.22714
10.7766 -3.23306
10.7781 -3.23893
10.7796 -3.24475
10.7811 -3.25052
10.7826 -3.25625
10.7841 -3.26193
10.7856 -3.26756
10.7871 -3.27313
10.7886 -3.27866
10.7901 -3.28414
10.7916 -3.28957
10.7931 -3.29495
10.7946 -3.30028
10.7961 -3.30555
10.7976 -3.31077
10.7991 -3.31594
10.8007 -3.32106
10.8022 -3.32613
10.8037 -3.33114
10.8052 -3.33609
10.8067 -3.341
10.8082 -3.34585
10.8097 -3.35064
10.8112 -3.35538
10.8127 -3.36006
10.8142 -3.36469
10.8157 -3.36926
10.8172 -3.37377
10.8187 -3.37823
10.8202 -3.38263
10.8217 -3.38697
10.8232 -3.39125
10.8247 -3.39547
10.8262 -3.39964
10.8277 -3.40375
10.8292 -3.40779
10.8307 -3.41178
10.8322 -3.4157
10.8337 -3.41957
10.8352 -3.42337
10.8367 -3.42711
10.8382 -3.43079
10.8397 -3.43441
10.8412 -3.43796
10.8427 -3.44145
10.8442 -3.44488
10.8457 -3.44824
10.8472 -3.45154
10.8487 -3.45477
10.8502 -3.45794
10.8517 -3.46105
10.8532 -3.46408
10.8547 -3.46705
10.8562 -3.46996
10.8577 -3.4728
10.8592 -3.47557
10.8607 -3.47827
10.8622 -3.4809
10.8637 -3.48347
10.8652 -3.48596
10.8667 -3.48839
10.8682 -3.49075
10.8697 -3.49303
10.8712 -3.49525
10.8727 -3.49739
10.8742 -3.49947
10.8757 -3.50147
10.8772 -3.5034
10.8787 -3.50525
10.8802 -3.50704
10.8817 -3.50875
10.8832 -3.51038
10.8847 -3.51194
10.8862 -3.51343
10.8877 -3.51484
10.8892 -3.51618
10.8907 -3.51744
10.8922 -3.51863
10.8937 -3.51973
10.8952 -3.52076
10.8967 -3.52172
10.8982 -3.52259
10.8997 -3.52339
10.9012 -3.52411
10.9027 -3.52475
10.9042 -3.52531
10.9057 -3.52579
10.9072 -3.52619
10.9087 -3.5265
10.9102 -3.52674
10.9117 -3.5269
10.9132 -3.52697
10.9147 -3.52696
10.9162 -3.52687
10.9177 -3.5267
10.9192 -3.52644
10.9207 -3.52609
10.9222 -3.52567
10.9237 -3.52515
10.9252 -3.52456
10.9267 -3.52387
10.9282 -3.5231
10.9297 -3.52224
10.9312 -3.5213
10.9327 -3.52027
10.9342 -3.51915
10.9357 -3.51794
10.9372 -3.51665
10.9387 -3.51526
10.9402 -3.51379
10.9417 -3.51222
10.9432 -3.51056
10.9447 -3.50882
10.9462 -3.50698
10.9477 -3.50505
10.9492 -3.50303
10.9507 -3.50091
10.9522 -3.4987
10.9537 -3.4964
10.9552 -3.49401
10.9567 -3.49152
10.9582 -3.48893
10.9597 -3.48625
10.9612 -3.48347
10.9627 -3.4806
10.9642 -3.47763
10.9657 -3.47457
10.9672 -3.4714
10.9687 -3.46814
10.9702 -3.46478
10.9717 -3.46132
10.9732 -3.45777
10.9747 -3.45411
10.9762 -3.45035
10.9777 -3.44649
10.9792 -3.44253
10.9807 -3.43847
10.9822 -3.43431
10.9837 -3.43004
10.9852 -3.42568
10.9867 -3.4212
10.9882 -3.41663
10.9897 -3.41195
10.9912 -3.40717
10.9927 -3.40228
10.9942 -3.39728
10.9957 -3.39218
10.9972 -3.38697
10.9987 -3.38166
11.0003 -3.37624
11.0018 -3.37071
11.0033 -3.36507
11.0048 -3.35932
11.0063 -3.35347
11.0078 -3.3475
11.0093 -3.34143
11.0108 -3.33524
11.0123 -3.32895
11.0138 -3.32254
11.0153 -3.31602
11.0168 -3.30938
11.0183 -3.30264
11.0198 -3.29578
11.0213 -3.2888
11.0228 -3.28172
11.0243 -3.27451
11.0258 -3.2672
11.0273 -3.25976
11.0288 -3.25221
11.0303 -3.24455
11.0318 -3.23677
11.0333 -3.22886
11.0348 -3.22085
11.0363 -3.21271
11.0378 -3.20445
11.0393 -3.19608
11.0408 -3.18758
11.0423 -3.17896
11.0438 -3.17023
11.0453 -3.16137
11.0468 -3.15239
11.0483 -3.14329
11.0498 -3.13406
11.0513 -3.12471
11.0528 -3.11524
11.0543 -3.10564
11.0558 -3.09592
11.0573 -3.08607
11.0588 -3.0761
11.0603 -3.066
11.0618 -3.05577
11.0633 -3.04542
11.0648 -3.03494
11.0663 -3.02433
11.0678 -3.0136
11.0693 -3.00273
11.0708 -2.99173
11.0723 -2.98061
11.0738 -2.96935
11.0753 -2.95796
11.0768 -2.94644
11.0783 -2.93479
11.0798 -2.92301
11.0813 -2.91109
11.0828 -2.89904
11.0843 -2.88686
11.0858 -2.87454
11.0873 -2.86209
11.0888 -2.8495
11.0903 -2.83677
11.0918 -2.82391
11.0933 -2.81091
11.0948 -2.79777
11.0963 -2.7845
11.0978 -2.77108
11.0993 -2.75753
11.1008 -2.74384
11.1023 -2.73001
11.1038 -2.71604
11.1053 -2.70192
11.1068 -2.68767
11.1083 -2.67327
11.1098 -2.65873
11.1113 -2.64405
11.1128 -2.62922
11.1143 -2.61425
11.1158 -2.59914
11.1173 -2.58388
11.1188 -2.56848
11.1203 -2.55292
11.1218 -2.53723
11.1233 -2.52138
11.1248 -2.50539
11.1263 -2.48925
11.1278 -2.47296
11.1293 -2.45652
11.1308 -2.43993
11.1323 -2.42319
11.1338 -2.4063
11.1353 -2.38926
11.1368 -2.37207
11.1383 -2.35472
11.1398 -2.33723
11.1413 -2.31957
11.1428 -2.30177
11.1443 -2.28381
11.1458 -2.2657
11.1473 -2.24743
11.1488 -2.229
11.1503 -2.21042
11.1518 -2.19168
11.1533 -2.17278
11.1548 -2.15373
11.1563 -2.13451
11.1578 -2.11514
11.1593 -2.09561
11.1608 -2.07592
11.1623 -2.05606
11.1638 -2.03605
11.1653 -2.01587
11.1668 -1.99554
11.1683 -1.97504
11.1698 -1.95437
11.1713 -1.93354
11.1728 -1.91255
11.1743 -1.89139
11.1758 -1.87007
11.1773 -1.84858
11.1788 -1.82692
11.1803 -1.8051
11.1818 -1.78311
11.1833 -1.76095
11.1848 -1.73862
11.1863 -1.71613
11.1878 -1.69346
11.1893 -1.67062
11.1908 -1.64761
11.1923 -1.62444
11.1938 -1.60108
11.1953 -1.57756
11.1968 -1.55386
11.1983 -1.52999
11.1998 -1.50595
11.2014 -1.48173
11.2029 -1.45733
11.2044 -1.43276
11.2059 -1.40801
11.2074 -1.38309
11.2089 -1.35799
11.2104 -1.33271
11.2119 -1.30725
11.2134 -1.28161
11.2149 -1.2558
11.2164 -1.2298
11.2179 -1.20362
11.2194 -1.17726
11.2209 -1.15072
11.2224 -1.12399
11.2239 -1.09709
11.2254 -1.07
11.2269 -1.04272
11.2284 -1.01526
11.2299 -0.987617
11.2314 -0.959787
11.2329 -0.93177
11.2344 -0.903566
11.2359 -0.875174
11.2374 -0.846594
11.2389 -0.817826
11.2404 -0.788868
11.2419 -0.759721
11.2434 -0.730383
11.2449 -0.700854
11.2464 -0.671134
11.2479 -0.641222
11.2494 -0.611117
11.2509 -0.580818
11.2524 -0.550326
11.2539 -0.51964
11.2554 -0.488759
11.2569 -0.457682
11.2584 -0.426409
11.2599 -0.39494
11.2614 -0.363273
11.2629 -0.331408
11.2644 -0.299345
11.2659 -0.267083
11.2674 -0.234622
11.2689 -0.20196
11.2704 -0.169098
11.2719 -0.136035
11.2734 -0.102769
11.2749 -0.0693013
11.2764 -0.0356304
11.2779 -0.00175588
11.2794 0.0323228
11.2809 0.0666063
11.2824 0.101095
11.2839 0.13579
11.2854 0.170691
11.2869 0.2058
11.2884 0.241116
11.2899 0.27664
11.2914 0.312374
11.2929 0.348317
11.2944 0.38447
11.2959 0.420833
11.2974 0.457408
11.2989 0.494195
11.3004 0.531194
11.3019 0.568406
11.3034 0.605832
11.3049 0.643472
11.3064 0.681327
11.3079 0.719397
11.3094 0.757683
11.3109 0.796186
11.3124 0.834907
11.3139 0.873845
11.3154 0.913001
11.3169 0.952376
11.3184 0.991971
11.3199 1.03179
11.3214 1.07182
11.3229 1.11208
11.3244 1.15256
11.3259 1.19326
11.3274 1.23419
11.3289 1.27534
11.3304 1.31671
11.3319 1.35831
11.3334 1.40013
11.3349 1.44218
11.3364 1.48446
11.3379 1.52697
11.3394 1.5697
11.3409 1.61266
11.3424 1.65585
11.3439 1.69927
11.3454 1.74293
11.3469 1.78681
11.3484 1.83092
11.3499 1.87527
11.3514 1.91985
11.3529 1.96467
11.3544 2.00971
11.3559 2.055
11.3574 2.10052
11.3589 2.14627
11.3604 2.19226
11.3619 2.23849
11.3634 2.28496
11.3649 2.33166
11.3664 2.37861
11.3679 2.42579
11.3694 2.47322
11.3709 2.52088
11.3724 2.56879
11.3739 2.61694
11.3754 2.66534
11.3769 2.71397
11.3784 2.76285
11.3799 2.81198
11.3814 2.86135
11.3829 2.91097
11.3844 2.96083
11.3859 3.01095
11.3874 3.06131
11.3889 3.11191
11.3904 3.16277
11.3919 3.21388
11.3934 3.26524
11.3949 3.31685
11.3964 3.36871
11.3979 3.42082
11.3994 3.47319
11.401 3.52581
11.4025 3.57869
11.404 3.63182
11.4055 3.6852
11.407 3.73885
11.4085 3.79275
11.41 3.8469
11.4115 3.90132
11.413 3.95599
11.4145 4.01093
11.416 4.06612
11.4175 4.12158
11.419 4.17729
11.4205 4.23327
11.422 4.28951
11.4235 4.34602
11.425 4.40279
11.4265 4.45982
11.428 4.51712
11.4295 4.57468
11.431 4.63252
11.4325 4.69061
11.434 4.74898
11.4355 4.80762
11.437 4.86652
11.4385 4.9257
11.44 4.98514
11.4415 5.04486
11.443 5.10485
11.4445 5.16511
11.446 5.22565
11.4475 5.28646
11.449 5.34754
11.4505 5.4089
11.452 5.47053
11.4535 5.53245
11.455 5.59463
11.4565 5.6571
11.458 5.71985
11.4595 5.78287
11.461 5.84617
11.4625 5.90976
11.464 5.97363
11.4655 6.03777
11.467 6.1022
11.4685 6.16692
11.47 6.23192
11.4715 6.2972
11.473 6.36277
11.4745 6.42862
11.476 6.49476
11.4775 6.56119
11.479 6.6279
11.4805 6.69491
11.482 6.7622
11.4835 6.82979
11.485 6.89766
11.4865 6.96583
11.488 7.03428
11.4895 7.10303
11.491 7.17208
11.4925 7.24142
11.494 7.31105
11.4955 7.38098
11.497 7.4512
11.4985 7.52172
11.5 7.59254
