3.61732 0.0174228
3.67472 0.0348455
3.73211 0.148094
3.78951 0.400724
3.8469 0.81887
3.9043 1.0715
3.9617 1.50707
4.01909 1.49836
4.07649 1.44609
4.13388 1.06279
4.19128 0.94083
4.24868 0.548817
4.30607 0.470415
4.36347 0.243919
4.42087 0.165516
4.47826 0.139382
4.53566 0.0261342
4.59305 0.0522683
4.65045 0.0261342
4.70785 0.00871139
4.76524 0.00871139
4.82264 0
4.88003 0.0174228
4.93743 0
4.99483 0.00871139
5.05222 0.00871139
5.10962 0.0261342
5.16702 0
5.22441 0.00871139
5.28181 0.0261342
5.3392 0.0348455
5.3966 0.0871139
5.454 0.104537
5.51139 0.0784025
5.56879 0.165516
5.62618 0.121959
5.68358 0.270053
5.74098 0.435569
5.79837 0.618508
5.85577 0.810159
5.91317 0.836293
5.97056 0.757891
6.02796 0.949541
6.08535 0.540106
6.14275 0.461703
6.20015 0.243919
6.25754 0.130671
6.31494 0.00871139
6.37233 0.0174228
6.42973 0.0174228
