-1.42871 0.0343796
-1.37054 0.0343796
-1.31236 0.077354
-1.25419 0.266442
-1.19602 0.464124
-1.13784 0.850894
-1.07967 0.945438
-1.02149 1.24626
-0.96332 1.12593
-0.905146 1.13453
-0.846972 0.73916
-0.788798 0.601642
-0.730623 0.326606
-0.672449 0.283631
-0.614275 0.137518
-0.556101 0.146113
-0.497927 0.103139
-0.439753 0.0429744
-0.381579 0.00859489
-0.323405 0.0171898
-0.26523 0.0171898
-0.207056 0
-0.148882 0.0171898
-0.0907081 0.00859489
-0.032534 0.00859489
0.0256401 0.0171898
0.0838142 0
0.141988 0.00859489
0.200162 0.00859489
0.258337 0.0257847
0.316511 0.0257847
0.374685 0.0257847
0.432859 0.0429744
0.491033 0.0429744
0.549207 0.0515693
0.607381 0.171898
0.665555 0.266442
0.723729 0.507098
0.781904 0.429744
0.840078 0.77354
0.898252 1.07436
0.956426 1.30642
1.0146 1.22907
1.07277 0.962627
1.13095 0.73916
1.18912 0.395365
1.2473 0.326606
1.30547 0.0687591
1.36364 0.0429744
1.42182 0.00859489
