23.5 3.65566
23.5015 3.59304
23.503 3.53069
23.5045 3.46863
23.506 3.40685
23.5075 3.34534
23.509 3.28411
23.5105 3.22316
23.512 3.16248
23.5135 3.10208
23.515 3.04196
23.5165 2.9821
23.518 2.92252
23.5195 2.86322
23.521 2.80418
23.5225 2.74542
23.524 2.68693
23.5255 2.6287
23.527 2.57075
23.5285 2.51307
23.53 2.45565
23.5315 2.3985
23.533 2.34162
23.5345 2.28501
23.536 2.22866
23.5375 2.17257
23.539 2.11675
23.5405 2.0612
23.542 2.0059
23.5435 1.95087
23.545 1.8961
23.5465 1.8416
23.548 1.78735
23.5495 1.73336
23.551 1.67964
23.5525 1.62617
23.554 1.57296
23.5555 1.52
23.557 1.46731
23.5585 1.41487
23.56 1.36268
23.5615 1.31075
23.563 1.25908
23.5645 1.20766
23.566 1.15649
23.5675 1.10557
23.569 1.05491
23.5705 1.0045
23.572 0.954334
23.5735 0.904422
23.575 0.854759
23.5765 0.805346
23.578 0.75618
23.5795 0.707262
23.581 0.658591
23.5825 0.610166
23.584 0.561987
23.5855 0.514053
23.587 0.466363
23.5885 0.418918
23.59 0.371715
23.5915 0.324756
23.593 0.278038
23.5945 0.231562
23.596 0.185326
23.5975 0.139331
23.599 0.0935755
23.6006 0.0480589
23.6021 0.00278072
23.6036 -0.0422597
23.6051 -0.0870629
23.6066 -0.13163
23.6081 -0.17596
23.6096 -0.220055
23.6111 -0.263916
23.6126 -0.307542
23.6141 -0.350935
23.6156 -0.394095
23.6171 -0.437022
23.6186 -0.479718
23.6201 -0.522182
23.6216 -0.564416
23.6231 -0.60642
23.6246 -0.648194
23.6261 -0.68974
23.6276 -0.731057
23.6291 -0.772147
23.6306 -0.81301
23.6321 -0.853646
23.6336 -0.894057
23.6351 -0.934242
23.6366 -0.974203
23.6381 -1.01394
23.6396 -1.05345
23.6411 -1.09274
23.6426 -1.13181
23.6441 -1.17066
23.6456 -1.20928
23.6471 -1.24769
23.6486 -1.28587
23.6501 -1.32384
23.6516 -1.36158
23.6531 -1.39911
23.6546 -1.43642
23.6561 -1.47352
23.6576 -1.51039
23.6591 -1.54706
23.6606 -1.5835
23.6621 -1.61973
23.6636 -1.65575
23.6651 -1.69156
23.6666 -1.72715
23.6681 -1.76252
23.6696 -1.79769
23.6711 -1.83265
23.6726 -1.86739
23.6741 -1.90193
23.6756 -1.93625
23.6771 -1.97037
23.6786 -2.00428
23.6801 -2.03798
23.6816 -2.07147
23.6831 -2.10475
23.6846 -2.13783
23.6861 -2.17071
23.6876 -2.20338
23.6891 -2.23584
23.6906 -2.26811
23.6921 -2.30016
23.6936 -2.33202
23.6951 -2.36367
23.6966 -2.39512
23.6981 -2.42638
23.6996 -2.45743
23.7011 -2.48828
23.7026 -2.51893
23.7041 -2.54938
23.7056 -2.57964
23.7071 -2.60969
23.7086 -2.63955
23.7101 -2.66922
23.7116 -2.69868
23.7131 -2.72795
23.7146 -2.75703
23.7161 -2.78591
23.7176 -2.8146
23.7191 -2.8431
23.7206 -2.8714
23.7221 -2.89952
23.7236 -2.92744
23.7251 -2.95516
23.7266 -2.9827
23.7281 -3.01005
23.7296 -3.03721
23.7311 -3.06418
23.7326 -3.09096
23.7341 -3.11756
23.7356 -3.14397
23.7371 -3.17019
23.7386 -3.19622
23.7401 -3.22207
23.7416 -3.24774
23.7431 -3.27322
23.7446 -3.29852
23.7461 -3.32363
23.7476 -3.34856
23.7491 -3.37331
23.7506 -3.39788
23.7521 -3.42226
23.7536 -3.44647
23.7551 -3.47049
23.7566 -3.49434
23.7581 -3.51801
23.7596 -3.54149
23.7611 -3.56481
23.7626 -3.58794
23.7641 -3.61089
23.7656 -3.63368
23.7671 -3.65628
23.7686 -3.67871
23.7701 -3.70096
23.7716 -3.72304
23.7731 -3.74495
23.7746 -3.76668
23.7761 -3.78825
23.7776 -3.80964
23.7791 -3.83085
23.7806 -3.8519
23.7821 -3.87278
23.7836 -3.89348
23.7851 -3.91402
23.7866 -3.93439
23.7881 -3.95459
23.7896 -3.97462
23.7911 -3.99449
23.7926 -4.01418
23.7941 -4.03372
23.7956 -4.05308
23.7971 -4.07228
23.7986 -4.09132
23.8002 -4.11019
23.8017 -4.1289
23.8032 -4.14745
23.8047 -4.16583
23.8062 -4.18405
23.8077 -4.20211
23.8092 -4.22001
23.8107 -4.23775
23.8122 -4.25532
23.8137 -4.27274
23.8152 -4.29
23.8167 -4.3071
23.8182 -4.32405
23.8197 -4.34083
23.8212 -4.35746
23.8227 -4.37393
23.8242 -4.39025
23.8257 -4.40641
23.8272 -4.42242
23.8287 -4.43827
23.8302 -4.45397
23.8317 -4.46951
23.8332 -4.4849
23.8347 -4.50014
23.8362 -4.51523
23.8377 -4.53016
23.8392 -4.54495
23.8407 -4.55958
23.8422 -4.57407
23.8437 -4.58841
23.8452 -4.60259
23.8467 -4.61663
23.8482 -4.63052
23.8497 -4.64426
23.8512 -4.65786
23.8527 -4.67131
23.8542 -4.68462
23.8557 -4.69777
23.8572 -4.71079
23.8587 -4.72366
23.8602 -4.73638
23.8617 -4.74897
23.8632 -4.76141
23.8647 -4.7737
23.8662 -4.78586
23.8677 -4.79787
23.8692 -4.80975
23.8707 -4.82148
23.8722 -4.83307
23.8737 -4.84452
23.8752 -4.85584
23.8767 -4.86701
23.8782 -4.87805
23.8797 -4.88895
23.8812 -4.89971
23.8827 -4.91034
23.8842 -4.92083
23.8857 -4.93119
23.8872 -4.94141
23.8887 -4.95149
23.8902 -4.96144
23.8917 -4.97126
23.8932 -4.98095
23.8947 -4.9905
23.8962 -4.99992
23.8977 -5.0092
23.8992 -5.01836
23.9007 -5.02739
23.9022 -5.03628
23.9037 -5.04505
23.9052 -5.05368
23.9067 -5.06219
23.9082 -5.07057
23.9097 -5.07882
23.9112 -5.08695
23.9127 -5.09494
23.9142 -5.10281
23.9157 -5.11056
23.9172 -5.11818
23.9187 -5.12567
23.9202 -5.13304
23.9217 -5.14028
23.9232 -5.1474
23.9247 -5.1544
23.9262 -5.16128
23.9277 -5.16803
23.9292 -5.17466
23.9307 -5.18117
23.9322 -5.18756
23.9337 -5.19383
23.9352 -5.19997
23.9367 -5.206
23.9382 -5.21191
23.9397 -5.2177
23.9412 -5.22338
23.9427 -5.22893
23.9442 -5.23437
23.9457 -5.23969
23.9472 -5.24489
23.9487 -5.24998
23.9502 -5.25496
23.9517 -5.25981
23.9532 -5.26456
23.9547 -5.26919
23.9562 -5.2737
23.9577 -5.27811
23.9592 -5.2824
23.9607 -5.28658
23.9622 -5.29064
23.9637 -5.2946
23.9652 -5.29844
23.9667 -5.30218
23.9682 -5.3058
23.9697 -5.30931
23.9712 -5.31272
23.9727 -5.31602
23.9742 -5.3192
23.9757 -5.32228
23.9772 -5.32526
23.9787 -5.32812
23.9802 -5.33088
23.9817 -5.33354
23.9832 -5.33609
23.9847 -5.33853
23.9862 -5.34087
23.9877 -5.3431
23.9892 -5.34523
23.9907 -5.34726
23.9922 -5.34918
23.9937 -5.351
23.9952 -5.35272
23.9967 -5.35434
23.9982 -5.35586
23.9997 -5.35727
24.0013 -5.35859
24.0028 -5.35981
24.0043 -5.36092
24.0058 -5.36194
24.0073 -5.36286
24.0088 -5.36368
24.0103 -5.3644
24.0118 -5.36503
24.0133 -5.36555
24.0148 -5.36599
24.0163 -5.36632
24.0178 -5.36656
24.0193 -5.36671
24.0208 -5.36676
24.0223 -5.36672
24.0238 -5.36658
24.0253 -5.36635
24.0268 -5.36602
24.0283 -5.36561
24.0298 -5.3651
24.0313 -5.3645
24.0328 -5.3638
24.0343 -5.36302
24.0358 -5.36215
24.0373 -5.36118
24.0388 -5.36013
24.0403 -5.35899
24.0418 -5.35775
24.0433 -5.35643
24.0448 -5.35503
24.0463 -5.35353
24.0478 -5.35195
24.0493 -5.35028
24.0508 -5.34852
24.0523 -5.34668
24.0538 -5.34475
24.0553 -5.34274
24.0568 -5.34064
24.0583 -5.33846
24.0598 -5.33619
24.0613 -5.33384
24.0628 -5.33141
24.0643 -5.32889
24.0658 -5.3263
24.0673 -5.32362
24.0688 -5.32086
24.0703 -5.31801
24.0718 -5.31509
24.0733 -5.31209
24.0748 -5.309
24.0763 -5.30584
24.0778 -5.3026
24.0793 -5.29928
24.0808 -5.29588
24.0823 -5.2924
24.0838 -5.28885
24.0853 -5.28522
24.0868 -5.28151
24.0883 -5.27773
24.0898 -5.27386
24.0913 -5.26993
24.0928 -5.26592
24.0943 -5.26183
24.0958 -5.25767
24.0973 -5.25344
24.0988 -5.24913
24.1003 -5.24475
24.1018 -5.2403
24.1033 -5.23577
24.1048 -5.23117
24.1063 -5.2265
24.1078 -5.22176
24.1093 -5.21695
24.1108 -5.21207
24.1123 -5.20712
24.1138 -5.2021
24.1153 -5.197
24.1168 -5.19184
24.1183 -5.18662
24.1198 -5.18132
24.1213 -5.17595
24.1228 -5.17052
24.1243 -5.16502
24.1258 -5.15946
24.1273 -5.15383
24.1288 -5.14813
24.1303 -5.14236
24.1318 -5.13654
24.1333 -5.13064
24.1348 -5.12469
24.1363 -5.11866
24.1378 -5.11258
24.1393 -5.10643
24.1408 -5.10022
24.1423 -5.09395
24.1438 -5.08761
24.1453 -5.08121
24.1468 -5.07475
24.1483 -5.06823
24.1498 -5.06165
24.1513 -5.05501
24.1528 -5.04831
24.1543 -5.04155
24.1558 -5.03473
24.1573 -5.02785
24.1588 -5.02091
24.1603 -5.01392
24.1618 -5.00687
24.1633 -4.99975
24.1648 -4.99259
24.1663 -4.98536
24.1678 -4.97808
24.1693 -4.97075
24.1708 -4.96336
24.1723 -4.95591
24.1738 -4.94841
24.1753 -4.94085
24.1768 -4.93324
24.1783 -4.92558
24.1798 -4.91786
24.1813 -4.91009
24.1828 -4.90226
24.1843 -4.89439
24.1858 -4.88646
24.1873 -4.87848
24.1888 -4.87045
24.1903 -4.86237
24.1918 -4.85424
24.1933 -4.84605
24.1948 -4.83782
24.1963 -4.82954
24.1978 -4.82121
24.1993 -4.81283
24.2009 -4.8044
24.2024 -4.79592
24.2039 -4.7874
24.2054 -4.77883
24.2069 -4.77021
24.2084 -4.76154
24.2099 -4.75283
24.2114 -4.74407
24.2129 -4.73527
24.2144 -4.72642
24.2159 -4.71752
24.2174 -4.70858
24.2189 -4.6996
24.2204 -4.69057
24.2219 -4.6815
24.2234 -4.67238
24.2249 -4.66322
24.2264 -4.65402
24.2279 -4.64478
24.2294 -4.63549
24.2309 -4.62617
24.2324 -4.6168
24.2339 -4.60739
24.2354 -4.59794
24.2369 -4.58845
24.2384 -4.57892
24.2399 -4.56935
24.2414 -4.55974
24.2429 -4.55009
24.2444 -4.5404
24.2459 -4.53068
24.2474 -4.52091
24.2489 -4.51111
24.2504 -4.50127
24.2519 -4.49139
24.2534 -4.48148
24.2549 -4.47153
24.2564 -4.46155
24.2579 -4.45153
24.2594 -4.44147
24.2609 -4.43138
24.2624 -4.42125
24.2639 -4.41109
24.2654 -4.40089
24.2669 -4.39066
24.2684 -4.3804
24.2699 -4.3701
24.2714 -4.35977
24.2729 -4.34941
24.2744 -4.33902
24.2759 -4.32859
24.2774 -4.31813
24.2789 -4.30764
24.2804 -4.29712
24.2819 -4.28657
24.2834 -4.27599
24.2849 -4.26538
24.2864 -4.25473
24.2879 -4.24406
24.2894 -4.23336
24.2909 -4.22263
24.2924 -4.21188
24.2939 -4.20109
24.2954 -4.19027
24.2969 -4.17943
24.2984 -4.16856
24.2999 -4.15767
24.3014 -4.14674
24.3029 -4.13579
24.3044 -4.12482
24.3059 -4.11382
24.3074 -4.10279
24.3089 -4.09174
24.3104 -4.08066
24.3119 -4.06956
24.3134 -4.05843
24.3149 -4.04728
24.3164 -4.03611
24.3179 -4.02491
24.3194 -4.01369
24.3209 -4.00245
24.3224 -3.99118
24.3239 -3.97989
24.3254 -3.96858
24.3269 -3.95725
24.3284 -3.94589
24.3299 -3.93452
24.3314 -3.92312
24.3329 -3.91171
24.3344 -3.90027
24.3359 -3.88882
24.3374 -3.87734
24.3389 -3.86584
24.3404 -3.85433
24.3419 -3.8428
24.3434 -3.83124
24.3449 -3.81967
24.3464 -3.80809
24.3479 -3.79648
24.3494 -3.78486
24.3509 -3.77322
24.3524 -3.76156
24.3539 -3.74989
24.3554 -3.7382
24.3569 -3.72649
24.3584 -3.71477
24.3599 -3.70303
24.3614 -3.69128
24.3629 -3.67951
24.3644 -3.66773
24.3659 -3.65593
24.3674 -3.64412
24.3689 -3.6323
24.3704 -3.62046
24.3719 -3.60861
24.3734 -3.59675
24.3749 -3.58487
24.3764 -3.57298
24.3779 -3.56108
24.3794 -3.54917
24.3809 -3.53724
24.3824 -3.52531
24.3839 -3.51336
24.3854 -3.5014
24.3869 -3.48943
24.3884 -3.47746
24.3899 -3.46547
24.3914 -3.45347
24.3929 -3.44146
24.3944 -3.42944
24.3959 -3.41742
24.3974 -3.40538
24.3989 -3.39334
24.4005 -3.38129
24.402 -3.36923
24.4035 -3.35716
24.405 -3.34509
24.4065 -3.33301
24.408 -3.32092
24.4095 -3.30882
24.411 -3.29672
24.4125 -3.28461
24.414 -3.2725
24.4155 -3.26038
24.417 -3.24826
24.4185 -3.23613
24.42 -3.22399
24.4215 -3.21185
24.423 -3.19971
24.4245 -3.18756
24.426 -3.17541
24.4275 -3.16326
24.429 -3.1511
24.4305 -3.13894
24.432 -3.12677
24.4335 -3.1146
24.435 -3.10244
24.4365 -3.09026
24.438 -3.07809
24.4395 -3.06592
24.441 -3.05374
24.4425 -3.04156
24.444 -3.02938
24.4455 -3.0172
24.447 -3.00502
24.4485 -2.99285
24.45 -2.98067
24.4515 -2.96849
24.453 -2.95631
24.4545 -2.94413
24.456 -2.93195
24.4575 -2.91978
24.459 -2.9076
24.4605 -2.89543
24.462 -2.88326
24.4635 -2.87109
24.465 -2.85892
24.4665 -2.84676
24.468 -2.8346
24.4695 -2.82244
24.471 -2.81029
24.4725 -2.79814
24.474 -2.78599
24.4755 -2.77385
24.477 -2.76171
24.4785 -2.74957
24.48 -2.73744
24.4815 -2.72532
24.483 -2.7132
24.4845 -2.70108
24.486 -2.68897
24.4875 -2.67687
24.489 -2.66478
24.4905 -2.65268
24.492 -2.6406
24.4935 -2.62852
24.495 -2.61645
24.4965 -2.60439
24.498 -2.59233
24.4995 -2.58028
24.501 -2.56824
24.5025 -2.55621
24.504 -2.54419
24.5055 -2.53217
24.507 -2.52016
24.5085 -2.50816
24.51 -2.49617
24.5115 -2.48419
24.513 -2.47222
24.5145 -2.46026
24.516 -2.44831
24.5175 -2.43637
24.519 -2.42444
24.5205 -2.41252
24.522 -2.40061
24.5235 -2.38871
24.525 -2.37682
24.5265 -2.36495
24.528 -2.35308
24.5295 -2.34123
24.531 -2.32939
24.5325 -2.31756
24.534 -2.30575
24.5355 -2.29394
24.537 -2.28215
24.5385 -2.27037
24.54 -2.25861
24.5415 -2.24686
24.543 -2.23512
24.5445 -2.2234
24.546 -2.21169
24.5475 -2.19999
24.549 -2.18831
24.5505 -2.17665
24.552 -2.16499
24.5535 -2.15336
24.555 -2.14173
24.5565 -2.13013
24.558 -2.11854
24.5595 -2.10696
24.561 -2.0954
24.5625 -2.08386
24.564 -2.07233
24.5655 -2.06082
24.567 -2.04933
24.5685 -2.03785
24.57 -2.02639
24.5715 -2.01495
24.573 -2.00353
24.5745 -1.99212
24.576 -1.98073
24.5775 -1.96936
24.579 -1.958
24.5805 -1.94667
24.582 -1.93535
24.5835 -1.92405
24.585 -1.91278
24.5865 -1.90152
24.588 -1.89027
24.5895 -1.87905
24.591 -1.86785
24.5925 -1.85667
24.594 -1.84551
24.5955 -1.83437
24.597 -1.82324
24.5985 -1.81214
24.6001 -1.80106
24.6016 -1.79
24.6031 -1.77897
24.6046 -1.76795
24.6061 -1.75695
24.6076 -1.74598
24.6091 -1.73502
24.6106 -1.72409
24.6121 -1.71318
24.6136 -1.7023
24.6151 -1.69143
24.6166 -1.68059
24.6181 -1.66977
24.6196 -1.65898
24.6211 -1.6482
24.6226 -1.63745
24.6241 -1.62673
24.6256 -1.61602
24.6271 -1.60534
24.6286 -1.59469
24.6301 -1.58406
24.6316 -1.57345
24.6331 -1.56287
24.6346 -1.55231
24.6361 -1.54177
24.6376 -1.53126
24.6391 -1.52078
24.6406 -1.51032
24.6421 -1.49989
24.6436 -1.48948
24.6451 -1.4791
24.6466 -1.46874
24.6481 -1.45841
24.6496 -1.4481
24.6511 -1.43782
24.6526 -1.42757
24.6541 -1.41734
24.6556 -1.40714
24.6571 -1.39697
24.6586 -1.38682
24.6601 -1.37671
24.6616 -1.36661
24.6631 -1.35655
24.6646 -1.34651
24.6661 -1.3365
24.6676 -1.32652
24.6691 -1.31657
24.6706 -1.30664
24.6721 -1.29675
24.6736 -1.28688
24.6751 -1.27704
24.6766 -1.26723
24.6781 -1.25745
24.6796 -1.24769
24.6811 -1.23797
24.6826 -1.22827
24.6841 -1.21861
24.6856 -1.20897
24.6871 -1.19936
24.6886 -1.18979
24.6901 -1.18024
24.6916 -1.17072
24.6931 -1.16124
24.6946 -1.15178
24.6961 -1.14235
24.6976 -1.13296
24.6991 -1.12359
24.7006 -1.11426
24.7021 -1.10496
24.7036 -1.09568
24.7051 -1.08644
24.7066 -1.07723
24.7081 -1.06806
24.7096 -1.05891
24.7111 -1.0498
24.7126 -1.04071
24.7141 -1.03166
24.7156 -1.02264
24.7171 -1.01366
24.7186 -1.0047
24.7201 -0.995781
24.7216 -0.986892
24.7231 -0.978036
24.7246 -0.969213
24.7261 -0.960422
24.7276 -0.951665
24.7291 -0.942941
24.7306 -0.93425
24.7321 -0.925593
24.7336 -0.916969
24.7351 -0.908379
24.7366 -0.899822
24.7381 -0.8913
24.7396 -0.882811
24.7411 -0.874357
24.7426 -0.865936
24.7441 -0.857551
24.7456 -0.849199
24.7471 -0.840882
24.7486 -0.8326
24.7501 -0.824353
24.7516 -0.81614
24.7531 -0.807963
24.7546 -0.79982
24.7561 -0.791713
24.7576 -0.783641
24.7591 -0.775605
24.7606 -0.767604
24.7621 -0.759638
24.7636 -0.751709
24.7651 -0.743815
24.7666 -0.735957
24.7681 -0.728135
24.7696 -0.720349
24.7711 -0.7126
24.7726 -0.704887
24.7741 -0.69721
24.7756 -0.68957
24.7771 -0.681967
24.7786 -0.6744
24.7801 -0.66687
24.7816 -0.659377
24.7831 -0.651921
24.7846 -0.644502
24.7861 -0.63712
24.7876 -0.629776
24.7891 -0.622469
24.7906 -0.615199
24.7921 -0.607967
24.7936 -0.600773
24.7951 -0.593616
24.7966 -0.586498
24.7981 -0.579417
24.7996 -0.572374
24.8012 -0.565369
24.8027 -0.558403
24.8042 -0.551475
24.8057 -0.544585
24.8072 -0.537733
24.8087 -0.53092
24.8102 -0.524146
24.8117 -0.517411
24.8132 -0.510714
24.8147 -0.504056
24.8162 -0.497437
24.8177 -0.490857
24.8192 -0.484316
24.8207 -0.477814
24.8222 -0.471351
24.8237 -0.464928
24.8252 -0.458545
24.8267 -0.4522
24.8282 -0.445895
24.8297 -0.43963
24.8312 -0.433405
24.8327 -0.427219
24.8342 -0.421074
24.8357 -0.414968
24.8372 -0.408902
24.8387 -0.402876
24.8402 -0.39689
24.8417 -0.390945
24.8432 -0.38504
24.8447 -0.379175
24.8462 -0.37335
24.8477 -0.367566
24.8492 -0.361823
24.8507 -0.35612
24.8522 -0.350458
24.8537 -0.344837
24.8552 -0.339256
24.8567 -0.333716
24.8582 -0.328217
24.8597 -0.32276
24.8612 -0.317343
24.8627 -0.311967
24.8642 -0.306633
24.8657 -0.301339
24.8672 -0.296087
24.8687 -0.290877
24.8702 -0.285707
24.8717 -0.28058
24.8732 -0.275493
24.8747 -0.270449
24.8762 -0.265446
24.8777 -0.260484
24.8792 -0.255565
24.8807 -0.250687
24.8822 -0.245851
24.8837 -0.241056
24.8852 -0.236304
24.8867 -0.231594
24.8882 -0.226926
24.8897 -0.2223
24.8912 -0.217716
24.8927 -0.213174
24.8942 -0.208674
24.8957 -0.204217
24.8972 -0.199802
24.8987 -0.195429
24.9002 -0.191099
24.9017 -0.186811
24.9032 -0.182566
24.9047 -0.178363
24.9062 -0.174203
24.9077 -0.170085
24.9092 -0.16601
24.9107 -0.161978
24.9122 -0.157989
24.9137 -0.154042
24.9152 -0.150138
24.9167 -0.146277
24.9182 -0.142459
24.9197 -0.138684
24.9212 -0.134951
24.9227 -0.131262
24.9242 -0.127616
24.9257 -0.124013
24.9272 -0.120453
24.9287 -0.116936
24.9302 -0.113462
24.9317 -0.110031
24.9332 -0.106644
24.9347 -0.1033
24.9362 -0.0999987
24.9377 -0.0967411
24.9392 -0.0935268
24.9407 -0.0903559
24.9422 -0.0872284
24.9437 -0.0841442
24.9452 -0.0811035
24.9467 -0.0781062
24.9482 -0.0751525
24.9497 -0.0722422
24.9512 -0.0693754
24.9527 -0.0665522
24.9542 -0.0637725
24.9557 -0.0610365
24.9572 -0.058344
24.9587 -0.0556952
24.9602 -0.05309
24.9617 -0.0505284
24.9632 -0.0480105
24.9647 -0.0455364
24.9662 -0.0431059
24.9677 -0.0407191
24.9692 -0.0383761
24.9707 -0.0360769
24.9722 -0.0338214
24.9737 -0.0316096
24.9752 -0.0294417
24.9767 -0.0273176
24.9782 -0.0252372
24.9797 -0.0232007
24.9812 -0.021208
24.9827 -0.0192592
24.9842 -0.0173542
24.9857 -0.015493
24.9872 -0.0136757
24.9887 -0.0119023
24.9902 -0.0101727
24.9917 -0.00848698
24.9932 -0.00684516
24.9947 -0.00524722
24.9962 -0.00369316
24.9977 -0.00218298
24.9992 -0.000716688
25.0008 0.000705717
25.0023 0.00208424
25.0038 0.00341887
25.0053 0.00470962
25.0068 0.00595649
25.0083 0.00715947
25.0098 0.00831859
25.0113 0.00943382
25.0128 0.0105052
25.0143 0.0115327
25.0158 0.0125164
25.0173 0.0134562
25.0188 0.0143521
25.0203 0.0152042
25.0218 0.0160125
25.0233 0.016777
25.0248 0.0174977
25.0263 0.0181745
25.0278 0.0188076
25.0293 0.0193969
25.0308 0.0199425
25.0323 0.0204443
25.0338 0.0209023
25.0353 0.0213167
25.0368 0.0216873
25.0383 0.0220143
25.0398 0.0222975
25.0413 0.0225371
25.0428 0.0227331
25.0443 0.0228854
25.0458 0.0229942
25.0473 0.0230593
25.0488 0.0230809
25.0503 0.023059
25.0518 0.0229935
25.0533 0.0228845
25.0548 0.0227321
25.0563 0.0225362
25.0578 0.0222968
25.0593 0.0220141
25.0608 0.021688
25.0623 0.0213185
25.0638 0.0209057
25.0653 0.0204496
25.0668 0.0199503
25.0683 0.0194076
25.0698 0.0188218
25.0713 0.0181928
25.0728 0.0175206
25.0743 0.0168053
25.0758 0.016047
25.0773 0.0152455
25.0788 0.0144011
25.0803 0.0135136
25.0818 0.0125832
25.0833 0.0116099
25.0848 0.0105936
25.0863 0.00953458
25.0878 0.0084327
25.0893 0.00728804
25.0908 0.00610065
25.0923 0.00487055
25.0938 0.0035978
25.0953 0.00228244
25.0968 0.00092449
25.0983 -0.000475991
25.0998 -0.00191897
25.1013 -0.00340439
25.1028 -0.00493222
25.1043 -0.00650242
25.1058 -0.00811493
25.1073 -0.00976972
25.1088 -0.0114667
25.1103 -0.0132059
25.1118 -0.0149873
25.1133 -0.0168107
25.1148 -0.0186761
25.1163 -0.0205835
25.1178 -0.0225329
25.1193 -0.0245242
25.1208 -0.0265572
25.1223 -0.0286321
25.1238 -0.0307487
25.1253 -0.032907
25.1268 -0.0351069
25.1283 -0.0373484
25.1298 -0.0396313
25.1313 -0.0419558
25.1328 -0.0443216
25.1343 -0.0467288
25.1358 -0.0491773
25.1373 -0.051667
25.1388 -0.0541978
25.1403 -0.0567698
25.1418 -0.0593828
25.1433 -0.0620368
25.1448 -0.0647318
25.1463 -0.0674676
25.1478 -0.0702442
25.1493 -0.0730615
25.1508 -0.0759195
25.1523 -0.0788181
25.1538 -0.0817573
25.1553 -0.0847369
25.1568 -0.0877569
25.1583 -0.0908173
25.1598 -0.093918
25.1613 -0.0970588
25.1628 -0.10024
25.1643 -0.103461
25.1658 -0.106722
25.1673 -0.110023
25.1688 -0.113364
25.1703 -0.116744
25.1718 -0.120165
25.1733 -0.123625
25.1748 -0.127124
25.1763 -0.130663
25.1778 -0.134241
25.1793 -0.137859
25.1808 -0.141516
25.1823 -0.145212
25.1838 -0.148947
25.1853 -0.152722
25.1868 -0.156535
25.1883 -0.160387
25.1898 -0.164278
25.1913 -0.168207
25.1928 -0.172175
25.1943 -0.176182
25.1958 -0.180227
25.1973 -0.18431
25.1988 -0.188432
25.2004 -0.192592
25.2019 -0.19679
25.2034 -0.201026
25.2049 -0.2053
25.2064 -0.209612
25.2079 -0.213961
25.2094 -0.218348
25.2109 -0.222773
25.2124 -0.227235
25.2139 -0.231735
25.2154 -0.236272
25.2169 -0.240846
25.2184 -0.245457
25.2199 -0.250105
25.2214 -0.25479
25.2229 -0.259512
25.2244 -0.264271
25.2259 -0.269066
25.2274 -0.273898
25.2289 -0.278766
25.2304 -0.283671
25.2319 -0.288612
25.2334 -0.293589
25.2349 -0.298602
25.2364 -0.303651
25.2379 -0.308736
25.2394 -0.313856
25.2409 -0.319012
25.2424 -0.324204
25.2439 -0.329431
25.2454 -0.334694
25.2469 -0.339991
25.2484 -0.345324
25.2499 -0.350692
25.2514 -0.356094
25.2529 -0.361532
25.2544 -0.367004
25.2559 -0.37251
25.2574 -0.378051
25.2589 -0.383627
25.2604 -0.389236
25.2619 -0.39488
25.2634 -0.400558
25.2649 -0.40627
25.2664 -0.412015
25.2679 -0.417794
25.2694 -0.423607
25.2709 -0.429453
25.2724 -0.435332
25.2739 -0.441244
25.2754 -0.44719
25.2769 -0.453169
25.2784 -0.45918
25.2799 -0.465224
25.2814 -0.471301
25.2829 -0.47741
25.2844 -0.483552
25.2859 -0.489725
25.2874 -0.495931
25.2889 -0.502169
25.2904 -0.508439
25.2919 -0.51474
25.2934 -0.521073
25.2949 -0.527438
25.2964 -0.533834
25.2979 -0.540261
25.2994 -0.546719
25.3009 -0.553208
25.3024 -0.559728
25.3039 -0.566279
25.3054 -0.57286
25.3069 -0.579472
25.3084 -0.586114
25.3099 -0.592786
25.3114 -0.599488
25.3129 -0.60622
25.3144 -0.612982
25.3159 -0.619774
25.3174 -0.626595
25.3189 -0.633445
25.3204 -0.640325
25.3219 -0.647234
25.3234 -0.654171
25.3249 -0.661138
25.3264 -0.668133
25.3279 -0.675157
25.3294 -0.682209
25.3309 -0.689289
25.3324 -0.696398
25.3339 -0.703534
25.3354 -0.710698
25.3369 -0.71789
25.3384 -0.72511
25.3399 -0.732356
25.3414 -0.73963
25.3429 -0.746932
25.3444 -0.75426
25.3459 -0.761614
25.3474 -0.768996
25.3489 -0.776404
25.3504 -0.783838
25.3519 -0.791299
25.3534 -0.798785
25.3549 -0.806297
25.3564 -0.813836
25.3579 -0.821399
25.3594 -0.828988
25.3609 -0.836603
25.3624 -0.844242
25.3639 -0.851907
25.3654 -0.859596
25.3669 -0.86731
25.3684 -0.875048
25.3699 -0.882811
25.3714 -0.890598
25.3729 -0.898409
25.3744 -0.906243
25.3759 -0.914102
25.3774 -0.921984
25.3789 -0.929889
25.3804 -0.937817
25.3819 -0.945769
25.3834 -0.953743
25.3849 -0.96174
25.3864 -0.969759
25.3879 -0.977801
25.3894 -0.985865
25.3909 -0.993952
25.3924 -1.00206
25.3939 -1.01019
25.3954 -1.01834
25.3969 -1.02651
25.3984 -1.03471
25.3999 -1.04292
25.4015 -1.05116
25.403 -1.05941
25.4045 -1.06769
25.406 -1.07599
25.4075 -1.0843
25.409 -1.09264
25.4105 -1.101
25.412 -1.10937
25.4135 -1.11777
25.415 -1.12618
25.4165 -1.13462
25.418 -1.14307
25.4195 -1.15154
25.421 -1.16003
25.4225 -1.16854
25.424 -1.17707
25.4255 -1.18561
25.427 -1.19418
25.4285 -1.20276
25.43 -1.21135
25.4315 -1.21997
25.433 -1.2286
25.4345 -1.23725
25.436 -1.24592
25.4375 -1.2546
25.439 -1.2633
25.4405 -1.27201
25.442 -1.28074
25.4435 -1.28949
25.445 -1.29825
25.4465 -1.30703
25.448 -1.31582
25.4495 -1.32462
25.451 -1.33345
25.4525 -1.34228
25.454 -1.35113
25.4555 -1.36
25.457 -1.36888
25.4585 -1.37777
25.46 -1.38668
25.4615 -1.3956
25.463 -1.40453
25.4645 -1.41347
25.466 -1.42243
25.4675 -1.4314
25.469 -1.44039
25.4705 -1.44938
25.472 -1.45839
25.4735 -1.46741
25.475 -1.47644
25.4765 -1.48548
25.478 -1.49454
25.4795 -1.5036
25.481 -1.51268
25.4825 -1.52176
25.484 -1.53086
25.4855 -1.53997
25.487 -1.54908
25.4885 -1.55821
25.49 -1.56734
25.4915 -1.57649
25.493 -1.58564
25.4945 -1.59481
25.496 -1.60398
25.4975 -1.61316
25.499 -1.62234
25.5005 -1.63154
25.502 -1.64074
25.5035 -1.64995
25.505 -1.65917
25.5065 -1.6684
25.508 -1.67763
25.5095 -1.68687
25.511 -1.69612
25.5125 -1.70537
25.514 -1.71463
25.5155 -1.72389
25.517 -1.73316
25.5185 -1.74244
25.52 -1.75172
25.5215 -1.761
25.523 -1.77029
25.5245 -1.77958
25.526 -1.78888
25.5275 -1.79818
25.529 -1.80749
25.5305 -1.8168
25.532 -1.82611
25.5335 -1.83543
25.535 -1.84475
25.5365 -1.85407
25.538 -1.86339
25.5395 -1.87272
25.541 -1.88205
25.5425 -1.89138
25.544 -1.90071
25.5455 -1.91004
25.547 -1.91937
25.5485 -1.92871
25.55 -1.93804
25.5515 -1.94738
25.553 -1.95671
25.5545 -1.96605
25.556 -1.97538
25.5575 -1.98471
25.559 -1.99405
25.5605 -2.00338
25.562 -2.01271
25.5635 -2.02204
25.565 -2.03136
25.5665 -2.04069
25.568 -2.05001
25.5695 -2.05933
25.571 -2.06865
25.5725 -2.07796
25.574 -2.08727
25.5755 -2.09658
25.577 -2.10588
25.5785 -2.11518
25.58 -2.12447
25.5815 -2.13376
25.583 -2.14305
25.5845 -2.15233
25.586 -2.1616
25.5875 -2.17087
25.589 -2.18013
25.5905 -2.18939
25.592 -2.19864
25.5935 -2.20788
25.595 -2.21712
25.5965 -2.22635
25.598 -2.23557
25.5995 -2.24479
25.6011 -2.25399
25.6026 -2.26319
25.6041 -2.27238
25.6056 -2.28156
25.6071 -2.29074
25.6086 -2.2999
25.6101 -2.30905
25.6116 -2.3182
25.6131 -2.32733
25.6146 -2.33645
25.6161 -2.34557
25.6176 -2.35467
25.6191 -2.36376
25.6206 -2.37284
25.6221 -2.38191
25.6236 -2.39096
25.6251 -2.40001
25.6266 -2.40904
25.6281 -2.41806
25.6296 -2.42706
25.6311 -2.43606
25.6326 -2.44504
25.6341 -2.454
25.6356 -2.46295
25.6371 -2.47189
25.6386 -2.48081
25.6401 -2.48972
25.6416 -2.49861
25.6431 -2.50749
25.6446 -2.51635
25.6461 -2.52519
25.6476 -2.53402
25.6491 -2.54284
25.6506 -2.55163
25.6521 -2.56041
25.6536 -2.56917
25.6551 -2.57791
25.6566 -2.58664
25.6581 -2.59535
25.6596 -2.60404
25.6611 -2.61271
25.6626 -2.62136
25.6641 -2.62999
25.6656 -2.6386
25.6671 -2.64719
25.6686 -2.65576
25.6701 -2.66431
25.6716 -2.67284
25.6731 -2.68135
25.6746 -2.68984
25.6761 -2.6983
25.6776 -2.70675
25.6791 -2.71517
25.6806 -2.72357
25.6821 -2.73194
25.6836 -2.7403
25.6851 -2.74863
25.6866 -2.75693
25.6881 -2.76521
25.6896 -2.77347
25.6911 -2.7817
25.6926 -2.78991
25.6941 -2.79809
25.6956 -2.80625
25.6971 -2.81438
25.6986 -2.82249
25.7001 -2.83056
25.7016 -2.83861
25.7031 -2.84664
25.7046 -2.85464
25.7061 -2.86261
25.7076 -2.87055
25.7091 -2.87846
25.7106 -2.88634
25.7121 -2.8942
25.7136 -2.90203
25.7151 -2.90982
25.7166 -2.91759
25.7181 -2.92533
25.7196 -2.93303
25.7211 -2.94071
25.7226 -2.94835
25.7241 -2.95597
25.7256 -2.96355
25.7271 -2.9711
25.7286 -2.97862
25.7301 -2.9861
25.7316 -2.99355
25.7331 -3.00097
25.7346 -3.00836
25.7361 -3.01571
25.7376 -3.02302
25.7391 -3.03031
25.7406 -3.03755
25.7421 -3.04477
25.7436 -3.05194
25.7451 -3.05908
25.7466 -3.06619
25.7481 -3.07326
25.7496 -3.08029
25.7511 -3.08728
25.7526 -3.09424
25.7541 -3.10116
25.7556 -3.10804
25.7571 -3.11488
25.7586 -3.12169
25.7601 -3.12845
25.7616 -3.13518
25.7631 -3.14186
25.7646 -3.14851
25.7661 -3.15511
25.7676 -3.16168
25.7691 -3.1682
25.7706 -3.17468
25.7721 -3.18112
25.7736 -3.18752
25.7751 -3.19388
25.7766 -3.20019
25.7781 -3.20646
25.7796 -3.21269
25.7811 -3.21887
25.7826 -3.22501
25.7841 -3.23111
25.7856 -3.23716
25.7871 -3.24316
25.7886 -3.24912
25.7901 -3.25504
25.7916 -3.2609
25.7931 -3.26672
25.7946 -3.2725
25.7961 -3.27823
25.7976 -3.28391
25.7991 -3.28954
25.8007 -3.29512
25.8022 -3.30066
25.8037 -3.30614
25.8052 -3.31158
25.8067 -3.31697
25.8082 -3.32231
25.8097 -3.32759
25.8112 -3.33283
25.8127 -3.33802
25.8142 -3.34315
25.8157 -3.34823
25.8172 -3.35326
25.8187 -3.35824
25.8202 -3.36317
25.8217 -3.36804
25.8232 -3.37286
25.8247 -3.37763
25.8262 -3.38234
25.8277 -3.387
25.8292 -3.3916
25.8307 -3.39614
25.8322 -3.40064
25.8337 -3.40507
25.8352 -3.40945
25.8367 -3.41377
25.8382 -3.41804
25.8397 -3.42225
25.8412 -3.4264
25.8427 -3.43049
25.8442 -3.43452
25.8457 -3.4385
25.8472 -3.44241
25.8487 -3.44627
25.8502 -3.45007
25.8517 -3.4538
25.8532 -3.45748
25.8547 -3.46109
25.8562 -3.46465
25.8577 -3.46814
25.8592 -3.47157
25.8607 -3.47493
25.8622 -3.47824
25.8637 -3.48148
25.8652 -3.48465
25.8667 -3.48777
25.8682 -3.49081
25.8697 -3.4938
25.8712 -3.49672
25.8727 -3.49957
25.8742 -3.50236
25.8757 -3.50508
25.8772 -3.50773
25.8787 -3.51032
25.8802 -3.51284
25.8817 -3.51529
25.8832 -3.51767
25.8847 -3.51999
25.8862 -3.52223
25.8877 -3.52441
25.8892 -3.52652
25.8907 -3.52856
25.8922 -3.53052
25.8937 -3.53242
25.8952 -3.53424
25.8967 -3.536
25.8982 -3.53768
25.8997 -3.53929
25.9012 -3.54082
25.9027 -3.54229
25.9042 -3.54367
25.9057 -3.54499
25.9072 -3.54623
25.9087 -3.5474
25.9102 -3.54849
25.9117 -3.5495
25.9132 -3.55044
25.9147 -3.55131
25.9162 -3.55209
25.9177 -3.5528
25.9192 -3.55343
25.9207 -3.55399
25.9222 -3.55446
25.9237 -3.55486
25.9252 -3.55518
25.9267 -3.55542
25.9282 -3.55557
25.9297 -3.55565
25.9312 -3.55565
25.9327 -3.55557
25.9342 -3.5554
25.9357 -3.55515
25.9372 -3.55483
25.9387 -3.55441
25.9402 -3.55392
25.9417 -3.55334
25.9432 -3.55268
25.9447 -3.55193
25.9462 -3.5511
25.9477 -3.55018
25.9492 -3.54918
25.9507 -3.54809
25.9522 -3.54691
25.9537 -3.54565
25.9552 -3.5443
25.9567 -3.54287
25.9582 -3.54134
25.9597 -3.53973
25.9612 -3.53803
25.9627 -3.53624
25.9642 -3.53436
25.9657 -3.53238
25.9672 -3.53032
25.9687 -3.52817
25.9702 -3.52593
25.9717 -3.52359
25.9732 -3.52116
25.9747 -3.51864
25.9762 -3.51603
25.9777 -3.51332
25.9792 -3.51052
25.9807 -3.50763
25.9822 -3.50464
25.9837 -3.50155
25.9852 -3.49837
25.9867 -3.49509
25.9882 -3.49172
25.9897 -3.48825
25.9912 -3.48468
25.9927 -3.48102
25.9942 -3.47725
25.9957 -3.47339
25.9972 -3.46943
25.9987 -3.46537
26.0003 -3.46121
26.0018 -3.45695
26.0033 -3.45259
26.0048 -3.44812
26.0063 -3.44356
26.0078 -3.43889
26.0093 -3.43412
26.0108 -3.42925
26.0123 -3.42428
26.0138 -3.4192
26.0153 -3.41401
26.0168 -3.40873
26.0183 -3.40333
26.0198 -3.39783
26.0213 -3.39223
26.0228 -3.38652
26.0243 -3.3807
26.0258 -3.37478
26.0273 -3.36874
26.0288 -3.3626
26.0303 -3.35635
26.0318 -3.34999
26.0333 -3.34352
26.0348 -3.33695
26.0363 -3.33026
26.0378 -3.32346
26.0393 -3.31655
26.0408 -3.30952
26.0423 -3.30239
26.0438 -3.29514
26.0453 -3.28778
26.0468 -3.2803
26.0483 -3.27271
26.0498 -3.26501
26.0513 -3.25719
26.0528 -3.24926
26.0543 -3.24121
26.0558 -3.23304
26.0573 -3.22476
26.0588 -3.21636
26.0603 -3.20784
26.0618 -3.19921
26.0633 -3.19045
26.0648 -3.18158
26.0663 -3.17259
26.0678 -3.16348
26.0693 -3.15424
26.0708 -3.14489
26.0723 -3.13541
26.0738 -3.12581
26.0753 -3.11609
26.0768 -3.10625
26.0783 -3.09629
26.0798 -3.0862
26.0813 -3.07598
26.0828 -3.06564
26.0843 -3.05518
26.0858 -3.04459
26.0873 -3.03388
26.0888 -3.02304
26.0903 -3.01207
26.0918 -3.00097
26.0933 -2.98975
26.0948 -2.9784
26.0963 -2.96691
26.0978 -2.9553
26.0993 -2.94356
26.1008 -2.93169
26.1023 -2.91969
26.1038 -2.90756
26.1053 -2.89529
26.1068 -2.8829
26.1083 -2.87037
26.1098 -2.85771
26.1113 -2.84491
26.1128 -2.83198
26.1143 -2.81892
26.1158 -2.80572
26.1173 -2.79238
26.1188 -2.77891
26.1203 -2.7653
26.1218 -2.75156
26.1233 -2.73767
26.1248 -2.72365
26.1263 -2.70949
26.1278 -2.6952
26.1293 -2.68076
26.1308 -2.66618
26.1323 -2.65146
26.1338 -2.6366
26.1353 -2.6216
26.1368 -2.60646
26.1383 -2.59118
26.1398 -2.57575
26.1413 -2.56018
26.1428 -2.54447
26.1443 -2.52861
26.1458 -2.5126
26.1473 -2.49645
26.1488 -2.48016
26.1503 -2.46372
26.1518 -2.44713
26.1533 -2.43039
26.1548 -2.41351
26.1563 -2.39648
26.1578 -2.3793
26.1593 -2.36197
26.1608 -2.34449
26.1623 -2.32686
26.1638 -2.30908
26.1653 -2.29115
26.1668 -2.27306
26.1683 -2.25483
26.1698 -2.23644
26.1713 -2.21789
26.1728 -2.1992
26.1743 -2.18035
26.1758 -2.16134
26.1773 -2.14218
26.1788 -2.12286
26.1803 -2.10339
26.1818 -2.08376
26.1833 -2.06397
26.1848 -2.04402
26.1863 -2.02392
26.1878 -2.00366
26.1893 -1.98323
26.1908 -1.96265
26.1923 -1.94191
26.1938 -1.921
26.1953 -1.89994
26.1968 -1.87871
26.1983 -1.85732
26.1998 -1.83577
26.2014 -1.81405
26.2029 -1.79217
26.2044 -1.77012
26.2059 -1.74791
26.2074 -1.72553
26.2089 -1.70299
26.2104 -1.68028
26.2119 -1.6574
26.2134 -1.63436
26.2149 -1.61115
26.2164 -1.58776
26.2179 -1.56421
26.2194 -1.54049
26.2209 -1.5166
26.2224 -1.49254
26.2239 -1.4683
26.2254 -1.4439
26.2269 -1.41932
26.2284 -1.39457
26.2299 -1.36964
26.2314 -1.34454
26.2329 -1.31927
26.2344 -1.29382
26.2359 -1.26819
26.2374 -1.24239
26.2389 -1.21641
26.2404 -1.19026
26.2419 -1.16393
26.2434 -1.13741
26.2449 -1.11072
26.2464 -1.08385
26.2479 -1.0568
26.2494 -1.02957
26.2509 -1.00216
26.2524 -0.974566
26.2539 -0.946791
26.2554 -0.918832
26.2569 -0.890691
26.2584 -0.862365
26.2599 -0.833855
26.2614 -0.805161
26.2629 -0.776281
26.2644 -0.747214
26.2659 -0.717962
26.2674 -0.688522
26.2689 -0.658895
26.2704 -0.629079
26.2719 -0.599075
26.2734 -0.568881
26.2749 -0.538498
26.2764 -0.507924
26.2779 -0.477159
26.2794 -0.446203
26.2809 -0.415054
26.2824 -0.383713
26.2839 -0.352179
26.2854 -0.320452
26.2869 -0.28853
26.2884 -0.256413
26.2899 -0.224101
26.2914 -0.191593
26.2929 -0.158888
26.2944 -0.125986
26.2959 -0.0928869
26.2974 -0.0595895
26.2989 -0.0260933
26.3004 0.00760218
26.3019 0.0414975
26.3034 0.0755933
26.3049 0.10989
26.3064 0.144388
26.3079 0.179089
26.3094 0.213992
26.3109 0.249098
26.3124 0.284408
26.3139 0.319923
26.3154 0.355642
26.3169 0.391567
26.3184 0.427698
26.3199 0.464036
26.3214 0.500581
26.3229 0.537333
26.3244 0.574294
26.3259 0.611464
26.3274 0.648844
26.3289 0.686433
26.3304 0.724234
26.3319 0.762245
26.3334 0.800468
26.3349 0.838904
26.3364 0.877553
26.3379 0.916415
26.3394 0.955491
26.3409 0.994782
26.3424 1.03429
26.3439 1.07401
26.3454 1.11395
26.3469 1.1541
26.3484 1.19448
26.3499 1.23507
26.3514 1.27588
26.3529 1.31691
26.3544 1.35816
26.3559 1.39963
26.3574 1.44132
26.3589 1.48323
26.3604 1.52537
26.3619 1.56773
26.3634 1.61031
26.3649 1.65311
26.3664 1.69614
26.3679 1.7394
26.3694 1.78288
26.3709 1.82659
26.3724 1.87052
26.3739 1.91468
26.3754 1.95907
26.3769 2.00369
26.3784 2.04854
26.3799 2.09362
26.3814 2.13893
26.3829 2.18447
26.3844 2.23024
26.3859 2.27625
26.3874 2.32249
26.3889 2.36896
26.3904 2.41566
26.3919 2.4626
26.3934 2.50978
26.3949 2.55719
26.3964 2.60484
26.3979 2.65272
26.3994 2.70084
26.401 2.74921
26.4025 2.79781
26.404 2.84665
26.4055 2.89573
26.407 2.94505
26.4085 2.99461
26.41 3.04441
26.4115 3.09446
26.413 3.14475
26.4145 3.19529
26.416 3.24607
26.4175 3.29709
26.419 3.34836
26.4205 3.39988
26.422 3.45164
26.4235 3.50365
26.425 3.55591
26.4265 3.60841
26.428 3.66117
26.4295 3.71418
26.431 3.76744
26.4325 3.82094
26.434 3.8747
26.4355 3.92872
26.437 3.98298
26.4385 4.0375
26.44 4.09228
26.4415 4.14731
26.443 4.20259
26.4445 4.25813
26.446 4.31393
26.4475 4.36999
26.449 4.4263
26.4505 4.48287
26.452 4.5397
26.4535 4.5968
26.455 4.65415
26.4565 4.71176
26.458 4.76964
26.4595 4.82778
26.461 4.88618
26.4625 4.94484
26.464 5.00377
26.4655 5.06296
26.467 5.12242
26.4685 5.18215
26.47 5.24214
26.4715 5.3024
26.473 5.36293
26.4745 5.42373
26.476 5.4848
26.4775 5.54614
26.479 5.60774
26.4805 5.66962
26.482 5.73177
26.4835 5.7942
26.485 5.8569
26.4865 5.91987
26.488 5.98311
26.4895 6.04664
26.491 6.11043
26.4925 6.17451
26.494 6.23886
26.4955 6.30349
26.497 6.36839
26.4985 6.43358
26.5 6.49905
