48.6187 0.0510127
48.6677 0.122431
48.7168 0.367292
48.7658 0.642761
48.8148 1.07127
48.8638 1.70383
48.9128 2.4078
48.9618 2.59145
49.0108 2.55064
49.0598 2.26497
49.1088 2.10173
49.1578 1.48957
49.2068 0.887622
49.2558 0.622355
49.3048 0.550938
49.3538 0.336684
49.4029 0.183646
49.4519 0.132633
49.5009 0.0918229
49.5499 0.0510127
49.5989 0.0408102
49.6479 0.0408102
49.6969 0
49.7459 0
49.7949 0.0102025
49.8439 0
49.8929 0
49.9419 0
49.9909 0
50.04 0
50.089 0
50.138 0
50.187 0.0204051
50.236 0.0102025
50.285 0
50.334 0
50.383 0
50.432 0.0102025
50.481 0
50.53 0
50.579 0
50.628 0
50.677 0
50.7261 0
50.7751 0
50.8241 0.0102025
50.8731 0.0102025
50.9221 0
50.9711 0.0204051
51.0201 0.0102025
