18.5005 0.000455868
18.503 0.00050406
18.5055 0.00055692
18.508 0.000614853
18.5105 0.000678297
18.513 0.00074772
18.5155 0.000823627
18.518 0.000906558
18.5205 0.000997093
18.523 0.00109585
18.5255 0.0012035
18.528 0.00132074
18.5305 0.00144833
18.533 0.00158709
18.5355 0.00173787
18.538 0.00190158
18.5405 0.00207922
18.543 0.0022718
18.5455 0.00248044
18.548 0.00270629
18.5505 0.00295061
18.553 0.00321469
18.5555 0.00349993
18.558 0.0038078
18.5605 0.00413984
18.563 0.00449769
18.5655 0.00488307
18.568 0.00529779
18.5705 0.00574377
18.573 0.006223
18.5755 0.00673761
18.578 0.0072898
18.5805 0.00788188
18.583 0.0085163
18.5855 0.00919558
18.588 0.00992238
18.5905 0.0106995
18.593 0.0115298
18.5955 0.0124163
18.598 0.0133621
18.6006 0.0143705
18.6031 0.015445
18.6056 0.016589
18.6081 0.0178061
18.6106 0.0191002
18.6131 0.0204752
18.6156 0.0219352
18.6181 0.0234843
18.6206 0.0251268
18.6231 0.0268672
18.6256 0.0287101
18.6281 0.0306603
18.6306 0.0327224
18.6331 0.0349016
18.6356 0.0372029
18.6381 0.0396316
18.6406 0.0421929
18.6431 0.0448924
18.6456 0.0477356
18.6481 0.0507282
18.6506 0.0538759
18.6531 0.0571847
18.6556 0.0606606
18.6581 0.0643095
18.6606 0.0681376
18.6631 0.0721511
18.6656 0.0763563
18.6681 0.0807594
18.6706 0.0853669
18.6731 0.0901852
18.6756 0.0952206
18.6781 0.10048
18.6806 0.105969
18.6831 0.111694
18.6856 0.117663
18.6881 0.12388
18.6906 0.130354
18.6931 0.137089
18.6956 0.144093
18.6981 0.15137
18.7006 0.158928
18.7031 0.166773
18.7056 0.174909
18.7081 0.183343
18.7106 0.19208
18.7131 0.201126
18.7156 0.210486
18.7181 0.220164
18.7206 0.230165
18.7231 0.240495
18.7256 0.251156
18.7281 0.262154
18.7306 0.273491
18.7331 0.285172
18.7356 0.297199
18.7381 0.309575
18.7406 0.322302
18.7431 0.335384
18.7456 0.348821
18.7481 0.362614
18.7506 0.376766
18.7531 0.391276
18.7556 0.406144
18.7581 0.421371
18.7606 0.436955
18.7631 0.452895
18.7656 0.46919
18.7681 0.485838
18.7706 0.502837
18.7731 0.520182
18.7756 0.537871
18.7781 0.5559
18.7806 0.574264
18.7831 0.592959
18.7856 0.611978
18.7881 0.631316
18.7906 0.650967
18.7931 0.670923
18.7956 0.691177
18.7981 0.711721
18.8007 0.732547
18.8032 0.753646
18.8057 0.775008
18.8082 0.796623
18.8107 0.818481
18.8132 0.840571
18.8157 0.862883
18.8182 0.885403
18.8207 0.908121
18.8232 0.931024
18.8257 0.954098
18.8282 0.977331
18.8307 1.00071
18.8332 1.02422
18.8357 1.04784
18.8382 1.07157
18.8407 1.09538
18.8432 1.11926
18.8457 1.1432
18.8482 1.16718
18.8507 1.19118
18.8532 1.21519
18.8557 1.2392
18.8582 1.26317
18.8607 1.28711
18.8632 1.31098
18.8657 1.33478
18.8682 1.35849
18.8707 1.38209
18.8732 1.40556
18.8757 1.42889
18.8782 1.45206
18.8807 1.47505
18.8832 1.49784
18.8857 1.52043
18.8882 1.54278
18.8907 1.5649
18.8932 1.58675
18.8957 1.60833
18.8982 1.62961
18.9007 1.65059
18.9032 1.67124
18.9057 1.69155
18.9082 1.71151
18.9107 1.73111
18.9132 1.75032
18.9157 1.76913
18.9182 1.78754
18.9207 1.80553
18.9232 1.82308
18.9257 1.84018
18.9282 1.85682
18.9307 1.873
18.9332 1.88869
18.9357 1.9039
18.9382 1.9186
18.9407 1.93279
18.9432 1.94647
18.9457 1.95961
18.9482 1.97222
18.9507 1.98429
18.9532 1.99581
18.9557 2.00678
18.9582 2.01718
18.9607 2.02702
18.9632 2.03628
18.9657 2.04498
18.9682 2.05309
18.9707 2.06062
18.9732 2.06757
18.9757 2.07394
18.9782 2.07971
18.9807 2.0849
18.9832 2.0895
18.9857 2.09352
18.9882 2.09695
18.9907 2.09979
18.9932 2.10205
18.9957 2.10373
18.9982 2.10483
19.0008 2.10536
19.0033 2.10531
19.0058 2.1047
19.0083 2.10353
19.0108 2.1018
19.0133 2.09952
19.0158 2.09669
19.0183 2.09332
19.0208 2.08942
19.0233 2.085
19.0258 2.08006
19.0283 2.0746
19.0308 2.06865
19.0333 2.0622
19.0358 2.05527
19.0383 2.04786
19.0408 2.03998
19.0433 2.03165
19.0458 2.02286
19.0483 2.01364
19.0508 2.004
19.0533 1.99393
19.0558 1.98346
19.0583 1.97259
19.0608 1.96134
19.0633 1.94972
19.0658 1.93773
19.0683 1.92539
19.0708 1.9127
19.0733 1.89969
19.0758 1.88636
19.0783 1.87272
19.0808 1.85879
19.0833 1.84458
19.0858 1.83009
19.0883 1.81534
19.0908 1.80034
19.0933 1.7851
19.0958 1.76964
19.0983 1.75396
19.1008 1.73808
19.1033 1.722
19.1058 1.70575
19.1083 1.68932
19.1108 1.67273
19.1133 1.65599
19.1158 1.63912
19.1183 1.62212
19.1208 1.60499
19.1233 1.58777
19.1258 1.57044
19.1283 1.55303
19.1308 1.53554
19.1333 1.51798
19.1358 1.50037
19.1383 1.4827
19.1408 1.465
19.1433 1.44726
19.1458 1.4295
19.1483 1.41173
19.1508 1.39396
19.1533 1.37618
19.1558 1.35842
19.1583 1.34067
19.1608 1.32295
19.1633 1.30527
19.1658 1.28762
19.1683 1.27002
19.1708 1.25248
19.1733 1.235
19.1758 1.21758
19.1783 1.20024
19.1808 1.18297
19.1833 1.16579
19.1858 1.1487
19.1883 1.1317
19.1908 1.11481
19.1933 1.09802
19.1958 1.08133
19.1983 1.06477
19.2009 1.04832
19.2034 1.03199
19.2059 1.01579
19.2084 0.999717
19.2109 0.983779
19.2134 0.967978
19.2159 0.952316
19.2184 0.936796
19.2209 0.921423
19.2234 0.906197
19.2259 0.891121
19.2284 0.876198
19.2309 0.86143
19.2334 0.846818
19.2359 0.832364
19.2384 0.818071
19.2409 0.803939
19.2434 0.78997
19.2459 0.776165
19.2484 0.762525
19.2509 0.749051
19.2534 0.735744
19.2559 0.722605
19.2584 0.709633
19.2609 0.69683
19.2634 0.684195
19.2659 0.67173
19.2684 0.659434
19.2709 0.647306
19.2734 0.635348
19.2759 0.623558
19.2784 0.611937
19.2809 0.600484
19.2834 0.589199
19.2859 0.578081
19.2884 0.567129
19.2909 0.556342
19.2934 0.545721
19.2959 0.535264
19.2984 0.52497
19.3009 0.514839
19.3034 0.504868
19.3059 0.495058
19.3084 0.485407
19.3109 0.475913
19.3134 0.466576
19.3159 0.457394
19.3184 0.448366
19.3209 0.439491
19.3234 0.430767
19.3259 0.422192
19.3284 0.413766
19.3309 0.405486
19.3334 0.397352
19.3359 0.389361
19.3384 0.381512
19.3409 0.373804
19.3434 0.366234
19.3459 0.358802
19.3484 0.351504
19.3509 0.344341
19.3534 0.33731
19.3559 0.330409
19.3584 0.323637
19.3609 0.316992
19.3634 0.310473
19.3659 0.304076
19.3684 0.297802
19.3709 0.291648
19.3734 0.285612
19.3759 0.279692
19.3784 0.273888
19.3809 0.268197
19.3834 0.262617
19.3859 0.257147
19.3884 0.251785
19.3909 0.246529
19.3934 0.241378
19.3959 0.23633
19.3984 0.231383
19.401 0.226536
19.4035 0.221786
19.406 0.217133
19.4085 0.212575
19.411 0.20811
19.4135 0.203736
19.416 0.199452
19.4185 0.195256
19.421 0.191147
19.4235 0.187124
19.426 0.183183
19.4285 0.179326
19.431 0.175548
19.4335 0.17185
19.436 0.16823
19.4385 0.164686
19.441 0.161216
19.4435 0.157821
19.446 0.154497
19.4485 0.151244
19.451 0.14806
19.4535 0.144944
19.456 0.141895
19.4585 0.138912
19.461 0.135992
19.4635 0.133135
19.466 0.13034
19.4685 0.127605
19.471 0.124929
19.4735 0.122312
19.476 0.119751
19.4785 0.117246
19.481 0.114795
19.4835 0.112398
19.486 0.110053
19.4885 0.107759
19.491 0.105515
19.4935 0.103321
19.496 0.101175
19.4985 0.0990754
19.501 0.0970223
19.5035 0.0950145
19.506 0.0930508
19.5085 0.0911304
19.511 0.0892524
19.5135 0.0874159
19.516 0.0856199
19.5185 0.0838636
19.521 0.0821462
19.5235 0.0804668
19.526 0.0788246
19.5285 0.0772187
19.531 0.0756485
19.5335 0.0741132
19.536 0.0726119
19.5385 0.0711439
19.541 0.0697085
19.5435 0.068305
19.546 0.0669327
19.5485 0.0655909
19.551 0.064279
19.5535 0.0629962
19.556 0.0617419
19.5585 0.0605156
19.561 0.0593165
19.5635 0.058144
19.566 0.0569977
19.5685 0.0558768
19.571 0.0547809
19.5735 0.0537093
19.576 0.0526616
19.5785 0.0516371
19.581 0.0506354
19.5835 0.049656
19.586 0.0486983
19.5885 0.0477619
19.591 0.0468463
19.5935 0.045951
19.596 0.0450756
19.5985 0.0442195
19.6011 0.0433825
19.6036 0.042564
19.6061 0.0417636
19.6086 0.0409809
19.6111 0.0402155
19.6136 0.0394671
19.6161 0.0387352
19.6186 0.0380194
19.6211 0.0373195
19.6236 0.036635
19.6261 0.0359655
19.6286 0.0353109
19.6311 0.0346706
19.6336 0.0340444
19.6361 0.033432
19.6386 0.032833
19.6411 0.0322471
19.6436 0.0316741
19.6461 0.0311137
19.6486 0.0305655
19.6511 0.0300293
19.6536 0.0295049
19.6561 0.0289918
19.6586 0.02849
19.6611 0.0279991
19.6636 0.0275189
19.6661 0.0270492
19.6686 0.0265896
19.6711 0.0261401
19.6736 0.0257002
19.6761 0.02527
19.6786 0.024849
19.6811 0.0244371
19.6836 0.0240342
19.6861 0.0236399
19.6886 0.0232542
19.6911 0.0228767
19.6936 0.0225074
19.6961 0.022146
19.6986 0.0217924
19.7011 0.0214464
19.7036 0.0211078
19.7061 0.0207765
19.7086 0.0204522
19.7111 0.0201349
19.7136 0.0198243
19.7161 0.0195204
19.7186 0.019223
19.7211 0.0189319
19.7236 0.018647
19.7261 0.0183682
19.7286 0.0180952
19.7311 0.0178281
19.7336 0.0175666
19.7361 0.0173107
19.7386 0.0170602
19.7411 0.016815
19.7436 0.016575
19.7461 0.0163401
19.7486 0.0161101
19.7511 0.0158849
19.7536 0.0156645
19.7561 0.0154488
19.7586 0.0152376
19.7611 0.0150308
19.7636 0.0148284
19.7661 0.0146303
19.7686 0.0144363
19.7711 0.0142464
19.7736 0.0140605
19.7761 0.0138784
19.7786 0.0137002
19.7811 0.0135258
19.7836 0.013355
19.7861 0.0131878
19.7886 0.0130241
19.7911 0.0128638
19.7936 0.0127069
19.7961 0.0125533
19.7986 0.0124029
19.8012 0.0122556
19.8037 0.0121115
19.8062 0.0119704
19.8087 0.0118323
19.8112 0.011697
19.8137 0.0115646
19.8162 0.011435
19.8187 0.0113082
19.8212 0.011184
19.8237 0.0110625
19.8262 0.0109435
19.8287 0.010827
19.8312 0.010713
19.8337 0.0106015
19.8362 0.0104923
19.8387 0.0103854
19.8412 0.0102809
19.8437 0.0101785
19.8462 0.0100784
19.8487 0.00998044
19.8512 0.00988459
19.8537 0.00979081
19.8562 0.00969907
19.8587 0.00960933
19.8612 0.00952155
19.8637 0.0094357
19.8662 0.00935174
19.8687 0.00926963
19.8712 0.00918935
19.8737 0.00911086
19.8762 0.00903413
19.8787 0.00895913
19.8812 0.00888582
19.8837 0.00881419
19.8862 0.00874419
19.8887 0.0086758
19.8912 0.008609
19.8937 0.00854376
19.8962 0.00848005
19.8987 0.00841784
19.9012 0.00835712
19.9037 0.00829786
19.9062 0.00824003
19.9087 0.00818361
19.9112 0.00812859
19.9137 0.00807493
19.9162 0.00802262
19.9187 0.00797164
19.9212 0.00792197
19.9237 0.00787358
19.9262 0.00782647
19.9287 0.00778061
19.9312 0.00773598
19.9337 0.00769257
19.9362 0.00765036
19.9387 0.00760934
19.9412 0.00756948
19.9437 0.00753078
19.9462 0.00749322
19.9487 0.00745678
19.9512 0.00742145
19.9537 0.00738722
19.9562 0.00735408
19.9587 0.007322
19.9612 0.00729099
19.9637 0.00726103
19.9662 0.0072321
19.9687 0.00720419
19.9712 0.00717731
19.9737 0.00715142
19.9762 0.00712654
19.9787 0.00710264
19.9812 0.00707971
19.9837 0.00705776
19.9862 0.00703676
19.9887 0.00701672
19.9912 0.00699762
19.9937 0.00697946
19.9962 0.00696223
19.9987 0.00694592
20.0013 0.00693053
20.0038 0.00691605
20.0063 0.00690248
20.0088 0.00688981
20.0113 0.00687803
20.0138 0.00686714
20.0163 0.00685714
20.0188 0.00684803
20.0213 0.00683979
20.0238 0.00683243
20.0263 0.00682594
20.0288 0.00682032
20.0313 0.00681556
20.0338 0.00681167
20.0363 0.00680865
20.0388 0.00680648
20.0413 0.00680518
20.0438 0.00680473
20.0463 0.00680514
20.0488 0.00680641
20.0513 0.00680854
20.0538 0.00681153
20.0563 0.00681537
20.0588 0.00682007
20.0613 0.00682563
20.0638 0.00683205
20.0663 0.00683934
20.0688 0.00684749
20.0713 0.0068565
20.0738 0.00686639
20.0763 0.00687715
20.0788 0.00688878
20.0813 0.00690129
20.0838 0.00691468
20.0863 0.00692895
20.0888 0.00694412
20.0913 0.00696018
20.0938 0.00697714
20.0963 0.00699501
20.0988 0.00701378
20.1013 0.00703347
20.1038 0.00705408
20.1063 0.00707562
20.1088 0.00709809
20.1113 0.0071215
20.1138 0.00714586
20.1163 0.00717118
20.1188 0.00719746
20.1213 0.00722472
20.1238 0.00725295
20.1263 0.00728218
20.1288 0.0073124
20.1313 0.00734363
20.1338 0.00737588
20.1363 0.00740916
20.1388 0.00744348
20.1413 0.00747885
20.1438 0.00751527
20.1463 0.00755278
20.1488 0.00759137
20.1513 0.00763105
20.1538 0.00767185
20.1563 0.00771377
20.1588 0.00775683
20.1613 0.00780104
20.1638 0.00784641
20.1663 0.00789297
20.1688 0.00794072
20.1713 0.00798969
20.1738 0.00803988
20.1763 0.00809132
20.1788 0.00814401
20.1813 0.00819799
20.1838 0.00825326
20.1863 0.00830985
20.1888 0.00836777
20.1913 0.00842704
20.1938 0.00848769
20.1963 0.00854973
20.1988 0.00861318
20.2014 0.00867807
20.2039 0.00874442
20.2064 0.00881224
20.2089 0.00888157
20.2114 0.00895242
20.2139 0.00902482
20.2164 0.0090988
20.2189 0.00917437
20.2214 0.00925157
20.2239 0.00933042
20.2264 0.00941095
20.2289 0.00949318
20.2314 0.00957715
20.2339 0.00966288
20.2364 0.0097504
20.2389 0.00983974
20.2414 0.00993094
20.2439 0.010024
20.2464 0.010119
20.2489 0.010216
20.2514 0.0103149
20.2539 0.0104158
20.2564 0.0105188
20.2589 0.0106239
20.2614 0.0107311
20.2639 0.0108405
20.2664 0.010952
20.2689 0.0110659
20.2714 0.0111819
20.2739 0.0113004
20.2764 0.0114211
20.2789 0.0115443
20.2814 0.0116699
20.2839 0.011798
20.2864 0.0119287
20.2889 0.0120619
20.2914 0.0121978
20.2939 0.0123363
20.2964 0.0124776
20.2989 0.0126216
20.3014 0.0127685
20.3039 0.0129182
20.3064 0.0130709
20.3089 0.0132266
20.3114 0.0133853
20.3139 0.0135471
20.3164 0.013712
20.3189 0.0138802
20.3214 0.0140517
20.3239 0.0142265
20.3264 0.0144047
20.3289 0.0145863
20.3314 0.0147715
20.3339 0.0149603
20.3364 0.0151527
20.3389 0.0153489
20.3414 0.0155489
20.3439 0.0157527
20.3464 0.0159605
20.3489 0.0161723
20.3514 0.0163882
20.3539 0.0166082
20.3564 0.0168326
20.3589 0.0170612
20.3614 0.0172943
20.3639 0.0175318
20.3664 0.017774
20.3689 0.0180208
20.3714 0.0182723
20.3739 0.0185287
20.3764 0.01879
20.3789 0.0190564
20.3814 0.0193279
20.3839 0.0196046
20.3864 0.0198866
20.3889 0.020174
20.3914 0.020467
20.3939 0.0207655
20.3964 0.0210698
20.3989 0.0213799
20.4015 0.021696
20.404 0.0220181
20.4065 0.0223463
20.409 0.0226809
20.4115 0.0230218
20.414 0.0233693
20.4165 0.0237234
20.419 0.0240842
20.4215 0.0244519
20.424 0.0248267
20.4265 0.0252085
20.429 0.0255977
20.4315 0.0259942
20.434 0.0263982
20.4365 0.02681
20.439 0.0272295
20.4415 0.027657
20.444 0.0280926
20.4465 0.0285364
20.449 0.0289886
20.4515 0.0294493
20.454 0.0299187
20.4565 0.030397
20.459 0.0308842
20.4615 0.0313806
20.464 0.0318864
20.4665 0.0324016
20.469 0.0329264
20.4715 0.0334611
20.474 0.0340057
20.4765 0.0345605
20.479 0.0351257
20.4815 0.0357013
20.484 0.0362876
20.4865 0.0368848
20.489 0.037493
20.4915 0.0381125
20.494 0.0387434
20.4965 0.0393859
20.499 0.0400401
20.5015 0.0407064
20.504 0.0413849
20.5065 0.0420757
20.509 0.0427791
20.5115 0.0434954
20.514 0.0442246
20.5165 0.044967
20.519 0.0457228
20.5215 0.0464922
20.524 0.0472754
20.5265 0.0480726
20.529 0.0488841
20.5315 0.0497101
20.534 0.0505507
20.5365 0.0514062
20.539 0.0522769
20.5415 0.0531628
20.544 0.0540643
20.5465 0.0549816
20.549 0.0559149
20.5515 0.0568644
20.554 0.0578304
20.5565 0.058813
20.559 0.0598126
20.5615 0.0608292
20.564 0.0618632
20.5665 0.0629148
20.569 0.0639842
20.5715 0.0650716
20.574 0.0661773
20.5765 0.0673015
20.579 0.0684443
20.5815 0.0696061
20.584 0.0707871
20.5865 0.0719874
20.589 0.0732074
20.5915 0.0744471
20.594 0.0757069
20.5965 0.076987
20.599 0.0782875
20.6016 0.0796087
20.6041 0.0809507
20.6066 0.0823139
20.6091 0.0836984
20.6116 0.0851043
20.6141 0.086532
20.6166 0.0879815
20.6191 0.0894531
20.6216 0.090947
20.6241 0.0924633
20.6266 0.0940022
20.6291 0.0955639
20.6316 0.0971485
20.6341 0.0987563
20.6366 0.100387
20.6391 0.102042
20.6416 0.10372
20.6441 0.105421
20.6466 0.107146
20.6491 0.108896
20.6516 0.110669
20.6541 0.112466
20.6566 0.114288
20.6591 0.116134
20.6616 0.118004
20.6641 0.119899
20.6666 0.121818
20.6691 0.123761
20.6716 0.125729
20.6741 0.127722
20.6766 0.129739
20.6791 0.131781
20.6816 0.133847
20.6841 0.135937
20.6866 0.138052
20.6891 0.140192
20.6916 0.142355
20.6941 0.144543
20.6966 0.146755
20.6991 0.148991
20.7016 0.15125
20.7041 0.153533
20.7066 0.15584
20.7091 0.15817
20.7116 0.160523
20.7141 0.162898
20.7166 0.165296
20.7191 0.167717
20.7216 0.170159
20.7241 0.172623
20.7266 0.175108
20.7291 0.177614
20.7316 0.180141
20.7341 0.182688
20.7366 0.185254
20.7391 0.18784
20.7416 0.190444
20.7441 0.193067
20.7466 0.195708
20.7491 0.198365
20.7516 0.20104
20.7541 0.20373
20.7566 0.206436
20.7591 0.209156
20.7616 0.211891
20.7641 0.214638
20.7666 0.217399
20.7691 0.220171
20.7716 0.222954
20.7741 0.225748
20.7766 0.228551
20.7791 0.231362
20.7816 0.234181
20.7841 0.237007
20.7866 0.239838
20.7891 0.242675
20.7916 0.245515
20.7941 0.248357
20.7966 0.251201
20.7991 0.254046
20.8017 0.25689
20.8042 0.259732
20.8067 0.262572
20.8092 0.265407
20.8117 0.268237
20.8142 0.27106
20.8167 0.273876
20.8192 0.276682
20.8217 0.279477
20.8242 0.282261
20.8267 0.285031
20.8292 0.287787
20.8317 0.290526
20.8342 0.293248
20.8367 0.295951
20.8392 0.298633
20.8417 0.301293
20.8442 0.303929
20.8467 0.306541
20.8492 0.309126
20.8517 0.311682
20.8542 0.314208
20.8567 0.316704
20.8592 0.319166
20.8617 0.321593
20.8642 0.323984
20.8667 0.326337
20.8692 0.32865
20.8717 0.330922
20.8742 0.333151
20.8767 0.335335
20.8792 0.337473
20.8817 0.339563
20.8842 0.341604
20.8867 0.343593
20.8892 0.345529
20.8917 0.347411
20.8942 0.349237
20.8967 0.351005
20.8992 0.352713
20.9017 0.354361
20.9042 0.355946
20.9067 0.357467
20.9092 0.358922
20.9117 0.36031
20.9142 0.361629
20.9167 0.362879
20.9192 0.364057
20.9217 0.365162
20.9242 0.366193
20.9267 0.367148
20.9292 0.368027
20.9317 0.368827
20.9342 0.369548
20.9367 0.370189
20.9392 0.370748
20.9417 0.371224
20.9442 0.371617
20.9467 0.371925
20.9492 0.372148
20.9517 0.372284
20.9542 0.372333
20.9567 0.372294
20.9592 0.372166
20.9617 0.37195
20.9642 0.371643
20.9667 0.371246
20.9692 0.370759
20.9717 0.37018
20.9742 0.36951
20.9767 0.368749
20.9792 0.367895
20.9817 0.36695
20.9842 0.365914
20.9867 0.364785
20.9892 0.363565
20.9917 0.362254
20.9942 0.360851
20.9967 0.359358
20.9992 0.357775
21.0018 0.356102
21.0043 0.354341
21.0068 0.352491
21.0093 0.350553
21.0118 0.348529
21.0143 0.346418
21.0168 0.344224
21.0193 0.341945
21.0218 0.339584
21.0243 0.337142
21.0268 0.334619
21.0293 0.332018
21.0318 0.32934
21.0343 0.326587
21.0368 0.323759
21.0393 0.320859
21.0418 0.317889
21.0443 0.314849
21.0468 0.311743
21.0493 0.308572
21.0518 0.305337
21.0543 0.302042
21.0568 0.298688
21.0593 0.295276
21.0618 0.291811
21.0643 0.288293
21.0668 0.284725
21.0693 0.281109
21.0718 0.277447
21.0743 0.273743
21.0768 0.269998
21.0793 0.266216
21.0818 0.262397
21.0843 0.258546
21.0868 0.254664
21.0893 0.250753
21.0918 0.246818
21.0943 0.24286
21.0968 0.238881
21.0993 0.234885
21.1018 0.230873
21.1043 0.226849
21.1068 0.222815
21.1093 0.218774
21.1118 0.214728
21.1143 0.210679
21.1168 0.206631
21.1193 0.202586
21.1218 0.198545
21.1243 0.194513
21.1268 0.19049
21.1293 0.18648
21.1318 0.182485
21.1343 0.178506
21.1368 0.174547
21.1393 0.17061
21.1418 0.166696
21.1443 0.162808
21.1468 0.158948
21.1493 0.155118
21.1518 0.151319
21.1543 0.147554
21.1568 0.143825
21.1593 0.140133
21.1618 0.13648
21.1643 0.132867
21.1668 0.129297
21.1693 0.12577
21.1718 0.122288
21.1743 0.118852
21.1768 0.115465
21.1793 0.112126
21.1818 0.108837
21.1843 0.105599
21.1868 0.102413
21.1893 0.0992804
21.1918 0.0962013
21.1943 0.0931768
21.1968 0.0902074
21.1993 0.0872939
21.2019 0.0844368
21.2044 0.0816365
21.2069 0.0788935
21.2094 0.076208
21.2119 0.0735804
21.2144 0.0710107
21.2169 0.0684993
21.2194 0.066046
21.2219 0.0636509
21.2244 0.061314
21.2269 0.0590351
21.2294 0.0568139
21.2319 0.0546504
21.2344 0.0525441
21.2369 0.0504947
21.2394 0.0485018
21.2419 0.0465649
21.2444 0.0446836
21.2469 0.0428572
21.2494 0.0410852
21.2519 0.039367
21.2544 0.0377019
21.2569 0.0360891
21.2594 0.034528
21.2619 0.0330177
21.2644 0.0315574
21.2669 0.0301463
21.2694 0.0287835
21.2719 0.0274682
21.2744 0.0261994
21.2769 0.0249762
21.2794 0.0237976
21.2819 0.0226628
21.2844 0.0215706
21.2869 0.0205202
21.2894 0.0195106
21.2919 0.0185407
21.2944 0.0176095
21.2969 0.016716
21.2994 0.0158592
21.3019 0.0150382
21.3044 0.0142518
21.3069 0.0134991
21.3094 0.012779
21.3119 0.0120907
21.3144 0.011433
21.3169 0.010805
21.3194 0.0102057
21.3219 0.00963425
21.3244 0.00908959
21.3269 0.00857081
21.3294 0.00807699
21.3319 0.00760723
21.3344 0.00716063
21.3369 0.00673632
21.3394 0.00633344
21.3419 0.00595116
21.3444 0.00558864
21.3469 0.00524509
21.3494 0.00491973
21.3519 0.00461178
21.3544 0.00432051
21.3569 0.00404519
21.3594 0.00378511
21.3619 0.0035396
21.3644 0.00330798
21.3669 0.00308962
21.3694 0.00288389
21.3719 0.00269018
21.3744 0.00250793
21.3769 0.00233655
21.3794 0.00217552
21.3819 0.00202431
21.3844 0.00188241
21.3869 0.00174934
21.3894 0.00162464
21.3919 0.00150786
21.3944 0.00139857
21.3969 0.00129636
21.3994 0.00120084
21.402 0.00111163
21.4045 0.00102837
21.407 0.00095072
21.4095 0.000878351
21.412 0.000810951
21.4145 0.000748223
21.417 0.000689884
21.4195 0.000635666
21.422 0.000585312
21.4245 0.000538581
21.427 0.000495244
21.4295 0.000455081
21.432 0.000417888
21.4345 0.00038347
21.437 0.000351643
21.4395 0.000322232
21.442 0.000295075
21.4445 0.000270017
21.447 0.000246913
21.4495 0.000225626
21.452 0.000206028
21.4545 0.000187998
21.457 0.000171423
21.4595 0.000156197
21.462 0.00014222
21.4645 0.0001294
21.467 0.00011765
21.4695 0.000106889
21.472 9.70409e-05
21.4745 8.80352e-05
21.477 7.98061e-05
21.4795 7.22926e-05
21.482 6.54376e-05
21.4845 5.91882e-05
21.487 5.34955e-05
21.4895 4.83138e-05
21.492 4.3601e-05
21.4945 3.93179e-05
21.497 3.54286e-05
21.4995 3.18995e-05
