0 0.911987
0.1 0.878582
0.2 0.883703
0.3 0.871557
0.4 0.862362
0.5 0.839612
0.6 0.83166
0.7 0.826804
0.8 0.822466
0.9 0.8074
1 0.808477
1.1 0.783661
1.2 0.788028
1.3 0.777665
1.4 0.7736
1.5 0.769858
1.6 0.764791
1.7 0.760049
1.8 0.757573
1.9 0.746051
2 0.738728
2.1 0.72929
2.2 0.728663
2.3 0.713749
2.4 0.710083
2.5 0.703366
2.6 0.697414
2.7 0.69698
2.8 0.683263
2.9 0.672063
3 0.677984
3.1 0.655612
3.2 0.650975
3.3 0.649724
3.4 0.645716
3.5 0.648381
3.6 0.631442
3.7 0.624517
3.8 0.62624
3.9 0.61175
4 0.595414
4.1 0.578865
4.2 0.588018
4.3 0.575536
4.4 0.579807
4.5 0.566375
4.6 0.567523
4.7 0.564481
4.8 0.559705
4.9 0.560609
5 0.554092
5.1 0.556216
5.2 0.537775
5.3 0.547035
5.4 0.541688
5.5 0.539933
5.6 0.526945
5.7 0.518638
5.8 0.511243
5.9 0.503457
6 0.483869
6.1 0.482924
6.2 0.486173
6.3 0.482358
6.4 0.480046
6.5 0.471845
6.6 0.47433
6.7 0.468478
6.8 0.463873
6.9 0.461251
7 0.45219
7.1 0.445989
7.2 0.437044
7.3 0.439265
7.4 0.444436
7.5 0.435711
7.6 0.41879
7.7 0.412136
7.8 0.406884
7.9 0.393706
8 0.393377
8.1 0.37454
8.2 0.379652
8.3 0.371642
8.4 0.361239
8.5 0.366501
8.6 0.353049
8.7 0.351232
8.8 0.338986
8.9 0.335581
9 0.330492
9.1 0.326647
9.2 0.312833
9.3 0.314458
9.4 0.317535
9.5 0.306313
9.6 0.308614
9.7 0.30805
9.8 0.296612
9.9 0.303074
10 0.290741
10.1 0.290118
10.2 0.284951
10.3 0.28771
10.4 0.273575
10.5 0.271961
10.6 0.272478
10.7 0.278614
10.8 0.277163
10.9 0.264549
11 0.264321
11.1 0.262425
11.2 0.256921
11.3 0.263287
11.4 0.261842
11.5 0.255036
11.6 0.239998
11.7 0.248106
11.8 0.246253
11.9 0.249835
12 0.243663
12.1 0.226334
12.2 0.226643
12.3 0.226093
12.4 0.222173
12.5 0.214785
12.6 0.204248
12.7 0.210229
12.8 0.200847
12.9 0.197013
13 0.201588
13.1 0.195778
13.2 0.186309
13.3 0.177983
13.4 0.182976
13.5 0.170136
13.6 0.172319
13.7 0.169135
13.8 0.159277
13.9 0.1607
14 0.14946
14.1 0.146492
14.2 0.145638
14.3 0.135054
14.4 0.133234
14.5 0.13757
14.6 0.131746
14.7 0.119993
14.8 0.123163
14.9 0.125855
15 0.124535
15.1 0.123506
15.2 0.109324
15.3 0.0994191
15.4 0.097418
15.5 0.0954655
15.6 0.0963267
15.7 0.0983058
15.8 0.0952993
15.9 0.0830591
16 0.0761906
16.1 0.0769408
16.2 0.0764483
16.3 0.0668729
16.4 0.0666353
16.5 0.0617503
16.6 0.059479
16.7 0.0500158
16.8 0.0455415
16.9 0.0447957
17 0.0397157
17.1 0.045094
17.2 0.0198497
17.3 0.027634
17.4 0.0189936
17.5 0.0308998
17.6 0.0178986
17.7 0.0197107
17.8 0.0172216
17.9 0.0166445
18 0.00900891
18.1 0.0126855
18.2 0.0190807
18.3 0.0140049
18.4 0.00682303
18.5 -0.00070996
18.6 0.00802637
18.7 -0.00323233
18.8 -0.00139577
18.9 0.00129768
19 0.0151067
19.1 0.00667133
19.2 0.0093897
19.3 -0.00162569
19.4 0.001186
19.5 -0.0290472
19.6 -0.034361
19.7 -0.0259756
19.8 -0.0322644
19.9 -0.0377722
20 -0.0451152
20.1 -0.0402789
20.2 -0.0355826
20.3 -0.0423263
20.4 -0.0483588
20.5 -0.0604801
20.6 -0.0598996
20.7 -0.0604742
20.8 -0.059011
20.9 -0.0705574
21 -0.0685903
21.1 -0.0678824
21.2 -0.068643
21.3 -0.0653369
21.4 -0.0753737
21.5 -0.0804437
21.6 -0.0800394
21.7 -0.0869913
21.8 -0.092187
21.9 -0.089164
22 -0.0871672
22.1 -0.0938917
22.2 -0.102227
22.3 -0.104532
22.4 -0.0916736
22.5 -0.110195
22.6 -0.117141
22.7 -0.111845
22.8 -0.117678
22.9 -0.120438
23 -0.12043
23.1 -0.144992
23.2 -0.131765
23.3 -0.13453
23.4 -0.140588
23.5 -0.139677
23.6 -0.143076
23.7 -0.139798
23.8 -0.145735
23.9 -0.138257
24 -0.140491
24.1 -0.128183
24.2 -0.132364
24.3 -0.125405
24.4 -0.140533
24.5 -0.143871
24.6 -0.145125
24.7 -0.125943
24.8 -0.138914
24.9 -0.131838
25 -0.14809
25.1 -0.132115
25.2 -0.153703
25.3 -0.158689
25.4 -0.165376
25.5 -0.159273
25.6 -0.159338
25.7 -0.168019
25.8 -0.167316
25.9 -0.166583
26 -0.173433
26.1 -0.157763
26.2 -0.178016
26.3 -0.175005
26.4 -0.172714
26.5 -0.187905
26.6 -0.179052
26.7 -0.181626
26.8 -0.197067
26.9 -0.186778
27 -0.182674
27.1 -0.186948
27.2 -0.195013
27.3 -0.193161
27.4 -0.202574
27.5 -0.201426
27.6 -0.208497
27.7 -0.191426
27.8 -0.208303
27.9 -0.202972
28 -0.197146
28.1 -0.211562
28.2 -0.214474
28.3 -0.219307
28.4 -0.214644
28.5 -0.211919
28.6 -0.228173
28.7 -0.231993
28.8 -0.221968
28.9 -0.216473
29 -0.222362
29.1 -0.218231
29.2 -0.205247
29.3 -0.211721
29.4 -0.22415
29.5 -0.222762
29.6 -0.244777
29.7 -0.260013
29.8 -0.233631
29.9 -0.250774
30 -0.252241
30.1 -0.24664
30.2 -0.24545
30.3 -0.246882
30.4 -0.235469
30.5 -0.250676
30.6 -0.240436
30.7 -0.265019
30.8 -0.257415
30.9 -0.257264
31 -0.260315
31.1 -0.270812
31.2 -0.262638
31.3 -0.273954
31.4 -0.260772
31.5 -0.275522
31.6 -0.276941
31.7 -0.278996
31.8 -0.270084
31.9 -0.288255
32 -0.28231
32.1 -0.284746
32.2 -0.287728
32.3 -0.285407
32.4 -0.282214
32.5 -0.292449
32.6 -0.298655
32.7 -0.295511
32.8 -0.297187
32.9 -0.294028
33 -0.296438
33.1 -0.290844
33.2 -0.29586
33.3 -0.289772
33.4 -0.293196
33.5 -0.293996
33.6 -0.301504
33.7 -0.292592
33.8 -0.307664
33.9 -0.312665
34 -0.305986
34.1 -0.304778
34.2 -0.318073
34.3 -0.331629
34.4 -0.312317
34.5 -0.317799
34.6 -0.320424
34.7 -0.326942
34.8 -0.331491
34.9 -0.327432
35 -0.31883
35.1 -0.323392
35.2 -0.30907
35.3 -0.32121
35.4 -0.315353
35.5 -0.304825
35.6 -0.323941
35.7 -0.318694
35.8 -0.317183
35.9 -0.313934
36 -0.324524
36.1 -0.323934
36.2 -0.334137
36.3 -0.332834
36.4 -0.325672
36.5 -0.334541
36.6 -0.334212
36.7 -0.334464
36.8 -0.335909
36.9 -0.345614
37 -0.350757
37.1 -0.356709
37.2 -0.344585
37.3 -0.349824
37.4 -0.342731
37.5 -0.334012
37.6 -0.337387
37.7 -0.35009
37.8 -0.350858
37.9 -0.338792
38 -0.354193
38.1 -0.347157
38.2 -0.349807
38.3 -0.344444
38.4 -0.358881
38.5 -0.377677
38.6 -0.373887
38.7 -0.371422
38.8 -0.367846
38.9 -0.385258
39 -0.384671
39.1 -0.384625
39.2 -0.376957
39.3 -0.380402
39.4 -0.39083
39.5 -0.380971
39.6 -0.385649
39.7 -0.391387
39.8 -0.390737
39.9 -0.39381
40 -0.380157
40.1 -0.396032
40.2 -0.388556
40.3 -0.390931
40.4 -0.39406
40.5 -0.393322
40.6 -0.392772
40.7 -0.400303
40.8 -0.408753
40.9 -0.386818
41 -0.416436
41.1 -0.420522
41.2 -0.411709
41.3 -0.413848
41.4 -0.423765
41.5 -0.415757
41.6 -0.426451
41.7 -0.429496
41.8 -0.432103
41.9 -0.435566
42 -0.443213
42.1 -0.4466
42.2 -0.443418
42.3 -0.430557
42.4 -0.455407
42.5 -0.442433
42.6 -0.447316
42.7 -0.449013
42.8 -0.448283
42.9 -0.455887
43 -0.445678
43.1 -0.447772
43.2 -0.44201
43.3 -0.448302
43.4 -0.452376
43.5 -0.460576
43.6 -0.476581
43.7 -0.463267
43.8 -0.45508
43.9 -0.461556
44 -0.458024
44.1 -0.4661
44.2 -0.465643
44.3 -0.465782
44.4 -0.464935
44.5 -0.463024
44.6 -0.458523
44.7 -0.454175
44.8 -0.469952
44.9 -0.458379
45 -0.463112
45.1 -0.457781
45.2 -0.459038
45.3 -0.468166
45.4 -0.464037
45.5 -0.467809
45.6 -0.466599
45.7 -0.458129
45.8 -0.474862
45.9 -0.465287
46 -0.480905
46.1 -0.486581
46.2 -0.475451
46.3 -0.47335
46.4 -0.469337
46.5 -0.480719
46.6 -0.473001
46.7 -0.480207
46.8 -0.47906
46.9 -0.478334
47 -0.478121
47.1 -0.476385
47.2 -0.500405
47.3 -0.503078
47.4 -0.487415
47.5 -0.491754
47.6 -0.504694
47.7 -0.509475
47.8 -0.502419
47.9 -0.50833
48 -0.511484
48.1 -0.522573
48.2 -0.507271
48.3 -0.511383
48.4 -0.523017
48.5 -0.512457
48.6 -0.514638
48.7 -0.519416
48.8 -0.526381
48.9 -0.538361
49 -0.535366
49.1 -0.539338
49.2 -0.532975
49.3 -0.536376
49.4 -0.534131
49.5 -0.546765
49.6 -0.542023
49.7 -0.540003
49.8 -0.549442
49.9 -0.547472
50 -0.543131
50.1 -0.547422
50.2 -0.54524
50.3 -0.542026
50.4 -0.549271
50.5 -0.547048
50.6 -0.546561
50.7 -0.5455
50.8 -0.558241
50.9 -0.559888
51 -0.558087
51.1 -0.566797
51.2 -0.570221
51.3 -0.570285
51.4 -0.568669
51.5 -0.573931
51.6 -0.571838
51.7 -0.573531
51.8 -0.573853
51.9 -0.572866
52 -0.580287
52.1 -0.578063
52.2 -0.569465
52.3 -0.583546
52.4 -0.580502
52.5 -0.582239
52.6 -0.592146
52.7 -0.586964
52.8 -0.587131
52.9 -0.587904
53 -0.593197
53.1 -0.580804
53.2 -0.576593
53.3 -0.603383
53.4 -0.596597
53.5 -0.597893
53.6 -0.595122
53.7 -0.600196
53.8 -0.603079
53.9 -0.606911
54 -0.606748
54.1 -0.608687
54.2 -0.611475
54.3 -0.600528
54.4 -0.625583
54.5 -0.62853
54.6 -0.624803
54.7 -0.626473
54.8 -0.625555
54.9 -0.624332
55 -0.627393
55.1 -0.634732
55.2 -0.621816
55.3 -0.631192
55.4 -0.618624
55.5 -0.63165
55.6 -0.625454
55.7 -0.627912
55.8 -0.646257
55.9 -0.643964
56 -0.64317
56.1 -0.649363
56.2 -0.645626
56.3 -0.648727
56.4 -0.644701
56.5 -0.655499
56.6 -0.642927
56.7 -0.636471
56.8 -0.651018
56.9 -0.649454
57 -0.655311
57.1 -0.645225
57.2 -0.640095
57.3 -0.636369
57.4 -0.64223
57.5 -0.648969
57.6 -0.64139
57.7 -0.645033
57.8 -0.663137
57.9 -0.663131
58 -0.661044
58.1 -0.667657
58.2 -0.674769
58.3 -0.657692
58.4 -0.651201
58.5 -0.646182
58.6 -0.657347
58.7 -0.651742
58.8 -0.661055
58.9 -0.661269
59 -0.669178
59.1 -0.652152
59.2 -0.663771
59.3 -0.664382
59.4 -0.669557
59.5 -0.653847
59.6 -0.66079
59.7 -0.661023
59.8 -0.664867
59.9 -0.652395
60 -0.660822
60.1 -0.658269
60.2 -0.658821
60.3 -0.664938
60.4 -0.659899
60.5 -0.675632
60.6 -0.672101
60.7 -0.673131
60.8 -0.679022
60.9 -0.658754
61 -0.681584
61.1 -0.675893
61.2 -0.67289
61.3 -0.686949
61.4 -0.680335
61.5 -0.675796
61.6 -0.674622
61.7 -0.682276
61.8 -0.686684
61.9 -0.687891
62 -0.67657
62.1 -0.680797
62.2 -0.694274
62.3 -0.696361
62.4 -0.694965
62.5 -0.703522
62.6 -0.691299
62.7 -0.692177
62.8 -0.69166
62.9 -0.694773
63 -0.684377
63.1 -0.679452
63.2 -0.69583
63.3 -0.679654
63.4 -0.696964
63.5 -0.690824
63.6 -0.695196
63.7 -0.708494
63.8 -0.711606
63.9 -0.712273
64 -0.716564
64.1 -0.716397
64.2 -0.727574
64.3 -0.721263
64.4 -0.725217
64.5 -0.712714
64.6 -0.721512
64.7 -0.721721
64.8 -0.728356
64.9 -0.730775
65 -0.734237
65.1 -0.738522
65.2 -0.735061
65.3 -0.742144
65.4 -0.744992
65.5 -0.752268
65.6 -0.746916
65.7 -0.752221
65.8 -0.756513
65.9 -0.749329
66 -0.753302
66.1 -0.752404
66.2 -0.757081
66.3 -0.748127
66.4 -0.750963
66.5 -0.756576
66.6 -0.753093
66.7 -0.769817
66.8 -0.750553
66.9 -0.759545
67 -0.757272
67.1 -0.757446
67.2 -0.767068
67.3 -0.766219
67.4 -0.763952
67.5 -0.772729
67.6 -0.763137
67.7 -0.767104
67.8 -0.765952
67.9 -0.758027
68 -0.765366
68.1 -0.778901
68.2 -0.771015
68.3 -0.779301
68.4 -0.773472
68.5 -0.778804
68.6 -0.78274
68.7 -0.787626
68.8 -0.79055
68.9 -0.78916
69 -0.789747
69.1 -0.782502
69.2 -0.787217
69.3 -0.795112
69.4 -0.795906
69.5 -0.807582
69.6 -0.793464
69.7 -0.806303
69.8 -0.813198
69.9 -0.813006
70 -0.80455
70.1 -0.805031
70.2 -0.802318
70.3 -0.802435
70.4 -0.790375
70.5 -0.797301
70.6 -0.799721
70.7 -0.802288
70.8 -0.820237
70.9 -0.819253
71 -0.799663
71.1 -0.815487
71.2 -0.806573
71.3 -0.813558
71.4 -0.818237
71.5 -0.802167
71.6 -0.806965
71.7 -0.806579
71.8 -0.804437
71.9 -0.806476
72 -0.803304
72.1 -0.821971
72.2 -0.816309
72.3 -0.815435
72.4 -0.814419
72.5 -0.811756
72.6 -0.805211
72.7 -0.806027
72.8 -0.820752
72.9 -0.82113
73 -0.818197
73.1 -0.835116
73.2 -0.826226
73.3 -0.82396
73.4 -0.827201
73.5 -0.828941
73.6 -0.827677
73.7 -0.836958
73.8 -0.834347
73.9 -0.830573
74 -0.844392
74.1 -0.832366
74.2 -0.839731
74.3 -0.842142
74.4 -0.832956
74.5 -0.841912
74.6 -0.84256
74.7 -0.839092
74.8 -0.843926
74.9 -0.841401
75 -0.848285
75.1 -0.847676
75.2 -0.864085
75.3 -0.851343
75.4 -0.852817
75.5 -0.851403
75.6 -0.855885
75.7 -0.86799
75.8 -0.858696
75.9 -0.858772
76 -0.862495
76.1 -0.86974
76.2 -0.861387
76.3 -0.872953
76.4 -0.863156
76.5 -0.86373
76.6 -0.867546
76.7 -0.874396
76.8 -0.869572
76.9 -0.880657
77 -0.8815
77.1 -0.875242
77.2 -0.872603
77.3 -0.884434
77.4 -0.879912
77.5 -0.882894
77.6 -0.892333
77.7 -0.891384
77.8 -0.884
77.9 -0.898166
78 -0.893927
78.1 -0.891323
78.2 -0.885844
78.3 -0.883834
78.4 -0.881932
78.5 -0.899692
78.6 -0.8948
78.7 -0.894265
78.8 -0.889244
78.9 -0.887292
79 -0.901458
79.1 -0.893669
79.2 -0.900958
79.3 -0.898235
79.4 -0.894089
79.5 -0.893742
79.6 -0.901177
79.7 -0.905351
79.8 -0.898523
79.9 -0.900979
80 -0.893148
80.1 -0.892723
80.2 -0.903607
80.3 -0.90418
80.4 -0.910019
80.5 -0.913958
80.6 -0.911517
80.7 -0.914651
80.8 -0.918125
80.9 -0.908516
81 -0.905805
81.1 -0.906267
81.2 -0.924619
81.3 -0.918399
81.4 -0.918807
81.5 -0.920585
81.6 -0.919593
81.7 -0.913122
81.8 -0.92947
81.9 -0.923439
82 -0.926821
82.1 -0.932249
82.2 -0.938106
82.3 -0.930709
82.4 -0.929111
82.5 -0.93471
82.6 -0.915037
82.7 -0.92195
82.8 -0.927623
82.9 -0.932337
83 -0.929376
83.1 -0.929831
83.2 -0.927447
83.3 -0.930624
83.4 -0.927354
83.5 -0.924653
83.6 -0.934567
83.7 -0.929986
83.8 -0.931936
83.9 -0.930256
84 -0.924215
84.1 -0.931483
84.2 -0.929215
84.3 -0.929284
84.4 -0.943683
84.5 -0.934185
84.6 -0.929319
84.7 -0.936844
84.8 -0.931191
84.9 -0.933245
85 -0.931792
85.1 -0.931254
85.2 -0.941276
85.3 -0.941839
85.4 -0.934615
85.5 -0.934985
85.6 -0.933509
85.7 -0.943551
85.8 -0.945848
85.9 -0.936341
86 -0.933589
86.1 -0.944021
86.2 -0.934405
86.3 -0.936141
86.4 -0.943711
86.5 -0.934835
86.6 -0.936609
86.7 -0.934657
86.8 -0.939297
86.9 -0.940537
87 -0.944867
87.1 -0.940436
87.2 -0.935623
87.3 -0.940716
87.4 -0.947854
87.5 -0.954616
87.6 -0.944165
87.7 -0.943535
87.8 -0.937183
87.9 -0.944428
88 -0.93918
88.1 -0.944317
88.2 -0.951505
88.3 -0.957592
88.4 -0.960954
88.5 -0.969191
88.6 -0.954646
88.7 -0.957614
88.8 -0.949692
88.9 -0.958286
89 -0.960393
89.1 -0.968388
89.2 -0.963001
89.3 -0.963421
89.4 -0.950051
89.5 -0.962243
89.6 -0.95359
89.7 -0.955825
89.8 -0.963338
89.9 -0.952344
90 -0.959015
90.1 -0.955068
90.2 -0.95482
90.3 -0.953814
90.4 -0.954636
90.5 -0.944406
90.6 -0.955475
90.7 -0.9527
90.8 -0.95916
90.9 -0.955681
91 -0.949085
91.1 -0.952512
91.2 -0.961021
91.3 -0.947393
91.4 -0.944271
91.5 -0.955161
91.6 -0.952222
91.7 -0.957505
91.8 -0.945702
91.9 -0.95165
92 -0.949797
92.1 -0.946918
92.2 -0.952091
92.3 -0.95015
92.4 -0.953901
92.5 -0.956098
92.6 -0.953395
92.7 -0.948757
92.8 -0.946627
92.9 -0.960044
93 -0.954159
93.1 -0.951064
93.2 -0.955601
93.3 -0.959021
93.4 -0.955918
93.5 -0.955246
93.6 -0.968231
93.7 -0.969495
93.8 -0.956073
93.9 -0.963831
94 -0.965939
94.1 -0.957513
94.2 -0.953603
94.3 -0.966076
94.4 -0.954782
94.5 -0.958951
94.6 -0.961349
94.7 -0.961872
94.8 -0.964505
94.9 -0.966143
95 -0.963093
95.1 -0.970398
95.2 -0.956986
95.3 -0.965108
95.4 -0.964472
95.5 -0.960325
95.6 -0.96406
95.7 -0.959225
95.8 -0.964995
95.9 -0.95654
96 -0.958579
96.1 -0.964246
96.2 -0.959642
96.3 -0.956249
96.4 -0.954628
96.5 -0.953251
96.6 -0.953426
96.7 -0.949515
96.8 -0.947666
96.9 -0.954968
97 -0.954322
97.1 -0.955297
97.2 -0.954851
97.3 -0.952885
97.4 -0.953922
97.5 -0.955382
97.6 -0.950626
97.7 -0.954648
97.8 -0.953415
97.9 -0.96385
98 -0.963537
98.1 -0.952626
98.2 -0.96458
98.3 -0.959895
98.4 -0.96457
98.5 -0.967701
98.6 -0.963475
98.7 -0.961893
98.8 -0.959119
98.9 -0.962626
99 -0.959253
99.1 -0.959079
99.2 -0.961074
99.3 -0.962448
99.4 -0.964203
99.5 -0.956623
99.6 -0.948932
99.7 -0.947074
99.8 -0.962505
99.9 -0.958361
100 -0.960829
