8.5 2.69937
8.5015 2.64076
8.503 2.58243
8.5045 2.52436
8.506 2.46655
8.5075 2.40902
8.509 2.35175
8.51051 2.29475
8.51201 2.23801
8.51351 2.18154
8.51501 2.12533
8.51651 2.06939
8.51801 2.01371
8.51951 1.95829
8.52101 1.90313
8.52251 1.84824
8.52401 1.7936
8.52551 1.73922
8.52701 1.68511
8.52851 1.63125
8.53002 1.57765
8.53152 1.52431
8.53302 1.47122
8.53452 1.41839
8.53602 1.36582
8.53752 1.3135
8.53902 1.26143
8.54052 1.20962
8.54202 1.15806
8.54352 1.10676
8.54502 1.0557
8.54652 1.0049
8.54802 0.954348
8.54952 0.904045
8.55103 0.853992
8.55253 0.804188
8.55403 0.754632
8.55553 0.705323
8.55703 0.656262
8.55853 0.607446
8.56003 0.558877
8.56153 0.510552
8.56303 0.462472
8.56453 0.414636
8.56603 0.367044
8.56753 0.319694
8.56903 0.272586
8.57054 0.225719
8.57204 0.179093
8.57354 0.132708
8.57504 0.0865624
8.57654 0.0406558
8.57804 -0.00501229
8.57954 -0.0504425
8.58104 -0.0956354
8.58254 -0.140592
8.58404 -0.185312
8.58554 -0.229796
8.58704 -0.274046
8.58854 -0.318062
8.59005 -0.361843
8.59155 -0.405392
8.59305 -0.448708
8.59455 -0.491792
8.59605 -0.534645
8.59755 -0.577267
8.59905 -0.619659
8.60055 -0.661821
8.60205 -0.703755
8.60355 -0.745459
8.60505 -0.786937
8.60655 -0.828187
8.60805 -0.86921
8.60955 -0.910007
8.61106 -0.950579
8.61256 -0.990926
8.61406 -1.03105
8.61556 -1.07095
8.61706 -1.11062
8.61856 -1.15008
8.62006 -1.18931
8.62156 -1.22832
8.62306 -1.26711
8.62456 -1.30568
8.62606 -1.34402
8.62756 -1.38215
8.62906 -1.42007
8.63057 -1.45776
8.63207 -1.49524
8.63357 -1.5325
8.63507 -1.56954
8.63657 -1.60637
8.63807 -1.64298
8.63957 -1.67938
8.64107 -1.71556
8.64257 -1.75154
8.64407 -1.78729
8.64557 -1.82284
8.64707 -1.85817
8.64857 -1.8933
8.65008 -1.92821
8.65158 -1.96291
8.65308 -1.99741
8.65458 -2.03169
8.65608 -2.06577
8.65758 -2.09964
8.65908 -2.1333
8.66058 -2.16676
8.66208 -2.20001
8.66358 -2.23305
8.66508 -2.26589
8.66658 -2.29853
8.66808 -2.33096
8.66958 -2.36319
8.67109 -2.39522
8.67259 -2.42704
8.67409 -2.45866
8.67559 -2.49008
8.67709 -2.52131
8.67859 -2.55233
8.68009 -2.58315
8.68159 -2.61377
8.68309 -2.6442
8.68459 -2.67443
8.68609 -2.70446
8.68759 -2.73429
8.68909 -2.76393
8.6906 -2.79338
8.6921 -2.82263
8.6936 -2.85168
8.6951 -2.88054
8.6966 -2.90921
8.6981 -2.93768
8.6996 -2.96597
8.7011 -2.99406
8.7026 -3.02196
8.7041 -3.04967
8.7056 -3.07719
8.7071 -3.10452
8.7086 -3.13166
8.71011 -3.15862
8.71161 -3.18538
8.71311 -3.21196
8.71461 -3.23835
8.71611 -3.26456
8.71761 -3.29058
8.71911 -3.31642
8.72061 -3.34207
8.72211 -3.36754
8.72361 -3.39282
8.72511 -3.41792
8.72661 -3.44284
8.72811 -3.46758
8.72961 -3.49214
8.73112 -3.51651
8.73262 -3.54071
8.73412 -3.56472
8.73562 -3.58856
8.73712 -3.61222
8.73862 -3.6357
8.74012 -3.659
8.74162 -3.68213
8.74312 -3.70508
8.74462 -3.72785
8.74612 -3.75045
8.74762 -3.77287
8.74912 -3.79512
8.75063 -3.8172
8.75213 -3.8391
8.75363 -3.86083
8.75513 -3.88239
8.75663 -3.90377
8.75813 -3.92499
8.75963 -3.94603
8.76113 -3.9669
8.76263 -3.98761
8.76413 -4.00814
8.76563 -4.02851
8.76713 -4.04871
8.76863 -4.06874
8.77014 -4.0886
8.77164 -4.1083
8.77314 -4.12783
8.77464 -4.1472
8.77614 -4.1664
8.77764 -4.18543
8.77914 -4.20431
8.78064 -4.22302
8.78214 -4.24156
8.78364 -4.25995
8.78514 -4.27817
8.78664 -4.29623
8.78814 -4.31413
8.78964 -4.33187
8.79115 -4.34945
8.79265 -4.36687
8.79415 -4.38413
8.79565 -4.40124
8.79715 -4.41818
8.79865 -4.43497
8.80015 -4.4516
8.80165 -4.46808
8.80315 -4.4844
8.80465 -4.50056
8.80615 -4.51657
8.80765 -4.53243
8.80915 -4.54813
8.81066 -4.56368
8.81216 -4.57908
8.81366 -4.59432
8.81516 -4.60941
8.81666 -4.62435
8.81816 -4.63914
8.81966 -4.65378
8.82116 -4.66827
8.82266 -4.68261
8.82416 -4.69681
8.82566 -4.71085
8.82716 -4.72475
8.82866 -4.7385
8.83017 -4.7521
8.83167 -4.76555
8.83317 -4.77886
8.83467 -4.79203
8.83617 -4.80505
8.83767 -4.81792
8.83917 -4.83066
8.84067 -4.84324
8.84217 -4.85569
8.84367 -4.86799
8.84517 -4.88015
8.84667 -4.89217
8.84817 -4.90405
8.84967 -4.91579
8.85118 -4.92739
8.85268 -4.93885
8.85418 -4.95017
8.85568 -4.96135
8.85718 -4.9724
8.85868 -4.9833
8.86018 -4.99407
8.86168 -5.0047
8.86318 -5.0152
8.86468 -5.02556
8.86618 -5.03579
8.86768 -5.04588
8.86918 -5.05584
8.87069 -5.06566
8.87219 -5.07535
8.87369 -5.08491
8.87519 -5.09433
8.87669 -5.10363
8.87819 -5.11279
8.87969 -5.12182
8.88119 -5.13072
8.88269 -5.13949
8.88419 -5.14813
8.88569 -5.15664
8.88719 -5.16503
8.88869 -5.17328
8.8902 -5.18141
8.8917 -5.18941
8.8932 -5.19729
8.8947 -5.20504
8.8962 -5.21266
8.8977 -5.22016
8.8992 -5.22753
8.9007 -5.23478
8.9022 -5.2419
8.9037 -5.24891
8.9052 -5.25578
8.9067 -5.26254
8.9082 -5.26917
8.9097 -5.27569
8.91121 -5.28208
8.91271 -5.28835
8.91421 -5.2945
8.91571 -5.30053
8.91721 -5.30644
8.91871 -5.31223
8.92021 -5.31791
8.92171 -5.32347
8.92321 -5.3289
8.92471 -5.33423
8.92621 -5.33943
8.92771 -5.34452
8.92921 -5.3495
8.93072 -5.35435
8.93222 -5.3591
8.93372 -5.36373
8.93522 -5.36824
8.93672 -5.37265
8.93822 -5.37694
8.93972 -5.38111
8.94122 -5.38518
8.94272 -5.38913
8.94422 -5.39298
8.94572 -5.39671
8.94722 -5.40033
8.94872 -5.40384
8.95023 -5.40724
8.95173 -5.41054
8.95323 -5.41372
8.95473 -5.4168
8.95623 -5.41977
8.95773 -5.42263
8.95923 -5.42539
8.96073 -5.42804
8.96223 -5.43058
8.96373 -5.43302
8.96523 -5.43535
8.96673 -5.43758
8.96823 -5.4397
8.96973 -5.44172
8.97124 -5.44364
8.97274 -5.44546
8.97424 -5.44717
8.97574 -5.44878
8.97724 -5.45029
8.97874 -5.4517
8.98024 -5.453
8.98174 -5.45421
8.98324 -5.45532
8.98474 -5.45632
8.98624 -5.45723
8.98774 -5.45804
8.98924 -5.45876
8.99075 -5.45937
8.99225 -5.45989
8.99375 -5.46031
8.99525 -5.46063
8.99675 -5.46086
8.99825 -5.46099
8.99975 -5.46103
9.00125 -5.46098
9.00275 -5.46082
9.00425 -5.46058
9.00575 -5.46024
9.00725 -5.45981
9.00875 -5.45928
9.01026 -5.45867
9.01176 -5.45796
9.01326 -5.45716
9.01476 -5.45627
9.01626 -5.45529
9.01776 -5.45422
9.01926 -5.45306
9.02076 -5.45181
9.02226 -5.45047
9.02376 -5.44904
9.02526 -5.44753
9.02676 -5.44592
9.02826 -5.44423
9.02976 -5.44246
9.03127 -5.44059
9.03277 -5.43865
9.03427 -5.43661
9.03577 -5.43449
9.03727 -5.43229
9.03877 -5.43
9.04027 -5.42762
9.04177 -5.42517
9.04327 -5.42263
9.04477 -5.42
9.04627 -5.4173
9.04777 -5.41451
9.04927 -5.41164
9.05078 -5.40869
9.05228 -5.40566
9.05378 -5.40255
9.05528 -5.39936
9.05678 -5.39609
9.05828 -5.39274
9.05978 -5.38932
9.06128 -5.38581
9.06278 -5.38223
9.06428 -5.37856
9.06578 -5.37482
9.06728 -5.37101
9.06878 -5.36712
9.07029 -5.36315
9.07179 -5.3591
9.07329 -5.35499
9.07479 -5.35079
9.07629 -5.34652
9.07779 -5.34218
9.07929 -5.33777
9.08079 -5.33328
9.08229 -5.32871
9.08379 -5.32408
9.08529 -5.31937
9.08679 -5.31459
9.08829 -5.30974
9.08979 -5.30482
9.0913 -5.29983
9.0928 -5.29477
9.0943 -5.28964
9.0958 -5.28444
9.0973 -5.27917
9.0988 -5.27383
9.1003 -5.26842
9.1018 -5.26295
9.1033 -5.25741
9.1048 -5.2518
9.1063 -5.24612
9.1078 -5.24038
9.1093 -5.23457
9.11081 -5.2287
9.11231 -5.22276
9.11381 -5.21675
9.11531 -5.21068
9.11681 -5.20455
9.11831 -5.19835
9.11981 -5.19209
9.12131 -5.18577
9.12281 -5.17939
9.12431 -5.17294
9.12581 -5.16643
9.12731 -5.15986
9.12881 -5.15322
9.13032 -5.14653
9.13182 -5.13977
9.13332 -5.13296
9.13482 -5.12609
9.13632 -5.11915
9.13782 -5.11216
9.13932 -5.10511
9.14082 -5.098
9.14232 -5.09083
9.14382 -5.08361
9.14532 -5.07633
9.14682 -5.06899
9.14832 -5.06159
9.14982 -5.05414
9.15133 -5.04663
9.15283 -5.03907
9.15433 -5.03145
9.15583 -5.02378
9.15733 -5.01606
9.15883 -5.00828
9.16033 -5.00044
9.16183 -4.99255
9.16333 -4.98461
9.16483 -4.97662
9.16633 -4.96858
9.16783 -4.96048
9.16933 -4.95233
9.17084 -4.94413
9.17234 -4.93588
9.17384 -4.92758
9.17534 -4.91923
9.17684 -4.91083
9.17834 -4.90238
9.17984 -4.89388
9.18134 -4.88533
9.18284 -4.87673
9.18434 -4.86809
9.18584 -4.8594
9.18734 -4.85066
9.18884 -4.84187
9.19035 -4.83304
9.19185 -4.82416
9.19335 -4.81523
9.19485 -4.80626
9.19635 -4.79725
9.19785 -4.78818
9.19935 -4.77908
9.20085 -4.76993
9.20235 -4.76073
9.20385 -4.7515
9.20535 -4.74222
9.20685 -4.73289
9.20835 -4.72352
9.20985 -4.71412
9.21136 -4.70466
9.21286 -4.69517
9.21436 -4.68564
9.21586 -4.67606
9.21736 -4.66645
9.21886 -4.65679
9.22036 -4.6471
9.22186 -4.63736
9.22336 -4.62759
9.22486 -4.61777
9.22636 -4.60792
9.22786 -4.59803
9.22936 -4.5881
9.23087 -4.57813
9.23237 -4.56813
9.23387 -4.55809
9.23537 -4.54801
9.23687 -4.5379
9.23837 -4.52775
9.23987 -4.51756
9.24137 -4.50734
9.24287 -4.49709
9.24437 -4.48679
9.24587 -4.47647
9.24737 -4.46611
9.24887 -4.45572
9.25038 -4.44529
9.25188 -4.43483
9.25338 -4.42434
9.25488 -4.41381
9.25638 -4.40325
9.25788 -4.39266
9.25938 -4.38204
9.26088 -4.37139
9.26238 -4.3607
9.26388 -4.34999
9.26538 -4.33924
9.26688 -4.32847
9.26838 -4.31766
9.26988 -4.30683
9.27139 -4.29597
9.27289 -4.28507
9.27439 -4.27415
9.27589 -4.2632
9.27739 -4.25223
9.27889 -4.24122
9.28039 -4.23019
9.28189 -4.21913
9.28339 -4.20805
9.28489 -4.19693
9.28639 -4.1858
9.28789 -4.17463
9.28939 -4.16344
9.2909 -4.15223
9.2924 -4.14099
9.2939 -4.12972
9.2954 -4.11844
9.2969 -4.10712
9.2984 -4.09579
9.2999 -4.08443
9.3014 -4.07304
9.3029 -4.06164
9.3044 -4.05021
9.3059 -4.03876
9.3074 -4.02729
9.3089 -4.01579
9.31041 -4.00428
9.31191 -3.99274
9.31341 -3.98118
9.31491 -3.9696
9.31641 -3.95801
9.31791 -3.94639
9.31941 -3.93475
9.32091 -3.92309
9.32241 -3.91142
9.32391 -3.89972
9.32541 -3.88801
9.32691 -3.87627
9.32841 -3.86452
9.32991 -3.85276
9.33142 -3.84097
9.33292 -3.82917
9.33442 -3.81735
9.33592 -3.80552
9.33742 -3.79367
9.33892 -3.7818
9.34042 -3.76991
9.34192 -3.75802
9.34342 -3.7461
9.34492 -3.73417
9.34642 -3.72223
9.34792 -3.71027
9.34942 -3.6983
9.35093 -3.68632
9.35243 -3.67432
9.35393 -3.6623
9.35543 -3.65028
9.35693 -3.63824
9.35843 -3.62619
9.35993 -3.61413
9.36143 -3.60206
9.36293 -3.58997
9.36443 -3.57787
9.36593 -3.56577
9.36743 -3.55365
9.36893 -3.54152
9.37044 -3.52938
9.37194 -3.51723
9.37344 -3.50507
9.37494 -3.4929
9.37644 -3.48072
9.37794 -3.46854
9.37944 -3.45634
9.38094 -3.44414
9.38244 -3.43192
9.38394 -3.4197
9.38544 -3.40748
9.38694 -3.39524
9.38844 -3.383
9.38994 -3.37075
9.39145 -3.35849
9.39295 -3.34623
9.39445 -3.33396
9.39595 -3.32169
9.39745 -3.30941
9.39895 -3.29713
9.40045 -3.28484
9.40195 -3.27254
9.40345 -3.26024
9.40495 -3.24794
9.40645 -3.23563
9.40795 -3.22332
9.40945 -3.211
9.41096 -3.19869
9.41246 -3.18636
9.41396 -3.17404
9.41546 -3.16171
9.41696 -3.14938
9.41846 -3.13705
9.41996 -3.12472
9.42146 -3.11238
9.42296 -3.10005
9.42446 -3.08771
9.42596 -3.07537
9.42746 -3.06304
9.42896 -3.0507
9.43047 -3.03836
9.43197 -3.02602
9.43347 -3.01368
9.43497 -3.00134
9.43647 -2.989
9.43797 -2.97667
9.43947 -2.96433
9.44097 -2.952
9.44247 -2.93967
9.44397 -2.92734
9.44547 -2.91501
9.44697 -2.90269
9.44847 -2.89036
9.44997 -2.87804
9.45148 -2.86573
9.45298 -2.85341
9.45448 -2.84111
9.45598 -2.8288
9.45748 -2.8165
9.45898 -2.8042
9.46048 -2.79191
9.46198 -2.77962
9.46348 -2.76734
9.46498 -2.75506
9.46648 -2.74279
9.46798 -2.73052
9.46948 -2.71826
9.47099 -2.70601
9.47249 -2.69376
9.47399 -2.68152
9.47549 -2.66928
9.47699 -2.65706
9.47849 -2.64484
9.47999 -2.63262
9.48149 -2.62042
9.48299 -2.60822
9.48449 -2.59603
9.48599 -2.58385
9.48749 -2.57168
9.48899 -2.55951
9.4905 -2.54736
9.492 -2.53521
9.4935 -2.52308
9.495 -2.51095
9.4965 -2.49883
9.498 -2.48673
9.4995 -2.47463
9.501 -2.46254
9.5025 -2.45047
9.504 -2.4384
9.5055 -2.42635
9.507 -2.41431
9.5085 -2.40228
9.51001 -2.39026
9.51151 -2.37825
9.51301 -2.36626
9.51451 -2.35428
9.51601 -2.34231
9.51751 -2.33035
9.51901 -2.3184
9.52051 -2.30647
9.52201 -2.29455
9.52351 -2.28265
9.52501 -2.27076
9.52651 -2.25888
9.52801 -2.24702
9.52951 -2.23517
9.53102 -2.22334
9.53252 -2.21152
9.53402 -2.19972
9.53552 -2.18793
9.53702 -2.17615
9.53852 -2.1644
9.54002 -2.15265
9.54152 -2.14093
9.54302 -2.12922
9.54452 -2.11752
9.54602 -2.10584
9.54752 -2.09418
9.54902 -2.08254
9.55053 -2.07091
9.55203 -2.0593
9.55353 -2.04771
9.55503 -2.03614
9.55653 -2.02458
9.55803 -2.01304
9.55953 -2.00152
9.56103 -1.99002
9.56253 -1.97854
9.56403 -1.96707
9.56553 -1.95562
9.56703 -1.9442
9.56853 -1.93279
9.57004 -1.9214
9.57154 -1.91003
9.57304 -1.89868
9.57454 -1.88736
9.57604 -1.87605
9.57754 -1.86476
9.57904 -1.85349
9.58054 -1.84225
9.58204 -1.83102
9.58354 -1.81982
9.58504 -1.80863
9.58654 -1.79747
9.58804 -1.78633
9.58954 -1.77521
9.59105 -1.76411
9.59255 -1.75304
9.59405 -1.74199
9.59555 -1.73096
9.59705 -1.71995
9.59855 -1.70897
9.60005 -1.698
9.60155 -1.68707
9.60305 -1.67615
9.60455 -1.66526
9.60605 -1.65439
9.60755 -1.64355
9.60905 -1.63273
9.61056 -1.62193
9.61206 -1.61116
9.61356 -1.60041
9.61506 -1.58969
9.61656 -1.57899
9.61806 -1.56832
9.61956 -1.55767
9.62106 -1.54705
9.62256 -1.53645
9.62406 -1.52588
9.62556 -1.51534
9.62706 -1.50482
9.62856 -1.49432
9.63007 -1.48386
9.63157 -1.47342
9.63307 -1.463
9.63457 -1.45261
9.63607 -1.44225
9.63757 -1.43192
9.63907 -1.42161
9.64057 -1.41133
9.64207 -1.40108
9.64357 -1.39086
9.64507 -1.38066
9.64657 -1.37049
9.64807 -1.36035
9.64957 -1.35024
9.65108 -1.34016
9.65258 -1.3301
9.65408 -1.32007
9.65558 -1.31008
9.65708 -1.30011
9.65858 -1.29017
9.66008 -1.28026
9.66158 -1.27037
9.66308 -1.26052
9.66458 -1.2507
9.66608 -1.24091
9.66758 -1.23115
9.66908 -1.22141
9.67059 -1.21171
9.67209 -1.20204
9.67359 -1.1924
9.67509 -1.18279
9.67659 -1.17321
9.67809 -1.16366
9.67959 -1.15414
9.68109 -1.14465
9.68259 -1.1352
9.68409 -1.12577
9.68559 -1.11638
9.68709 -1.10702
9.68859 -1.09769
9.6901 -1.0884
9.6916 -1.07913
9.6931 -1.0699
9.6946 -1.0607
9.6961 -1.05153
9.6976 -1.0424
9.6991 -1.03329
9.7006 -1.02422
9.7021 -1.01519
9.7036 -1.00618
9.7051 -0.997214
9.7066 -0.988277
9.7081 -0.979374
9.7096 -0.970504
9.71111 -0.961669
9.71261 -0.952867
9.71411 -0.944099
9.71561 -0.935365
9.71711 -0.926665
9.71861 -0.918
9.72011 -0.90937
9.72161 -0.900773
9.72311 -0.892212
9.72461 -0.883685
9.72611 -0.875194
9.72761 -0.866737
9.72911 -0.858316
9.73062 -0.849929
9.73212 -0.841579
9.73362 -0.833263
9.73512 -0.824984
9.73662 -0.81674
9.73812 -0.808532
9.73962 -0.80036
9.74112 -0.792224
9.74262 -0.784124
9.74412 -0.77606
9.74562 -0.768033
9.74712 -0.760042
9.74862 -0.752088
9.75013 -0.744171
9.75163 -0.73629
9.75313 -0.728447
9.75463 -0.72064
9.75613 -0.712871
9.75763 -0.705139
9.75913 -0.697444
9.76063 -0.689786
9.76213 -0.682166
9.76363 -0.674584
9.76513 -0.66704
9.76663 -0.659533
9.76813 -0.652064
9.76963 -0.644633
9.77114 -0.637241
9.77264 -0.629886
9.77414 -0.62257
9.77564 -0.615293
9.77714 -0.608054
9.77864 -0.600853
9.78014 -0.593691
9.78164 -0.586568
9.78314 -0.579484
9.78464 -0.572439
9.78614 -0.565433
9.78764 -0.558466
9.78914 -0.551538
9.79065 -0.54465
9.79215 -0.537801
9.79365 -0.530992
9.79515 -0.524222
9.79665 -0.517492
9.79815 -0.510802
9.79965 -0.504151
9.80115 -0.497541
9.80265 -0.49097
9.80415 -0.48444
9.80565 -0.47795
9.80715 -0.4715
9.80865 -0.46509
9.81016 -0.458721
9.81166 -0.452393
9.81316 -0.446105
9.81466 -0.439857
9.81616 -0.433651
9.81766 -0.427485
9.81916 -0.42136
9.82066 -0.415276
9.82216 -0.409234
9.82366 -0.403232
9.82516 -0.397272
9.82666 -0.391353
9.82816 -0.385475
9.82966 -0.379638
9.83117 -0.373844
9.83267 -0.36809
9.83417 -0.362379
9.83567 -0.356709
9.83717 -0.351081
9.83867 -0.345495
9.84017 -0.33995
9.84167 -0.334448
9.84317 -0.328988
9.84467 -0.323569
9.84617 -0.318193
9.84767 -0.31286
9.84917 -0.307568
9.85068 -0.302319
9.85218 -0.297113
9.85368 -0.291949
9.85518 -0.286827
9.85668 -0.281748
9.85818 -0.276712
9.85968 -0.271719
9.86118 -0.266768
9.86268 -0.26186
9.86418 -0.256996
9.86568 -0.252174
9.86718 -0.247395
9.86868 -0.242659
9.87019 -0.237967
9.87169 -0.233317
9.87319 -0.228711
9.87469 -0.224149
9.87619 -0.219629
9.87769 -0.215153
9.87919 -0.210721
9.88069 -0.206332
9.88219 -0.201987
9.88369 -0.197685
9.88519 -0.193427
9.88669 -0.189212
9.88819 -0.185042
9.88969 -0.180915
9.8912 -0.176832
9.8927 -0.172793
9.8942 -0.168798
9.8957 -0.164847
9.8972 -0.16094
9.8987 -0.157077
9.9002 -0.153259
9.9017 -0.149484
9.9032 -0.145754
9.9047 -0.142068
9.9062 -0.138426
9.9077 -0.134828
9.9092 -0.131275
9.91071 -0.127766
9.91221 -0.124302
9.91371 -0.120883
9.91521 -0.117507
9.91671 -0.114177
9.91821 -0.110891
9.91971 -0.107649
9.92121 -0.104452
9.92271 -0.1013
9.92421 -0.0981931
9.92571 -0.0951306
9.92721 -0.0921129
9.92871 -0.0891399
9.93022 -0.0862119
9.93172 -0.0833287
9.93322 -0.0804905
9.93472 -0.0776972
9.93622 -0.0749488
9.93772 -0.0722455
9.93922 -0.0695872
9.94072 -0.066974
9.94222 -0.0644058
9.94372 -0.0618827
9.94522 -0.0594048
9.94672 -0.056972
9.94822 -0.0545844
9.94972 -0.052242
9.95123 -0.0499448
9.95273 -0.0476928
9.95423 -0.0454861
9.95573 -0.0433247
9.95723 -0.0412085
9.95873 -0.0391377
9.96023 -0.0371122
9.96173 -0.0351321
9.96323 -0.0331973
9.96473 -0.0313079
9.96623 -0.029464
9.96773 -0.0276654
9.96923 -0.0259122
9.97074 -0.0242045
9.97224 -0.0225422
9.97374 -0.0209254
9.97524 -0.0193541
9.97674 -0.0178283
9.97824 -0.0163479
9.97974 -0.0149131
9.98124 -0.0135238
9.98274 -0.01218
9.98424 -0.0108817
9.98574 -0.00962894
9.98724 -0.00842174
9.98874 -0.0072601
9.99025 -0.006144
9.99175 -0.00507347
9.99325 -0.00404849
9.99475 -0.00306908
9.99625 -0.00213524
9.99775 -0.00124696
9.99925 -0.000404262
10.0008 0.000392869
10.0023 0.00114443
10.0038 0.00185042
10.0053 0.00251084
10.0068 0.00312569
10.0083 0.00369498
10.0098 0.00421871
10.0113 0.00469688
10.0128 0.00512949
10.0143 0.00551656
10.0158 0.00585808
10.0173 0.00615407
10.0188 0.00640453
10.0203 0.00660946
10.0218 0.00676889
10.0233 0.0068828
10.0248 0.00695123
10.0263 0.00697416
10.0278 0.00695163
10.0293 0.00688362
10.0308 0.00677017
10.0323 0.00661128
10.0338 0.00640697
10.0353 0.00615724
10.0368 0.00586211
10.0383 0.00552161
10.0398 0.00513574
10.0413 0.00470451
10.0428 0.00422796
10.0443 0.00370609
10.0458 0.00313893
10.0473 0.00252648
10.0488 0.00186878
10.0503 0.00116584
10.0518 0.000417689
10.0533 -0.000375662
10.0548 -0.00121419
10.0563 -0.00209786
10.0578 -0.00302666
10.0593 -0.00400057
10.0608 -0.00501955
10.0623 -0.00608359
10.0638 -0.00719265
10.0653 -0.00834672
10.0668 -0.00954576
10.0683 -0.0107897
10.0698 -0.0120786
10.0713 -0.0134124
10.0728 -0.0147911
10.0743 -0.0162146
10.0758 -0.0176828
10.0773 -0.0191959
10.0788 -0.0207537
10.0803 -0.0223561
10.0818 -0.0240033
10.0833 -0.0256951
10.0848 -0.0274314
10.0863 -0.0292124
10.0878 -0.0310379
10.0893 -0.0329078
10.0908 -0.0348222
10.0923 -0.0367811
10.0938 -0.0387843
10.0953 -0.0408318
10.0968 -0.0429236
10.0983 -0.0450597
10.0998 -0.0472401
10.1013 -0.0494645
10.1028 -0.0517332
10.1043 -0.0540459
10.1058 -0.0564026
10.1073 -0.0588034
10.1088 -0.0612481
10.1103 -0.0637367
10.1118 -0.0662692
10.1133 -0.0688456
10.1148 -0.0714656
10.1163 -0.0741295
10.1178 -0.0768369
10.1193 -0.079588
10.1208 -0.0823827
10.1223 -0.0852209
10.1238 -0.0881026
10.1253 -0.0910277
10.1268 -0.0939962
10.1283 -0.097008
10.1298 -0.100063
10.1313 -0.103161
10.1328 -0.106303
10.1343 -0.109487
10.1358 -0.112715
10.1373 -0.115985
10.1388 -0.119299
10.1403 -0.122655
10.1418 -0.126054
10.1433 -0.129496
10.1448 -0.132981
10.1463 -0.136508
10.1478 -0.140078
10.1493 -0.14369
10.1508 -0.147345
10.1523 -0.151042
10.1538 -0.154781
10.1553 -0.158563
10.1568 -0.162387
10.1583 -0.166253
10.1598 -0.170161
10.1613 -0.174111
10.1628 -0.178103
10.1643 -0.182137
10.1658 -0.186213
10.1673 -0.19033
10.1688 -0.194489
10.1703 -0.19869
10.1718 -0.202932
10.1733 -0.207215
10.1748 -0.21154
10.1763 -0.215906
10.1778 -0.220314
10.1793 -0.224762
10.1808 -0.229252
10.1823 -0.233782
10.1838 -0.238354
10.1853 -0.242966
10.1868 -0.247619
10.1883 -0.252313
10.1898 -0.257047
10.1913 -0.261822
10.1928 -0.266637
10.1943 -0.271493
10.1958 -0.276389
10.1973 -0.281325
10.1988 -0.286301
10.2004 -0.291317
10.2019 -0.296373
10.2034 -0.301469
10.2049 -0.306605
10.2064 -0.311781
10.2079 -0.316996
10.2094 -0.32225
10.2109 -0.327545
10.2124 -0.332878
10.2139 -0.338251
10.2154 -0.343662
10.2169 -0.349113
10.2184 -0.354603
10.2199 -0.360132
10.2214 -0.365699
10.2229 -0.371306
10.2244 -0.37695
10.2259 -0.382634
10.2274 -0.388356
10.2289 -0.394116
10.2304 -0.399914
10.2319 -0.40575
10.2334 -0.411625
10.2349 -0.417537
10.2364 -0.423488
10.2379 -0.429476
10.2394 -0.435501
10.2409 -0.441564
10.2424 -0.447665
10.2439 -0.453803
10.2454 -0.459978
10.2469 -0.466191
10.2484 -0.47244
10.2499 -0.478726
10.2514 -0.485049
10.2529 -0.491409
10.2544 -0.497805
10.2559 -0.504238
10.2574 -0.510708
10.2589 -0.517213
10.2604 -0.523755
10.2619 -0.530333
10.2634 -0.536947
10.2649 -0.543596
10.2664 -0.550282
10.2679 -0.557003
10.2694 -0.563759
10.2709 -0.570551
10.2724 -0.577378
10.2739 -0.584241
10.2754 -0.591138
10.2769 -0.59807
10.2784 -0.605038
10.2799 -0.612039
10.2814 -0.619076
10.2829 -0.626147
10.2844 -0.633252
10.2859 -0.640392
10.2874 -0.647565
10.2889 -0.654773
10.2904 -0.662014
10.2919 -0.66929
10.2934 -0.676599
10.2949 -0.683941
10.2964 -0.691317
10.2979 -0.698726
10.2994 -0.706168
10.3009 -0.713643
10.3024 -0.721151
10.3039 -0.728692
10.3054 -0.736265
10.3069 -0.743871
10.3084 -0.751509
10.3099 -0.75918
10.3114 -0.766883
10.3129 -0.774617
10.3144 -0.782384
10.3159 -0.790182
10.3174 -0.798012
10.3189 -0.805873
10.3204 -0.813765
10.3219 -0.821689
10.3234 -0.829644
10.3249 -0.837629
10.3264 -0.845646
10.3279 -0.853693
10.3294 -0.86177
10.3309 -0.869878
10.3324 -0.878016
10.3339 -0.886184
10.3354 -0.894382
10.3369 -0.90261
10.3384 -0.910868
10.3399 -0.919155
10.3414 -0.927472
10.3429 -0.935817
10.3444 -0.944192
10.3459 -0.952596
10.3474 -0.961028
10.3489 -0.969489
10.3504 -0.977979
10.3519 -0.986497
10.3534 -0.995043
10.3549 -1.00362
10.3564 -1.01222
10.3579 -1.02085
10.3594 -1.02951
10.3609 -1.03819
10.3624 -1.0469
10.3639 -1.05564
10.3654 -1.06441
10.3669 -1.0732
10.3684 -1.08202
10.3699 -1.09087
10.3714 -1.09974
10.3729 -1.10864
10.3744 -1.11757
10.3759 -1.12652
10.3774 -1.1355
10.3789 -1.1445
10.3804 -1.15353
10.3819 -1.16258
10.3834 -1.17166
10.3849 -1.18076
10.3864 -1.18989
10.3879 -1.19904
10.3894 -1.20822
10.3909 -1.21742
10.3924 -1.22665
10.3939 -1.2359
10.3954 -1.24517
10.3969 -1.25447
10.3984 -1.26379
10.3999 -1.27313
10.4015 -1.2825
10.403 -1.29189
10.4045 -1.3013
10.406 -1.31074
10.4075 -1.3202
10.409 -1.32968
10.4105 -1.33918
10.412 -1.3487
10.4135 -1.35825
10.415 -1.36782
10.4165 -1.37741
10.418 -1.38702
10.4195 -1.39665
10.421 -1.4063
10.4225 -1.41597
10.424 -1.42567
10.4255 -1.43538
10.427 -1.44512
10.4285 -1.45487
10.43 -1.46465
10.4315 -1.47444
10.433 -1.48425
10.4345 -1.49409
10.436 -1.50394
10.4375 -1.51381
10.439 -1.5237
10.4405 -1.5336
10.442 -1.54353
10.4435 -1.55348
10.445 -1.56344
10.4465 -1.57342
10.448 -1.58342
10.4495 -1.59343
10.451 -1.60346
10.4525 -1.61351
10.454 -1.62358
10.4555 -1.63366
10.457 -1.64376
10.4585 -1.65388
10.46 -1.66401
10.4615 -1.67416
10.463 -1.68432
10.4645 -1.6945
10.466 -1.7047
10.4675 -1.71491
10.469 -1.72513
10.4705 -1.73537
10.472 -1.74562
10.4735 -1.75589
10.475 -1.76618
10.4765 -1.77647
10.478 -1.78678
10.4795 -1.79711
10.481 -1.80744
10.4825 -1.81779
10.484 -1.82816
10.4855 -1.83853
10.487 -1.84892
10.4885 -1.85932
10.49 -1.86973
10.4915 -1.88016
10.493 -1.89059
10.4945 -1.90104
10.496 -1.9115
10.4975 -1.92197
10.499 -1.93245
10.5005 -1.94294
10.502 -1.95345
10.5035 -1.96396
10.505 -1.97448
10.5065 -1.98501
10.508 -1.99556
10.5095 -2.00611
10.511 -2.01667
10.5125 -2.02724
10.514 -2.03782
10.5155 -2.0484
10.517 -2.059
10.5185 -2.0696
10.52 -2.08021
10.5215 -2.09083
10.523 -2.10146
10.5245 -2.11209
10.526 -2.12273
10.5275 -2.13338
10.529 -2.14403
10.5305 -2.15469
10.532 -2.16536
10.5335 -2.17603
10.535 -2.18671
10.5365 -2.19739
10.538 -2.20808
10.5395 -2.21877
10.541 -2.22947
10.5425 -2.24017
10.544 -2.25088
10.5455 -2.26159
10.547 -2.27231
10.5485 -2.28302
10.55 -2.29375
10.5515 -2.30447
10.553 -2.3152
10.5545 -2.32593
10.556 -2.33666
10.5575 -2.3474
10.559 -2.35814
10.5605 -2.36888
10.562 -2.37962
10.5635 -2.39036
10.565 -2.4011
10.5665 -2.41184
10.568 -2.42259
10.5695 -2.43333
10.571 -2.44408
10.5725 -2.45482
10.574 -2.46557
10.5755 -2.47631
10.577 -2.48705
10.5785 -2.4978
10.58 -2.50854
10.5815 -2.51928
10.583 -2.53001
10.5845 -2.54075
10.586 -2.55148
10.5875 -2.56221
10.589 -2.57294
10.5905 -2.58366
10.592 -2.59438
10.5935 -2.6051
10.595 -2.61581
10.5965 -2.62652
10.598 -2.63723
10.5995 -2.64793
10.6011 -2.65862
10.6026 -2.66931
10.6041 -2.68
10.6056 -2.69068
10.6071 -2.70135
10.6086 -2.71202
10.6101 -2.72268
10.6116 -2.73334
10.6131 -2.74398
10.6146 -2.75463
10.6161 -2.76526
10.6176 -2.77588
10.6191 -2.7865
10.6206 -2.79711
10.6221 -2.80771
10.6236 -2.81831
10.6251 -2.82889
10.6266 -2.83946
10.6281 -2.85003
10.6296 -2.86058
10.6311 -2.87113
10.6326 -2.88166
10.6341 -2.89219
10.6356 -2.9027
10.6371 -2.91321
10.6386 -2.9237
10.6401 -2.93418
10.6416 -2.94464
10.6431 -2.9551
10.6446 -2.96554
10.6461 -2.97597
10.6476 -2.98639
10.6491 -2.9968
10.6506 -3.00719
10.6521 -3.01757
10.6536 -3.02793
10.6551 -3.03828
10.6566 -3.04861
10.6581 -3.05893
10.6596 -3.06924
10.6611 -3.07952
10.6626 -3.0898
10.6641 -3.10006
10.6656 -3.1103
10.6671 -3.12052
10.6686 -3.13073
10.6701 -3.14092
10.6716 -3.15109
10.6731 -3.16125
10.6746 -3.17139
10.6761 -3.1815
10.6776 -3.19161
10.6791 -3.20169
10.6806 -3.21175
10.6821 -3.22179
10.6836 -3.23182
10.6851 -3.24182
10.6866 -3.25181
10.6881 -3.26177
10.6896 -3.27171
10.6911 -3.28163
10.6926 -3.29153
10.6941 -3.30141
10.6956 -3.31127
10.6971 -3.3211
10.6986 -3.33091
10.7001 -3.3407
10.7016 -3.35047
10.7031 -3.36021
10.7046 -3.36993
10.7061 -3.37962
10.7076 -3.38929
10.7091 -3.39894
10.7106 -3.40856
10.7121 -3.41815
10.7136 -3.42772
10.7151 -3.43727
10.7166 -3.44679
10.7181 -3.45628
10.7196 -3.46574
10.7211 -3.47518
10.7226 -3.48459
10.7241 -3.49397
10.7256 -3.50333
10.7271 -3.51265
10.7286 -3.52195
10.7301 -3.53122
10.7316 -3.54046
10.7331 -3.54967
10.7346 -3.55885
10.7361 -3.568
10.7376 -3.57712
10.7391 -3.58621
10.7406 -3.59527
10.7421 -3.6043
10.7436 -3.61329
10.7451 -3.62226
10.7466 -3.63119
10.7481 -3.64009
10.7496 -3.64895
10.7511 -3.65779
10.7526 -3.66659
10.7541 -3.67535
10.7556 -3.68408
10.7571 -3.69278
10.7586 -3.70144
10.7601 -3.71007
10.7616 -3.71866
10.7631 -3.72722
10.7646 -3.73574
10.7661 -3.74422
10.7676 -3.75266
10.7691 -3.76107
10.7706 -3.76945
10.7721 -3.77778
10.7736 -3.78608
10.7751 -3.79434
10.7766 -3.80255
10.7781 -3.81074
10.7796 -3.81888
10.7811 -3.82698
10.7826 -3.83504
10.7841 -3.84306
10.7856 -3.85104
10.7871 -3.85898
10.7886 -3.86688
10.7901 -3.87474
10.7916 -3.88255
10.7931 -3.89032
10.7946 -3.89805
10.7961 -3.90574
10.7976 -3.91338
10.7991 -3.92098
10.8007 -3.92854
10.8022 -3.93605
10.8037 -3.94352
10.8052 -3.95094
10.8067 -3.95832
10.8082 -3.96565
10.8097 -3.97293
10.8112 -3.98017
10.8127 -3.98736
10.8142 -3.99451
10.8157 -4.00161
10.8172 -4.00866
10.8187 -4.01566
10.8202 -4.02261
10.8217 -4.02952
10.8232 -4.03637
10.8247 -4.04318
10.8262 -4.04994
10.8277 -4.05664
10.8292 -4.0633
10.8307 -4.06991
10.8322 -4.07646
10.8337 -4.08296
10.8352 -4.08941
10.8367 -4.09581
10.8382 -4.10216
10.8397 -4.10845
10.8412 -4.11469
10.8427 -4.12088
10.8442 -4.12701
10.8457 -4.13309
10.8472 -4.13911
10.8487 -4.14508
10.8502 -4.15099
10.8517 -4.15685
10.8532 -4.16265
10.8547 -4.16839
10.8562 -4.17408
10.8577 -4.17971
10.8592 -4.18529
10.8607 -4.1908
10.8622 -4.19626
10.8637 -4.20165
10.8652 -4.20699
10.8667 -4.21227
10.8682 -4.21749
10.8697 -4.22265
10.8712 -4.22775
10.8727 -4.23279
10.8742 -4.23777
10.8757 -4.24268
10.8772 -4.24754
10.8787 -4.25233
10.8802 -4.25706
10.8817 -4.26172
10.8832 -4.26633
10.8847 -4.27087
10.8862 -4.27534
10.8877 -4.27975
10.8892 -4.2841
10.8907 -4.28838
10.8922 -4.29259
10.8937 -4.29674
10.8952 -4.30082
10.8967 -4.30483
10.8982 -4.30878
10.8997 -4.31266
10.9012 -4.31648
10.9027 -4.32022
10.9042 -4.3239
10.9057 -4.3275
10.9072 -4.33104
10.9087 -4.33451
10.9102 -4.3379
10.9117 -4.34123
10.9132 -4.34449
10.9147 -4.34767
10.9162 -4.35078
10.9177 -4.35382
10.9192 -4.35679
10.9207 -4.35968
10.9222 -4.36251
10.9237 -4.36525
10.9252 -4.36793
10.9267 -4.37053
10.9282 -4.37305
10.9297 -4.3755
10.9312 -4.37788
10.9327 -4.38017
10.9342 -4.3824
10.9357 -4.38454
10.9372 -4.38661
10.9387 -4.3886
10.9402 -4.39051
10.9417 -4.39234
10.9432 -4.3941
10.9447 -4.39577
10.9462 -4.39737
10.9477 -4.39889
10.9492 -4.40032
10.9507 -4.40168
10.9522 -4.40295
10.9537 -4.40415
10.9552 -4.40526
10.9567 -4.40628
10.9582 -4.40723
10.9597 -4.40809
10.9612 -4.40887
10.9627 -4.40957
10.9642 -4.41018
10.9657 -4.4107
10.9672 -4.41114
10.9687 -4.4115
10.9702 -4.41177
10.9717 -4.41195
10.9732 -4.41204
10.9747 -4.41205
10.9762 -4.41197
10.9777 -4.41181
10.9792 -4.41155
10.9807 -4.41121
10.9822 -4.41077
10.9837 -4.41025
10.9852 -4.40964
10.9867 -4.40893
10.9882 -4.40814
10.9897 -4.40725
10.9912 -4.40627
10.9927 -4.4052
10.9942 -4.40404
10.9957 -4.40279
10.9972 -4.40144
10.9987 -4.39999
11.0003 -4.39846
11.0018 -4.39682
11.0033 -4.3951
11.0048 -4.39327
11.0063 -4.39136
11.0078 -4.38934
11.0093 -4.38723
11.0108 -4.38502
11.0123 -4.38271
11.0138 -4.38031
11.0153 -4.37781
11.0168 -4.3752
11.0183 -4.3725
11.0198 -4.3697
11.0213 -4.3668
11.0228 -4.3638
11.0243 -4.36069
11.0258 -4.35749
11.0273 -4.35418
11.0288 -4.35077
11.0303 -4.34726
11.0318 -4.34365
11.0333 -4.33993
11.0348 -4.33611
11.0363 -4.33218
11.0378 -4.32815
11.0393 -4.32401
11.0408 -4.31977
11.0423 -4.31542
11.0438 -4.31096
11.0453 -4.3064
11.0468 -4.30172
11.0483 -4.29694
11.0498 -4.29206
11.0513 -4.28706
11.0528 -4.28195
11.0543 -4.27674
11.0558 -4.27141
11.0573 -4.26598
11.0588 -4.26043
11.0603 -4.25477
11.0618 -4.249
11.0633 -4.24311
11.0648 -4.23712
11.0663 -4.231
11.0678 -4.22478
11.0693 -4.21844
11.0708 -4.21199
11.0723 -4.20542
11.0738 -4.19874
11.0753 -4.19194
11.0768 -4.18502
11.0783 -4.17799
11.0798 -4.17084
11.0813 -4.16357
11.0828 -4.15618
11.0843 -4.14867
11.0858 -4.14105
11.0873 -4.1333
11.0888 -4.12544
11.0903 -4.11745
11.0918 -4.10935
11.0933 -4.10112
11.0948 -4.09277
11.0963 -4.0843
11.0978 -4.0757
11.0993 -4.06698
11.1008 -4.05814
11.1023 -4.04917
11.1038 -4.04008
11.1053 -4.03086
11.1068 -4.02152
11.1083 -4.01205
11.1098 -4.00246
11.1113 -3.99273
11.1128 -3.98288
11.1143 -3.9729
11.1158 -3.9628
11.1173 -3.95256
11.1188 -3.9422
11.1203 -3.9317
11.1218 -3.92108
11.1233 -3.91032
11.1248 -3.89943
11.1263 -3.88841
11.1278 -3.87726
11.1293 -3.86598
11.1308 -3.85456
11.1323 -3.84301
11.1338 -3.83132
11.1353 -3.8195
11.1368 -3.80755
11.1383 -3.79546
11.1398 -3.78323
11.1413 -3.77086
11.1428 -3.75836
11.1443 -3.74573
11.1458 -3.73295
11.1473 -3.72004
11.1488 -3.70698
11.1503 -3.69379
11.1518 -3.68046
11.1533 -3.66698
11.1548 -3.65337
11.1563 -3.63961
11.1578 -3.62572
11.1593 -3.61168
11.1608 -3.59749
11.1623 -3.58317
11.1638 -3.5687
11.1653 -3.55408
11.1668 -3.53932
11.1683 -3.52442
11.1698 -3.50937
11.1713 -3.49417
11.1728 -3.47883
11.1743 -3.46334
11.1758 -3.4477
11.1773 -3.43191
11.1788 -3.41598
11.1803 -3.3999
11.1818 -3.38366
11.1833 -3.36728
11.1848 -3.35074
11.1863 -3.33406
11.1878 -3.31722
11.1893 -3.30023
11.1908 -3.28308
11.1923 -3.26579
11.1938 -3.24834
11.1953 -3.23073
11.1968 -3.21297
11.1983 -3.19506
11.1998 -3.17699
11.2014 -3.15876
11.2029 -3.14038
11.2044 -3.12184
11.2059 -3.10314
11.2074 -3.08429
11.2089 -3.06527
11.2104 -3.0461
11.2119 -3.02676
11.2134 -3.00727
11.2149 -2.98761
11.2164 -2.9678
11.2179 -2.94782
11.2194 -2.92768
11.2209 -2.90737
11.2224 -2.88691
11.2239 -2.86628
11.2254 -2.84548
11.2269 -2.82452
11.2284 -2.8034
11.2299 -2.7821
11.2314 -2.76065
11.2329 -2.73902
11.2344 -2.71723
11.2359 -2.69527
11.2374 -2.67314
11.2389 -2.65084
11.2404 -2.62837
11.2419 -2.60573
11.2434 -2.58293
11.2449 -2.55995
11.2464 -2.53679
11.2479 -2.51347
11.2494 -2.48997
11.2509 -2.4663
11.2524 -2.44246
11.2539 -2.41844
11.2554 -2.39425
11.2569 -2.36988
11.2584 -2.34534
11.2599 -2.32062
11.2614 -2.29572
11.2629 -2.27065
11.2644 -2.2454
11.2659 -2.21996
11.2674 -2.19435
11.2689 -2.16856
11.2704 -2.14259
11.2719 -2.11644
11.2734 -2.09011
11.2749 -2.0636
11.2764 -2.0369
11.2779 -2.01002
11.2794 -1.98296
11.2809 -1.95572
11.2824 -1.92828
11.2839 -1.90067
11.2854 -1.87287
11.2869 -1.84488
11.2884 -1.81671
11.2899 -1.78835
11.2914 -1.7598
11.2929 -1.73106
11.2944 -1.70214
11.2959 -1.67302
11.2974 -1.64372
11.2989 -1.61422
11.3004 -1.58454
11.3019 -1.55466
11.3034 -1.52459
11.3049 -1.49433
11.3064 -1.46387
11.3079 -1.43322
11.3094 -1.40238
11.3109 -1.37134
11.3124 -1.34011
11.3139 -1.30868
11.3154 -1.27706
11.3169 -1.24523
11.3184 -1.21321
11.3199 -1.181
11.3214 -1.14858
11.3229 -1.11596
11.3244 -1.08315
11.3259 -1.05013
11.3274 -1.01691
11.3289 -0.983496
11.3304 -0.949875
11.3319 -0.916052
11.3334 -0.882026
11.3349 -0.847796
11.3364 -0.813362
11.3379 -0.778723
11.3394 -0.743879
11.3409 -0.708829
11.3424 -0.673572
11.3439 -0.638109
11.3454 -0.602437
11.3469 -0.566558
11.3484 -0.53047
11.3499 -0.494172
11.3514 -0.457664
11.3529 -0.420947
11.3544 -0.384018
11.3559 -0.346877
11.3574 -0.309524
11.3589 -0.271959
11.3604 -0.23418
11.3619 -0.196187
11.3634 -0.15798
11.3649 -0.119558
11.3664 -0.08092
11.3679 -0.0420661
11.3694 -0.00299534
11.3709 0.0362927
11.3724 0.0757987
11.3739 0.115523
11.3754 0.155467
11.3769 0.19563
11.3784 0.236013
11.3799 0.276617
11.3814 0.317443
11.3829 0.35849
11.3844 0.39976
11.3859 0.441254
11.3874 0.48297
11.3889 0.524912
11.3904 0.567078
11.3919 0.609469
11.3934 0.652087
11.3949 0.694931
11.3964 0.738002
11.3979 0.781302
11.3994 0.824829
11.401 0.868586
11.4025 0.912572
11.404 0.956788
11.4055 1.00124
11.407 1.04591
11.4085 1.09082
11.41 1.13597
11.4115 1.18134
11.413 1.22695
11.4145 1.2728
11.416 1.31888
11.4175 1.36519
11.419 1.41174
11.4205 1.45853
11.422 1.50555
11.4235 1.55281
11.425 1.60032
11.4265 1.64806
11.428 1.69603
11.4295 1.74425
11.431 1.79272
11.4325 1.84142
11.434 1.89036
11.4355 1.93955
11.437 1.98898
11.4385 2.03865
11.44 2.08857
11.4415 2.13874
11.443 2.18915
11.4445 2.2398
11.446 2.2907
11.4475 2.34185
11.449 2.39325
11.4505 2.4449
11.452 2.4968
11.4535 2.54894
11.455 2.60134
11.4565 2.65399
11.458 2.70689
11.4595 2.76004
11.461 2.81345
11.4625 2.86711
11.464 2.92102
11.4655 2.97519
11.467 3.02961
11.4685 3.08429
11.47 3.13923
11.4715 3.19442
11.473 3.24988
11.4745 3.30559
11.476 3.36156
11.4775 3.41779
11.479 3.47428
11.4805 3.53103
11.482 3.58804
11.4835 3.64532
11.485 3.70286
11.4865 3.76066
11.488 3.81872
11.4895 3.87705
11.491 3.93565
11.4925 3.99451
11.494 4.05364
11.4955 4.11304
11.497 4.1727
11.4985 4.23264
11.5 4.29284
