13.5005 0.000276604
13.503 0.000306575
13.5055 0.000339534
13.508 0.000375747
13.5105 0.000415505
13.513 0.00045912
13.5155 0.00050693
13.518 0.000559297
13.5205 0.000616609
13.523 0.000679285
13.5255 0.000747775
13.528 0.000822559
13.5305 0.000904152
13.533 0.000993108
13.5355 0.00109001
13.538 0.0011955
13.5405 0.00131025
13.543 0.00143496
13.5455 0.00157041
13.548 0.00171742
13.5505 0.00187683
13.553 0.00204958
13.5555 0.00223665
13.558 0.00243905
13.5605 0.0026579
13.563 0.00289436
13.5655 0.00314964
13.568 0.00342506
13.5705 0.00372198
13.573 0.00404185
13.5755 0.00438619
13.578 0.0047566
13.5805 0.00515478
13.583 0.0055825
13.5855 0.00604161
13.588 0.00653409
13.5905 0.00706196
13.593 0.00762739
13.5955 0.00823261
13.598 0.00887997
13.6006 0.00957192
13.6031 0.010311
13.6056 0.0110999
13.6081 0.0119414
13.6106 0.0128383
13.6131 0.0137937
13.6156 0.0148107
13.6181 0.0158925
13.6206 0.0170424
13.6231 0.0182639
13.6256 0.0195606
13.6281 0.0209362
13.6306 0.0223945
13.6331 0.0239395
13.6356 0.0255751
13.6381 0.0273056
13.6406 0.0291353
13.6431 0.0310685
13.6456 0.0331098
13.6481 0.0352638
13.6506 0.0375352
13.6531 0.0399288
13.6556 0.0424496
13.6581 0.0451027
13.6606 0.0478931
13.6631 0.0508261
13.6656 0.053907
13.6681 0.0571411
13.6706 0.0605339
13.6731 0.064091
13.6756 0.0678179
13.6781 0.0717201
13.6806 0.0758035
13.6831 0.0800737
13.6856 0.0845365
13.6881 0.0891976
13.6906 0.0940628
13.6931 0.0991378
13.6956 0.104428
13.6981 0.10994
13.7006 0.11568
13.7031 0.121651
13.7056 0.127862
13.7081 0.134316
13.7106 0.141019
13.7131 0.147978
13.7156 0.155196
13.7181 0.16268
13.7206 0.170434
13.7231 0.178463
13.7256 0.186772
13.7281 0.195366
13.7306 0.204248
13.7331 0.213424
13.7356 0.222897
13.7381 0.23267
13.7406 0.242749
13.7431 0.253135
13.7456 0.263832
13.7481 0.274842
13.7506 0.286169
13.7531 0.297813
13.7556 0.309778
13.7581 0.322065
13.7606 0.334675
13.7631 0.347608
13.7656 0.360866
13.7681 0.374448
13.7706 0.388355
13.7731 0.402585
13.7756 0.417138
13.7781 0.432012
13.7806 0.447206
13.7831 0.462717
13.7856 0.478542
13.7881 0.494679
13.7906 0.511125
13.7931 0.527874
13.7956 0.544923
13.7981 0.562268
13.8007 0.579902
13.8032 0.59782
13.8057 0.616016
13.8082 0.634484
13.8107 0.653216
13.8132 0.672206
13.8157 0.691444
13.8182 0.710923
13.8207 0.730635
13.8232 0.75057
13.8257 0.770718
13.8282 0.79107
13.8307 0.811616
13.8332 0.832344
13.8357 0.853244
13.8382 0.874304
13.8407 0.895513
13.8432 0.916858
13.8457 0.938328
13.8482 0.959909
13.8507 0.981588
13.8532 1.00335
13.8557 1.02519
13.8582 1.04708
13.8607 1.06902
13.8632 1.09099
13.8657 1.11297
13.8682 1.13496
13.8707 1.15693
13.8732 1.17887
13.8757 1.20077
13.8782 1.22262
13.8807 1.24438
13.8832 1.26606
13.8857 1.28764
13.8882 1.3091
13.8907 1.33042
13.8932 1.3516
13.8957 1.37261
13.8982 1.39344
13.9007 1.41408
13.9032 1.43451
13.9057 1.45472
13.9082 1.4747
13.9107 1.49442
13.9132 1.51387
13.9157 1.53305
13.9182 1.55193
13.9207 1.57051
13.9232 1.58876
13.9257 1.60669
13.9282 1.62427
13.9307 1.6415
13.9332 1.65835
13.9357 1.67483
13.9382 1.69092
13.9407 1.7066
13.9432 1.72187
13.9457 1.73672
13.9482 1.75114
13.9507 1.76512
13.9532 1.77864
13.9557 1.79171
13.9582 1.80432
13.9607 1.81645
13.9632 1.8281
13.9657 1.83927
13.9682 1.84994
13.9707 1.86012
13.9732 1.86979
13.9757 1.87896
13.9782 1.88761
13.9807 1.89575
13.9832 1.90337
13.9857 1.91047
13.9882 1.91705
13.9907 1.9231
13.9932 1.92863
13.9957 1.93363
13.9982 1.9381
14.0008 1.94205
14.0033 1.94547
14.0058 1.94837
14.0083 1.95074
14.0108 1.95259
14.0133 1.95392
14.0158 1.95473
14.0183 1.95503
14.0208 1.95483
14.0233 1.95411
14.0258 1.9529
14.0283 1.95118
14.0308 1.94898
14.0333 1.94629
14.0358 1.94312
14.0383 1.93947
14.0408 1.93536
14.0433 1.93079
14.0458 1.92576
14.0483 1.92029
14.0508 1.91437
14.0533 1.90803
14.0558 1.90126
14.0583 1.89407
14.0608 1.88648
14.0633 1.87849
14.0658 1.87011
14.0683 1.86135
14.0708 1.85222
14.0733 1.84273
14.0758 1.83288
14.0783 1.82269
14.0808 1.81217
14.0833 1.80133
14.0858 1.79017
14.0883 1.7787
14.0908 1.76694
14.0933 1.7549
14.0958 1.74259
14.0983 1.73001
14.1008 1.71717
14.1033 1.7041
14.1058 1.69078
14.1083 1.67725
14.1108 1.6635
14.1133 1.64955
14.1158 1.6354
14.1183 1.62107
14.1208 1.60657
14.1233 1.5919
14.1258 1.57708
14.1283 1.56211
14.1308 1.54701
14.1333 1.53178
14.1358 1.51643
14.1383 1.50098
14.1408 1.48542
14.1433 1.46978
14.1458 1.45406
14.1483 1.43826
14.1508 1.4224
14.1533 1.40648
14.1558 1.39051
14.1583 1.37451
14.1608 1.35847
14.1633 1.34241
14.1658 1.32634
14.1683 1.31025
14.1708 1.29416
14.1733 1.27808
14.1758 1.262
14.1783 1.24595
14.1808 1.22992
14.1833 1.21393
14.1858 1.19797
14.1883 1.18205
14.1908 1.16618
14.1933 1.15037
14.1958 1.13462
14.1983 1.11893
14.2009 1.10331
14.2034 1.08777
14.2059 1.07231
14.2084 1.05693
14.2109 1.04164
14.2134 1.02644
14.2159 1.01134
14.2184 0.996347
14.2209 0.981453
14.2234 0.966667
14.2259 0.951992
14.2284 0.937432
14.2309 0.92299
14.2334 0.908667
14.2359 0.894468
14.2384 0.880394
14.2409 0.866448
14.2434 0.852633
14.2459 0.838949
14.2484 0.8254
14.2509 0.811987
14.2534 0.798712
14.2559 0.785576
14.2584 0.772581
14.2609 0.759728
14.2634 0.747018
14.2659 0.734452
14.2684 0.722032
14.2709 0.709758
14.2734 0.697631
14.2759 0.685651
14.2784 0.673819
14.2809 0.662136
14.2834 0.650601
14.2859 0.639215
14.2884 0.627979
14.2909 0.616891
14.2934 0.605952
14.2959 0.595162
14.2984 0.584521
14.3009 0.574028
14.3034 0.563684
14.3059 0.553487
14.3084 0.543437
14.3109 0.533533
14.3134 0.523776
14.3159 0.514163
14.3184 0.504695
14.3209 0.495371
14.3234 0.48619
14.3259 0.47715
14.3284 0.468252
14.3309 0.459493
14.3334 0.450874
14.3359 0.442392
14.3384 0.434047
14.3409 0.425838
14.3434 0.417763
14.3459 0.409822
14.3484 0.402012
14.3509 0.394333
14.3534 0.386783
14.3559 0.379362
14.3584 0.372067
14.3609 0.364898
14.3634 0.357852
14.3659 0.350929
14.3684 0.344128
14.3709 0.337446
14.3734 0.330882
14.3759 0.324436
14.3784 0.318105
14.3809 0.311887
14.3834 0.305783
14.3859 0.299789
14.3884 0.293905
14.3909 0.288128
14.3934 0.282459
14.3959 0.276894
14.3984 0.271433
14.401 0.266075
14.4035 0.260816
14.406 0.255657
14.4085 0.250596
14.411 0.245631
14.4135 0.240761
14.416 0.235983
14.4185 0.231298
14.421 0.226703
14.4235 0.222197
14.426 0.217779
14.4285 0.213447
14.431 0.209199
14.4335 0.205035
14.436 0.200953
14.4385 0.196951
14.441 0.193029
14.4435 0.189184
14.446 0.185416
14.4485 0.181723
14.451 0.178104
14.4535 0.174558
14.456 0.171083
14.4585 0.167678
14.461 0.164342
14.4635 0.161073
14.466 0.157871
14.4685 0.154734
14.471 0.151661
14.4735 0.14865
14.476 0.145702
14.4785 0.142813
14.481 0.139984
14.4835 0.137213
14.486 0.1345
14.4885 0.131842
14.491 0.129239
14.4935 0.126691
14.496 0.124195
14.4985 0.121751
14.501 0.119357
14.5035 0.117014
14.506 0.114719
14.5085 0.112473
14.511 0.110273
14.5135 0.10812
14.516 0.106011
14.5185 0.103947
14.521 0.101926
14.5235 0.0999474
14.526 0.0980105
14.5285 0.0961144
14.531 0.0942583
14.5335 0.0924412
14.536 0.0906625
14.5385 0.0889214
14.541 0.087217
14.5435 0.0855486
14.546 0.0839156
14.5485 0.0823171
14.551 0.0807524
14.5535 0.0792208
14.556 0.0777217
14.5585 0.0762544
14.561 0.0748182
14.5635 0.0734124
14.566 0.0720364
14.5685 0.0706897
14.571 0.0693715
14.5735 0.0680812
14.576 0.0668184
14.5785 0.0655824
14.581 0.0643726
14.5835 0.0631885
14.586 0.0620295
14.5885 0.0608951
14.591 0.0597848
14.5935 0.058698
14.596 0.0576343
14.5985 0.0565932
14.6011 0.0555742
14.6036 0.0545767
14.6061 0.0536004
14.6086 0.0526448
14.6111 0.0517095
14.6136 0.050794
14.6161 0.0498978
14.6186 0.0490206
14.6211 0.048162
14.6236 0.0473215
14.6261 0.0464988
14.6286 0.0456935
14.6311 0.0449052
14.6336 0.0441335
14.6361 0.0433781
14.6386 0.0426387
14.6411 0.0419148
14.6436 0.0412062
14.6461 0.0405125
14.6486 0.0398333
14.6511 0.0391685
14.6536 0.0385176
14.6561 0.0378805
14.6586 0.0372566
14.6611 0.0366459
14.6636 0.036048
14.6661 0.0354625
14.6686 0.0348894
14.6711 0.0343282
14.6736 0.0337788
14.6761 0.0332408
14.6786 0.032714
14.6811 0.0321983
14.6836 0.0316933
14.6861 0.0311988
14.6886 0.0307146
14.6911 0.0302405
14.6936 0.0297762
14.6961 0.0293216
14.6986 0.0288764
14.7011 0.0284404
14.7036 0.0280135
14.7061 0.0275954
14.7086 0.0271859
14.7111 0.026785
14.7136 0.0263923
14.7161 0.0260077
14.7186 0.0256311
14.7211 0.0252622
14.7236 0.0249009
14.7261 0.0245471
14.7286 0.0242005
14.7311 0.0238611
14.7336 0.0235287
14.7361 0.0232031
14.7386 0.0228842
14.7411 0.0225718
14.7436 0.0222658
14.7461 0.0219661
14.7486 0.0216726
14.7511 0.0213851
14.7536 0.0211035
14.7561 0.0208276
14.7586 0.0205574
14.7611 0.0202927
14.7636 0.0200335
14.7661 0.0197795
14.7686 0.0195308
14.7711 0.0192871
14.7736 0.0190484
14.7761 0.0188146
14.7786 0.0185856
14.7811 0.0183613
14.7836 0.0181416
14.7861 0.0179264
14.7886 0.0177156
14.7911 0.0175091
14.7936 0.0173069
14.7961 0.0171088
14.7986 0.0169148
14.8012 0.0167247
14.8037 0.0165386
14.8062 0.0163563
14.8087 0.0161778
14.8112 0.0160029
14.8137 0.0158317
14.8162 0.015664
14.8187 0.0154998
14.8212 0.015339
14.8237 0.0151815
14.8262 0.0150274
14.8287 0.0148764
14.8312 0.0147286
14.8337 0.0145839
14.8362 0.0144422
14.8387 0.0143035
14.8412 0.0141678
14.8437 0.0140349
14.8462 0.0139049
14.8487 0.0137776
14.8512 0.013653
14.8537 0.0135311
14.8562 0.0134119
14.8587 0.0132952
14.8612 0.013181
14.8637 0.0130694
14.8662 0.0129601
14.8687 0.0128533
14.8712 0.0127489
14.8737 0.0126467
14.8762 0.0125469
14.8787 0.0124493
14.8812 0.0123539
14.8837 0.0122607
14.8862 0.0121696
14.8887 0.0120806
14.8912 0.0119937
14.8937 0.0119088
14.8962 0.0118259
14.8987 0.011745
14.9012 0.011666
14.9037 0.011589
14.9062 0.0115138
14.9087 0.0114405
14.9112 0.011369
14.9137 0.0112993
14.9162 0.0112314
14.9187 0.0111653
14.9212 0.0111009
14.9237 0.0110381
14.9262 0.0109771
14.9287 0.0109177
14.9312 0.0108599
14.9337 0.0108038
14.9362 0.0107493
14.9387 0.0106963
14.9412 0.0106449
14.9437 0.010595
14.9462 0.0105467
14.9487 0.0104998
14.9512 0.0104544
14.9537 0.0104105
14.9562 0.0103681
14.9587 0.0103271
14.9612 0.0102875
14.9637 0.0102493
14.9662 0.0102125
14.9687 0.0101771
14.9712 0.0101431
14.9737 0.0101104
14.9762 0.010079
14.9787 0.010049
14.9812 0.0100203
14.9837 0.00999294
14.9862 0.00996686
14.9887 0.00994207
14.9912 0.00991856
14.9937 0.00989633
14.9962 0.00987536
14.9987 0.00985565
15.0013 0.00983719
15.0038 0.00981998
15.0063 0.009804
15.0088 0.00978925
15.0113 0.00977572
15.0138 0.00976342
15.0163 0.00975233
15.0188 0.00974245
15.0213 0.00973378
15.0238 0.00972632
15.0263 0.00972005
15.0288 0.00971498
15.0313 0.00971111
15.0338 0.00970842
15.0363 0.00970693
15.0388 0.00970663
15.0413 0.00970752
15.0438 0.0097096
15.0463 0.00971287
15.0488 0.00971732
15.0513 0.00972297
15.0538 0.0097298
15.0563 0.00973783
15.0588 0.00974705
15.0613 0.00975747
15.0638 0.00976909
15.0663 0.00978191
15.0688 0.00979593
15.0713 0.00981117
15.0738 0.00982762
15.0763 0.00984529
15.0788 0.00986418
15.0813 0.00988429
15.0838 0.00990565
15.0863 0.00992824
15.0888 0.00995208
15.0913 0.00997718
15.0938 0.0100035
15.0963 0.0100312
15.0988 0.0100601
15.1013 0.0100903
15.1038 0.0101217
15.1063 0.0101545
15.1088 0.0101886
15.1113 0.0102241
15.1138 0.0102608
15.1163 0.0102989
15.1188 0.0103384
15.1213 0.0103792
15.1238 0.0104215
15.1263 0.0104651
15.1288 0.0105101
15.1313 0.0105566
15.1338 0.0106045
15.1363 0.0106538
15.1388 0.0107046
15.1413 0.0107569
15.1438 0.0108107
15.1463 0.010866
15.1488 0.0109229
15.1513 0.0109813
15.1538 0.0110412
15.1563 0.0111028
15.1588 0.011166
15.1613 0.0112308
15.1638 0.0112972
15.1663 0.0113653
15.1688 0.0114352
15.1713 0.0115067
15.1738 0.01158
15.1763 0.011655
15.1788 0.0117318
15.1813 0.0118104
15.1838 0.0118909
15.1863 0.0119732
15.1888 0.0120574
15.1913 0.0121435
15.1938 0.0122316
15.1963 0.0123216
15.1988 0.0124136
15.2014 0.0125077
15.2039 0.0126038
15.2064 0.012702
15.2089 0.0128024
15.2114 0.0129049
15.2139 0.0130095
15.2164 0.0131165
15.2189 0.0132256
15.2214 0.0133371
15.2239 0.0134509
15.2264 0.0135671
15.2289 0.0136857
15.2314 0.0138067
15.2339 0.0139302
15.2364 0.0140562
15.2389 0.0141849
15.2414 0.0143161
15.2439 0.01445
15.2464 0.0145866
15.2489 0.0147259
15.2514 0.014868
15.2539 0.015013
15.2564 0.0151609
15.2589 0.0153117
15.2614 0.0154655
15.2639 0.0156223
15.2664 0.0157823
15.2689 0.0159454
15.2714 0.0161116
15.2739 0.0162812
15.2764 0.0164541
15.2789 0.0166303
15.2814 0.01681
15.2839 0.0169932
15.2864 0.0171799
15.2889 0.0173703
15.2914 0.0175643
15.2939 0.0177621
15.2964 0.0179638
15.2989 0.0181693
15.3014 0.0183788
15.3039 0.0185923
15.3064 0.0188099
15.3089 0.0190317
15.3114 0.0192577
15.3139 0.0194881
15.3164 0.0197229
15.3189 0.0199622
15.3214 0.020206
15.3239 0.0204545
15.3264 0.0207078
15.3289 0.0209658
15.3314 0.0212288
15.3339 0.0214968
15.3364 0.0217699
15.3389 0.0220482
15.3414 0.0223317
15.3439 0.0226207
15.3464 0.0229151
15.3489 0.0232151
15.3514 0.0235208
15.3539 0.0238323
15.3564 0.0241496
15.3589 0.024473
15.3614 0.0248025
15.3639 0.0251382
15.3664 0.0254802
15.3689 0.0258287
15.3714 0.0261838
15.3739 0.0265455
15.3764 0.0269141
15.3789 0.0272896
15.3814 0.0276721
15.3839 0.0280619
15.3864 0.028459
15.3889 0.0288635
15.3914 0.0292756
15.3939 0.0296955
15.3964 0.0301232
15.3989 0.0305589
15.4015 0.0310028
15.404 0.031455
15.4065 0.0319156
15.409 0.0323849
15.4115 0.0328628
15.414 0.0333497
15.4165 0.0338457
15.419 0.0343509
15.4215 0.0348655
15.424 0.0353897
15.4265 0.0359236
15.429 0.0364674
15.4315 0.0370213
15.434 0.0375854
15.4365 0.03816
15.439 0.0387451
15.4415 0.0393411
15.444 0.0399481
15.4465 0.0405662
15.449 0.0411957
15.4515 0.0418367
15.454 0.0424895
15.4565 0.0431543
15.459 0.0438312
15.4615 0.0445205
15.464 0.0452224
15.4665 0.045937
15.469 0.0466647
15.4715 0.0474055
15.474 0.0481598
15.4765 0.0489277
15.479 0.0497095
15.4815 0.0505054
15.484 0.0513156
15.4865 0.0521404
15.489 0.05298
15.4915 0.0538345
15.494 0.0547043
15.4965 0.0555897
15.499 0.0564907
15.5015 0.0574078
15.504 0.058341
15.5065 0.0592907
15.509 0.0602572
15.5115 0.0612406
15.514 0.0622413
15.5165 0.0632594
15.519 0.0642953
15.5215 0.0653492
15.524 0.0664213
15.5265 0.067512
15.529 0.0686214
15.5315 0.0697499
15.534 0.0708977
15.5365 0.072065
15.539 0.0732522
15.5415 0.0744595
15.544 0.0756872
15.5465 0.0769356
15.549 0.0782048
15.5515 0.0794953
15.554 0.0808071
15.5565 0.0821407
15.559 0.0834963
15.5615 0.0848742
15.564 0.0862746
15.5665 0.0876977
15.569 0.089144
15.5715 0.0906135
15.574 0.0921066
15.5765 0.0936236
15.579 0.0951647
15.5815 0.0967301
15.584 0.0983202
15.5865 0.0999351
15.589 0.101575
15.5915 0.10324
15.594 0.104931
15.5965 0.106648
15.599 0.108391
15.6016 0.11016
15.6041 0.111956
15.6066 0.113779
15.6091 0.115628
15.6116 0.117505
15.6141 0.119408
15.6166 0.12134
15.6191 0.123299
15.6216 0.125287
15.6241 0.127302
15.6266 0.129346
15.6291 0.131418
15.6316 0.133518
15.6341 0.135648
15.6366 0.137806
15.6391 0.139993
15.6416 0.142209
15.6441 0.144455
15.6466 0.14673
15.6491 0.149034
15.6516 0.151367
15.6541 0.15373
15.6566 0.156123
15.6591 0.158545
15.6616 0.160997
15.6641 0.163478
15.6666 0.165988
15.6691 0.168529
15.6716 0.171098
15.6741 0.173697
15.6766 0.176325
15.6791 0.178983
15.6816 0.181669
15.6841 0.184385
15.6866 0.187129
15.6891 0.189901
15.6916 0.192703
15.6941 0.195532
15.6966 0.198389
15.6991 0.201273
15.7016 0.204186
15.7041 0.207125
15.7066 0.21009
15.7091 0.213082
15.7116 0.216101
15.7141 0.219144
15.7166 0.222213
15.7191 0.225306
15.7216 0.228423
15.7241 0.231565
15.7266 0.234729
15.7291 0.237915
15.7316 0.241124
15.7341 0.244354
15.7366 0.247604
15.7391 0.250874
15.7416 0.254164
15.7441 0.257472
15.7466 0.260797
15.7491 0.26414
15.7516 0.267498
15.7541 0.270871
15.7566 0.274259
15.7591 0.27766
15.7616 0.281073
15.7641 0.284498
15.7666 0.287932
15.7691 0.291376
15.7716 0.294828
15.7741 0.298287
15.7766 0.301751
15.7791 0.30522
15.7816 0.308692
15.7841 0.312166
15.7866 0.315641
15.7891 0.319115
15.7916 0.322587
15.7941 0.326055
15.7966 0.329519
15.7991 0.332976
15.8017 0.336426
15.8042 0.339866
15.8067 0.343295
15.8092 0.346711
15.8117 0.350114
15.8142 0.3535
15.8167 0.356869
15.8192 0.360219
15.8217 0.363547
15.8242 0.366853
15.8267 0.370135
15.8292 0.37339
15.8317 0.376617
15.8342 0.379814
15.8367 0.382979
15.8392 0.386111
15.8417 0.389207
15.8442 0.392265
15.8467 0.395284
15.8492 0.398261
15.8517 0.401195
15.8542 0.404084
15.8567 0.406925
15.8592 0.409717
15.8617 0.412458
15.8642 0.415145
15.8667 0.417777
15.8692 0.420352
15.8717 0.422867
15.8742 0.425321
15.8767 0.427712
15.8792 0.430037
15.8817 0.432295
15.8842 0.434484
15.8867 0.436602
15.8892 0.438647
15.8917 0.440617
15.8942 0.442511
15.8967 0.444325
15.8992 0.446059
15.9017 0.447711
15.9042 0.449279
15.9067 0.450761
15.9092 0.452155
15.9117 0.453461
15.9142 0.454675
15.9167 0.455797
15.9192 0.456825
15.9217 0.457758
15.9242 0.458594
15.9267 0.459332
15.9292 0.459971
15.9317 0.460508
15.9342 0.460944
15.9367 0.461276
15.9392 0.461505
15.9417 0.461628
15.9442 0.461645
15.9467 0.461554
15.9492 0.461356
15.9517 0.461049
15.9542 0.460633
15.9567 0.460108
15.9592 0.459471
15.9617 0.458724
15.9642 0.457866
15.9667 0.456897
15.9692 0.455816
15.9717 0.454624
15.9742 0.45332
15.9767 0.451904
15.9792 0.450378
15.9817 0.44874
15.9842 0.446992
15.9867 0.445133
15.9892 0.443165
15.9917 0.441088
15.9942 0.438903
15.9967 0.436611
15.9992 0.434212
16.0018 0.431708
16.0043 0.429099
16.0068 0.426388
16.0093 0.423575
16.0118 0.420662
16.0143 0.417649
16.0168 0.41454
16.0193 0.411335
16.0218 0.408036
16.0243 0.404645
16.0268 0.401164
16.0293 0.397595
16.0318 0.39394
16.0343 0.390201
16.0368 0.386381
16.0393 0.382481
16.0418 0.378505
16.0443 0.374454
16.0468 0.370331
16.0493 0.366139
16.0518 0.36188
16.0543 0.357557
16.0568 0.353173
16.0593 0.348731
16.0618 0.344233
16.0643 0.339682
16.0668 0.335082
16.0693 0.330434
16.0718 0.325743
16.0743 0.321011
16.0768 0.316242
16.0793 0.311438
16.0818 0.306602
16.0843 0.301738
16.0868 0.296849
16.0893 0.291937
16.0918 0.287006
16.0943 0.28206
16.0968 0.277101
16.0993 0.272132
16.1018 0.267156
16.1043 0.262177
16.1068 0.257197
16.1093 0.25222
16.1118 0.247249
16.1143 0.242286
16.1168 0.237334
16.1193 0.232397
16.1218 0.227477
16.1243 0.222577
16.1268 0.2177
16.1293 0.212848
16.1318 0.208025
16.1343 0.203232
16.1368 0.198472
16.1393 0.193747
16.1418 0.189061
16.1443 0.184415
16.1468 0.179812
16.1493 0.175253
16.1518 0.170741
16.1543 0.166277
16.1568 0.161865
16.1593 0.157505
16.1618 0.153199
16.1643 0.148949
16.1668 0.144757
16.1693 0.140624
16.1718 0.136551
16.1743 0.13254
16.1768 0.128592
16.1793 0.124708
16.1818 0.120889
16.1843 0.117137
16.1868 0.113452
16.1893 0.109834
16.1918 0.106285
16.1943 0.102805
16.1968 0.0993952
16.1993 0.0960553
16.2019 0.0927858
16.2044 0.0895871
16.2069 0.0864593
16.2094 0.0834026
16.2119 0.0804171
16.2144 0.0775026
16.2169 0.0746591
16.2194 0.0718863
16.2219 0.0691841
16.2244 0.0665521
16.2269 0.0639899
16.2294 0.061497
16.2319 0.059073
16.2344 0.0567171
16.2369 0.054429
16.2394 0.0522077
16.2419 0.0500526
16.2444 0.047963
16.2469 0.0459378
16.2494 0.0439764
16.2519 0.0420778
16.2544 0.0402409
16.2569 0.0384649
16.2594 0.0367486
16.2619 0.0350911
16.2644 0.0334912
16.2669 0.0319479
16.2694 0.0304599
16.2719 0.0290262
16.2744 0.0276456
16.2769 0.0263168
16.2794 0.0250387
16.2819 0.0238101
16.2844 0.0226298
16.2869 0.0214965
16.2894 0.020409
16.2919 0.0193661
16.2944 0.0183665
16.2969 0.0174091
16.2994 0.0164925
16.3019 0.0156156
16.3044 0.0147772
16.3069 0.013976
16.3094 0.0132109
16.3119 0.0124807
16.3144 0.0117843
16.3169 0.0111204
16.3194 0.010488
16.3219 0.00988586
16.3244 0.00931299
16.3269 0.00876826
16.3294 0.00825063
16.3319 0.00775905
16.3344 0.0072925
16.3369 0.00684999
16.3394 0.00643054
16.3419 0.00603321
16.3444 0.00565707
16.3469 0.00530122
16.3494 0.00496477
16.3519 0.00464687
16.3544 0.00434671
16.3569 0.00406346
16.3594 0.00379635
16.3619 0.00354463
16.3644 0.00330756
16.3669 0.00308444
16.3694 0.00287459
16.3719 0.00267734
16.3744 0.00249206
16.3769 0.00231815
16.3794 0.00215501
16.3819 0.00200208
16.3844 0.00185882
16.3869 0.00172471
16.3894 0.00159924
16.3919 0.00148194
16.3944 0.00137236
16.3969 0.00127005
16.3994 0.0011746
16.402 0.00108561
16.4045 0.0010027
16.407 0.000925514
16.4095 0.000853697
16.412 0.000786928
16.4145 0.000724894
16.417 0.0006673
16.4195 0.000613868
16.422 0.00056433
16.4245 0.000518436
16.427 0.000475948
16.4295 0.000436642
16.432 0.000400305
16.4345 0.000366738
16.437 0.000335751
16.4395 0.000307168
16.442 0.000280821
16.4445 0.000256553
16.447 0.000234217
16.4495 0.000213673
16.452 0.000194792
16.4545 0.000177452
16.457 0.000161539
16.4595 0.000146948
16.462 0.000133577
16.4645 0.000121335
16.467 0.000110134
16.4695 9.98936e-05
16.472 9.05387e-05
16.4745 8.19992e-05
16.477 7.42101e-05
16.4795 6.71107e-05
16.482 6.06451e-05
16.4845 5.47613e-05
16.487 4.9411e-05
16.4895 4.45497e-05
16.492 4.01361e-05
16.4945 3.61322e-05
16.497 3.25028e-05
16.4995 2.92155e-05
