33.5 1.92371
33.5015 1.86187
33.503 1.80032
33.5045 1.73906
33.506 1.67807
33.5075 1.61737
33.509 1.55695
33.5105 1.49682
33.512 1.43696
33.5135 1.37738
33.515 1.31808
33.5165 1.25906
33.518 1.20032
33.5195 1.14186
33.521 1.08367
33.5225 1.02576
33.524 0.968118
33.5255 0.910755
33.527 0.853667
33.5285 0.796851
33.53 0.740308
33.5315 0.684038
33.533 0.628038
33.5345 0.57231
33.536 0.516851
33.5375 0.461662
33.539 0.406742
33.5405 0.35209
33.542 0.297705
33.5435 0.243587
33.545 0.189736
33.5465 0.13615
33.548 0.0828286
33.5495 0.0297718
33.551 -0.0230214
33.5525 -0.0755515
33.554 -0.127819
33.5555 -0.179825
33.557 -0.23157
33.5585 -0.283054
33.56 -0.334279
33.5615 -0.385244
33.563 -0.435951
33.5645 -0.4864
33.566 -0.536591
33.5675 -0.586526
33.569 -0.636205
33.5705 -0.685628
33.572 -0.734797
33.5735 -0.783711
33.575 -0.832372
33.5765 -0.88078
33.578 -0.928936
33.5795 -0.97684
33.581 -1.02449
33.5825 -1.0719
33.584 -1.11905
33.5855 -1.16595
33.587 -1.21261
33.5885 -1.25901
33.59 -1.30517
33.5915 -1.35109
33.593 -1.39675
33.5945 -1.44218
33.596 -1.48735
33.5975 -1.53229
33.599 -1.57698
33.6006 -1.62142
33.6021 -1.66563
33.6036 -1.70959
33.6051 -1.75331
33.6066 -1.79679
33.6081 -1.84003
33.6096 -1.88303
33.6111 -1.92579
33.6126 -1.96832
33.6141 -2.01061
33.6156 -2.05266
33.6171 -2.09447
33.6186 -2.13605
33.6201 -2.17739
33.6216 -2.2185
33.6231 -2.25938
33.6246 -2.30002
33.6261 -2.34043
33.6276 -2.38061
33.6291 -2.42055
33.6306 -2.46027
33.6321 -2.49976
33.6336 -2.53901
33.6351 -2.57804
33.6366 -2.61684
33.6381 -2.65541
33.6396 -2.69375
33.6411 -2.73187
33.6426 -2.76976
33.6441 -2.80743
33.6456 -2.84487
33.6471 -2.88208
33.6486 -2.91908
33.6501 -2.95585
33.6516 -2.99239
33.6531 -3.02872
33.6546 -3.06483
33.6561 -3.10071
33.6576 -3.13637
33.6591 -3.17182
33.6606 -3.20705
33.6621 -3.24205
33.6636 -3.27684
33.6651 -3.31142
33.6666 -3.34577
33.6681 -3.37991
33.6696 -3.41384
33.6711 -3.44755
33.6726 -3.48105
33.6741 -3.51433
33.6756 -3.5474
33.6771 -3.58026
33.6786 -3.6129
33.6801 -3.64534
33.6816 -3.67756
33.6831 -3.70958
33.6846 -3.74138
33.6861 -3.77298
33.6876 -3.80436
33.6891 -3.83554
33.6906 -3.86652
33.6921 -3.89728
33.6936 -3.92784
33.6951 -3.9582
33.6966 -3.98835
33.6981 -4.01829
33.6996 -4.04803
33.7011 -4.07757
33.7026 -4.10691
33.7041 -4.13604
33.7056 -4.16497
33.7071 -4.1937
33.7086 -4.22224
33.7101 -4.25057
33.7116 -4.2787
33.7131 -4.30663
33.7146 -4.33437
33.7161 -4.36191
33.7176 -4.38925
33.7191 -4.41639
33.7206 -4.44334
33.7221 -4.4701
33.7236 -4.49666
33.7251 -4.52302
33.7266 -4.54919
33.7281 -4.57517
33.7296 -4.60096
33.7311 -4.62656
33.7326 -4.65196
33.7341 -4.67717
33.7356 -4.70219
33.7371 -4.72703
33.7386 -4.75167
33.7401 -4.77613
33.7416 -4.80039
33.7431 -4.82447
33.7446 -4.84837
33.7461 -4.87208
33.7476 -4.8956
33.7491 -4.91893
33.7506 -4.94208
33.7521 -4.96505
33.7536 -4.98784
33.7551 -5.01044
33.7566 -5.03286
33.7581 -5.05509
33.7596 -5.07715
33.7611 -5.09902
33.7626 -5.12072
33.7641 -5.14223
33.7656 -5.16357
33.7671 -5.18472
33.7686 -5.2057
33.7701 -5.2265
33.7716 -5.24713
33.7731 -5.26758
33.7746 -5.28785
33.7761 -5.30795
33.7776 -5.32787
33.7791 -5.34761
33.7806 -5.36719
33.7821 -5.38659
33.7836 -5.40582
33.7851 -5.42487
33.7866 -5.44376
33.7881 -5.46247
33.7896 -5.48101
33.7911 -5.49939
33.7926 -5.51759
33.7941 -5.53562
33.7956 -5.55349
33.7971 -5.57119
33.7986 -5.58872
33.8002 -5.60608
33.8017 -5.62328
33.8032 -5.64031
33.8047 -5.65718
33.8062 -5.67388
33.8077 -5.69042
33.8092 -5.70679
33.8107 -5.723
33.8122 -5.73905
33.8137 -5.75494
33.8152 -5.77066
33.8167 -5.78622
33.8182 -5.80163
33.8197 -5.81687
33.8212 -5.83195
33.8227 -5.84688
33.8242 -5.86164
33.8257 -5.87625
33.8272 -5.8907
33.8287 -5.905
33.8302 -5.91913
33.8317 -5.93312
33.8332 -5.94694
33.8347 -5.96061
33.8362 -5.97413
33.8377 -5.98749
33.8392 -6.0007
33.8407 -6.01376
33.8422 -6.02667
33.8437 -6.03942
33.8452 -6.05202
33.8467 -6.06447
33.8482 -6.07677
33.8497 -6.08892
33.8512 -6.10093
33.8527 -6.11278
33.8542 -6.12449
33.8557 -6.13604
33.8572 -6.14745
33.8587 -6.15872
33.8602 -6.16983
33.8617 -6.18081
33.8632 -6.19163
33.8647 -6.20231
33.8662 -6.21285
33.8677 -6.22324
33.8692 -6.2335
33.8707 -6.2436
33.8722 -6.25357
33.8737 -6.26339
33.8752 -6.27308
33.8767 -6.28262
33.8782 -6.29202
33.8797 -6.30128
33.8812 -6.3104
33.8827 -6.31939
33.8842 -6.32823
33.8857 -6.33694
33.8872 -6.34551
33.8887 -6.35395
33.8902 -6.36224
33.8917 -6.37041
33.8932 -6.37843
33.8947 -6.38633
33.8962 -6.39408
33.8977 -6.40171
33.8992 -6.4092
33.9007 -6.41655
33.9022 -6.42378
33.9037 -6.43087
33.9052 -6.43783
33.9067 -6.44466
33.9082 -6.45136
33.9097 -6.45793
33.9112 -6.46438
33.9127 -6.47069
33.9142 -6.47687
33.9157 -6.48292
33.9172 -6.48885
33.9187 -6.49465
33.9202 -6.50033
33.9217 -6.50587
33.9232 -6.5113
33.9247 -6.51659
33.9262 -6.52176
33.9277 -6.52681
33.9292 -6.53174
33.9307 -6.53654
33.9322 -6.54121
33.9337 -6.54577
33.9352 -6.5502
33.9367 -6.55451
33.9382 -6.5587
33.9397 -6.56278
33.9412 -6.56673
33.9427 -6.57056
33.9442 -6.57427
33.9457 -6.57786
33.9472 -6.58134
33.9487 -6.58469
33.9502 -6.58793
33.9517 -6.59106
33.9532 -6.59406
33.9547 -6.59695
33.9562 -6.59973
33.9577 -6.60239
33.9592 -6.60493
33.9607 -6.60737
33.9622 -6.60968
33.9637 -6.61189
33.9652 -6.61398
33.9667 -6.61596
33.9682 -6.61783
33.9697 -6.61959
33.9712 -6.62123
33.9727 -6.62277
33.9742 -6.6242
33.9757 -6.62551
33.9772 -6.62672
33.9787 -6.62782
33.9802 -6.62881
33.9817 -6.62969
33.9832 -6.63047
33.9847 -6.63114
33.9862 -6.6317
33.9877 -6.63216
33.9892 -6.63251
33.9907 -6.63276
33.9922 -6.6329
33.9937 -6.63294
33.9952 -6.63287
33.9967 -6.6327
33.9982 -6.63243
33.9997 -6.63205
34.0013 -6.63158
34.0028 -6.631
34.0043 -6.63032
34.0058 -6.62954
34.0073 -6.62866
34.0088 -6.62768
34.0103 -6.6266
34.0118 -6.62543
34.0133 -6.62415
34.0148 -6.62278
34.0163 -6.62131
34.0178 -6.61974
34.0193 -6.61807
34.0208 -6.61631
34.0223 -6.61445
34.0238 -6.6125
34.0253 -6.61045
34.0268 -6.60831
34.0283 -6.60607
34.0298 -6.60374
34.0313 -6.60132
34.0328 -6.59881
34.0343 -6.5962
34.0358 -6.5935
34.0373 -6.5907
34.0388 -6.58782
34.0403 -6.58485
34.0418 -6.58178
34.0433 -6.57863
34.0448 -6.57539
34.0463 -6.57205
34.0478 -6.56863
34.0493 -6.56512
34.0508 -6.56153
34.0523 -6.55784
34.0538 -6.55407
34.0553 -6.55022
34.0568 -6.54627
34.0583 -6.54224
34.0598 -6.53813
34.0613 -6.53393
34.0628 -6.52965
34.0643 -6.52528
34.0658 -6.52083
34.0673 -6.51629
34.0688 -6.51167
34.0703 -6.50697
34.0718 -6.50219
34.0733 -6.49733
34.0748 -6.49239
34.0763 -6.48736
34.0778 -6.48225
34.0793 -6.47707
34.0808 -6.4718
34.0823 -6.46646
34.0838 -6.46104
34.0853 -6.45554
34.0868 -6.44996
34.0883 -6.4443
34.0898 -6.43857
34.0913 -6.43276
34.0928 -6.42687
34.0943 -6.42091
34.0958 -6.41487
34.0973 -6.40876
34.0988 -6.40257
34.1003 -6.39631
34.1018 -6.38997
34.1033 -6.38356
34.1048 -6.37708
34.1063 -6.37053
34.1078 -6.3639
34.1093 -6.3572
34.1108 -6.35043
34.1123 -6.34358
34.1138 -6.33667
34.1153 -6.32969
34.1168 -6.32264
34.1183 -6.31551
34.1198 -6.30832
34.1213 -6.30106
34.1228 -6.29373
34.1243 -6.28633
34.1258 -6.27887
34.1273 -6.27133
34.1288 -6.26374
34.1303 -6.25607
34.1318 -6.24834
34.1333 -6.24054
34.1348 -6.23268
34.1363 -6.22475
34.1378 -6.21676
34.1393 -6.2087
34.1408 -6.20058
34.1423 -6.1924
34.1438 -6.18415
34.1453 -6.17584
34.1468 -6.16747
34.1483 -6.15903
34.1498 -6.15054
34.1513 -6.14198
34.1528 -6.13336
34.1543 -6.12468
34.1558 -6.11594
34.1573 -6.10715
34.1588 -6.09829
34.1603 -6.08937
34.1618 -6.0804
34.1633 -6.07136
34.1648 -6.06227
34.1663 -6.05312
34.1678 -6.04392
34.1693 -6.03466
34.1708 -6.02534
34.1723 -6.01596
34.1738 -6.00653
34.1753 -5.99705
34.1768 -5.98751
34.1783 -5.97791
34.1798 -5.96826
34.1813 -5.95856
34.1828 -5.9488
34.1843 -5.93899
34.1858 -5.92913
34.1873 -5.91921
34.1888 -5.90924
34.1903 -5.89923
34.1918 -5.88915
34.1933 -5.87903
34.1948 -5.86886
34.1963 -5.85864
34.1978 -5.84837
34.1993 -5.83804
34.2009 -5.82767
34.2024 -5.81725
34.2039 -5.80679
34.2054 -5.79627
34.2069 -5.7857
34.2084 -5.77509
34.2099 -5.76443
34.2114 -5.75373
34.2129 -5.74298
34.2144 -5.73218
34.2159 -5.72133
34.2174 -5.71044
34.2189 -5.69951
34.2204 -5.68853
34.2219 -5.67751
34.2234 -5.66644
34.2249 -5.65533
34.2264 -5.64417
34.2279 -5.63298
34.2294 -5.62174
34.2309 -5.61045
34.2324 -5.59913
34.2339 -5.58776
34.2354 -5.57636
34.2369 -5.56491
34.2384 -5.55342
34.2399 -5.54189
34.2414 -5.53032
34.2429 -5.51871
34.2444 -5.50706
34.2459 -5.49538
34.2474 -5.48365
34.2489 -5.47189
34.2504 -5.46008
34.2519 -5.44825
34.2534 -5.43637
34.2549 -5.42445
34.2564 -5.4125
34.2579 -5.40052
34.2594 -5.3885
34.2609 -5.37644
34.2624 -5.36434
34.2639 -5.35221
34.2654 -5.34005
34.2669 -5.32785
34.2684 -5.31562
34.2699 -5.30336
34.2714 -5.29106
34.2729 -5.27873
34.2744 -5.26636
34.2759 -5.25396
34.2774 -5.24153
34.2789 -5.22907
34.2804 -5.21658
34.2819 -5.20406
34.2834 -5.1915
34.2849 -5.17892
34.2864 -5.1663
34.2879 -5.15366
34.2894 -5.14098
34.2909 -5.12828
34.2924 -5.11555
34.2939 -5.10278
34.2954 -5.08999
34.2969 -5.07718
34.2984 -5.06433
34.2999 -5.05146
34.3014 -5.03856
34.3029 -5.02563
34.3044 -5.01268
34.3059 -4.9997
34.3074 -4.98669
34.3089 -4.97366
34.3104 -4.9606
34.3119 -4.94752
34.3134 -4.93442
34.3149 -4.92129
34.3164 -4.90813
34.3179 -4.89495
34.3194 -4.88175
34.3209 -4.86853
34.3224 -4.85528
34.3239 -4.84201
34.3254 -4.82872
34.3269 -4.8154
34.3284 -4.80207
34.3299 -4.78871
34.3314 -4.77533
34.3329 -4.76193
34.3344 -4.74851
34.3359 -4.73507
34.3374 -4.72161
34.3389 -4.70813
34.3404 -4.69463
34.3419 -4.68112
34.3434 -4.66758
34.3449 -4.65402
34.3464 -4.64045
34.3479 -4.62686
34.3494 -4.61325
34.3509 -4.59963
34.3524 -4.58598
34.3539 -4.57232
34.3554 -4.55865
34.3569 -4.54495
34.3584 -4.53125
34.3599 -4.51752
34.3614 -4.50378
34.3629 -4.49003
34.3644 -4.47626
34.3659 -4.46248
34.3674 -4.44868
34.3689 -4.43487
34.3704 -4.42104
34.3719 -4.40721
34.3734 -4.39335
34.3749 -4.37949
34.3764 -4.36561
34.3779 -4.35173
34.3794 -4.33782
34.3809 -4.32391
34.3824 -4.30999
34.3839 -4.29605
34.3854 -4.28211
34.3869 -4.26815
34.3884 -4.25418
34.3899 -4.24021
34.3914 -4.22622
34.3929 -4.21222
34.3944 -4.19822
34.3959 -4.1842
34.3974 -4.17018
34.3989 -4.15615
34.4005 -4.14211
34.402 -4.12806
34.4035 -4.114
34.405 -4.09994
34.4065 -4.08587
34.408 -4.07179
34.4095 -4.05771
34.411 -4.04362
34.4125 -4.02952
34.414 -4.01542
34.4155 -4.00131
34.417 -3.9872
34.4185 -3.97308
34.42 -3.95896
34.4215 -3.94483
34.423 -3.9307
34.4245 -3.91656
34.426 -3.90242
34.4275 -3.88828
34.429 -3.87413
34.4305 -3.85998
34.432 -3.84583
34.4335 -3.83167
34.435 -3.81752
34.4365 -3.80336
34.438 -3.7892
34.4395 -3.77503
34.441 -3.76087
34.4425 -3.7467
34.444 -3.73254
34.4455 -3.71837
34.447 -3.7042
34.4485 -3.69004
34.45 -3.67587
34.4515 -3.6617
34.453 -3.64754
34.4545 -3.63337
34.456 -3.61921
34.4575 -3.60505
34.459 -3.59089
34.4605 -3.57673
34.462 -3.56257
34.4635 -3.54842
34.465 -3.53426
34.4665 -3.52012
34.468 -3.50597
34.4695 -3.49183
34.471 -3.47769
34.4725 -3.46355
34.474 -3.44942
34.4755 -3.43529
34.477 -3.42117
34.4785 -3.40705
34.48 -3.39294
34.4815 -3.37883
34.483 -3.36473
34.4845 -3.35063
34.486 -3.33654
34.4875 -3.32245
34.489 -3.30837
34.4905 -3.2943
34.492 -3.28023
34.4935 -3.26617
34.495 -3.25212
34.4965 -3.23807
34.498 -3.22404
34.4995 -3.21001
34.501 -3.19599
34.5025 -3.18197
34.504 -3.16797
34.5055 -3.15397
34.507 -3.13998
34.5085 -3.12601
34.51 -3.11204
34.5115 -3.09808
34.513 -3.08413
34.5145 -3.07019
34.516 -3.05626
34.5175 -3.04234
34.519 -3.02843
34.5205 -3.01454
34.522 -3.00065
34.5235 -2.98677
34.525 -2.97291
34.5265 -2.95906
34.528 -2.94522
34.5295 -2.93139
34.531 -2.91758
34.5325 -2.90377
34.534 -2.88998
34.5355 -2.8762
34.537 -2.86244
34.5385 -2.84869
34.54 -2.83495
34.5415 -2.82123
34.543 -2.80752
34.5445 -2.79382
34.546 -2.78014
34.5475 -2.76647
34.549 -2.75282
34.5505 -2.73918
34.552 -2.72556
34.5535 -2.71196
34.555 -2.69836
34.5565 -2.68479
34.558 -2.67123
34.5595 -2.65769
34.561 -2.64416
34.5625 -2.63065
34.564 -2.61715
34.5655 -2.60368
34.567 -2.59022
34.5685 -2.57678
34.57 -2.56335
34.5715 -2.54994
34.573 -2.53655
34.5745 -2.52318
34.576 -2.50983
34.5775 -2.49649
34.579 -2.48318
34.5805 -2.46988
34.582 -2.4566
34.5835 -2.44334
34.585 -2.4301
34.5865 -2.41688
34.588 -2.40368
34.5895 -2.3905
34.591 -2.37734
34.5925 -2.36419
34.594 -2.35107
34.5955 -2.33797
34.597 -2.32489
34.5985 -2.31184
34.6001 -2.2988
34.6016 -2.28578
34.6031 -2.27279
34.6046 -2.25982
34.6061 -2.24687
34.6076 -2.23394
34.6091 -2.22103
34.6106 -2.20815
34.6121 -2.19528
34.6136 -2.18244
34.6151 -2.16963
34.6166 -2.15684
34.6181 -2.14407
34.6196 -2.13132
34.6211 -2.1186
34.6226 -2.1059
34.6241 -2.09322
34.6256 -2.08057
34.6271 -2.06794
34.6286 -2.05534
34.6301 -2.04276
34.6316 -2.03021
34.6331 -2.01768
34.6346 -2.00517
34.6361 -1.99269
34.6376 -1.98024
34.6391 -1.96781
34.6406 -1.95541
34.6421 -1.94303
34.6436 -1.93068
34.6451 -1.91836
34.6466 -1.90606
34.6481 -1.89379
34.6496 -1.88155
34.6511 -1.86933
34.6526 -1.85714
34.6541 -1.84497
34.6556 -1.83283
34.6571 -1.82072
34.6586 -1.80864
34.6601 -1.79659
34.6616 -1.78456
34.6631 -1.77256
34.6646 -1.76059
34.6661 -1.74865
34.6676 -1.73673
34.6691 -1.72485
34.6706 -1.71299
34.6721 -1.70116
34.6736 -1.68937
34.6751 -1.6776
34.6766 -1.66586
34.6781 -1.65414
34.6796 -1.64246
34.6811 -1.63081
34.6826 -1.61919
34.6841 -1.6076
34.6856 -1.59603
34.6871 -1.5845
34.6886 -1.573
34.6901 -1.56153
34.6916 -1.55009
34.6931 -1.53868
34.6946 -1.5273
34.6961 -1.51596
34.6976 -1.50464
34.6991 -1.49335
34.7006 -1.4821
34.7021 -1.47088
34.7036 -1.45969
34.7051 -1.44853
34.7066 -1.43741
34.7081 -1.42631
34.7096 -1.41525
34.7111 -1.40422
34.7126 -1.39322
34.7141 -1.38226
34.7156 -1.37133
34.7171 -1.36043
34.7186 -1.34957
34.7201 -1.33873
34.7216 -1.32793
34.7231 -1.31717
34.7246 -1.30644
34.7261 -1.29574
34.7276 -1.28507
34.7291 -1.27444
34.7306 -1.26385
34.7321 -1.25328
34.7336 -1.24275
34.7351 -1.23226
34.7366 -1.2218
34.7381 -1.21138
34.7396 -1.20098
34.7411 -1.19063
34.7426 -1.18031
34.7441 -1.17002
34.7456 -1.15977
34.7471 -1.14956
34.7486 -1.13938
34.7501 -1.12923
34.7516 -1.11912
34.7531 -1.10905
34.7546 -1.09901
34.7561 -1.08901
34.7576 -1.07905
34.7591 -1.06912
34.7606 -1.05923
34.7621 -1.04937
34.7636 -1.03955
34.7651 -1.02977
34.7666 -1.02002
34.7681 -1.01031
34.7696 -1.00063
34.7711 -0.990999
34.7726 -0.981399
34.7741 -0.971837
34.7756 -0.962313
34.7771 -0.952825
34.7786 -0.943375
34.7801 -0.933963
34.7816 -0.924588
34.7831 -0.915251
34.7846 -0.905952
34.7861 -0.896691
34.7876 -0.887468
34.7891 -0.878283
34.7906 -0.869136
34.7921 -0.860028
34.7936 -0.850958
34.7951 -0.841927
34.7966 -0.832934
34.7981 -0.823979
34.7996 -0.815064
34.8012 -0.806188
34.8027 -0.79735
34.8042 -0.788551
34.8057 -0.779792
34.8072 -0.771072
34.8087 -0.762391
34.8102 -0.753749
34.8117 -0.745147
34.8132 -0.736585
34.8147 -0.728062
34.8162 -0.719579
34.8177 -0.711135
34.8192 -0.702732
34.8207 -0.694368
34.8222 -0.686045
34.8237 -0.677761
34.8252 -0.669518
34.8267 -0.661315
34.8282 -0.653153
34.8297 -0.645031
34.8312 -0.636949
34.8327 -0.628908
34.8342 -0.620907
34.8357 -0.612948
34.8372 -0.605029
34.8387 -0.597151
34.8402 -0.589313
34.8417 -0.581517
34.8432 -0.573762
34.8447 -0.566048
34.8462 -0.558376
34.8477 -0.550744
34.8492 -0.543154
34.8507 -0.535605
34.8522 -0.528098
34.8537 -0.520633
34.8552 -0.513208
34.8567 -0.505826
34.8582 -0.498486
34.8597 -0.491187
34.8612 -0.48393
34.8627 -0.476715
34.8642 -0.469542
34.8657 -0.462411
34.8672 -0.455322
34.8687 -0.448275
34.8702 -0.441271
34.8717 -0.434308
34.8732 -0.427388
34.8747 -0.420511
34.8762 -0.413676
34.8777 -0.406883
34.8792 -0.400133
34.8807 -0.393426
34.8822 -0.386761
34.8837 -0.380139
34.8852 -0.37356
34.8867 -0.367023
34.8882 -0.36053
34.8897 -0.354079
34.8912 -0.347672
34.8927 -0.341307
34.8942 -0.334985
34.8957 -0.328707
34.8972 -0.322471
34.8987 -0.316279
34.9002 -0.31013
34.9017 -0.304025
34.9032 -0.297963
34.9047 -0.291944
34.9062 -0.285968
34.9077 -0.280036
34.9092 -0.274148
34.9107 -0.268303
34.9122 -0.262501
34.9137 -0.256743
34.9152 -0.251029
34.9167 -0.245359
34.9182 -0.239732
34.9197 -0.234149
34.9212 -0.22861
34.9227 -0.223115
34.9242 -0.217663
34.9257 -0.212256
34.9272 -0.206892
34.9287 -0.201573
34.9302 -0.196297
34.9317 -0.191066
34.9332 -0.185878
34.9347 -0.180735
34.9362 -0.175636
34.9377 -0.17058
34.9392 -0.16557
34.9407 -0.160603
34.9422 -0.15568
34.9437 -0.150802
34.9452 -0.145968
34.9467 -0.141179
34.9482 -0.136433
34.9497 -0.131732
34.9512 -0.127076
34.9527 -0.122464
34.9542 -0.117896
34.9557 -0.113373
34.9572 -0.108894
34.9587 -0.104459
34.9602 -0.100069
34.9617 -0.0957241
34.9632 -0.0914233
34.9647 -0.0871671
34.9662 -0.0829554
34.9677 -0.0787883
34.9692 -0.0746658
34.9707 -0.0705879
34.9722 -0.0665546
34.9737 -0.062566
34.9752 -0.058622
34.9767 -0.0547227
34.9782 -0.050868
34.9797 -0.047058
34.9812 -0.0432927
34.9827 -0.0395722
34.9842 -0.0358963
34.9857 -0.0322651
34.9872 -0.0286786
34.9887 -0.0251369
34.9902 -0.0216399
34.9917 -0.0181877
34.9932 -0.0147801
34.9947 -0.0114174
34.9962 -0.00809932
34.9977 -0.00482603
34.9992 -0.00159749
35.0008 0.0015863
35.0023 0.00472534
35.0038 0.00781963
35.0053 0.0108692
35.0068 0.013874
35.0083 0.016834
35.0098 0.0197494
35.0113 0.0226199
35.0128 0.0254458
35.0143 0.0282269
35.0158 0.0309633
35.0173 0.033655
35.0188 0.036302
35.0203 0.0389043
35.0218 0.0414619
35.0233 0.0439748
35.0248 0.0464431
35.0263 0.0488667
35.0278 0.0512456
35.0293 0.0535799
35.0308 0.0558696
35.0323 0.0581147
35.0338 0.0603151
35.0353 0.062471
35.0368 0.0645824
35.0383 0.0666491
35.0398 0.0686714
35.0413 0.0706491
35.0428 0.0725823
35.0443 0.0744711
35.0458 0.0763154
35.0473 0.0781152
35.0488 0.0798706
35.0503 0.0815816
35.0518 0.0832483
35.0533 0.0848705
35.0548 0.0864485
35.0563 0.0879821
35.0578 0.0894715
35.0593 0.0909166
35.0608 0.0923174
35.0623 0.0936741
35.0638 0.0949866
35.0653 0.0962549
35.0668 0.0974791
35.0683 0.0986592
35.0698 0.0997952
35.0713 0.100887
35.0728 0.101935
35.0743 0.102939
35.0758 0.103899
35.0773 0.104815
35.0788 0.105688
35.0803 0.106516
35.0818 0.107301
35.0833 0.108042
35.0848 0.108739
35.0863 0.109392
35.0878 0.110002
35.0893 0.110568
35.0908 0.111091
35.0923 0.11157
35.0938 0.112006
35.0953 0.112398
35.0968 0.112746
35.0983 0.113052
35.0998 0.113314
35.1013 0.113532
35.1028 0.113708
35.1043 0.11384
35.1058 0.113929
35.1073 0.113975
35.1088 0.113978
35.1103 0.113938
35.1118 0.113855
35.1133 0.113729
35.1148 0.11356
35.1163 0.113348
35.1178 0.113094
35.1193 0.112797
35.1208 0.112457
35.1223 0.112074
35.1238 0.11165
35.1253 0.111182
35.1268 0.110672
35.1283 0.11012
35.1298 0.109525
35.1313 0.108888
35.1328 0.108209
35.1343 0.107488
35.1358 0.106724
35.1373 0.105919
35.1388 0.105071
35.1403 0.104182
35.1418 0.103251
35.1433 0.102278
35.1448 0.101263
35.1463 0.100207
35.1478 0.0991084
35.1493 0.0979688
35.1508 0.0967877
35.1523 0.0955652
35.1538 0.0943014
35.1553 0.0929962
35.1568 0.0916499
35.1583 0.0902624
35.1598 0.0888338
35.1613 0.0873643
35.1628 0.0858538
35.1643 0.0843024
35.1658 0.0827102
35.1673 0.0810774
35.1688 0.0794038
35.1703 0.0776898
35.1718 0.0759352
35.1733 0.0741402
35.1748 0.0723048
35.1763 0.0704292
35.1778 0.0685134
35.1793 0.0665575
35.1808 0.0645615
35.1823 0.0625256
35.1838 0.0604498
35.1853 0.0583342
35.1868 0.0561789
35.1883 0.053984
35.1898 0.0517495
35.1913 0.0494755
35.1928 0.0471622
35.1943 0.0448096
35.1958 0.0424178
35.1973 0.0399868
35.1988 0.0375168
35.2004 0.0350078
35.2019 0.03246
35.2034 0.0298734
35.2049 0.0272481
35.2064 0.0245842
35.2079 0.0218818
35.2094 0.019141
35.2109 0.0163619
35.2124 0.0135445
35.2139 0.010689
35.2154 0.00779548
35.2169 0.00486398
35.2184 0.00189462
35.2199 -0.00111249
35.2214 -0.00415727
35.2229 -0.00723961
35.2244 -0.0103594
35.2259 -0.0135166
35.2274 -0.0167111
35.2289 -0.0199427
35.2304 -0.0232114
35.2319 -0.0265171
35.2334 -0.0298596
35.2349 -0.0332389
35.2364 -0.0366549
35.2379 -0.0401074
35.2394 -0.0435964
35.2409 -0.0471217
35.2424 -0.0506833
35.2439 -0.054281
35.2454 -0.0579147
35.2469 -0.0615844
35.2484 -0.0652899
35.2499 -0.069031
35.2514 -0.0728078
35.2529 -0.0766201
35.2544 -0.0804677
35.2559 -0.0843506
35.2574 -0.0882687
35.2589 -0.0922218
35.2604 -0.0962098
35.2619 -0.100233
35.2634 -0.10429
35.2649 -0.108382
35.2664 -0.112509
35.2679 -0.11667
35.2694 -0.120865
35.2709 -0.125094
35.2724 -0.129357
35.2739 -0.133655
35.2754 -0.137985
35.2769 -0.14235
35.2784 -0.146748
35.2799 -0.151179
35.2814 -0.155644
35.2829 -0.160142
35.2844 -0.164673
35.2859 -0.169237
35.2874 -0.173833
35.2889 -0.178462
35.2904 -0.183124
35.2919 -0.187818
35.2934 -0.192544
35.2949 -0.197303
35.2964 -0.202093
35.2979 -0.206915
35.2994 -0.211769
35.3009 -0.216655
35.3024 -0.221572
35.3039 -0.226521
35.3054 -0.2315
35.3069 -0.236511
35.3084 -0.241553
35.3099 -0.246625
35.3114 -0.251728
35.3129 -0.256862
35.3144 -0.262026
35.3159 -0.267221
35.3174 -0.272445
35.3189 -0.2777
35.3204 -0.282984
35.3219 -0.288298
35.3234 -0.293642
35.3249 -0.299015
35.3264 -0.304417
35.3279 -0.309848
35.3294 -0.315309
35.3309 -0.320798
35.3324 -0.326316
35.3339 -0.331862
35.3354 -0.337437
35.3369 -0.34304
35.3384 -0.348671
35.3399 -0.354331
35.3414 -0.360018
35.3429 -0.365732
35.3444 -0.371475
35.3459 -0.377244
35.3474 -0.383041
35.3489 -0.388865
35.3504 -0.394715
35.3519 -0.400593
35.3534 -0.406497
35.3549 -0.412427
35.3564 -0.418384
35.3579 -0.424367
35.3594 -0.430376
35.3609 -0.436411
35.3624 -0.442471
35.3639 -0.448557
35.3654 -0.454668
35.3669 -0.460804
35.3684 -0.466966
35.3699 -0.473152
35.3714 -0.479363
35.3729 -0.485598
35.3744 -0.491858
35.3759 -0.498142
35.3774 -0.50445
35.3789 -0.510782
35.3804 -0.517137
35.3819 -0.523516
35.3834 -0.529919
35.3849 -0.536344
35.3864 -0.542793
35.3879 -0.549265
35.3894 -0.555759
35.3909 -0.562276
35.3924 -0.568815
35.3939 -0.575376
35.3954 -0.581959
35.3969 -0.588564
35.3984 -0.595191
35.3999 -0.601839
35.4015 -0.608509
35.403 -0.6152
35.4045 -0.621911
35.406 -0.628644
35.4075 -0.635396
35.409 -0.64217
35.4105 -0.648963
35.412 -0.655777
35.4135 -0.662611
35.415 -0.669464
35.4165 -0.676337
35.418 -0.683229
35.4195 -0.69014
35.421 -0.69707
35.4225 -0.704019
35.424 -0.710986
35.4255 -0.717972
35.427 -0.724976
35.4285 -0.731999
35.43 -0.739039
35.4315 -0.746096
35.433 -0.753171
35.4345 -0.760264
35.436 -0.767373
35.4375 -0.774499
35.439 -0.781642
35.4405 -0.788802
35.442 -0.795978
35.4435 -0.80317
35.445 -0.810378
35.4465 -0.817601
35.448 -0.82484
35.4495 -0.832095
35.451 -0.839364
35.4525 -0.846649
35.454 -0.853948
35.4555 -0.861262
35.457 -0.86859
35.4585 -0.875932
35.46 -0.883289
35.4615 -0.890658
35.463 -0.898042
35.4645 -0.905439
35.466 -0.912849
35.4675 -0.920271
35.469 -0.927707
35.4705 -0.935155
35.472 -0.942615
35.4735 -0.950088
35.475 -0.957572
35.4765 -0.965068
35.478 -0.972576
35.4795 -0.980094
35.481 -0.987624
35.4825 -0.995165
35.484 -1.00272
35.4855 -1.01028
35.487 -1.01785
35.4885 -1.02543
35.49 -1.03302
35.4915 -1.04062
35.493 -1.04823
35.4945 -1.05585
35.496 -1.06348
35.4975 -1.07112
35.499 -1.07877
35.5005 -1.08642
35.502 -1.09408
35.5035 -1.10175
35.505 -1.10943
35.5065 -1.11711
35.508 -1.12481
35.5095 -1.1325
35.511 -1.14021
35.5125 -1.14792
35.514 -1.15564
35.5155 -1.16336
35.517 -1.17109
35.5185 -1.17883
35.52 -1.18657
35.5215 -1.19432
35.523 -1.20207
35.5245 -1.20982
35.526 -1.21758
35.5275 -1.22535
35.529 -1.23312
35.5305 -1.24089
35.532 -1.24866
35.5335 -1.25644
35.535 -1.26422
35.5365 -1.27201
35.538 -1.27979
35.5395 -1.28758
35.541 -1.29537
35.5425 -1.30317
35.544 -1.31096
35.5455 -1.31876
35.547 -1.32656
35.5485 -1.33435
35.55 -1.34215
35.5515 -1.34995
35.553 -1.35775
35.5545 -1.36555
35.556 -1.37335
35.5575 -1.38115
35.559 -1.38895
35.5605 -1.39674
35.562 -1.40454
35.5635 -1.41233
35.565 -1.42012
35.5665 -1.42791
35.568 -1.4357
35.5695 -1.44349
35.571 -1.45127
35.5725 -1.45905
35.574 -1.46682
35.5755 -1.47459
35.577 -1.48236
35.5785 -1.49013
35.58 -1.49789
35.5815 -1.50564
35.583 -1.51339
35.5845 -1.52114
35.586 -1.52888
35.5875 -1.53661
35.589 -1.54434
35.5905 -1.55207
35.592 -1.55978
35.5935 -1.56749
35.595 -1.57519
35.5965 -1.58289
35.598 -1.59058
35.5995 -1.59826
35.6011 -1.60593
35.6026 -1.6136
35.6041 -1.62125
35.6056 -1.6289
35.6071 -1.63654
35.6086 -1.64417
35.6101 -1.65178
35.6116 -1.65939
35.6131 -1.66699
35.6146 -1.67458
35.6161 -1.68216
35.6176 -1.68973
35.6191 -1.69729
35.6206 -1.70483
35.6221 -1.71236
35.6236 -1.71988
35.6251 -1.72739
35.6266 -1.73489
35.6281 -1.74237
35.6296 -1.74984
35.6311 -1.7573
35.6326 -1.76475
35.6341 -1.77218
35.6356 -1.77959
35.6371 -1.78699
35.6386 -1.79438
35.6401 -1.80175
35.6416 -1.80911
35.6431 -1.81645
35.6446 -1.82377
35.6461 -1.83108
35.6476 -1.83837
35.6491 -1.84565
35.6506 -1.85291
35.6521 -1.86015
35.6536 -1.86737
35.6551 -1.87458
35.6566 -1.88176
35.6581 -1.88893
35.6596 -1.89608
35.6611 -1.90321
35.6626 -1.91032
35.6641 -1.91742
35.6656 -1.92449
35.6671 -1.93154
35.6686 -1.93857
35.6701 -1.94558
35.6716 -1.95257
35.6731 -1.95954
35.6746 -1.96649
35.6761 -1.97341
35.6776 -1.98032
35.6791 -1.9872
35.6806 -1.99405
35.6821 -2.00089
35.6836 -2.0077
35.6851 -2.01449
35.6866 -2.02125
35.6881 -2.02799
35.6896 -2.0347
35.6911 -2.04139
35.6926 -2.04805
35.6941 -2.05469
35.6956 -2.0613
35.6971 -2.06789
35.6986 -2.07445
35.7001 -2.08098
35.7016 -2.08749
35.7031 -2.09396
35.7046 -2.10042
35.7061 -2.10684
35.7076 -2.11323
35.7091 -2.1196
35.7106 -2.12593
35.7121 -2.13224
35.7136 -2.13852
35.7151 -2.14477
35.7166 -2.15098
35.7181 -2.15717
35.7196 -2.16333
35.7211 -2.16945
35.7226 -2.17554
35.7241 -2.18161
35.7256 -2.18764
35.7271 -2.19363
35.7286 -2.1996
35.7301 -2.20553
35.7316 -2.21143
35.7331 -2.21729
35.7346 -2.22312
35.7361 -2.22892
35.7376 -2.23468
35.7391 -2.2404
35.7406 -2.24609
35.7421 -2.25175
35.7436 -2.25737
35.7451 -2.26295
35.7466 -2.2685
35.7481 -2.27401
35.7496 -2.27948
35.7511 -2.28491
35.7526 -2.29031
35.7541 -2.29567
35.7556 -2.30099
35.7571 -2.30627
35.7586 -2.31151
35.7601 -2.31671
35.7616 -2.32187
35.7631 -2.32699
35.7646 -2.33207
35.7661 -2.33711
35.7676 -2.34211
35.7691 -2.34707
35.7706 -2.35198
35.7721 -2.35686
35.7736 -2.36169
35.7751 -2.36647
35.7766 -2.37122
35.7781 -2.37592
35.7796 -2.38057
35.7811 -2.38518
35.7826 -2.38975
35.7841 -2.39427
35.7856 -2.39875
35.7871 -2.40318
35.7886 -2.40756
35.7901 -2.4119
35.7916 -2.41619
35.7931 -2.42044
35.7946 -2.42464
35.7961 -2.42878
35.7976 -2.43289
35.7991 -2.43694
35.8007 -2.44094
35.8022 -2.4449
35.8037 -2.4488
35.8052 -2.45265
35.8067 -2.45646
35.8082 -2.46021
35.8097 -2.46392
35.8112 -2.46757
35.8127 -2.47117
35.8142 -2.47471
35.8157 -2.47821
35.8172 -2.48165
35.8187 -2.48504
35.8202 -2.48838
35.8217 -2.49166
35.8232 -2.49489
35.8247 -2.49806
35.8262 -2.50118
35.8277 -2.50424
35.8292 -2.50725
35.8307 -2.5102
35.8322 -2.5131
35.8337 -2.51593
35.8352 -2.51872
35.8367 -2.52144
35.8382 -2.5241
35.8397 -2.52671
35.8412 -2.52926
35.8427 -2.53175
35.8442 -2.53418
35.8457 -2.53655
35.8472 -2.53886
35.8487 -2.54111
35.8502 -2.5433
35.8517 -2.54543
35.8532 -2.5475
35.8547 -2.5495
35.8562 -2.55144
35.8577 -2.55332
35.8592 -2.55514
35.8607 -2.55689
35.8622 -2.55858
35.8637 -2.56021
35.8652 -2.56177
35.8667 -2.56326
35.8682 -2.56469
35.8697 -2.56606
35.8712 -2.56736
35.8727 -2.56859
35.8742 -2.56975
35.8757 -2.57085
35.8772 -2.57188
35.8787 -2.57284
35.8802 -2.57373
35.8817 -2.57456
35.8832 -2.57531
35.8847 -2.576
35.8862 -2.57662
35.8877 -2.57716
35.8892 -2.57764
35.8907 -2.57804
35.8922 -2.57837
35.8937 -2.57863
35.8952 -2.57882
35.8967 -2.57893
35.8982 -2.57898
35.8997 -2.57894
35.9012 -2.57884
35.9027 -2.57866
35.9042 -2.5784
35.9057 -2.57807
35.9072 -2.57767
35.9087 -2.57719
35.9102 -2.57663
35.9117 -2.576
35.9132 -2.57529
35.9147 -2.5745
35.9162 -2.57363
35.9177 -2.57269
35.9192 -2.57166
35.9207 -2.57056
35.9222 -2.56938
35.9237 -2.56811
35.9252 -2.56677
35.9267 -2.56535
35.9282 -2.56384
35.9297 -2.56226
35.9312 -2.56059
35.9327 -2.55884
35.9342 -2.55701
35.9357 -2.55509
35.9372 -2.55309
35.9387 -2.55101
35.9402 -2.54884
35.9417 -2.54659
35.9432 -2.54425
35.9447 -2.54182
35.9462 -2.53931
35.9477 -2.53672
35.9492 -2.53403
35.9507 -2.53126
35.9522 -2.5284
35.9537 -2.52546
35.9552 -2.52242
35.9567 -2.5193
35.9582 -2.51608
35.9597 -2.51278
35.9612 -2.50939
35.9627 -2.5059
35.9642 -2.50233
35.9657 -2.49866
35.9672 -2.4949
35.9687 -2.49105
35.9702 -2.4871
35.9717 -2.48307
35.9732 -2.47893
35.9747 -2.47471
35.9762 -2.47039
35.9777 -2.46597
35.9792 -2.46146
35.9807 -2.45686
35.9822 -2.45216
35.9837 -2.44736
35.9852 -2.44246
35.9867 -2.43747
35.9882 -2.43237
35.9897 -2.42718
35.9912 -2.4219
35.9927 -2.41651
35.9942 -2.41102
35.9957 -2.40543
35.9972 -2.39974
35.9987 -2.39395
36.0003 -2.38806
36.0018 -2.38207
36.0033 -2.37597
36.0048 -2.36977
36.0063 -2.36347
36.0078 -2.35707
36.0093 -2.35056
36.0108 -2.34394
36.0123 -2.33723
36.0138 -2.3304
36.0153 -2.32347
36.0168 -2.31643
36.0183 -2.30929
36.0198 -2.30204
36.0213 -2.29468
36.0228 -2.28722
36.0243 -2.27964
36.0258 -2.27196
36.0273 -2.26416
36.0288 -2.25626
36.0303 -2.24824
36.0318 -2.24012
36.0333 -2.23188
36.0348 -2.22354
36.0363 -2.21508
36.0378 -2.2065
36.0393 -2.19782
36.0408 -2.18902
36.0423 -2.1801
36.0438 -2.17108
36.0453 -2.16193
36.0468 -2.15268
36.0483 -2.1433
36.0498 -2.13381
36.0513 -2.1242
36.0528 -2.11448
36.0543 -2.10464
36.0558 -2.09468
36.0573 -2.0846
36.0588 -2.0744
36.0603 -2.06408
36.0618 -2.05364
36.0633 -2.04308
36.0648 -2.0324
36.0663 -2.0216
36.0678 -2.01068
36.0693 -1.99964
36.0708 -1.98847
36.0723 -1.97718
36.0738 -1.96576
36.0753 -1.95422
36.0768 -1.94256
36.0783 -1.93077
36.0798 -1.91885
36.0813 -1.90681
36.0828 -1.89464
36.0843 -1.88235
36.0858 -1.86993
36.0873 -1.85738
36.0888 -1.8447
36.0903 -1.83189
36.0918 -1.81895
36.0933 -1.80588
36.0948 -1.79268
36.0963 -1.77935
36.0978 -1.76589
36.0993 -1.7523
36.1008 -1.73858
36.1023 -1.72472
36.1038 -1.71073
36.1053 -1.6966
36.1068 -1.68234
36.1083 -1.66795
36.1098 -1.65342
36.1113 -1.63875
36.1128 -1.62395
36.1143 -1.60901
36.1158 -1.59394
36.1173 -1.57872
36.1188 -1.56337
36.1203 -1.54788
36.1218 -1.53225
36.1233 -1.51648
36.1248 -1.50057
36.1263 -1.48452
36.1278 -1.46833
36.1293 -1.452
36.1308 -1.43552
36.1323 -1.41891
36.1338 -1.40214
36.1353 -1.38524
36.1368 -1.36819
36.1383 -1.351
36.1398 -1.33366
36.1413 -1.31617
36.1428 -1.29854
36.1443 -1.28076
36.1458 -1.26284
36.1473 -1.24477
36.1488 -1.22654
36.1503 -1.20818
36.1518 -1.18966
36.1533 -1.17099
36.1548 -1.15217
36.1563 -1.1332
36.1578 -1.11408
36.1593 -1.09481
36.1608 -1.07538
36.1623 -1.0558
36.1638 -1.03607
36.1653 -1.01619
36.1668 -0.996149
36.1683 -0.975955
36.1698 -0.955606
36.1713 -0.935101
36.1728 -0.914439
36.1743 -0.893621
36.1758 -0.872645
36.1773 -0.851511
36.1788 -0.830219
36.1803 -0.808768
36.1818 -0.787157
36.1833 -0.765387
36.1848 -0.743456
36.1863 -0.721364
36.1878 -0.69911
36.1893 -0.676694
36.1908 -0.654116
36.1923 -0.631374
36.1938 -0.608469
36.1953 -0.5854
36.1968 -0.562165
36.1983 -0.538766
36.1998 -0.515201
36.2014 -0.49147
36.2029 -0.467572
36.2044 -0.443506
36.2059 -0.419273
36.2074 -0.394871
36.2089 -0.3703
36.2104 -0.34556
36.2119 -0.32065
36.2134 -0.295569
36.2149 -0.270317
36.2164 -0.244894
36.2179 -0.219298
36.2194 -0.19353
36.2209 -0.167588
36.2224 -0.141473
36.2239 -0.115184
36.2254 -0.0887196
36.2269 -0.06208
36.2284 -0.0352644
36.2299 -0.00827248
36.2314 0.0188965
36.2329 0.0462429
36.2344 0.0737674
36.2359 0.101471
36.2374 0.129353
36.2389 0.157415
36.2404 0.185657
36.2419 0.21408
36.2434 0.242684
36.2449 0.271471
36.2464 0.300439
36.2479 0.329591
36.2494 0.358926
36.2509 0.388445
36.2524 0.418149
36.2539 0.448038
36.2554 0.478112
36.2569 0.508373
36.2584 0.538821
36.2599 0.569456
36.2614 0.600279
36.2629 0.631291
36.2644 0.662492
36.2659 0.693882
36.2674 0.725462
36.2689 0.757233
36.2704 0.789196
36.2719 0.82135
36.2734 0.853696
36.2749 0.886236
36.2764 0.918969
36.2779 0.951896
36.2794 0.985018
36.2809 1.01833
36.2824 1.05185
36.2839 1.08556
36.2854 1.11946
36.2869 1.15357
36.2884 1.18787
36.2899 1.22237
36.2914 1.25707
36.2929 1.29197
36.2944 1.32706
36.2959 1.36236
36.2974 1.39787
36.2989 1.43357
36.3004 1.46948
36.3019 1.50558
36.3034 1.5419
36.3049 1.57841
36.3064 1.61514
36.3079 1.65206
36.3094 1.6892
36.3109 1.72654
36.3124 1.76408
36.3139 1.80184
36.3154 1.8398
36.3169 1.87797
36.3184 1.91636
36.3199 1.95495
36.3214 1.99375
36.3229 2.03276
36.3244 2.07199
36.3259 2.11143
36.3274 2.15108
36.3289 2.19094
36.3304 2.23102
36.3319 2.27131
36.3334 2.31182
36.3349 2.35255
36.3364 2.39349
36.3379 2.43464
36.3394 2.47602
36.3409 2.51761
36.3424 2.55943
36.3439 2.60146
36.3454 2.64371
36.3469 2.68618
36.3484 2.72888
36.3499 2.77179
36.3514 2.81493
36.3529 2.85829
36.3544 2.90187
36.3559 2.94568
36.3574 2.98972
36.3589 3.03397
36.3604 3.07846
36.3619 3.12317
36.3634 3.16811
36.3649 3.21328
36.3664 3.25867
36.3679 3.30429
36.3694 3.35015
36.3709 3.39623
36.3724 3.44254
36.3739 3.48909
36.3754 3.53587
36.3769 3.58288
36.3784 3.63012
36.3799 3.6776
36.3814 3.72531
36.3829 3.77325
36.3844 3.82144
36.3859 3.86985
36.3874 3.91851
36.3889 3.9674
36.3904 4.01653
36.3919 4.0659
36.3934 4.11551
36.3949 4.16536
36.3964 4.21544
36.3979 4.26577
36.3994 4.31635
36.401 4.36716
36.4025 4.41822
36.404 4.46952
36.4055 4.52106
36.407 4.57285
36.4085 4.62489
36.41 4.67717
36.4115 4.72969
36.413 4.78247
36.4145 4.83549
36.416 4.88876
36.4175 4.94228
36.419 4.99605
36.4205 5.05007
36.422 5.10435
36.4235 5.15887
36.425 5.21364
36.4265 5.26867
36.428 5.32396
36.4295 5.37949
36.431 5.43528
36.4325 5.49133
36.434 5.54763
36.4355 5.60419
36.437 5.66101
36.4385 5.71808
36.44 5.77541
36.4415 5.83301
36.443 5.89086
36.4445 5.94897
36.446 6.00734
36.4475 6.06598
36.449 6.12488
36.4505 6.18404
36.452 6.24346
36.4535 6.30315
36.455 6.3631
36.4565 6.42332
36.458 6.48381
36.4595 6.54456
36.461 6.60558
36.4625 6.66687
36.464 6.72843
36.4655 6.79025
36.467 6.85235
36.4685 6.91471
36.47 6.97735
36.4715 7.04026
36.473 7.10345
36.4745 7.1669
36.476 7.23063
36.4775 7.29464
36.479 7.35892
36.4805 7.42347
36.482 7.48831
36.4835 7.55342
36.485 7.6188
36.4865 7.68447
36.488 7.75041
36.4895 7.81664
36.491 7.88315
36.4925 7.94993
36.494 8.017
36.4955 8.08435
36.497 8.15199
36.4985 8.2199
36.5 8.28811
