0 -0.160602
0.1 -0.159587
0.2 -0.158586
0.3 -0.157606
0.4 -0.156639
0.5 -0.155698
0.6 -0.154763
0.7 -0.153841
0.8 -0.152944
0.9 -0.152044
1 -0.151154
1.1 -0.150277
1.2 -0.149408
1.3 -0.148544
1.4 -0.14769
1.5 -0.146852
1.6 -0.146025
1.7 -0.145208
1.8 -0.144393
1.9 -0.143583
2 -0.142783
2.1 -0.141983
2.2 -0.141192
2.3 -0.140414
2.4 -0.13964
2.5 -0.138869
2.6 -0.138116
2.7 -0.137363
2.8 -0.13661
2.9 -0.135874
3 -0.135139
3.1 -0.134398
3.2 -0.133665
3.3 -0.132941
3.4 -0.132215
3.5 -0.131496
3.6 -0.130776
3.7 -0.130064
3.8 -0.129351
3.9 -0.128637
4 -0.127939
4.1 -0.127245
4.2 -0.126542
4.3 -0.125845
4.4 -0.125142
4.5 -0.124444
4.6 -0.123748
4.7 -0.123048
4.8 -0.122356
4.9 -0.121659
5 -0.120964
5.1 -0.120263
5.2 -0.119559
5.3 -0.118863
5.4 -0.118174
5.5 -0.117475
5.6 -0.116781
5.7 -0.116084
5.8 -0.115387
5.9 -0.114679
6 -0.113962
6.1 -0.113237
6.2 -0.112525
6.3 -0.111806
6.4 -0.111085
6.5 -0.110355
6.6 -0.109624
6.7 -0.10889
6.8 -0.108165
6.9 -0.107422
7 -0.106672
7.1 -0.105925
7.2 -0.105167
7.3 -0.104417
7.4 -0.103667
7.5 -0.102911
7.6 -0.102117
7.7 -0.101336
7.8 -0.100542
7.9 -0.0997533
8 -0.0989613
8.1 -0.0981548
8.2 -0.0973499
8.3 -0.0965497
8.4 -0.0957343
8.5 -0.0949031
8.6 -0.0940539
8.7 -0.0932232
8.8 -0.0923664
8.9 -0.091527
9 -0.0906768
9.1 -0.0898113
9.2 -0.0889432
9.3 -0.0880642
9.4 -0.0871809
9.5 -0.0862859
9.6 -0.0853682
9.7 -0.0844474
9.8 -0.0835367
9.9 -0.0826135
10 -0.0816781
10.1 -0.0807316
10.2 -0.079781
10.3 -0.0788046
10.4 -0.0778113
10.5 -0.07682
10.6 -0.0758292
10.7 -0.0748525
10.8 -0.0738605
10.9 -0.0728432
11 -0.0718645
11.1 -0.0708523
11.2 -0.0698246
11.3 -0.0687876
11.4 -0.0677449
11.5 -0.0666653
11.6 -0.0655864
11.7 -0.0645133
11.8 -0.0634106
11.9 -0.0623184
12 -0.0612273
12.1 -0.0601318
12.2 -0.0590283
12.3 -0.0579303
12.4 -0.0568032
12.5 -0.0556437
12.6 -0.0544723
12.7 -0.0532945
12.8 -0.0521286
12.9 -0.0509333
13 -0.0497399
13.1 -0.0485608
13.2 -0.0473941
13.3 -0.0461876
13.4 -0.0449735
13.5 -0.0437444
13.6 -0.0425059
13.7 -0.0412662
13.8 -0.0400223
13.9 -0.0387754
14 -0.0375263
14.1 -0.0362634
14.2 -0.0350073
14.3 -0.0337319
14.4 -0.0324836
14.5 -0.0312309
14.6 -0.0299879
14.7 -0.0287446
14.8 -0.0275088
14.9 -0.0262898
15 -0.0250332
15.1 -0.0238099
15.2 -0.0225768
15.3 -0.0213427
15.4 -0.020109
15.5 -0.0188927
15.6 -0.0176599
15.7 -0.0164262
15.8 -0.0152045
15.9 -0.014007
16 -0.0127998
16.1 -0.0116372
16.2 -0.0104628
16.3 -0.00931103
16.4 -0.0081884
16.5 -0.00706174
16.6 -0.00593104
16.7 -0.0048285
16.8 -0.00372797
16.9 -0.00265015
17 -0.00155328
17.1 -0.000513039
17.2 0.000548685
17.3 0.00159514
17.4 0.00261816
17.5 0.00364524
17.6 0.00465497
17.7 0.00565976
17.8 0.0066387
17.9 0.00757701
18 0.00854104
18.1 0.00942814
18.2 0.0103116
18.3 0.0111634
18.4 0.0119757
18.5 0.0127888
18.6 0.0135708
18.7 0.0143489
18.8 0.0151271
18.9 0.0158197
19 0.0164941
19.1 0.0171829
19.2 0.0178048
19.3 0.018405
19.4 0.0189719
19.5 0.0195131
19.6 0.0200112
19.7 0.0204911
19.8 0.0209401
19.9 0.0213883
20 0.0217978
20.1 0.022174
20.2 0.0225289
20.3 0.0228491
20.4 0.0231336
20.5 0.0233809
20.6 0.0235902
20.7 0.0237683
20.8 0.0239014
20.9 0.0240162
21 0.0241152
21.1 0.0241767
21.2 0.0242101
21.3 0.0242096
21.4 0.0241525
21.5 0.0240862
21.6 0.0239901
21.7 0.0238675
21.8 0.0236944
21.9 0.0234951
22 0.0232594
22.1 0.0229932
22.2 0.0226934
22.3 0.0223687
22.4 0.0220531
22.5 0.0216846
22.6 0.0212885
22.7 0.0208856
22.8 0.0204538
22.9 0.0199669
23 0.0194684
23.1 0.0189643
23.2 0.0184141
23.3 0.0178325
23.4 0.017199
23.5 0.0165395
23.6 0.0158495
23.7 0.0151367
23.8 0.0143763
23.9 0.01358
24 0.0127569
24.1 0.0118791
24.2 0.0109864
24.3 0.0100781
24.4 0.00911064
24.5 0.00813842
24.6 0.00715789
24.7 0.00613523
24.8 0.0051138
24.9 0.00405887
25 0.00299915
25.1 0.00190221
25.2 0.000789069
25.3 -0.000340495
25.4 -0.00149924
25.5 -0.00267784
25.6 -0.00387869
25.7 -0.00511137
25.8 -0.00637049
25.9 -0.00763611
26 -0.00889087
26.1 -0.0101722
26.2 -0.0114763
26.3 -0.0127805
26.4 -0.0141054
26.5 -0.0155071
26.6 -0.016912
26.7 -0.0183001
26.8 -0.0196896
26.9 -0.0211449
27 -0.0226307
27.1 -0.0241278
27.2 -0.0256243
27.3 -0.027139
27.4 -0.0286696
27.5 -0.0302285
27.6 -0.0317932
27.7 -0.0333708
27.8 -0.0349604
27.9 -0.0365614
28 -0.0382286
28.1 -0.0398946
28.2 -0.0416102
28.3 -0.0433188
28.4 -0.0450223
28.5 -0.0467149
28.6 -0.0484412
28.7 -0.0502028
28.8 -0.0519181
28.9 -0.0536465
29 -0.0553852
29.1 -0.0571186
29.2 -0.0588592
29.3 -0.060631
29.4 -0.0624239
29.5 -0.0642431
29.6 -0.0660761
29.7 -0.0679396
29.8 -0.0698069
29.9 -0.0716985
30 -0.0735653
30.1 -0.0754374
30.2 -0.077303
30.3 -0.0791742
30.4 -0.0810646
30.5 -0.082966
30.6 -0.0848645
30.7 -0.0867787
30.8 -0.088704
30.9 -0.0906743
31 -0.0926033
31.1 -0.0945734
31.2 -0.0965439
31.3 -0.0985403
31.4 -0.100531
31.5 -0.102513
31.6 -0.104504
31.7 -0.106484
31.8 -0.108483
31.9 -0.110456
32 -0.112438
32.1 -0.114427
32.2 -0.116431
32.3 -0.118436
32.4 -0.120454
32.5 -0.122488
32.6 -0.124534
32.7 -0.126613
32.8 -0.128657
32.9 -0.130663
33 -0.132731
33.1 -0.134802
33.2 -0.136885
33.3 -0.13898
33.4 -0.141117
33.5 -0.143236
33.6 -0.145343
33.7 -0.147439
33.8 -0.149536
33.9 -0.151614
34 -0.153715
34.1 -0.155813
34.2 -0.157915
34.3 -0.160007
34.4 -0.162088
34.5 -0.164191
34.6 -0.166283
34.7 -0.16838
34.8 -0.170465
34.9 -0.17254
35 -0.174616
35.1 -0.176695
35.2 -0.178753
35.3 -0.180784
35.4 -0.18278
35.5 -0.184764
35.6 -0.186755
35.7 -0.188732
35.8 -0.190714
35.9 -0.192676
36 -0.194637
36.1 -0.196619
36.2 -0.198578
36.3 -0.20053
36.4 -0.20246
36.5 -0.204376
36.6 -0.206299
36.7 -0.208214
36.8 -0.210105
36.9 -0.211983
37 -0.213838
37.1 -0.215692
37.2 -0.21756
37.3 -0.219421
37.4 -0.221278
37.5 -0.223102
37.6 -0.224924
37.7 -0.226725
37.8 -0.228497
37.9 -0.230275
38 -0.232065
38.1 -0.23384
38.2 -0.235598
38.3 -0.237349
38.4 -0.239098
38.5 -0.240845
38.6 -0.242579
38.7 -0.244299
38.8 -0.246032
38.9 -0.247767
39 -0.249518
39.1 -0.251277
39.2 -0.253056
39.3 -0.254811
39.4 -0.256556
39.5 -0.258293
39.6 -0.260013
39.7 -0.261739
39.8 -0.263459
39.9 -0.265165
40 -0.266876
40.1 -0.26859
40.2 -0.270297
40.3 -0.271988
40.4 -0.273676
40.5 -0.275349
40.6 -0.277015
40.7 -0.278693
40.8 -0.280361
40.9 -0.282032
41 -0.283702
41.1 -0.285351
41.2 -0.286998
41.3 -0.288635
41.4 -0.290255
41.5 -0.291895
41.6 -0.293531
41.7 -0.295159
41.8 -0.29679
41.9 -0.298398
42 -0.300018
42.1 -0.301639
42.2 -0.303255
42.3 -0.304857
42.4 -0.306468
42.5 -0.308065
42.6 -0.30965
42.7 -0.311254
42.8 -0.312858
42.9 -0.314459
43 -0.316027
43.1 -0.317601
43.2 -0.319175
43.3 -0.320724
43.4 -0.322289
43.5 -0.323844
43.6 -0.325408
43.7 -0.32697
43.8 -0.328536
43.9 -0.330103
44 -0.33166
44.1 -0.33322
44.2 -0.334772
44.3 -0.336315
44.4 -0.337872
44.5 -0.339414
44.6 -0.340954
44.7 -0.34249
44.8 -0.344022
44.9 -0.345565
45 -0.347104
45.1 -0.348653
45.2 -0.350197
45.3 -0.351743
45.4 -0.353293
45.5 -0.354842
45.6 -0.356382
45.7 -0.357929
45.8 -0.35947
45.9 -0.361017
46 -0.362552
46.1 -0.364088
46.2 -0.36564
46.3 -0.367185
46.4 -0.368731
46.5 -0.370285
46.6 -0.371832
46.7 -0.373385
46.8 -0.37493
46.9 -0.376484
47 -0.378038
47.1 -0.379587
47.2 -0.381132
47.3 -0.382675
47.4 -0.384207
47.5 -0.385734
47.6 -0.387279
47.7 -0.388826
47.8 -0.39038
47.9 -0.391937
48 -0.393486
48.1 -0.395042
48.2 -0.396634
48.3 -0.398223
48.4 -0.399814
48.5 -0.401424
48.6 -0.403041
48.7 -0.404665
48.8 -0.406286
48.9 -0.407914
49 -0.409552
49.1 -0.411194
49.2 -0.412843
49.3 -0.414495
49.4 -0.416159
49.5 -0.417828
49.6 -0.419486
49.7 -0.421143
49.8 -0.422806
49.9 -0.424462
50 -0.426136
50.1 -0.427802
50.2 -0.429462
50.3 -0.431124
50.4 -0.4328
50.5 -0.434502
50.6 -0.436229
50.7 -0.43796
50.8 -0.439672
50.9 -0.441402
51 -0.443158
51.1 -0.444904
51.2 -0.446649
51.3 -0.448399
51.4 -0.450144
51.5 -0.451914
51.6 -0.453695
51.7 -0.455457
51.8 -0.457229
51.9 -0.459012
52 -0.460825
52.1 -0.462648
52.2 -0.464479
52.3 -0.466341
52.4 -0.468211
52.5 -0.470099
52.6 -0.47198
52.7 -0.473864
52.8 -0.475767
52.9 -0.47767
53 -0.47958
53.1 -0.481519
53.2 -0.483467
53.3 -0.485439
53.4 -0.487433
53.5 -0.489415
53.6 -0.49143
53.7 -0.493463
53.8 -0.495505
53.9 -0.497568
54 -0.499655
54.1 -0.50175
54.2 -0.50384
54.3 -0.505954
54.4 -0.508084
54.5 -0.510262
54.6 -0.512453
54.7 -0.514663
54.8 -0.516882
54.9 -0.519124
55 -0.521378
55.1 -0.523643
55.2 -0.525932
55.3 -0.52825
55.4 -0.530579
55.5 -0.532925
55.6 -0.535274
55.7 -0.537647
55.8 -0.540037
55.9 -0.542418
56 -0.544831
56.1 -0.547274
56.2 -0.549748
56.3 -0.552225
56.4 -0.554709
56.5 -0.557231
56.6 -0.559768
56.7 -0.562301
56.8 -0.564865
56.9 -0.567442
57 -0.57005
57.1 -0.572693
57.2 -0.575349
57.3 -0.578001
57.4 -0.5807
57.5 -0.583434
57.6 -0.586181
57.7 -0.588954
57.8 -0.591746
57.9 -0.594522
58 -0.597336
58.1 -0.600157
58.2 -0.60298
58.3 -0.605827
58.4 -0.608677
58.5 -0.611541
58.6 -0.61442
58.7 -0.617331
58.8 -0.620274
58.9 -0.623272
59 -0.626262
59.1 -0.629296
59.2 -0.632343
59.3 -0.635395
59.4 -0.638479
59.5 -0.641567
59.6 -0.644685
59.7 -0.647772
59.8 -0.650902
59.9 -0.654058
60 -0.657197
60.1 -0.660354
60.2 -0.663557
60.3 -0.66676
60.4 -0.669986
60.5 -0.673216
60.6 -0.67647
60.7 -0.679714
60.8 -0.682955
60.9 -0.686264
61 -0.689597
61.1 -0.69294
61.2 -0.696277
61.3 -0.699635
61.4 -0.702988
61.5 -0.706348
61.6 -0.709756
61.7 -0.713162
61.8 -0.716567
61.9 -0.719998
62 -0.723455
62.1 -0.726877
62.2 -0.730371
62.3 -0.733904
62.4 -0.737442
62.5 -0.740967
62.6 -0.744506
62.7 -0.748084
62.8 -0.751672
62.9 -0.755241
63 -0.758834
63.1 -0.762465
63.2 -0.76606
63.3 -0.769681
63.4 -0.773296
63.5 -0.776907
63.6 -0.780562
63.7 -0.784232
63.8 -0.787901
63.9 -0.791542
64 -0.795202
64.1 -0.798871
64.2 -0.802548
64.3 -0.806192
64.4 -0.809834
64.5 -0.813484
64.6 -0.817103
64.7 -0.820744
64.8 -0.824377
64.9 -0.827998
65 -0.831632
65.1 -0.835262
65.2 -0.838907
65.3 -0.842549
65.4 -0.846192
65.5 -0.849819
65.6 -0.853448
65.7 -0.857096
65.8 -0.860748
65.9 -0.864381
66 -0.868008
66.1 -0.871649
66.2 -0.875303
66.3 -0.878924
66.4 -0.882542
66.5 -0.886138
66.6 -0.889756
66.7 -0.893371
66.8 -0.896969
66.9 -0.900552
67 -0.904149
67.1 -0.90778
67.2 -0.911358
67.3 -0.914915
67.4 -0.918484
67.5 -0.922015
67.6 -0.925576
67.7 -0.929104
67.8 -0.932616
67.9 -0.936127
68 -0.939602
68.1 -0.943055
68.2 -0.946501
68.3 -0.949923
68.4 -0.953345
68.5 -0.956736
68.6 -0.960107
68.7 -0.963442
68.8 -0.966766
68.9 -0.970115
69 -0.973384
69.1 -0.97664
69.2 -0.979891
69.3 -0.983156
69.4 -0.986338
69.5 -0.989468
69.6 -0.992591
69.7 -0.995714
69.8 -0.998814
69.9 -1.00189
70 -1.00491
70.1 -1.00792
70.2 -1.01092
70.3 -1.01387
70.4 -1.01681
70.5 -1.01974
70.6 -1.02265
70.7 -1.02552
70.8 -1.02838
70.9 -1.03122
71 -1.034
71.1 -1.03681
71.2 -1.03957
71.3 -1.04227
71.4 -1.04496
71.5 -1.04762
71.6 -1.0503
71.7 -1.05293
71.8 -1.05554
71.9 -1.05814
72 -1.06069
72.1 -1.06323
72.2 -1.06574
72.3 -1.06822
72.4 -1.07068
72.5 -1.0731
72.6 -1.07549
72.7 -1.07785
72.8 -1.08017
72.9 -1.08246
73 -1.08473
73.1 -1.08697
73.2 -1.08919
73.3 -1.09139
73.4 -1.09355
73.5 -1.09568
73.6 -1.0978
73.7 -1.09993
73.8 -1.10202
73.9 -1.10409
74 -1.10614
74.1 -1.10817
74.2 -1.11017
74.3 -1.11213
74.4 -1.11408
74.5 -1.116
74.6 -1.11791
74.7 -1.11978
74.8 -1.12163
74.9 -1.12347
75 -1.1253
75.1 -1.12711
75.2 -1.12887
75.3 -1.13061
75.4 -1.13232
75.5 -1.13403
75.6 -1.1357
75.7 -1.13737
75.8 -1.139
75.9 -1.14061
76 -1.1422
76.1 -1.14378
76.2 -1.14534
76.3 -1.14687
76.4 -1.14839
76.5 -1.14988
76.6 -1.15135
76.7 -1.15282
76.8 -1.15425
76.9 -1.15567
77 -1.15708
77.1 -1.15846
77.2 -1.15981
77.3 -1.16116
77.4 -1.1625
77.5 -1.16383
77.6 -1.16513
77.7 -1.16641
77.8 -1.16769
77.9 -1.16894
78 -1.17019
78.1 -1.17142
78.2 -1.17264
78.3 -1.17385
78.4 -1.17504
78.5 -1.17622
78.6 -1.17738
78.7 -1.17852
78.8 -1.17965
78.9 -1.18076
79 -1.18186
79.1 -1.18295
79.2 -1.18403
79.3 -1.18508
79.4 -1.18614
79.5 -1.18719
79.6 -1.18822
79.7 -1.18924
79.8 -1.19023
79.9 -1.19121
80 -1.19219
80.1 -1.19316
80.2 -1.19411
80.3 -1.19505
80.4 -1.19599
80.5 -1.1969
80.6 -1.19781
80.7 -1.19871
80.8 -1.19959
80.9 -1.20045
81 -1.20132
81.1 -1.20217
81.2 -1.20302
81.3 -1.20385
81.4 -1.20467
81.5 -1.20549
81.6 -1.20628
81.7 -1.20706
81.8 -1.20784
81.9 -1.20861
82 -1.20938
82.1 -1.21013
82.2 -1.21087
82.3 -1.21159
82.4 -1.21231
82.5 -1.21303
82.6 -1.21374
82.7 -1.21444
82.8 -1.21513
82.9 -1.21582
83 -1.2165
83.1 -1.21717
83.2 -1.21783
83.3 -1.21848
83.4 -1.21913
83.5 -1.21976
83.6 -1.22039
83.7 -1.22101
83.8 -1.22163
83.9 -1.22225
84 -1.22285
84.1 -1.22345
84.2 -1.22404
84.3 -1.22463
84.4 -1.2252
84.5 -1.22577
84.6 -1.22633
84.7 -1.22689
84.8 -1.22745
84.9 -1.228
85 -1.22855
85.1 -1.22909
85.2 -1.22963
85.3 -1.23016
85.4 -1.23069
85.5 -1.23121
85.6 -1.23172
85.7 -1.23223
85.8 -1.23273
85.9 -1.23323
86 -1.23373
86.1 -1.23422
86.2 -1.2347
86.3 -1.23517
86.4 -1.23564
86.5 -1.23612
86.6 -1.23658
86.7 -1.23704
86.8 -1.23749
86.9 -1.23794
87 -1.23838
87.1 -1.23882
87.2 -1.23926
87.3 -1.2397
87.4 -1.24012
87.5 -1.24055
87.6 -1.24096
87.7 -1.24138
87.8 -1.24179
87.9 -1.2422
88 -1.2426
88.1 -1.243
88.2 -1.2434
88.3 -1.24379
88.4 -1.24418
88.5 -1.24456
88.6 -1.24494
88.7 -1.24531
88.8 -1.24569
88.9 -1.24606
89 -1.24643
89.1 -1.24679
89.2 -1.24715
89.3 -1.24751
89.4 -1.24786
89.5 -1.24821
89.6 -1.24856
89.7 -1.24891
89.8 -1.24925
89.9 -1.24959
90 -1.24993
90.1 -1.25026
90.2 -1.25059
90.3 -1.25092
90.4 -1.25125
90.5 -1.25157
90.6 -1.25189
90.7 -1.25221
90.8 -1.25252
90.9 -1.25283
91 -1.25314
91.1 -1.25345
91.2 -1.25375
91.3 -1.25405
91.4 -1.25435
91.5 -1.25465
91.6 -1.25495
91.7 -1.25524
91.8 -1.25553
91.9 -1.25582
92 -1.2561
92.1 -1.25639
92.2 -1.25667
92.3 -1.25695
92.4 -1.25723
92.5 -1.2575
92.6 -1.25778
92.7 -1.25805
92.8 -1.25832
92.9 -1.25859
93 -1.25886
93.1 -1.25913
93.2 -1.25939
93.3 -1.25966
93.4 -1.25992
93.5 -1.26018
93.6 -1.26043
93.7 -1.26069
93.8 -1.26094
93.9 -1.26119
94 -1.26144
94.1 -1.26169
94.2 -1.26194
94.3 -1.26219
94.4 -1.26243
94.5 -1.26268
94.6 -1.26292
94.7 -1.26316
94.8 -1.2634
94.9 -1.26364
95 -1.26388
95.1 -1.26411
95.2 -1.26435
95.3 -1.26458
95.4 -1.26481
95.5 -1.26505
95.6 -1.26528
95.7 -1.2655
95.8 -1.26573
95.9 -1.26596
96 -1.26618
96.1 -1.2664
96.2 -1.26662
96.3 -1.26685
96.4 -1.26706
96.5 -1.26728
96.6 -1.2675
96.7 -1.26772
96.8 -1.26793
96.9 -1.26815
97 -1.26836
97.1 -1.26857
97.2 -1.26879
97.3 -1.26899
97.4 -1.26921
97.5 -1.26942
97.6 -1.26962
97.7 -1.26983
97.8 -1.27004
97.9 -1.27024
98 -1.27045
98.1 -1.27065
98.2 -1.27085
98.3 -1.27105
98.4 -1.27125
98.5 -1.27145
98.6 -1.27165
98.7 -1.27184
98.8 -1.27204
98.9 -1.27224
99 -1.27244
99.1 -1.27263
99.2 -1.27282
99.3 -1.27302
99.4 -1.27321
99.5 -1.2734
99.6 -1.27359
99.7 -1.27378
99.8 -1.27397
99.9 -1.27416
100 0.422822
