-1.39581 0.0177691
-1.33953 0.0621919
-1.28325 0.106615
-1.22697 0.417574
-1.1707 0.577496
-1.11442 0.852917
-1.05814 1.03061
-1.00186 1.18165
-0.945586 1.11945
-0.889309 0.906225
-0.833031 0.684111
-0.776754 0.577496
-0.720476 0.364267
-0.664199 0.230998
-0.607921 0.168807
-0.551644 0.0533073
-0.495366 0.079961
-0.439089 0.0533073
-0.382812 0.0444228
-0.326534 0.00888455
-0.270257 0.0444228
-0.213979 0.0177691
-0.157702 0
-0.101424 0.0266537
-0.0451469 0.0177691
0.0111305 0.00888455
0.0674079 0.00888455
0.123685 0
0.179963 0.0177691
0.23624 0.00888455
0.292518 0
0.348795 0.0355382
0.405073 0.0177691
0.46135 0.0710764
0.517627 0.151037
0.573905 0.133268
0.630182 0.239883
0.68646 0.230998
0.742737 0.470881
0.799015 0.657457
0.855292 0.932878
0.91157 0.986186
0.967847 1.08392
1.02412 1.17276
1.0804 1.01284
1.13668 0.941763
1.19296 0.497535
1.24923 0.275421
1.30551 0.115499
1.36179 0.0533073
