38.6668 0.076037
38.7194 0.190093
38.772 0.560773
38.8246 0.627305
38.8772 1.36867
38.9298 1.49223
38.9824 2.2621
39.035 2.04349
39.0876 1.91043
39.1402 1.47322
39.1928 1.25461
39.2454 0.826903
39.298 0.551268
39.3506 0.465727
39.4033 0.304148
39.4559 0.237616
39.5085 0.0855416
39.5611 0.104551
39.6137 0.0380185
39.6663 0.0475231
39.7189 0.0285139
39.7715 0
39.8241 0.00950463
39.8767 0
39.9293 0.00950463
39.9819 0.00950463
40.0345 0.0190093
40.0871 0.0190093
40.1397 0.0285139
40.1923 0
40.245 0.0190093
40.2976 0
40.3502 0.0190093
40.4028 0.0285139
40.4554 0.00950463
40.508 0.076037
40.5606 0.0570278
40.6132 0.076037
40.6658 0.133065
40.7184 0.237616
40.771 0.209102
40.8236 0.199597
40.8762 0.465727
40.9288 0.427708
40.9814 0.342167
41.034 0.275634
41.0866 0.142569
41.1393 0.133065
41.1919 0.0950463
41.2445 0.0190093
