0 0
0.1 0.104298
0.2 0.23561
0.3 1.9563
0.4 0.545456
0.5 0.200671
0.6 0.154205
0.7 0.0478858
0.8 0.229353
0.9 2.83464
1 0.432479
1.1 0.286766
1.2 0.0737615
1.3 -0.0207276
1.4 0.253622
1.5 0.277974
1.6 4.46129
1.7 0.7076
1.8 0.108406
1.9 1.51932
2 0.60731
2.1 -0.0226356
2.2 0.36925
2.3 0.343958
2.4 0.443392
2.5 0.286536
2.6 -0.0255688
2.7 -0.0338706
2.8 0.360734
2.9 0.221182
3 1.15625
3.1 0.274552
3.2 -0.0186095
3.3 0.279728
3.4 0.160373
3.5 0.0441616
3.6 -0.0305295
3.7 0.0790744
3.8 -0.0112582
3.9 1.36696
4 0.444363
4.1 0.612698
4.2 0.210509
4.3 0.834697
4.4 0.182289
4.5 0.0421268
4.6 0.205189
4.7 0.0546852
4.8 0.870301
4.9 2.85507
5 -0.0145335
5.1 -0.0329645
5.2 -0.0234945
5.3 1.83304
5.4 0.824346
5.5 1.37921
5.6 1.19252
5.7 -0.0156928
5.8 -0.0120056
5.9 -0.0303306
6 0.126639
6.1 0.0237982
6.2 1.05999
6.3 0.658047
6.4 1.04679
6.5 1.53465
6.6 0.241032
6.7 0.322858
6.8 0.106446
6.9 0.703922
7 0.433309
7.1 -0.0289493
7.2 2.0773
7.3 -0.0320771
7.4 0.776464
7.5 0.0697901
7.6 -0.00883908
7.7 0.118645
7.8 0.163259
7.9 -0.0263638
8 0.116574
8.1 1.08309
8.2 0.052779
8.3 0.0521599
8.4 1.27861
8.5 0.409928
8.6 0.0238792
8.7 0.385816
8.8 0.00064667
8.9 2.16482
9 -0.0326702
9.1 2.90114
9.2 2.41263
9.3 1.06789
9.4 -0.012008
9.5 0.0486086
9.6 0.33844
9.7 0.782596
9.8 0.108871
9.9 0.620094
10 0.140484
10.1 0.783791
10.2 0.901571
10.3 0.619602
10.4 -0.0332226
10.5 0.000302172
10.6 1.30921
10.7 -0.0162905
10.8 0.0133107
10.9 1.23091
11 -0.0246794
11.1 0.0954693
11.2 0.0092302
11.3 2.06796
11.4 0.0565403
11.5 -0.0201562
11.6 4.23238
11.7 0.20813
11.8 0.0489636
11.9 -0.00723063
12 1.45269
12.1 0.152226
12.2 1.47447
12.3 0.149036
12.4 2.6163
12.5 2.04367
12.6 0.0263325
12.7 -0.0329882
12.8 0.448829
12.9 1.36959
13 2.0397
13.1 0.00464218
13.2 -0.0343659
13.3 0.183252
13.4 1.36754
13.5 0.00557346
13.6 0.112321
13.7 1.20038
13.8 -0.0235323
13.9 -0.00345403
14 0.437092
14.1 0.0713044
14.2 0.13078
14.3 0.0369133
14.4 0.0251412
14.5 0.584701
14.6 1.01749
14.7 0.811639
14.8 0.0250045
14.9 0.274741
15 2.52439
15.1 0.674221
15.2 -0.0350511
15.3 3.02849
15.4 0.560503
15.5 0.621567
15.6 0.0799908
15.7 -0.0067687
15.8 0.15598
15.9 0.732213
16 0.248798
16.1 0.167138
16.2 2.73972
16.3 -0.0201721
16.4 0.594824
16.5 0.0536996
16.6 0.274944
16.7 0.34454
16.8 0.0122068
16.9 0.20308
17 0.0856931
17.1 0.00192498
17.2 0.120206
17.3 -0.00748218
17.4 1.26242
17.5 0.16024
17.6 1.61793
17.7 0.00627158
17.8 -0.000895547
17.9 -0.0252655
18 0.0657227
18.1 -0.0215378
18.2 0.471353
18.3 -0.0206816
18.4 0.616321
18.5 0.187877
18.6 -0.0284822
18.7 -0.0307526
18.8 0.575416
18.9 1.56485
19 0.10575
19.1 0.0113256
19.2 2.06852
19.3 -0.0182641
19.4 0.932186
19.5 0.949391
19.6 0.230692
19.7 -0.0200998
19.8 0.312134
19.9 3.78854
20 3.14269
20.1 0.108427
20.2 -0.01283
20.3 0.431289
20.4 1.26871
20.5 -0.0104228
20.6 0.111198
20.7 0.0586408
20.8 1.35319
20.9 -0.0165014
21 0.244702
21.1 2.2321
21.2 0.164534
21.3 1.11107
21.4 -0.00769464
21.5 0.710483
21.6 0.182173
21.7 0.0350093
21.8 2.68707
21.9 2.52087
22 1.7717
22.1 -0.00403768
22.2 0.23551
22.3 1.01382
22.4 0.241074
22.5 1.10348
22.6 0.413264
22.7 1.02689
22.8 0.0969565
22.9 0.1794
23 0.0792159
23.1 0.144156
23.2 1.2796
23.3 1.0806
23.4 0.311544
23.5 0.81059
23.6 0.421089
23.7 0.401654
23.8 0.00445842
23.9 0.0039426
24 0.273268
24.1 0.0929772
24.2 0.0244227
24.3 1.50305
24.4 0.305685
24.5 0.846588
24.6 0.0341534
24.7 0.362087
24.8 1.38426
24.9 0.856371
25 0.546418
25.1 0.0531376
25.2 0.294331
25.3 0.396748
25.4 2.09841
25.5 0.0261587
25.6 0.106937
25.7 0.408884
25.8 0.164112
25.9 0.0421389
26 2.15522
26.1 0.268946
26.2 0.56046
26.3 0.0855663
26.4 0.468621
26.5 0.118605
26.6 0.177358
26.7 0.023688
26.8 0.0906723
26.9 0.525908
27 0.343832
27.1 0.366733
27.2 1.43206
27.3 1.26229
27.4 0.173452
27.5 1.40817
27.6 1.85106
27.7 0.0461384
27.8 0.732667
27.9 1.43031
28 2.85235
28.1 0.224129
28.2 0.0460497
28.3 0.20866
28.4 0.0951285
28.5 0.0175143
28.6 0.0874422
28.7 0.0485167
28.8 0.853676
28.9 0.248345
29 0.0310039
29.1 0.137459
29.2 0.234205
29.3 0.890899
29.4 0.0340517
29.5 0.521131
29.6 1.04896
29.7 0.443477
29.8 0.137488
29.9 0.023866
30 1.12825
30.1 0.597162
30.2 1.17544
30.3 0.43124
30.4 0.075619
30.5 0.597122
30.6 0.707934
30.7 0.0296681
30.8 0.543124
30.9 0.0214557
31 0.150489
31.1 0.123168
31.2 0.0378112
31.3 0.485711
31.4 0.136571
31.5 0.0367294
31.6 0.0298958
31.7 0.0210872
31.8 0.0209008
31.9 0.470012
32 0.1996
32.1 0.126387
32.2 0.0215477
32.3 0.151134
32.4 0.142313
32.5 2.11837
32.6 0.639299
32.7 0.163669
32.8 0.459491
32.9 0.234398
33 1.07178
33.1 2.99333
33.2 1.15143
33.3 0.27643
33.4 0.109944
33.5 0.0976945
33.6 0.467258
33.7 0.359509
33.8 1.65356
33.9 0.0344644
34 0.289142
34.1 3.63492
34.2 3.50851
34.3 3.38345
34.4 -1.19412
34.5 -1.06692
34.6 -1.55949
34.7 -1.53844
34.8 -0.514864
34.9 -1.48799
35 1.75595
35.1 2.73209
35.2 -0.818739
35.3 -0.983815
35.4 -1.2518
35.5 -0.454214
35.6 -1.56704
35.7 -1.54699
35.8 -1.57397
35.9 -1.27727
36 -1.57009
36.1 -1.48955
36.2 -1.3794
36.3 -0.735428
36.4 -1.48241
36.5 -1.1816
36.6 -1.54017
36.7 1.54519
36.8 -1.36125
36.9 -1.50285
37 -1.1775
37.1 -0.660769
37.2 1.39756
37.3 -1.5763
37.4 -1.53862
37.5 -1.57646
37.6 -1.40897
37.7 -0.767906
37.8 -1.13406
37.9 -1.48025
38 -0.305749
38.1 -1.18328
38.2 0.770419
38.3 -1.57152
38.4 -0.830782
38.5 -1.57381
38.6 -1.4842
38.7 -1.042
38.8 -0.96897
38.9 -1.5756
39 -1.07113
39.1 -0.226794
39.2 -1.03679
39.3 -1.57474
39.4 -1.57713
39.5 -1.43402
39.6 -0.607684
39.7 -1.51149
39.8 -0.693475
39.9 -1.50492
40 -1.48465
40.1 -1.51613
40.2 -0.893418
40.3 -1.39926
40.4 -1.37566
40.5 -0.833195
40.6 -1.31628
40.7 -1.43646
40.8 -0.35141
40.9 -1.50794
41 -1.56907
41.1 0.586391
41.2 -1.54151
41.3 -1.57892
41.4 0.0422559
41.5 -1.57739
41.6 -1.52238
41.7 2.73166
41.8 -1.22458
41.9 -0.860781
42 -1.14581
42.1 -1.4908
42.2 -1.37161
42.3 -1.21261
42.4 -1.45225
42.5 -0.971774
42.6 -0.609984
42.7 -1.55989
42.8 -1.53031
42.9 -1.39856
43 -1.53761
43.1 -1.55134
43.2 0.472982
43.3 -1.28501
43.4 -1.50777
43.5 -1.41299
43.6 1.42695
43.7 0.6087
43.8 -1.53745
43.9 -0.240312
44 -0.411792
44.1 -1.57786
44.2 -1.56947
44.3 -0.102505
44.4 -1.50216
44.5 -1.1823
44.6 -1.54488
44.7 -1.57874
44.8 -1.53891
44.9 -0.333976
45 -0.414891
45.1 -1.47118
45.2 -1.30753
45.3 -0.0282762
45.4 -0.845631
45.5 -1.28338
45.6 -1.57703
45.7 -1.02114
45.8 -1.53616
45.9 -1.56847
46 -1.16699
46.1 -0.885077
46.2 -0.934997
46.3 -1.52713
46.4 -1.49649
46.5 -1.57836
46.6 -1.41064
46.7 0.523156
46.8 -1.39137
46.9 -1.13631
47 -1.43642
47.1 -1.42422
47.2 -1.27482
47.3 -0.121857
47.4 -1.27402
47.5 -1.21199
47.6 -1.42362
47.7 0.357277
47.8 0.883661
47.9 -1.58378
48 -0.806999
48.1 -1.30106
48.2 -1.5777
48.3 -0.757943
48.4 -0.431688
48.5 -1.56921
48.6 -1.14472
48.7 -1.32246
48.8 -1.58111
48.9 -1.5687
49 -1.15616
49.1 -1.36701
49.2 -1.16302
49.3 -0.681702
49.4 2.40135
49.5 -1.54774
49.6 -1.34874
49.7 -1.33468
49.8 -1.5321
49.9 -1.58416
50 -1.58331
50.1 -0.830189
50.2 -1.58267
50.3 -1.29414
50.4 -1.36016
50.5 -0.96494
50.6 -1.56036
50.7 -1.55936
50.8 -0.748369
50.9 -1.46761
51 -1.41785
51.1 -1.15175
51.2 -0.427275
51.3 -1.55848
51.4 -1.44939
51.5 -0.431842
51.6 -1.21038
51.7 -1.57667
51.8 -1.36525
51.9 1.36262
52 -1.3439
52.1 -0.576787
52.2 -1.49546
52.3 -1.57544
52.4 -0.857892
52.5 -1.57624
52.6 -0.690312
52.7 -1.43856
52.8 -1.04972
52.9 -1.44611
53 -1.57272
53.1 -1.56047
53.2 -1.29409
53.3 -1.08808
53.4 -0.815232
53.5 -1.08508
53.6 -1.39805
53.7 -1.58605
53.8 -1.58481
53.9 -0.689584
54 -0.475156
54.1 -1.46653
54.2 -1.41163
54.3 0.416234
54.4 -0.746435
54.5 -1.55012
54.6 -0.841333
54.7 -1.48746
54.8 -1.484
54.9 -1.33831
55 -1.55867
55.1 0.447793
55.2 -1.48933
55.3 -1.45496
55.4 -1.58997
55.5 -0.598356
55.6 -1.42471
55.7 -0.985917
55.8 -1.58319
55.9 -1.27776
56 -1.03035
56.1 -1.35676
56.2 -1.56358
56.3 -1.5896
56.4 -1.33264
56.5 -1.29631
56.6 -1.59022
56.7 -1.48908
56.8 -1.44579
56.9 -1.32652
57 -1.34115
57.1 -1.5721
57.2 0.0553157
57.3 -1.34826
57.4 -1.43478
57.5 -0.934565
57.6 1.62442
57.7 -1.57952
57.8 0.94804
57.9 1.34618
58 -1.52843
58.1 -1.59054
58.2 -0.745953
58.3 -0.248812
58.4 -1.2713
58.5 -0.0620114
58.6 -1.59221
58.7 -1.53703
58.8 -1.30986
58.9 -1.46628
59 -1.41932
59.1 1.44686
59.2 -1.55879
59.3 -1.20796
59.4 -1.25686
59.5 -1.50644
59.6 -0.673668
59.7 -1.16199
59.8 -1.12799
59.9 -1.47629
60 -0.765015
60.1 -1.07693
60.2 -1.42679
60.3 -1.43301
60.4 -0.353968
60.5 -1.42806
60.6 -1.52031
60.7 -1.37721
60.8 -0.398686
60.9 -1.02711
61 -1.44423
61.1 -0.82526
61.2 -0.510232
61.3 -1.59098
61.4 -0.363126
61.5 -1.36269
61.6 -1.09253
61.7 -1.45077
61.8 2.07247
61.9 3.53349
62 -1.59876
62.1 -1.22798
62.2 -0.595755
62.3 -1.47346
62.4 -1.50463
62.5 -1.59401
62.6 1.12509
62.7 2.45338
62.8 -1.54562
62.9 -0.843123
63 1.50496
63.1 -1.17877
63.2 -0.807479
63.3 -1.53771
63.4 -1.59547
63.5 -1.10555
63.6 -1.56124
63.7 -1.20265
63.8 0.507337
63.9 -1.57603
64 -1.56984
64.1 -0.907449
64.2 -1.48538
64.3 -1.54476
64.4 -1.58302
64.5 -1.594
64.6 -1.34254
64.7 -0.697329
64.8 -1.56232
64.9 -1.39492
65 -0.74472
65.1 -1.5954
65.2 -1.45372
65.3 -1.55142
65.4 2.74692
65.5 -0.480307
65.6 -1.56791
65.7 -1.2531
65.8 -1.51845
65.9 -1.49035
66 -1.29051
66.1 -1.6061
66.2 -1.17411
66.3 -0.877738
66.4 -1.60958
66.5 -0.135297
66.6 -1.50264
66.7 -1.32979
66.8 -1.25622
66.9 0.515706
67 -1.16489
67.1 -1.02786
67.2 -1.55884
67.3 -0.370061
67.4 -1.58836
67.5 -0.95607
67.6 0.456961
67.7 1.42922
67.8 -1.55359
67.9 -0.74914
68 -1.59858
68.1 -1.43535
68.2 -1.03962
68.3 -1.3761
68.4 0.801554
68.5 -1.32061
68.6 -1.39499
68.7 -1.60227
68.8 -1.45213
68.9 1.15115
69 -0.151836
69.1 -1.49277
69.2 -1.48706
69.3 -0.630351
69.4 -1.55569
69.5 -1.59549
69.6 -1.59829
69.7 -1.59337
69.8 -1.53143
69.9 -0.640456
70 -0.842888
70.1 -1.60175
70.2 -1.55072
70.3 -1.57422
70.4 0.216614
70.5 -1.49392
70.6 -0.54342
70.7 -1.59999
70.8 -0.992512
70.9 -0.765144
71 -1.60006
71.1 -1.06887
71.2 -1.40135
71.3 -0.523417
71.4 -1.22002
71.5 -1.49286
71.6 -0.956628
71.7 -1.58897
71.8 -1.6071
71.9 -1.43763
72 -0.966939
72.1 -1.0204
72.2 -1.33774
72.3 -0.559281
72.4 -1.23279
72.5 0.12411
72.6 -1.6098
72.7 -1.45527
72.8 -1.58587
72.9 -1.44629
73 -1.31582
73.1 -1.61169
73.2 0.136357
73.3 -1.43014
73.4 -1.55891
73.5 -1.06921
73.6 -1.2174
73.7 -1.12791
73.8 -1.42507
73.9 -1.61525
74 -0.218554
74.1 0.653576
74.2 -1.4072
74.3 -1.27557
74.4 -1.42041
74.5 -1.2066
74.6 -1.16639
74.7 0.0424878
74.8 -0.279686
74.9 -0.751327
75 -1.47584
75.1 -0.188291
75.2 -1.43892
75.3 -1.51018
75.4 -1.50287
75.5 -1.6083
75.6 -1.06409
75.7 0.768623
75.8 -1.32049
75.9 -1.35381
76 -1.29105
76.1 -1.1858
76.2 -1.12941
76.3 -1.61
76.4 0.294804
76.5 -0.61047
76.6 -0.643981
76.7 0.0551353
76.8 0.235988
76.9 -1.56139
77 -1.35921
77.1 -1.1771
77.2 0.304727
77.3 -1.57431
77.4 -1.38339
77.5 -1.47947
77.6 -1.35787
77.7 -1.53404
77.8 -1.45972
77.9 -1.57243
78 -1.59466
78.1 -1.53357
78.2 -1.56945
78.3 -1.56594
78.4 -1.35337
78.5 -0.996273
78.6 0.0951618
78.7 -0.0654758
78.8 -1.37212
78.9 1.7754
79 1.3955
79.1 -0.967463
79.2 -1.27869
79.3 0.0781365
79.4 -1.42699
79.5 -1.22934
79.6 -1.31272
79.7 -0.905401
79.8 -1.58122
79.9 -1.61386
80 -1.51985
80.1 -1.38587
80.2 -1.52709
80.3 -1.31062
80.4 -1.31149
80.5 0.156559
80.6 -0.805549
80.7 -0.911206
80.8 -1.59303
80.9 -0.416112
81 -0.862607
81.1 -1.60134
81.2 -1.61585
81.3 -1.51432
81.4 -1.47919
81.5 -1.47907
81.6 -1.36201
81.7 -1.5159
81.8 -1.58358
81.9 -1.16375
82 -1.37481
82.1 -1.31662
82.2 -1.57946
82.3 -1.61649
82.4 -1.20824
82.5 -1.38608
82.6 -1.61241
82.7 -1.40466
82.8 -1.61364
82.9 -1.51902
83 -1.33457
83.1 -0.955729
83.2 -1.59963
83.3 -0.488667
83.4 -1.43683
83.5 -1.01336
83.6 -1.47335
83.7 0.278607
83.8 -1.4377
83.9 -1.61615
84 -1.61458
84.1 -1.39799
84.2 -1.44077
84.3 -1.6076
84.4 -1.60902
84.5 -0.517904
84.6 -1.42302
84.7 -0.974293
84.8 0.201253
84.9 -1.53646
85 -0.136725
85.1 -1.31804
85.2 -1.28628
85.3 -1.61601
85.4 -1.6065
85.5 -1.40935
85.6 -1.59175
85.7 -1.06931
85.8 -1.54705
85.9 -1.12528
86 -1.54921
86.1 -1.09095
86.2 -0.921409
86.3 1.04173
86.4 -1.59136
86.5 -0.78401
86.6 -1.27234
86.7 -1.50011
86.8 -0.364495
86.9 -1.61704
87 -1.50473
87.1 -1.56868
87.2 -1.39243
87.3 -1.59351
87.4 -1.40455
87.5 -1.03784
87.6 -1.14745
87.7 -1.60206
87.8 0.137629
87.9 -1.02309
88 -1.55772
88.1 -1.49569
88.2 -1.25236
88.3 -1.21153
88.4 -1.60784
88.5 -1.43928
88.6 -0.397614
88.7 -1.31361
88.8 -1.30966
88.9 -1.35404
89 -0.499927
89.1 -1.38827
89.2 -1.60791
89.3 -1.56628
89.4 -1.23211
89.5 -1.60718
89.6 -1.388
89.7 -1.24549
89.8 -1.60007
89.9 -0.372738
90 -1.60777
90.1 -1.61504
90.2 -1.36174
90.3 0.624276
90.4 -1.19966
90.5 -1.38565
90.6 -1.52726
90.7 0.885162
90.8 -1.37888
90.9 -1.61291
91 -0.991155
91.1 -1.06811
91.2 -0.912347
91.3 1.74039
91.4 -1.06409
91.5 -1.13867
91.6 -1.27068
91.7 1.84981
91.8 -1.56552
91.9 -1.26578
92 -0.821131
92.1 -0.285324
92.2 -1.21232
92.3 -1.50678
92.4 -0.996234
92.5 -0.544049
92.6 -1.12161
92.7 -1.35913
92.8 -0.298679
92.9 -1.61498
93 -0.83347
93.1 0.739565
93.2 0.161354
93.3 -1.38915
93.4 -1.50347
93.5 0.0759244
93.6 -1.59119
93.7 -1.37427
93.8 -1.16978
93.9 -1.36033
94 -1.6182
94.1 -1.61056
94.2 -1.4696
94.3 -0.407764
94.4 -0.719353
94.5 -0.853605
94.6 -0.821429
94.7 -1.58441
94.8 -1.32429
94.9 -1.59899
95 -1.61505
95.1 -1.07051
95.2 -1.15007
95.3 -1.38513
95.4 -0.691312
95.5 -1.50783
95.6 1.33994
95.7 -1.56109
95.8 -1.19659
95.9 -1.14469
96 1.02256
96.1 -1.61595
96.2 -0.719183
96.3 -1.47812
96.4 -1.61884
96.5 -0.977492
96.6 -1.60564
96.7 -1.59766
96.8 -1.11576
96.9 -1.62021
97 1.31643
97.1 -1.10994
97.2 -0.891656
97.3 -0.350714
97.4 -1.17214
97.5 -1.09237
97.6 -1.41799
97.7 -1.52983
97.8 -1.61888
97.9 -1.34195
98 -1.55046
98.1 -1.59521
98.2 -1.36821
98.3 -0.774706
98.4 -1.57122
98.5 -1.42171
98.6 -0.856358
98.7 -1.61959
98.8 -0.946747
98.9 -1.42843
99 -1.01673
99.1 0.707911
99.2 0.156334
99.3 0.332226
99.4 -1.61939
99.5 -0.635355
99.6 -1.35805
99.7 -0.562294
99.8 -1.60316
99.9 -1.61946
100 -1.6172
100.001 -1.55129
