3.5 4.99699
3.5015 4.93082
3.503 4.86495
3.5045 4.79937
3.506 4.73407
3.5075 4.66906
3.509 4.60434
3.51051 4.53991
3.51201 4.47576
3.51351 4.41189
3.51501 4.34831
3.51651 4.28501
3.51801 4.222
3.51951 4.15927
3.52101 4.09682
3.52251 4.03465
3.52401 3.97276
3.52551 3.91115
3.52701 3.84981
3.52851 3.78876
3.53002 3.72798
3.53152 3.66748
3.53302 3.60726
3.53452 3.54731
3.53602 3.48764
3.53752 3.42824
3.53902 3.36912
3.54052 3.31027
3.54202 3.25169
3.54352 3.19338
3.54502 3.13534
3.54652 3.07757
3.54802 3.02008
3.54952 2.96285
3.55103 2.90589
3.55253 2.8492
3.55403 2.79277
3.55553 2.73661
3.55703 2.68072
3.55853 2.62509
3.56003 2.56973
3.56153 2.51463
3.56303 2.4598
3.56453 2.40522
3.56603 2.35091
3.56753 2.29686
3.56903 2.24307
3.57054 2.18954
3.57204 2.13627
3.57354 2.08326
3.57504 2.03051
3.57654 1.97801
3.57804 1.92577
3.57954 1.87379
3.58104 1.82206
3.58254 1.77059
3.58404 1.71937
3.58554 1.66841
3.58704 1.61769
3.58854 1.56723
3.59005 1.51703
3.59155 1.46707
3.59305 1.41737
3.59455 1.36791
3.59605 1.3187
3.59755 1.26974
3.59905 1.22103
3.60055 1.17257
3.60205 1.12435
3.60355 1.07638
3.60505 1.02866
3.60655 0.981181
3.60805 0.933945
3.60955 0.886953
3.61106 0.840204
3.61256 0.793698
3.61406 0.747433
3.61556 0.70141
3.61706 0.655626
3.61856 0.610083
3.62006 0.564779
3.62156 0.519714
3.62306 0.474887
3.62456 0.430297
3.62606 0.385944
3.62756 0.341827
3.62906 0.297946
3.63057 0.254299
3.63207 0.210887
3.63357 0.167709
3.63507 0.124764
3.63657 0.0820515
3.63807 0.0395709
3.63957 -0.00267845
3.64107 -0.0446971
3.64257 -0.0864856
3.64407 -0.128045
3.64557 -0.169375
3.64707 -0.210477
3.64857 -0.251351
3.65008 -0.291998
3.65158 -0.332419
3.65308 -0.372614
3.65458 -0.412583
3.65608 -0.452328
3.65758 -0.491849
3.65908 -0.531147
3.66058 -0.570221
3.66208 -0.609074
3.66358 -0.647704
3.66508 -0.686114
3.66658 -0.724303
3.66808 -0.762273
3.66958 -0.800023
3.67109 -0.837554
3.67259 -0.874867
3.67409 -0.911963
3.67559 -0.948842
3.67709 -0.985504
3.67859 -1.02195
3.68009 -1.05818
3.68159 -1.0942
3.68309 -1.13
3.68459 -1.16559
3.68609 -1.20097
3.68759 -1.23614
3.68909 -1.27109
3.6906 -1.30583
3.6921 -1.34036
3.6936 -1.37469
3.6951 -1.4088
3.6966 -1.4427
3.6981 -1.4764
3.6996 -1.50989
3.7011 -1.54317
3.7026 -1.57624
3.7041 -1.60911
3.7056 -1.64178
3.7071 -1.67424
3.7086 -1.70649
3.71011 -1.73855
3.71161 -1.7704
3.71311 -1.80204
3.71461 -1.83349
3.71611 -1.86473
3.71761 -1.89578
3.71911 -1.92662
3.72061 -1.95726
3.72211 -1.98771
3.72361 -2.01796
3.72511 -2.04801
3.72661 -2.07786
3.72811 -2.10751
3.72961 -2.13697
3.73112 -2.16624
3.73262 -2.19531
3.73412 -2.22418
3.73562 -2.25286
3.73712 -2.28135
3.73862 -2.30965
3.74012 -2.33775
3.74162 -2.36566
3.74312 -2.39338
3.74462 -2.42092
3.74612 -2.44826
3.74762 -2.47541
3.74912 -2.50237
3.75063 -2.52915
3.75213 -2.55573
3.75363 -2.58213
3.75513 -2.60835
3.75663 -2.63438
3.75813 -2.66022
3.75963 -2.68588
3.76113 -2.71135
3.76263 -2.73664
3.76413 -2.76175
3.76563 -2.78667
3.76713 -2.81141
3.76863 -2.83597
3.77014 -2.86035
3.77164 -2.88455
3.77314 -2.90857
3.77464 -2.93241
3.77614 -2.95608
3.77764 -2.97956
3.77914 -3.00287
3.78064 -3.02599
3.78214 -3.04895
3.78364 -3.07172
3.78514 -3.09432
3.78664 -3.11675
3.78814 -3.139
3.78964 -3.16108
3.79115 -3.18298
3.79265 -3.20472
3.79415 -3.22628
3.79565 -3.24766
3.79715 -3.26888
3.79865 -3.28993
3.80015 -3.3108
3.80165 -3.33151
3.80315 -3.35205
3.80465 -3.37242
3.80615 -3.39262
3.80765 -3.41265
3.80915 -3.43252
3.81066 -3.45222
3.81216 -3.47176
3.81366 -3.49113
3.81516 -3.51033
3.81666 -3.52937
3.81816 -3.54825
3.81966 -3.56697
3.82116 -3.58552
3.82266 -3.60391
3.82416 -3.62214
3.82566 -3.6402
3.82716 -3.65811
3.82866 -3.67586
3.83017 -3.69344
3.83167 -3.71087
3.83317 -3.72814
3.83467 -3.74525
3.83617 -3.76221
3.83767 -3.77901
3.83917 -3.79565
3.84067 -3.81213
3.84217 -3.82846
3.84367 -3.84464
3.84517 -3.86066
3.84667 -3.87653
3.84817 -3.89224
3.84967 -3.9078
3.85118 -3.92321
3.85268 -3.93847
3.85418 -3.95358
3.85568 -3.96854
3.85718 -3.98334
3.85868 -3.998
3.86018 -4.0125
3.86168 -4.02686
3.86318 -4.04107
3.86468 -4.05514
3.86618 -4.06905
3.86768 -4.08282
3.86918 -4.09645
3.87069 -4.10992
3.87219 -4.12326
3.87369 -4.13644
3.87519 -4.14949
3.87669 -4.16239
3.87819 -4.17515
3.87969 -4.18776
3.88119 -4.20023
3.88269 -4.21257
3.88419 -4.22476
3.88569 -4.23681
3.88719 -4.24872
3.88869 -4.26049
3.8902 -4.27212
3.8917 -4.28361
3.8932 -4.29496
3.8947 -4.30618
3.8962 -4.31726
3.8977 -4.3282
3.8992 -4.33901
3.9007 -4.34968
3.9022 -4.36022
3.9037 -4.37062
3.9052 -4.38089
3.9067 -4.39102
3.9082 -4.40103
3.9097 -4.41089
3.91121 -4.42063
3.91271 -4.43024
3.91421 -4.43971
3.91571 -4.44905
3.91721 -4.45826
3.91871 -4.46735
3.92021 -4.4763
3.92171 -4.48512
3.92321 -4.49382
3.92471 -4.50239
3.92621 -4.51083
3.92771 -4.51915
3.92921 -4.52733
3.93072 -4.5354
3.93222 -4.54333
3.93372 -4.55114
3.93522 -4.55883
3.93672 -4.5664
3.93822 -4.57384
3.93972 -4.58115
3.94122 -4.58835
3.94272 -4.59542
3.94422 -4.60237
3.94572 -4.6092
3.94722 -4.61591
3.94872 -4.6225
3.95023 -4.62897
3.95173 -4.63532
3.95323 -4.64155
3.95473 -4.64766
3.95623 -4.65365
3.95773 -4.65953
3.95923 -4.66529
3.96073 -4.67094
3.96223 -4.67646
3.96373 -4.68188
3.96523 -4.68717
3.96673 -4.69236
3.96823 -4.69742
3.96973 -4.70238
3.97124 -4.70722
3.97274 -4.71195
3.97424 -4.71657
3.97574 -4.72107
3.97724 -4.72547
3.97874 -4.72975
3.98024 -4.73392
3.98174 -4.73798
3.98324 -4.74193
3.98474 -4.74578
3.98624 -4.74951
3.98774 -4.75314
3.98924 -4.75666
3.99075 -4.76007
3.99225 -4.76337
3.99375 -4.76657
3.99525 -4.76967
3.99675 -4.77265
3.99825 -4.77553
3.99975 -4.77831
4.00125 -4.78098
4.00275 -4.78355
4.00425 -4.78602
4.00575 -4.78838
4.00725 -4.79064
4.00875 -4.7928
4.01026 -4.79486
4.01176 -4.79682
4.01326 -4.79867
4.01476 -4.80043
4.01626 -4.80208
4.01776 -4.80364
4.01926 -4.8051
4.02076 -4.80646
4.02226 -4.80772
4.02376 -4.80889
4.02526 -4.80995
4.02676 -4.81092
4.02826 -4.8118
4.02976 -4.81258
4.03127 -4.81326
4.03277 -4.81385
4.03427 -4.81434
4.03577 -4.81474
4.03727 -4.81505
4.03877 -4.81526
4.04027 -4.81538
4.04177 -4.81541
4.04327 -4.81534
4.04477 -4.81519
4.04627 -4.81494
4.04777 -4.8146
4.04927 -4.81417
4.05078 -4.81366
4.05228 -4.81305
4.05378 -4.81236
4.05528 -4.81157
4.05678 -4.8107
4.05828 -4.80974
4.05978 -4.80869
4.06128 -4.80756
4.06278 -4.80634
4.06428 -4.80503
4.06578 -4.80364
4.06728 -4.80216
4.06878 -4.8006
4.07029 -4.79896
4.07179 -4.79723
4.07329 -4.79541
4.07479 -4.79352
4.07629 -4.79154
4.07779 -4.78948
4.07929 -4.78734
4.08079 -4.78511
4.08229 -4.78281
4.08379 -4.78042
4.08529 -4.77795
4.08679 -4.77541
4.08829 -4.77278
4.08979 -4.77008
4.0913 -4.7673
4.0928 -4.76444
4.0943 -4.7615
4.0958 -4.75848
4.0973 -4.75539
4.0988 -4.75222
4.1003 -4.74897
4.1018 -4.74565
4.1033 -4.74226
4.1048 -4.73878
4.1063 -4.73524
4.1078 -4.73162
4.1093 -4.72792
4.11081 -4.72416
4.11231 -4.72032
4.11381 -4.71641
4.11531 -4.71242
4.11681 -4.70836
4.11831 -4.70424
4.11981 -4.70004
4.12131 -4.69577
4.12281 -4.69143
4.12431 -4.68702
4.12581 -4.68254
4.12731 -4.678
4.12881 -4.67338
4.13032 -4.6687
4.13182 -4.66394
4.13332 -4.65912
4.13482 -4.65424
4.13632 -4.64928
4.13782 -4.64427
4.13932 -4.63918
4.14082 -4.63403
4.14232 -4.62881
4.14382 -4.62353
4.14532 -4.61819
4.14682 -4.61278
4.14832 -4.60731
4.14982 -4.60177
4.15133 -4.59617
4.15283 -4.59051
4.15433 -4.58479
4.15583 -4.57901
4.15733 -4.57316
4.15883 -4.56725
4.16033 -4.56129
4.16183 -4.55526
4.16333 -4.54917
4.16483 -4.54302
4.16633 -4.53682
4.16783 -4.53055
4.16933 -4.52423
4.17084 -4.51785
4.17234 -4.51141
4.17384 -4.50492
4.17534 -4.49836
4.17684 -4.49176
4.17834 -4.48509
4.17984 -4.47837
4.18134 -4.4716
4.18284 -4.46476
4.18434 -4.45788
4.18584 -4.45094
4.18734 -4.44395
4.18884 -4.4369
4.19035 -4.4298
4.19185 -4.42265
4.19335 -4.41544
4.19485 -4.40818
4.19635 -4.40087
4.19785 -4.39351
4.19935 -4.3861
4.20085 -4.37864
4.20235 -4.37113
4.20385 -4.36356
4.20535 -4.35595
4.20685 -4.34829
4.20835 -4.34058
4.20985 -4.33282
4.21136 -4.32501
4.21286 -4.31716
4.21436 -4.30926
4.21586 -4.30131
4.21736 -4.29331
4.21886 -4.28527
4.22036 -4.27718
4.22186 -4.26905
4.22336 -4.26087
4.22486 -4.25264
4.22636 -4.24437
4.22786 -4.23606
4.22936 -4.2277
4.23087 -4.2193
4.23237 -4.21086
4.23387 -4.20237
4.23537 -4.19384
4.23687 -4.18527
4.23837 -4.17665
4.23987 -4.168
4.24137 -4.1593
4.24287 -4.15056
4.24437 -4.14178
4.24587 -4.13297
4.24737 -4.12411
4.24887 -4.11521
4.25038 -4.10627
4.25188 -4.0973
4.25338 -4.08828
4.25488 -4.07923
4.25638 -4.07014
4.25788 -4.06101
4.25938 -4.05184
4.26088 -4.04264
4.26238 -4.0334
4.26388 -4.02413
4.26538 -4.01482
4.26688 -4.00547
4.26838 -3.99609
4.26988 -3.98667
4.27139 -3.97722
4.27289 -3.96774
4.27439 -3.95822
4.27589 -3.94866
4.27739 -3.93908
4.27889 -3.92946
4.28039 -3.91981
4.28189 -3.91012
4.28339 -3.90041
4.28489 -3.89066
4.28639 -3.88088
4.28789 -3.87107
4.28939 -3.86123
4.2909 -3.85136
4.2924 -3.84146
4.2939 -3.83153
4.2954 -3.82156
4.2969 -3.81158
4.2984 -3.80156
4.2999 -3.79151
4.3014 -3.78143
4.3029 -3.77133
4.3044 -3.7612
4.3059 -3.75104
4.3074 -3.74086
4.3089 -3.73065
4.31041 -3.72041
4.31191 -3.71015
4.31341 -3.69986
4.31491 -3.68954
4.31641 -3.6792
4.31791 -3.66884
4.31941 -3.65845
4.32091 -3.64803
4.32241 -3.6376
4.32391 -3.62714
4.32541 -3.61665
4.32691 -3.60614
4.32841 -3.59562
4.32991 -3.58506
4.33142 -3.57449
4.33292 -3.56389
4.33442 -3.55328
4.33592 -3.54264
4.33742 -3.53198
4.33892 -3.5213
4.34042 -3.5106
4.34192 -3.49988
4.34342 -3.48914
4.34492 -3.47838
4.34642 -3.4676
4.34792 -3.4568
4.34942 -3.44599
4.35093 -3.43515
4.35243 -3.4243
4.35393 -3.41343
4.35543 -3.40254
4.35693 -3.39164
4.35843 -3.38072
4.35993 -3.36978
4.36143 -3.35883
4.36293 -3.34786
4.36443 -3.33687
4.36593 -3.32587
4.36743 -3.31486
4.36893 -3.30383
4.37044 -3.29278
4.37194 -3.28172
4.37344 -3.27065
4.37494 -3.25956
4.37644 -3.24846
4.37794 -3.23735
4.37944 -3.22622
4.38094 -3.21509
4.38244 -3.20393
4.38394 -3.19277
4.38544 -3.1816
4.38694 -3.17041
4.38844 -3.15921
4.38994 -3.14801
4.39145 -3.13679
4.39295 -3.12556
4.39445 -3.11432
4.39595 -3.10307
4.39745 -3.09181
4.39895 -3.08054
4.40045 -3.06927
4.40195 -3.05798
4.40345 -3.04669
4.40495 -3.03539
4.40645 -3.02408
4.40795 -3.01276
4.40945 -3.00143
4.41096 -2.9901
4.41246 -2.97876
4.41396 -2.96742
4.41546 -2.95606
4.41696 -2.9447
4.41846 -2.93334
4.41996 -2.92197
4.42146 -2.9106
4.42296 -2.89922
4.42446 -2.88783
4.42596 -2.87644
4.42746 -2.86505
4.42896 -2.85365
4.43047 -2.84225
4.43197 -2.83084
4.43347 -2.81944
4.43497 -2.80803
4.43647 -2.79661
4.43797 -2.78519
4.43947 -2.77378
4.44097 -2.76236
4.44247 -2.75093
4.44397 -2.73951
4.44547 -2.72808
4.44697 -2.71666
4.44847 -2.70523
4.44997 -2.6938
4.45148 -2.68238
4.45298 -2.67095
4.45448 -2.65952
4.45598 -2.64809
4.45748 -2.63667
4.45898 -2.62524
4.46048 -2.61382
4.46198 -2.60239
4.46348 -2.59097
4.46498 -2.57955
4.46648 -2.56814
4.46798 -2.55672
4.46948 -2.54531
4.47099 -2.5339
4.47249 -2.5225
4.47399 -2.51109
4.47549 -2.49969
4.47699 -2.4883
4.47849 -2.47691
4.47999 -2.46552
4.48149 -2.45414
4.48299 -2.44276
4.48449 -2.43139
4.48599 -2.42002
4.48749 -2.40866
4.48899 -2.3973
4.4905 -2.38595
4.492 -2.37461
4.4935 -2.36327
4.495 -2.35194
4.4965 -2.34061
4.498 -2.3293
4.4995 -2.31799
4.501 -2.30668
4.5025 -2.29539
4.504 -2.2841
4.5055 -2.27282
4.507 -2.26155
4.5085 -2.25029
4.51001 -2.23904
4.51151 -2.22779
4.51301 -2.21656
4.51451 -2.20533
4.51601 -2.19412
4.51751 -2.18291
4.51901 -2.17172
4.52051 -2.16053
4.52201 -2.14936
4.52351 -2.13819
4.52501 -2.12704
4.52651 -2.1159
4.52801 -2.10477
4.52951 -2.09365
4.53102 -2.08254
4.53252 -2.07144
4.53402 -2.06036
4.53552 -2.04929
4.53702 -2.03823
4.53852 -2.02719
4.54002 -2.01616
4.54152 -2.00514
4.54302 -1.99413
4.54452 -1.98314
4.54602 -1.97216
4.54752 -1.9612
4.54902 -1.95025
4.55053 -1.93932
4.55203 -1.9284
4.55353 -1.91749
4.55503 -1.9066
4.55653 -1.89573
4.55803 -1.88487
4.55953 -1.87403
4.56103 -1.8632
4.56253 -1.85239
4.56403 -1.84159
4.56553 -1.83081
4.56703 -1.82005
4.56853 -1.8093
4.57004 -1.79858
4.57154 -1.78787
4.57304 -1.77717
4.57454 -1.7665
4.57604 -1.75584
4.57754 -1.7452
4.57904 -1.73458
4.58054 -1.72397
4.58204 -1.71339
4.58354 -1.70282
4.58504 -1.69228
4.58654 -1.68175
4.58804 -1.67124
4.58954 -1.66075
4.59105 -1.65028
4.59255 -1.63983
4.59405 -1.6294
4.59555 -1.61899
4.59705 -1.6086
4.59855 -1.59823
4.60005 -1.58789
4.60155 -1.57756
4.60305 -1.56726
4.60455 -1.55697
4.60605 -1.54671
4.60755 -1.53647
4.60905 -1.52625
4.61056 -1.51605
4.61206 -1.50588
4.61356 -1.49572
4.61506 -1.48559
4.61656 -1.47549
4.61806 -1.4654
4.61956 -1.45534
4.62106 -1.4453
4.62256 -1.43529
4.62406 -1.4253
4.62556 -1.41533
4.62706 -1.40539
4.62856 -1.39547
4.63007 -1.38557
4.63157 -1.3757
4.63307 -1.36586
4.63457 -1.35603
4.63607 -1.34624
4.63757 -1.33647
4.63907 -1.32672
4.64057 -1.317
4.64207 -1.3073
4.64357 -1.29763
4.64507 -1.28799
4.64657 -1.27837
4.64807 -1.26878
4.64957 -1.25921
4.65108 -1.24967
4.65258 -1.24016
4.65408 -1.23068
4.65558 -1.22122
4.65708 -1.21179
4.65858 -1.20238
4.66008 -1.19301
4.66158 -1.18366
4.66308 -1.17434
4.66458 -1.16504
4.66608 -1.15578
4.66758 -1.14654
4.66908 -1.13733
4.67059 -1.12815
4.67209 -1.119
4.67359 -1.10987
4.67509 -1.10078
4.67659 -1.09172
4.67809 -1.08268
4.67959 -1.07367
4.68109 -1.0647
4.68259 -1.05575
4.68409 -1.04683
4.68559 -1.03794
4.68709 -1.02908
4.68859 -1.02026
4.6901 -1.01146
4.6916 -1.00269
4.6931 -0.993956
4.6946 -0.98525
4.6961 -0.976576
4.6976 -0.967932
4.6991 -0.95932
4.7006 -0.950738
4.7021 -0.942189
4.7036 -0.93367
4.7051 -0.925184
4.7066 -0.916729
4.7081 -0.908306
4.7096 -0.899916
4.71111 -0.891557
4.71261 -0.883231
4.71411 -0.874938
4.71561 -0.866677
4.71711 -0.858448
4.71861 -0.850253
4.72011 -0.84209
4.72161 -0.833961
4.72311 -0.825865
4.72461 -0.817802
4.72611 -0.809773
4.72761 -0.801777
4.72911 -0.793815
4.73062 -0.785887
4.73212 -0.777993
4.73362 -0.770133
4.73512 -0.762307
4.73662 -0.754516
4.73812 -0.746758
4.73962 -0.739036
4.74112 -0.731348
4.74262 -0.723695
4.74412 -0.716077
4.74562 -0.708494
4.74712 -0.700945
4.74862 -0.693433
4.75013 -0.685955
4.75163 -0.678513
4.75313 -0.671107
4.75463 -0.663736
4.75613 -0.656401
4.75763 -0.649102
4.75913 -0.64184
4.76063 -0.634613
4.76213 -0.627422
4.76363 -0.620268
4.76513 -0.61315
4.76663 -0.606069
4.76813 -0.599024
4.76963 -0.592017
4.77114 -0.585046
4.77264 -0.578112
4.77414 -0.571215
4.77564 -0.564355
4.77714 -0.557533
4.77864 -0.550747
4.78014 -0.544
4.78164 -0.53729
4.78314 -0.530617
4.78464 -0.523983
4.78614 -0.517386
4.78764 -0.510827
4.78914 -0.504307
4.79065 -0.497824
4.79215 -0.49138
4.79365 -0.484974
4.79515 -0.478606
4.79665 -0.472277
4.79815 -0.465987
4.79965 -0.459735
4.80115 -0.453522
4.80265 -0.447348
4.80415 -0.441213
4.80565 -0.435117
4.80715 -0.42906
4.80865 -0.423042
4.81016 -0.417064
4.81166 -0.411125
4.81316 -0.405225
4.81466 -0.399365
4.81616 -0.393545
4.81766 -0.387765
4.81916 -0.382024
4.82066 -0.376323
4.82216 -0.370662
4.82366 -0.365041
4.82516 -0.359461
4.82666 -0.35392
4.82816 -0.34842
4.82966 -0.34296
4.83117 -0.337541
4.83267 -0.332162
4.83417 -0.326824
4.83567 -0.321527
4.83717 -0.31627
4.83867 -0.311054
4.84017 -0.305879
4.84167 -0.300745
4.84317 -0.295652
4.84467 -0.2906
4.84617 -0.285589
4.84767 -0.280619
4.84917 -0.275691
4.85068 -0.270804
4.85218 -0.265959
4.85368 -0.261155
4.85518 -0.256393
4.85668 -0.251672
4.85818 -0.246993
4.85968 -0.242356
4.86118 -0.23776
4.86268 -0.233207
4.86418 -0.228695
4.86568 -0.224226
4.86718 -0.219798
4.86868 -0.215413
4.87019 -0.21107
4.87169 -0.206769
4.87319 -0.202511
4.87469 -0.198295
4.87619 -0.194121
4.87769 -0.18999
4.87919 -0.185901
4.88069 -0.181855
4.88219 -0.177852
4.88369 -0.173891
4.88519 -0.169973
4.88669 -0.166098
4.88819 -0.162265
4.88969 -0.158476
4.8912 -0.154729
4.8927 -0.151026
4.8942 -0.147365
4.8957 -0.143748
4.8972 -0.140174
4.8987 -0.136643
4.9002 -0.133155
4.9017 -0.129711
4.9032 -0.12631
4.9047 -0.122952
4.9062 -0.119637
4.9077 -0.116366
4.9092 -0.113139
4.91071 -0.109955
4.91221 -0.106815
4.91371 -0.103718
4.91521 -0.100665
4.91671 -0.0976559
4.91821 -0.0946903
4.91971 -0.0917685
4.92121 -0.0888905
4.92271 -0.0860563
4.92421 -0.083266
4.92571 -0.0805196
4.92721 -0.0778172
4.92871 -0.0751587
4.93022 -0.0725442
4.93172 -0.0699738
4.93322 -0.0674474
4.93472 -0.0649652
4.93622 -0.0625271
4.93772 -0.0601331
4.93922 -0.0577833
4.94072 -0.0554778
4.94222 -0.0532165
4.94372 -0.0509994
4.94522 -0.0488267
4.94672 -0.0466982
4.94822 -0.0446141
4.94972 -0.0425744
4.95123 -0.0405791
4.95273 -0.0386281
4.95423 -0.0367216
4.95573 -0.0348596
4.95723 -0.033042
4.95873 -0.0312689
4.96023 -0.0295404
4.96173 -0.0278563
4.96323 -0.0262168
4.96473 -0.0246219
4.96623 -0.0230716
4.96773 -0.0215658
4.96923 -0.0201047
4.97074 -0.0186881
4.97224 -0.0173163
4.97374 -0.015989
4.97524 -0.0147065
4.97674 -0.0134686
4.97824 -0.0122754
4.97974 -0.0111268
4.98124 -0.010023
4.98274 -0.00896393
4.98424 -0.00794954
4.98574 -0.00697989
4.98724 -0.00605497
4.98874 -0.0051748
4.99025 -0.00433936
4.99175 -0.00354868
4.99325 -0.00280276
4.99475 -0.00210159
4.99625 -0.00144518
4.99775 -0.000833535
4.99925 -0.000266654
5.00075 0.000255463
5.00225 0.000732814
5.00375 0.0011654
5.00525 0.00155323
5.00675 0.00189629
5.00825 0.0021946
5.00975 0.00244815
5.01126 0.00265695
5.01276 0.002821
5.01426 0.00294032
5.01576 0.0030149
5.01726 0.00304475
5.01876 0.00302988
5.02026 0.0029703
5.02176 0.00286601
5.02326 0.00271704
5.02476 0.00252337
5.02626 0.00228504
5.02776 0.00200204
5.02926 0.00167439
5.03077 0.0013021
5.03227 0.00088519
5.03377 0.00042367
5.03527 -8.24459e-05
5.03677 -0.000633141
5.03827 -0.0012284
5.03977 -0.00186821
5.04127 -0.00255254
5.04277 -0.00328139
5.04427 -0.00405473
5.04577 -0.00487254
5.04727 -0.0057348
5.04877 -0.0066415
5.05028 -0.00759261
5.05178 -0.0085881
5.05328 -0.00962797
5.05478 -0.0107122
5.05628 -0.0118407
5.05778 -0.0130135
5.05928 -0.0142306
5.06078 -0.0154919
5.06228 -0.0167975
5.06378 -0.0181472
5.06528 -0.0195411
5.06678 -0.0209791
5.06828 -0.0224612
5.06978 -0.0239874
5.07129 -0.0255576
5.07279 -0.0271719
5.07429 -0.0288301
5.07579 -0.0305322
5.07729 -0.0322783
5.07879 -0.0340683
5.08029 -0.035902
5.08179 -0.0377796
5.08329 -0.039701
5.08479 -0.0416661
5.08629 -0.0436749
5.08779 -0.0457273
5.08929 -0.0478234
5.0908 -0.049963
5.0923 -0.0521462
5.0938 -0.0543729
5.0953 -0.056643
5.0968 -0.0589565
5.0983 -0.0613134
5.0998 -0.0637137
5.1013 -0.0661572
5.1028 -0.068644
5.1043 -0.0711739
5.1058 -0.073747
5.1073 -0.0763632
5.1088 -0.0790224
5.11031 -0.0817247
5.11181 -0.0844699
5.11331 -0.087258
5.11481 -0.090089
5.11631 -0.0929627
5.11781 -0.0958792
5.11931 -0.0988385
5.12081 -0.10184
5.12231 -0.104885
5.12381 -0.107972
5.12531 -0.111101
5.12681 -0.114273
5.12831 -0.117487
5.12981 -0.120744
5.13132 -0.124043
5.13282 -0.127384
5.13432 -0.130767
5.13582 -0.134192
5.13732 -0.13766
5.13882 -0.141169
5.14032 -0.14472
5.14182 -0.148313
5.14332 -0.151948
5.14482 -0.155624
5.14632 -0.159342
5.14782 -0.163102
5.14932 -0.166903
5.15083 -0.170746
5.15233 -0.17463
5.15383 -0.178555
5.15533 -0.182522
5.15683 -0.186529
5.15833 -0.190578
5.15983 -0.194668
5.16133 -0.198799
5.16283 -0.202971
5.16433 -0.207183
5.16583 -0.211436
5.16733 -0.21573
5.16883 -0.220065
5.17034 -0.22444
5.17184 -0.228856
5.17334 -0.233311
5.17484 -0.237808
5.17634 -0.242344
5.17784 -0.246921
5.17934 -0.251537
5.18084 -0.256194
5.18234 -0.26089
5.18384 -0.265627
5.18534 -0.270403
5.18684 -0.275218
5.18834 -0.280074
5.18984 -0.284968
5.19135 -0.289902
5.19285 -0.294876
5.19435 -0.299889
5.19585 -0.30494
5.19735 -0.310031
5.19885 -0.315161
5.20035 -0.32033
5.20185 -0.325537
5.20335 -0.330784
5.20485 -0.336068
5.20635 -0.341392
5.20785 -0.346753
5.20935 -0.352154
5.21086 -0.357592
5.21236 -0.363068
5.21386 -0.368583
5.21536 -0.374136
5.21686 -0.379726
5.21836 -0.385354
5.21986 -0.39102
5.22136 -0.396723
5.22286 -0.402464
5.22436 -0.408242
5.22586 -0.414058
5.22736 -0.41991
5.22886 -0.4258
5.23037 -0.431727
5.23187 -0.43769
5.23337 -0.443691
5.23487 -0.449728
5.23637 -0.455801
5.23787 -0.461911
5.23937 -0.468058
5.24087 -0.47424
5.24237 -0.480459
5.24387 -0.486714
5.24537 -0.493004
5.24687 -0.499331
5.24837 -0.505693
5.24987 -0.512091
5.25138 -0.518524
5.25288 -0.524992
5.25438 -0.531496
5.25588 -0.538035
5.25738 -0.544609
5.25888 -0.551218
5.26038 -0.557861
5.26188 -0.56454
5.26338 -0.571253
5.26488 -0.578
5.26638 -0.584782
5.26788 -0.591597
5.26938 -0.598447
5.27089 -0.605331
5.27239 -0.612249
5.27389 -0.619201
5.27539 -0.626186
5.27689 -0.633204
5.27839 -0.640256
5.27989 -0.647341
5.28139 -0.654459
5.28289 -0.661611
5.28439 -0.668795
5.28589 -0.676011
5.28739 -0.683261
5.28889 -0.690543
5.2904 -0.697857
5.2919 -0.705203
5.2934 -0.712582
5.2949 -0.719992
5.2964 -0.727434
5.2979 -0.734908
5.2994 -0.742414
5.3009 -0.749951
5.3024 -0.757519
5.3039 -0.765118
5.3054 -0.772749
5.3069 -0.78041
5.3084 -0.788102
5.3099 -0.795825
5.31141 -0.803578
5.31291 -0.811361
5.31441 -0.819175
5.31591 -0.827019
5.31741 -0.834892
5.31891 -0.842796
5.32041 -0.850729
5.32191 -0.858691
5.32341 -0.866683
5.32491 -0.874704
5.32641 -0.882754
5.32791 -0.890833
5.32941 -0.898941
5.33092 -0.907077
5.33242 -0.915242
5.33392 -0.923435
5.33542 -0.931656
5.33692 -0.939906
5.33842 -0.948183
5.33992 -0.956488
5.34142 -0.96482
5.34292 -0.97318
5.34442 -0.981567
5.34592 -0.989982
5.34742 -0.998423
5.34892 -1.00689
5.35043 -1.01539
5.35193 -1.02391
5.35343 -1.03245
5.35493 -1.04103
5.35643 -1.04963
5.35793 -1.05825
5.35943 -1.0669
5.36093 -1.07558
5.36243 -1.08428
5.36393 -1.09301
5.36543 -1.10176
5.36693 -1.11054
5.36843 -1.11934
5.36993 -1.12817
5.37144 -1.13702
5.37294 -1.1459
5.37444 -1.15479
5.37594 -1.16372
5.37744 -1.17266
5.37894 -1.18163
5.38044 -1.19063
5.38194 -1.19965
5.38344 -1.20869
5.38494 -1.21775
5.38644 -1.22683
5.38794 -1.23594
5.38944 -1.24507
5.39095 -1.25423
5.39245 -1.2634
5.39395 -1.2726
5.39545 -1.28182
5.39695 -1.29106
5.39845 -1.30032
5.39995 -1.3096
5.40145 -1.3189
5.40295 -1.32823
5.40445 -1.33757
5.40595 -1.34694
5.40745 -1.35632
5.40895 -1.36573
5.41046 -1.37515
5.41196 -1.3846
5.41346 -1.39406
5.41496 -1.40355
5.41646 -1.41305
5.41796 -1.42257
5.41946 -1.43211
5.42096 -1.44167
5.42246 -1.45125
5.42396 -1.46084
5.42546 -1.47046
5.42696 -1.48009
5.42846 -1.48974
5.42996 -1.4994
5.43147 -1.50909
5.43297 -1.51879
5.43447 -1.52851
5.43597 -1.53824
5.43747 -1.54799
5.43897 -1.55776
5.44047 -1.56754
5.44197 -1.57734
5.44347 -1.58716
5.44497 -1.59699
5.44647 -1.60683
5.44797 -1.61669
5.44947 -1.62657
5.45098 -1.63646
5.45248 -1.64636
5.45398 -1.65628
5.45548 -1.66622
5.45698 -1.67616
5.45848 -1.68613
5.45998 -1.6961
5.46148 -1.70609
5.46298 -1.71609
5.46448 -1.7261
5.46598 -1.73613
5.46748 -1.74617
5.46898 -1.75622
5.47049 -1.76628
5.47199 -1.77635
5.47349 -1.78644
5.47499 -1.79654
5.47649 -1.80665
5.47799 -1.81677
5.47949 -1.8269
5.48099 -1.83704
5.48249 -1.84719
5.48399 -1.85735
5.48549 -1.86752
5.48699 -1.8777
5.48849 -1.8879
5.48999 -1.8981
5.4915 -1.9083
5.493 -1.91852
5.4945 -1.92875
5.496 -1.93898
5.4975 -1.94923
5.499 -1.95948
5.5005 -1.96974
5.502 -1.98
5.5035 -1.99027
5.505 -2.00055
5.5065 -2.01084
5.508 -2.02114
5.5095 -2.03144
5.51101 -2.04174
5.51251 -2.05205
5.51401 -2.06237
5.51551 -2.07269
5.51701 -2.08302
5.51851 -2.09336
5.52001 -2.10369
5.52151 -2.11404
5.52301 -2.12438
5.52451 -2.13473
5.52601 -2.14509
5.52751 -2.15545
5.52901 -2.16581
5.53052 -2.17617
5.53202 -2.18654
5.53352 -2.19691
5.53502 -2.20729
5.53652 -2.21766
5.53802 -2.22804
5.53952 -2.23842
5.54102 -2.2488
5.54252 -2.25918
5.54402 -2.26956
5.54552 -2.27994
5.54702 -2.29032
5.54852 -2.30071
5.55003 -2.31109
5.55153 -2.32148
5.55303 -2.33186
5.55453 -2.34224
5.55603 -2.35262
5.55753 -2.363
5.55903 -2.37338
5.56053 -2.38376
5.56203 -2.39413
5.56353 -2.4045
5.56503 -2.41487
5.56653 -2.42524
5.56803 -2.4356
5.56953 -2.44596
5.57104 -2.45632
5.57254 -2.46667
5.57404 -2.47702
5.57554 -2.48737
5.57704 -2.49771
5.57854 -2.50804
5.58004 -2.51838
5.58154 -2.5287
5.58304 -2.53902
5.58454 -2.54933
5.58604 -2.55964
5.58754 -2.56994
5.58904 -2.58024
5.59055 -2.59053
5.59205 -2.60081
5.59355 -2.61108
5.59505 -2.62135
5.59655 -2.63161
5.59805 -2.64186
5.59955 -2.6521
5.60105 -2.66233
5.60255 -2.67255
5.60405 -2.68277
5.60555 -2.69297
5.60705 -2.70317
5.60855 -2.71335
5.61006 -2.72353
5.61156 -2.73369
5.61306 -2.74384
5.61456 -2.75398
5.61606 -2.76411
5.61756 -2.77423
5.61906 -2.78434
5.62056 -2.79443
5.62206 -2.80452
5.62356 -2.81458
5.62506 -2.82464
5.62656 -2.83468
5.62806 -2.84471
5.62956 -2.85473
5.63107 -2.86473
5.63257 -2.87471
5.63407 -2.88468
5.63557 -2.89464
5.63707 -2.90458
5.63857 -2.91451
5.64007 -2.92442
5.64157 -2.93431
5.64307 -2.94419
5.64457 -2.95405
5.64607 -2.96389
5.64757 -2.97371
5.64907 -2.98352
5.65058 -2.99331
5.65208 -3.00308
5.65358 -3.01284
5.65508 -3.02257
5.65658 -3.03229
5.65808 -3.04198
5.65958 -3.05166
5.66108 -3.06131
5.66258 -3.07095
5.66408 -3.08056
5.66558 -3.09016
5.66708 -3.09973
5.66858 -3.10928
5.67009 -3.11881
5.67159 -3.12832
5.67309 -3.13781
5.67459 -3.14727
5.67609 -3.15671
5.67759 -3.16613
5.67909 -3.17552
5.68059 -3.18489
5.68209 -3.19423
5.68359 -3.20355
5.68509 -3.21285
5.68659 -3.22212
5.68809 -3.23136
5.68959 -3.24058
5.6911 -3.24978
5.6926 -3.25894
5.6941 -3.26809
5.6956 -3.2772
5.6971 -3.28629
5.6986 -3.29534
5.7001 -3.30438
5.7016 -3.31338
5.7031 -3.32235
5.7046 -3.3313
5.7061 -3.34021
5.7076 -3.3491
5.7091 -3.35796
5.71061 -3.36678
5.71211 -3.37558
5.71361 -3.38435
5.71511 -3.39308
5.71661 -3.40179
5.71811 -3.41046
5.71961 -3.4191
5.72111 -3.42771
5.72261 -3.43628
5.72411 -3.44482
5.72561 -3.45333
5.72711 -3.46181
5.72861 -3.47025
5.73012 -3.47865
5.73162 -3.48703
5.73312 -3.49536
5.73462 -3.50367
5.73612 -3.51193
5.73762 -3.52016
5.73912 -3.52836
5.74062 -3.53652
5.74212 -3.54464
5.74362 -3.55272
5.74512 -3.56077
5.74662 -3.56878
5.74812 -3.57675
5.74962 -3.58468
5.75113 -3.59257
5.75263 -3.60043
5.75413 -3.60824
5.75563 -3.61601
5.75713 -3.62375
5.75863 -3.63144
5.76013 -3.63909
5.76163 -3.64671
5.76313 -3.65428
5.76463 -3.6618
5.76613 -3.66929
5.76763 -3.67673
5.76913 -3.68413
5.77064 -3.69149
5.77214 -3.6988
5.77364 -3.70607
5.77514 -3.7133
5.77664 -3.72048
5.77814 -3.72761
5.77964 -3.7347
5.78114 -3.74175
5.78264 -3.74874
5.78414 -3.7557
5.78564 -3.7626
5.78714 -3.76946
5.78864 -3.77627
5.79015 -3.78303
5.79165 -3.78975
5.79315 -3.79641
5.79465 -3.80303
5.79615 -3.8096
5.79765 -3.81612
5.79915 -3.82258
5.80065 -3.829
5.80215 -3.83537
5.80365 -3.84169
5.80515 -3.84795
5.80665 -3.85416
5.80815 -3.86033
5.80965 -3.86643
5.81116 -3.87249
5.81266 -3.87849
5.81416 -3.88444
5.81566 -3.89034
5.81716 -3.89618
5.81866 -3.90197
5.82016 -3.9077
5.82166 -3.91337
5.82316 -3.91899
5.82466 -3.92456
5.82616 -3.93007
5.82766 -3.93552
5.82916 -3.94091
5.83067 -3.94625
5.83217 -3.95153
5.83367 -3.95675
5.83517 -3.96191
5.83667 -3.96701
5.83817 -3.97205
5.83967 -3.97704
5.84117 -3.98196
5.84267 -3.98682
5.84417 -3.99162
5.84567 -3.99636
5.84717 -4.00104
5.84867 -4.00566
5.85018 -4.01021
5.85168 -4.01471
5.85318 -4.01913
5.85468 -4.0235
5.85618 -4.0278
5.85768 -4.03203
5.85918 -4.03621
5.86068 -4.04031
5.86218 -4.04435
5.86368 -4.04833
5.86518 -4.05224
5.86668 -4.05608
5.86818 -4.05985
5.86968 -4.06356
5.87119 -4.0672
5.87269 -4.07077
5.87419 -4.07428
5.87569 -4.07771
5.87719 -4.08108
5.87869 -4.08437
5.88019 -4.0876
5.88169 -4.09075
5.88319 -4.09383
5.88469 -4.09685
5.88619 -4.09979
5.88769 -4.10265
5.88919 -4.10545
5.8907 -4.10817
5.8922 -4.11082
5.8937 -4.1134
5.8952 -4.1159
5.8967 -4.11833
5.8982 -4.12068
5.8997 -4.12296
5.9012 -4.12516
5.9027 -4.12728
5.9042 -4.12933
5.9057 -4.1313
5.9072 -4.1332
5.9087 -4.13501
5.91021 -4.13675
5.91171 -4.13841
5.91321 -4.13999
5.91471 -4.14149
5.91621 -4.14292
5.91771 -4.14426
5.91921 -4.14552
5.92071 -4.1467
5.92221 -4.1478
5.92371 -4.14881
5.92521 -4.14975
5.92671 -4.1506
5.92821 -4.15137
5.92971 -4.15206
5.93122 -4.15266
5.93272 -4.15317
5.93422 -4.15361
5.93572 -4.15395
5.93722 -4.15422
5.93872 -4.15439
5.94022 -4.15448
5.94172 -4.15448
5.94322 -4.1544
5.94472 -4.15423
5.94622 -4.15397
5.94772 -4.15362
5.94922 -4.15318
5.95073 -4.15265
5.95223 -4.15204
5.95373 -4.15133
5.95523 -4.15053
5.95673 -4.14964
5.95823 -4.14866
5.95973 -4.14759
5.96123 -4.14643
5.96273 -4.14517
5.96423 -4.14382
5.96573 -4.14238
5.96723 -4.14084
5.96873 -4.13921
5.97024 -4.13748
5.97174 -4.13566
5.97324 -4.13374
5.97474 -4.13172
5.97624 -4.12961
5.97774 -4.1274
5.97924 -4.1251
5.98074 -4.12269
5.98224 -4.12019
5.98374 -4.11759
5.98524 -4.11489
5.98674 -4.11209
5.98824 -4.10919
5.98974 -4.10619
5.99125 -4.10309
5.99275 -4.09988
5.99425 -4.09658
5.99575 -4.09317
5.99725 -4.08966
5.99875 -4.08605
6.00025 -4.08233
6.00175 -4.07851
6.00325 -4.07458
6.00475 -4.07055
6.00625 -4.06641
6.00775 -4.06217
6.00925 -4.05782
6.01076 -4.05337
6.01226 -4.0488
6.01376 -4.04413
6.01526 -4.03935
6.01676 -4.03447
6.01826 -4.02947
6.01976 -4.02436
6.02126 -4.01915
6.02276 -4.01382
6.02426 -4.00838
6.02576 -4.00283
6.02726 -3.99717
6.02876 -3.9914
6.03027 -3.98551
6.03177 -3.97951
6.03327 -3.9734
6.03477 -3.96717
6.03627 -3.96083
6.03777 -3.95438
6.03927 -3.9478
6.04077 -3.94112
6.04227 -3.93431
6.04377 -3.92739
6.04527 -3.92035
6.04677 -3.91319
6.04827 -3.90592
6.04977 -3.89853
6.05128 -3.89101
6.05278 -3.88338
6.05428 -3.87563
6.05578 -3.86775
6.05728 -3.85976
6.05878 -3.85164
6.06028 -3.8434
6.06178 -3.83504
6.06328 -3.82656
6.06478 -3.81795
6.06628 -3.80922
6.06778 -3.80036
6.06928 -3.79138
6.07079 -3.78227
6.07229 -3.77304
6.07379 -3.76368
6.07529 -3.7542
6.07679 -3.74458
6.07829 -3.73484
6.07979 -3.72497
6.08129 -3.71498
6.08279 -3.70485
6.08429 -3.69459
6.08579 -3.68421
6.08729 -3.67369
6.08879 -3.66304
6.0903 -3.65226
6.0918 -3.64135
6.0933 -3.6303
6.0948 -3.61912
6.0963 -3.60781
6.0978 -3.59636
6.0993 -3.58478
6.1008 -3.57307
6.1023 -3.56122
6.1038 -3.54923
6.1053 -3.5371
6.1068 -3.52484
6.1083 -3.51244
6.1098 -3.49991
6.11131 -3.48723
6.11281 -3.47442
6.11431 -3.46146
6.11581 -3.44837
6.11731 -3.43513
6.11881 -3.42176
6.12031 -3.40824
6.12181 -3.39458
6.12331 -3.38078
6.12481 -3.36684
6.12631 -3.35275
6.12781 -3.33852
6.12931 -3.32414
6.13082 -3.30962
6.13232 -3.29495
6.13382 -3.28014
6.13532 -3.26518
6.13682 -3.25007
6.13832 -3.23481
6.13982 -3.21941
6.14132 -3.20386
6.14282 -3.18816
6.14432 -3.17231
6.14582 -3.15631
6.14732 -3.14016
6.14882 -3.12385
6.15033 -3.1074
6.15183 -3.09079
6.15333 -3.07404
6.15483 -3.05712
6.15633 -3.04006
6.15783 -3.02284
6.15933 -3.00546
6.16083 -2.98793
6.16233 -2.97025
6.16383 -2.95241
6.16533 -2.93441
6.16683 -2.91625
6.16833 -2.89794
6.16983 -2.87946
6.17134 -2.86083
6.17284 -2.84204
6.17434 -2.82309
6.17584 -2.80398
6.17734 -2.78471
6.17884 -2.76527
6.18034 -2.74568
6.18184 -2.72592
6.18334 -2.706
6.18484 -2.68591
6.18634 -2.66566
6.18784 -2.64525
6.18934 -2.62467
6.19085 -2.60392
6.19235 -2.58301
6.19385 -2.56193
6.19535 -2.54069
6.19685 -2.51927
6.19835 -2.49769
6.19985 -2.47594
6.20135 -2.45402
6.20285 -2.43193
6.20435 -2.40967
6.20585 -2.38724
6.20735 -2.36463
6.20885 -2.34186
6.21036 -2.31891
6.21186 -2.29578
6.21336 -2.27249
6.21486 -2.24902
6.21636 -2.22537
6.21786 -2.20155
6.21936 -2.17756
6.22086 -2.15338
6.22236 -2.12903
6.22386 -2.1045
6.22536 -2.0798
6.22686 -2.05491
6.22836 -2.02985
6.22986 -2.00461
6.23137 -1.97918
6.23287 -1.95358
6.23437 -1.92779
6.23587 -1.90182
6.23737 -1.87567
6.23887 -1.84934
6.24037 -1.82282
6.24187 -1.79612
6.24337 -1.76923
6.24487 -1.74216
6.24637 -1.7149
6.24787 -1.68745
6.24937 -1.65982
6.25088 -1.632
6.25238 -1.604
6.25388 -1.5758
6.25538 -1.54741
6.25688 -1.51884
6.25838 -1.49007
6.25988 -1.46112
6.26138 -1.43197
6.26288 -1.40263
6.26438 -1.3731
6.26588 -1.34337
6.26738 -1.31345
6.26888 -1.28334
6.27039 -1.25303
6.27189 -1.22253
6.27339 -1.19183
6.27489 -1.16093
6.27639 -1.12984
6.27789 -1.09855
6.27939 -1.06706
6.28089 -1.03537
6.28239 -1.00348
6.28389 -0.971392
6.28539 -0.939103
6.28689 -0.906613
6.28839 -0.873922
6.28989 -0.841028
6.2914 -0.807932
6.2929 -0.774632
6.2944 -0.741128
6.2959 -0.707419
6.2974 -0.673505
6.2989 -0.639386
6.3004 -0.60506
6.3019 -0.570527
6.3034 -0.535787
6.3049 -0.500838
6.3064 -0.465681
6.3079 -0.430315
6.3094 -0.394739
6.31091 -0.358952
6.31241 -0.322954
6.31391 -0.286745
6.31541 -0.250324
6.31691 -0.21369
6.31841 -0.176842
6.31991 -0.139781
6.32141 -0.102505
6.32291 -0.0650134
6.32441 -0.0273066
6.32591 0.0106165
6.32741 0.0487565
6.32891 0.087114
6.33042 0.12569
6.33192 0.164484
6.33342 0.203497
6.33492 0.242731
6.33642 0.282185
6.33792 0.32186
6.33942 0.361756
6.34092 0.401875
6.34242 0.442217
6.34392 0.482782
6.34542 0.523571
6.34692 0.564585
6.34842 0.605824
6.34992 0.647289
6.35143 0.68898
6.35293 0.730899
6.35443 0.773045
6.35593 0.815419
6.35743 0.858023
6.35893 0.900856
6.36043 0.943918
6.36193 0.987212
6.36343 1.03074
6.36493 1.07449
6.36643 1.11848
6.36793 1.16271
6.36943 1.20716
6.37094 1.25185
6.37244 1.29678
6.37394 1.34194
6.37544 1.38734
6.37694 1.43297
6.37844 1.47884
6.37994 1.52495
6.38144 1.5713
6.38294 1.61789
6.38444 1.66471
6.38594 1.71178
6.38744 1.75909
6.38894 1.80664
6.39045 1.85443
6.39195 1.90247
6.39345 1.95075
6.39495 1.99927
6.39645 2.04804
6.39795 2.09706
6.39945 2.14632
6.40095 2.19583
6.40245 2.24558
6.40395 2.29558
6.40545 2.34583
6.40695 2.39633
6.40845 2.44708
6.40995 2.49808
6.41146 2.54934
6.41296 2.60084
6.41446 2.65259
6.41596 2.7046
6.41746 2.75687
6.41896 2.80938
6.42046 2.86215
6.42196 2.91518
6.42346 2.96847
6.42496 3.02201
6.42646 3.0758
6.42796 3.12986
6.42946 3.18417
6.43097 3.23875
6.43247 3.29358
6.43397 3.34868
6.43547 3.40403
6.43697 3.45965
6.43847 3.51553
6.43997 3.57167
6.44147 3.62808
6.44297 3.68475
6.44447 3.74169
6.44597 3.79889
6.44747 3.85636
6.44897 3.9141
6.45048 3.9721
6.45198 4.03037
6.45348 4.08891
6.45498 4.14773
6.45648 4.20681
6.45798 4.26616
6.45948 4.32578
6.46098 4.38568
6.46248 4.44585
6.46398 4.50629
6.46548 4.56701
6.46698 4.628
6.46848 4.68927
6.46998 4.75081
6.47149 4.81263
6.47299 4.87473
6.47449 4.9371
6.47599 4.99976
6.47749 5.06269
6.47899 5.12591
6.48049 5.1894
6.48199 5.25318
6.48349 5.31724
6.48499 5.38158
6.48649 5.4462
6.48799 5.51111
6.48949 5.57631
6.491 5.64179
6.4925 5.70755
6.494 5.77361
6.4955 5.83995
6.497 5.90657
6.4985 5.97349
6.5 6.0407
