18.5005 0.000125814
18.503 0.000140228
18.5055 0.00015617
18.508 0.000173786
18.5105 0.000193236
18.513 0.000214694
18.5155 0.000238347
18.518 0.0002644
18.5205 0.000293072
18.523 0.000324602
18.5255 0.000359247
18.528 0.000397283
18.5305 0.00043901
18.533 0.000484749
18.5355 0.000534847
18.538 0.000589676
18.5405 0.000649636
18.543 0.000715155
18.5455 0.000786693
18.548 0.000864743
18.5505 0.000949831
18.553 0.00104252
18.5555 0.00114341
18.558 0.00125315
18.5605 0.00137242
18.563 0.00150194
18.5655 0.0016425
18.568 0.00179492
18.5705 0.00196007
18.573 0.00213888
18.5755 0.00233235
18.578 0.00254151
18.5805 0.00276748
18.583 0.00301141
18.5855 0.00327455
18.588 0.00355819
18.5905 0.00386372
18.593 0.00419259
18.5955 0.0045463
18.598 0.00492648
18.6006 0.0053348
18.6031 0.00577304
18.6056 0.00624303
18.6081 0.00674674
18.6106 0.00728619
18.6131 0.00786351
18.6156 0.00848092
18.6181 0.00914074
18.6206 0.00984539
18.6231 0.0105974
18.6256 0.0113993
18.6281 0.012254
18.6306 0.0131642
18.6331 0.0141328
18.6356 0.015163
18.6381 0.0162578
18.6406 0.0174206
18.6431 0.0186546
18.6456 0.0199635
18.6481 0.0213507
18.6506 0.02282
18.6531 0.0243752
18.6556 0.0260203
18.6581 0.0277591
18.6606 0.029596
18.6631 0.031535
18.6656 0.0335806
18.6681 0.0357371
18.6706 0.0380092
18.6731 0.0404013
18.6756 0.0429183
18.6781 0.0455649
18.6806 0.048346
18.6831 0.0512665
18.6856 0.0543314
18.6881 0.0575458
18.6906 0.0609149
18.6931 0.0644438
18.6956 0.0681378
18.6981 0.072002
18.7006 0.0760419
18.7031 0.0802628
18.7056 0.0846698
18.7081 0.0892685
18.7106 0.0940641
18.7131 0.0990619
18.7156 0.104267
18.7181 0.109685
18.7206 0.115321
18.7231 0.12118
18.7256 0.127268
18.7281 0.133588
18.7306 0.140147
18.7331 0.146948
18.7356 0.153998
18.7381 0.161299
18.7406 0.168857
18.7431 0.176676
18.7456 0.184759
18.7481 0.193112
18.7506 0.201738
18.7531 0.210639
18.7556 0.219821
18.7581 0.229285
18.7606 0.239034
18.7631 0.249072
18.7656 0.259401
18.7681 0.270022
18.7706 0.280937
18.7731 0.292149
18.7756 0.303658
18.7781 0.315465
18.7806 0.327571
18.7831 0.339976
18.7856 0.35268
18.7881 0.365682
18.7906 0.378981
18.7931 0.392578
18.7956 0.406469
18.7981 0.420653
18.8007 0.435127
18.8032 0.44989
18.8057 0.464937
18.8082 0.480266
18.8107 0.495872
18.8132 0.511751
18.8157 0.527898
18.8182 0.544309
18.8207 0.560977
18.8232 0.577897
18.8257 0.595063
18.8282 0.612467
18.8307 0.630103
18.8332 0.647963
18.8357 0.666039
18.8382 0.684323
18.8407 0.702807
18.8432 0.72148
18.8457 0.740334
18.8482 0.75936
18.8507 0.778546
18.8532 0.797883
18.8557 0.817359
18.8582 0.836965
18.8607 0.856688
18.8632 0.876517
18.8657 0.896439
18.8682 0.916444
18.8707 0.936519
18.8732 0.95665
18.8757 0.976825
18.8782 0.997032
18.8807 1.01726
18.8832 1.03749
18.8857 1.05771
18.8882 1.0779
18.8907 1.09807
18.8932 1.11818
18.8957 1.13823
18.8982 1.1582
18.9007 1.17808
18.9032 1.19786
18.9057 1.21751
18.9082 1.23704
18.9107 1.25642
18.9132 1.27563
18.9157 1.29468
18.9182 1.31353
18.9207 1.33219
18.9232 1.35063
18.9257 1.36884
18.9282 1.38681
18.9307 1.40453
18.9332 1.42199
18.9357 1.43917
18.9382 1.45605
18.9407 1.47264
18.9432 1.48891
18.9457 1.50486
18.9482 1.52048
18.9507 1.53574
18.9532 1.55066
18.9557 1.5652
18.9582 1.57937
18.9607 1.59316
18.9632 1.60655
18.9657 1.61954
18.9682 1.63212
18.9707 1.64428
18.9732 1.65602
18.9757 1.66733
18.9782 1.67819
18.9807 1.68862
18.9832 1.69859
18.9857 1.70811
18.9882 1.71717
18.9907 1.72576
18.9932 1.73389
18.9957 1.74155
18.9982 1.74873
19.0008 1.75543
19.0033 1.76166
19.0058 1.76741
19.0083 1.77267
19.0108 1.77745
19.0133 1.78175
19.0158 1.78557
19.0183 1.7889
19.0208 1.79176
19.0233 1.79413
19.0258 1.79603
19.0283 1.79744
19.0308 1.79839
19.0333 1.79886
19.0358 1.79887
19.0383 1.79841
19.0408 1.7975
19.0433 1.79612
19.0458 1.7943
19.0483 1.79202
19.0508 1.78931
19.0533 1.78616
19.0558 1.78258
19.0583 1.77858
19.0608 1.77416
19.0633 1.76933
19.0658 1.76409
19.0683 1.75846
19.0708 1.75244
19.0733 1.74603
19.0758 1.73925
19.0783 1.73211
19.0808 1.7246
19.0833 1.71675
19.0858 1.70855
19.0883 1.70001
19.0908 1.69116
19.0933 1.68198
19.0958 1.6725
19.0983 1.66272
19.1008 1.65265
19.1033 1.64229
19.1058 1.63167
19.1083 1.62078
19.1108 1.60964
19.1133 1.59826
19.1158 1.58663
19.1183 1.57479
19.1208 1.56272
19.1233 1.55045
19.1258 1.53798
19.1283 1.52532
19.1308 1.51248
19.1333 1.49947
19.1358 1.48629
19.1383 1.47296
19.1408 1.45949
19.1433 1.44588
19.1458 1.43214
19.1483 1.41829
19.1508 1.40432
19.1533 1.39025
19.1558 1.37609
19.1583 1.36184
19.1608 1.34751
19.1633 1.33312
19.1658 1.31866
19.1683 1.30415
19.1708 1.28959
19.1733 1.27499
19.1758 1.26036
19.1783 1.24571
19.1808 1.23103
19.1833 1.21634
19.1858 1.20165
19.1883 1.18696
19.1908 1.17228
19.1933 1.15761
19.1958 1.14296
19.1983 1.12834
19.2009 1.11374
19.2034 1.09919
19.2059 1.08467
19.2084 1.07021
19.2109 1.05579
19.2134 1.04143
19.2159 1.02713
19.2184 1.0129
19.2209 0.998741
19.2234 0.984654
19.2259 0.970646
19.2284 0.95672
19.2309 0.94288
19.2334 0.929129
19.2359 0.915471
19.2384 0.90191
19.2409 0.888448
19.2434 0.875088
19.2459 0.861833
19.2484 0.848685
19.2509 0.835648
19.2534 0.822724
19.2559 0.809914
19.2584 0.797221
19.2609 0.784646
19.2634 0.772193
19.2659 0.759862
19.2684 0.747655
19.2709 0.735574
19.2734 0.723619
19.2759 0.711792
19.2784 0.700095
19.2809 0.688528
19.2834 0.677092
19.2859 0.665788
19.2884 0.654617
19.2909 0.643579
19.2934 0.632675
19.2959 0.621905
19.2984 0.61127
19.3009 0.600769
19.3034 0.590404
19.3059 0.580173
19.3084 0.570078
19.3109 0.560118
19.3134 0.550292
19.3159 0.540602
19.3184 0.531045
19.3209 0.521623
19.3234 0.512334
19.3259 0.503178
19.3284 0.494155
19.3309 0.485264
19.3334 0.476505
19.3359 0.467876
19.3384 0.459377
19.3409 0.451007
19.3434 0.442765
19.3459 0.434651
19.3484 0.426664
19.3509 0.418802
19.3534 0.411065
19.3559 0.403451
19.3584 0.39596
19.3609 0.388591
19.3634 0.381342
19.3659 0.374212
19.3684 0.367201
19.3709 0.360306
19.3734 0.353528
19.3759 0.346863
19.3784 0.340313
19.3809 0.333874
19.3834 0.327546
19.3859 0.321328
19.3884 0.315218
19.3909 0.309215
19.3934 0.303317
19.3959 0.297524
19.3984 0.291834
19.401 0.286246
19.4035 0.280758
19.406 0.27537
19.4085 0.270079
19.411 0.264884
19.4135 0.259784
19.416 0.254779
19.4185 0.249865
19.421 0.245043
19.4235 0.24031
19.426 0.235666
19.4285 0.231109
19.431 0.226638
19.4335 0.222251
19.436 0.217948
19.4385 0.213726
19.441 0.209585
19.4435 0.205523
19.446 0.201539
19.4485 0.197633
19.451 0.193801
19.4535 0.190044
19.456 0.18636
19.4585 0.182748
19.461 0.179206
19.4635 0.175734
19.466 0.17233
19.4685 0.168993
19.471 0.165722
19.4735 0.162516
19.476 0.159374
19.4785 0.156294
19.481 0.153275
19.4835 0.150317
19.486 0.147418
19.4885 0.144577
19.491 0.141793
19.4935 0.139065
19.496 0.136392
19.4985 0.133773
19.501 0.131207
19.5035 0.128693
19.506 0.12623
19.5085 0.123818
19.511 0.121454
19.5135 0.119138
19.516 0.11687
19.5185 0.114648
19.521 0.112472
19.5235 0.11034
19.526 0.108252
19.5285 0.106207
19.531 0.104204
19.5335 0.102242
19.536 0.10032
19.5385 0.0984381
19.541 0.0965949
19.5435 0.0947898
19.546 0.093022
19.5485 0.0912908
19.551 0.0895954
19.5535 0.0879351
19.556 0.0863091
19.5585 0.0847169
19.561 0.0831577
19.5635 0.0816308
19.566 0.0801357
19.5685 0.0786716
19.571 0.0772379
19.5735 0.075834
19.576 0.0744592
19.5785 0.0731131
19.581 0.0717949
19.5835 0.0705042
19.586 0.0692403
19.5885 0.0680027
19.591 0.0667909
19.5935 0.0656043
19.596 0.0644424
19.5985 0.0633046
19.6011 0.0621905
19.6036 0.0610997
19.6061 0.0600315
19.6086 0.0589855
19.6111 0.0579613
19.6136 0.0569584
19.6161 0.0559763
19.6186 0.0550147
19.6211 0.0540731
19.6236 0.053151
19.6261 0.0522481
19.6286 0.0513639
19.6311 0.0504981
19.6336 0.0496503
19.6361 0.04882
19.6386 0.048007
19.6411 0.0472108
19.6436 0.0464311
19.6461 0.0456676
19.6486 0.0449199
19.6511 0.0441877
19.6536 0.0434706
19.6561 0.0427683
19.6586 0.0420806
19.6611 0.0414071
19.6636 0.0407474
19.6661 0.0401014
19.6686 0.0394687
19.6711 0.0388491
19.6736 0.0382422
19.6761 0.0376478
19.6786 0.0370657
19.6811 0.0364955
19.6836 0.035937
19.6861 0.0353901
19.6886 0.0348543
19.6911 0.0343296
19.6936 0.0338156
19.6961 0.0333121
19.6986 0.032819
19.7011 0.032336
19.7036 0.0318629
19.7061 0.0313994
19.7086 0.0309454
19.7111 0.0305007
19.7136 0.0300651
19.7161 0.0296384
19.7186 0.0292204
19.7211 0.0288109
19.7236 0.0284097
19.7261 0.0280168
19.7286 0.0276318
19.7311 0.0272547
19.7336 0.0268853
19.7361 0.0265234
19.7386 0.0261689
19.7411 0.0258215
19.7436 0.0254813
19.7461 0.025148
19.7486 0.0248214
19.7511 0.0245015
19.7536 0.0241881
19.7561 0.023881
19.7586 0.0235802
19.7611 0.0232855
19.7636 0.0229969
19.7661 0.022714
19.7686 0.022437
19.7711 0.0221656
19.7736 0.0218997
19.7761 0.0216392
19.7786 0.021384
19.7811 0.021134
19.7836 0.0208892
19.7861 0.0206493
19.7886 0.0204143
19.7911 0.0201841
19.7936 0.0199587
19.7961 0.0197378
19.7986 0.0195215
19.8012 0.0193097
19.8037 0.0191022
19.8062 0.0188989
19.8087 0.0186999
19.8112 0.0185049
19.8137 0.018314
19.8162 0.0181271
19.8187 0.017944
19.8212 0.0177648
19.8237 0.0175892
19.8262 0.0174174
19.8287 0.0172492
19.8312 0.0170845
19.8337 0.0169232
19.8362 0.0167654
19.8387 0.0166109
19.8412 0.0164597
19.8437 0.0163118
19.8462 0.016167
19.8487 0.0160253
19.8512 0.0158867
19.8537 0.0157511
19.8562 0.0156184
19.8587 0.0154886
19.8612 0.0153618
19.8637 0.0152377
19.8662 0.0151163
19.8687 0.0149977
19.8712 0.0148818
19.8737 0.0147685
19.8762 0.0146577
19.8787 0.0145495
19.8812 0.0144438
19.8837 0.0143406
19.8862 0.0142398
19.8887 0.0141414
19.8912 0.0140453
19.8937 0.0139515
19.8962 0.0138601
19.8987 0.0137708
19.9012 0.0136838
19.9037 0.013599
19.9062 0.0135163
19.9087 0.0134357
19.9112 0.0133572
19.9137 0.0132808
19.9162 0.0132064
19.9187 0.013134
19.9212 0.0130636
19.9237 0.0129952
19.9262 0.0129286
19.9287 0.012864
19.9312 0.0128013
19.9337 0.0127404
19.9362 0.0126814
19.9387 0.0126242
19.9412 0.0125687
19.9437 0.0125151
19.9462 0.0124632
19.9487 0.0124131
19.9512 0.0123646
19.9537 0.0123179
19.9562 0.0122729
19.9587 0.0122295
19.9612 0.0121878
19.9637 0.0121477
19.9662 0.0121093
19.9687 0.0120724
19.9712 0.0120372
19.9737 0.0120035
19.9762 0.0119715
19.9787 0.011941
19.9812 0.011912
19.9837 0.0118846
19.9862 0.0118587
19.9887 0.0118343
19.9912 0.0118115
19.9937 0.0117901
19.9962 0.0117703
19.9987 0.0117519
20.0013 0.011735
20.0038 0.0117196
20.0063 0.0117057
20.0088 0.0116932
20.0113 0.0116822
20.0138 0.0116726
20.0163 0.0116645
20.0188 0.0116579
20.0213 0.0116527
20.0238 0.0116489
20.0263 0.0116466
20.0288 0.0116457
20.0313 0.0116463
20.0338 0.0116483
20.0363 0.0116517
20.0388 0.0116566
20.0413 0.0116629
20.0438 0.0116707
20.0463 0.0116799
20.0488 0.0116905
20.0513 0.0117026
20.0538 0.0117161
20.0563 0.0117311
20.0588 0.0117476
20.0613 0.0117655
20.0638 0.0117849
20.0663 0.0118058
20.0688 0.0118281
20.0713 0.011852
20.0738 0.0118773
20.0763 0.0119042
20.0788 0.0119325
20.0813 0.0119624
20.0838 0.0119938
20.0863 0.0120267
20.0888 0.0120612
20.0913 0.0120972
20.0938 0.0121348
20.0963 0.012174
20.0988 0.0122148
20.1013 0.0122572
20.1038 0.0123012
20.1063 0.0123468
20.1088 0.0123941
20.1113 0.0124431
20.1138 0.0124937
20.1163 0.012546
20.1188 0.0126001
20.1213 0.0126558
20.1238 0.0127133
20.1263 0.0127726
20.1288 0.0128337
20.1313 0.0128965
20.1338 0.0129612
20.1363 0.0130277
20.1388 0.0130961
20.1413 0.0131664
20.1438 0.0132386
20.1463 0.0133127
20.1488 0.0133887
20.1513 0.0134668
20.1538 0.0135468
20.1563 0.0136289
20.1588 0.0137131
20.1613 0.0137993
20.1638 0.0138877
20.1663 0.0139781
20.1688 0.0140708
20.1713 0.0141657
20.1738 0.0142628
20.1763 0.0143621
20.1788 0.0144638
20.1813 0.0145678
20.1838 0.0146742
20.1863 0.014783
20.1888 0.0148942
20.1913 0.0150079
20.1938 0.0151241
20.1963 0.0152428
20.1988 0.0153642
20.2014 0.0154882
20.2039 0.0156148
20.2064 0.0157442
20.2089 0.0158763
20.2114 0.0160113
20.2139 0.0161491
20.2164 0.0162898
20.2189 0.0164334
20.2214 0.01658
20.2239 0.0167297
20.2264 0.0168825
20.2289 0.0170384
20.2314 0.0171976
20.2339 0.0173599
20.2364 0.0175256
20.2389 0.0176947
20.2414 0.0178672
20.2439 0.0180431
20.2464 0.0182227
20.2489 0.0184058
20.2514 0.0185926
20.2539 0.0187831
20.2564 0.0189774
20.2589 0.0191756
20.2614 0.0193778
20.2639 0.0195839
20.2664 0.0197941
20.2689 0.0200085
20.2714 0.0202271
20.2739 0.02045
20.2764 0.0206773
20.2789 0.0209091
20.2814 0.0211454
20.2839 0.0213863
20.2864 0.0216319
20.2889 0.0218823
20.2914 0.0221377
20.2939 0.0223979
20.2964 0.0226633
20.2989 0.0229338
20.3014 0.0232095
20.3039 0.0234906
20.3064 0.0237772
20.3089 0.0240693
20.3114 0.024367
20.3139 0.0246706
20.3164 0.0249799
20.3189 0.0252953
20.3214 0.0256167
20.3239 0.0259444
20.3264 0.0262783
20.3289 0.0266187
20.3314 0.0269656
20.3339 0.0273192
20.3364 0.0276796
20.3389 0.028047
20.3414 0.0284214
20.3439 0.0288029
20.3464 0.0291918
20.3489 0.0295882
20.3514 0.0299921
20.3539 0.0304038
20.3564 0.0308234
20.3589 0.031251
20.3614 0.0316868
20.3639 0.0321309
20.3664 0.0325835
20.3689 0.0330448
20.3714 0.0335149
20.3739 0.0339939
20.3764 0.0344821
20.3789 0.0349796
20.3814 0.0354865
20.3839 0.0360032
20.3864 0.0365296
20.3889 0.0370661
20.3914 0.0376128
20.3939 0.0381699
20.3964 0.0387375
20.3989 0.039316
20.4015 0.0399054
20.404 0.0405059
20.4065 0.0411179
20.409 0.0417414
20.4115 0.0423768
20.414 0.0430241
20.4165 0.0436837
20.419 0.0443557
20.4215 0.0450404
20.424 0.045738
20.4265 0.0464487
20.429 0.0471728
20.4315 0.0479104
20.434 0.048662
20.4365 0.0494276
20.439 0.0502075
20.4415 0.0510021
20.444 0.0518115
20.4465 0.052636
20.449 0.0534758
20.4515 0.0543313
20.454 0.0552027
20.4565 0.0560903
20.459 0.0569944
20.4615 0.0579151
20.464 0.0588529
20.4665 0.059808
20.469 0.0607807
20.4715 0.0617713
20.474 0.0627801
20.4765 0.0638073
20.479 0.0648534
20.4815 0.0659186
20.484 0.0670032
20.4865 0.0681075
20.489 0.0692318
20.4915 0.0703766
20.494 0.071542
20.4965 0.0727284
20.499 0.0739362
20.5015 0.0751657
20.504 0.0764172
20.5065 0.0776911
20.509 0.0789876
20.5115 0.0803072
20.514 0.0816502
20.5165 0.0830169
20.519 0.0844077
20.5215 0.0858229
20.524 0.087263
20.5265 0.0887282
20.529 0.0902188
20.5315 0.0917354
20.534 0.0932782
20.5365 0.0948475
20.539 0.0964438
20.5415 0.0980675
20.544 0.0997188
20.5465 0.101398
20.549 0.103106
20.5515 0.104842
20.554 0.106608
20.5565 0.108403
20.559 0.110228
20.5615 0.112083
20.564 0.113969
20.5665 0.115886
20.569 0.117834
20.5715 0.119814
20.574 0.121826
20.5765 0.12387
20.579 0.125946
20.5815 0.128056
20.584 0.1302
20.5865 0.132377
20.589 0.134588
20.5915 0.136833
20.594 0.139113
20.5965 0.141428
20.599 0.143779
20.6016 0.146165
20.6041 0.148587
20.6066 0.151045
20.6091 0.153539
20.6116 0.156071
20.6141 0.158639
20.6166 0.161245
20.6191 0.163888
20.6216 0.166569
20.6241 0.169288
20.6266 0.172045
20.6291 0.174841
20.6316 0.177675
20.6341 0.180548
20.6366 0.183459
20.6391 0.18641
20.6416 0.1894
20.6441 0.192429
20.6466 0.195497
20.6491 0.198605
20.6516 0.201753
20.6541 0.20494
20.6566 0.208166
20.6591 0.211432
20.6616 0.214737
20.6641 0.218082
20.6666 0.221467
20.6691 0.224891
20.6716 0.228354
20.6741 0.231856
20.6766 0.235397
20.6791 0.238977
20.6816 0.242595
20.6841 0.246251
20.6866 0.249946
20.6891 0.253678
20.6916 0.257448
20.6941 0.261255
20.6966 0.265099
20.6991 0.268978
20.7016 0.272894
20.7041 0.276845
20.7066 0.280831
20.7091 0.284851
20.7116 0.288904
20.7141 0.292991
20.7166 0.29711
20.7191 0.301261
20.7216 0.305442
20.7241 0.309654
20.7266 0.313895
20.7291 0.318165
20.7316 0.322462
20.7341 0.326786
20.7366 0.331136
20.7391 0.33551
20.7416 0.339908
20.7441 0.344329
20.7466 0.348771
20.7491 0.353233
20.7516 0.357713
20.7541 0.362212
20.7566 0.366727
20.7591 0.371257
20.7616 0.3758
20.7641 0.380356
20.7666 0.384922
20.7691 0.389497
20.7716 0.39408
20.7741 0.398668
20.7766 0.403261
20.7791 0.407856
20.7816 0.412451
20.7841 0.417045
20.7866 0.421637
20.7891 0.426223
20.7916 0.430802
20.7941 0.435372
20.7966 0.439932
20.7991 0.444478
20.8017 0.449009
20.8042 0.453523
20.8067 0.458017
20.8092 0.462489
20.8117 0.466937
20.8142 0.471359
20.8167 0.475752
20.8192 0.480114
20.8217 0.484443
20.8242 0.488735
20.8267 0.492989
20.8292 0.497203
20.8317 0.501372
20.8342 0.505496
20.8367 0.509571
20.8392 0.513594
20.8417 0.517564
20.8442 0.521478
20.8467 0.525332
20.8492 0.529125
20.8517 0.532853
20.8542 0.536514
20.8567 0.540105
20.8592 0.543624
20.8617 0.547067
20.8642 0.550433
20.8667 0.553718
20.8692 0.556919
20.8717 0.560035
20.8742 0.563062
20.8767 0.565998
20.8792 0.568841
20.8817 0.571586
20.8842 0.574233
20.8867 0.576778
20.8892 0.57922
20.8917 0.581554
20.8942 0.58378
20.8967 0.585894
20.8992 0.587895
20.9017 0.58978
20.9042 0.591546
20.9067 0.593192
20.9092 0.594715
20.9117 0.596114
20.9142 0.597386
20.9167 0.598529
20.9192 0.599542
20.9217 0.600423
20.9242 0.601169
20.9267 0.60178
20.9292 0.602253
20.9317 0.602588
20.9342 0.602783
20.9367 0.602836
20.9392 0.602747
20.9417 0.602514
20.9442 0.602136
20.9467 0.601613
20.9492 0.600943
20.9517 0.600126
20.9542 0.599162
20.9567 0.598049
20.9592 0.596789
20.9617 0.595379
20.9642 0.593821
20.9667 0.592114
20.9692 0.590258
20.9717 0.588254
20.9742 0.586103
20.9767 0.583803
20.9792 0.581357
20.9817 0.578765
20.9842 0.576027
20.9867 0.573146
20.9892 0.570121
20.9917 0.566955
20.9942 0.563649
20.9967 0.560203
20.9992 0.556621
21.0018 0.552902
21.0043 0.549051
21.0068 0.545068
21.0093 0.540956
21.0118 0.536716
21.0143 0.532352
21.0168 0.527866
21.0193 0.52326
21.0218 0.518537
21.0243 0.5137
21.0268 0.508752
21.0293 0.503696
21.0318 0.498534
21.0343 0.493272
21.0368 0.48791
21.0393 0.482454
21.0418 0.476906
21.0443 0.47127
21.0468 0.46555
21.0493 0.459749
21.0518 0.453872
21.0543 0.447921
21.0568 0.441902
21.0593 0.435817
21.0618 0.429672
21.0643 0.423469
21.0668 0.417214
21.0693 0.410909
21.0718 0.40456
21.0743 0.398171
21.0768 0.391745
21.0793 0.385287
21.0818 0.378801
21.0843 0.372291
21.0868 0.365762
21.0893 0.359218
21.0918 0.352662
21.0943 0.3461
21.0968 0.339535
21.0993 0.33297
21.1018 0.326411
21.1043 0.319862
21.1068 0.313326
21.1093 0.306806
21.1118 0.300308
21.1143 0.293835
21.1168 0.28739
21.1193 0.280977
21.1218 0.2746
21.1243 0.268263
21.1268 0.261968
21.1293 0.255719
21.1318 0.249519
21.1343 0.243372
21.1368 0.23728
21.1393 0.231246
21.1418 0.225274
21.1443 0.219365
21.1468 0.213523
21.1493 0.20775
21.1518 0.202049
21.1543 0.196421
21.1568 0.190869
21.1593 0.185395
21.1618 0.180001
21.1643 0.174689
21.1668 0.16946
21.1693 0.164316
21.1718 0.159259
21.1743 0.154289
21.1768 0.149408
21.1793 0.144617
21.1818 0.139917
21.1843 0.135309
21.1868 0.130794
21.1893 0.126371
21.1918 0.122043
21.1943 0.117808
21.1968 0.113668
21.1993 0.109623
21.2019 0.105672
21.2044 0.101816
21.2069 0.0980538
21.2094 0.0943862
21.2119 0.0908124
21.2144 0.087332
21.2169 0.0839446
21.2194 0.0806494
21.2219 0.0774459
21.2244 0.0743333
21.2269 0.0713107
21.2294 0.0683771
21.2319 0.0655317
21.2344 0.0627733
21.2369 0.0601009
21.2394 0.0575131
21.2419 0.0550089
21.2444 0.052587
21.2469 0.0502459
21.2494 0.0479843
21.2519 0.0458008
21.2544 0.043694
21.2569 0.0416623
21.2594 0.0397042
21.2619 0.0378182
21.2644 0.0360026
21.2669 0.034256
21.2694 0.0325767
21.2719 0.030963
21.2744 0.0294134
21.2769 0.0279261
21.2794 0.0264995
21.2819 0.0251321
21.2844 0.0238221
21.2869 0.0225678
21.2894 0.0213677
21.2919 0.0202201
21.2944 0.0191234
21.2969 0.018076
21.2994 0.0170763
21.3019 0.0161226
21.3044 0.0152136
21.3069 0.0143475
21.3094 0.0135229
21.3119 0.0127383
21.3144 0.0119922
21.3169 0.0112832
21.3194 0.0106099
21.3219 0.00997087
21.3244 0.00936476
21.3269 0.00879024
21.3294 0.00824603
21.3319 0.00773086
21.3344 0.00724349
21.3369 0.00678272
21.3394 0.00634738
21.3419 0.00593635
21.3444 0.00554851
21.3469 0.00518281
21.3494 0.0048382
21.3519 0.00451368
21.3544 0.0042083
21.3569 0.0039211
21.3594 0.0036512
21.3619 0.00339771
21.3644 0.00315981
21.3669 0.00293668
21.3694 0.00272755
21.3719 0.00253167
21.3744 0.00234834
21.3769 0.00217686
21.3794 0.00201659
21.3819 0.00186688
21.3844 0.00172715
21.3869 0.00159682
21.3894 0.00147533
21.3919 0.00136218
21.3944 0.00125686
21.3969 0.00115891
21.3994 0.00106786
21.402 0.000983294
21.4045 0.000904808
21.407 0.000832015
21.4095 0.000764552
21.412 0.000702072
21.4145 0.00064425
21.417 0.000590778
21.4195 0.000541365
21.422 0.000495735
21.4245 0.000453631
21.427 0.000414808
21.4295 0.000379038
21.432 0.000346104
21.4345 0.000315805
21.437 0.000287951
21.4395 0.000262363
21.442 0.000238875
21.4445 0.000217332
21.447 0.000197586
21.4495 0.000179502
21.452 0.000162952
21.4545 0.000147819
21.457 0.000133991
21.4595 0.000121366
21.462 0.000109848
21.4645 9.93484e-05
21.467 8.97841e-05
21.4695 8.10789e-05
21.472 7.31619e-05
21.4745 6.59674e-05
21.477 5.94346e-05
21.4795 5.35074e-05
21.482 4.8134e-05
21.4845 4.32665e-05
21.487 3.88609e-05
21.4895 3.48765e-05
21.492 3.12759e-05
21.4945 2.8025e-05
21.497 2.5092e-05
21.4995 2.2448e-05
