3.54835 0.0175228
3.60542 0.0175228
3.66249 0.0963756
3.71956 0.166467
3.77663 0.455594
3.8337 0.762243
3.89076 1.12146
3.94783 1.37554
4.0049 1.4982
4.06197 1.46316
4.11904 1.25288
4.17611 0.858619
4.23317 0.700913
4.29024 0.569492
4.34731 0.297888
4.40438 0.210274
4.46145 0.105137
4.51852 0.0876142
4.57558 0.0438071
4.63265 0.0175228
4.68972 0.0613299
4.74679 0.0175228
4.80386 0.0262843
4.86093 0
4.918 0.0175228
4.97506 0
5.03213 0
5.0892 0.00876142
5.14627 0
5.20334 0.0175228
5.26041 0.0262843
5.31747 0.0262843
5.37454 0.0525685
5.43161 0.0350457
5.48868 0.0788528
5.54575 0.105137
5.60282 0.192751
5.65988 0.24532
5.71695 0.411787
5.77402 0.446832
5.83109 0.648345
5.88816 0.779766
5.94523 0.735959
6.00229 0.74472
6.05936 0.709675
6.11643 0.481878
6.1735 0.271604
6.23057 0.175228
6.28764 0.0700913
6.34471 0.0175228
