0 0.038248
0.1 0.038253
0.2 0.0382573
0.3 0.0382609
0.4 0.0382651
0.5 0.0382686
0.6 0.0382724
0.7 0.0382757
0.8 0.0382803
0.9 0.0382843
1 0.0382882
1.1 0.0382909
1.2 0.0382942
1.3 0.0382984
1.4 0.0383017
1.5 0.0383057
1.6 0.0383096
1.7 0.0383135
1.8 0.0383174
1.9 0.0383211
2 0.0383247
2.1 0.038328
2.2 0.0383311
2.3 0.0383354
2.4 0.0383396
2.5 0.0383431
2.6 0.0383463
2.7 0.0383495
2.8 0.0383531
2.9 0.0383563
3 0.0383609
3.1 0.0383646
3.2 0.0383679
3.3 0.0383722
3.4 0.0383765
3.5 0.0383809
3.6 0.0383839
3.7 0.0383867
3.8 0.0383902
3.9 0.0383938
4 0.0383968
4.1 0.0383999
4.2 0.0384034
4.3 0.0384068
4.4 0.0384096
4.5 0.0384131
4.6 0.0384166
4.7 0.0384201
4.8 0.038423
4.9 0.0384262
5 0.0384302
5.1 0.038434
5.2 0.0384372
5.3 0.0384402
5.4 0.0384436
5.5 0.0384472
5.6 0.0384499
5.7 0.0384529
5.8 0.0384559
5.9 0.0384595
6 0.0384639
6.1 0.038467
6.2 0.0384707
6.3 0.0384739
6.4 0.0384772
6.5 0.0384801
6.6 0.0384831
6.7 0.0384864
6.8 0.0384894
6.9 0.0384916
7 0.0384949
7.1 0.0384982
7.2 0.0385018
7.3 0.0385052
7.4 0.0385085
7.5 0.0385114
7.6 0.0385155
7.7 0.0385192
7.8 0.0385227
7.9 0.038526
8 0.0385294
8.1 0.0385314
8.2 0.0385349
8.3 0.0385383
8.4 0.0385406
8.5 0.0385438
8.6 0.0385479
8.7 0.0385507
8.8 0.0385543
8.9 0.0385581
9 0.0385616
9.1 0.0385646
9.2 0.0385665
9.3 0.0385693
9.4 0.038571
9.5 0.038574
9.6 0.0385764
9.7 0.0385799
9.8 0.0385824
9.9 0.0385847
10 0.0385881
10.1 0.0385912
10.2 0.038595
10.3 0.0385988
10.4 0.0386016
10.5 0.0386042
10.6 0.038607
10.7 0.0386109
10.8 0.0386129
10.9 0.0386165
11 0.0386199
11.1 0.0386246
11.2 0.0386284
11.3 0.0386328
11.4 0.0386362
11.5 0.0386399
11.6 0.0386443
11.7 0.0386474
11.8 0.0386516
11.9 0.0386541
12 0.0386573
12.1 0.0386602
12.2 0.0386645
12.3 0.038669
12.4 0.0386722
12.5 0.0386755
12.6 0.0386784
12.7 0.0386822
12.8 0.0386856
12.9 0.0386896
13 0.0386931
13.1 0.0386963
13.2 0.0387013
13.3 0.0387053
13.4 0.0387078
13.5 0.0387111
13.6 0.0387149
13.7 0.0387193
13.8 0.0387227
13.9 0.0387275
14 0.0387317
14.1 0.0387359
14.2 0.0387388
14.3 0.0387417
14.4 0.0387443
14.5 0.0387486
14.6 0.0387526
14.7 0.0387562
14.8 0.0387588
14.9 0.0387618
15 0.0387662
15.1 0.0387706
15.2 0.0387749
15.3 0.0387774
15.4 0.0387818
15.5 0.038786
15.6 0.03879
15.7 0.0387956
15.8 0.0388006
15.9 0.0388062
16 0.038812
16.1 0.0388152
16.2 0.0388179
16.3 0.0388235
16.4 0.0388281
16.5 0.038833
16.6 0.0388379
16.7 0.0388418
16.8 0.0388463
16.9 0.0388519
17 0.0388571
17.1 0.0388611
17.2 0.038868
17.3 0.0388736
17.4 0.0388768
17.5 0.0388822
17.6 0.0388894
17.7 0.0388956
17.8 0.0389011
17.9 0.0389056
18 0.0389103
18.1 0.038914
18.2 0.0389179
18.3 0.0389229
18.4 0.0389299
18.5 0.038936
18.6 0.0389415
18.7 0.0389479
18.8 0.0389551
18.9 0.0389614
19 0.038966
19.1 0.0389713
19.2 0.0389782
19.3 0.0389838
19.4 0.0389895
19.5 0.0389963
19.6 0.0390029
19.7 0.0390101
19.8 0.0390186
19.9 0.0390263
20 0.0390338
20.1 0.0390426
20.2 0.0390501
20.3 0.0390589
20.4 0.0390619
20.5 0.0390694
20.6 0.0390768
20.7 0.0390863
20.8 0.0390964
20.9 0.0391021
21 0.0391114
21.1 0.0391203
21.2 0.0391288
21.3 0.0391387
21.4 0.039151
21.5 0.0391608
21.6 0.0391678
21.7 0.0391771
21.8 0.0391875
21.9 0.0391975
22 0.0392073
22.1 0.0392158
22.2 0.0392273
22.3 0.0392362
22.4 0.0392467
22.5 0.0392561
22.6 0.0392676
22.7 0.0392797
22.8 0.0392908
22.9 0.0393008
23 0.0393123
23.1 0.0393247
23.2 0.0393403
23.3 0.0393546
23.4 0.0393679
23.5 0.0393835
23.6 0.0393964
23.7 0.0394103
23.8 0.0394272
23.9 0.0394435
24 0.0394586
24.1 0.0394764
24.2 0.0394911
24.3 0.0395073
24.4 0.039524
24.5 0.0395418
24.6 0.0395601
24.7 0.0395764
24.8 0.0395958
24.9 0.0396144
25 0.0396352
25.1 0.0396548
25.2 0.0396755
25.3 0.0396964
25.4 0.0397179
25.5 0.0397391
25.6 0.0397619
25.7 0.0397834
25.8 0.039805
25.9 0.0398288
26 0.0398566
26.1 0.0398833
26.2 0.0399113
26.3 0.0399393
26.4 0.03997
26.5 0.040002
26.6 0.0400331
26.7 0.0400634
26.8 0.0400937
26.9 0.0401249
27 0.0401587
27.1 0.0401948
27.2 0.0402329
27.3 0.0402677
27.4 0.0403045
27.5 0.0403484
27.6 0.0403894
27.7 0.0404322
27.8 0.0404751
27.9 0.0405184
28 0.0405602
28.1 0.0406095
28.2 0.0406536
28.3 0.0406999
28.4 0.0407459
28.5 0.0407939
28.6 0.0408505
28.7 0.0409063
28.8 0.0409626
28.9 0.041023
29 0.0410875
29.1 0.0411504
29.2 0.0412167
29.3 0.0412879
29.4 0.041362
29.5 0.0414357
29.6 0.0415116
29.7 0.041588
29.8 0.0416669
29.9 0.0417492
30 0.0418378
30.1 0.0419246
30.2 0.0420152
30.3 0.0421057
30.4 0.0422076
30.5 0.042311
30.6 0.0424156
30.7 0.0425268
30.8 0.0426488
30.9 0.0427681
31 0.0428979
31.1 0.0430317
31.2 0.0431635
31.3 0.0433005
31.4 0.0434375
31.5 0.043583
31.6 0.043722
31.7 0.0438823
31.8 0.0440545
31.9 0.0442324
32 0.0444012
32.1 0.044586
32.2 0.0447809
32.3 0.0449911
32.4 0.0452054
32.5 0.0454277
32.6 0.0456517
32.7 0.0459006
32.8 0.0461534
32.9 0.0464144
33 0.0466754
33.1 0.0469588
33.2 0.0472563
33.3 0.047557
33.4 0.0478688
33.5 0.0481893
33.6 0.0485426
33.7 0.0489086
33.8 0.0492905
33.9 0.0497005
34 0.0501291
34.1 0.050572
34.2 0.0510503
34.3 0.051561
34.4 0.0521
34.5 0.052665
34.6 0.0532632
34.7 0.0538822
34.8 0.0545259
34.9 0.0551954
35 0.0559255
35.1 0.0566795
35.2 0.0574582
35.3 0.0582703
35.4 0.0591373
35.5 0.0600772
35.6 0.0610388
35.7 0.0620822
35.8 0.0632067
35.9 0.0644033
36 0.0656533
36.1 0.0670073
36.2 0.0684521
36.3 0.0699759
36.4 0.0715922
36.5 0.0733145
36.6 0.0752149
36.7 0.0771967
36.8 0.0792617
36.9 0.0815137
37 0.083879
37.1 0.0864568
37.2 0.0890693
37.3 0.0918797
37.4 0.094938
37.5 0.09819
37.6 0.101592
37.7 0.105201
37.8 0.109017
37.9 0.113042
38 0.117279
38.1 0.121736
38.2 0.126499
38.3 0.131512
38.4 0.136762
38.5 0.142317
38.6 0.148042
38.7 0.154121
38.8 0.160406
38.9 0.166934
39 0.17382
39.1 0.180959
39.2 0.188335
39.3 0.195784
39.4 0.20343
39.5 0.211249
39.6 0.219247
39.7 0.22751
39.8 0.236069
39.9 0.24487
40 0.25353
40.1 0.262247
40.2 0.27081
40.3 0.279199
40.4 0.287479
40.5 0.295705
40.6 0.30359
40.7 0.3116
40.8 0.318945
40.9 0.326284
41 0.333197
41.1 0.339791
41.2 0.345952
41.3 0.351847
41.4 0.357464
41.5 0.362381
41.6 0.367
41.7 0.371595
41.8 0.37595
41.9 0.380086
42 0.383989
42.1 0.387747
42.2 0.391336
42.3 0.394638
42.4 0.397779
42.5 0.40078
42.6 0.403638
42.7 0.406393
42.8 0.4091
42.9 0.411684
43 0.414074
43.1 0.416385
43.2 0.418677
43.3 0.420903
43.4 0.423073
43.5 0.425192
43.6 0.427279
43.7 0.429293
43.8 0.43124
43.9 0.43321
44 0.435109
44.1 0.436993
44.2 0.438866
44.3 0.440757
44.4 0.442638
44.5 0.444461
44.6 0.4462
44.7 0.447904
44.8 0.449613
44.9 0.451285
45 0.452856
45.1 0.454365
45.2 0.4558
45.3 0.457198
45.4 0.458541
45.5 0.459855
45.6 0.461092
45.7 0.462265
45.8 0.463348
45.9 0.464412
46 0.465441
46.1 0.466382
46.2 0.467265
46.3 0.46807
46.4 0.468819
46.5 0.4695
46.6 0.470152
46.7 0.47077
46.8 0.47133
46.9 0.471861
47 0.472346
47.1 0.4728
47.2 0.473209
47.3 0.473582
47.4 0.473924
47.5 0.474261
47.6 0.474558
47.7 0.474835
47.8 0.475088
47.9 0.475324
48 0.475543
48.1 0.475743
48.2 0.475916
48.3 0.476068
48.4 0.47619
48.5 0.476342
48.6 0.47648
48.7 0.476607
48.8 0.476704
48.9 0.476813
49 0.476898
49.1 0.476983
49.2 0.477048
49.3 0.477132
49.4 0.477197
49.5 0.47725
49.6 0.477311
49.7 0.477367
49.8 0.477427
49.9 0.47746
50 0.477496
50.1 0.477538
50.2 0.477572
50.3 0.477613
50.4 0.477651
50.5 0.477674
50.6 0.477704
50.7 0.477734
50.8 0.477752
50.9 0.47777
51 0.477789
51.1 0.477798
51.2 0.477818
51.3 0.477827
51.4 0.477853
51.5 0.477874
51.6 0.47789
51.7 0.477901
51.8 0.47792
51.9 0.477925
52 0.477937
52.1 0.477948
52.2 0.477954
52.3 0.477968
52.4 0.477979
52.5 0.477983
52.6 0.478
52.7 0.478011
52.8 0.478018
52.9 0.478025
53 0.478028
53.1 0.478029
53.2 0.478026
53.3 0.478028
53.4 0.478028
53.5 0.478032
53.6 0.478035
53.7 0.478039
53.8 0.478045
53.9 0.478043
54 0.478058
54.1 0.478063
54.2 0.478062
54.3 0.478065
54.4 0.478067
54.5 0.478074
54.6 0.478075
54.7 0.478073
54.8 0.478077
54.9 0.478082
55 0.47808
55.1 0.478087
55.2 0.478084
55.3 0.478083
55.4 0.478089
55.5 0.478088
55.6 0.47809
55.7 0.478091
55.8 0.478096
55.9 0.478099
56 0.478098
56.1 0.478101
56.2 0.478102
56.3 0.478102
56.4 0.4781
56.5 0.478101
56.6 0.478101
56.7 0.478105
56.8 0.478107
56.9 0.478105
57 0.478105
57.1 0.478102
57.2 0.478099
57.3 0.478097
57.4 0.478095
57.5 0.478096
57.6 0.478094
57.7 0.478091
57.8 0.478087
57.9 0.478085
58 0.478093
58.1 0.478099
58.2 0.478101
58.3 0.478101
58.4 0.478103
58.5 0.478105
58.6 0.478105
58.7 0.478106
58.8 0.478101
58.9 0.4781
59 0.478098
59.1 0.478096
59.2 0.478098
59.3 0.478096
59.4 0.478096
59.5 0.478092
59.6 0.478096
59.7 0.4781
59.8 0.478099
59.9 0.478097
60 0.478094
60.1 0.478093
60.2 0.478091
60.3 0.478091
60.4 0.478088
60.5 0.478086
60.6 0.478086
60.7 0.478085
60.8 0.478083
60.9 0.478082
61 0.478082
61.1 0.478084
61.2 0.478086
61.3 0.478085
61.4 0.478084
61.5 0.478082
61.6 0.478079
61.7 0.478077
61.8 0.478077
61.9 0.478078
62 0.478078
62.1 0.478082
62.2 0.478084
62.3 0.478084
62.4 0.478087
62.5 0.478086
62.6 0.478087
62.7 0.478086
62.8 0.478083
62.9 0.478083
63 0.478083
63.1 0.478085
63.2 0.478085
63.3 0.478086
63.4 0.478086
63.5 0.478087
63.6 0.478085
63.7 0.478083
63.8 0.478081
63.9 0.47808
64 0.478078
64.1 0.478078
64.2 0.478076
64.3 0.478077
64.4 0.478081
64.5 0.47808
64.6 0.478081
64.7 0.47808
64.8 0.478079
64.9 0.47808
65 0.478078
65.1 0.478078
65.2 0.47808
65.3 0.47808
65.4 0.478081
65.5 0.478078
65.6 0.478077
65.7 0.478076
65.8 0.478079
65.9 0.478083
66 0.478081
66.1 0.478083
66.2 0.478085
66.3 0.478083
66.4 0.478084
66.5 0.478085
66.6 0.478086
66.7 0.478089
66.8 0.478088
66.9 0.478089
67 0.47809
67.1 0.478088
67.2 0.47809
67.3 0.478088
67.4 0.478088
67.5 0.478091
67.6 0.478091
67.7 0.478089
67.8 0.478091
67.9 0.478091
68 0.478092
68.1 0.478094
68.2 0.478094
68.3 0.478092
68.4 0.478091
68.5 0.478088
68.6 0.47809
68.7 0.478091
68.8 0.478092
68.9 0.478094
69 0.478093
69.1 0.478091
69.2 0.478091
69.3 0.478094
69.4 0.478089
69.5 0.478086
69.6 0.478083
69.7 0.478087
69.8 0.478085
69.9 0.478081
70 0.478078
70.1 0.47808
70.2 0.47808
70.3 0.478082
70.4 0.478082
70.5 0.47808
70.6 0.47808
70.7 0.478083
70.8 0.478081
70.9 0.478083
71 0.478085
71.1 0.478087
71.2 0.478085
71.3 0.478083
71.4 0.478084
71.5 0.478083
71.6 0.478085
71.7 0.478085
71.8 0.478085
71.9 0.478083
72 0.478083
72.1 0.478084
72.2 0.478081
72.3 0.478083
72.4 0.478083
72.5 0.478081
72.6 0.478081
72.7 0.478084
72.8 0.478087
72.9 0.478088
73 0.478086
73.1 0.478083
73.2 0.478084
73.3 0.478084
73.4 0.478086
73.5 0.478084
73.6 0.478085
73.7 0.478082
73.8 0.478081
73.9 0.478083
74 0.478081
74.1 0.478079
74.2 0.478078
74.3 0.478078
74.4 0.478076
74.5 0.478077
74.6 0.478075
74.7 0.478077
74.8 0.478079
74.9 0.478076
75 0.478078
75.1 0.478079
75.2 0.478079
75.3 0.478077
75.4 0.478074
75.5 0.478074
75.6 0.478076
75.7 0.47808
75.8 0.478081
75.9 0.478079
76 0.478081
76.1 0.478085
76.2 0.478084
76.3 0.478087
76.4 0.478087
76.5 0.478086
76.6 0.478084
76.7 0.478082
76.8 0.478082
76.9 0.47808
77 0.478081
77.1 0.478081
77.2 0.478081
77.3 0.47808
77.4 0.478082
77.5 0.478083
77.6 0.47808
77.7 0.478074
77.8 0.478074
77.9 0.478075
78 0.478075
78.1 0.478073
78.2 0.478069
78.3 0.47807
78.4 0.478073
78.5 0.478073
78.6 0.478078
78.7 0.478081
78.8 0.478085
78.9 0.478085
79 0.478086
79.1 0.478088
79.2 0.478085
79.3 0.478082
79.4 0.478081
79.5 0.478083
79.6 0.478085
79.7 0.478086
79.8 0.478082
79.9 0.47808
80 0.478081
80.1 0.478081
80.2 0.47808
80.3 0.478081
80.4 0.47808
80.5 0.478079
80.6 0.478079
80.7 0.478079
80.8 0.478081
80.9 0.47808
81 0.47808
81.1 0.478078
81.2 0.478076
81.3 0.478078
81.4 0.478081
81.5 0.478081
81.6 0.478084
81.7 0.478087
81.8 0.478089
81.9 0.47809
82 0.47809
82.1 0.47809
82.2 0.478092
82.3 0.478094
82.4 0.478095
82.5 0.478095
82.6 0.478094
82.7 0.478095
82.8 0.478097
82.9 0.478096
83 0.478093
83.1 0.478097
83.2 0.478096
83.3 0.478098
83.4 0.478099
83.5 0.478101
83.6 0.478101
83.7 0.478105
83.8 0.478106
83.9 0.47811
84 0.478111
84.1 0.478113
84.2 0.478113
84.3 0.478113
84.4 0.478111
84.5 0.47811
84.6 0.478113
84.7 0.478112
84.8 0.478112
84.9 0.478113
85 0.478109
85.1 0.47811
85.2 0.478111
85.3 0.478113
85.4 0.478113
85.5 0.478112
85.6 0.478114
85.7 0.478116
85.8 0.478113
85.9 0.478113
86 0.478114
86.1 0.478111
86.2 0.478111
86.3 0.47811
86.4 0.478109
86.5 0.478111
86.6 0.478111
86.7 0.478111
86.8 0.478112
86.9 0.478114
87 0.478119
87.1 0.478121
87.2 0.478122
87.3 0.478121
87.4 0.478119
87.5 0.478118
87.6 0.478115
87.7 0.478113
87.8 0.478114
87.9 0.478112
88 0.478113
88.1 0.478114
88.2 0.478112
88.3 0.478114
88.4 0.478115
88.5 0.478118
88.6 0.47812
88.7 0.478122
88.8 0.478123
88.9 0.478126
89 0.478126
89.1 0.478126
89.2 0.478124
89.3 0.478122
89.4 0.47812
89.5 0.478118
89.6 0.478118
89.7 0.478119
89.8 0.478119
89.9 0.478119
90 0.478118
90.1 0.478117
90.2 0.478118
90.3 0.478119
90.4 0.478121
90.5 0.478122
90.6 0.478124
90.7 0.478124
90.8 0.478126
90.9 0.478125
91 0.478125
91.1 0.478124
91.2 0.478123
91.3 0.478123
91.4 0.478125
91.5 0.478124
91.6 0.478124
91.7 0.478123
91.8 0.478125
91.9 0.478126
92 0.478128
92.1 0.478127
92.2 0.478127
92.3 0.478125
92.4 0.478125
92.5 0.478125
92.6 0.478123
92.7 0.478122
92.8 0.478123
92.9 0.478123
93 0.478125
93.1 0.478124
93.2 0.478124
93.3 0.478124
93.4 0.478123
93.5 0.478123
93.6 0.478124
93.7 0.478123
93.8 0.478127
93.9 0.478127
94 0.478125
94.1 0.478125
94.2 0.478125
94.3 0.478125
94.4 0.478124
94.5 0.478125
94.6 0.478126
94.7 0.478122
94.8 0.478121
94.9 0.478121
95 0.478122
95.1 0.478121
95.2 0.47812
95.3 0.478121
95.4 0.478122
95.5 0.478121
95.6 0.47812
95.7 0.47812
95.8 0.47812
95.9 0.478118
96 0.478117
96.1 0.478118
96.2 0.478118
96.3 0.478117
96.4 0.478119
96.5 0.478119
96.6 0.478117
96.7 0.478117
96.8 0.478117
96.9 0.478117
97 0.478117
97.1 0.478116
97.2 0.478116
97.3 0.478118
97.4 0.478119
97.5 0.47812
97.6 0.47812
97.7 0.478122
97.8 0.478121
97.9 0.478119
98 0.47812
98.1 0.478119
98.2 0.478118
98.3 0.478118
98.4 0.478117
98.5 0.478117
98.6 0.478115
98.7 0.478115
98.8 0.478116
98.9 0.478116
99 0.478116
99.1 0.478118
99.2 0.478118
99.3 0.478117
99.4 0.478118
99.5 0.47812
99.6 0.47812
99.7 0.478121
99.8 0.478121
99.9 0.478122
100 0.829992
