0 5
0.1 5.16826
0.2 5.16829
0.3 5.16832
0.4 5.16835
0.5 5.16838
0.6 5.16841
0.7 5.16845
0.8 5.16848
0.9 5.16851
1 5.16854
1.1 5.16857
1.2 5.1686
1.3 5.16863
1.4 5.16867
1.5 5.1687
1.6 5.16873
1.7 5.16876
1.8 5.16879
1.9 5.16883
2 5.16886
2.1 5.16889
2.2 5.16892
2.3 5.16895
2.4 5.16899
2.5 5.16902
2.6 5.16905
2.7 5.16908
2.8 5.16911
2.9 5.16915
3 5.16918
3.1 5.16921
3.2 5.16924
3.3 5.16928
3.4 5.16931
3.5 5.16934
3.6 5.16938
3.7 5.16941
3.8 5.16944
3.9 5.16947
4 5.16951
4.1 5.16954
4.2 5.16957
4.3 5.16961
4.4 5.16964
4.5 5.16967
4.6 5.16971
4.7 5.16974
4.8 5.16977
4.9 5.16981
5 5.16984
5.1 5.16987
5.2 5.16991
5.3 5.16994
5.4 5.16997
5.5 5.17001
5.6 5.17004
5.7 5.17008
5.8 5.17011
5.9 5.17014
6 5.17018
6.1 5.17021
6.2 5.17025
6.3 5.17028
6.4 5.17031
6.5 5.17035
6.6 5.17038
6.7 5.17042
6.8 5.17045
6.9 5.17049
7 5.17052
7.1 5.17056
7.2 5.17059
7.3 5.17063
7.4 5.17066
7.5 5.1707
7.6 5.17073
7.7 5.17077
7.8 5.1708
7.9 5.17084
8 5.17087
8.1 5.17091
8.2 5.17094
8.3 5.17098
8.4 5.17101
8.5 5.17105
8.6 5.17108
8.7 5.17112
8.8 5.17115
8.9 5.17119
9 5.17123
9.1 5.17126
9.2 5.1713
9.3 5.17133
9.4 5.17137
9.5 5.17141
9.6 5.17144
9.7 5.17148
9.8 5.17151
9.9 5.17155
10 5.17159
10.1 5.17162
10.2 5.17166
10.3 5.1717
10.4 5.17173
10.5 5.17177
10.6 5.17181
10.7 5.17184
10.8 5.17188
10.9 5.17192
11 5.17195
11.1 5.17199
11.2 5.17203
11.3 5.17207
11.4 5.1721
11.5 5.17214
11.6 5.17218
11.7 5.17222
11.8 5.17225
11.9 5.17229
12 5.17233
12.1 5.17237
12.2 5.1724
12.3 5.17244
12.4 5.17248
12.5 5.17252
12.6 5.17256
12.7 5.17259
12.8 5.17263
12.9 5.17267
13 5.17271
13.1 5.17275
13.2 5.17278
13.3 5.17282
13.4 5.17286
13.5 5.1729
13.6 5.17294
13.7 5.17298
13.8 5.17302
13.9 5.17306
14 5.17309
14.1 5.17313
14.2 5.17317
14.3 5.17321
14.4 5.17325
14.5 5.17329
14.6 5.17333
14.7 5.17337
14.8 5.17341
14.9 5.17345
15 5.17349
15.1 5.17353
15.2 5.17357
15.3 5.17361
15.4 5.17365
15.5 5.17369
15.6 5.17373
15.7 5.17377
15.8 5.17381
15.9 5.17385
16 5.17389
16.1 5.17393
16.2 5.17397
16.3 5.17401
16.4 5.17405
16.5 5.17409
16.6 5.17413
16.7 5.17417
16.8 5.17421
16.9 5.17425
17 5.17429
17.1 5.17434
17.2 5.17438
17.3 5.17442
17.4 5.17446
17.5 5.1745
17.6 5.17454
17.7 5.17458
17.8 5.17463
17.9 5.17467
18 5.17471
18.1 5.17475
18.2 5.17479
18.3 5.17483
18.4 5.17488
18.5 5.17492
18.6 5.17496
18.7 5.175
18.8 5.17504
18.9 5.17509
19 5.17513
19.1 5.17517
19.2 5.17522
19.3 5.17526
19.4 5.1753
19.5 5.17534
19.6 5.17539
19.7 5.17543
19.8 5.17547
19.9 5.17552
20 5.17556
20.1 5.1756
20.2 5.17565
20.3 5.17569
20.4 5.17573
20.5 5.17578
20.6 5.17582
20.7 5.17586
20.8 5.17591
20.9 5.17595
21 5.176
21.1 5.17604
21.2 5.17608
21.3 5.17613
21.4 5.17617
21.5 5.17622
21.6 5.17626
21.7 5.17631
21.8 5.17635
21.9 5.1764
22 5.17644
22.1 5.17648
22.2 5.17653
22.3 5.17657
22.4 5.17662
22.5 5.17667
22.6 5.17671
22.7 5.17676
22.8 5.1768
22.9 5.17685
23 5.17689
23.1 5.17694
23.2 5.17698
23.3 5.17703
23.4 5.17708
23.5 5.17712
23.6 5.17717
23.7 5.17721
23.8 5.17726
23.9 5.17731
24 5.17735
24.1 5.1774
24.2 5.17745
24.3 5.17749
24.4 5.17754
24.5 5.17759
24.6 5.17763
24.7 5.17768
24.8 5.17773
24.9 5.17778
25 5.17782
25.1 5.17787
25.2 5.17792
25.3 5.17796
25.4 5.17801
25.5 5.17806
25.6 5.17811
25.7 5.17816
25.8 5.1782
25.9 5.17825
26 5.1783
26.1 5.17835
26.2 5.1784
26.3 5.17845
26.4 5.17849
26.5 5.17854
26.6 5.17859
26.7 5.17864
26.8 5.17869
26.9 5.17874
27 5.17879
27.1 5.17884
27.2 5.17889
27.3 5.17893
27.4 5.17898
27.5 5.17903
27.6 5.17908
27.7 5.17913
27.8 5.17918
27.9 5.17923
28 5.17928
28.1 5.17933
28.2 5.17938
28.3 5.17943
28.4 5.17948
28.5 5.17953
28.6 5.17958
28.7 5.17964
28.8 5.17969
28.9 5.17974
29 5.17979
29.1 5.17984
29.2 5.17989
29.3 5.17994
29.4 5.17999
29.5 5.18004
29.6 5.1801
29.7 5.18015
29.8 5.1802
29.9 5.18025
30 5.1803
30.1 5.18035
30.2 5.18041
30.3 5.18046
30.4 5.18051
30.5 5.18056
30.6 5.18062
30.7 5.18067
30.8 5.18072
30.9 5.18077
31 5.18083
31.1 5.18088
31.2 5.18093
31.3 5.18099
31.4 5.18104
31.5 5.18109
31.6 5.18115
31.7 5.1812
31.8 5.18125
31.9 5.18131
32 5.18136
32.1 5.18141
32.2 5.18147
32.3 5.18152
32.4 5.18158
32.5 5.18163
32.6 5.18169
32.7 5.18174
32.8 5.18179
32.9 5.18185
33 5.1819
33.1 5.18196
33.2 5.18201
33.3 5.18207
33.4 5.18213
33.5 5.18218
33.6 5.18224
33.7 5.18229
33.8 5.18235
33.9 5.1824
34 5.18246
34.1 5.18252
34.2 5.18257
34.3 5.18263
34.4 5.18268
34.5 5.18274
34.6 5.1828
34.7 5.18285
34.8 5.18291
34.9 5.18297
35 5.18302
35.1 5.18308
35.2 5.18314
35.3 5.1832
35.4 5.18325
35.5 5.18331
35.6 5.18337
35.7 5.18343
35.8 5.18348
35.9 5.18354
36 5.1836
36.1 5.18366
36.2 5.18372
36.3 5.18378
36.4 5.18383
36.5 5.18389
36.6 5.18395
36.7 5.18401
36.8 5.18407
36.9 5.18413
37 5.18419
37.1 5.18425
37.2 5.18431
37.3 5.18437
37.4 5.18443
37.5 5.18449
37.6 5.18455
37.7 5.18461
37.8 5.18467
37.9 5.18473
38 5.18479
38.1 5.18485
38.2 5.18491
38.3 5.18497
38.4 5.18503
38.5 5.18509
38.6 5.18515
38.7 5.18521
38.8 5.18527
38.9 5.18534
39 5.1854
39.1 5.18546
39.2 5.18552
39.3 5.18558
39.4 5.18565
39.5 5.18571
39.6 5.18577
39.7 5.18583
39.8 5.18589
39.9 5.18596
40 5.18602
40.1 5.18608
40.2 5.18615
40.3 5.18621
40.4 5.18627
40.5 5.18634
40.6 5.1864
40.7 5.18646
40.8 5.18653
40.9 5.18659
41 5.18666
41.1 5.18672
41.2 5.18678
41.3 5.18685
41.4 5.18691
41.5 5.18698
41.6 5.18704
41.7 5.18711
41.8 5.18717
41.9 5.18724
42 5.1873
42.1 5.18737
42.2 5.18743
42.3 5.1875
42.4 5.18757
42.5 5.18763
42.6 5.1877
42.7 5.18776
42.8 5.18783
42.9 5.1879
43 5.18796
43.1 5.18803
43.2 5.1881
43.3 5.18816
43.4 5.18823
43.5 5.1883
43.6 5.18837
43.7 5.18843
43.8 5.1885
43.9 5.18857
44 5.18864
44.1 5.18871
44.2 5.18877
44.3 5.18884
44.4 5.18891
44.5 5.18898
44.6 5.18905
44.7 5.18912
44.8 5.18919
44.9 5.18926
45 5.18933
45.1 5.1894
45.2 5.18947
45.3 5.18953
45.4 5.1896
45.5 5.18968
45.6 5.18975
45.7 5.18982
45.8 5.18989
45.9 5.18996
46 5.19003
46.1 5.1901
46.2 5.19017
46.3 5.19024
46.4 5.19031
46.5 5.19038
46.6 5.19046
46.7 5.19053
46.8 5.1906
46.9 5.19067
47 5.19074
47.1 5.19082
47.2 5.19089
47.3 5.19096
47.4 5.19104
47.5 5.19111
47.6 5.19118
47.7 5.19126
47.8 5.19133
47.9 5.1914
48 5.19148
48.1 5.19155
48.2 5.19162
48.3 5.1917
48.4 5.19177
48.5 5.19185
48.6 5.19192
48.7 5.192
48.8 5.19207
48.9 5.19215
49 5.19222
49.1 5.1923
49.2 5.19237
49.3 5.19245
49.4 5.19253
49.5 5.1926
49.6 5.19268
49.7 5.19276
49.8 5.19283
49.9 5.19291
50 5.19299
50.1 5.19306
50.2 5.19314
50.3 5.19322
50.4 5.1933
50.5 5.19337
50.6 5.19345
50.7 5.19353
50.8 5.19361
50.9 5.19369
51 5.19377
51.1 5.19384
51.2 5.19392
51.3 5.194
51.4 5.19408
51.5 5.19416
51.6 5.19424
51.7 5.19432
51.8 5.1944
51.9 5.19448
52 5.19456
52.1 5.19464
52.2 5.19472
52.3 5.1948
52.4 5.19489
52.5 5.19497
52.6 5.19505
52.7 5.19513
52.8 5.19521
52.9 5.19529
53 5.19538
53.1 5.19546
53.2 5.19554
53.3 5.19562
53.4 5.19571
53.5 5.19579
53.6 5.19587
53.7 5.19596
53.8 5.19604
53.9 5.19612
54 5.19621
54.1 5.19629
54.2 5.19638
54.3 5.19646
54.4 5.19655
54.5 5.19663
54.6 5.19672
54.7 5.1968
54.8 5.19689
54.9 5.19697
55 5.19706
55.1 5.19715
55.2 5.19723
55.3 5.19732
55.4 5.19741
55.5 5.19749
55.6 5.19758
55.7 5.19767
55.8 5.19776
55.9 5.19784
56 5.19793
56.1 5.19802
56.2 5.19811
56.3 5.1982
56.4 5.19828
56.5 5.19837
56.6 5.19846
56.7 5.19855
56.8 5.19864
56.9 5.19873
57 5.19882
57.1 5.19891
57.2 5.199
57.3 5.19909
57.4 5.19918
57.5 5.19928
57.6 5.19937
57.7 5.19946
57.8 5.19955
57.9 5.19964
58 5.19973
58.1 5.19983
58.2 5.19992
58.3 5.20001
58.4 5.2001
58.5 5.2002
58.6 5.20029
58.7 5.20039
58.8 5.20048
58.9 5.20057
59 5.20067
59.1 5.20076
59.2 5.20086
59.3 5.20095
59.4 5.20105
59.5 5.20114
59.6 5.20124
59.7 5.20133
59.8 5.20143
59.9 5.20153
60 5.20162
60.1 5.20172
60.2 5.20182
60.3 5.20192
60.4 5.20201
60.5 5.20211
60.6 5.20221
60.7 5.20231
60.8 5.20241
60.9 5.20251
61 5.2026
61.1 5.2027
61.2 5.2028
61.3 5.2029
61.4 5.203
61.5 5.2031
61.6 5.2032
61.7 5.20331
61.8 5.20341
61.9 5.20351
62 5.20361
62.1 5.20371
62.2 5.20381
62.3 5.20392
62.4 5.20402
62.5 5.20412
62.6 5.20423
62.7 5.20433
62.8 5.20443
62.9 5.20454
63 5.20464
63.1 5.20475
63.2 5.20485
63.3 5.20496
63.4 5.20506
63.5 5.20517
63.6 5.20527
63.7 5.20538
63.8 5.20549
63.9 5.20559
64 5.2057
64.1 5.20581
64.2 5.20591
64.3 5.20602
64.4 5.20613
64.5 5.20624
64.6 5.20635
64.7 5.20646
64.8 5.20657
64.9 5.20668
65 5.20679
65.1 5.2069
65.2 5.20701
65.3 5.20712
65.4 5.20723
65.5 5.20734
65.6 5.20745
65.7 5.20756
65.8 5.20768
65.9 5.20779
66 5.2079
66.1 5.20801
66.2 5.20813
66.3 5.20824
66.4 5.20836
66.5 5.20847
66.6 5.20859
66.7 5.2087
66.8 5.20882
66.9 5.20893
67 5.20905
67.1 5.20916
67.2 5.20928
67.3 5.2094
67.4 5.20952
67.5 5.20963
67.6 5.20975
67.7 5.20987
67.8 5.20999
67.9 5.21011
68 5.21023
68.1 5.21035
68.2 5.21047
68.3 5.21059
68.4 5.21071
68.5 5.21083
68.6 5.21095
68.7 5.21107
68.8 5.2112
68.9 5.21132
69 5.21144
69.1 5.21156
69.2 5.21169
69.3 5.21181
69.4 5.21194
69.5 5.21206
69.6 5.21219
69.7 5.21231
69.8 5.21244
69.9 5.21256
70 5.21269
70.1 5.21282
70.2 5.21295
70.3 5.21307
70.4 5.2132
70.5 5.21333
70.6 5.21346
70.7 5.21359
70.8 5.21372
70.9 5.21385
71 5.21398
71.1 5.21411
71.2 5.21424
71.3 5.21437
71.4 5.2145
71.5 5.21464
71.6 5.21477
71.7 5.2149
71.8 5.21504
71.9 5.21517
72 5.2153
72.1 5.21544
72.2 5.21557
72.3 5.21571
72.4 5.21585
72.5 5.21598
72.6 5.21612
72.7 5.21626
72.8 5.2164
72.9 5.21653
73 5.21667
73.1 5.21681
73.2 5.21695
73.3 5.21709
73.4 5.21723
73.5 5.21737
73.6 5.21751
73.7 5.21766
73.8 5.2178
73.9 5.21794
74 5.21808
74.1 5.21823
74.2 5.21837
74.3 5.21852
74.4 5.21866
74.5 5.21881
74.6 5.21895
74.7 5.2191
74.8 5.21925
74.9 5.21939
75 5.21954
75.1 5.21969
75.2 5.21984
75.3 5.21999
75.4 5.22014
75.5 5.22029
75.6 5.22044
75.7 5.22059
75.8 5.22074
75.9 5.22089
76 5.22105
76.1 5.2212
76.2 5.22135
76.3 5.22151
76.4 5.22166
76.5 5.22182
76.6 5.22197
76.7 5.22213
76.8 5.22229
76.9 5.22245
77 5.2226
77.1 5.22276
77.2 5.22292
77.3 5.22308
77.4 5.22324
77.5 5.2234
77.6 5.22356
77.7 5.22372
77.8 5.22389
77.9 5.22405
78 5.22421
78.1 5.22438
78.2 5.22454
78.3 5.2247
78.4 5.22487
78.5 5.22504
78.6 5.2252
78.7 5.22537
78.8 5.22554
78.9 5.22571
79 5.22588
79.1 5.22604
79.2 5.22621
79.3 5.22639
79.4 5.22656
79.5 5.22673
79.6 5.2269
79.7 5.22707
79.8 5.22725
79.9 5.22742
80 5.2276
80.1 5.22777
80.2 5.22795
80.3 5.22812
80.4 5.2283
80.5 5.22848
80.6 5.22866
80.7 5.22884
80.8 5.22902
80.9 5.2292
81 5.22938
81.1 5.22956
81.2 5.22974
81.3 5.22992
81.4 5.23011
81.5 5.23029
81.6 5.23047
81.7 5.23066
81.8 5.23084
81.9 5.23103
82 5.23122
82.1 5.23141
82.2 5.23159
82.3 5.23178
82.4 5.23197
82.5 5.23216
82.6 5.23235
82.7 5.23255
82.8 5.23274
82.9 5.23293
83 5.23312
83.1 5.23332
83.2 5.23351
83.3 5.23371
83.4 5.2339
83.5 5.2341
83.6 5.2343
83.7 5.2345
83.8 5.23469
83.9 5.23489
84 5.23509
84.1 5.23529
84.2 5.23549
84.3 5.2357
84.4 5.2359
84.5 5.2361
84.6 5.23631
84.7 5.23651
84.8 5.23672
84.9 5.23692
85 5.23713
85.1 5.23734
85.2 5.23754
85.3 5.23775
85.4 5.23796
85.5 5.23817
85.6 5.23838
85.7 5.23859
85.8 5.2388
85.9 5.23902
86 5.23923
86.1 5.23944
86.2 5.23966
86.3 5.23987
86.4 5.24009
86.5 5.24031
86.6 5.24052
86.7 5.24074
86.8 5.24096
86.9 5.24118
87 5.2414
87.1 5.24162
87.2 5.24184
87.3 5.24206
87.4 5.24228
87.5 5.2425
87.6 5.24273
87.7 5.24295
87.8 5.24318
87.9 5.2434
88 5.24363
88.1 5.24385
88.2 5.24408
88.3 5.24431
88.4 5.24454
88.5 5.24476
88.6 5.24499
88.7 5.24522
88.8 5.24545
88.9 5.24569
89 5.24592
89.1 5.24615
89.2 5.24638
89.3 5.24662
89.4 5.24685
89.5 5.24708
89.6 5.24732
89.7 5.24755
89.8 5.24779
89.9 5.24803
90 5.24826
90.1 5.2485
90.2 5.24874
90.3 5.24898
90.4 5.24922
90.5 5.24946
90.6 5.2497
90.7 5.24994
90.8 5.25018
90.9 5.25042
91 5.25066
91.1 5.2509
91.2 5.25115
91.3 5.25139
91.4 5.25163
91.5 5.25188
91.6 5.25212
91.7 5.25237
91.8 5.25261
91.9 5.25286
92 5.2531
92.1 5.25335
92.2 5.25359
92.3 5.25384
92.4 5.25409
92.5 5.25433
92.6 5.25458
92.7 5.25483
92.8 5.25508
92.9 5.25532
93 5.25557
93.1 5.25582
93.2 5.25607
93.3 5.25632
93.4 5.25657
93.5 5.25681
93.6 5.25706
93.7 5.25731
93.8 5.25756
93.9 5.25781
94 5.25806
94.1 5.25831
94.2 5.25856
94.3 5.25881
94.4 5.25906
94.5 5.25931
94.6 5.25956
94.7 5.2598
94.8 5.26005
94.9 5.2603
95 5.26055
95.1 5.2608
95.2 5.26105
95.3 5.2613
95.4 5.26154
95.5 5.26179
95.6 5.26204
95.7 5.26229
95.8 5.26253
95.9 5.26278
96 5.26303
96.1 5.26327
96.2 5.26352
96.3 5.26376
96.4 5.26401
96.5 5.26425
96.6 5.2645
96.7 5.26474
96.8 5.26498
96.9 5.26522
97 5.26547
97.1 5.26571
97.2 5.26595
97.3 5.26619
97.4 5.26643
97.5 5.26667
97.6 5.2669
97.7 5.26714
97.8 5.26738
97.9 5.26761
98 5.26785
98.1 5.26808
98.2 5.26831
98.3 5.26854
98.4 5.26878
98.5 5.26901
98.6 5.26923
98.7 5.26946
98.8 5.26969
98.9 5.26992
99 5.27014
99.1 5.27037
99.2 5.27059
99.3 5.27081
99.4 5.27103
99.5 5.27125
99.6 5.27147
99.7 5.27168
99.8 5.2719
99.9 5.27211
100 5.27233
100.001 5
