18.5 2.71201
18.5015 2.6529
18.503 2.59407
18.5045 2.5355
18.506 2.47721
18.5075 2.41918
18.509 2.36141
18.5105 2.30392
18.512 2.24669
18.5135 2.18972
18.515 2.13302
18.5165 2.07659
18.518 2.02041
18.5195 1.9645
18.521 1.90885
18.5225 1.85347
18.524 1.79834
18.5255 1.74348
18.527 1.68887
18.5285 1.63453
18.53 1.58044
18.5315 1.52661
18.533 1.47303
18.5345 1.41972
18.536 1.36666
18.5375 1.31385
18.539 1.2613
18.5405 1.20901
18.542 1.15696
18.5435 1.10517
18.545 1.05364
18.5465 1.00235
18.548 0.951317
18.5495 0.900532
18.551 0.849998
18.5525 0.799713
18.554 0.749677
18.5555 0.699889
18.557 0.650348
18.5585 0.601054
18.56 0.552006
18.5615 0.503204
18.563 0.454647
18.5645 0.406334
18.566 0.358265
18.5675 0.310439
18.569 0.262856
18.5705 0.215515
18.572 0.168415
18.5735 0.121557
18.575 0.0749379
18.5765 0.0285588
18.578 -0.0175812
18.5795 -0.0634828
18.581 -0.109147
18.5825 -0.154573
18.584 -0.199763
18.5855 -0.244717
18.587 -0.289435
18.5885 -0.333919
18.59 -0.378168
18.5915 -0.422184
18.593 -0.465966
18.5945 -0.509516
18.596 -0.552834
18.5975 -0.595921
18.599 -0.638777
18.6006 -0.681403
18.6021 -0.7238
18.6036 -0.765967
18.6051 -0.807906
18.6066 -0.849617
18.6081 -0.891101
18.6096 -0.932359
18.6111 -0.97339
18.6126 -1.0142
18.6141 -1.05478
18.6156 -1.09513
18.6171 -1.13527
18.6186 -1.17518
18.6201 -1.21486
18.6216 -1.25433
18.6231 -1.29357
18.6246 -1.3326
18.6261 -1.3714
18.6276 -1.40998
18.6291 -1.44835
18.6306 -1.48649
18.6321 -1.52442
18.6336 -1.56213
18.6351 -1.59962
18.6366 -1.6369
18.6381 -1.67396
18.6396 -1.71081
18.6411 -1.74744
18.6426 -1.78386
18.6441 -1.82007
18.6456 -1.85606
18.6471 -1.89184
18.6486 -1.92741
18.6501 -1.96276
18.6516 -1.99791
18.6531 -2.03285
18.6546 -2.06757
18.6561 -2.10209
18.6576 -2.1364
18.6591 -2.1705
18.6606 -2.2044
18.6621 -2.23809
18.6636 -2.27157
18.6651 -2.30485
18.6666 -2.33792
18.6681 -2.37079
18.6696 -2.40345
18.6711 -2.43591
18.6726 -2.46817
18.6741 -2.50023
18.6756 -2.53208
18.6771 -2.56374
18.6786 -2.59519
18.6801 -2.62644
18.6816 -2.6575
18.6831 -2.68835
18.6846 -2.71901
18.6861 -2.74947
18.6876 -2.77973
18.6891 -2.8098
18.6906 -2.83967
18.6921 -2.86934
18.6936 -2.89882
18.6951 -2.9281
18.6966 -2.95719
18.6981 -2.98609
18.6996 -3.0148
18.7011 -3.04331
18.7026 -3.07163
18.7041 -3.09976
18.7056 -3.1277
18.7071 -3.15545
18.7086 -3.18301
18.7101 -3.21038
18.7116 -3.23756
18.7131 -3.26456
18.7146 -3.29137
18.7161 -3.31799
18.7176 -3.34442
18.7191 -3.37067
18.7206 -3.39673
18.7221 -3.42261
18.7236 -3.44831
18.7251 -3.47382
18.7266 -3.49915
18.7281 -3.52429
18.7296 -3.54926
18.7311 -3.57404
18.7326 -3.59864
18.7341 -3.62306
18.7356 -3.64731
18.7371 -3.67137
18.7386 -3.69525
18.7401 -3.71896
18.7416 -3.74248
18.7431 -3.76583
18.7446 -3.78901
18.7461 -3.81201
18.7476 -3.83483
18.7491 -3.85748
18.7506 -3.87995
18.7521 -3.90225
18.7536 -3.92437
18.7551 -3.94632
18.7566 -3.9681
18.7581 -3.98971
18.7596 -4.01115
18.7611 -4.03241
18.7626 -4.05351
18.7641 -4.07443
18.7656 -4.09519
18.7671 -4.11578
18.7686 -4.13619
18.7701 -4.15645
18.7716 -4.17653
18.7731 -4.19645
18.7746 -4.2162
18.7761 -4.23578
18.7776 -4.2552
18.7791 -4.27446
18.7806 -4.29355
18.7821 -4.31248
18.7836 -4.33124
18.7851 -4.34984
18.7866 -4.36828
18.7881 -4.38656
18.7896 -4.40468
18.7911 -4.42263
18.7926 -4.44043
18.7941 -4.45806
18.7956 -4.47554
18.7971 -4.49286
18.7986 -4.51002
18.8002 -4.52702
18.8017 -4.54387
18.8032 -4.56056
18.8047 -4.57709
18.8062 -4.59347
18.8077 -4.60969
18.8092 -4.62576
18.8107 -4.64168
18.8122 -4.65744
18.8137 -4.67304
18.8152 -4.6885
18.8167 -4.7038
18.8182 -4.71895
18.8197 -4.73395
18.8212 -4.7488
18.8227 -4.7635
18.8242 -4.77805
18.8257 -4.79245
18.8272 -4.80671
18.8287 -4.82081
18.8302 -4.83477
18.8317 -4.84858
18.8332 -4.86224
18.8347 -4.87576
18.8362 -4.88913
18.8377 -4.90235
18.8392 -4.91543
18.8407 -4.92837
18.8422 -4.94116
18.8437 -4.95381
18.8452 -4.96632
18.8467 -4.97869
18.8482 -4.99091
18.8497 -5.00299
18.8512 -5.01493
18.8527 -5.02673
18.8542 -5.0384
18.8557 -5.04992
18.8572 -5.0613
18.8587 -5.07254
18.8602 -5.08365
18.8617 -5.09462
18.8632 -5.10545
18.8647 -5.11615
18.8662 -5.12671
18.8677 -5.13713
18.8692 -5.14742
18.8707 -5.15757
18.8722 -5.16759
18.8737 -5.17748
18.8752 -5.18723
18.8767 -5.19685
18.8782 -5.20634
18.8797 -5.2157
18.8812 -5.22493
18.8827 -5.23402
18.8842 -5.24298
18.8857 -5.25182
18.8872 -5.26052
18.8887 -5.2691
18.8902 -5.27755
18.8917 -5.28587
18.8932 -5.29406
18.8947 -5.30212
18.8962 -5.31006
18.8977 -5.31787
18.8992 -5.32556
18.9007 -5.33312
18.9022 -5.34056
18.9037 -5.34787
18.9052 -5.35506
18.9067 -5.36212
18.9082 -5.36907
18.9097 -5.37589
18.9112 -5.38258
18.9127 -5.38916
18.9142 -5.39561
18.9157 -5.40195
18.9172 -5.40816
18.9187 -5.41426
18.9202 -5.42023
18.9217 -5.42609
18.9232 -5.43183
18.9247 -5.43745
18.9262 -5.44295
18.9277 -5.44833
18.9292 -5.4536
18.9307 -5.45875
18.9322 -5.46379
18.9337 -5.46871
18.9352 -5.47352
18.9367 -5.47821
18.9382 -5.48279
18.9397 -5.48726
18.9412 -5.49161
18.9427 -5.49585
18.9442 -5.49998
18.9457 -5.50399
18.9472 -5.5079
18.9487 -5.51169
18.9502 -5.51538
18.9517 -5.51895
18.9532 -5.52241
18.9547 -5.52577
18.9562 -5.52902
18.9577 -5.53215
18.9592 -5.53519
18.9607 -5.53811
18.9622 -5.54093
18.9637 -5.54364
18.9652 -5.54624
18.9667 -5.54874
18.9682 -5.55113
18.9697 -5.55342
18.9712 -5.55561
18.9727 -5.55769
18.9742 -5.55967
18.9757 -5.56154
18.9772 -5.56331
18.9787 -5.56498
18.9802 -5.56655
18.9817 -5.56802
18.9832 -5.56939
18.9847 -5.57065
18.9862 -5.57182
18.9877 -5.57288
18.9892 -5.57385
18.9907 -5.57472
18.9922 -5.57549
18.9937 -5.57616
18.9952 -5.57674
18.9967 -5.57722
18.9982 -5.5776
18.9997 -5.57789
19.0013 -5.57808
19.0028 -5.57817
19.0043 -5.57817
19.0058 -5.57808
19.0073 -5.57789
19.0088 -5.57761
19.0103 -5.57723
19.0118 -5.57676
19.0133 -5.5762
19.0148 -5.57555
19.0163 -5.5748
19.0178 -5.57397
19.0193 -5.57304
19.0208 -5.57203
19.0223 -5.57092
19.0238 -5.56973
19.0253 -5.56844
19.0268 -5.56707
19.0283 -5.56561
19.0298 -5.56406
19.0313 -5.56242
19.0328 -5.56069
19.0343 -5.55888
19.0358 -5.55699
19.0373 -5.555
19.0388 -5.55294
19.0403 -5.55078
19.0418 -5.54854
19.0433 -5.54622
19.0448 -5.54382
19.0463 -5.54133
19.0478 -5.53875
19.0493 -5.5361
19.0508 -5.53336
19.0523 -5.53054
19.0538 -5.52764
19.0553 -5.52466
19.0568 -5.5216
19.0583 -5.51846
19.0598 -5.51524
19.0613 -5.51193
19.0628 -5.50855
19.0643 -5.50509
19.0658 -5.50156
19.0673 -5.49794
19.0688 -5.49425
19.0703 -5.49048
19.0718 -5.48663
19.0733 -5.48271
19.0748 -5.47871
19.0763 -5.47464
19.0778 -5.47049
19.0793 -5.46626
19.0808 -5.46196
19.0823 -5.45759
19.0838 -5.45314
19.0853 -5.44862
19.0868 -5.44403
19.0883 -5.43937
19.0898 -5.43463
19.0913 -5.42982
19.0928 -5.42494
19.0943 -5.41999
19.0958 -5.41497
19.0973 -5.40988
19.0988 -5.40472
19.1003 -5.39949
19.1018 -5.39419
19.1033 -5.38882
19.1048 -5.38338
19.1063 -5.37788
19.1078 -5.37231
19.1093 -5.36667
19.1108 -5.36096
19.1123 -5.35519
19.1138 -5.34935
19.1153 -5.34345
19.1168 -5.33748
19.1183 -5.33144
19.1198 -5.32534
19.1213 -5.31918
19.1228 -5.31296
19.1243 -5.30666
19.1258 -5.30031
19.1273 -5.2939
19.1288 -5.28742
19.1303 -5.28088
19.1318 -5.27428
19.1333 -5.26761
19.1348 -5.26089
19.1363 -5.2541
19.1378 -5.24726
19.1393 -5.24036
19.1408 -5.23339
19.1423 -5.22637
19.1438 -5.21929
19.1453 -5.21215
19.1468 -5.20495
19.1483 -5.19769
19.1498 -5.19038
19.1513 -5.18301
19.1528 -5.17558
19.1543 -5.1681
19.1558 -5.16056
19.1573 -5.15297
19.1588 -5.14532
19.1603 -5.13762
19.1618 -5.12986
19.1633 -5.12205
19.1648 -5.11418
19.1663 -5.10626
19.1678 -5.09829
19.1693 -5.09026
19.1708 -5.08219
19.1723 -5.07406
19.1738 -5.06587
19.1753 -5.05764
19.1768 -5.04936
19.1783 -5.04102
19.1798 -5.03264
19.1813 -5.02421
19.1828 -5.01572
19.1843 -5.00719
19.1858 -4.99861
19.1873 -4.98998
19.1888 -4.9813
19.1903 -4.97257
19.1918 -4.9638
19.1933 -4.95498
19.1948 -4.94611
19.1963 -4.93719
19.1978 -4.92823
19.1993 -4.91923
19.2009 -4.91018
19.2024 -4.90108
19.2039 -4.89194
19.2054 -4.88275
19.2069 -4.87352
19.2084 -4.86424
19.2099 -4.85493
19.2114 -4.84557
19.2129 -4.83616
19.2144 -4.82671
19.2159 -4.81723
19.2174 -4.8077
19.2189 -4.79812
19.2204 -4.78851
19.2219 -4.77886
19.2234 -4.76916
19.2249 -4.75943
19.2264 -4.74965
19.2279 -4.73984
19.2294 -4.72998
19.2309 -4.72009
19.2324 -4.71016
19.2339 -4.70019
19.2354 -4.69019
19.2369 -4.68014
19.2384 -4.67006
19.2399 -4.65994
19.2414 -4.64978
19.2429 -4.63959
19.2444 -4.62936
19.2459 -4.6191
19.2474 -4.6088
19.2489 -4.59847
19.2504 -4.5881
19.2519 -4.57769
19.2534 -4.56726
19.2549 -4.55679
19.2564 -4.54628
19.2579 -4.53574
19.2594 -4.52517
19.2609 -4.51457
19.2624 -4.50393
19.2639 -4.49326
19.2654 -4.48256
19.2669 -4.47183
19.2684 -4.46107
19.2699 -4.45028
19.2714 -4.43946
19.2729 -4.4286
19.2744 -4.41772
19.2759 -4.40681
19.2774 -4.39587
19.2789 -4.3849
19.2804 -4.3739
19.2819 -4.36287
19.2834 -4.35182
19.2849 -4.34073
19.2864 -4.32962
19.2879 -4.31848
19.2894 -4.30732
19.2909 -4.29613
19.2924 -4.28491
19.2939 -4.27367
19.2954 -4.2624
19.2969 -4.25111
19.2984 -4.23979
19.2999 -4.22845
19.3014 -4.21708
19.3029 -4.20569
19.3044 -4.19427
19.3059 -4.18283
19.3074 -4.17137
19.3089 -4.15988
19.3104 -4.14838
19.3119 -4.13685
19.3134 -4.12529
19.3149 -4.11372
19.3164 -4.10212
19.3179 -4.09051
19.3194 -4.07887
19.3209 -4.06721
19.3224 -4.05553
19.3239 -4.04383
19.3254 -4.03211
19.3269 -4.02037
19.3284 -4.00862
19.3299 -3.99684
19.3314 -3.98504
19.3329 -3.97323
19.3344 -3.9614
19.3359 -3.94955
19.3374 -3.93768
19.3389 -3.9258
19.3404 -3.9139
19.3419 -3.90198
19.3434 -3.89004
19.3449 -3.87809
19.3464 -3.86613
19.3479 -3.85414
19.3494 -3.84215
19.3509 -3.83013
19.3524 -3.81811
19.3539 -3.80606
19.3554 -3.79401
19.3569 -3.78194
19.3584 -3.76985
19.3599 -3.75776
19.3614 -3.74565
19.3629 -3.73352
19.3644 -3.72139
19.3659 -3.70924
19.3674 -3.69708
19.3689 -3.68491
19.3704 -3.67272
19.3719 -3.66053
19.3734 -3.64832
19.3749 -3.6361
19.3764 -3.62387
19.3779 -3.61164
19.3794 -3.59939
19.3809 -3.58713
19.3824 -3.57486
19.3839 -3.56259
19.3854 -3.5503
19.3869 -3.53801
19.3884 -3.52571
19.3899 -3.5134
19.3914 -3.50108
19.3929 -3.48875
19.3944 -3.47642
19.3959 -3.46408
19.3974 -3.45173
19.3989 -3.43937
19.4005 -3.42701
19.402 -3.41465
19.4035 -3.40227
19.405 -3.38989
19.4065 -3.37751
19.408 -3.36512
19.4095 -3.35273
19.411 -3.34033
19.4125 -3.32793
19.414 -3.31552
19.4155 -3.30311
19.417 -3.29069
19.4185 -3.27827
19.42 -3.26585
19.4215 -3.25343
19.423 -3.241
19.4245 -3.22857
19.426 -3.21614
19.4275 -3.20371
19.429 -3.19127
19.4305 -3.17883
19.432 -3.1664
19.4335 -3.15396
19.435 -3.14152
19.4365 -3.12908
19.438 -3.11663
19.4395 -3.10419
19.441 -3.09175
19.4425 -3.07931
19.444 -3.06687
19.4455 -3.05443
19.447 -3.042
19.4485 -3.02956
19.45 -3.01712
19.4515 -3.00469
19.453 -2.99226
19.4545 -2.97983
19.456 -2.96741
19.4575 -2.95498
19.459 -2.94256
19.4605 -2.93014
19.462 -2.91773
19.4635 -2.90532
19.465 -2.89291
19.4665 -2.88051
19.468 -2.86811
19.4695 -2.85572
19.471 -2.84333
19.4725 -2.83095
19.474 -2.81857
19.4755 -2.80619
19.477 -2.79382
19.4785 -2.78146
19.48 -2.76911
19.4815 -2.75676
19.483 -2.74441
19.4845 -2.73208
19.486 -2.71975
19.4875 -2.70743
19.489 -2.69511
19.4905 -2.6828
19.492 -2.6705
19.4935 -2.65821
19.495 -2.64593
19.4965 -2.63365
19.498 -2.62139
19.4995 -2.60913
19.501 -2.59688
19.5025 -2.58464
19.504 -2.57241
19.5055 -2.56019
19.507 -2.54798
19.5085 -2.53578
19.51 -2.52359
19.5115 -2.51142
19.513 -2.49925
19.5145 -2.48709
19.516 -2.47494
19.5175 -2.46281
19.519 -2.45068
19.5205 -2.43857
19.522 -2.42647
19.5235 -2.41439
19.525 -2.40231
19.5265 -2.39025
19.528 -2.3782
19.5295 -2.36616
19.531 -2.35414
19.5325 -2.34213
19.534 -2.33013
19.5355 -2.31815
19.537 -2.30618
19.5385 -2.29422
19.54 -2.28228
19.5415 -2.27035
19.543 -2.25844
19.5445 -2.24655
19.546 -2.23466
19.5475 -2.2228
19.549 -2.21095
19.5505 -2.19911
19.552 -2.18729
19.5535 -2.17549
19.555 -2.1637
19.5565 -2.15193
19.558 -2.14017
19.5595 -2.12844
19.561 -2.11672
19.5625 -2.10501
19.564 -2.09333
19.5655 -2.08166
19.567 -2.07001
19.5685 -2.05837
19.57 -2.04676
19.5715 -2.03516
19.573 -2.02358
19.5745 -2.01202
19.576 -2.00048
19.5775 -1.98896
19.579 -1.97746
19.5805 -1.96597
19.582 -1.95451
19.5835 -1.94307
19.585 -1.93164
19.5865 -1.92024
19.588 -1.90885
19.5895 -1.89749
19.591 -1.88614
19.5925 -1.87482
19.594 -1.86352
19.5955 -1.85224
19.597 -1.84098
19.5985 -1.82974
19.6001 -1.81852
19.6016 -1.80733
19.6031 -1.79615
19.6046 -1.785
19.6061 -1.77387
19.6076 -1.76277
19.6091 -1.75168
19.6106 -1.74062
19.6121 -1.72958
19.6136 -1.71857
19.6151 -1.70758
19.6166 -1.69661
19.6181 -1.68566
19.6196 -1.67474
19.6211 -1.66384
19.6226 -1.65297
19.6241 -1.64212
19.6256 -1.63129
19.6271 -1.62049
19.6286 -1.60972
19.6301 -1.59896
19.6316 -1.58824
19.6331 -1.57754
19.6346 -1.56686
19.6361 -1.55621
19.6376 -1.54558
19.6391 -1.53498
19.6406 -1.52441
19.6421 -1.51386
19.6436 -1.50334
19.6451 -1.49285
19.6466 -1.48238
19.6481 -1.47194
19.6496 -1.46152
19.6511 -1.45113
19.6526 -1.44077
19.6541 -1.43044
19.6556 -1.42013
19.6571 -1.40985
19.6586 -1.3996
19.6601 -1.38937
19.6616 -1.37918
19.6631 -1.36901
19.6646 -1.35887
19.6661 -1.34876
19.6676 -1.33868
19.6691 -1.32862
19.6706 -1.3186
19.6721 -1.3086
19.6736 -1.29863
19.6751 -1.28869
19.6766 -1.27878
19.6781 -1.2689
19.6796 -1.25905
19.6811 -1.24923
19.6826 -1.23944
19.6841 -1.22968
19.6856 -1.21995
19.6871 -1.21025
19.6886 -1.20058
19.6901 -1.19094
19.6916 -1.18133
19.6931 -1.17176
19.6946 -1.16221
19.6961 -1.15269
19.6976 -1.14321
19.6991 -1.13376
19.7006 -1.12433
19.7021 -1.11494
19.7036 -1.10558
19.7051 -1.09626
19.7066 -1.08696
19.7081 -1.0777
19.7096 -1.06847
19.7111 -1.05927
19.7126 -1.0501
19.7141 -1.04097
19.7156 -1.03187
19.7171 -1.0228
19.7186 -1.01376
19.7201 -1.00476
19.7216 -0.995793
19.7231 -0.986856
19.7246 -0.977954
19.7261 -0.969084
19.7276 -0.960249
19.7291 -0.951447
19.7306 -0.942678
19.7321 -0.933944
19.7336 -0.925244
19.7351 -0.916578
19.7366 -0.907946
19.7381 -0.899348
19.7396 -0.890785
19.7411 -0.882257
19.7426 -0.873763
19.7441 -0.865304
19.7456 -0.85688
19.7471 -0.848491
19.7486 -0.840138
19.7501 -0.831819
19.7516 -0.823536
19.7531 -0.815288
19.7546 -0.807076
19.7561 -0.798899
19.7576 -0.790758
19.7591 -0.782653
19.7606 -0.774584
19.7621 -0.766551
19.7636 -0.758554
19.7651 -0.750593
19.7666 -0.742669
19.7681 -0.734781
19.7696 -0.72693
19.7711 -0.719116
19.7726 -0.711338
19.7741 -0.703597
19.7756 -0.695893
19.7771 -0.688226
19.7786 -0.680596
19.7801 -0.673003
19.7816 -0.665448
19.7831 -0.65793
19.7846 -0.650449
19.7861 -0.643006
19.7876 -0.635601
19.7891 -0.628233
19.7906 -0.620904
19.7921 -0.613612
19.7936 -0.606358
19.7951 -0.599143
19.7966 -0.591966
19.7981 -0.584826
19.7996 -0.577726
19.8012 -0.570664
19.8027 -0.56364
19.8042 -0.556655
19.8057 -0.549708
19.8072 -0.542801
19.8087 -0.535932
19.8102 -0.529102
19.8117 -0.522311
19.8132 -0.51556
19.8147 -0.508847
19.8162 -0.502174
19.8177 -0.49554
19.8192 -0.488946
19.8207 -0.482391
19.8222 -0.475875
19.8237 -0.4694
19.8252 -0.462964
19.8267 -0.456567
19.8282 -0.450211
19.8297 -0.443895
19.8312 -0.437618
19.8327 -0.431382
19.8342 -0.425185
19.8357 -0.41903
19.8372 -0.412914
19.8387 -0.406838
19.8402 -0.400804
19.8417 -0.394809
19.8432 -0.388855
19.8447 -0.382942
19.8462 -0.377069
19.8477 -0.371238
19.8492 -0.365447
19.8507 -0.359697
19.8522 -0.353987
19.8537 -0.348319
19.8552 -0.342692
19.8567 -0.337106
19.8582 -0.331562
19.8597 -0.326058
19.8612 -0.320596
19.8627 -0.315175
19.8642 -0.309796
19.8657 -0.304458
19.8672 -0.299162
19.8687 -0.293907
19.8702 -0.288694
19.8717 -0.283522
19.8732 -0.278393
19.8747 -0.273305
19.8762 -0.268259
19.8777 -0.263255
19.8792 -0.258293
19.8807 -0.253373
19.8822 -0.248495
19.8837 -0.243659
19.8852 -0.238865
19.8867 -0.234114
19.8882 -0.229405
19.8897 -0.224738
19.8912 -0.220113
19.8927 -0.215531
19.8942 -0.210992
19.8957 -0.206494
19.8972 -0.20204
19.8987 -0.197628
19.9002 -0.193258
19.9017 -0.188932
19.9032 -0.184648
19.9047 -0.180406
19.9062 -0.176208
19.9077 -0.172052
19.9092 -0.16794
19.9107 -0.16387
19.9122 -0.159843
19.9137 -0.155859
19.9152 -0.151918
19.9167 -0.14802
19.9182 -0.144165
19.9197 -0.140354
19.9212 -0.136585
19.9227 -0.13286
19.9242 -0.129178
19.9257 -0.125539
19.9272 -0.121944
19.9287 -0.118392
19.9302 -0.114883
19.9317 -0.111417
19.9332 -0.107995
19.9347 -0.104617
19.9362 -0.101282
19.9377 -0.0979901
19.9392 -0.094742
19.9407 -0.0915374
19.9422 -0.0883764
19.9437 -0.085259
19.9452 -0.0821853
19.9467 -0.0791551
19.9482 -0.0761687
19.9497 -0.0732259
19.9512 -0.0703268
19.9527 -0.0674715
19.9542 -0.0646599
19.9557 -0.0618921
19.9572 -0.059168
19.9587 -0.0564878
19.9602 -0.0538514
19.9617 -0.0512589
19.9632 -0.0487102
19.9647 -0.0462053
19.9662 -0.0437444
19.9677 -0.0413273
19.9692 -0.0389542
19.9707 -0.036625
19.9722 -0.0343398
19.9737 -0.0320985
19.9752 -0.0299011
19.9767 -0.0277478
19.9782 -0.0256384
19.9797 -0.023573
19.9812 -0.0215517
19.9827 -0.0195743
19.9842 -0.017641
19.9857 -0.0157517
19.9872 -0.0139064
19.9887 -0.0121051
19.9902 -0.0103479
19.9917 -0.0086348
19.9932 -0.00696571
19.9947 -0.00534067
19.9962 -0.00375969
19.9977 -0.00222277
19.9992 -0.000729907
20.0008 0.000718892
20.0023 0.00212363
20.0038 0.0034843
20.0053 0.00480092
20.0068 0.00607348
20.0083 0.00730198
20.0098 0.00848643
20.0113 0.00962684
20.0128 0.0107232
20.0143 0.0117755
20.0158 0.0127838
20.0173 0.0137481
20.0188 0.0146683
20.0203 0.0155445
20.0218 0.0163767
20.0233 0.017165
20.0248 0.0179092
20.0263 0.0186095
20.0278 0.0192658
20.0293 0.0198781
20.0308 0.0204465
20.0323 0.020971
20.0338 0.0214516
20.0353 0.0218882
20.0368 0.022281
20.0383 0.0226299
20.0398 0.0229349
20.0413 0.0231961
20.0428 0.0234135
20.0443 0.023587
20.0458 0.0237168
20.0473 0.0238028
20.0488 0.0238451
20.0503 0.0238436
20.0518 0.0237984
20.0533 0.0237096
20.0548 0.023577
20.0563 0.0234009
20.0578 0.0231811
20.0593 0.0229177
20.0608 0.0226107
20.0623 0.0222602
20.0638 0.0218662
20.0653 0.0214287
20.0668 0.0209477
20.0683 0.0204233
20.0698 0.0198554
20.0713 0.0192442
20.0728 0.0185897
20.0743 0.0178918
20.0758 0.0171506
20.0773 0.0163662
20.0788 0.0155385
20.0803 0.0146676
20.0818 0.0137536
20.0833 0.0127965
20.0848 0.0117962
20.0863 0.0107529
20.0878 0.00966662
20.0893 0.00853732
20.0908 0.00736507
20.0923 0.00614991
20.0938 0.00489188
20.0953 0.00359101
20.0968 0.00224735
20.0983 0.000860943
20.0998 -0.00056818
20.1013 -0.00203997
20.1028 -0.00355439
20.1043 -0.0051114
20.1058 -0.00671095
20.1073 -0.00835299
20.1088 -0.0100375
20.1103 -0.0117644
20.1118 -0.0135337
20.1133 -0.0153452
20.1148 -0.0171991
20.1163 -0.0190952
20.1178 -0.0210334
20.1193 -0.0230138
20.1208 -0.0250362
20.1223 -0.0271007
20.1238 -0.0292071
20.1253 -0.0313555
20.1268 -0.0335457
20.1283 -0.0357777
20.1298 -0.0380515
20.1313 -0.040367
20.1328 -0.0427242
20.1343 -0.0451229
20.1358 -0.0475632
20.1373 -0.050045
20.1388 -0.0525682
20.1403 -0.0551328
20.1418 -0.0577387
20.1433 -0.0603858
20.1448 -0.0630742
20.1463 -0.0658036
20.1478 -0.0685742
20.1493 -0.0713857
20.1508 -0.0742382
20.1523 -0.0771316
20.1538 -0.0800658
20.1553 -0.0830407
20.1568 -0.0860564
20.1583 -0.0891126
20.1598 -0.0922095
20.1613 -0.0953468
20.1628 -0.0985245
20.1643 -0.101743
20.1658 -0.105001
20.1673 -0.1083
20.1688 -0.111638
20.1703 -0.115017
20.1718 -0.118436
20.1733 -0.121895
20.1748 -0.125394
20.1763 -0.128932
20.1778 -0.13251
20.1793 -0.136128
20.1808 -0.139785
20.1823 -0.143482
20.1838 -0.147218
20.1853 -0.150994
20.1868 -0.154809
20.1883 -0.158663
20.1898 -0.162556
20.1913 -0.166488
20.1928 -0.170459
20.1943 -0.174469
20.1958 -0.178518
20.1973 -0.182606
20.1988 -0.186732
20.2004 -0.190897
20.2019 -0.1951
20.2034 -0.199341
20.2049 -0.203621
20.2064 -0.207939
20.2079 -0.212295
20.2094 -0.216689
20.2109 -0.221121
20.2124 -0.225591
20.2139 -0.230099
20.2154 -0.234644
20.2169 -0.239227
20.2184 -0.243847
20.2199 -0.248505
20.2214 -0.2532
20.2229 -0.257932
20.2244 -0.262702
20.2259 -0.267508
20.2274 -0.272352
20.2289 -0.277232
20.2304 -0.282149
20.2319 -0.287103
20.2334 -0.292093
20.2349 -0.29712
20.2364 -0.302183
20.2379 -0.307282
20.2394 -0.312417
20.2409 -0.317589
20.2424 -0.322796
20.2439 -0.328039
20.2454 -0.333318
20.2469 -0.338633
20.2484 -0.343983
20.2499 -0.349369
20.2514 -0.35479
20.2529 -0.360246
20.2544 -0.365738
20.2559 -0.371264
20.2574 -0.376825
20.2589 -0.382421
20.2604 -0.388052
20.2619 -0.393718
20.2634 -0.399418
20.2649 -0.405152
20.2664 -0.41092
20.2679 -0.416723
20.2694 -0.42256
20.2709 -0.42843
20.2724 -0.434335
20.2739 -0.440273
20.2754 -0.446245
20.2769 -0.45225
20.2784 -0.458288
20.2799 -0.46436
20.2814 -0.470465
20.2829 -0.476603
20.2844 -0.482774
20.2859 -0.488977
20.2874 -0.495213
20.2889 -0.501482
20.2904 -0.507783
20.2919 -0.514116
20.2934 -0.520482
20.2949 -0.52688
20.2964 -0.533309
20.2979 -0.53977
20.2994 -0.546263
20.3009 -0.552788
20.3024 -0.559344
20.3039 -0.565931
20.3054 -0.572549
20.3069 -0.579198
20.3084 -0.585879
20.3099 -0.59259
20.3114 -0.599331
20.3129 -0.606104
20.3144 -0.612906
20.3159 -0.619739
20.3174 -0.626602
20.3189 -0.633495
20.3204 -0.640418
20.3219 -0.64737
20.3234 -0.654352
20.3249 -0.661364
20.3264 -0.668405
20.3279 -0.675475
20.3294 -0.682574
20.3309 -0.689702
20.3324 -0.696858
20.3339 -0.704044
20.3354 -0.711258
20.3369 -0.7185
20.3384 -0.72577
20.3399 -0.733069
20.3414 -0.740395
20.3429 -0.747749
20.3444 -0.755131
20.3459 -0.76254
20.3474 -0.769977
20.3489 -0.77744
20.3504 -0.784931
20.3519 -0.792449
20.3534 -0.799994
20.3549 -0.807565
20.3564 -0.815162
20.3579 -0.822786
20.3594 -0.830436
20.3609 -0.838112
20.3624 -0.845814
20.3639 -0.853542
20.3654 -0.861295
20.3669 -0.869074
20.3684 -0.876878
20.3699 -0.884707
20.3714 -0.892561
20.3729 -0.900439
20.3744 -0.908343
20.3759 -0.91627
20.3774 -0.924223
20.3789 -0.932199
20.3804 -0.940199
20.3819 -0.948223
20.3834 -0.956271
20.3849 -0.964342
20.3864 -0.972437
20.3879 -0.980555
20.3894 -0.988696
20.3909 -0.99686
20.3924 -1.00505
20.3939 -1.01326
20.3954 -1.02149
20.3969 -1.02974
20.3984 -1.03802
20.3999 -1.04631
20.4015 -1.05463
20.403 -1.06297
20.4045 -1.07134
20.406 -1.07972
20.4075 -1.08812
20.409 -1.09655
20.4105 -1.10499
20.412 -1.11346
20.4135 -1.12195
20.415 -1.13046
20.4165 -1.13898
20.418 -1.14753
20.4195 -1.1561
20.421 -1.16468
20.4225 -1.17329
20.424 -1.18191
20.4255 -1.19056
20.427 -1.19922
20.4285 -1.2079
20.43 -1.2166
20.4315 -1.22531
20.433 -1.23405
20.4345 -1.2428
20.436 -1.25157
20.4375 -1.26036
20.439 -1.26917
20.4405 -1.27799
20.442 -1.28683
20.4435 -1.29569
20.445 -1.30456
20.4465 -1.31345
20.448 -1.32236
20.4495 -1.33128
20.451 -1.34022
20.4525 -1.34917
20.454 -1.35814
20.4555 -1.36712
20.457 -1.37612
20.4585 -1.38514
20.46 -1.39417
20.4615 -1.40321
20.463 -1.41227
20.4645 -1.42134
20.466 -1.43043
20.4675 -1.43952
20.469 -1.44864
20.4705 -1.45776
20.472 -1.4669
20.4735 -1.47606
20.475 -1.48522
20.4765 -1.4944
20.478 -1.50359
20.4795 -1.51279
20.481 -1.522
20.4825 -1.53123
20.484 -1.54047
20.4855 -1.54972
20.487 -1.55898
20.4885 -1.56825
20.49 -1.57753
20.4915 -1.58682
20.493 -1.59612
20.4945 -1.60544
20.496 -1.61476
20.4975 -1.62409
20.499 -1.63343
20.5005 -1.64278
20.502 -1.65214
20.5035 -1.66151
20.505 -1.67089
20.5065 -1.68027
20.508 -1.68967
20.5095 -1.69907
20.511 -1.70848
20.5125 -1.7179
20.514 -1.72732
20.5155 -1.73675
20.517 -1.74619
20.5185 -1.75564
20.52 -1.76509
20.5215 -1.77455
20.523 -1.78401
20.5245 -1.79348
20.526 -1.80296
20.5275 -1.81244
20.529 -1.82193
20.5305 -1.83142
20.532 -1.84091
20.5335 -1.85041
20.535 -1.85992
20.5365 -1.86943
20.538 -1.87894
20.5395 -1.88846
20.541 -1.89798
20.5425 -1.9075
20.544 -1.91703
20.5455 -1.92656
20.547 -1.93609
20.5485 -1.94562
20.55 -1.95516
20.5515 -1.96469
20.553 -1.97423
20.5545 -1.98377
20.556 -1.99331
20.5575 -2.00286
20.559 -2.0124
20.5605 -2.02194
20.562 -2.03148
20.5635 -2.04103
20.565 -2.05057
20.5665 -2.06011
20.568 -2.06965
20.5695 -2.0792
20.571 -2.08874
20.5725 -2.09827
20.574 -2.10781
20.5755 -2.11734
20.577 -2.12688
20.5785 -2.1364
20.58 -2.14593
20.5815 -2.15546
20.583 -2.16498
20.5845 -2.17449
20.586 -2.18401
20.5875 -2.19352
20.589 -2.20302
20.5905 -2.21252
20.592 -2.22202
20.5935 -2.23151
20.595 -2.241
20.5965 -2.25048
20.598 -2.25995
20.5995 -2.26942
20.6011 -2.27889
20.6026 -2.28834
20.6041 -2.29779
20.6056 -2.30724
20.6071 -2.31667
20.6086 -2.3261
20.6101 -2.33552
20.6116 -2.34494
20.6131 -2.35434
20.6146 -2.36374
20.6161 -2.37312
20.6176 -2.3825
20.6191 -2.39187
20.6206 -2.40123
20.6221 -2.41058
20.6236 -2.41992
20.6251 -2.42925
20.6266 -2.43857
20.6281 -2.44788
20.6296 -2.45718
20.6311 -2.46647
20.6326 -2.47574
20.6341 -2.485
20.6356 -2.49425
20.6371 -2.50349
20.6386 -2.51272
20.6401 -2.52193
20.6416 -2.53113
20.6431 -2.54032
20.6446 -2.54949
20.6461 -2.55865
20.6476 -2.56779
20.6491 -2.57692
20.6506 -2.58604
20.6521 -2.59514
20.6536 -2.60422
20.6551 -2.61329
20.6566 -2.62235
20.6581 -2.63138
20.6596 -2.6404
20.6611 -2.64941
20.6626 -2.65839
20.6641 -2.66736
20.6656 -2.67631
20.6671 -2.68525
20.6686 -2.69417
20.6701 -2.70306
20.6716 -2.71194
20.6731 -2.7208
20.6746 -2.72964
20.6761 -2.73846
20.6776 -2.74727
20.6791 -2.75605
20.6806 -2.76481
20.6821 -2.77355
20.6836 -2.78227
20.6851 -2.79097
20.6866 -2.79964
20.6881 -2.8083
20.6896 -2.81693
20.6911 -2.82554
20.6926 -2.83413
20.6941 -2.84269
20.6956 -2.85124
20.6971 -2.85975
20.6986 -2.86825
20.7001 -2.87672
20.7016 -2.88516
20.7031 -2.89358
20.7046 -2.90198
20.7061 -2.91035
20.7076 -2.9187
20.7091 -2.92702
20.7106 -2.93531
20.7121 -2.94358
20.7136 -2.95181
20.7151 -2.96003
20.7166 -2.96821
20.7181 -2.97637
20.7196 -2.9845
20.7211 -2.9926
20.7226 -3.00067
20.7241 -3.00872
20.7256 -3.01673
20.7271 -3.02472
20.7286 -3.03267
20.7301 -3.0406
20.7316 -3.04849
20.7331 -3.05636
20.7346 -3.06419
20.7361 -3.07199
20.7376 -3.07976
20.7391 -3.0875
20.7406 -3.09521
20.7421 -3.10288
20.7436 -3.11052
20.7451 -3.11813
20.7466 -3.1257
20.7481 -3.13324
20.7496 -3.14075
20.7511 -3.14822
20.7526 -3.15566
20.7541 -3.16306
20.7556 -3.17042
20.7571 -3.17775
20.7586 -3.18505
20.7601 -3.19231
20.7616 -3.19953
20.7631 -3.20671
20.7646 -3.21386
20.7661 -3.22097
20.7676 -3.22804
20.7691 -3.23507
20.7706 -3.24207
20.7721 -3.24902
20.7736 -3.25594
20.7751 -3.26282
20.7766 -3.26966
20.7781 -3.27645
20.7796 -3.28321
20.7811 -3.28992
20.7826 -3.2966
20.7841 -3.30323
20.7856 -3.30982
20.7871 -3.31637
20.7886 -3.32288
20.7901 -3.32934
20.7916 -3.33576
20.7931 -3.34214
20.7946 -3.34847
20.7961 -3.35476
20.7976 -3.36101
20.7991 -3.3672
20.8007 -3.37336
20.8022 -3.37947
20.8037 -3.38553
20.8052 -3.39155
20.8067 -3.39752
20.8082 -3.40344
20.8097 -3.40932
20.8112 -3.41515
20.8127 -3.42093
20.8142 -3.42666
20.8157 -3.43235
20.8172 -3.43798
20.8187 -3.44357
20.8202 -3.4491
20.8217 -3.45459
20.8232 -3.46003
20.8247 -3.46541
20.8262 -3.47075
20.8277 -3.47603
20.8292 -3.48126
20.8307 -3.48644
20.8322 -3.49157
20.8337 -3.49665
20.8352 -3.50167
20.8367 -3.50664
20.8382 -3.51155
20.8397 -3.51641
20.8412 -3.52122
20.8427 -3.52597
20.8442 -3.53067
20.8457 -3.53531
20.8472 -3.53989
20.8487 -3.54442
20.8502 -3.54889
20.8517 -3.55331
20.8532 -3.55766
20.8547 -3.56197
20.8562 -3.56621
20.8577 -3.57039
20.8592 -3.57452
20.8607 -3.57858
20.8622 -3.58259
20.8637 -3.58654
20.8652 -3.59042
20.8667 -3.59425
20.8682 -3.59802
20.8697 -3.60172
20.8712 -3.60536
20.8727 -3.60894
20.8742 -3.61246
20.8757 -3.61592
20.8772 -3.61931
20.8787 -3.62264
20.8802 -3.6259
20.8817 -3.62911
20.8832 -3.63224
20.8847 -3.63531
20.8862 -3.63832
20.8877 -3.64126
20.8892 -3.64414
20.8907 -3.64694
20.8922 -3.64968
20.8937 -3.65236
20.8952 -3.65497
20.8967 -3.65751
20.8982 -3.65998
20.8997 -3.66238
20.9012 -3.66471
20.9027 -3.66697
20.9042 -3.66917
20.9057 -3.67129
20.9072 -3.67334
20.9087 -3.67533
20.9102 -3.67724
20.9117 -3.67908
20.9132 -3.68084
20.9147 -3.68254
20.9162 -3.68416
20.9177 -3.68571
20.9192 -3.68718
20.9207 -3.68859
20.9222 -3.68991
20.9237 -3.69116
20.9252 -3.69234
20.9267 -3.69344
20.9282 -3.69447
20.9297 -3.69542
20.9312 -3.69629
20.9327 -3.69708
20.9342 -3.6978
20.9357 -3.69844
20.9372 -3.699
20.9387 -3.69949
20.9402 -3.69989
20.9417 -3.70022
20.9432 -3.70046
20.9447 -3.70062
20.9462 -3.70071
20.9477 -3.70071
20.9492 -3.70063
20.9507 -3.70047
20.9522 -3.70023
20.9537 -3.6999
20.9552 -3.6995
20.9567 -3.699
20.9582 -3.69843
20.9597 -3.69777
20.9612 -3.69702
20.9627 -3.6962
20.9642 -3.69528
20.9657 -3.69428
20.9672 -3.69319
20.9687 -3.69202
20.9702 -3.69076
20.9717 -3.68941
20.9732 -3.68798
20.9747 -3.68645
20.9762 -3.68484
20.9777 -3.68314
20.9792 -3.68134
20.9807 -3.67946
20.9822 -3.67749
20.9837 -3.67543
20.9852 -3.67328
20.9867 -3.67103
20.9882 -3.66869
20.9897 -3.66626
20.9912 -3.66374
20.9927 -3.66113
20.9942 -3.65842
20.9957 -3.65562
20.9972 -3.65272
20.9987 -3.64973
21.0003 -3.64664
21.0018 -3.64345
21.0033 -3.64017
21.0048 -3.6368
21.0063 -3.63333
21.0078 -3.62975
21.0093 -3.62609
21.0108 -3.62232
21.0123 -3.61845
21.0138 -3.61449
21.0153 -3.61043
21.0168 -3.60626
21.0183 -3.602
21.0198 -3.59763
21.0213 -3.59317
21.0228 -3.5886
21.0243 -3.58393
21.0258 -3.57916
21.0273 -3.57428
21.0288 -3.5693
21.0303 -3.56422
21.0318 -3.55903
21.0333 -3.55374
21.0348 -3.54835
21.0363 -3.54284
21.0378 -3.53724
21.0393 -3.53152
21.0408 -3.5257
21.0423 -3.51977
21.0438 -3.51374
21.0453 -3.50759
21.0468 -3.50134
21.0483 -3.49498
21.0498 -3.48851
21.0513 -3.48193
21.0528 -3.47523
21.0543 -3.46843
21.0558 -3.46152
21.0573 -3.45449
21.0588 -3.44735
21.0603 -3.4401
21.0618 -3.43274
21.0633 -3.42527
21.0648 -3.41768
21.0663 -3.40997
21.0678 -3.40215
21.0693 -3.39422
21.0708 -3.38617
21.0723 -3.378
21.0738 -3.36972
21.0753 -3.36132
21.0768 -3.3528
21.0783 -3.34416
21.0798 -3.33541
21.0813 -3.32654
21.0828 -3.31755
21.0843 -3.30843
21.0858 -3.2992
21.0873 -3.28985
21.0888 -3.28038
21.0903 -3.27078
21.0918 -3.26106
21.0933 -3.25122
21.0948 -3.24126
21.0963 -3.23118
21.0978 -3.22097
21.0993 -3.21063
21.1008 -3.20017
21.1023 -3.18959
21.1038 -3.17888
21.1053 -3.16804
21.1068 -3.15708
21.1083 -3.14599
21.1098 -3.13477
21.1113 -3.12343
21.1128 -3.11196
21.1143 -3.10035
21.1158 -3.08862
21.1173 -3.07676
21.1188 -3.06477
21.1203 -3.05264
21.1218 -3.04039
21.1233 -3.028
21.1248 -3.01549
21.1263 -3.00283
21.1278 -2.99005
21.1293 -2.97713
21.1308 -2.96408
21.1323 -2.95089
21.1338 -2.93757
21.1353 -2.92411
21.1368 -2.91052
21.1383 -2.89679
21.1398 -2.88293
21.1413 -2.86892
21.1428 -2.85478
21.1443 -2.8405
21.1458 -2.82608
21.1473 -2.81152
21.1488 -2.79682
21.1503 -2.78198
21.1518 -2.767
21.1533 -2.75188
21.1548 -2.73662
21.1563 -2.72122
21.1578 -2.70567
21.1593 -2.68998
21.1608 -2.67414
21.1623 -2.65816
21.1638 -2.64204
21.1653 -2.62577
21.1668 -2.60936
21.1683 -2.5928
21.1698 -2.57609
21.1713 -2.55924
21.1728 -2.54223
21.1743 -2.52508
21.1758 -2.50779
21.1773 -2.49034
21.1788 -2.47274
21.1803 -2.45499
21.1818 -2.4371
21.1833 -2.41905
21.1848 -2.40085
21.1863 -2.38249
21.1878 -2.36399
21.1893 -2.34533
21.1908 -2.32652
21.1923 -2.30755
21.1938 -2.28843
21.1953 -2.26916
21.1968 -2.24973
21.1983 -2.23014
21.1998 -2.2104
21.2014 -2.19049
21.2029 -2.17044
21.2044 -2.15022
21.2059 -2.12984
21.2074 -2.10931
21.2089 -2.08862
21.2104 -2.06776
21.2119 -2.04675
21.2134 -2.02557
21.2149 -2.00424
21.2164 -1.98274
21.2179 -1.96108
21.2194 -1.93925
21.2209 -1.91726
21.2224 -1.89511
21.2239 -1.87279
21.2254 -1.85031
21.2269 -1.82766
21.2284 -1.80485
21.2299 -1.78186
21.2314 -1.75872
21.2329 -1.7354
21.2344 -1.71192
21.2359 -1.68826
21.2374 -1.66444
21.2389 -1.64045
21.2404 -1.61628
21.2419 -1.59195
21.2434 -1.56744
21.2449 -1.54277
21.2464 -1.51792
21.2479 -1.49289
21.2494 -1.4677
21.2509 -1.44233
21.2524 -1.41678
21.2539 -1.39106
21.2554 -1.36517
21.2569 -1.3391
21.2584 -1.31285
21.2599 -1.28642
21.2614 -1.25982
21.2629 -1.23304
21.2644 -1.20608
21.2659 -1.17894
21.2674 -1.15162
21.2689 -1.12412
21.2704 -1.09644
21.2719 -1.06858
21.2734 -1.04054
21.2749 -1.01231
21.2764 -0.983902
21.2779 -0.955309
21.2794 -0.926533
21.2809 -0.897571
21.2824 -0.868425
21.2839 -0.839093
21.2854 -0.809574
21.2869 -0.779869
21.2884 -0.749977
21.2899 -0.719897
21.2914 -0.689628
21.2929 -0.65917
21.2944 -0.628523
21.2959 -0.597686
21.2974 -0.566659
21.2989 -0.53544
21.3004 -0.504029
21.3019 -0.472427
21.3034 -0.440632
21.3049 -0.408643
21.3064 -0.376461
21.3079 -0.344084
21.3094 -0.311512
21.3109 -0.278745
21.3124 -0.245782
21.3139 -0.212622
21.3154 -0.179265
21.3169 -0.14571
21.3184 -0.111958
21.3199 -0.0780059
21.3214 -0.043855
21.3229 -0.00950423
21.3244 0.025047
21.3259 0.0597992
21.3274 0.094753
21.3289 0.129909
21.3304 0.165267
21.3319 0.200829
21.3334 0.236595
21.3349 0.272565
21.3364 0.308739
21.3379 0.34512
21.3394 0.381706
21.3409 0.418499
21.3424 0.455499
21.3439 0.492706
21.3454 0.530122
21.3469 0.567747
21.3484 0.605581
21.3499 0.643626
21.3514 0.68188
21.3529 0.720346
21.3544 0.759023
21.3559 0.797913
21.3574 0.837016
21.3589 0.876331
21.3604 0.915861
21.3619 0.955605
21.3634 0.995565
21.3649 1.03574
21.3664 1.07613
21.3679 1.11674
21.3694 1.15756
21.3709 1.19861
21.3724 1.23987
21.3739 1.28135
21.3754 1.32305
21.3769 1.36497
21.3784 1.40711
21.3799 1.44948
21.3814 1.49206
21.3829 1.53487
21.3844 1.5779
21.3859 1.62115
21.3874 1.66463
21.3889 1.70834
21.3904 1.75226
21.3919 1.79642
21.3934 1.8408
21.3949 1.88541
21.3964 1.93025
21.3979 1.97531
21.3994 2.02061
21.401 2.06613
21.4025 2.11188
21.404 2.15787
21.4055 2.20408
21.407 2.25053
21.4085 2.29721
21.41 2.34412
21.4115 2.39127
21.413 2.43865
21.4145 2.48627
21.416 2.53412
21.4175 2.58221
21.419 2.63053
21.4205 2.67909
21.422 2.72789
21.4235 2.77693
21.425 2.82621
21.4265 2.87572
21.428 2.92548
21.4295 2.97548
21.431 3.02572
21.4325 3.0762
21.434 3.12692
21.4355 3.17789
21.437 3.2291
21.4385 3.28055
21.44 3.33225
21.4415 3.3842
21.443 3.43639
21.4445 3.48883
21.446 3.54151
21.4475 3.59445
21.449 3.64763
21.4505 3.70106
21.452 3.75474
21.4535 3.80867
21.455 3.86286
21.4565 3.91729
21.458 3.97198
21.4595 4.02692
21.461 4.08211
21.4625 4.13756
21.464 4.19326
21.4655 4.24922
21.467 4.30544
21.4685 4.36191
21.47 4.41863
21.4715 4.47562
21.473 4.53286
21.4745 4.59037
21.476 4.64813
21.4775 4.70615
21.479 4.76444
21.4805 4.82298
21.482 4.88179
21.4835 4.94086
21.485 5.00019
21.4865 5.05979
21.488 5.11965
21.4895 5.17978
21.491 5.24018
21.4925 5.30084
21.494 5.36176
21.4955 5.42296
21.497 5.48442
21.4985 5.54615
21.5 5.60816
