0 0.746777
0.1 0.585623
0.2 0.531463
0.3 0.808063
0.4 0.607624
0.5 0.723905
0.6 0.756649
0.7 0.672639
0.8 0.699474
0.9 0.578858
1 0.601489
1.1 0.699027
1.2 0.677831
1.3 0.682929
1.4 0.691863
1.5 0.673693
1.6 0.629837
1.7 0.833249
1.8 0.660321
1.9 0.738337
2 0.652169
2.1 0.697842
2.2 0.746968
2.3 0.660087
2.4 0.643931
2.5 0.608323
2.6 0.798
2.7 0.767347
2.8 0.637214
2.9 0.755551
3 0.765126
3.1 0.808023
3.2 0.716534
3.3 0.656344
3.4 0.686053
3.5 0.742885
3.6 0.762436
3.7 0.712259
3.8 0.673685
3.9 0.668261
4 0.540848
4.1 0.657841
4.2 0.701853
4.3 0.62116
4.4 0.724948
4.5 0.652326
4.6 0.692693
4.7 0.613407
4.8 0.684058
4.9 0.744802
5 0.779381
5.1 0.740422
5.2 0.707153
5.3 0.700719
5.4 0.66907
5.5 0.75036
5.6 0.650379
5.7 0.613967
5.8 0.875579
5.9 0.748751
6 0.660844
6.1 0.690011
6.2 0.876433
6.3 0.686246
6.4 0.607538
6.5 0.777303
6.6 0.720517
6.7 0.690327
6.8 0.573523
6.9 0.766026
7 0.658418
7.1 0.618784
7.2 0.708533
7.3 0.674952
7.4 0.739101
7.5 0.799598
7.6 0.72256
7.7 0.685978
7.8 0.670147
7.9 0.649988
8 0.601094
8.1 0.607782
8.2 0.769232
8.3 0.792926
8.4 0.736363
8.5 0.762993
8.6 0.798341
8.7 0.656441
8.8 0.718799
8.9 0.667481
9 0.623886
9.1 0.741845
9.2 0.656405
9.3 0.591101
9.4 0.691427
9.5 0.622638
9.6 0.68552
9.7 0.836159
9.8 0.694299
9.9 0.598652
10 0.653495
10.1 0.747905
10.2 0.653322
10.3 0.791679
10.4 0.648774
10.5 0.658209
10.6 0.678356
10.7 0.618303
10.8 0.793967
10.9 0.847192
11 0.76764
11.1 0.770184
11.2 0.717114
11.3 0.687097
11.4 0.589291
11.5 0.665226
11.6 0.779236
11.7 0.887794
11.8 0.6901
11.9 0.769235
12 0.733537
12.1 0.711889
12.2 0.858431
12.3 0.691672
12.4 0.710695
12.5 0.712605
12.6 0.701852
12.7 0.689146
12.8 0.667018
12.9 0.65645
13 0.716829
13.1 0.726911
13.2 0.716547
13.3 0.799647
13.4 0.732475
13.5 0.589859
13.6 0.767505
13.7 0.825194
13.8 0.70793
13.9 0.758965
14 0.627253
14.1 0.663633
14.2 0.691012
14.3 0.662424
14.4 0.745581
14.5 0.602992
14.6 0.73618
14.7 0.652798
14.8 0.828107
14.9 0.692671
15 0.728108
15.1 0.74578
15.2 0.782563
15.3 0.715761
15.4 0.77222
15.5 0.741302
15.6 0.785383
15.7 0.741535
15.8 0.778455
15.9 0.767316
16 0.862731
16.1 0.721729
16.2 0.886237
16.3 0.725865
16.4 0.830481
16.5 0.714651
16.6 0.830888
16.7 0.846835
16.8 0.886141
16.9 0.622855
17 0.770702
17.1 0.767611
17.2 0.631367
17.3 0.734522
17.4 0.69937
17.5 0.74776
17.6 0.814253
17.7 0.78882
17.8 0.755069
17.9 0.701995
18 0.900347
18.1 1.06023
18.2 0.8618
18.3 0.786465
18.4 0.817436
18.5 0.733165
18.6 0.983848
18.7 0.782486
18.8 0.727891
18.9 0.696185
19 0.728885
19.1 0.84456
19.2 0.880396
19.3 0.756931
19.4 0.824622
19.5 0.795867
19.6 0.759329
19.7 0.855775
19.8 0.834024
19.9 0.724735
20 0.691916
20.1 0.653444
20.2 0.754386
20.3 0.740391
20.4 0.685233
20.5 0.782461
20.6 0.822254
20.7 0.933441
20.8 0.743739
20.9 0.894531
21 0.867572
21.1 0.850897
21.2 0.717276
21.3 0.740548
21.4 0.845149
21.5 0.785701
21.6 0.799673
21.7 0.876632
21.8 0.813578
21.9 0.799097
22 0.847725
22.1 0.811199
22.2 0.87609
22.3 0.811505
22.4 0.820748
22.5 0.781462
22.6 0.919549
22.7 0.738162
22.8 0.896708
22.9 0.817251
23 0.820188
23.1 0.901248
23.2 0.950057
23.3 0.913124
23.4 0.710168
23.5 0.845707
23.6 1.00535
23.7 0.935723
23.8 0.973125
23.9 0.909579
24 0.75666
24.1 0.794743
24.2 1.00122
24.3 0.897119
24.4 0.96525
24.5 0.90883
24.6 0.882769
24.7 0.910062
24.8 0.823453
24.9 0.952739
25 0.831624
25.1 0.99714
25.2 1.02318
25.3 0.888966
25.4 0.80616
25.5 0.802842
25.6 0.996312
25.7 0.882608
25.8 0.863229
25.9 0.872446
26 0.976302
26.1 0.887015
26.2 0.917347
26.3 0.882371
26.4 0.934168
26.5 1.01236
26.6 0.882813
26.7 0.916869
26.8 0.920874
26.9 0.945965
27 0.994023
27.1 1.07323
27.2 1.05717
27.3 0.956304
27.4 0.950203
27.5 0.93879
27.6 0.897275
27.7 1.0505
27.8 0.978858
27.9 0.999701
28 0.909325
28.1 0.890497
28.2 1.04515
28.3 1.01893
28.4 1.12097
28.5 0.977248
28.6 1.06526
28.7 1.07776
28.8 0.896566
28.9 1.05076
29 1.02352
29.1 0.961613
29.2 1.05943
29.3 1.06944
29.4 0.961874
29.5 0.967582
29.6 1.05012
29.7 1.09401
29.8 1.04217
29.9 0.981266
30 0.989612
30.1 1.04843
30.2 1.01802
30.3 0.934624
30.4 1.04843
30.5 1.01026
30.6 1.20948
30.7 1.06061
30.8 1.03591
30.9 0.965849
31 1.02982
31.1 1.0545
31.2 1.11784
31.3 1.04077
31.4 1.14609
31.5 1.03634
31.6 1.00437
31.7 0.988368
31.8 1.17312
31.9 1.13928
32 1.06574
32.1 0.959801
32.2 1.13829
32.3 1.14684
32.4 1.11261
32.5 1.0966
32.6 1.04652
32.7 0.98285
32.8 1.16105
32.9 0.901407
33 1.0961
33.1 1.00167
33.2 1.11059
33.3 1.09033
33.4 1.16871
33.5 1.13913
33.6 1.17476
33.7 1.06736
33.8 1.09766
33.9 1.09562
34 1.15542
34.1 1.13638
34.2 1.0936
34.3 1.06686
34.4 1.04624
34.5 1.13572
34.6 1.12238
34.7 1.00726
34.8 1.06492
34.9 1.04965
35 1.08354
35.1 1.05117
35.2 1.1924
35.3 1.03996
35.4 1.20678
35.5 1.20892
35.6 1.16114
35.7 1.1107
35.8 1.08196
35.9 1.13447
36 1.13548
36.1 1.05805
36.2 1.04775
36.3 1.11633
36.4 1.15825
36.5 1.23044
36.6 1.16764
36.7 1.12276
36.8 1.00494
36.9 1.1412
37 1.06877
37.1 1.13944
37.2 0.965722
37.3 1.17853
37.4 1.23945
37.5 1.08768
37.6 1.15387
37.7 1.09015
37.8 1.18942
37.9 1.19434
38 1.19791
38.1 1.12596
38.2 1.13785
38.3 1.21871
38.4 1.06113
38.5 1.06499
38.6 1.12399
38.7 1.22997
38.8 1.13101
38.9 1.16011
39 1.10799
39.1 1.05622
39.2 1.11924
39.3 1.19567
39.4 1.13517
39.5 1.19083
39.6 1.28449
39.7 1.04859
39.8 1.09726
39.9 1.24455
40 1.0727
40.1 1.20138
40.2 1.20701
40.3 1.18186
40.4 1.20084
40.5 1.1525
40.6 1.14645
40.7 1.21781
40.8 1.23858
40.9 1.23814
41 1.25674
41.1 1.26654
41.2 1.12357
41.3 1.06594
41.4 1.31847
41.5 1.08178
41.6 1.23573
41.7 1.1504
41.8 1.17836
41.9 1.23133
42 1.18221
42.1 1.16108
42.2 1.10252
42.3 1.14955
42.4 1.26595
42.5 1.23511
42.6 1.07381
42.7 0.96398
42.8 1.27931
42.9 1.24015
43 1.17568
43.1 1.07134
43.2 1.13605
43.3 1.14241
43.4 1.12032
43.5 1.21641
43.6 1.24487
43.7 1.07497
43.8 1.07659
43.9 1.14443
44 1.24021
44.1 1.22345
44.2 1.13289
44.3 1.10577
44.4 1.1722
44.5 1.18039
44.6 1.19619
44.7 1.29049
44.8 1.08427
44.9 1.00068
45 1.20977
45.1 1.19093
45.2 1.0818
45.3 1.10128
45.4 1.12495
45.5 1.1437
45.6 1.07598
45.7 1.14498
45.8 1.17039
45.9 1.24516
46 1.19588
46.1 1.15817
46.2 1.09678
46.3 1.3265
46.4 1.13147
46.5 1.11479
46.6 1.2729
46.7 1.32549
46.8 1.1176
46.9 1.12241
47 1.16018
47.1 1.20955
47.2 1.25272
47.3 1.20035
47.4 1.11985
47.5 1.32498
47.6 1.10962
47.7 1.18391
47.8 1.13676
47.9 1.13547
48 0.994576
48.1 1.11572
48.2 1.07738
48.3 1.20651
48.4 1.11161
48.5 1.13804
48.6 1.36698
48.7 1.31778
48.8 1.10348
48.9 1.21065
49 1.16406
49.1 1.30123
49.2 1.1876
49.3 1.24878
49.4 1.24402
49.5 1.25086
49.6 1.1932
49.7 1.16669
49.8 1.12796
49.9 1.1987
50 1.0978
50.1 1.39043
50.2 1.30395
50.3 1.17698
50.4 1.19225
50.5 1.1895
50.6 1.19738
50.7 1.12732
50.8 1.18901
50.9 1.20429
51 1.20341
51.1 1.16575
51.2 1.29114
51.3 1.36909
51.4 1.23569
51.5 1.30311
51.6 1.23351
51.7 1.16738
51.8 1.12491
51.9 1.21862
52 1.14391
52.1 1.21965
52.2 1.10342
52.3 1.20166
52.4 1.27644
52.5 1.12065
52.6 1.25455
52.7 1.23342
52.8 1.21168
52.9 1.29786
53 1.47137
53.1 1.24692
53.2 1.30914
53.3 1.2052
53.4 1.20498
53.5 1.30144
53.6 1.45706
53.7 1.33166
53.8 1.24837
53.9 1.0832
54 1.21296
54.1 1.15914
54.2 1.27211
54.3 1.16776
54.4 1.12589
54.5 1.26264
54.6 1.22373
54.7 1.28527
54.8 1.31371
54.9 1.25749
55 1.1184
55.1 1.2536
55.2 1.24559
55.3 1.29111
55.4 1.32956
55.5 1.38885
55.6 1.24226
55.7 1.16658
55.8 1.17772
55.9 1.21717
56 1.20663
56.1 1.21731
56.2 1.23135
56.3 1.26172
56.4 1.34263
56.5 1.34999
56.6 1.33826
56.7 1.34779
56.8 1.2962
56.9 1.34677
57 1.34091
57.1 1.30015
57.2 1.25561
57.3 1.32759
57.4 1.41602
57.5 1.19364
57.6 1.34649
57.7 1.29877
57.8 1.20777
57.9 1.34002
58 1.14751
58.1 1.28103
58.2 1.20913
58.3 1.31048
58.4 1.248
58.5 1.11687
58.6 1.08446
58.7 1.17651
58.8 1.15452
58.9 1.1001
59 1.18477
59.1 1.22882
59.2 1.15746
59.3 1.13862
59.4 1.1976
59.5 1.40394
59.6 1.15542
59.7 1.12277
59.8 1.15876
59.9 1.03856
60 1.08717
60.1 1.28346
60.2 1.25016
60.3 1.28386
60.4 1.30062
60.5 1.23569
60.6 1.27176
60.7 1.35591
60.8 1.26043
60.9 1.2935
61 1.00661
61.1 1.17821
61.2 1.23764
61.3 1.20983
61.4 1.08399
61.5 1.15655
61.6 1.10236
61.7 1.13251
61.8 1.26148
61.9 1.30035
62 1.20471
62.1 1.29723
62.2 1.18566
62.3 1.09054
62.4 1.0381
62.5 1.13214
62.6 1.16475
62.7 1.02857
62.8 1.17129
62.9 1.16533
63 1.3432
63.1 1.169
63.2 1.16416
63.3 1.16641
63.4 1.24007
63.5 1.30788
63.6 1.18168
63.7 1.28098
63.8 1.15523
63.9 1.16993
64 1.19028
64.1 1.21154
64.2 1.33258
64.3 1.23333
64.4 1.17105
64.5 1.05993
64.6 1.17562
64.7 1.15309
64.8 1.15417
64.9 1.2089
65 1.20307
65.1 1.06072
65.2 1.1527
65.3 1.22386
65.4 1.18468
65.5 1.11164
65.6 1.27004
65.7 1.14554
65.8 1.12643
65.9 1.31327
66 1.13256
66.1 1.32318
66.2 1.25589
66.3 1.08216
66.4 1.03405
66.5 1.17677
66.6 1.24314
66.7 1.14286
66.8 0.947883
66.9 1.03785
67 1.25097
67.1 1.15237
67.2 1.15432
67.3 1.13295
67.4 1.06677
67.5 1.15817
67.6 1.13243
67.7 1.2194
67.8 1.10579
67.9 1.11623
68 1.22551
68.1 1.11548
68.2 1.07246
68.3 1.21244
68.4 1.16316
68.5 1.26237
68.6 1.05057
68.7 1.36333
68.8 1.18112
68.9 1.03368
69 1.08671
69.1 1.18831
69.2 1.12303
69.3 1.17823
69.4 1.0734
69.5 1.1539
69.6 1.1196
69.7 1.22638
69.8 1.19293
69.9 1.06976
70 1.09939
70.1 1.23959
70.2 1.17477
70.3 1.04729
70.4 1.15097
70.5 1.21724
70.6 1.17587
70.7 1.24252
70.8 1.14623
70.9 1.16808
71 1.15242
71.1 1.19745
71.2 1.15334
71.3 1.24379
71.4 1.16474
71.5 1.15149
71.6 1.25903
71.7 1.04971
71.8 1.06553
71.9 1.08122
72 1.26388
72.1 1.22113
72.2 1.05673
72.3 1.16956
72.4 1.13265
72.5 1.15785
72.6 1.06401
72.7 1.09715
72.8 1.04798
72.9 1.1839
73 1.15363
73.1 1.07032
73.2 0.97601
73.3 1.09762
73.4 1.08056
73.5 0.972606
73.6 1.10227
73.7 1.07512
73.8 1.12801
73.9 1.12796
74 1.06191
74.1 1.11606
74.2 1.16361
74.3 1.08875
74.4 1.11271
74.5 1.21601
74.6 1.2724
74.7 1.14645
74.8 1.02176
74.9 1.27298
75 1.00077
75.1 1.14989
75.2 0.994432
75.3 0.979498
75.4 1.28599
75.5 1.10769
75.6 0.917419
75.7 1.05352
75.8 1.13775
75.9 1.08204
76 1.22853
76.1 1.31973
76.2 1.04613
76.3 1.15692
76.4 0.903
76.5 1.01411
76.6 1.06917
76.7 0.991153
76.8 1.13395
76.9 1.05024
77 0.95527
77.1 0.95938
77.2 0.923802
77.3 1.15922
77.4 1.00186
77.5 1.09733
77.6 0.90438
77.7 0.838112
77.8 1.0411
77.9 0.896265
78 0.87145
78.1 0.873153
78.2 0.917774
78.3 0.972776
78.4 0.902363
78.5 0.910948
78.6 0.978731
78.7 0.97954
78.8 0.888805
78.9 0.850189
79 1.06458
79.1 1.10202
79.2 0.995171
79.3 1.06254
79.4 0.961389
79.5 0.90829
79.6 0.941944
79.7 1.05636
79.8 0.989136
79.9 0.868221
80 0.988311
80.1 1.02797
80.2 0.941878
80.3 1.01676
80.4 0.90476
80.5 1.07296
80.6 0.989046
80.7 1.01173
80.8 0.979734
80.9 0.923245
81 0.956343
81.1 0.979731
81.2 1.08308
81.3 1.09712
81.4 0.888742
81.5 0.918339
81.6 1.00863
81.7 1.00235
81.8 0.977253
81.9 1.00409
82 0.9726
82.1 0.936621
82.2 1.04035
82.3 1.06001
82.4 1.01011
82.5 1.04819
82.6 1.10526
82.7 1.0933
82.8 1.01622
82.9 1.17606
83 1.02778
83.1 0.994553
83.2 1.01488
83.3 1.06155
83.4 1.2475
83.5 1.16876
83.6 1.07883
83.7 1.23696
83.8 1.07778
83.9 1.19107
84 1.2186
84.1 1.14312
84.2 0.993443
84.3 0.975571
84.4 1.08889
84.5 1.17987
84.6 1.21861
84.7 1.10016
84.8 1.03837
84.9 1.3227
85 1.07609
85.1 1.21203
85.2 1.16716
85.3 1.10158
85.4 1.13267
85.5 1.24314
85.6 1.32086
85.7 1.07459
85.8 1.26124
85.9 1.16223
86 1.01406
86.1 1.01746
86.2 1.00222
86.3 1.11119
86.4 0.915804
86.5 0.895252
86.6 1.11612
86.7 0.994106
86.8 1.05525
86.9 0.937927
87 1.0319
87.1 1.08176
87.2 0.945931
87.3 0.979971
87.4 1.10824
87.5 0.967413
87.6 1.06011
87.7 1.1001
87.8 1.01745
87.9 1.07142
88 1.09441
88.1 1.02197
88.2 0.996017
88.3 1.14486
88.4 1.03123
88.5 1.0122
88.6 1.07693
88.7 0.999895
88.8 0.907464
88.9 1.13923
89 1.1118
89.1 1.03768
89.2 0.97726
89.3 0.904199
89.4 1.17001
89.5 1.11866
89.6 1.1564
89.7 1.31543
89.8 1.1841
89.9 1.12127
90 1.10738
90.1 1.24092
90.2 1.12468
90.3 1.06371
90.4 0.969174
90.5 0.919952
90.6 1.00019
90.7 0.978988
90.8 0.986311
90.9 1.05862
91 1.07796
91.1 1.0571
91.2 1.12799
91.3 1.15911
91.4 1.03372
91.5 1.09851
91.6 1.11028
91.7 0.991616
91.8 0.923517
91.9 1.11838
92 1.05757
92.1 0.950892
92.2 1.06085
92.3 1.01073
92.4 1.03509
92.5 0.964097
92.6 0.932566
92.7 1.001
92.8 1.18474
92.9 1.081
93 0.941836
93.1 0.984625
93.2 1.17842
93.3 1.08571
93.4 0.939251
93.5 0.936521
93.6 0.939363
93.7 1.02583
93.8 0.988644
93.9 0.946484
94 1.03964
94.1 1.03494
94.2 1.15342
94.3 1.13911
94.4 1.21372
94.5 1.16126
94.6 1.00238
94.7 1.16685
94.8 1.16539
94.9 1.25553
95 1.10872
95.1 1.14495
95.2 1.02231
95.3 1.10023
95.4 1.01756
95.5 1.103
95.6 1.12087
95.7 1.25454
95.8 1.13428
95.9 1.25059
96 1.28738
96.1 1.08694
96.2 1.06516
96.3 1.0481
96.4 0.996956
96.5 1.17361
96.6 1.07212
96.7 0.855083
96.8 1.0987
96.9 1.10599
97 0.975235
97.1 1.02033
97.2 1.02024
97.3 1.11555
97.4 1.03184
97.5 0.924628
97.6 0.785012
97.7 0.941025
97.8 0.921678
97.9 0.979326
98 0.911828
98.1 0.993538
98.2 0.944143
98.3 0.988483
98.4 0.883489
98.5 0.896073
98.6 0.939616
98.7 1.18988
98.8 0.926056
98.9 0.805888
99 0.86406
99.1 0.931584
99.2 0.989715
99.3 0.82334
99.4 0.858096
99.5 0.939801
99.6 0.885774
99.7 0.843129
99.8 0.819077
99.9 0.847453
100 0.523489
