3.5 4.48872
3.5015 4.42509
3.503 4.36175
3.5045 4.29868
3.506 4.2359
3.5075 4.17339
3.509 4.11117
3.51051 4.04922
3.51201 3.98755
3.51351 3.92615
3.51501 3.86503
3.51651 3.80419
3.51801 3.74362
3.51951 3.68332
3.52101 3.6233
3.52251 3.56355
3.52401 3.50408
3.52551 3.44487
3.52701 3.38594
3.52851 3.32727
3.53002 3.26888
3.53152 3.21075
3.53302 3.15289
3.53452 3.0953
3.53602 3.03798
3.53752 2.98092
3.53902 2.92413
3.54052 2.8676
3.54202 2.81134
3.54352 2.75534
3.54502 2.69961
3.54652 2.64413
3.54802 2.58892
3.54952 2.53397
3.55103 2.47928
3.55253 2.42485
3.55403 2.37068
3.55553 2.31677
3.55703 2.26312
3.55853 2.20972
3.56003 2.15659
3.56153 2.1037
3.56303 2.05108
3.56453 1.9987
3.56603 1.94659
3.56753 1.89472
3.56903 1.84311
3.57054 1.79175
3.57204 1.74065
3.57354 1.68979
3.57504 1.63919
3.57654 1.58883
3.57804 1.53873
3.57954 1.48887
3.58104 1.43926
3.58254 1.3899
3.58404 1.34078
3.58554 1.29192
3.58704 1.24329
3.58854 1.19491
3.59005 1.14678
3.59155 1.09889
3.59305 1.05125
3.59455 1.00384
3.59605 0.95668
3.59755 0.90976
3.59905 0.86308
3.60055 0.816641
3.60205 0.770441
3.60355 0.724479
3.60505 0.678756
3.60655 0.633271
3.60805 0.588023
3.60955 0.543011
3.61106 0.498235
3.61256 0.453695
3.61406 0.409389
3.61556 0.365317
3.61706 0.321478
3.61856 0.277873
3.62006 0.234499
3.62156 0.191358
3.62306 0.148447
3.62456 0.105767
3.62606 0.0633163
3.62756 0.0210951
3.62906 -0.0208975
3.63057 -0.062662
3.63207 -0.104199
3.63357 -0.145509
3.63507 -0.186593
3.63657 -0.227451
3.63807 -0.268085
3.63957 -0.308493
3.64107 -0.348678
3.64257 -0.38864
3.64407 -0.428379
3.64557 -0.467896
3.64707 -0.507191
3.64857 -0.546265
3.65008 -0.585119
3.65158 -0.623753
3.65308 -0.662168
3.65458 -0.700365
3.65608 -0.738343
3.65758 -0.776104
3.65908 -0.813649
3.66058 -0.850977
3.66208 -0.888089
3.66358 -0.924986
3.66508 -0.961669
3.66658 -0.998138
3.66808 -1.03439
3.66958 -1.07044
3.67109 -1.10627
3.67259 -1.14189
3.67409 -1.17729
3.67559 -1.21249
3.67709 -1.24748
3.67859 -1.28226
3.68009 -1.31683
3.68159 -1.35119
3.68309 -1.38534
3.68459 -1.41929
3.68609 -1.45303
3.68759 -1.48657
3.68909 -1.5199
3.6906 -1.55302
3.6921 -1.58594
3.6936 -1.61866
3.6951 -1.65117
3.6966 -1.68348
3.6981 -1.71559
3.6996 -1.7475
3.7011 -1.77921
3.7026 -1.81072
3.7041 -1.84203
3.7056 -1.87314
3.7071 -1.90405
3.7086 -1.93476
3.71011 -1.96528
3.71161 -1.99559
3.71311 -2.02572
3.71461 -2.05564
3.71611 -2.08538
3.71761 -2.11491
3.71911 -2.14426
3.72061 -2.17341
3.72211 -2.20236
3.72361 -2.23113
3.72511 -2.2597
3.72661 -2.28808
3.72811 -2.31627
3.72961 -2.34428
3.73112 -2.37209
3.73262 -2.39971
3.73412 -2.42714
3.73562 -2.45439
3.73712 -2.48145
3.73862 -2.50832
3.74012 -2.53501
3.74162 -2.56151
3.74312 -2.58782
3.74462 -2.61395
3.74612 -2.6399
3.74762 -2.66566
3.74912 -2.69124
3.75063 -2.71664
3.75213 -2.74186
3.75363 -2.76689
3.75513 -2.79175
3.75663 -2.81642
3.75813 -2.84092
3.75963 -2.86523
3.76113 -2.88937
3.76263 -2.91333
3.76413 -2.93711
3.76563 -2.96071
3.76713 -2.98414
3.76863 -3.00739
3.77014 -3.03047
3.77164 -3.05337
3.77314 -3.07609
3.77464 -3.09865
3.77614 -3.12103
3.77764 -3.14323
3.77914 -3.16527
3.78064 -3.18713
3.78214 -3.20883
3.78364 -3.23035
3.78514 -3.2517
3.78664 -3.27288
3.78814 -3.2939
3.78964 -3.31474
3.79115 -3.33542
3.79265 -3.35593
3.79415 -3.37627
3.79565 -3.39645
3.79715 -3.41646
3.79865 -3.4363
3.80015 -3.45598
3.80165 -3.4755
3.80315 -3.49485
3.80465 -3.51404
3.80615 -3.53307
3.80765 -3.55193
3.80915 -3.57064
3.81066 -3.58918
3.81216 -3.60756
3.81366 -3.62578
3.81516 -3.64384
3.81666 -3.66174
3.81816 -3.67949
3.81966 -3.69707
3.82116 -3.7145
3.82266 -3.73177
3.82416 -3.74889
3.82566 -3.76585
3.82716 -3.78265
3.82866 -3.7993
3.83017 -3.81579
3.83167 -3.83213
3.83317 -3.84832
3.83467 -3.86435
3.83617 -3.88023
3.83767 -3.89596
3.83917 -3.91154
3.84067 -3.92697
3.84217 -3.94225
3.84367 -3.95737
3.84517 -3.97235
3.84667 -3.98718
3.84817 -4.00186
3.84967 -4.01639
3.85118 -4.03078
3.85268 -4.04501
3.85418 -4.05911
3.85568 -4.07305
3.85718 -4.08685
3.85868 -4.10051
3.86018 -4.11402
3.86168 -4.12739
3.86318 -4.14061
3.86468 -4.15369
3.86618 -4.16663
3.86768 -4.17943
3.86918 -4.19208
3.87069 -4.2046
3.87219 -4.21697
3.87369 -4.22921
3.87519 -4.2413
3.87669 -4.25326
3.87819 -4.26507
3.87969 -4.27675
3.88119 -4.2883
3.88269 -4.2997
3.88419 -4.31097
3.88569 -4.3221
3.88719 -4.3331
3.88869 -4.34396
3.8902 -4.35469
3.8917 -4.36528
3.8932 -4.37574
3.8947 -4.38607
3.8962 -4.39626
3.8977 -4.40632
3.8992 -4.41625
3.9007 -4.42605
3.9022 -4.43572
3.9037 -4.44526
3.9052 -4.45467
3.9067 -4.46394
3.9082 -4.47309
3.9097 -4.48212
3.91121 -4.49101
3.91271 -4.49978
3.91421 -4.50842
3.91571 -4.51693
3.91721 -4.52532
3.91871 -4.53358
3.92021 -4.54171
3.92171 -4.54973
3.92321 -4.55761
3.92471 -4.56538
3.92621 -4.57302
3.92771 -4.58054
3.92921 -4.58794
3.93072 -4.59521
3.93222 -4.60236
3.93372 -4.6094
3.93522 -4.61631
3.93672 -4.6231
3.93822 -4.62977
3.93972 -4.63633
3.94122 -4.64276
3.94272 -4.64908
3.94422 -4.65528
3.94572 -4.66136
3.94722 -4.66733
3.94872 -4.67318
3.95023 -4.67891
3.95173 -4.68453
3.95323 -4.69004
3.95473 -4.69542
3.95623 -4.7007
3.95773 -4.70586
3.95923 -4.71091
3.96073 -4.71585
3.96223 -4.72067
3.96373 -4.72539
3.96523 -4.72999
3.96673 -4.73448
3.96823 -4.73886
3.96973 -4.74313
3.97124 -4.74729
3.97274 -4.75135
3.97424 -4.75529
3.97574 -4.75913
3.97724 -4.76285
3.97874 -4.76648
3.98024 -4.76999
3.98174 -4.7734
3.98324 -4.7767
3.98474 -4.7799
3.98624 -4.78299
3.98774 -4.78598
3.98924 -4.78886
3.99075 -4.79164
3.99225 -4.79432
3.99375 -4.79689
3.99525 -4.79936
3.99675 -4.80173
3.99825 -4.804
3.99975 -4.80617
4.00125 -4.80824
4.00275 -4.8102
4.00425 -4.81207
4.00575 -4.81384
4.00725 -4.81551
4.00875 -4.81708
4.01026 -4.81855
4.01176 -4.81993
4.01326 -4.8212
4.01476 -4.82239
4.01626 -4.82347
4.01776 -4.82446
4.01926 -4.82535
4.02076 -4.82615
4.02226 -4.82686
4.02376 -4.82747
4.02526 -4.82799
4.02676 -4.82841
4.02826 -4.82874
4.02976 -4.82898
4.03127 -4.82913
4.03277 -4.82918
4.03427 -4.82914
4.03577 -4.82902
4.03727 -4.8288
4.03877 -4.82849
4.04027 -4.8281
4.04177 -4.82761
4.04327 -4.82704
4.04477 -4.82637
4.04627 -4.82562
4.04777 -4.82479
4.04927 -4.82386
4.05078 -4.82285
4.05228 -4.82175
4.05378 -4.82057
4.05528 -4.8193
4.05678 -4.81795
4.05828 -4.81651
4.05978 -4.81499
4.06128 -4.81338
4.06278 -4.8117
4.06428 -4.80992
4.06578 -4.80807
4.06728 -4.80613
4.06878 -4.80412
4.07029 -4.80202
4.07179 -4.79984
4.07329 -4.79758
4.07479 -4.79524
4.07629 -4.79282
4.07779 -4.79032
4.07929 -4.78774
4.08079 -4.78509
4.08229 -4.78235
4.08379 -4.77954
4.08529 -4.77665
4.08679 -4.77369
4.08829 -4.77065
4.08979 -4.76753
4.0913 -4.76434
4.0928 -4.76107
4.0943 -4.75772
4.0958 -4.75431
4.0973 -4.75081
4.0988 -4.74725
4.1003 -4.74361
4.1018 -4.7399
4.1033 -4.73611
4.1048 -4.73226
4.1063 -4.72833
4.1078 -4.72433
4.1093 -4.72026
4.11081 -4.71612
4.11231 -4.71191
4.11381 -4.70763
4.11531 -4.70328
4.11681 -4.69886
4.11831 -4.69438
4.11981 -4.68982
4.12131 -4.6852
4.12281 -4.68051
4.12431 -4.67575
4.12581 -4.67093
4.12731 -4.66603
4.12881 -4.66108
4.13032 -4.65606
4.13182 -4.65097
4.13332 -4.64582
4.13482 -4.6406
4.13632 -4.63532
4.13782 -4.62998
4.13932 -4.62457
4.14082 -4.6191
4.14232 -4.61357
4.14382 -4.60797
4.14532 -4.60232
4.14682 -4.5966
4.14832 -4.59082
4.14982 -4.58498
4.15133 -4.57908
4.15283 -4.57312
4.15433 -4.5671
4.15583 -4.56102
4.15733 -4.55489
4.15883 -4.54869
4.16033 -4.54244
4.16183 -4.53613
4.16333 -4.52976
4.16483 -4.52333
4.16633 -4.51685
4.16783 -4.51031
4.16933 -4.50372
4.17084 -4.49707
4.17234 -4.49036
4.17384 -4.4836
4.17534 -4.47679
4.17684 -4.46992
4.17834 -4.463
4.17984 -4.45602
4.18134 -4.449
4.18284 -4.44191
4.18434 -4.43478
4.18584 -4.4276
4.18734 -4.42036
4.18884 -4.41307
4.19035 -4.40573
4.19185 -4.39834
4.19335 -4.3909
4.19485 -4.38341
4.19635 -4.37588
4.19785 -4.36829
4.19935 -4.36065
4.20085 -4.35297
4.20235 -4.34523
4.20385 -4.33745
4.20535 -4.32962
4.20685 -4.32175
4.20835 -4.31383
4.20985 -4.30586
4.21136 -4.29784
4.21286 -4.28978
4.21436 -4.28168
4.21586 -4.27353
4.21736 -4.26533
4.21886 -4.25709
4.22036 -4.24881
4.22186 -4.24048
4.22336 -4.23211
4.22486 -4.2237
4.22636 -4.21525
4.22786 -4.20675
4.22936 -4.19821
4.23087 -4.18963
4.23237 -4.18101
4.23387 -4.17234
4.23537 -4.16364
4.23687 -4.15489
4.23837 -4.14611
4.23987 -4.13729
4.24137 -4.12842
4.24287 -4.11952
4.24437 -4.11058
4.24587 -4.1016
4.24737 -4.09259
4.24887 -4.08353
4.25038 -4.07444
4.25188 -4.06531
4.25338 -4.05615
4.25488 -4.04695
4.25638 -4.03771
4.25788 -4.02844
4.25938 -4.01913
4.26088 -4.00979
4.26238 -4.00041
4.26388 -3.991
4.26538 -3.98155
4.26688 -3.97207
4.26838 -3.96256
4.26988 -3.95301
4.27139 -3.94343
4.27289 -3.93382
4.27439 -3.92418
4.27589 -3.9145
4.27739 -3.9048
4.27889 -3.89506
4.28039 -3.88529
4.28189 -3.87549
4.28339 -3.86566
4.28489 -3.8558
4.28639 -3.84591
4.28789 -3.83599
4.28939 -3.82605
4.2909 -3.81607
4.2924 -3.80607
4.2939 -3.79603
4.2954 -3.78597
4.2969 -3.77588
4.2984 -3.76577
4.2999 -3.75563
4.3014 -3.74546
4.3029 -3.73527
4.3044 -3.72504
4.3059 -3.7148
4.3074 -3.70453
4.3089 -3.69423
4.31041 -3.68391
4.31191 -3.67356
4.31341 -3.6632
4.31491 -3.6528
4.31641 -3.64239
4.31791 -3.63195
4.31941 -3.62148
4.32091 -3.611
4.32241 -3.60049
4.32391 -3.58996
4.32541 -3.57941
4.32691 -3.56883
4.32841 -3.55824
4.32991 -3.54762
4.33142 -3.53699
4.33292 -3.52633
4.33442 -3.51566
4.33592 -3.50496
4.33742 -3.49425
4.33892 -3.48351
4.34042 -3.47276
4.34192 -3.46199
4.34342 -3.4512
4.34492 -3.44039
4.34642 -3.42957
4.34792 -3.41872
4.34942 -3.40786
4.35093 -3.39699
4.35243 -3.38609
4.35393 -3.37518
4.35543 -3.36426
4.35693 -3.35332
4.35843 -3.34236
4.35993 -3.33139
4.36143 -3.3204
4.36293 -3.3094
4.36443 -3.29839
4.36593 -3.28736
4.36743 -3.27631
4.36893 -3.26526
4.37044 -3.25419
4.37194 -3.2431
4.37344 -3.23201
4.37494 -3.2209
4.37644 -3.20978
4.37794 -3.19865
4.37944 -3.18751
4.38094 -3.17635
4.38244 -3.16519
4.38394 -3.15401
4.38544 -3.14282
4.38694 -3.13163
4.38844 -3.12042
4.38994 -3.1092
4.39145 -3.09798
4.39295 -3.08674
4.39445 -3.0755
4.39595 -3.06424
4.39745 -3.05298
4.39895 -3.04171
4.40045 -3.03044
4.40195 -3.01915
4.40345 -3.00786
4.40495 -2.99656
4.40645 -2.98526
4.40795 -2.97394
4.40945 -2.96262
4.41096 -2.9513
4.41246 -2.93997
4.41396 -2.92863
4.41546 -2.91729
4.41696 -2.90595
4.41846 -2.8946
4.41996 -2.88324
4.42146 -2.87188
4.42296 -2.86052
4.42446 -2.84915
4.42596 -2.83778
4.42746 -2.82641
4.42896 -2.81503
4.43047 -2.80365
4.43197 -2.79227
4.43347 -2.78088
4.43497 -2.7695
4.43647 -2.75811
4.43797 -2.74672
4.43947 -2.73533
4.44097 -2.72394
4.44247 -2.71254
4.44397 -2.70115
4.44547 -2.68976
4.44697 -2.67836
4.44847 -2.66697
4.44997 -2.65558
4.45148 -2.64419
4.45298 -2.6328
4.45448 -2.62141
4.45598 -2.61002
4.45748 -2.59863
4.45898 -2.58724
4.46048 -2.57586
4.46198 -2.56448
4.46348 -2.5531
4.46498 -2.54173
4.46648 -2.53036
4.46798 -2.51899
4.46948 -2.50762
4.47099 -2.49626
4.47249 -2.4849
4.47399 -2.47355
4.47549 -2.4622
4.47699 -2.45086
4.47849 -2.43952
4.47999 -2.42818
4.48149 -2.41685
4.48299 -2.40553
4.48449 -2.39421
4.48599 -2.3829
4.48749 -2.3716
4.48899 -2.3603
4.4905 -2.349
4.492 -2.33772
4.4935 -2.32644
4.495 -2.31517
4.4965 -2.30391
4.498 -2.29265
4.4995 -2.2814
4.501 -2.27017
4.5025 -2.25893
4.504 -2.24771
4.5055 -2.2365
4.507 -2.2253
4.5085 -2.2141
4.51001 -2.20292
4.51151 -2.19174
4.51301 -2.18058
4.51451 -2.16942
4.51601 -2.15827
4.51751 -2.14714
4.51901 -2.13602
4.52051 -2.1249
4.52201 -2.1138
4.52351 -2.10271
4.52501 -2.09164
4.52651 -2.08057
4.52801 -2.06951
4.52951 -2.05847
4.53102 -2.04744
4.53252 -2.03643
4.53402 -2.02542
4.53552 -2.01443
4.53702 -2.00345
4.53852 -1.99249
4.54002 -1.98154
4.54152 -1.9706
4.54302 -1.95968
4.54452 -1.94877
4.54602 -1.93788
4.54752 -1.927
4.54902 -1.91613
4.55053 -1.90528
4.55203 -1.89445
4.55353 -1.88363
4.55503 -1.87283
4.55653 -1.86204
4.55803 -1.85127
4.55953 -1.84052
4.56103 -1.82978
4.56253 -1.81906
4.56403 -1.80835
4.56553 -1.79766
4.56703 -1.78699
4.56853 -1.77634
4.57004 -1.7657
4.57154 -1.75509
4.57304 -1.74449
4.57454 -1.7339
4.57604 -1.72334
4.57754 -1.71279
4.57904 -1.70227
4.58054 -1.69176
4.58204 -1.68127
4.58354 -1.6708
4.58504 -1.66035
4.58654 -1.64992
4.58804 -1.63951
4.58954 -1.62912
4.59105 -1.61875
4.59255 -1.6084
4.59405 -1.59807
4.59555 -1.58776
4.59705 -1.57747
4.59855 -1.56721
4.60005 -1.55696
4.60155 -1.54674
4.60305 -1.53653
4.60455 -1.52635
4.60605 -1.51619
4.60755 -1.50606
4.60905 -1.49594
4.61056 -1.48585
4.61206 -1.47578
4.61356 -1.46573
4.61506 -1.45571
4.61656 -1.44571
4.61806 -1.43573
4.61956 -1.42577
4.62106 -1.41584
4.62256 -1.40593
4.62406 -1.39605
4.62556 -1.38619
4.62706 -1.37636
4.62856 -1.36654
4.63007 -1.35676
4.63157 -1.347
4.63307 -1.33726
4.63457 -1.32755
4.63607 -1.31786
4.63757 -1.3082
4.63907 -1.29857
4.64057 -1.28896
4.64207 -1.27937
4.64357 -1.26981
4.64507 -1.26028
4.64657 -1.25078
4.64807 -1.2413
4.64957 -1.23184
4.65108 -1.22242
4.65258 -1.21302
4.65408 -1.20365
4.65558 -1.1943
4.65708 -1.18499
4.65858 -1.1757
4.66008 -1.16643
4.66158 -1.1572
4.66308 -1.14799
4.66458 -1.13881
4.66608 -1.12966
4.66758 -1.12054
4.66908 -1.11145
4.67059 -1.10239
4.67209 -1.09335
4.67359 -1.08434
4.67509 -1.07537
4.67659 -1.06642
4.67809 -1.0575
4.67959 -1.04861
4.68109 -1.03975
4.68259 -1.03092
4.68409 -1.02212
4.68559 -1.01335
4.68709 -1.00461
4.68859 -0.995902
4.6901 -0.987223
4.6916 -0.978575
4.6931 -0.969958
4.6946 -0.961372
4.6961 -0.952817
4.6976 -0.944293
4.6991 -0.9358
4.7006 -0.927338
4.7021 -0.918909
4.7036 -0.910511
4.7051 -0.902144
4.7066 -0.89381
4.7081 -0.885508
4.7096 -0.877238
4.71111 -0.869
4.71261 -0.860795
4.71411 -0.852622
4.71561 -0.844482
4.71711 -0.836375
4.71861 -0.828301
4.72011 -0.82026
4.72161 -0.812252
4.72311 -0.804278
4.72461 -0.796337
4.72611 -0.788429
4.72761 -0.780555
4.72911 -0.772716
4.73062 -0.764909
4.73212 -0.757137
4.73362 -0.7494
4.73512 -0.741696
4.73662 -0.734027
4.73812 -0.726392
4.73962 -0.718792
4.74112 -0.711227
4.74262 -0.703696
4.74412 -0.696201
4.74562 -0.68874
4.74712 -0.681315
4.74862 -0.673925
4.75013 -0.666571
4.75163 -0.659252
4.75313 -0.651968
4.75463 -0.64472
4.75613 -0.637509
4.75763 -0.630333
4.75913 -0.623193
4.76063 -0.616089
4.76213 -0.609022
4.76363 -0.60199
4.76513 -0.594996
4.76663 -0.588038
4.76813 -0.581116
4.76963 -0.574232
4.77114 -0.567384
4.77264 -0.560573
4.77414 -0.5538
4.77564 -0.547063
4.77714 -0.540364
4.77864 -0.533702
4.78014 -0.527077
4.78164 -0.52049
4.78314 -0.513941
4.78464 -0.50743
4.78614 -0.500956
4.78764 -0.49452
4.78914 -0.488123
4.79065 -0.481763
4.79215 -0.475442
4.79365 -0.469159
4.79515 -0.462914
4.79665 -0.456708
4.79815 -0.45054
4.79965 -0.444411
4.80115 -0.438321
4.80265 -0.43227
4.80415 -0.426257
4.80565 -0.420284
4.80715 -0.41435
4.80865 -0.408454
4.81016 -0.402598
4.81166 -0.396782
4.81316 -0.391005
4.81466 -0.385267
4.81616 -0.379569
4.81766 -0.373911
4.81916 -0.368292
4.82066 -0.362713
4.82216 -0.357174
4.82366 -0.351675
4.82516 -0.346216
4.82666 -0.340798
4.82816 -0.335419
4.82966 -0.330081
4.83117 -0.324783
4.83267 -0.319526
4.83417 -0.314309
4.83567 -0.309132
4.83717 -0.303997
4.83867 -0.298902
4.84017 -0.293847
4.84167 -0.288834
4.84317 -0.283862
4.84467 -0.27893
4.84617 -0.27404
4.84767 -0.269191
4.84917 -0.264383
4.85068 -0.259616
4.85218 -0.254891
4.85368 -0.250207
4.85518 -0.245564
4.85668 -0.240963
4.85818 -0.236404
4.85968 -0.231886
4.86118 -0.22741
4.86268 -0.222976
4.86418 -0.218583
4.86568 -0.214233
4.86718 -0.209924
4.86868 -0.205658
4.87019 -0.201433
4.87169 -0.197251
4.87319 -0.19311
4.87469 -0.189012
4.87619 -0.184957
4.87769 -0.180943
4.87919 -0.176973
4.88069 -0.173044
4.88219 -0.169158
4.88369 -0.165315
4.88519 -0.161514
4.88669 -0.157756
4.88819 -0.15404
4.88969 -0.150368
4.8912 -0.146738
4.8927 -0.143151
4.8942 -0.139606
4.8957 -0.136105
4.8972 -0.132647
4.8987 -0.129232
4.9002 -0.12586
4.9017 -0.122531
4.9032 -0.119245
4.9047 -0.116003
4.9062 -0.112803
4.9077 -0.109647
4.9092 -0.106534
4.91071 -0.103465
4.91221 -0.100439
4.91371 -0.0974567
4.91521 -0.0945177
4.91671 -0.0916223
4.91821 -0.0887704
4.91971 -0.0859621
4.92121 -0.0831974
4.92271 -0.0804764
4.92421 -0.0777991
4.92571 -0.0751656
4.92721 -0.0725758
4.92871 -0.0700298
4.93022 -0.0675277
4.93172 -0.0650694
4.93322 -0.062655
4.93472 -0.0602845
4.93622 -0.057958
4.93772 -0.0556754
4.93922 -0.0534369
4.94072 -0.0512424
4.94222 -0.049092
4.94372 -0.0469856
4.94522 -0.0449233
4.94672 -0.0429052
4.94822 -0.0409313
4.94972 -0.0390015
4.95123 -0.0371159
4.95273 -0.0352745
4.95423 -0.0334774
4.95573 -0.0317246
4.95723 -0.030016
4.95873 -0.0283518
4.96023 -0.0267318
4.96173 -0.0251562
4.96323 -0.023625
4.96473 -0.0221381
4.96623 -0.0206957
4.96773 -0.0192976
4.96923 -0.0179439
4.97074 -0.0166347
4.97224 -0.0153699
4.97374 -0.0141496
4.97524 -0.0129737
4.97674 -0.0118424
4.97824 -0.0107555
4.97974 -0.00971311
4.98124 -0.00871524
4.98274 -0.00776188
4.98424 -0.00685305
4.98574 -0.00598876
4.98724 -0.005169
4.98874 -0.00439379
4.99025 -0.00366312
4.99175 -0.00297702
4.99325 -0.00233547
4.99475 -0.00173849
4.99625 -0.00118607
4.99775 -0.000678214
4.99925 -0.000214929
5.00075 0.000203787
5.00225 0.000577934
5.00375 0.000907513
5.00525 0.00119252
5.00675 0.00143297
5.00825 0.00162886
5.00975 0.00178018
5.01126 0.00188695
5.01276 0.00194917
5.01426 0.00196685
5.01576 0.00193998
5.01726 0.00186858
5.01876 0.00175266
5.02026 0.00159222
5.02176 0.00138727
5.02326 0.00113782
5.02476 0.000843873
5.02626 0.000505452
5.02776 0.000122561
5.02926 -0.000304787
5.03077 -0.00077658
5.03227 -0.0012928
5.03377 -0.00185345
5.03527 -0.00245849
5.03677 -0.00310793
5.03827 -0.00380173
5.03977 -0.0045399
5.04127 -0.0053224
5.04277 -0.00614923
5.04427 -0.00702035
5.04577 -0.00793577
5.04727 -0.00889545
5.04877 -0.00989937
5.05028 -0.0109475
5.05178 -0.0120399
5.05328 -0.0131764
5.05478 -0.0143571
5.05628 -0.0155819
5.05778 -0.0168508
5.05928 -0.0181638
5.06078 -0.0195209
5.06228 -0.020922
5.06378 -0.0223671
5.06528 -0.0238562
5.06678 -0.0253893
5.06828 -0.0269662
5.06978 -0.0285871
5.07129 -0.0302518
5.07279 -0.0319604
5.07429 -0.0337127
5.07579 -0.0355088
5.07729 -0.0373487
5.07879 -0.0392323
5.08029 -0.0411595
5.08179 -0.0431304
5.08329 -0.0451448
5.08479 -0.0472028
5.08629 -0.0493044
5.08779 -0.0514494
5.08929 -0.0536379
5.0908 -0.0558698
5.0923 -0.0581451
5.0938 -0.0604637
5.0953 -0.0628256
5.0968 -0.0652307
5.0983 -0.0676791
5.0998 -0.0701706
5.1013 -0.0727053
5.1028 -0.075283
5.1043 -0.0779038
5.1058 -0.0805676
5.1073 -0.0832743
5.1088 -0.0860239
5.11031 -0.0888163
5.11181 -0.0916516
5.11331 -0.0945296
5.11481 -0.0974503
5.11631 -0.100414
5.11781 -0.10342
5.11931 -0.106468
5.12081 -0.109559
5.12231 -0.112693
5.12381 -0.115869
5.12531 -0.119087
5.12681 -0.122347
5.12831 -0.12565
5.12981 -0.128995
5.13132 -0.132382
5.13282 -0.135811
5.13432 -0.139283
5.13582 -0.142796
5.13732 -0.146351
5.13882 -0.149948
5.14032 -0.153586
5.14182 -0.157266
5.14332 -0.160988
5.14482 -0.164752
5.14632 -0.168557
5.14782 -0.172404
5.14932 -0.176292
5.15083 -0.180221
5.15233 -0.184191
5.15383 -0.188203
5.15533 -0.192256
5.15683 -0.19635
5.15833 -0.200485
5.15983 -0.204661
5.16133 -0.208878
5.16283 -0.213135
5.16433 -0.217434
5.16583 -0.221772
5.16733 -0.226152
5.16883 -0.230572
5.17034 -0.235032
5.17184 -0.239533
5.17334 -0.244074
5.17484 -0.248656
5.17634 -0.253277
5.17784 -0.257939
5.17934 -0.26264
5.18084 -0.267381
5.18234 -0.272163
5.18384 -0.276984
5.18534 -0.281844
5.18684 -0.286745
5.18834 -0.291684
5.18984 -0.296663
5.19135 -0.301682
5.19285 -0.30674
5.19435 -0.311837
5.19585 -0.316973
5.19735 -0.322148
5.19885 -0.327361
5.20035 -0.332614
5.20185 -0.337906
5.20335 -0.343236
5.20485 -0.348605
5.20635 -0.354012
5.20785 -0.359458
5.20935 -0.364941
5.21086 -0.370464
5.21236 -0.376024
5.21386 -0.381622
5.21536 -0.387258
5.21686 -0.392932
5.21836 -0.398644
5.21986 -0.404394
5.22136 -0.410181
5.22286 -0.416005
5.22436 -0.421867
5.22586 -0.427766
5.22736 -0.433702
5.22886 -0.439676
5.23037 -0.445686
5.23187 -0.451733
5.23337 -0.457817
5.23487 -0.463938
5.23637 -0.470095
5.23787 -0.476289
5.23937 -0.482519
5.24087 -0.488785
5.24237 -0.495087
5.24387 -0.501426
5.24537 -0.5078
5.24687 -0.514211
5.24837 -0.520657
5.24987 -0.527138
5.25138 -0.533655
5.25288 -0.540208
5.25438 -0.546796
5.25588 -0.553419
5.25738 -0.560077
5.25888 -0.56677
5.26038 -0.573498
5.26188 -0.58026
5.26338 -0.587058
5.26488 -0.593889
5.26638 -0.600755
5.26788 -0.607656
5.26938 -0.61459
5.27089 -0.621559
5.27239 -0.628562
5.27389 -0.635598
5.27539 -0.642668
5.27689 -0.649772
5.27839 -0.656909
5.27989 -0.664079
5.28139 -0.671283
5.28289 -0.678519
5.28439 -0.685789
5.28589 -0.693091
5.28739 -0.700427
5.28889 -0.707794
5.2904 -0.715195
5.2919 -0.722627
5.2934 -0.730092
5.2949 -0.737589
5.2964 -0.745118
5.2979 -0.752678
5.2994 -0.760271
5.3009 -0.767895
5.3024 -0.77555
5.3039 -0.783237
5.3054 -0.790955
5.3069 -0.798703
5.3084 -0.806483
5.3099 -0.814294
5.31141 -0.822135
5.31291 -0.830007
5.31441 -0.837909
5.31591 -0.845841
5.31741 -0.853803
5.31891 -0.861796
5.32041 -0.869818
5.32191 -0.87787
5.32341 -0.885951
5.32491 -0.894062
5.32641 -0.902202
5.32791 -0.910371
5.32941 -0.918569
5.33092 -0.926796
5.33242 -0.935052
5.33392 -0.943336
5.33542 -0.951648
5.33692 -0.959989
5.33842 -0.968358
5.33992 -0.976755
5.34142 -0.98518
5.34292 -0.993632
5.34442 -1.00211
5.34592 -1.01062
5.34742 -1.01915
5.34892 -1.02771
5.35043 -1.0363
5.35193 -1.04492
5.35343 -1.05356
5.35493 -1.06223
5.35643 -1.07092
5.35793 -1.07964
5.35943 -1.08839
5.36093 -1.09716
5.36243 -1.10596
5.36393 -1.11478
5.36543 -1.12363
5.36693 -1.13251
5.36843 -1.14141
5.36993 -1.15033
5.37144 -1.15928
5.37294 -1.16825
5.37444 -1.17725
5.37594 -1.18627
5.37744 -1.19532
5.37894 -1.20439
5.38044 -1.21348
5.38194 -1.2226
5.38344 -1.23174
5.38494 -1.24091
5.38644 -1.25009
5.38794 -1.2593
5.38944 -1.26853
5.39095 -1.27779
5.39245 -1.28707
5.39395 -1.29637
5.39545 -1.30569
5.39695 -1.31503
5.39845 -1.3244
5.39995 -1.33379
5.40145 -1.34319
5.40295 -1.35262
5.40445 -1.36208
5.40595 -1.37155
5.40745 -1.38104
5.40895 -1.39055
5.41046 -1.40008
5.41196 -1.40964
5.41346 -1.41921
5.41496 -1.4288
5.41646 -1.43842
5.41796 -1.44805
5.41946 -1.4577
5.42096 -1.46737
5.42246 -1.47706
5.42396 -1.48677
5.42546 -1.49649
5.42696 -1.50624
5.42846 -1.516
5.42996 -1.52578
5.43147 -1.53558
5.43297 -1.54539
5.43447 -1.55523
5.43597 -1.56508
5.43747 -1.57494
5.43897 -1.58483
5.44047 -1.59473
5.44197 -1.60465
5.44347 -1.61458
5.44497 -1.62453
5.44647 -1.6345
5.44797 -1.64448
5.44947 -1.65447
5.45098 -1.66449
5.45248 -1.67451
5.45398 -1.68455
5.45548 -1.69461
5.45698 -1.70468
5.45848 -1.71477
5.45998 -1.72487
5.46148 -1.73498
5.46298 -1.74511
5.46448 -1.75525
5.46598 -1.7654
5.46748 -1.77557
5.46898 -1.78575
5.47049 -1.79594
5.47199 -1.80614
5.47349 -1.81636
5.47499 -1.82659
5.47649 -1.83683
5.47799 -1.84708
5.47949 -1.85735
5.48099 -1.86762
5.48249 -1.87791
5.48399 -1.8882
5.48549 -1.89851
5.48699 -1.90883
5.48849 -1.91916
5.48999 -1.92949
5.4915 -1.93984
5.493 -1.9502
5.4945 -1.96057
5.496 -1.97094
5.4975 -1.98133
5.499 -1.99172
5.5005 -2.00212
5.502 -2.01253
5.5035 -2.02295
5.505 -2.03337
5.5065 -2.04381
5.508 -2.05425
5.5095 -2.0647
5.51101 -2.07515
5.51251 -2.08561
5.51401 -2.09608
5.51551 -2.10655
5.51701 -2.11703
5.51851 -2.12752
5.52001 -2.13801
5.52151 -2.14851
5.52301 -2.15901
5.52451 -2.16952
5.52601 -2.18003
5.52751 -2.19055
5.52901 -2.20107
5.53052 -2.21159
5.53202 -2.22212
5.53352 -2.23265
5.53502 -2.24318
5.53652 -2.25372
5.53802 -2.26426
5.53952 -2.27481
5.54102 -2.28535
5.54252 -2.2959
5.54402 -2.30645
5.54552 -2.317
5.54702 -2.32755
5.54852 -2.33811
5.55003 -2.34866
5.55153 -2.35921
5.55303 -2.36977
5.55453 -2.38033
5.55603 -2.39088
5.55753 -2.40144
5.55903 -2.41199
5.56053 -2.42255
5.56203 -2.4331
5.56353 -2.44365
5.56503 -2.4542
5.56653 -2.46475
5.56803 -2.4753
5.56953 -2.48584
5.57104 -2.49639
5.57254 -2.50693
5.57404 -2.51746
5.57554 -2.528
5.57704 -2.53853
5.57854 -2.54905
5.58004 -2.55957
5.58154 -2.57009
5.58304 -2.5806
5.58454 -2.59111
5.58604 -2.60162
5.58754 -2.61212
5.58904 -2.62261
5.59055 -2.6331
5.59205 -2.64358
5.59355 -2.65405
5.59505 -2.66452
5.59655 -2.67498
5.59805 -2.68544
5.59955 -2.69588
5.60105 -2.70632
5.60255 -2.71675
5.60405 -2.72718
5.60555 -2.73759
5.60705 -2.748
5.60855 -2.7584
5.61006 -2.76879
5.61156 -2.77917
5.61306 -2.78953
5.61456 -2.79989
5.61606 -2.81024
5.61756 -2.82058
5.61906 -2.83091
5.62056 -2.84123
5.62206 -2.85153
5.62356 -2.86183
5.62506 -2.87211
5.62656 -2.88238
5.62806 -2.89264
5.62956 -2.90288
5.63107 -2.91312
5.63257 -2.92334
5.63407 -2.93354
5.63557 -2.94373
5.63707 -2.95391
5.63857 -2.96408
5.64007 -2.97422
5.64157 -2.98436
5.64307 -2.99448
5.64457 -3.00458
5.64607 -3.01467
5.64757 -3.02474
5.64907 -3.0348
5.65058 -3.04484
5.65208 -3.05486
5.65358 -3.06486
5.65508 -3.07485
5.65658 -3.08482
5.65808 -3.09477
5.65958 -3.10471
5.66108 -3.11462
5.66258 -3.12452
5.66408 -3.1344
5.66558 -3.14426
5.66708 -3.15409
5.66858 -3.16391
5.67009 -3.17371
5.67159 -3.18349
5.67309 -3.19325
5.67459 -3.20298
5.67609 -3.2127
5.67759 -3.22239
5.67909 -3.23206
5.68059 -3.24171
5.68209 -3.25133
5.68359 -3.26094
5.68509 -3.27051
5.68659 -3.28007
5.68809 -3.2896
5.68959 -3.29911
5.6911 -3.30859
5.6926 -3.31805
5.6941 -3.32749
5.6956 -3.3369
5.6971 -3.34628
5.6986 -3.35564
5.7001 -3.36497
5.7016 -3.37427
5.7031 -3.38355
5.7046 -3.3928
5.7061 -3.40202
5.7076 -3.41122
5.7091 -3.42038
5.71061 -3.42952
5.71211 -3.43863
5.71361 -3.44771
5.71511 -3.45676
5.71661 -3.46579
5.71811 -3.47478
5.71961 -3.48374
5.72111 -3.49267
5.72261 -3.50157
5.72411 -3.51044
5.72561 -3.51928
5.72711 -3.52809
5.72861 -3.53686
5.73012 -3.5456
5.73162 -3.55431
5.73312 -3.56299
5.73462 -3.57163
5.73612 -3.58024
5.73762 -3.58881
5.73912 -3.59735
5.74062 -3.60586
5.74212 -3.61433
5.74362 -3.62276
5.74512 -3.63116
5.74662 -3.63953
5.74812 -3.64785
5.74962 -3.65615
5.75113 -3.6644
5.75263 -3.67262
5.75413 -3.68079
5.75563 -3.68894
5.75713 -3.69704
5.75863 -3.7051
5.76013 -3.71313
5.76163 -3.72111
5.76313 -3.72906
5.76463 -3.73697
5.76613 -3.74483
5.76763 -3.75266
5.76913 -3.76044
5.77064 -3.76819
5.77214 -3.77589
5.77364 -3.78355
5.77514 -3.79117
5.77664 -3.79874
5.77814 -3.80628
5.77964 -3.81377
5.78114 -3.82121
5.78264 -3.82861
5.78414 -3.83597
5.78564 -3.84328
5.78714 -3.85055
5.78864 -3.85777
5.79015 -3.86495
5.79165 -3.87208
5.79315 -3.87917
5.79465 -3.8862
5.79615 -3.89319
5.79765 -3.90014
5.79915 -3.90703
5.80065 -3.91388
5.80215 -3.92068
5.80365 -3.92743
5.80515 -3.93413
5.80665 -3.94078
5.80815 -3.94739
5.80965 -3.95394
5.81116 -3.96044
5.81266 -3.96689
5.81416 -3.97329
5.81566 -3.97964
5.81716 -3.98593
5.81866 -3.99218
5.82016 -3.99837
5.82166 -4.0045
5.82316 -4.01059
5.82466 -4.01662
5.82616 -4.0226
5.82766 -4.02852
5.82916 -4.03439
5.83067 -4.0402
5.83217 -4.04596
5.83367 -4.05166
5.83517 -4.0573
5.83667 -4.06289
5.83817 -4.06842
5.83967 -4.07389
5.84117 -4.07931
5.84267 -4.08467
5.84417 -4.08997
5.84567 -4.09521
5.84717 -4.10039
5.84867 -4.10551
5.85018 -4.11058
5.85168 -4.11558
5.85318 -4.12052
5.85468 -4.1254
5.85618 -4.13022
5.85768 -4.13498
5.85918 -4.13967
5.86068 -4.1443
5.86218 -4.14887
5.86368 -4.15338
5.86518 -4.15782
5.86668 -4.1622
5.86818 -4.16651
5.86968 -4.17076
5.87119 -4.17495
5.87269 -4.17907
5.87419 -4.18312
5.87569 -4.18711
5.87719 -4.19103
5.87869 -4.19488
5.88019 -4.19867
5.88169 -4.20238
5.88319 -4.20603
5.88469 -4.20962
5.88619 -4.21313
5.88769 -4.21657
5.88919 -4.21994
5.8907 -4.22325
5.8922 -4.22648
5.8937 -4.22964
5.8952 -4.23273
5.8967 -4.23575
5.8982 -4.2387
5.8997 -4.24157
5.9012 -4.24437
5.9027 -4.2471
5.9042 -4.24975
5.9057 -4.25233
5.9072 -4.25484
5.9087 -4.25727
5.91021 -4.25963
5.91171 -4.26191
5.91321 -4.26411
5.91471 -4.26624
5.91621 -4.26829
5.91771 -4.27026
5.91921 -4.27216
5.92071 -4.27398
5.92221 -4.27572
5.92371 -4.27738
5.92521 -4.27896
5.92671 -4.28047
5.92821 -4.28189
5.92971 -4.28323
5.93122 -4.28449
5.93272 -4.28567
5.93422 -4.28677
5.93572 -4.28779
5.93722 -4.28872
5.93872 -4.28957
5.94022 -4.29034
5.94172 -4.29102
5.94322 -4.29162
5.94472 -4.29214
5.94622 -4.29257
5.94772 -4.29291
5.94922 -4.29317
5.95073 -4.29335
5.95223 -4.29344
5.95373 -4.29344
5.95523 -4.29335
5.95673 -4.29317
5.95823 -4.29291
5.95973 -4.29256
5.96123 -4.29212
5.96273 -4.29159
5.96423 -4.29097
5.96573 -4.29026
5.96723 -4.28946
5.96873 -4.28856
5.97024 -4.28758
5.97174 -4.2865
5.97324 -4.28534
5.97474 -4.28407
5.97624 -4.28272
5.97774 -4.28127
5.97924 -4.27973
5.98074 -4.27809
5.98224 -4.27636
5.98374 -4.27453
5.98524 -4.27261
5.98674 -4.27059
5.98824 -4.26848
5.98974 -4.26627
5.99125 -4.26395
5.99275 -4.26155
5.99425 -4.25904
5.99575 -4.25643
5.99725 -4.25373
5.99875 -4.25093
6.00025 -4.24802
6.00175 -4.24502
6.00325 -4.24191
6.00475 -4.2387
6.00625 -4.23539
6.00775 -4.23198
6.00925 -4.22847
6.01076 -4.22485
6.01226 -4.22113
6.01376 -4.2173
6.01526 -4.21338
6.01676 -4.20934
6.01826 -4.2052
6.01976 -4.20096
6.02126 -4.1966
6.02276 -4.19214
6.02426 -4.18758
6.02576 -4.1829
6.02726 -4.17812
6.02876 -4.17323
6.03027 -4.16823
6.03177 -4.16313
6.03327 -4.15791
6.03477 -4.15258
6.03627 -4.14714
6.03777 -4.14159
6.03927 -4.13593
6.04077 -4.13015
6.04227 -4.12427
6.04377 -4.11827
6.04527 -4.11215
6.04677 -4.10593
6.04827 -4.09959
6.04977 -4.09313
6.05128 -4.08656
6.05278 -4.07987
6.05428 -4.07307
6.05578 -4.06615
6.05728 -4.05911
6.05878 -4.05195
6.06028 -4.04468
6.06178 -4.03729
6.06328 -4.02978
6.06478 -4.02215
6.06628 -4.0144
6.06778 -4.00653
6.06928 -3.99854
6.07079 -3.99043
6.07229 -3.98219
6.07379 -3.97384
6.07529 -3.96536
6.07679 -3.95676
6.07829 -3.94803
6.07979 -3.93918
6.08129 -3.93021
6.08279 -3.92111
6.08429 -3.91188
6.08579 -3.90253
6.08729 -3.89306
6.08879 -3.88345
6.0903 -3.87372
6.0918 -3.86386
6.0933 -3.85388
6.0948 -3.84376
6.0963 -3.83351
6.0978 -3.82314
6.0993 -3.81263
6.1008 -3.802
6.1023 -3.79123
6.1038 -3.78033
6.1053 -3.7693
6.1068 -3.75813
6.1083 -3.74684
6.1098 -3.73541
6.11131 -3.72384
6.11281 -3.71214
6.11431 -3.70031
6.11581 -3.68834
6.11731 -3.67623
6.11881 -3.66399
6.12031 -3.65161
6.12181 -3.63909
6.12331 -3.62644
6.12481 -3.61365
6.12631 -3.60071
6.12781 -3.58764
6.12931 -3.57443
6.13082 -3.56108
6.13232 -3.54759
6.13382 -3.53395
6.13532 -3.52018
6.13682 -3.50626
6.13832 -3.4922
6.13982 -3.47799
6.14132 -3.46364
6.14282 -3.44915
6.14432 -3.43451
6.14582 -3.41973
6.14732 -3.4048
6.14882 -3.38972
6.15033 -3.3745
6.15183 -3.35913
6.15333 -3.34361
6.15483 -3.32795
6.15633 -3.31213
6.15783 -3.29617
6.15933 -3.28005
6.16083 -3.26379
6.16233 -3.24737
6.16383 -3.23081
6.16533 -3.21409
6.16683 -3.19722
6.16833 -3.18019
6.16983 -3.16301
6.17134 -3.14568
6.17284 -3.1282
6.17434 -3.11056
6.17584 -3.09276
6.17734 -3.07481
6.17884 -3.0567
6.18034 -3.03843
6.18184 -3.02001
6.18334 -3.00143
6.18484 -2.98269
6.18634 -2.96379
6.18784 -2.94473
6.18934 -2.92551
6.19085 -2.90613
6.19235 -2.88659
6.19385 -2.86689
6.19535 -2.84703
6.19685 -2.827
6.19835 -2.80681
6.19985 -2.78646
6.20135 -2.76594
6.20285 -2.74526
6.20435 -2.72441
6.20585 -2.70339
6.20735 -2.68221
6.20885 -2.66087
6.21036 -2.63935
6.21186 -2.61767
6.21336 -2.59582
6.21486 -2.5738
6.21636 -2.55161
6.21786 -2.52925
6.21936 -2.50672
6.22086 -2.48402
6.22236 -2.46115
6.22386 -2.4381
6.22536 -2.41488
6.22686 -2.39149
6.22836 -2.36793
6.22986 -2.34419
6.23137 -2.32028
6.23287 -2.29619
6.23437 -2.27192
6.23587 -2.24748
6.23737 -2.22286
6.23887 -2.19807
6.24037 -2.17309
6.24187 -2.14794
6.24337 -2.12261
6.24487 -2.0971
6.24637 -2.07141
6.24787 -2.04553
6.24937 -2.01948
6.25088 -1.99325
6.25238 -1.96683
6.25388 -1.94023
6.25538 -1.91344
6.25688 -1.88647
6.25838 -1.85932
6.25988 -1.83198
6.26138 -1.80446
6.26288 -1.77675
6.26438 -1.74885
6.26588 -1.72077
6.26738 -1.6925
6.26888 -1.66404
6.27039 -1.63539
6.27189 -1.60655
6.27339 -1.57752
6.27489 -1.5483
6.27639 -1.51889
6.27789 -1.48929
6.27939 -1.4595
6.28089 -1.42951
6.28239 -1.39933
6.28389 -1.36895
6.28539 -1.33838
6.28689 -1.30762
6.28839 -1.27666
6.28989 -1.2455
6.2914 -1.21415
6.2929 -1.1826
6.2944 -1.15085
6.2959 -1.1189
6.2974 -1.08676
6.2989 -1.05441
6.3004 -1.02187
6.3019 -0.989122
6.3034 -0.956175
6.3049 -0.923026
6.3064 -0.889674
6.3079 -0.856119
6.3094 -0.822361
6.31091 -0.788399
6.31241 -0.754232
6.31391 -0.71986
6.31541 -0.685282
6.31691 -0.650497
6.31841 -0.615505
6.31991 -0.580306
6.32141 -0.544899
6.32291 -0.509283
6.32441 -0.473458
6.32591 -0.437423
6.32741 -0.401178
6.32891 -0.364721
6.33042 -0.328053
6.33192 -0.291173
6.33342 -0.25408
6.33492 -0.216774
6.33642 -0.179253
6.33792 -0.141519
6.33942 -0.103569
6.34092 -0.0654033
6.34242 -0.0270217
6.34392 0.0115768
6.34542 0.0503927
6.34692 0.0894267
6.34842 0.128679
6.34992 0.168151
6.35143 0.207842
6.35293 0.247754
6.35443 0.287887
6.35593 0.328241
6.35743 0.368817
6.35893 0.409616
6.36043 0.450638
6.36193 0.491885
6.36343 0.533355
6.36493 0.575051
6.36643 0.616972
6.36793 0.65912
6.36943 0.701494
6.37094 0.744096
6.37244 0.786926
6.37394 0.829985
6.37544 0.873273
6.37694 0.916791
6.37844 0.960539
6.37994 1.00452
6.38144 1.04873
6.38294 1.09317
6.38444 1.13785
6.38594 1.18276
6.38744 1.2279
6.38894 1.27328
6.39045 1.31889
6.39195 1.36474
6.39345 1.41083
6.39495 1.45715
6.39645 1.50371
6.39795 1.55051
6.39945 1.59755
6.40095 1.64482
6.40245 1.69234
6.40395 1.7401
6.40545 1.7881
6.40695 1.83634
6.40845 1.88482
6.40995 1.93355
6.41146 1.98252
6.41296 2.03173
6.41446 2.08119
6.41596 2.1309
6.41746 2.18085
6.41896 2.23105
6.42046 2.2815
6.42196 2.33219
6.42346 2.38313
6.42496 2.43433
6.42646 2.48577
6.42796 2.53746
6.42946 2.58941
6.43097 2.6416
6.43247 2.69405
6.43397 2.74675
6.43547 2.79971
6.43697 2.85292
6.43847 2.90638
6.43997 2.9601
6.44147 3.01408
6.44297 3.06831
6.44447 3.1228
6.44597 3.17755
6.44747 3.23256
6.44897 3.28782
6.45048 3.34335
6.45198 3.39914
6.45348 3.45519
6.45498 3.5115
6.45648 3.56807
6.45798 3.6249
6.45948 3.682
6.46098 3.73937
6.46248 3.797
6.46398 3.85489
6.46548 3.91305
6.46698 3.97148
6.46848 4.03018
6.46998 4.08914
6.47149 4.14837
6.47299 4.20788
6.47449 4.26765
6.47599 4.32769
6.47749 4.388
6.47899 4.44859
6.48049 4.50945
6.48199 4.57058
6.48349 4.63199
6.48499 4.69367
6.48649 4.75563
6.48799 4.81786
6.48949 4.88037
6.491 4.94316
6.4925 5.00622
6.494 5.06956
6.4955 5.13318
6.497 5.19709
6.4985 5.26127
6.5 5.32573
