0 0.113568
0.1 0.113616
0.2 0.113626
0.3 0.113631
0.4 0.113642
0.5 0.113654
0.6 0.113657
0.7 0.11367
0.8 0.113681
0.9 0.113697
1 0.113707
1.1 0.113722
1.2 0.113736
1.3 0.113749
1.4 0.113761
1.5 0.113777
1.6 0.113793
1.7 0.113804
1.8 0.113823
1.9 0.113841
2 0.113856
2.1 0.113865
2.2 0.113876
2.3 0.113888
2.4 0.1139
2.5 0.113916
2.6 0.113934
2.7 0.113942
2.8 0.113962
2.9 0.113971
3 0.113988
3.1 0.113997
3.2 0.114003
3.3 0.114011
3.4 0.114023
3.5 0.114039
3.6 0.114053
3.7 0.114065
3.8 0.114088
3.9 0.114107
4 0.114116
4.1 0.114125
4.2 0.114134
4.3 0.114145
4.4 0.114154
4.5 0.114167
4.6 0.114177
4.7 0.114195
4.8 0.114219
4.9 0.114238
5 0.114259
5.1 0.114284
5.2 0.114302
5.3 0.114326
5.4 0.114348
5.5 0.114377
5.6 0.11441
5.7 0.114434
5.8 0.114454
5.9 0.114472
6 0.11449
6.1 0.114505
6.2 0.114519
6.3 0.114544
6.4 0.114558
6.5 0.114576
6.6 0.11459
6.7 0.114594
6.8 0.114607
6.9 0.114621
7 0.114639
7.1 0.11466
7.2 0.11468
7.3 0.114698
7.4 0.114705
7.5 0.114724
7.6 0.114757
7.7 0.114785
7.8 0.114813
7.9 0.114832
8 0.114861
8.1 0.114888
8.2 0.114912
8.3 0.114929
8.4 0.114948
8.5 0.114968
8.6 0.114999
8.7 0.115023
8.8 0.115042
8.9 0.115052
9 0.115061
9.1 0.115078
9.2 0.115097
9.3 0.115111
9.4 0.115139
9.5 0.11516
9.6 0.115178
9.7 0.1152
9.8 0.115217
9.9 0.115232
10 0.115253
10.1 0.115278
10.2 0.115312
10.3 0.115349
10.4 0.115375
10.5 0.115394
10.6 0.115418
10.7 0.115448
10.8 0.115471
10.9 0.115506
11 0.115545
11.1 0.115567
11.2 0.115594
11.3 0.115616
11.4 0.115647
11.5 0.11567
11.6 0.115707
11.7 0.115732
11.8 0.115776
11.9 0.115815
12 0.115854
12.1 0.115898
12.2 0.115947
12.3 0.115987
12.4 0.116028
12.5 0.11608
12.6 0.11614
12.7 0.116202
12.8 0.116261
12.9 0.116325
13 0.116387
13.1 0.116446
13.2 0.116515
13.3 0.116592
13.4 0.116654
13.5 0.116732
13.6 0.116804
13.7 0.116866
13.8 0.116921
13.9 0.116987
14 0.117055
14.1 0.117137
14.2 0.117215
14.3 0.117289
14.4 0.117354
14.5 0.117425
14.6 0.1175
14.7 0.117583
14.8 0.117663
14.9 0.117734
15 0.117801
15.1 0.117867
15.2 0.117937
15.3 0.118011
15.4 0.118099
15.5 0.118173
15.6 0.118239
15.7 0.118309
15.8 0.118382
15.9 0.118449
16 0.118535
16.1 0.118616
16.2 0.118693
16.3 0.118765
16.4 0.118838
16.5 0.11891
16.6 0.118982
16.7 0.119051
16.8 0.119134
16.9 0.119218
17 0.119301
17.1 0.119389
17.2 0.119473
17.3 0.119564
17.4 0.119657
17.5 0.11976
17.6 0.11988
17.7 0.119994
17.8 0.120097
17.9 0.120209
18 0.12033
18.1 0.120455
18.2 0.120556
18.3 0.120672
18.4 0.120772
18.5 0.120871
18.6 0.120977
18.7 0.121089
18.8 0.121188
18.9 0.121279
19 0.121388
19.1 0.12151
19.2 0.121629
19.3 0.121728
19.4 0.121853
19.5 0.121962
19.6 0.122083
19.7 0.1222
19.8 0.122304
19.9 0.122419
20 0.122538
20.1 0.122663
20.2 0.122788
20.3 0.122916
20.4 0.123033
20.5 0.123154
20.6 0.123286
20.7 0.123415
20.8 0.123534
20.9 0.123655
21 0.123774
21.1 0.123916
21.2 0.124053
21.3 0.124179
21.4 0.124313
21.5 0.124452
21.6 0.12458
21.7 0.124712
21.8 0.124843
21.9 0.124972
22 0.125121
22.1 0.12528
22.2 0.125429
22.3 0.125582
22.4 0.125736
22.5 0.125887
22.6 0.126026
22.7 0.126176
22.8 0.126321
22.9 0.12648
23 0.126633
23.1 0.126788
23.2 0.126942
23.3 0.127098
23.4 0.127254
23.5 0.127424
23.6 0.1276
23.7 0.127773
23.8 0.127946
23.9 0.128122
24 0.12831
24.1 0.128502
24.2 0.128697
24.3 0.128891
24.4 0.12909
24.5 0.129293
24.6 0.129498
24.7 0.129708
24.8 0.129932
24.9 0.130151
25 0.130366
25.1 0.13058
25.2 0.130792
25.3 0.130992
25.4 0.1312
25.5 0.131419
25.6 0.131632
25.7 0.131841
25.8 0.132049
25.9 0.132274
26 0.132501
26.1 0.13272
26.2 0.132941
26.3 0.133153
26.4 0.133363
26.5 0.13358
26.6 0.133803
26.7 0.134042
26.8 0.13428
26.9 0.134512
27 0.134749
27.1 0.134982
27.2 0.135231
27.3 0.135479
27.4 0.135731
27.5 0.135976
27.6 0.136218
27.7 0.136471
27.8 0.13673
27.9 0.136993
28 0.137259
28.1 0.137529
28.2 0.137812
28.3 0.138086
28.4 0.138357
28.5 0.138615
28.6 0.138899
28.7 0.139173
28.8 0.139447
28.9 0.139736
29 0.140029
29.1 0.140328
29.2 0.140633
29.3 0.140939
29.4 0.141248
29.5 0.141559
29.6 0.141855
29.7 0.142152
29.8 0.142453
29.9 0.142767
30 0.143077
30.1 0.143388
30.2 0.143687
30.3 0.143987
30.4 0.144284
30.5 0.144592
30.6 0.144886
30.7 0.145174
30.8 0.145465
30.9 0.145764
31 0.146074
31.1 0.146382
31.2 0.146701
31.3 0.147011
31.4 0.147334
31.5 0.147666
31.6 0.147984
31.7 0.14832
31.8 0.148631
31.9 0.14897
32 0.149301
32.1 0.149633
32.2 0.149964
32.3 0.150289
32.4 0.150612
32.5 0.150951
32.6 0.151299
32.7 0.151657
32.8 0.152033
32.9 0.152408
33 0.15278
33.1 0.153147
33.2 0.153512
33.3 0.153868
33.4 0.154218
33.5 0.154573
33.6 0.154936
33.7 0.155299
33.8 0.155658
33.9 0.156025
34 0.156379
34.1 0.15674
34.2 0.157113
34.3 0.157485
34.4 0.157873
34.5 0.158274
34.6 0.158685
34.7 0.159099
34.8 0.159495
34.9 0.159897
35 0.160296
35.1 0.160701
35.2 0.161099
35.3 0.161515
35.4 0.161942
35.5 0.162378
35.6 0.162834
35.7 0.163281
35.8 0.163747
35.9 0.164223
36 0.164688
36.1 0.165182
36.2 0.165687
36.3 0.166177
36.4 0.166674
36.5 0.167173
36.6 0.167693
36.7 0.168223
36.8 0.168744
36.9 0.169276
37 0.169802
37.1 0.170342
37.2 0.170895
37.3 0.171452
37.4 0.171997
37.5 0.172542
37.6 0.173106
37.7 0.173666
37.8 0.174217
37.9 0.174779
38 0.17536
38.1 0.175941
38.2 0.176515
38.3 0.177106
38.4 0.177703
38.5 0.178325
38.6 0.178928
38.7 0.179556
38.8 0.180176
38.9 0.180804
39 0.181455
39.1 0.182104
39.2 0.182756
39.3 0.183439
39.4 0.184107
39.5 0.184753
39.6 0.185401
39.7 0.186042
39.8 0.186698
39.9 0.187343
40 0.188012
40.1 0.188699
40.2 0.18937
40.3 0.190058
40.4 0.19075
40.5 0.191429
40.6 0.19212
40.7 0.192816
40.8 0.193527
40.9 0.194274
41 0.195018
41.1 0.19576
41.2 0.196501
41.3 0.197243
41.4 0.198002
41.5 0.198778
41.6 0.199534
41.7 0.200245
41.8 0.20097
41.9 0.2017
42 0.202453
42.1 0.203204
42.2 0.203957
42.3 0.204722
42.4 0.205501
42.5 0.206285
42.6 0.207057
42.7 0.207837
42.8 0.208642
42.9 0.209452
43 0.210255
43.1 0.211044
43.2 0.211839
43.3 0.212654
43.4 0.213491
43.5 0.214376
43.6 0.215251
43.7 0.21612
43.8 0.217034
43.9 0.217944
44 0.218838
44.1 0.21977
44.2 0.220707
44.3 0.221617
44.4 0.222553
44.5 0.223493
44.6 0.224451
44.7 0.225417
44.8 0.226421
44.9 0.227429
45 0.228452
45.1 0.229472
45.2 0.230491
45.3 0.23154
45.4 0.232617
45.5 0.233684
45.6 0.234736
45.7 0.235778
45.8 0.236825
45.9 0.237898
46 0.238952
46.1 0.239968
46.2 0.240982
46.3 0.241988
46.4 0.242997
46.5 0.243988
46.6 0.244984
46.7 0.245983
46.8 0.247008
46.9 0.248025
47 0.249063
47.1 0.250067
47.2 0.251069
47.3 0.252038
47.4 0.253029
47.5 0.254022
47.6 0.25499
47.7 0.255964
47.8 0.256931
47.9 0.257922
48 0.258908
48.1 0.259858
48.2 0.260818
48.3 0.261797
48.4 0.262762
48.5 0.263703
48.6 0.264702
48.7 0.26571
48.8 0.266693
48.9 0.267668
49 0.268623
49.1 0.269575
49.2 0.270467
49.3 0.271398
49.4 0.272318
49.5 0.273242
49.6 0.274169
49.7 0.275159
49.8 0.276133
49.9 0.277087
50 0.278063
50.1 0.279069
50.2 0.280074
50.3 0.281055
50.4 0.282046
50.5 0.283024
50.6 0.284021
50.7 0.284977
50.8 0.285912
50.9 0.286839
51 0.287782
51.1 0.288744
51.2 0.289679
51.3 0.290613
51.4 0.291568
51.5 0.292499
51.6 0.293366
51.7 0.294281
51.8 0.295172
51.9 0.296078
52 0.296971
52.1 0.297857
52.2 0.29876
52.3 0.299665
52.4 0.300581
52.5 0.301518
52.6 0.302469
52.7 0.303442
52.8 0.304404
52.9 0.305376
53 0.306378
53.1 0.307398
53.2 0.308392
53.3 0.309418
53.4 0.310436
53.5 0.311435
53.6 0.312387
53.7 0.31334
53.8 0.314322
53.9 0.315331
54 0.316338
54.1 0.317332
54.2 0.318323
54.3 0.319306
54.4 0.320314
54.5 0.321242
54.6 0.322148
54.7 0.323051
54.8 0.323955
54.9 0.324889
55 0.325826
55.1 0.326782
55.2 0.327742
55.3 0.328705
55.4 0.329622
55.5 0.330508
55.6 0.331393
55.7 0.332256
55.8 0.333139
55.9 0.334015
56 0.334861
56.1 0.33572
56.2 0.336573
56.3 0.337384
56.4 0.338235
56.5 0.33909
56.6 0.339949
56.7 0.340833
56.8 0.341718
56.9 0.342622
57 0.343514
57.1 0.344407
57.2 0.345299
57.3 0.346217
57.4 0.347132
57.5 0.348052
57.6 0.348996
57.7 0.349945
57.8 0.350892
57.9 0.351843
58 0.352747
58.1 0.353626
58.2 0.354523
58.3 0.355397
58.4 0.356235
58.5 0.357022
58.6 0.357853
58.7 0.358703
58.8 0.359478
58.9 0.360268
59 0.361069
59.1 0.361869
59.2 0.362674
59.3 0.363439
59.4 0.364206
59.5 0.36497
59.6 0.365771
59.7 0.36654
59.8 0.367275
59.9 0.36799
60 0.368706
60.1 0.369385
60.2 0.37007
60.3 0.370785
60.4 0.371497
60.5 0.372185
60.6 0.372868
60.7 0.373578
60.8 0.374337
60.9 0.375055
61 0.375773
61.1 0.37653
61.2 0.377223
61.3 0.377988
61.4 0.378732
61.5 0.37945
61.6 0.380127
61.7 0.38085
61.8 0.381525
61.9 0.382201
62 0.382902
62.1 0.383588
62.2 0.384282
62.3 0.384968
62.4 0.385619
62.5 0.386303
62.6 0.387009
62.7 0.387701
62.8 0.38839
62.9 0.389013
63 0.389672
63.1 0.390314
63.2 0.390932
63.3 0.391573
63.4 0.392176
63.5 0.392793
63.6 0.393424
63.7 0.394014
63.8 0.394602
63.9 0.395148
64 0.395723
64.1 0.39633
64.2 0.396882
64.3 0.397459
64.4 0.398079
64.5 0.398655
64.6 0.399274
64.7 0.399874
64.8 0.400405
64.9 0.400905
65 0.401413
65.1 0.401953
65.2 0.40247
65.3 0.403021
65.4 0.403607
65.5 0.404168
65.6 0.404695
65.7 0.405191
65.8 0.405689
65.9 0.40621
66 0.406722
66.1 0.407237
66.2 0.4077
66.3 0.408189
66.4 0.408627
66.5 0.409137
66.6 0.40967
66.7 0.410176
66.8 0.410688
66.9 0.41119
67 0.411613
67.1 0.412074
67.2 0.412568
67.3 0.413103
67.4 0.413623
67.5 0.414085
67.6 0.414557
67.7 0.415002
67.8 0.415454
67.9 0.415929
68 0.416378
68.1 0.41676
68.2 0.417183
68.3 0.417597
68.4 0.417974
68.5 0.418369
68.6 0.418717
68.7 0.419065
68.8 0.419427
68.9 0.419863
69 0.420271
69.1 0.420659
69.2 0.421053
69.3 0.421453
69.4 0.421843
69.5 0.422216
69.6 0.422643
69.7 0.423066
69.8 0.423499
69.9 0.423953
70 0.424422
70.1 0.424825
70.2 0.425231
70.3 0.42568
70.4 0.426046
70.5 0.426399
70.6 0.426773
70.7 0.427104
70.8 0.42746
70.9 0.427821
71 0.428085
71.1 0.428389
71.2 0.428679
71.3 0.428962
71.4 0.429219
71.5 0.429529
71.6 0.429786
71.7 0.430066
71.8 0.43037
71.9 0.430649
72 0.430921
72.1 0.431206
72.2 0.431543
72.3 0.431892
72.4 0.432178
72.5 0.432421
72.6 0.43268
72.7 0.432956
72.8 0.43329
72.9 0.433608
73 0.433959
73.1 0.434287
73.2 0.434618
73.3 0.434957
73.4 0.435285
73.5 0.435562
73.6 0.435853
73.7 0.4361
73.8 0.436349
73.9 0.436697
74 0.436979
74.1 0.437249
74.2 0.437549
74.3 0.437882
74.4 0.438264
74.5 0.43858
74.6 0.4389
74.7 0.439177
74.8 0.439452
74.9 0.439825
75 0.440171
75.1 0.440506
75.2 0.440855
75.3 0.441204
75.4 0.441513
75.5 0.441851
75.6 0.442213
75.7 0.442526
75.8 0.44281
75.9 0.443145
76 0.443438
76.1 0.443802
76.2 0.444028
76.3 0.444243
76.4 0.444493
76.5 0.444762
76.6 0.444993
76.7 0.445198
76.8 0.445464
76.9 0.445734
77 0.445983
77.1 0.446255
77.2 0.446487
77.3 0.446699
77.4 0.446986
77.5 0.447277
77.6 0.447582
77.7 0.447831
77.8 0.448056
77.9 0.448371
78 0.448623
78.1 0.44887
78.2 0.449104
78.3 0.449273
78.4 0.449441
78.5 0.449691
78.6 0.449897
78.7 0.450137
78.8 0.450389
78.9 0.4506
79 0.450802
79.1 0.451022
79.2 0.451236
79.3 0.451406
79.4 0.451598
79.5 0.451775
79.6 0.451941
79.7 0.452037
79.8 0.452208
79.9 0.452363
80 0.452563
80.1 0.452743
80.2 0.452886
80.3 0.453084
80.4 0.453311
80.5 0.4535
80.6 0.453692
80.7 0.453846
80.8 0.454043
80.9 0.454232
81 0.454448
81.1 0.454621
81.2 0.454744
81.3 0.454876
81.4 0.455087
81.5 0.455301
81.6 0.455459
81.7 0.45565
81.8 0.455831
81.9 0.455992
82 0.45616
82.1 0.456327
82.2 0.456516
82.3 0.456625
82.4 0.456735
82.5 0.456837
82.6 0.456944
82.7 0.457025
82.8 0.457126
82.9 0.457222
83 0.457312
83.1 0.457375
83.2 0.45746
83.3 0.457571
83.4 0.457688
83.5 0.457769
83.6 0.457836
83.7 0.45792
83.8 0.458018
83.9 0.458091
84 0.458154
84.1 0.458241
84.2 0.458342
84.3 0.458415
84.4 0.458466
84.5 0.458545
84.6 0.458626
84.7 0.458689
84.8 0.458786
84.9 0.458849
85 0.458918
85.1 0.458992
85.2 0.45905
85.3 0.459104
85.4 0.459116
85.5 0.459119
85.6 0.45914
85.7 0.459225
85.8 0.459286
85.9 0.45933
86 0.459388
86.1 0.459429
86.2 0.45951
86.3 0.459591
86.4 0.459666
86.5 0.45968
86.6 0.459713
86.7 0.45972
86.8 0.459785
86.9 0.459877
87 0.459954
87.1 0.459979
87.2 0.460028
87.3 0.460079
87.4 0.460134
87.5 0.460124
87.6 0.460099
87.7 0.460098
87.8 0.460093
87.9 0.460138
88 0.460163
88.1 0.460213
88.2 0.460238
88.3 0.460271
88.4 0.460279
88.5 0.46028
88.6 0.460315
88.7 0.460334
88.8 0.460314
88.9 0.460354
89 0.460374
89.1 0.460379
89.2 0.460404
89.3 0.460457
89.4 0.460482
89.5 0.460477
89.6 0.460484
89.7 0.460494
89.8 0.460511
89.9 0.460503
90 0.460503
90.1 0.460511
90.2 0.460532
90.3 0.460547
90.4 0.460574
90.5 0.460593
90.6 0.460636
90.7 0.460693
90.8 0.460718
90.9 0.460719
91 0.460706
91.1 0.460688
91.2 0.460673
91.3 0.46065
91.4 0.460635
91.5 0.460604
91.6 0.460594
91.7 0.460567
91.8 0.460584
91.9 0.46058
92 0.460574
92.1 0.460558
92.2 0.460582
92.3 0.460599
92.4 0.460621
92.5 0.460619
92.6 0.460637
92.7 0.46066
92.8 0.460667
92.9 0.460722
93 0.460724
93.1 0.460734
93.2 0.460755
93.3 0.460771
93.4 0.460808
93.5 0.460855
93.6 0.460859
93.7 0.460859
93.8 0.460875
93.9 0.460866
94 0.460859
94.1 0.460779
94.2 0.460757
94.3 0.460748
94.4 0.460743
94.5 0.460715
94.6 0.460731
94.7 0.460749
94.8 0.460742
94.9 0.460753
95 0.460788
95.1 0.460779
95.2 0.460812
95.3 0.460829
95.4 0.460829
95.5 0.460855
95.6 0.460834
95.7 0.460825
95.8 0.460829
95.9 0.460846
96 0.460859
96.1 0.460873
96.2 0.460837
96.3 0.460831
96.4 0.460813
96.5 0.460826
96.6 0.460857
96.7 0.460899
96.8 0.46092
96.9 0.460939
97 0.460946
97.1 0.460956
97.2 0.460986
97.3 0.461009
97.4 0.461014
97.5 0.461034
97.6 0.461026
97.7 0.461003
97.8 0.461002
97.9 0.460979
98 0.460973
98.1 0.460988
98.2 0.461012
98.3 0.461042
98.4 0.461087
98.5 0.461132
98.6 0.461147
98.7 0.461159
98.8 0.461171
98.9 0.461177
99 0.461179
99.1 0.461199
99.2 0.461229
99.3 0.461251
99.4 0.461259
99.5 0.46124
99.6 0.461219
99.7 0.461236
99.8 0.461248
99.9 0.461262
100 0.601975
