0 -3.78262
0.1 -3.80922
0.2 -3.86265
0.3 -3.80106
0.4 -3.81993
0.5 -3.84737
0.6 -3.84044
0.7 -3.78822
0.8 -3.82803
0.9 -3.81927
1 -3.82164
1.1 -3.84855
1.2 -3.86377
1.3 -3.86942
1.4 -3.82099
1.5 -3.83463
1.6 -3.84338
1.7 -3.81865
1.8 -3.82328
1.9 -3.79733
2 -3.87129
2.1 -3.82559
2.2 -3.87669
2.3 -3.85554
2.4 -3.85004
2.5 -3.84613
2.6 -3.85785
2.7 -3.86525
2.8 -3.84579
2.9 -3.82964
3 -3.87278
3.1 -3.8925
3.2 -3.83184
3.3 -3.85344
3.4 -3.87319
3.5 -3.8996
3.6 -3.88888
3.7 -3.87231
3.8 -3.88494
3.9 -3.86616
4 -3.87266
4.1 -3.8588
4.2 -3.89215
4.3 -3.86432
4.4 -3.88371
4.5 -3.9075
4.6 -3.92433
4.7 -3.91092
4.8 -3.93351
4.9 -3.92306
5 -3.88998
5.1 -3.89948
5.2 -3.88989
5.3 -3.84691
5.4 -3.90125
5.5 -3.87189
5.6 -3.8803
5.7 -3.91329
5.8 -3.83494
5.9 -3.82878
6 -3.88
6.1 -3.83165
6.2 -3.82747
6.3 -3.91453
6.4 -3.85909
6.5 -3.9435
6.6 -3.86445
6.7 -3.89053
6.8 -3.90822
6.9 -3.885
7 -3.92914
7.1 -3.9577
7.2 -3.93839
7.3 -3.94969
7.4 -3.91341
7.5 -3.89864
7.6 -3.92809
7.7 -3.97519
7.8 -3.93654
7.9 -3.95959
8 -3.89993
8.1 -3.88553
8.2 -3.89474
8.3 -3.92264
8.4 -3.90978
8.5 -3.91166
8.6 -3.90194
8.7 -3.86723
8.8 -3.934
8.9 -3.99213
9 -3.96417
9.1 -3.96793
9.2 -3.93491
9.3 -3.95043
9.4 -3.93137
9.5 -3.96995
9.6 -3.96511
9.7 -3.91005
9.8 -3.93494
9.9 -3.9833
10 -3.88565
10.1 -3.91199
10.2 -3.92438
10.3 -3.95869
10.4 -3.97041
10.5 -3.97101
10.6 -3.97091
10.7 -3.93749
10.8 -3.94457
10.9 -3.96651
11 -3.92133
11.1 -3.9274
11.2 -3.90416
11.3 -3.93252
11.4 -3.94813
11.5 -3.98023
11.6 -3.9189
11.7 -3.94754
11.8 -3.94593
11.9 -3.96203
12 -3.94374
12.1 -3.99446
12.2 -3.93493
12.3 -3.94458
12.4 -4.01552
12.5 -3.90967
12.6 -3.95771
12.7 -3.97173
12.8 -3.95425
12.9 -3.98896
13 -3.96677
13.1 -3.98325
13.2 -3.92229
13.3 -3.98843
13.4 -3.97516
13.5 -3.98788
13.6 -3.96893
13.7 -3.9873
13.8 -3.92977
13.9 -3.92464
14 -3.99404
14.1 -3.96977
14.2 -3.96672
14.3 -3.96837
14.4 -3.95716
14.5 -3.9897
14.6 -3.97165
14.7 -3.95915
14.8 -3.97115
14.9 -3.96008
15 -3.99106
15.1 -3.97109
15.2 -4.00323
15.3 -3.97754
15.4 -3.98148
15.5 -3.98654
15.6 -3.98467
15.7 -4.01352
15.8 -3.9561
15.9 -3.98072
16 -3.97664
16.1 -4.01228
16.2 -3.98157
16.3 -3.97674
16.4 -3.98571
16.5 -4.01176
16.6 -4.0292
16.7 -3.94223
16.8 -4.00098
16.9 -4.04174
17 -3.99187
17.1 -4.02851
17.2 -4.00344
17.3 -3.9875
17.4 -3.96439
17.5 -3.9946
17.6 -4.0091
17.7 -4.00194
17.8 -4.00184
17.9 -4.04785
18 -4.03012
18.1 -3.99663
18.2 -4.01253
18.3 -3.96807
18.4 -3.99048
18.5 -3.97074
18.6 -4.01731
18.7 -3.96874
18.8 -4.00592
18.9 -4.00027
19 -4.0254
19.1 -4.00968
19.2 -3.97238
19.3 -3.96085
19.4 -4.00095
19.5 -3.98908
19.6 -4.02605
19.7 -4.0389
19.8 -4.01917
19.9 -4.01204
20 -4.05459
20.1 -3.98815
20.2 -4.02676
20.3 -3.99211
20.4 -4.01928
20.5 -4.01152
20.6 -3.99724
20.7 -4.02922
20.8 -3.98306
20.9 -4.06326
21 -4.06443
21.1 -4.06927
21.2 -3.99414
21.3 -4.00992
21.4 -4.01349
21.5 -4.04914
21.6 -4.0138
21.7 -4.01363
21.8 -4.05688
21.9 -4.04822
22 -4.04033
22.1 -4.02693
22.2 -4.0641
22.3 -4.03968
22.4 -4.02576
22.5 -4.07787
22.6 -4.01156
22.7 -4.07319
22.8 -4.01871
22.9 -4.00754
23 -4.01919
23.1 -4.05409
23.2 -4.04001
23.3 -4.06219
23.4 -4.05225
23.5 -4.05108
23.6 -4.06281
23.7 -4.08242
23.8 -4.04755
23.9 -4.05174
24 -4.07167
24.1 -4.05205
24.2 -4.08291
24.3 -4.07793
24.4 -4.06325
24.5 -4.03045
24.6 -4.04427
24.7 -4.01191
24.8 -4.0702
24.9 -4.0275
25 -4.0991
25.1 -4.06874
25.2 -3.99928
25.3 -4.03428
25.4 -4.07677
25.5 -4.01495
25.6 -4.03222
25.7 -4.05414
25.8 -4.09083
25.9 -4.09978
26 -4.06565
26.1 -4.09159
26.2 -4.09581
26.3 -4.10642
26.4 -4.07559
26.5 -4.04848
26.6 -4.09104
26.7 -4.08471
26.8 -4.06695
26.9 -4.05269
27 -4.00211
27.1 -4.08025
27.2 -4.10509
27.3 -4.06119
27.4 -4.10955
27.5 -4.10394
27.6 -4.07918
27.7 -4.09517
27.8 -4.05937
27.9 -4.06513
28 -4.06605
28.1 -4.10038
28.2 -4.09187
28.3 -4.0606
28.4 -4.10129
28.5 -4.10782
28.6 -4.07293
28.7 -4.07347
28.8 -4.0921
28.9 -4.06024
29 -4.05206
29.1 -4.11047
29.2 -4.08621
29.3 -4.04487
29.4 -4.05344
29.5 -4.10655
29.6 -4.09496
29.7 -4.09346
29.8 -4.06574
29.9 -4.08367
30 -4.11151
30.1 -4.08943
30.2 -4.10848
30.3 -4.122
30.4 -4.1069
30.5 -4.07108
30.6 -4.07897
30.7 -4.08804
30.8 -4.07549
30.9 -4.09514
31 -4.1452
31.1 -4.07009
31.2 -4.05979
31.3 -4.11506
31.4 -4.07968
31.5 -4.12499
31.6 -4.11274
31.7 -4.15302
31.8 -4.13166
31.9 -4.06561
32 -4.05448
32.1 -4.11281
32.2 -4.15242
32.3 -4.12784
32.4 -4.14249
32.5 -4.10383
32.6 -4.09743
32.7 -4.13142
32.8 -4.0933
32.9 -4.08759
33 -4.12253
33.1 -4.11673
33.2 -4.15497
33.3 -4.10148
33.4 -4.15527
33.5 -4.14969
33.6 -4.16736
33.7 -4.16969
33.8 -4.18293
33.9 -4.11204
34 -4.13475
34.1 -4.15617
34.2 -4.13529
34.3 -4.13781
34.4 -4.17344
34.5 -4.17664
34.6 -4.14373
34.7 -4.10944
34.8 -4.18242
34.9 -4.17594
35 -4.12574
35.1 -4.15077
35.2 -4.16455
35.3 -4.1256
35.4 -4.15035
35.5 -4.19371
35.6 -4.13378
35.7 -4.14964
35.8 -4.19952
35.9 -4.18165
36 -4.1782
36.1 -4.20289
36.2 -4.17226
36.3 -4.16921
36.4 -4.16157
36.5 -4.18328
36.6 -4.19129
36.7 -4.18233
36.8 -4.10243
36.9 -4.10847
37 -4.17152
37.1 -4.16998
37.2 -4.17669
37.3 -4.15805
37.4 -4.15585
37.5 -4.18449
37.6 -4.17391
37.7 -4.17877
37.8 -4.17974
37.9 -4.21372
38 -4.15808
38.1 -4.19122
38.2 -4.17949
38.3 -4.20043
38.4 -4.19469
38.5 -4.20252
38.6 -4.24562
38.7 -4.2143
38.8 -4.17309
38.9 -4.23691
39 -4.24542
39.1 -4.2359
39.2 -4.22259
39.3 -4.19211
39.4 -4.21867
39.5 -4.17619
39.6 -4.19148
39.7 -4.22613
39.8 -4.21322
39.9 -4.2328
40 -4.19079
40.1 -4.22364
40.2 -4.26328
40.3 -4.23221
40.4 -4.23796
40.5 -4.24968
40.6 -4.24698
40.7 -4.2432
40.8 -4.22882
40.9 -4.24544
41 -4.2164
41.1 -4.27529
41.2 -4.24531
41.3 -4.2497
41.4 -4.2613
41.5 -4.22678
41.6 -4.19017
41.7 -4.28777
41.8 -4.24966
41.9 -4.24689
42 -4.23015
42.1 -4.23182
42.2 -4.25096
42.3 -4.21522
42.4 -4.22773
42.5 -4.25375
42.6 -4.27552
42.7 -4.28613
42.8 -4.25446
42.9 -4.2822
43 -4.29053
43.1 -4.22202
43.2 -4.26946
43.3 -4.24916
43.4 -4.2275
43.5 -4.27532
43.6 -4.24572
43.7 -4.25837
43.8 -4.23845
43.9 -4.20409
44 -4.26082
44.1 -4.23394
44.2 -4.26037
44.3 -4.26646
44.4 -4.21663
44.5 -4.22899
44.6 -4.22414
44.7 -4.24231
44.8 -4.28957
44.9 -4.23862
45 -4.19624
45.1 -4.22631
45.2 -4.28684
45.3 -4.28364
45.4 -4.26097
45.5 -4.26914
45.6 -4.24708
45.7 -4.25305
45.8 -4.31844
45.9 -4.28707
46 -4.31451
46.1 -4.29138
46.2 -4.2641
46.3 -4.24666
46.4 -4.23075
46.5 -4.27459
46.6 -4.24316
46.7 -4.29236
46.8 -4.24712
46.9 -4.32174
47 -4.24475
47.1 -4.21697
47.2 -4.28086
47.3 -4.25204
47.4 -4.24026
47.5 -4.29436
47.6 -4.24867
47.7 -4.2691
47.8 -4.23826
47.9 -4.26572
48 -4.27192
48.1 -4.22112
48.2 -4.22527
48.3 -4.25412
48.4 -4.2739
48.5 -4.224
48.6 -4.27953
48.7 -4.29631
48.8 -4.30297
48.9 -4.27817
49 -4.29586
49.1 -4.30349
49.2 -4.32611
49.3 -4.30604
49.4 -4.25718
49.5 -4.29719
49.6 -4.3143
49.7 -4.33701
49.8 -4.30557
49.9 -4.29048
50 -4.30068
50.1 -4.34794
50.2 -4.31696
50.3 -4.33717
50.4 -4.31138
50.5 -4.36282
50.6 -4.33512
50.7 -4.34978
50.8 -4.3324
50.9 -4.28528
51 -4.394
51.1 -4.36561
51.2 -4.3282
51.3 -4.35315
51.4 -4.37848
51.5 -4.34115
51.6 -4.41512
51.7 -4.39973
51.8 -4.39053
51.9 -4.42319
52 -4.38265
52.1 -4.34009
52.2 -4.3634
52.3 -4.38671
52.4 -4.40678
52.5 -4.40102
52.6 -4.4031
52.7 -4.37567
52.8 -4.39931
52.9 -4.41893
53 -4.40236
53.1 -4.41759
53.2 -4.3878
53.3 -4.4132
53.4 -4.37975
53.5 -4.4382
53.6 -4.45401
53.7 -4.43865
53.8 -4.43534
53.9 -4.42845
54 -4.40232
54.1 -4.43891
54.2 -4.42724
54.3 -4.41449
54.4 -4.46588
54.5 -4.42954
54.6 -4.4794
54.7 -4.4423
54.8 -4.42414
54.9 -4.47224
55 -4.47105
55.1 -4.46
55.2 -4.47414
55.3 -4.47494
55.4 -4.46338
55.5 -4.48934
55.6 -4.51903
55.7 -4.49272
55.8 -4.50561
55.9 -4.47702
56 -4.51557
56.1 -4.52743
56.2 -4.52007
56.3 -4.51374
56.4 -4.47406
56.5 -4.44768
56.6 -4.49793
56.7 -4.44458
56.8 -4.49056
56.9 -4.53595
57 -4.58158
57.1 -4.53808
57.2 -4.50055
57.3 -4.4984
57.4 -4.55076
57.5 -4.52219
57.6 -4.51647
57.7 -4.53364
57.8 -4.50969
57.9 -4.5242
58 -4.54317
58.1 -4.57795
58.2 -4.55968
58.3 -4.53496
58.4 -4.57046
58.5 -4.57816
58.6 -4.55721
58.7 -4.56762
58.8 -4.54289
58.9 -4.55526
59 -4.56103
59.1 -4.54466
59.2 -4.56384
59.3 -4.58965
59.4 -4.55761
59.5 -4.614
59.6 -4.54952
59.7 -4.6182
59.8 -4.56764
59.9 -4.58012
60 -4.58459
60.1 -4.6579
60.2 -4.60427
60.3 -4.66116
60.4 -4.59881
60.5 -4.60764
60.6 -4.60576
60.7 -4.60145
60.8 -4.57859
60.9 -4.62281
61 -4.61782
61.1 -4.58873
61.2 -4.61874
61.3 -4.60022
61.4 -4.6859
61.5 -4.65386
61.6 -4.61774
61.7 -4.5931
61.8 -4.61984
61.9 -4.62169
62 -4.67987
62.1 -4.67999
62.2 -4.64437
62.3 -4.65307
62.4 -4.64829
62.5 -4.62376
62.6 -4.64596
62.7 -4.57846
62.8 -4.67145
62.9 -4.64885
63 -4.64916
63.1 -4.66335
63.2 -4.65814
63.3 -4.64152
63.4 -4.67275
63.5 -4.62578
63.6 -4.59035
63.7 -4.6945
63.8 -4.62494
63.9 -4.65264
64 -4.65281
64.1 -4.6768
64.2 -4.6825
64.3 -4.70154
64.4 -4.69771
64.5 -4.70983
64.6 -4.70781
64.7 -4.66293
64.8 -4.66604
64.9 -4.66372
65 -4.68783
65.1 -4.64448
65.2 -4.68242
65.3 -4.69973
65.4 -4.693
65.5 -4.69626
65.6 -4.72301
65.7 -4.71719
65.8 -4.68267
65.9 -4.71662
66 -4.68225
66.1 -4.63611
66.2 -4.66365
66.3 -4.69112
66.4 -4.68376
66.5 -4.66355
66.6 -4.69421
66.7 -4.67966
66.8 -4.73089
66.9 -4.74328
67 -4.70337
67.1 -4.65533
67.2 -4.71437
67.3 -4.69633
67.4 -4.71782
67.5 -4.74171
67.6 -4.76268
67.7 -4.73391
67.8 -4.73846
67.9 -4.75547
68 -4.75866
68.1 -4.73016
68.2 -4.74366
68.3 -4.72122
68.4 -4.73856
68.5 -4.7635
68.6 -4.76564
68.7 -4.78717
68.8 -4.70463
68.9 -4.76175
69 -4.71923
69.1 -4.75339
69.2 -4.74971
69.3 -4.78389
69.4 -4.74115
69.5 -4.75906
69.6 -4.79207
69.7 -4.78054
69.8 -4.80024
69.9 -4.82046
70 -4.82101
70.1 -4.83546
70.2 -4.81178
70.3 -4.80402
70.4 -4.80652
70.5 -4.8577
70.6 -4.80586
70.7 -4.80808
70.8 -4.8506
70.9 -4.78299
71 -4.81735
71.1 -4.88029
71.2 -4.83047
71.3 -4.89492
71.4 -4.83596
71.5 -4.83439
71.6 -4.85879
71.7 -4.87431
71.8 -4.86468
71.9 -4.86045
72 -4.86323
72.1 -4.85401
72.2 -4.88244
72.3 -4.88083
72.4 -4.90254
72.5 -4.89711
72.6 -4.88985
72.7 -4.88261
72.8 -4.928
72.9 -4.93261
73 -4.93207
73.1 -4.95272
73.2 -4.92762
73.3 -4.94458
73.4 -4.97383
73.5 -4.9721
73.6 -4.99007
73.7 -4.99982
73.8 -4.97986
73.9 -4.96957
74 -4.91558
74.1 -4.97839
74.2 -4.95339
74.3 -4.96515
74.4 -4.97513
74.5 -5.00306
74.6 -4.99831
74.7 -5.02969
74.8 -4.98479
74.9 -5.03698
75 -5.01933
75.1 -5.01322
75.2 -5.00265
75.3 -5.04965
75.4 -5.09389
75.5 -5.08729
75.6 -5.08577
75.7 -5.10117
75.8 -5.10311
75.9 -5.07678
76 -5.09836
76.1 -5.07675
76.2 -5.13412
76.3 -5.08887
76.4 -5.1352
76.5 -5.07588
76.6 -5.08534
76.7 -5.08995
76.8 -5.08636
76.9 -5.10311
77 -5.12382
77.1 -5.16871
77.2 -5.14852
77.3 -5.11663
77.4 -5.11054
77.5 -5.13533
77.6 -5.14447
77.7 -5.1283
77.8 -5.15287
77.9 -5.1593
78 -5.16824
78.1 -5.20635
78.2 -5.19775
78.3 -5.19077
78.4 -5.22676
78.5 -5.18666
78.6 -5.17195
78.7 -5.20215
78.8 -5.26337
78.9 -5.22605
79 -5.25626
79.1 -5.27325
79.2 -5.22886
79.3 -5.23052
79.4 -5.25698
79.5 -5.22668
79.6 -5.30384
79.7 -5.28301
79.8 -5.30748
79.9 -5.31397
80 -5.30514
80.1 -5.27334
80.2 -5.26412
80.3 -5.34676
80.4 -5.36647
80.5 -5.34181
80.6 -5.34619
80.7 -5.35668
80.8 -5.35956
80.9 -5.38087
81 -5.342
81.1 -5.41082
81.2 -5.40464
81.3 -5.4186
81.4 -5.36266
81.5 -5.46385
81.6 -5.43721
81.7 -5.46072
81.8 -5.46713
81.9 -5.46385
82 -5.44921
82.1 -5.43582
82.2 -5.44177
82.3 -5.47815
82.4 -5.50479
82.5 -5.5368
82.6 -5.50363
82.7 -5.52175
82.8 -5.50857
82.9 -5.53815
83 -5.5581
83.1 -5.61076
83.2 -5.52172
83.3 -5.55567
83.4 -5.61936
83.5 -5.60803
83.6 -5.60691
83.7 -5.64947
83.8 -5.60261
83.9 -5.60266
84 -5.63245
84.1 -5.6482
84.2 -5.651
84.3 -5.65396
84.4 -5.6582
84.5 -5.68661
84.6 -5.67472
84.7 -5.68549
84.8 -5.66012
84.9 -5.72622
85 -5.76239
85.1 -5.72964
85.2 -5.77044
85.3 -5.79597
85.4 -5.77907
85.5 -5.72234
85.6 -5.77822
85.7 -5.76642
85.8 -5.78861
85.9 -5.78209
86 -5.76258
86.1 -5.79968
86.2 -5.83978
86.3 -5.81663
86.4 -5.76752
86.5 -5.78205
86.6 -5.82061
86.7 -5.87002
86.8 -5.87169
86.9 -5.84978
87 -5.88956
87.1 -5.92571
87.2 -5.89029
87.3 -5.91573
87.4 -5.87538
87.5 -5.91777
87.6 -5.89794
87.7 -5.90182
87.8 -5.91288
87.9 -5.90605
88 -5.91452
88.1 -5.91821
88.2 -5.96717
88.3 -5.96733
88.4 -6.00977
88.5 -5.97052
88.6 -5.9699
88.7 -5.98875
88.8 -5.97171
88.9 -6.01438
89 -6.03321
89.1 -6.02705
89.2 -6.00539
89.3 -6.04025
89.4 -6.07048
89.5 -6.03806
89.6 -6.10829
89.7 -6.03634
89.8 -6.06097
89.9 -6.09662
90 -6.12642
90.1 -6.13744
90.2 -6.12393
90.3 -6.14434
90.4 -6.11036
90.5 -6.07004
90.6 -6.10152
90.7 -6.09364
90.8 -6.16019
90.9 -6.09873
91 -6.1627
91.1 -6.15997
91.2 -6.15914
91.3 -6.18692
91.4 -6.19763
91.5 -6.13676
91.6 -6.17949
91.7 -6.15078
91.8 -6.19868
91.9 -6.22457
92 -6.2174
92.1 -6.2043
92.2 -6.21957
92.3 -6.25774
92.4 -6.23413
92.5 -6.24115
92.6 -6.24099
92.7 -6.24449
92.8 -6.26647
92.9 -6.24277
93 -6.23962
93.1 -6.28749
93.2 -6.26311
93.3 -6.2981
93.4 -6.21555
93.5 -6.26634
93.6 -6.28561
93.7 -6.31742
93.8 -6.33934
93.9 -6.27205
94 -6.35296
94.1 -6.27574
94.2 -6.29773
94.3 -6.31097
94.4 -6.32055
94.5 -6.33891
94.6 -6.26988
94.7 -6.3448
94.8 -6.31559
94.9 -6.32975
95 -6.3258
95.1 -6.32099
95.2 -6.38056
95.3 -6.31204
95.4 -6.378
95.5 -6.30002
95.6 -6.35532
95.7 -6.36554
95.8 -6.33177
95.9 -6.35208
96 -6.35604
96.1 -6.35197
96.2 -6.34208
96.3 -6.3832
96.4 -6.29729
96.5 -6.39945
96.6 -6.34118
96.7 -6.36864
96.8 -6.33252
96.9 -6.317
97 -6.38319
97.1 -6.38527
97.2 -6.34567
97.3 -6.38769
97.4 -6.40049
97.5 -6.41617
97.6 -6.40674
97.7 -6.41112
97.8 -6.44795
97.9 -6.43122
98 -6.44421
98.1 -6.50889
98.2 -6.42438
98.3 -6.43353
98.4 -6.43726
98.5 -6.47328
98.6 -6.42923
98.7 -6.41614
98.8 -6.42873
98.9 -6.44862
99 -6.48456
99.1 -6.50635
99.2 -6.47318
99.3 -6.55489
99.4 -6.52984
99.5 -6.5479
99.6 -6.46739
99.7 -6.51248
99.8 -6.52833
99.9 -6.53788
100 -4.54547
