0 0.890814
0.1 0.844158
0.2 0.962112
0.3 0.745624
0.4 1.19147
0.5 0.937881
0.6 1.06827
0.7 0.987499
0.8 1.07515
0.9 0.892938
1 0.962953
1.1 0.810349
1.2 0.781826
1.3 0.372852
1.4 0.825096
1.5 0.887854
1.6 0.568004
1.7 1.03648
1.8 0.800929
1.9 0.713994
2 0.664845
2.1 0.984024
2.2 0.781151
2.3 0.82807
2.4 0.788857
2.5 0.976912
2.6 0.747906
2.7 0.547949
2.8 0.749177
2.9 0.919475
3 0.665805
3.1 1.04857
3.2 1.05381
3.3 0.954027
3.4 0.964374
3.5 0.560781
3.6 0.913989
3.7 0.869712
3.8 1.20267
3.9 0.78887
4 0.799694
4.1 0.620323
4.2 0.874693
4.3 1.03596
4.4 0.94968
4.5 0.87026
4.6 0.774254
4.7 0.717809
4.8 0.663869
4.9 1.07825
5 0.993552
5.1 0.921955
5.2 1.08577
5.3 1.03071
5.4 0.844436
5.5 0.991287
5.6 0.835587
5.7 0.273459
5.8 0.741782
5.9 0.560304
6 0.580656
6.1 0.933078
6.2 0.935665
6.3 0.848823
6.4 0.831572
6.5 0.870459
6.6 1.11729
6.7 1.08121
6.8 0.42124
6.9 0.686884
7 0.415215
7.1 0.794195
7.2 1.04161
7.3 0.988792
7.4 0.968383
7.5 0.950983
7.6 0.901506
7.7 0.89258
7.8 0.977311
7.9 0.95599
8 0.9561
8.1 1.17816
8.2 1.00292
8.3 0.86582
8.4 0.98585
8.5 0.964756
8.6 0.684223
8.7 0.949023
8.8 0.513434
8.9 0.966263
9 1.12177
9.1 0.814107
9.2 0.753258
9.3 1.11077
9.4 0.857126
9.5 1.09554
9.6 0.999283
9.7 0.956795
9.8 0.949963
9.9 0.640782
10 0.760919
10.1 0.66626
10.2 0.789881
10.3 1.06493
10.4 0.364509
10.5 -0.66008
10.6 -1.05036
10.7 -1.08518
10.8 -0.620157
10.9 -0.646752
11 -0.725306
11.1 -0.721482
11.2 -0.621917
11.3 -0.844139
11.4 -1.05798
11.5 -1.15314
11.6 -0.834049
11.7 -0.637879
11.8 -1.00397
11.9 -1.13467
12 -0.864937
12.1 -0.717194
12.2 -1.01663
12.3 -0.757274
12.4 -1.16004
12.5 -1.02103
12.6 -0.817941
12.7 -0.937647
12.8 -1.00517
12.9 -0.921379
13 -0.743432
13.1 -0.896584
13.2 -0.812975
13.3 -1.22026
13.4 -0.840744
13.5 -0.627316
13.6 -0.991462
13.7 -0.899749
13.8 -0.680712
13.9 -1.03296
14 -0.935835
14.1 -1.01627
14.2 -1.16589
14.3 -1.13988
14.4 -0.74709
14.5 -0.235945
14.6 -0.151018
14.7 0.684752
14.8 0.65678
14.9 0.713714
15 1.09884
15.1 0.923913
15.2 1.00387
15.3 1.06739
15.4 0.880296
15.5 1.17021
15.6 0.880659
15.7 0.973178
15.8 0.961997
15.9 1.01056
16 0.958868
16.1 0.693448
16.2 0.845363
16.3 0.782435
16.4 0.845369
16.5 0.568021
16.6 0.968643
16.7 0.697995
16.8 0.647357
16.9 0.572778
17 0.854639
17.1 0.79694
17.2 1.22899
17.3 1.02228
17.4 0.998905
17.5 1.01797
17.6 1.04453
17.7 0.877878
17.8 0.794952
17.9 0.814036
18 0.986863
18.1 0.777959
18.2 0.631679
18.3 0.968226
18.4 0.628996
18.5 1.09842
18.6 1.09651
18.7 0.470176
18.8 0.547917
18.9 0.988614
19 1.22818
19.1 0.748635
19.2 0.970715
19.3 0.960962
19.4 0.964297
19.5 1.09862
19.6 0.988792
19.7 0.936372
19.8 0.756529
19.9 1.06489
20 0.808212
20.1 0.842589
20.2 0.247625
20.3 0.807059
20.4 0.684429
20.5 1.02546
20.6 0.808662
20.7 0.894045
20.8 0.991695
20.9 0.966019
21 0.774237
21.1 0.962234
21.2 0.942365
21.3 1.17677
21.4 0.900474
21.5 0.753753
21.6 1.02778
21.7 0.81656
21.8 0.996143
21.9 0.998308
22 1.04162
22.1 0.754954
22.2 0.868807
22.3 0.900483
22.4 0.940411
22.5 0.952252
22.6 1.04575
22.7 0.980479
22.8 0.927192
22.9 0.932216
23 1.17545
23.1 0.848722
23.2 0.832144
23.3 1.19973
23.4 0.874511
23.5 1.00775
23.6 0.591708
23.7 1.03766
23.8 1.14324
23.9 1.09729
24 0.315182
24.1 1.03621
24.2 1.13981
24.3 1.06445
24.4 0.796945
24.5 0.789509
24.6 0.718703
24.7 0.837008
24.8 0.947205
24.9 0.833503
25 0.937624
25.1 0.640986
25.2 1.1493
25.3 1.01328
25.4 1.05712
25.5 1.04955
25.6 1.11502
25.7 1.10369
25.8 0.159345
25.9 1.19972
26 0.877592
26.1 0.818837
26.2 0.371742
26.3 0.686503
26.4 0.846545
26.5 0.879759
26.6 1.08697
26.7 0.917859
26.8 1.07851
26.9 0.901388
27 0.739724
27.1 1.02499
27.2 1.06577
27.3 1.12626
27.4 0.474934
27.5 0.226726
27.6 -0.789299
27.7 -1.13887
27.8 -1.09309
27.9 -0.917475
28 -0.900787
28.1 -1.10772
28.2 -1.17771
28.3 -1.09288
28.4 -0.793071
28.5 -1.17944
28.6 -0.742519
28.7 -1.13549
28.8 -1.21238
28.9 -1.02773
29 -1.00679
29.1 -1.05782
29.2 -1.15336
29.3 -1.10859
29.4 -0.87433
29.5 -1.13901
29.6 -0.806684
29.7 -0.971206
29.8 -0.843296
29.9 -0.842534
30 -0.851697
30.1 -0.810184
30.2 -0.991938
30.3 -0.989935
30.4 -0.844009
30.5 -0.728252
30.6 -1.0091
30.7 -0.759746
30.8 -0.960869
30.9 -1.0458
31 -0.709449
31.1 -1.03396
31.2 -0.846931
31.3 -0.856911
31.4 -1.10366
31.5 -1.06906
31.6 -0.696276
31.7 -1.01601
31.8 -0.930544
31.9 -1.02972
32 -1.05218
32.1 -0.937235
32.2 -0.846801
32.3 -0.837546
32.4 -0.850197
32.5 -0.42211
32.6 -0.951326
32.7 -0.972324
32.8 -1.21037
32.9 -1.07588
33 -0.862329
33.1 -1.08186
33.2 -0.895196
33.3 -0.975646
33.4 -1.06809
33.5 -0.971536
33.6 -0.93308
33.7 -1.02891
33.8 -0.745232
33.9 -0.849185
34 -1.06592
34.1 -0.885227
34.2 -0.999845
34.3 -1.18532
34.4 -1.03728
34.5 -1.16088
34.6 -1.12674
34.7 -0.695424
34.8 -0.951105
34.9 -1.07755
35 -1.0358
35.1 -0.996826
35.2 -0.717842
35.3 -1.1558
35.4 -1.05118
35.5 -0.830676
35.6 -0.860445
35.7 -1.01907
35.8 -0.747686
35.9 -1.09136
36 -1.01068
36.1 -0.803326
36.2 -1.14679
36.3 -0.970586
36.4 -0.826344
36.5 -0.940798
36.6 -1.33118
36.7 -0.981001
36.8 -0.841153
36.9 -0.838899
37 -0.985062
37.1 -0.823834
37.2 -0.828007
37.3 -0.538575
37.4 -1.10539
37.5 -0.656939
37.6 -0.647937
37.7 -0.930688
37.8 -0.966093
37.9 -0.675489
38 -0.487585
38.1 -0.93938
38.2 -0.856871
38.3 -1.12704
38.4 -0.768799
38.5 -0.936211
38.6 -1.17743
38.7 -1.22599
38.8 -0.541904
38.9 -0.915192
39 -0.991077
39.1 -0.700484
39.2 -1.15025
39.3 -0.653314
39.4 -0.929144
39.5 -0.855269
39.6 -0.774168
39.7 -0.877037
39.8 -1.22791
39.9 -0.852255
40 -0.592135
40.1 -1.07928
40.2 -0.861788
40.3 -1.14809
40.4 -0.608772
40.5 -0.817282
40.6 -0.935474
40.7 -0.585
40.8 -0.852965
40.9 -0.992461
41 -0.980402
41.1 -1.05762
41.2 -1.22382
41.3 -0.546374
41.4 -0.830865
41.5 -1.06209
41.6 -0.925091
41.7 -0.777503
41.8 -0.9562
41.9 -1.01668
42 -1.37319
42.1 -1.16201
42.2 -0.665621
42.3 -0.661046
42.4 -0.956075
42.5 -0.785984
42.6 -0.954025
42.7 -1.00998
42.8 -0.954211
42.9 -0.842621
43 -0.894574
43.1 -1.10034
43.2 -0.99725
43.3 -0.98137
43.4 -1.13595
43.5 -0.928835
43.6 -1.07769
43.7 -0.892855
43.8 -0.630355
43.9 -1.16738
44 -1.16167
44.1 -1.10981
44.2 -0.99084
44.3 -1.00873
44.4 -1.05218
44.5 -0.896319
44.6 -0.755151
44.7 -1.12736
44.8 -0.790307
44.9 -0.780842
45 -0.902903
45.1 -0.902073
45.2 -0.999636
45.3 -0.945406
45.4 -0.966875
45.5 -0.980812
45.6 -0.912767
45.7 -0.982154
45.8 -0.554416
45.9 -1.09119
46 -0.997445
46.1 -0.740418
46.2 -0.895978
46.3 -1.01352
46.4 -0.350622
46.5 -0.756588
46.6 -1.0161
46.7 -0.937471
46.8 -0.786801
46.9 -0.875056
47 -0.816874
47.1 -0.929662
47.2 -0.707534
47.3 -1.18513
47.4 -0.791734
47.5 -1.00757
47.6 -1.06126
47.7 -0.930977
47.8 -1.02992
47.9 -0.886428
48 -0.757769
48.1 -0.923834
48.2 -1.1084
48.3 -0.680096
48.4 -0.855387
48.5 -0.971459
48.6 -0.933652
48.7 -0.674555
48.8 -0.842366
48.9 -0.837096
49 -0.95012
49.1 -1.07674
49.2 -0.836067
49.3 -0.961434
49.4 -1.02357
49.5 -0.8653
49.6 -1.06139
49.7 -1.03561
49.8 -1.01151
49.9 -0.87742
50 -0.740858
50.1 -0.507786
50.2 -0.806247
50.3 -1.07898
50.4 -0.94778
50.5 -1.04941
50.6 -1.22431
50.7 -1.16608
50.8 -0.680054
50.9 -1.01149
51 -0.992898
51.1 -1.00267
51.2 -0.44245
51.3 -1.17726
51.4 -1.03365
51.5 -1.0143
51.6 -1.14906
51.7 -1.1107
51.8 -1.01053
51.9 -0.940927
52 -0.951955
52.1 -1.0812
52.2 -0.895982
52.3 -1.18547
52.4 -0.605789
52.5 -0.851414
52.6 -0.955264
52.7 -0.834985
52.8 -1.01195
52.9 -1.18541
53 -0.853928
53.1 -1.00157
53.2 -1.00076
53.3 -0.926665
53.4 -0.679573
53.5 -0.927098
53.6 -1.19159
53.7 -0.988105
53.8 -1.00586
53.9 -1.04434
54 -1.25164
54.1 -0.720631
54.2 -0.268633
54.3 -0.402584
54.4 -1.03985
54.5 -0.82667
54.6 -1.03765
54.7 -1.01865
54.8 -1.12036
54.9 -0.825457
55 -1.03661
55.1 -0.539486
55.2 -0.963852
55.3 -0.980996
55.4 -0.85086
55.5 -1.12419
55.6 -0.878322
55.7 -0.812686
55.8 -0.932524
55.9 -1.30093
56 -1.13879
56.1 -1.03555
56.2 -0.73674
56.3 -0.887901
56.4 -0.89239
56.5 -1.14307
56.6 -1.05463
56.7 -1.13054
56.8 -0.849199
56.9 -1.0159
57 -1.08223
57.1 -0.798738
57.2 -1.11221
57.3 -0.807458
57.4 -1.11325
57.5 -0.842068
57.6 -0.904124
57.7 -1.06498
57.8 -0.953936
57.9 -0.929966
58 -1.17207
58.1 -0.751735
58.2 -1.12242
58.3 -1.06423
58.4 -0.601828
58.5 -0.692879
58.6 -0.921737
58.7 -0.827926
58.8 -0.637725
58.9 -0.830335
59 -1.07361
59.1 -0.696915
59.2 -1.27819
59.3 -0.955499
59.4 -0.993888
59.5 -0.993095
59.6 -0.666499
59.7 -0.889406
59.8 -1.08417
59.9 -1.02423
60 -1.01314
60.1 -0.873463
60.2 -0.845271
60.3 -1.22814
60.4 -1.12337
60.5 -0.80106
60.6 -0.86145
60.7 -1.16481
60.8 -0.871741
60.9 -0.433859
61 -0.924738
61.1 -0.978648
61.2 -0.796101
61.3 -1.13148
61.4 -0.871002
61.5 -0.913874
61.6 -0.96235
61.7 -0.839482
61.8 -0.993351
61.9 -0.88903
62 -0.964074
62.1 -0.837948
62.2 -0.9819
62.3 -0.910295
62.4 -1.1444
62.5 -0.966914
62.6 -0.827691
62.7 -1.02934
62.8 -1.04665
62.9 -1.04936
63 -0.905482
63.1 -1.08041
63.2 -1.12899
63.3 -1.01718
63.4 -0.818116
63.5 -0.846288
63.6 -0.993594
63.7 -0.972043
63.8 -1.04594
63.9 -1.07738
64 -0.672018
64.1 -0.913325
64.2 -0.672369
64.3 -0.785165
64.4 0.290427
64.5 0.620134
64.6 0.560985
64.7 0.776081
64.8 0.706285
64.9 0.687032
65 1.09304
65.1 1.10981
65.2 0.915724
65.3 0.986153
65.4 1.09837
65.5 0.803503
65.6 0.934987
65.7 1.0125
65.8 1.04557
65.9 0.992447
66 0.877414
66.1 0.183147
66.2 0.712223
66.3 0.788151
66.4 1.03394
66.5 0.919722
66.6 0.945385
66.7 0.933681
66.8 1.0254
66.9 0.59167
67 1.05643
67.1 0.776648
67.2 0.969671
67.3 0.945295
67.4 0.9206
67.5 0.971784
67.6 0.895179
67.7 0.945417
67.8 0.629275
67.9 0.47066
68 0.295046
68.1 0.859255
68.2 0.606398
68.3 0.939562
68.4 0.829021
68.5 0.800634
68.6 1.07928
68.7 1.06258
68.8 0.880369
68.9 0.94618
69 0.929398
69.1 0.901436
69.2 0.829174
69.3 0.76961
69.4 0.673376
69.5 0.649209
69.6 0.898941
69.7 0.757879
69.8 0.816601
69.9 0.977537
70 0.866619
70.1 0.998432
70.2 0.83054
70.3 1.0631
70.4 1.21955
70.5 0.913179
70.6 1.08708
70.7 0.850261
70.8 0.878577
70.9 1.12052
71 0.625983
71.1 0.894183
71.2 0.843437
71.3 0.449387
71.4 -0.398832
71.5 -1.07126
71.6 -0.67023
71.7 -1.01776
71.8 -0.970606
71.9 -0.732196
72 -1.12906
72.1 -1.12126
72.2 -0.925853
72.3 -1.07644
72.4 -1.07989
72.5 -0.933406
72.6 -0.650748
72.7 -0.983431
72.8 -0.818655
72.9 -1.05591
73 -0.955143
73.1 -1.06625
73.2 -1.08411
73.3 -0.762008
73.4 -0.976764
73.5 -0.947077
73.6 -0.869993
73.7 -1.10037
73.8 -0.883022
73.9 -0.793418
74 -0.995307
74.1 -1.19515
74.2 -1.1455
74.3 -0.896833
74.4 -0.961197
74.5 -0.760167
74.6 -1.04781
74.7 -0.92762
74.8 -0.906968
74.9 -0.776844
75 -0.808799
75.1 -0.855555
75.2 -0.974099
75.3 -1.03089
75.4 -0.91025
75.5 -0.880383
75.6 -0.893549
75.7 -1.12958
75.8 -0.726486
75.9 -0.697576
76 -0.705761
76.1 -0.955221
76.2 -1.06926
76.3 -0.862984
76.4 -0.863007
76.5 -0.873126
76.6 -1.13404
76.7 -0.635516
76.8 -0.872764
76.9 -1.05677
77 -1.09207
77.1 -0.834595
77.2 -0.63614
77.3 -0.336857
77.4 -1.11086
77.5 -1.16651
77.6 -0.979952
77.7 -0.855163
77.8 -0.810851
77.9 -1.18535
78 -1.02877
78.1 -0.593814
78.2 -1.04076
78.3 -0.988252
78.4 -1.19491
78.5 -0.979156
78.6 -0.951242
78.7 -0.967281
78.8 -0.996777
78.9 -0.957492
79 -1.02392
79.1 -0.803624
79.2 -0.966011
79.3 -0.746981
79.4 -1.18902
79.5 -1.04543
79.6 -0.740148
79.7 -0.578174
79.8 -0.788695
79.9 -0.789734
80 -1.05032
80.1 -0.965285
80.2 -0.90079
80.3 -0.943097
80.4 -0.839785
80.5 -1.07224
80.6 -0.753625
80.7 -1.07652
80.8 -0.919734
80.9 -0.696325
81 -1.00437
81.1 -0.695405
81.2 -1.07524
81.3 -0.855383
81.4 -1.14803
81.5 -0.575346
81.6 -1.12008
81.7 -0.842566
81.8 -0.915316
81.9 -0.801248
82 -0.930865
82.1 -0.980418
82.2 -0.877848
82.3 -1.06111
82.4 -1.09055
82.5 -0.763606
82.6 -0.731628
82.7 -1.18845
82.8 -1.18464
82.9 -0.715455
83 -1.09255
83.1 -0.711621
83.2 -0.790887
83.3 -0.788234
83.4 -1.00173
83.5 -0.889628
83.6 -0.670009
83.7 -0.863212
83.8 -0.646497
83.9 -0.950636
84 -0.939988
84.1 -1.0591
84.2 -0.785212
84.3 -1.08924
84.4 -0.520075
84.5 -1.00302
84.6 -0.244343
84.7 -1.03638
84.8 -0.834763
84.9 -0.542343
85 -0.290107
85.1 -0.929748
85.2 -0.96626
85.3 -1.15542
85.4 -0.928017
85.5 -1.28269
85.6 -1.17935
85.7 -0.918314
85.8 -1.16942
85.9 -0.949191
86 -0.99744
86.1 -0.684788
86.2 -0.63217
86.3 -1.2978
86.4 -0.945106
86.5 -1.06888
86.6 -1.05765
86.7 -1.09867
86.8 -0.602438
86.9 -0.567984
87 -0.674713
87.1 -0.831975
87.2 -1.0183
87.3 -1.09037
87.4 -1.17576
87.5 -0.775965
87.6 -1.05494
87.7 -0.957764
87.8 -0.810671
87.9 -0.937321
88 -0.815614
88.1 -0.956695
88.2 -0.854213
88.3 -0.892502
88.4 -1.06386
88.5 -1.13738
88.6 -0.772662
88.7 -0.79614
88.8 -0.979993
88.9 -0.893631
89 -0.718018
89.1 -1.00317
89.2 -0.827325
89.3 -0.649664
89.4 -1.04834
89.5 -0.756305
89.6 -1.1964
89.7 -1.07766
89.8 -0.978268
89.9 -1.20154
90 -1.0248
90.1 -0.975462
90.2 -1.05284
90.3 -0.876087
90.4 -0.937335
90.5 -0.996867
90.6 -1.01042
90.7 -0.980159
90.8 -0.789872
90.9 -1.12227
91 -0.949012
91.1 -0.698209
91.2 -0.968548
91.3 -1.1206
91.4 -0.962915
91.5 -0.897452
91.6 -1.08228
91.7 -1.18301
91.8 -0.791248
91.9 -0.720413
92 -1.068
92.1 -0.852904
92.2 -1.06726
92.3 -0.991933
92.4 -1.06987
92.5 -0.943836
92.6 -0.953719
92.7 -0.761322
92.8 -0.949988
92.9 -0.779016
93 -0.912961
93.1 -0.633759
93.2 -0.740808
93.3 -0.782499
93.4 -1.1095
93.5 -1.10962
93.6 -0.637226
93.7 -1.1579
93.8 -1.16216
93.9 -0.83303
94 -1.14014
94.1 -1.01578
94.2 -1.07266
94.3 -0.880151
94.4 -0.619865
94.5 -1.15633
94.6 -1.1184
94.7 -1.25214
94.8 -1.1994
94.9 -0.907926
95 -0.820298
95.1 -0.907088
95.2 -1.01237
95.3 -0.647733
95.4 -1.2072
95.5 -1.20889
95.6 -0.891888
95.7 -1.05183
95.8 -0.802544
95.9 -0.890183
96 -0.836227
96.1 -0.948281
96.2 -0.750045
96.3 -0.95911
96.4 -0.971962
96.5 -0.905425
96.6 -0.744303
96.7 -1.17476
96.8 -0.787997
96.9 -0.642382
97 -0.870918
97.1 -0.958159
97.2 -0.981443
97.3 -1.0293
97.4 -0.948799
97.5 -1.13958
97.6 -0.568261
97.7 -1.03895
97.8 -1.06862
97.9 -0.979655
98 -0.956493
98.1 -1.01378
98.2 -0.979055
98.3 -1.1193
98.4 -0.689251
98.5 -1.32022
98.6 -0.622803
98.7 -1.10792
98.8 -0.776887
98.9 -0.778829
99 -1.16923
99.1 -0.864174
99.2 -1.0267
99.3 -0.667827
99.4 -1.01268
99.5 -0.870307
99.6 -0.787142
99.7 -0.577255
99.8 -1.05017
99.9 -0.966058
100 -0.99796
100.001 -1.00417
