18.5005 0.000451045
18.503 0.000498413
18.5055 0.000550341
18.508 0.000607221
18.5105 0.000669477
18.513 0.000737565
18.5155 0.000811974
18.518 0.000893227
18.5205 0.000981885
18.523 0.00107855
18.5255 0.00118386
18.528 0.00129851
18.5305 0.00142323
18.533 0.0015588
18.5355 0.00170605
18.538 0.00186587
18.5405 0.0020392
18.543 0.00222705
18.5455 0.00243048
18.548 0.00265062
18.5505 0.00288866
18.553 0.00314587
18.5555 0.00342359
18.558 0.00372324
18.5605 0.00404632
18.563 0.0043944
18.5655 0.00476914
18.568 0.0051723
18.5705 0.00560573
18.573 0.00607135
18.5755 0.00657121
18.578 0.00710744
18.5805 0.00768228
18.583 0.00829807
18.5855 0.00895727
18.588 0.00966244
18.5905 0.0104163
18.593 0.0112215
18.5955 0.0120811
18.598 0.0129982
18.6006 0.0139757
18.6031 0.0150171
18.6056 0.0161257
18.6081 0.0173051
18.6106 0.018559
18.6131 0.019891
18.6156 0.0213052
18.6181 0.0228056
18.6206 0.0243964
18.6231 0.0260819
18.6256 0.0278666
18.6281 0.0297549
18.6306 0.0317517
18.6331 0.0338618
18.6356 0.03609
18.6381 0.0384416
18.6406 0.0409216
18.6431 0.0435353
18.6456 0.0462883
18.6481 0.049186
18.6506 0.0522341
18.6531 0.0554383
18.6556 0.0588045
18.6581 0.0623385
18.6606 0.0660463
18.6631 0.069934
18.6656 0.0740078
18.6681 0.0782739
18.6706 0.0827384
18.6731 0.0874078
18.6756 0.0922882
18.6781 0.0973861
18.6806 0.102708
18.6831 0.10826
18.6856 0.114048
18.6881 0.120079
18.6906 0.12636
18.6931 0.132896
18.6956 0.139693
18.6981 0.146759
18.7006 0.154098
18.7031 0.161717
18.7056 0.169621
18.7081 0.177817
18.7106 0.18631
18.7131 0.195105
18.7156 0.204208
18.7181 0.213623
18.7206 0.223356
18.7231 0.233412
18.7256 0.243794
18.7281 0.254507
18.7306 0.265554
18.7331 0.276941
18.7356 0.288669
18.7381 0.300742
18.7406 0.313163
18.7431 0.325934
18.7456 0.339058
18.7481 0.352536
18.7506 0.366369
18.7531 0.380559
18.7556 0.395106
18.7581 0.41001
18.7606 0.425272
18.7631 0.44089
18.7656 0.456864
18.7681 0.473191
18.7706 0.489871
18.7731 0.5069
18.7756 0.524277
18.7781 0.541996
18.7806 0.560056
18.7831 0.578451
18.7856 0.597176
18.7881 0.616227
18.7906 0.635597
18.7931 0.655281
18.7956 0.675271
18.7981 0.695561
18.8007 0.716143
18.8032 0.737009
18.8057 0.758149
18.8082 0.779555
18.8107 0.801218
18.8132 0.823127
18.8157 0.845272
18.8182 0.867642
18.8207 0.890225
18.8232 0.91301
18.8257 0.935984
18.8282 0.959136
18.8307 0.982451
18.8332 1.00592
18.8357 1.02952
18.8382 1.05325
18.8407 1.07708
18.8432 1.10101
18.8457 1.12502
18.8482 1.14909
18.8507 1.17321
18.8532 1.19737
18.8557 1.22154
18.8582 1.24571
18.8607 1.26986
18.8632 1.29399
18.8657 1.31807
18.8682 1.34208
18.8707 1.36601
18.8732 1.38984
18.8757 1.41356
18.8782 1.43714
18.8807 1.46058
18.8832 1.48385
18.8857 1.50695
18.8882 1.52984
18.8907 1.55252
18.8932 1.57497
18.8957 1.59717
18.8982 1.61911
18.9007 1.64077
18.9032 1.66213
18.9057 1.68319
18.9082 1.70392
18.9107 1.72431
18.9132 1.74435
18.9157 1.76402
18.9182 1.78331
18.9207 1.8022
18.9232 1.82068
18.9257 1.83875
18.9282 1.85638
18.9307 1.87356
18.9332 1.89029
18.9357 1.90655
18.9382 1.92233
18.9407 1.93762
18.9432 1.95242
18.9457 1.96671
18.9482 1.98048
18.9507 1.99372
18.9532 2.00644
18.9557 2.01862
18.9582 2.03025
18.9607 2.04133
18.9632 2.05185
18.9657 2.06181
18.9682 2.0712
18.9707 2.08002
18.9732 2.08827
18.9757 2.09594
18.9782 2.10304
18.9807 2.10955
18.9832 2.11548
18.9857 2.12082
18.9882 2.12558
18.9907 2.12976
18.9932 2.13336
18.9957 2.13637
18.9982 2.13881
19.0008 2.14066
19.0033 2.14195
19.0058 2.14266
19.0083 2.1428
19.0108 2.14238
19.0133 2.1414
19.0158 2.13987
19.0183 2.13778
19.0208 2.13515
19.0233 2.13199
19.0258 2.1283
19.0283 2.12408
19.0308 2.11934
19.0333 2.1141
19.0358 2.10835
19.0383 2.10211
19.0408 2.09538
19.0433 2.08818
19.0458 2.08052
19.0483 2.07239
19.0508 2.06381
19.0533 2.0548
19.0558 2.04536
19.0583 2.0355
19.0608 2.02523
19.0633 2.01456
19.0658 2.0035
19.0683 1.99207
19.0708 1.98027
19.0733 1.96811
19.0758 1.95561
19.0783 1.94278
19.0808 1.92963
19.0833 1.91616
19.0858 1.90239
19.0883 1.88834
19.0908 1.874
19.0933 1.85941
19.0958 1.84455
19.0983 1.82945
19.1008 1.81412
19.1033 1.79857
19.1058 1.78281
19.1083 1.76685
19.1108 1.7507
19.1133 1.73437
19.1158 1.71787
19.1183 1.70122
19.1208 1.68442
19.1233 1.66749
19.1258 1.65043
19.1283 1.63326
19.1308 1.61598
19.1333 1.59861
19.1358 1.58115
19.1383 1.56361
19.1408 1.54601
19.1433 1.52836
19.1458 1.51065
19.1483 1.4929
19.1508 1.47513
19.1533 1.45733
19.1558 1.43952
19.1583 1.4217
19.1608 1.40389
19.1633 1.38608
19.1658 1.3683
19.1683 1.35054
19.1708 1.33281
19.1733 1.31512
19.1758 1.29747
19.1783 1.27988
19.1808 1.26235
19.1833 1.24488
19.1858 1.22748
19.1883 1.21016
19.1908 1.19292
19.1933 1.17577
19.1958 1.15872
19.1983 1.14176
19.2009 1.1249
19.2034 1.10815
19.2059 1.09151
19.2084 1.07498
19.2109 1.05858
19.2134 1.0423
19.2159 1.02615
19.2184 1.01012
19.2209 0.994234
19.2234 0.978481
19.2259 0.962868
19.2284 0.947398
19.2309 0.932072
19.2334 0.916894
19.2359 0.901865
19.2384 0.886989
19.2409 0.872266
19.2434 0.857699
19.2459 0.843288
19.2484 0.829037
19.2509 0.814945
19.2534 0.801015
19.2559 0.787247
19.2584 0.773643
19.2609 0.760203
19.2634 0.746927
19.2659 0.733817
19.2684 0.720873
19.2709 0.708096
19.2734 0.695485
19.2759 0.683041
19.2784 0.670763
19.2809 0.658653
19.2834 0.646709
19.2859 0.634931
19.2884 0.62332
19.2909 0.611874
19.2934 0.600594
19.2959 0.589478
19.2984 0.578526
19.3009 0.567738
19.3034 0.557112
19.3059 0.546648
19.3084 0.536345
19.3109 0.526201
19.3134 0.516217
19.3159 0.50639
19.3184 0.49672
19.3209 0.487206
19.3234 0.477846
19.3259 0.468639
19.3284 0.459583
19.3309 0.450678
19.3334 0.441922
19.3359 0.433314
19.3384 0.424852
19.3409 0.416535
19.3434 0.40836
19.3459 0.400328
19.3484 0.392436
19.3509 0.384682
19.3534 0.377065
19.3559 0.369584
19.3584 0.362237
19.3609 0.355022
19.3634 0.347937
19.3659 0.340981
19.3684 0.334153
19.3709 0.32745
19.3734 0.320871
19.3759 0.314414
19.3784 0.308078
19.3809 0.301861
19.3834 0.295761
19.3859 0.289776
19.3884 0.283906
19.3909 0.278147
19.3934 0.272499
19.3959 0.26696
19.3984 0.261528
19.401 0.256201
19.4035 0.250979
19.406 0.245858
19.4085 0.240838
19.411 0.235917
19.4135 0.231094
19.416 0.226366
19.4185 0.221733
19.421 0.217192
19.4235 0.212742
19.426 0.208381
19.4285 0.204109
19.431 0.199923
19.4335 0.195822
19.436 0.191804
19.4385 0.187869
19.441 0.184014
19.4435 0.180237
19.446 0.176539
19.4485 0.172917
19.451 0.169369
19.4535 0.165896
19.456 0.162494
19.4585 0.159163
19.461 0.155901
19.4635 0.152707
19.466 0.149581
19.4685 0.14652
19.471 0.143523
19.4735 0.140589
19.476 0.137717
19.4785 0.134906
19.481 0.132154
19.4835 0.12946
19.486 0.126824
19.4885 0.124243
19.491 0.121718
19.4935 0.119246
19.496 0.116827
19.4985 0.11446
19.501 0.112143
19.5035 0.109876
19.506 0.107658
19.5085 0.105487
19.511 0.103362
19.5135 0.101284
19.516 0.0992499
19.5185 0.0972598
19.521 0.0953126
19.5235 0.0934074
19.526 0.0915433
19.5285 0.0897195
19.531 0.0879351
19.5335 0.0861893
19.536 0.0844813
19.5385 0.0828103
19.541 0.0811755
19.5435 0.0795761
19.546 0.0780113
19.5485 0.0764806
19.551 0.074983
19.5535 0.0735179
19.556 0.0720846
19.5585 0.0706825
19.561 0.0693108
19.5635 0.0679689
19.566 0.0666562
19.5685 0.0653719
19.571 0.0641156
19.5735 0.0628866
19.576 0.0616842
19.5785 0.060508
19.581 0.0593573
19.5835 0.0582317
19.586 0.0571305
19.5885 0.0560531
19.591 0.0549992
19.5935 0.0539682
19.596 0.0529595
19.5985 0.0519727
19.6011 0.0510073
19.6036 0.0500628
19.6061 0.0491388
19.6086 0.0482348
19.6111 0.0473504
19.6136 0.0464851
19.6161 0.0456386
19.6186 0.0448103
19.6211 0.044
19.6236 0.0432071
19.6261 0.0424314
19.6286 0.0416724
19.6311 0.0409298
19.6336 0.0402032
19.6361 0.0394922
19.6386 0.0387965
19.6411 0.0381158
19.6436 0.0374497
19.6461 0.0367979
19.6486 0.0361601
19.6511 0.035536
19.6536 0.0349253
19.6561 0.0343276
19.6586 0.0337427
19.6611 0.0331703
19.6636 0.0326102
19.6661 0.032062
19.6686 0.0315255
19.6711 0.0310004
19.6736 0.0304865
19.6761 0.0299836
19.6786 0.0294913
19.6811 0.0290095
19.6836 0.0285379
19.6861 0.0280763
19.6886 0.0276245
19.6911 0.0271822
19.6936 0.0267493
19.6961 0.0263255
19.6986 0.0259107
19.7011 0.0255046
19.7036 0.025107
19.7061 0.0247179
19.7086 0.0243369
19.7111 0.0239639
19.7136 0.0235988
19.7161 0.0232413
19.7186 0.0228913
19.7211 0.0225486
19.7236 0.0222131
19.7261 0.0218846
19.7286 0.0215629
19.7311 0.021248
19.7336 0.0209396
19.7361 0.0206377
19.7386 0.020342
19.7411 0.0200525
19.7436 0.019769
19.7461 0.0194914
19.7486 0.0192196
19.7511 0.0189534
19.7536 0.0186927
19.7561 0.0184374
19.7586 0.0181874
19.7611 0.0179426
19.7636 0.0177028
19.7661 0.017468
19.7686 0.017238
19.7711 0.0170128
19.7736 0.0167923
19.7761 0.0165763
19.7786 0.0163647
19.7811 0.0161575
19.7836 0.0159546
19.7861 0.0157559
19.7886 0.0155612
19.7911 0.0153706
19.7936 0.0151839
19.7961 0.0150011
19.7986 0.014822
19.8012 0.0146467
19.8037 0.0144749
19.8062 0.0143067
19.8087 0.014142
19.8112 0.0139807
19.8137 0.0138227
19.8162 0.013668
19.8187 0.0135164
19.8212 0.0133681
19.8237 0.0132228
19.8262 0.0130805
19.8287 0.0129412
19.8312 0.0128047
19.8337 0.0126712
19.8362 0.0125404
19.8387 0.0124123
19.8412 0.012287
19.8437 0.0121643
19.8462 0.0120441
19.8487 0.0119265
19.8512 0.0118114
19.8537 0.0116987
19.8562 0.0115884
19.8587 0.0114804
19.8612 0.0113748
19.8637 0.0112714
19.8662 0.0111703
19.8687 0.0110713
19.8712 0.0109745
19.8737 0.0108797
19.8762 0.0107871
19.8787 0.0106965
19.8812 0.0106078
19.8837 0.0105212
19.8862 0.0104364
19.8887 0.0103536
19.8912 0.0102726
19.8937 0.0101935
19.8962 0.0101161
19.8987 0.0100406
19.9012 0.00996673
19.9037 0.00989462
19.9062 0.00982419
19.9087 0.00975542
19.9112 0.00968828
19.9137 0.00962275
19.9162 0.00955881
19.9187 0.00949642
19.9212 0.00943557
19.9237 0.00937623
19.9262 0.00931838
19.9287 0.00926201
19.9312 0.00920708
19.9337 0.00915357
19.9362 0.00910148
19.9387 0.00905077
19.9412 0.00900143
19.9437 0.00895344
19.9462 0.00890679
19.9487 0.00886145
19.9512 0.00881741
19.9537 0.00877465
19.9562 0.00873316
19.9587 0.00869293
19.9612 0.00865392
19.9637 0.00861615
19.9662 0.00857958
19.9687 0.0085442
19.9712 0.00851001
19.9737 0.00847699
19.9762 0.00844513
19.9787 0.00841441
19.9812 0.00838483
19.9837 0.00835637
19.9862 0.00832902
19.9887 0.00830278
19.9912 0.00827763
19.9937 0.00825357
19.9962 0.00823058
19.9987 0.00820866
20.0013 0.0081878
20.0038 0.00816798
20.0063 0.00814922
20.0088 0.00813149
20.0113 0.00811478
20.0138 0.00809911
20.0163 0.00808445
20.0188 0.0080708
20.0213 0.00805816
20.0238 0.00804652
20.0263 0.00803587
20.0288 0.00802622
20.0313 0.00801756
20.0338 0.00800988
20.0363 0.00800319
20.0388 0.00799747
20.0413 0.00799273
20.0438 0.00798896
20.0463 0.00798617
20.0488 0.00798434
20.0513 0.00798349
20.0538 0.0079836
20.0563 0.00798467
20.0588 0.00798672
20.0613 0.00798973
20.0638 0.0079937
20.0663 0.00799864
20.0688 0.00800455
20.0713 0.00801143
20.0738 0.00801928
20.0763 0.0080281
20.0788 0.00803789
20.0813 0.00804866
20.0838 0.0080604
20.0863 0.00807313
20.0888 0.00808684
20.0913 0.00810155
20.0938 0.00811724
20.0963 0.00813393
20.0988 0.00815162
20.1013 0.00817031
20.1038 0.00819002
20.1063 0.00821074
20.1088 0.00823249
20.1113 0.00825526
20.1138 0.00827907
20.1163 0.00830392
20.1188 0.00832981
20.1213 0.00835676
20.1238 0.00838478
20.1263 0.00841387
20.1288 0.00844403
20.1313 0.00847529
20.1338 0.00850764
20.1363 0.0085411
20.1388 0.00857568
20.1413 0.00861139
20.1438 0.00864823
20.1463 0.00868622
20.1488 0.00872537
20.1513 0.00876569
20.1538 0.0088072
20.1563 0.0088499
20.1588 0.00889381
20.1613 0.00893894
20.1638 0.00898531
20.1663 0.00903293
20.1688 0.00908181
20.1713 0.00913197
20.1738 0.00918342
20.1763 0.00923618
20.1788 0.00929027
20.1813 0.0093457
20.1838 0.00940248
20.1863 0.00946064
20.1888 0.0095202
20.1913 0.00958117
20.1938 0.00964357
20.1963 0.00970741
20.1988 0.00977273
20.2014 0.00983954
20.2039 0.00990786
20.2064 0.0099777
20.2089 0.0100491
20.2114 0.0101221
20.2139 0.0101967
20.2164 0.0102728
20.2189 0.0103507
20.2214 0.0104302
20.2239 0.0105114
20.2264 0.0105943
20.2289 0.010679
20.2314 0.0107654
20.2339 0.0108536
20.2364 0.0109437
20.2389 0.0110356
20.2414 0.0111294
20.2439 0.0112251
20.2464 0.0113228
20.2489 0.0114224
20.2514 0.011524
20.2539 0.0116277
20.2564 0.0117334
20.2589 0.0118412
20.2614 0.0119512
20.2639 0.0120634
20.2664 0.0121777
20.2689 0.0122943
20.2714 0.0124132
20.2739 0.0125344
20.2764 0.012658
20.2789 0.0127839
20.2814 0.0129123
20.2839 0.0130432
20.2864 0.0131766
20.2889 0.0133126
20.2914 0.0134511
20.2939 0.0135924
20.2964 0.0137363
20.2989 0.0138829
20.3014 0.0140324
20.3039 0.0141847
20.3064 0.0143398
20.3089 0.0144979
20.3114 0.014659
20.3139 0.0148231
20.3164 0.0149904
20.3189 0.0151607
20.3214 0.0153343
20.3239 0.0155111
20.3264 0.0156912
20.3289 0.0158747
20.3314 0.0160617
20.3339 0.0162521
20.3364 0.016446
20.3389 0.0166436
20.3414 0.0168448
20.3439 0.0170498
20.3464 0.0172586
20.3489 0.0174713
20.3514 0.0176879
20.3539 0.0179085
20.3564 0.0181331
20.3589 0.018362
20.3614 0.018595
20.3639 0.0188324
20.3664 0.0190741
20.3689 0.0193202
20.3714 0.0195709
20.3739 0.0198262
20.3764 0.0200862
20.3789 0.0203509
20.3814 0.0206205
20.3839 0.020895
20.3864 0.0211746
20.3889 0.0214592
20.3914 0.0217491
20.3939 0.0220442
20.3964 0.0223447
20.3989 0.0226507
20.4015 0.0229622
20.404 0.0232794
20.4065 0.0236024
20.409 0.0239312
20.4115 0.0242659
20.414 0.0246068
20.4165 0.0249537
20.419 0.025307
20.4215 0.0256666
20.424 0.0260327
20.4265 0.0264054
20.429 0.0267848
20.4315 0.027171
20.434 0.0275641
20.4365 0.0279643
20.439 0.0283716
20.4415 0.0287862
20.444 0.0292082
20.4465 0.0296377
20.449 0.0300749
20.4515 0.0305198
20.454 0.0309727
20.4565 0.0314335
20.459 0.0319025
20.4615 0.0323798
20.464 0.0328655
20.4665 0.0333597
20.469 0.0338627
20.4715 0.0343744
20.474 0.0348951
20.4765 0.0354249
20.479 0.035964
20.4815 0.0365124
20.484 0.0370704
20.4865 0.037638
20.489 0.0382154
20.4915 0.0388028
20.494 0.0394003
20.4965 0.0400081
20.499 0.0406263
20.5015 0.0412551
20.504 0.0418946
20.5065 0.042545
20.509 0.0432064
20.5115 0.043879
20.514 0.0445629
20.5165 0.0452583
20.519 0.0459655
20.5215 0.0466844
20.524 0.0474153
20.5265 0.0481584
20.529 0.0489138
20.5315 0.0496816
20.534 0.0504621
20.5365 0.0512554
20.539 0.0520617
20.5415 0.052881
20.544 0.0537137
20.5465 0.0545598
20.549 0.0554195
20.5515 0.056293
20.554 0.0571805
20.5565 0.058082
20.559 0.0589978
20.5615 0.0599281
20.564 0.0608729
20.5665 0.0618325
20.569 0.0628069
20.5715 0.0637965
20.574 0.0648012
20.5765 0.0658213
20.579 0.066857
20.5815 0.0679083
20.584 0.0689754
20.5865 0.0700585
20.589 0.0711577
20.5915 0.0722732
20.594 0.073405
20.5965 0.0745534
20.599 0.0757185
20.6016 0.0769003
20.6041 0.078099
20.6066 0.0793148
20.6091 0.0805478
20.6116 0.081798
20.6141 0.0830656
20.6166 0.0843507
20.6191 0.0856534
20.6216 0.0869738
20.6241 0.0883119
20.6266 0.0896679
20.6291 0.0910419
20.6316 0.0924339
20.6341 0.0938439
20.6366 0.0952722
20.6391 0.0967186
20.6416 0.0981832
20.6441 0.0996661
20.6466 0.101167
20.6491 0.102687
20.6516 0.104225
20.6541 0.105781
20.6566 0.107356
20.6591 0.108949
20.6616 0.11056
20.6641 0.11219
20.6666 0.113838
20.6691 0.115504
20.6716 0.117188
20.6741 0.118891
20.6766 0.120611
20.6791 0.122349
20.6816 0.124105
20.6841 0.125879
20.6866 0.12767
20.6891 0.129479
20.6916 0.131305
20.6941 0.133148
20.6966 0.135008
20.6991 0.136885
20.7016 0.138778
20.7041 0.140687
20.7066 0.142612
20.7091 0.144553
20.7116 0.146509
20.7141 0.148481
20.7166 0.150467
20.7191 0.152468
20.7216 0.154484
20.7241 0.156513
20.7266 0.158555
20.7291 0.160611
20.7316 0.162679
20.7341 0.164759
20.7366 0.166851
20.7391 0.168955
20.7416 0.171069
20.7441 0.173193
20.7466 0.175328
20.7491 0.177471
20.7516 0.179623
20.7541 0.181784
20.7566 0.183951
20.7591 0.186126
20.7616 0.188307
20.7641 0.190493
20.7666 0.192684
20.7691 0.194879
20.7716 0.197078
20.7741 0.19928
20.7766 0.201483
20.7791 0.203687
20.7816 0.205892
20.7841 0.208096
20.7866 0.210299
20.7891 0.212499
20.7916 0.214697
20.7941 0.21689
20.7966 0.219079
20.7991 0.221261
20.8017 0.223437
20.8042 0.225605
20.8067 0.227764
20.8092 0.229913
20.8117 0.232051
20.8142 0.234178
20.8167 0.236291
20.8192 0.23839
20.8217 0.240474
20.8242 0.242542
20.8267 0.244592
20.8292 0.246624
20.8317 0.248636
20.8342 0.250627
20.8367 0.252596
20.8392 0.254542
20.8417 0.256463
20.8442 0.258359
20.8467 0.260228
20.8492 0.262069
20.8517 0.26388
20.8542 0.265661
20.8567 0.267411
20.8592 0.269127
20.8617 0.270809
20.8642 0.272456
20.8667 0.274066
20.8692 0.275638
20.8717 0.27717
20.8742 0.278663
20.8767 0.280114
20.8792 0.281522
20.8817 0.282886
20.8842 0.284205
20.8867 0.285477
20.8892 0.286702
20.8917 0.287878
20.8942 0.289004
20.8967 0.290079
20.8992 0.291102
20.9017 0.292072
20.9042 0.292987
20.9067 0.293847
20.9092 0.294651
20.9117 0.295397
20.9142 0.296085
20.9167 0.296714
20.9192 0.297282
20.9217 0.297789
20.9242 0.298235
20.9267 0.298617
20.9292 0.298936
20.9317 0.299191
20.9342 0.29938
20.9367 0.299504
20.9392 0.299562
20.9417 0.299552
20.9442 0.299476
20.9467 0.299331
20.9492 0.299118
20.9517 0.298836
20.9542 0.298484
20.9567 0.298064
20.9592 0.297573
20.9617 0.297013
20.9642 0.296382
20.9667 0.295681
20.9692 0.29491
20.9717 0.294068
20.9742 0.293157
20.9767 0.292175
20.9792 0.291123
20.9817 0.290001
20.9842 0.28881
20.9867 0.28755
20.9892 0.286221
20.9917 0.284824
20.9942 0.283359
20.9967 0.281827
20.9992 0.280229
21.0018 0.278564
21.0043 0.276834
21.0068 0.27504
21.0093 0.273183
21.0118 0.271263
21.0143 0.269281
21.0168 0.267239
21.0193 0.265137
21.0218 0.262977
21.0243 0.26076
21.0268 0.258486
21.0293 0.256158
21.0318 0.253777
21.0343 0.251343
21.0368 0.248859
21.0393 0.246326
21.0418 0.243746
21.0443 0.241119
21.0468 0.238448
21.0493 0.235734
21.0518 0.232979
21.0543 0.230184
21.0568 0.227352
21.0593 0.224484
21.0618 0.221581
21.0643 0.218647
21.0668 0.215682
21.0693 0.212688
21.0718 0.209667
21.0743 0.206622
21.0768 0.203553
21.0793 0.200464
21.0818 0.197355
21.0843 0.194229
21.0868 0.191089
21.0893 0.187935
21.0918 0.184769
21.0943 0.181595
21.0968 0.178413
21.0993 0.175225
21.1018 0.172034
21.1043 0.168842
21.1068 0.16565
21.1093 0.16246
21.1118 0.159274
21.1143 0.156094
21.1168 0.152922
21.1193 0.149759
21.1218 0.146608
21.1243 0.14347
21.1268 0.140346
21.1293 0.137239
21.1318 0.134151
21.1343 0.131082
21.1368 0.128034
21.1393 0.125009
21.1418 0.122009
21.1443 0.119034
21.1468 0.116086
21.1493 0.113167
21.1518 0.110278
21.1543 0.107419
21.1568 0.104593
21.1593 0.101801
21.1618 0.0990425
21.1643 0.0963199
21.1668 0.0936339
21.1693 0.0909853
21.1718 0.0883751
21.1743 0.0858041
21.1768 0.0832731
21.1793 0.0807827
21.1818 0.0783337
21.1843 0.0759267
21.1868 0.0735622
21.1893 0.0712407
21.1918 0.0689627
21.1943 0.0667285
21.1968 0.0645385
21.1993 0.062393
21.2019 0.0602922
21.2044 0.0582363
21.2069 0.0562254
21.2094 0.0542596
21.2119 0.0523389
21.2144 0.0504634
21.2169 0.0486329
21.2194 0.0468473
21.2219 0.0451065
21.2244 0.0434103
21.2269 0.0417585
21.2294 0.0401507
21.2319 0.0385867
21.2344 0.0370662
21.2369 0.0355886
21.2394 0.0341536
21.2419 0.0327608
21.2444 0.0314097
21.2469 0.0300996
21.2494 0.0288302
21.2519 0.0276008
21.2544 0.0264108
21.2569 0.0252597
21.2594 0.0241467
21.2619 0.0230713
21.2644 0.0220326
21.2669 0.0210302
21.2694 0.0200632
21.2719 0.0191309
21.2744 0.0182326
21.2769 0.0173675
21.2794 0.016535
21.2819 0.0157341
21.2844 0.0149643
21.2869 0.0142247
21.2894 0.0135145
21.2919 0.012833
21.2944 0.0121793
21.2969 0.0115528
21.2994 0.0109526
21.3019 0.010378
21.3044 0.00982827
21.3069 0.00930255
21.3094 0.00880015
21.3119 0.0083203
21.3144 0.00786227
21.3169 0.00742534
21.3194 0.00700878
21.3219 0.00661189
21.3244 0.00623397
21.3269 0.00587432
21.3294 0.00553229
21.3319 0.0052072
21.3344 0.0048984
21.3369 0.00460527
21.3394 0.00432718
21.3419 0.00406352
21.3444 0.0038137
21.3469 0.00357714
21.3494 0.00335328
21.3519 0.00314157
21.3544 0.00294148
21.3569 0.00275249
21.3594 0.0025741
21.3619 0.00240582
21.3644 0.00224719
21.3669 0.00209774
21.3694 0.00195704
21.3719 0.00182465
21.3744 0.00170018
21.3769 0.00158322
21.3794 0.00147339
21.3819 0.00137032
21.3844 0.00127367
21.3869 0.00118309
21.3894 0.00109825
21.3919 0.00101886
21.3944 0.0009446
21.3969 0.000875194
21.3994 0.000810367
21.402 0.000749858
21.4045 0.000693418
21.407 0.000640809
21.4095 0.000591804
21.412 0.000546189
21.4145 0.000503757
21.417 0.000464315
21.4195 0.000427676
21.422 0.000393666
21.4245 0.000362118
21.427 0.000332874
21.4295 0.000305785
21.432 0.00028071
21.4345 0.000257515
21.437 0.000236076
21.4395 0.000216273
21.442 0.000197994
21.4445 0.000181135
21.447 0.000165597
21.4495 0.000151285
21.452 0.000138114
21.4545 0.000126
21.457 0.000114868
21.4595 0.000104645
21.462 9.52644e-05
21.4645 8.66624e-05
21.467 7.87805e-05
21.4695 7.15638e-05
21.472 6.49612e-05
21.4745 5.89249e-05
21.477 5.34106e-05
21.4795 4.83768e-05
21.482 4.37853e-05
21.4845 3.96002e-05
21.487 3.57887e-05
21.4895 3.232e-05
21.492 2.91656e-05
21.4945 2.62994e-05
21.497 2.3697e-05
21.4995 2.1336e-05
