0 1.08701
0.1 1.15688
0.2 0.988201
0.3 0.991959
0.4 1.05366
0.5 1.07552
0.6 0.742432
0.7 0.826548
0.8 1.05046
0.9 1.05136
1 1.01983
1.1 1.07663
1.2 1.04333
1.3 0.847837
1.4 1.00807
1.5 0.878939
1.6 1.0437
1.7 1.05642
1.8 0.935083
1.9 0.872688
2 1.01369
2.1 0.360376
2.2 -0.785674
2.3 -0.990101
2.4 -0.949518
2.5 -0.909654
2.6 -1.11416
2.7 -0.496875
2.8 -0.741554
2.9 -1.20937
3 -1.02866
3.1 -1.0632
3.2 -1.03064
3.3 -0.926615
3.4 -0.80986
3.5 -0.780621
3.6 -1.01981
3.7 -1.01273
3.8 -0.79511
3.9 -1.11927
4 -0.908905
4.1 -0.823835
4.2 -0.986445
4.3 -1.06549
4.4 -0.780377
4.5 -1.23569
4.6 -0.859613
4.7 -0.861223
4.8 -1.25826
4.9 -0.868633
5 -0.870139
5.1 -0.723814
5.2 -0.972344
5.3 -1.00815
5.4 -1.05245
5.5 -0.820431
5.6 -1.04593
5.7 -1.03861
5.8 -1.01622
5.9 -0.994365
6 -0.817686
6.1 -1.17647
6.2 -0.9915
6.3 -0.932627
6.4 -1.08119
6.5 -0.972934
6.6 -0.992764
6.7 -0.681763
6.8 -0.905254
6.9 -0.841989
7 -1.05811
7.1 -1.06037
7.2 -0.925092
7.3 -0.945218
7.4 -0.730948
7.5 -0.721768
7.6 -1.01325
7.7 -1.06406
7.8 -0.935282
7.9 -1.20526
8 -0.988287
8.1 -1.14291
8.2 -0.83535
8.3 -0.901448
8.4 -0.859862
8.5 -0.896079
8.6 -0.800767
8.7 -1.01139
8.8 -0.788486
8.9 -0.982215
9 -1.13331
9.1 -0.870516
9.2 -1.02563
9.3 -0.985053
9.4 -0.92862
9.5 -1.09426
9.6 -0.840413
9.7 -0.912256
9.8 -0.729694
9.9 -0.881553
10 -0.596691
10.1 -0.988444
10.2 -1.08085
10.3 -0.891029
10.4 -1.01317
10.5 -0.818922
10.6 -1.41646
10.7 -0.927185
10.8 -0.854159
10.9 -1.10933
11 -0.534123
11.1 -1.03158
11.2 -0.950625
11.3 -1.2002
11.4 -0.826003
11.5 -0.820065
11.6 -1.00512
11.7 -0.971105
11.8 -0.484293
11.9 -0.667572
12 -0.832616
12.1 -1.10843
12.2 -1.17244
12.3 -1.15055
12.4 -1.20956
12.5 -0.939046
12.6 -1.18172
12.7 -0.965664
12.8 -0.950587
12.9 -0.526236
13 -1.12541
13.1 -0.451909
13.2 -0.782038
13.3 -1.0705
13.4 -0.915637
13.5 -1.18496
13.6 -0.876604
13.7 -0.973225
13.8 -1.15071
13.9 -1.17122
14 -1.14832
14.1 -0.843605
14.2 -1.11547
14.3 -1.02797
14.4 -1.14319
14.5 -1.11587
14.6 -1.00784
14.7 -1.25064
14.8 -1.10534
14.9 -0.841672
15 -0.937969
15.1 -0.826155
15.2 -1.2214
15.3 -1.08775
15.4 -1.07326
15.5 -0.965485
15.6 -1.03782
15.7 -0.737373
15.8 -0.802622
15.9 -0.976941
16 -1.10559
16.1 -0.630234
16.2 -1.03102
16.3 -0.632816
16.4 -1.09871
16.5 -0.910248
16.6 -0.94736
16.7 -0.952361
16.8 -0.853211
16.9 -1.09082
17 -0.694116
17.1 -1.04474
17.2 -1.18206
17.3 -0.851581
17.4 -0.985222
17.5 -1.09323
17.6 -1.31063
17.7 -0.777418
17.8 -1.19987
17.9 -0.980967
18 -0.942816
18.1 -1.05001
18.2 -1.04202
18.3 -1.24512
18.4 -1.15591
18.5 -0.971826
18.6 -1.16502
18.7 -1.0958
18.8 -0.868418
18.9 -0.805751
19 -0.898737
19.1 -0.506669
19.2 -0.643232
19.3 -1.06605
19.4 -0.692623
19.5 -0.774309
19.6 -0.676672
19.7 -1.15972
19.8 -1.16187
19.9 -1.04303
20 -0.846231
20.1 -1.06282
20.2 -0.820836
20.3 -0.922099
20.4 -1.17088
20.5 -0.978876
20.6 -0.707574
20.7 -0.808298
20.8 -1.00703
20.9 -0.835681
21 -1.08154
21.1 -1.03328
21.2 -0.94302
21.3 -0.992555
21.4 -1.07209
21.5 -1.08869
21.6 -0.938041
21.7 -1.26469
21.8 -0.934488
21.9 -0.864362
22 -1.17872
22.1 -1.02416
22.2 -1.12538
22.3 -1.10054
22.4 -0.301176
22.5 -0.989414
22.6 -0.3294
22.7 -0.635077
22.8 -0.938922
22.9 -0.76935
23 -0.654783
23.1 -1.09464
23.2 -0.737424
23.3 -1.00314
23.4 -1.21997
23.5 -0.665026
23.6 -0.282263
23.7 -1.16486
23.8 -1.18107
23.9 -1.13278
24 -0.6795
24.1 -1.12179
24.2 -1.04802
24.3 -1.16683
24.4 -0.952091
24.5 -1.06334
24.6 -1.00449
24.7 -0.879133
24.8 -0.960575
24.9 -0.889298
25 -0.920311
25.1 -0.547912
25.2 -0.805829
25.3 -1.07269
25.4 -0.952556
25.5 -1.08749
25.6 -0.905974
25.7 -0.936648
25.8 -0.964381
25.9 -0.975582
26 -1.17793
26.1 -1.09002
26.2 -1.23825
26.3 -0.680029
26.4 -1.18687
26.5 -0.856331
26.6 -1.10166
26.7 -1.01074
26.8 -1.18076
26.9 -1.05409
27 -0.482931
27.1 -1.13228
27.2 -0.962011
27.3 -0.845728
27.4 -1.088
27.5 -1.11991
27.6 -0.407865
27.7 -1.04314
27.8 -1.12206
27.9 -0.674089
28 -0.638098
28.1 -1.16001
28.2 -0.971503
28.3 -1.20424
28.4 -0.73807
28.5 -0.892135
28.6 -1.14827
28.7 -1.05824
28.8 -0.946037
28.9 -1.04234
29 -0.80001
29.1 -1.12415
29.2 -0.837031
29.3 -0.91879
29.4 -1.09899
29.5 -1.00481
29.6 -1.02901
29.7 -0.888601
29.8 -1.09922
29.9 -1.04383
30 -0.933733
30.1 -1.19553
30.2 -0.969917
30.3 -0.887452
30.4 -0.97516
30.5 -0.837504
30.6 -0.796979
30.7 -1.21032
30.8 -0.839866
30.9 -0.921617
31 -1.17413
31.1 -1.01865
31.2 -0.994257
31.3 -1.0824
31.4 -1.09054
31.5 -0.899241
31.6 -0.878606
31.7 -0.927474
31.8 -0.959568
31.9 -1.05001
32 -1.00056
32.1 -0.859615
32.2 -1.23039
32.3 -0.85325
32.4 -1.20508
32.5 -0.631037
32.6 0.338501
32.7 0.977082
32.8 0.952976
32.9 0.678767
33 0.915585
33.1 1.09012
33.2 1.09302
33.3 1.13334
33.4 1.03685
33.5 0.655511
33.6 0.850851
33.7 0.8255
33.8 1.0845
33.9 1.15673
34 1.04611
34.1 0.893067
34.2 0.858064
34.3 0.737224
34.4 0.998757
34.5 0.938146
34.6 1.21381
34.7 0.606928
34.8 -0.511398
34.9 -0.876463
35 -1.17361
35.1 -1.1038
35.2 -1.12975
35.3 -0.886034
35.4 -0.805476
35.5 -0.653081
35.6 -0.993163
35.7 -1.26766
35.8 -1.06669
35.9 -1.01614
36 -0.767546
36.1 -1.05554
36.2 -0.887325
36.3 -1.15023
36.4 -1.15729
36.5 -0.770057
36.6 -1.0938
36.7 -0.961787
36.8 -1.17885
36.9 -0.93377
37 -1.12085
37.1 -1.21945
37.2 -0.821737
37.3 -0.829746
37.4 -1.14611
37.5 -1.06135
37.6 -0.675233
37.7 -0.743881
37.8 -0.763789
37.9 -0.982776
38 -0.837748
38.1 -1.02434
38.2 -0.937911
38.3 -1.14023
38.4 -0.980414
38.5 -0.991435
38.6 -0.349958
38.7 -1.12384
38.8 -1.12746
38.9 -1.1726
39 -0.990392
39.1 -0.829632
39.2 -1.08069
39.3 -0.80146
39.4 -1.26312
39.5 -0.80548
39.6 -1.13882
39.7 -0.737178
39.8 -0.942953
39.9 -0.844182
40 -1.13159
40.1 -0.956315
40.2 -0.759345
40.3 -0.821227
40.4 -0.824468
40.5 -0.910133
40.6 -1.02828
40.7 -0.981964
40.8 -0.925656
40.9 -0.781898
41 -0.628296
41.1 -1.05989
41.2 -1.10004
41.3 -0.72021
41.4 -1.14847
41.5 -0.876875
41.6 -0.972566
41.7 -0.700432
41.8 -1.17481
41.9 -0.847569
42 -1.00804
42.1 -0.58632
42.2 -0.768052
42.3 -1.13488
42.4 -1.09065
42.5 -0.747849
42.6 -1.12665
42.7 -0.584133
42.8 -1.04822
42.9 -1.07469
43 -1.11293
43.1 -1.02582
43.2 -1.0852
43.3 -0.813323
43.4 -0.876582
43.5 -1.06174
43.6 -1.05989
43.7 -0.815157
43.8 -1.10178
43.9 -0.933018
44 -0.874585
44.1 -0.87808
44.2 -0.743513
44.3 -0.962757
44.4 -0.981901
44.5 -1.21453
44.6 -0.933584
44.7 -0.831401
44.8 -0.989149
44.9 -1.02333
45 -0.679778
45.1 -0.96814
45.2 -1.07667
45.3 -1.02467
45.4 -1.13178
45.5 -0.679587
45.6 -1.11563
45.7 -1.04003
45.8 -0.887788
45.9 -0.803685
46 -0.551447
46.1 -1.23449
46.2 -0.788489
46.3 -1.08342
46.4 -0.940095
46.5 -1.02714
46.6 -0.911344
46.7 -0.994417
46.8 -1.17697
46.9 -0.979004
47 -0.517732
47.1 -0.983797
47.2 -1.33665
47.3 -1.01247
47.4 -0.90636
47.5 -1.02115
47.6 -1.11428
47.7 -0.90926
47.8 -0.943372
47.9 -0.933931
48 -1.07615
48.1 -0.833183
48.2 -0.9592
48.3 -1.12487
48.4 -1.13207
48.5 -1.19819
48.6 -0.866987
48.7 -0.854985
48.8 -1.14334
48.9 -0.956633
49 -0.732267
49.1 -0.802111
49.2 -0.952964
49.3 -0.944611
49.4 -1.09575
49.5 -1.06346
49.6 -0.8855
49.7 -1.13487
49.8 -0.870766
49.9 -0.854651
50 -0.721879
50.1 -1.01119
50.2 -0.785373
50.3 -1.084
50.4 -0.781836
50.5 -1.01154
50.6 -0.699649
50.7 -0.893936
50.8 -0.942528
50.9 -1.04089
51 -1.11769
51.1 -0.597244
51.2 -1.25546
51.3 -0.839834
51.4 -1.29135
51.5 -0.973709
51.6 -0.809512
51.7 -1.10048
51.8 -1.01027
51.9 -0.819655
52 -0.905364
52.1 -0.96438
52.2 -1.08065
52.3 -0.84771
52.4 -0.780829
52.5 -1.04499
52.6 -0.851049
52.7 -0.785212
52.8 -0.631611
52.9 -0.840546
53 -0.891066
53.1 -0.835161
53.2 -0.898221
53.3 -0.912717
53.4 -0.590627
53.5 -0.914575
53.6 -1.00743
53.7 -1.15042
53.8 -1.13192
53.9 -0.975077
54 -0.594336
54.1 -1.05839
54.2 -0.976831
54.3 -1.10708
54.4 -0.827442
54.5 -0.788117
54.6 -0.872286
54.7 -1.33677
54.8 -1.0147
54.9 -0.942308
55 -1.31298
55.1 -0.947213
55.2 -0.904002
55.3 -1.03439
55.4 -1.04392
55.5 -0.724029
55.6 -0.478702
55.7 -0.625512
55.8 -0.799065
55.9 -0.689193
56 -0.708215
56.1 -1.0475
56.2 -0.765077
56.3 -1.04423
56.4 -0.982405
56.5 -0.860568
56.6 -0.884884
56.7 -0.770243
56.8 -0.948401
56.9 -0.973701
57 -1.16536
57.1 -0.729471
57.2 -0.82165
57.3 -0.207335
57.4 -0.974664
57.5 -0.910887
57.6 -0.804963
57.7 -1.07626
57.8 -0.776011
57.9 -1.21195
58 -1.04985
58.1 -1.25403
58.2 -0.978001
58.3 -0.759633
58.4 -0.824838
58.5 -0.683928
58.6 -0.871488
58.7 -0.887798
58.8 -0.790649
58.9 -0.75279
59 -0.853108
59.1 -0.899744
59.2 -0.96207
59.3 -0.746731
59.4 -0.848539
59.5 -1.04581
59.6 -1.14198
59.7 -0.875294
59.8 -1.13887
59.9 -0.856347
60 -0.855456
60.1 -1.01784
60.2 -0.776566
60.3 -1.16922
60.4 -1.10354
60.5 -1.23601
60.6 -0.724484
60.7 -1.19937
60.8 -0.808192
60.9 -1.02533
61 -1.05798
61.1 -0.881538
61.2 -1.03532
61.3 -0.586532
61.4 -0.984349
61.5 -1.02299
61.6 -1.07167
61.7 -1.12542
61.8 -0.733047
61.9 -1.17205
62 -0.964178
62.1 -0.91753
62.2 -1.07512
62.3 -1.01436
62.4 -0.737603
62.5 -0.792377
62.6 -0.84511
62.7 -0.872279
62.8 -1.15925
62.9 -0.784299
63 -0.77263
63.1 -1.13722
63.2 -0.675289
63.3 -1.03788
63.4 -0.888731
63.5 -0.881409
63.6 -1.13355
63.7 -1.14207
63.8 -0.575032
63.9 -0.909519
64 -1.02248
64.1 -0.948935
64.2 -0.899729
64.3 -0.858304
64.4 -0.59743
64.5 -0.672247
64.6 -0.790416
64.7 -1.11845
64.8 -0.833348
64.9 -0.819749
65 -1.01961
65.1 -1.01759
65.2 -1.10927
65.3 -0.915351
65.4 -0.977112
65.5 -0.990386
65.6 -0.816149
65.7 -0.717617
65.8 -0.85482
65.9 -0.828216
66 -1.09802
66.1 -1.01778
66.2 -1.11236
66.3 -0.857131
66.4 -0.991604
66.5 -1.12252
66.6 -1.00293
66.7 -0.874603
66.8 -0.868165
66.9 -1.09173
67 -0.86752
67.1 -0.871343
67.2 -1.00514
67.3 -1.20906
67.4 -0.829833
67.5 -0.799677
67.6 -0.00663979
67.7 0.60817
67.8 0.899887
67.9 0.784289
68 1.10463
68.1 0.64029
68.2 0.802642
68.3 0.653677
68.4 0.754131
68.5 1.19623
68.6 0.706993
68.7 0.851056
68.8 0.668725
68.9 0.675027
69 1.29353
69.1 0.934911
69.2 0.96318
69.3 1.12041
69.4 0.9145
69.5 0.98715
69.6 0.728926
69.7 0.320762
69.8 0.926709
69.9 0.949729
70 1.09801
70.1 0.995284
70.2 1.25091
70.3 0.475197
70.4 0.82509
70.5 0.356469
70.6 0.88895
70.7 0.737252
70.8 0.83879
70.9 0.904442
71 1.02408
71.1 1.03352
71.2 0.86193
71.3 0.737724
71.4 0.866406
71.5 0.585663
71.6 0.388813
71.7 0.67433
71.8 0.843816
71.9 1.01251
72 0.826188
72.1 0.671988
72.2 0.37364
72.3 0.837436
72.4 0.863568
72.5 0.889758
72.6 1.00112
72.7 0.894921
72.8 0.377469
72.9 0.890524
73 0.917503
73.1 0.309899
73.2 -0.743321
73.3 -1.00199
73.4 -0.826426
73.5 -0.535518
73.6 -0.877972
73.7 -0.611947
73.8 -0.917241
73.9 -0.814367
74 -0.925766
74.1 -0.949471
74.2 -0.741833
74.3 -0.932218
74.4 -1.01346
74.5 -1.10067
74.6 -0.897471
74.7 -1.13543
74.8 -0.80665
74.9 -0.953098
75 -0.593
75.1 -1.3237
75.2 -1.11654
75.3 -1.15366
75.4 -0.851938
75.5 -1.08265
75.6 -1.12388
75.7 -0.510948
75.8 -0.884267
75.9 -1.10214
76 -1.08852
76.1 -1.15317
76.2 -0.923863
76.3 -0.86017
76.4 -0.805256
76.5 -0.339104
76.6 -0.91788
76.7 -1.12712
76.8 -1.00889
76.9 -1.03598
77 -1.17527
77.1 -1.09075
77.2 -0.873246
77.3 -1.0319
77.4 -1.03156
77.5 -1.10818
77.6 -1.10794
77.7 -0.973327
77.8 -0.99416
77.9 -0.922753
78 -0.992031
78.1 -0.735135
78.2 0.0222123
78.3 -0.793165
78.4 -0.830907
78.5 -0.591848
78.6 -0.7032
78.7 -0.96159
78.8 -0.845192
78.9 -0.841188
79 -0.920342
79.1 -0.537733
79.2 -0.730131
79.3 -1.20597
79.4 -0.949791
79.5 -0.995885
79.6 -0.785548
79.7 -0.915919
79.8 -1.05258
79.9 -0.866886
80 -0.940741
80.1 -0.90851
80.2 -1.03235
80.3 -0.552946
80.4 -0.744681
80.5 -0.790972
80.6 -0.847679
80.7 -0.649154
80.8 -0.866536
80.9 -0.971238
81 -0.989035
81.1 -0.953268
81.2 -0.883504
81.3 -0.939638
81.4 -0.73944
81.5 -0.495185
81.6 0.431556
81.7 1.04459
81.8 1.02526
81.9 0.768798
82 0.16229
82.1 -1.03792
82.2 -0.881386
82.3 -1.03148
82.4 -0.912004
82.5 -0.97357
82.6 -0.881141
82.7 -0.842694
82.8 -0.838343
82.9 -1.09089
83 -1.17302
83.1 -0.731526
83.2 -1.02678
83.3 -1.07114
83.4 -1.12162
83.5 -0.745938
83.6 -1.14659
83.7 -0.951358
83.8 -0.862657
83.9 -0.844941
84 -1.12258
84.1 -1.1521
84.2 -1.16418
84.3 -1.0139
84.4 -0.995493
84.5 -0.969101
84.6 -0.81293
84.7 -0.72207
84.8 -0.78837
84.9 -0.930081
85 -1.06665
85.1 -1.07138
85.2 -1.0562
85.3 -1.18452
85.4 -1.00857
85.5 -1.07448
85.6 -1.39521
85.7 -0.780102
85.8 -0.800766
85.9 -0.920444
86 -0.834131
86.1 -0.799399
86.2 -0.873044
86.3 -0.969666
86.4 -1.01838
86.5 -1.07608
86.6 -0.854004
86.7 -0.981508
86.8 -0.945048
86.9 -0.822876
87 -1.01044
87.1 -0.823512
87.2 -1.27375
87.3 -0.993487
87.4 -0.945622
87.5 -0.982796
87.6 -1.25327
87.7 -0.864216
87.8 -1.0032
87.9 -1.1118
88 -1.20216
88.1 -1.09443
88.2 -0.719137
88.3 -0.690088
88.4 -0.950615
88.5 -0.897224
88.6 -1.09463
88.7 -0.951306
88.8 -1.03878
88.9 -1.03572
89 -1.14432
89.1 -1.05076
89.2 -0.974175
89.3 -0.71659
89.4 -0.927879
89.5 -1.14995
89.6 -1.16951
89.7 -0.850655
89.8 -0.93217
89.9 -0.833458
90 -1.27889
90.1 -1.02195
90.2 -0.682848
90.3 -1.06031
90.4 -1.29883
90.5 -0.741567
90.6 -0.532119
90.7 -0.739521
90.8 -0.89874
90.9 -0.996237
91 -0.696688
91.1 -0.884294
91.2 -0.974673
91.3 -0.995058
91.4 -0.945852
91.5 -1.16908
91.6 -1.07609
91.7 -0.865093
91.8 -1.0694
91.9 -1.00827
92 -0.764873
92.1 -1.03446
92.2 -0.709442
92.3 -0.613335
92.4 -1.06421
92.5 -1.00089
92.6 -1.00681
92.7 -1.03198
92.8 -1.06344
92.9 -0.822799
93 -0.790949
93.1 -1.08615
93.2 -1.15014
93.3 -0.914115
93.4 -0.631331
93.5 -1.00451
93.6 -0.893161
93.7 -0.705883
93.8 -0.827254
93.9 -0.84879
94 -1.2869
94.1 -0.827116
94.2 -0.725651
94.3 -1.04015
94.4 -0.405405
94.5 -1.20616
94.6 -0.885523
94.7 -1.20508
94.8 -0.941962
94.9 -0.512768
95 -0.577021
95.1 -0.835994
95.2 -0.727545
95.3 -1.09289
95.4 -1.09439
95.5 -0.873687
95.6 -0.873535
95.7 -1.12801
95.8 -0.930445
95.9 -0.65026
96 -1.00406
96.1 -0.888644
96.2 -0.912983
96.3 -0.866702
96.4 -0.996478
96.5 -1.05908
96.6 -1.05927
96.7 -1.28014
96.8 -0.904937
96.9 -0.566423
97 -0.902317
97.1 -0.83547
97.2 -1.02593
97.3 -1.02319
97.4 -0.863296
97.5 -0.845468
97.6 -1.1647
97.7 -1.15829
97.8 -1.00799
97.9 -0.903746
98 -1.00918
98.1 -0.566098
98.2 -0.610512
98.3 -0.788233
98.4 -0.809045
98.5 -0.997604
98.6 -1.32484
98.7 -0.883981
98.8 -1.12471
98.9 -0.941715
99 -0.920412
99.1 -0.987837
99.2 -0.781703
99.3 -0.783412
99.4 -0.954976
99.5 -0.927305
99.6 -0.882055
99.7 -0.640463
99.8 -0.60599
99.9 -1.13583
100 -1.10331
100.001 -1.12887
