23.5 0.362963
23.5015 0.310811
23.503 0.258912
23.5045 0.207265
23.506 0.155869
23.5075 0.104723
23.509 0.0538266
23.5105 0.0031797
23.512 -0.0472185
23.5135 -0.0973688
23.515 -0.147271
23.5165 -0.196927
23.518 -0.246337
23.5195 -0.295501
23.521 -0.34442
23.5225 -0.393094
23.524 -0.441524
23.5255 -0.489711
23.527 -0.537656
23.5285 -0.585358
23.53 -0.632818
23.5315 -0.680038
23.533 -0.727017
23.5345 -0.773756
23.536 -0.820256
23.5375 -0.866518
23.539 -0.912541
23.5405 -0.958327
23.542 -1.00388
23.5435 -1.04919
23.545 -1.09426
23.5465 -1.13911
23.548 -1.18371
23.5495 -1.22809
23.551 -1.27223
23.5525 -1.31613
23.554 -1.35981
23.5555 -1.40325
23.557 -1.44646
23.5585 -1.48944
23.56 -1.53219
23.5615 -1.57471
23.563 -1.61701
23.5645 -1.65907
23.566 -1.70091
23.5675 -1.74252
23.569 -1.7839
23.5705 -1.82506
23.572 -1.86599
23.5735 -1.90669
23.575 -1.94718
23.5765 -1.98743
23.578 -2.02747
23.5795 -2.06728
23.581 -2.10687
23.5825 -2.14624
23.584 -2.18539
23.5855 -2.22432
23.587 -2.26302
23.5885 -2.30151
23.59 -2.33978
23.5915 -2.37784
23.593 -2.41567
23.5945 -2.45329
23.596 -2.49069
23.5975 -2.52787
23.599 -2.56484
23.6006 -2.6016
23.6021 -2.63814
23.6036 -2.67447
23.6051 -2.71058
23.6066 -2.74648
23.6081 -2.78217
23.6096 -2.81765
23.6111 -2.85292
23.6126 -2.88797
23.6141 -2.92282
23.6156 -2.95746
23.6171 -2.99189
23.6186 -3.02611
23.6201 -3.06012
23.6216 -3.09393
23.6231 -3.12753
23.6246 -3.16092
23.6261 -3.19411
23.6276 -3.22709
23.6291 -3.25987
23.6306 -3.29245
23.6321 -3.32482
23.6336 -3.35699
23.6351 -3.38896
23.6366 -3.42073
23.6381 -3.45229
23.6396 -3.48366
23.6411 -3.51482
23.6426 -3.54579
23.6441 -3.57655
23.6456 -3.60712
23.6471 -3.63749
23.6486 -3.66766
23.6501 -3.69764
23.6516 -3.72742
23.6531 -3.757
23.6546 -3.78639
23.6561 -3.81559
23.6576 -3.84459
23.6591 -3.8734
23.6606 -3.90201
23.6621 -3.93043
23.6636 -3.95866
23.6651 -3.9867
23.6666 -4.01455
23.6681 -4.04221
23.6696 -4.06967
23.6711 -4.09695
23.6726 -4.12404
23.6741 -4.15094
23.6756 -4.17766
23.6771 -4.20418
23.6786 -4.23052
23.6801 -4.25668
23.6816 -4.28265
23.6831 -4.30843
23.6846 -4.33403
23.6861 -4.35944
23.6876 -4.38467
23.6891 -4.40972
23.6906 -4.43459
23.6921 -4.45927
23.6936 -4.48377
23.6951 -4.5081
23.6966 -4.53224
23.6981 -4.5562
23.6996 -4.57998
23.7011 -4.60358
23.7026 -4.62701
23.7041 -4.65026
23.7056 -4.67333
23.7071 -4.69622
23.7086 -4.71894
23.7101 -4.74148
23.7116 -4.76384
23.7131 -4.78603
23.7146 -4.80805
23.7161 -4.8299
23.7176 -4.85157
23.7191 -4.87306
23.7206 -4.89439
23.7221 -4.91554
23.7236 -4.93653
23.7251 -4.95734
23.7266 -4.97798
23.7281 -4.99845
23.7296 -5.01876
23.7311 -5.03889
23.7326 -5.05886
23.7341 -5.07866
23.7356 -5.09829
23.7371 -5.11775
23.7386 -5.13705
23.7401 -5.15619
23.7416 -5.17516
23.7431 -5.19396
23.7446 -5.2126
23.7461 -5.23108
23.7476 -5.24939
23.7491 -5.26754
23.7506 -5.28553
23.7521 -5.30336
23.7536 -5.32102
23.7551 -5.33853
23.7566 -5.35587
23.7581 -5.37306
23.7596 -5.39009
23.7611 -5.40695
23.7626 -5.42366
23.7641 -5.44022
23.7656 -5.45661
23.7671 -5.47285
23.7686 -5.48893
23.7701 -5.50486
23.7716 -5.52063
23.7731 -5.53625
23.7746 -5.55171
23.7761 -5.56702
23.7776 -5.58217
23.7791 -5.59718
23.7806 -5.61203
23.7821 -5.62673
23.7836 -5.64127
23.7851 -5.65567
23.7866 -5.66992
23.7881 -5.68401
23.7896 -5.69796
23.7911 -5.71176
23.7926 -5.72541
23.7941 -5.73891
23.7956 -5.75226
23.7971 -5.76547
23.7986 -5.77853
23.8002 -5.79145
23.8017 -5.80422
23.8032 -5.81684
23.8047 -5.82932
23.8062 -5.84166
23.8077 -5.85385
23.8092 -5.8659
23.8107 -5.87781
23.8122 -5.88957
23.8137 -5.90119
23.8152 -5.91267
23.8167 -5.92401
23.8182 -5.93521
23.8197 -5.94627
23.8212 -5.95719
23.8227 -5.96798
23.8242 -5.97862
23.8257 -5.98912
23.8272 -5.99949
23.8287 -6.00972
23.8302 -6.01982
23.8317 -6.02978
23.8332 -6.0396
23.8347 -6.04929
23.8362 -6.05884
23.8377 -6.06826
23.8392 -6.07754
23.8407 -6.08669
23.8422 -6.09571
23.8437 -6.1046
23.8452 -6.11335
23.8467 -6.12197
23.8482 -6.13046
23.8497 -6.13883
23.8512 -6.14706
23.8527 -6.15516
23.8542 -6.16313
23.8557 -6.17097
23.8572 -6.17869
23.8587 -6.18627
23.8602 -6.19373
23.8617 -6.20107
23.8632 -6.20827
23.8647 -6.21535
23.8662 -6.22231
23.8677 -6.22914
23.8692 -6.23584
23.8707 -6.24242
23.8722 -6.24888
23.8737 -6.25521
23.8752 -6.26142
23.8767 -6.26751
23.8782 -6.27348
23.8797 -6.27932
23.8812 -6.28504
23.8827 -6.29065
23.8842 -6.29613
23.8857 -6.30149
23.8872 -6.30674
23.8887 -6.31186
23.8902 -6.31687
23.8917 -6.32175
23.8932 -6.32653
23.8947 -6.33118
23.8962 -6.33572
23.8977 -6.34014
23.8992 -6.34444
23.9007 -6.34863
23.9022 -6.3527
23.9037 -6.35666
23.9052 -6.36051
23.9067 -6.36424
23.9082 -6.36786
23.9097 -6.37137
23.9112 -6.37476
23.9127 -6.37804
23.9142 -6.38121
23.9157 -6.38427
23.9172 -6.38722
23.9187 -6.39006
23.9202 -6.39279
23.9217 -6.39541
23.9232 -6.39792
23.9247 -6.40033
23.9262 -6.40262
23.9277 -6.40481
23.9292 -6.40689
23.9307 -6.40886
23.9322 -6.41073
23.9337 -6.41249
23.9352 -6.41414
23.9367 -6.41569
23.9382 -6.41714
23.9397 -6.41848
23.9412 -6.41972
23.9427 -6.42085
23.9442 -6.42188
23.9457 -6.42281
23.9472 -6.42364
23.9487 -6.42436
23.9502 -6.42499
23.9517 -6.42551
23.9532 -6.42593
23.9547 -6.42626
23.9562 -6.42648
23.9577 -6.4266
23.9592 -6.42663
23.9607 -6.42656
23.9622 -6.42638
23.9637 -6.42612
23.9652 -6.42575
23.9667 -6.42529
23.9682 -6.42473
23.9697 -6.42407
23.9712 -6.42332
23.9727 -6.42248
23.9742 -6.42154
23.9757 -6.4205
23.9772 -6.41938
23.9787 -6.41816
23.9802 -6.41684
23.9817 -6.41543
23.9832 -6.41393
23.9847 -6.41234
23.9862 -6.41066
23.9877 -6.40889
23.9892 -6.40702
23.9907 -6.40507
23.9922 -6.40303
23.9937 -6.40089
23.9952 -6.39867
23.9967 -6.39636
23.9982 -6.39396
23.9997 -6.39147
24.0013 -6.3889
24.0028 -6.38624
24.0043 -6.38349
24.0058 -6.38065
24.0073 -6.37773
24.0088 -6.37473
24.0103 -6.37164
24.0118 -6.36846
24.0133 -6.3652
24.0148 -6.36186
24.0163 -6.35843
24.0178 -6.35492
24.0193 -6.35133
24.0208 -6.34766
24.0223 -6.3439
24.0238 -6.34006
24.0253 -6.33614
24.0268 -6.33214
24.0283 -6.32806
24.0298 -6.3239
24.0313 -6.31966
24.0328 -6.31534
24.0343 -6.31095
24.0358 -6.30647
24.0373 -6.30192
24.0388 -6.29728
24.0403 -6.29258
24.0418 -6.28779
24.0433 -6.28293
24.0448 -6.27799
24.0463 -6.27297
24.0478 -6.26788
24.0493 -6.26272
24.0508 -6.25748
24.0523 -6.25217
24.0538 -6.24678
24.0553 -6.24132
24.0568 -6.23578
24.0583 -6.23018
24.0598 -6.2245
24.0613 -6.21875
24.0628 -6.21292
24.0643 -6.20703
24.0658 -6.20107
24.0673 -6.19503
24.0688 -6.18892
24.0703 -6.18275
24.0718 -6.1765
24.0733 -6.17019
24.0748 -6.16381
24.0763 -6.15736
24.0778 -6.15084
24.0793 -6.14425
24.0808 -6.1376
24.0823 -6.13088
24.0838 -6.12409
24.0853 -6.11724
24.0868 -6.11032
24.0883 -6.10334
24.0898 -6.09629
24.0913 -6.08918
24.0928 -6.082
24.0943 -6.07476
24.0958 -6.06745
24.0973 -6.06009
24.0988 -6.05266
24.1003 -6.04516
24.1018 -6.03761
24.1033 -6.02999
24.1048 -6.02231
24.1063 -6.01457
24.1078 -6.00677
24.1093 -5.99891
24.1108 -5.99099
24.1123 -5.98301
24.1138 -5.97497
24.1153 -5.96687
24.1168 -5.95871
24.1183 -5.9505
24.1198 -5.94223
24.1213 -5.9339
24.1228 -5.92551
24.1243 -5.91706
24.1258 -5.90856
24.1273 -5.9
24.1288 -5.89139
24.1303 -5.88272
24.1318 -5.874
24.1333 -5.86522
24.1348 -5.85639
24.1363 -5.8475
24.1378 -5.83856
24.1393 -5.82957
24.1408 -5.82052
24.1423 -5.81142
24.1438 -5.80227
24.1453 -5.79307
24.1468 -5.78381
24.1483 -5.7745
24.1498 -5.76515
24.1513 -5.75574
24.1528 -5.74628
24.1543 -5.73677
24.1558 -5.72721
24.1573 -5.7176
24.1588 -5.70795
24.1603 -5.69824
24.1618 -5.68849
24.1633 -5.67869
24.1648 -5.66884
24.1663 -5.65894
24.1678 -5.649
24.1693 -5.63901
24.1708 -5.62897
24.1723 -5.61889
24.1738 -5.60876
24.1753 -5.59859
24.1768 -5.58837
24.1783 -5.57811
24.1798 -5.5678
24.1813 -5.55745
24.1828 -5.54706
24.1843 -5.53662
24.1858 -5.52614
24.1873 -5.51561
24.1888 -5.50505
24.1903 -5.49444
24.1918 -5.48379
24.1933 -5.4731
24.1948 -5.46236
24.1963 -5.45159
24.1978 -5.44078
24.1993 -5.42992
24.2009 -5.41903
24.2024 -5.4081
24.2039 -5.39712
24.2054 -5.38611
24.2069 -5.37506
24.2084 -5.36397
24.2099 -5.35285
24.2114 -5.34168
24.2129 -5.33048
24.2144 -5.31925
24.2159 -5.30797
24.2174 -5.29666
24.2189 -5.28531
24.2204 -5.27393
24.2219 -5.26251
24.2234 -5.25106
24.2249 -5.23957
24.2264 -5.22805
24.2279 -5.21649
24.2294 -5.2049
24.2309 -5.19328
24.2324 -5.18162
24.2339 -5.16993
24.2354 -5.15821
24.2369 -5.14645
24.2384 -5.13466
24.2399 -5.12284
24.2414 -5.11099
24.2429 -5.09911
24.2444 -5.0872
24.2459 -5.07526
24.2474 -5.06328
24.2489 -5.05128
24.2504 -5.03925
24.2519 -5.02718
24.2534 -5.01509
24.2549 -5.00297
24.2564 -4.99082
24.2579 -4.97865
24.2594 -4.96644
24.2609 -4.95421
24.2624 -4.94195
24.2639 -4.92966
24.2654 -4.91735
24.2669 -4.90501
24.2684 -4.89264
24.2699 -4.88025
24.2714 -4.86784
24.2729 -4.85539
24.2744 -4.84293
24.2759 -4.83043
24.2774 -4.81792
24.2789 -4.80538
24.2804 -4.79281
24.2819 -4.78023
24.2834 -4.76761
24.2849 -4.75498
24.2864 -4.74232
24.2879 -4.72965
24.2894 -4.71694
24.2909 -4.70422
24.2924 -4.69148
24.2939 -4.67871
24.2954 -4.66593
24.2969 -4.65312
24.2984 -4.64029
24.2999 -4.62744
24.3014 -4.61458
24.3029 -4.60169
24.3044 -4.58878
24.3059 -4.57586
24.3074 -4.56291
24.3089 -4.54995
24.3104 -4.53697
24.3119 -4.52397
24.3134 -4.51095
24.3149 -4.49792
24.3164 -4.48487
24.3179 -4.4718
24.3194 -4.45872
24.3209 -4.44562
24.3224 -4.4325
24.3239 -4.41937
24.3254 -4.40622
24.3269 -4.39306
24.3284 -4.37988
24.3299 -4.36669
24.3314 -4.35348
24.3329 -4.34026
24.3344 -4.32703
24.3359 -4.31378
24.3374 -4.30052
24.3389 -4.28724
24.3404 -4.27395
24.3419 -4.26065
24.3434 -4.24734
24.3449 -4.23402
24.3464 -4.22068
24.3479 -4.20733
24.3494 -4.19397
24.3509 -4.1806
24.3524 -4.16722
24.3539 -4.15383
24.3554 -4.14043
24.3569 -4.12702
24.3584 -4.1136
24.3599 -4.10017
24.3614 -4.08673
24.3629 -4.07328
24.3644 -4.05982
24.3659 -4.04635
24.3674 -4.03288
24.3689 -4.0194
24.3704 -4.00591
24.3719 -3.99241
24.3734 -3.97891
24.3749 -3.9654
24.3764 -3.95188
24.3779 -3.93835
24.3794 -3.92482
24.3809 -3.91129
24.3824 -3.89775
24.3839 -3.8842
24.3854 -3.87064
24.3869 -3.85709
24.3884 -3.84352
24.3899 -3.82996
24.3914 -3.81639
24.3929 -3.80281
24.3944 -3.78923
24.3959 -3.77565
24.3974 -3.76206
24.3989 -3.74848
24.4005 -3.73488
24.402 -3.72129
24.4035 -3.70769
24.405 -3.6941
24.4065 -3.6805
24.408 -3.66689
24.4095 -3.65329
24.411 -3.63969
24.4125 -3.62608
24.414 -3.61248
24.4155 -3.59887
24.417 -3.58526
24.4185 -3.57166
24.42 -3.55805
24.4215 -3.54445
24.423 -3.53084
24.4245 -3.51724
24.426 -3.50363
24.4275 -3.49003
24.429 -3.47643
24.4305 -3.46283
24.432 -3.44924
24.4335 -3.43565
24.435 -3.42205
24.4365 -3.40847
24.438 -3.39488
24.4395 -3.3813
24.441 -3.36772
24.4425 -3.35415
24.444 -3.34058
24.4455 -3.32701
24.447 -3.31345
24.4485 -3.29989
24.45 -3.28634
24.4515 -3.27279
24.453 -3.25925
24.4545 -3.24571
24.456 -3.23218
24.4575 -3.21865
24.459 -3.20513
24.4605 -3.19162
24.462 -3.17811
24.4635 -3.16461
24.465 -3.15112
24.4665 -3.13763
24.468 -3.12415
24.4695 -3.11068
24.471 -3.09722
24.4725 -3.08376
24.474 -3.07031
24.4755 -3.05687
24.477 -3.04344
24.4785 -3.03002
24.48 -3.01661
24.4815 -3.00321
24.483 -2.98981
24.4845 -2.97643
24.486 -2.96305
24.4875 -2.94969
24.489 -2.93634
24.4905 -2.92299
24.492 -2.90966
24.4935 -2.89634
24.495 -2.88303
24.4965 -2.86973
24.498 -2.85644
24.4995 -2.84316
24.501 -2.8299
24.5025 -2.81665
24.504 -2.80341
24.5055 -2.79018
24.507 -2.77696
24.5085 -2.76376
24.51 -2.75057
24.5115 -2.7374
24.513 -2.72423
24.5145 -2.71109
24.516 -2.69795
24.5175 -2.68483
24.519 -2.67172
24.5205 -2.65863
24.522 -2.64555
24.5235 -2.63249
24.525 -2.61944
24.5265 -2.60641
24.528 -2.59339
24.5295 -2.58039
24.531 -2.5674
24.5325 -2.55443
24.534 -2.54148
24.5355 -2.52854
24.537 -2.51562
24.5385 -2.50272
24.54 -2.48983
24.5415 -2.47696
24.543 -2.4641
24.5445 -2.45127
24.546 -2.43845
24.5475 -2.42565
24.549 -2.41287
24.5505 -2.4001
24.552 -2.38736
24.5535 -2.37463
24.555 -2.36192
24.5565 -2.34923
24.558 -2.33656
24.5595 -2.3239
24.561 -2.31127
24.5625 -2.29866
24.564 -2.28606
24.5655 -2.27349
24.567 -2.26094
24.5685 -2.2484
24.57 -2.23589
24.5715 -2.2234
24.573 -2.21093
24.5745 -2.19847
24.576 -2.18604
24.5775 -2.17364
24.579 -2.16125
24.5805 -2.14888
24.582 -2.13654
24.5835 -2.12422
24.585 -2.11192
24.5865 -2.09964
24.588 -2.08738
24.5895 -2.07515
24.591 -2.06294
24.5925 -2.05075
24.594 -2.03859
24.5955 -2.02645
24.597 -2.01433
24.5985 -2.00224
24.6001 -1.99017
24.6016 -1.97812
24.6031 -1.9661
24.6046 -1.9541
24.6061 -1.94213
24.6076 -1.93018
24.6091 -1.91825
24.6106 -1.90635
24.6121 -1.89448
24.6136 -1.88263
24.6151 -1.87081
24.6166 -1.85901
24.6181 -1.84723
24.6196 -1.83549
24.6211 -1.82376
24.6226 -1.81207
24.6241 -1.8004
24.6256 -1.78875
24.6271 -1.77714
24.6286 -1.76555
24.6301 -1.75398
24.6316 -1.74245
24.6331 -1.73094
24.6346 -1.71946
24.6361 -1.708
24.6376 -1.69657
24.6391 -1.68517
24.6406 -1.6738
24.6421 -1.66246
24.6436 -1.65114
24.6451 -1.63985
24.6466 -1.6286
24.6481 -1.61736
24.6496 -1.60616
24.6511 -1.59499
24.6526 -1.58384
24.6541 -1.57273
24.6556 -1.56164
24.6571 -1.55059
24.6586 -1.53956
24.6601 -1.52856
24.6616 -1.51759
24.6631 -1.50665
24.6646 -1.49575
24.6661 -1.48487
24.6676 -1.47402
24.6691 -1.4632
24.6706 -1.45242
24.6721 -1.44166
24.6736 -1.43094
24.6751 -1.42024
24.6766 -1.40958
24.6781 -1.39895
24.6796 -1.38834
24.6811 -1.37778
24.6826 -1.36724
24.6841 -1.35673
24.6856 -1.34626
24.6871 -1.33581
24.6886 -1.3254
24.6901 -1.31503
24.6916 -1.30468
24.6931 -1.29437
24.6946 -1.28409
24.6961 -1.27384
24.6976 -1.26362
24.6991 -1.25344
24.7006 -1.24329
24.7021 -1.23318
24.7036 -1.22309
24.7051 -1.21304
24.7066 -1.20303
24.7081 -1.19305
24.7096 -1.1831
24.7111 -1.17318
24.7126 -1.1633
24.7141 -1.15346
24.7156 -1.14364
24.7171 -1.13387
24.7186 -1.12412
24.7201 -1.11441
24.7216 -1.10474
24.7231 -1.0951
24.7246 -1.0855
24.7261 -1.07593
24.7276 -1.06639
24.7291 -1.05689
24.7306 -1.04743
24.7321 -1.038
24.7336 -1.02861
24.7351 -1.01925
24.7366 -1.00993
24.7381 -1.00064
24.7396 -0.991392
24.7411 -0.982178
24.7426 -0.973001
24.7441 -0.96386
24.7456 -0.954755
24.7471 -0.945686
24.7486 -0.936654
24.7501 -0.927659
24.7516 -0.918701
24.7531 -0.909779
24.7546 -0.900895
24.7561 -0.892047
24.7576 -0.883237
24.7591 -0.874464
24.7606 -0.865728
24.7621 -0.85703
24.7636 -0.848369
24.7651 -0.839746
24.7666 -0.831161
24.7681 -0.822613
24.7696 -0.814104
24.7711 -0.805632
24.7726 -0.797198
24.7741 -0.788803
24.7756 -0.780446
24.7771 -0.772128
24.7786 -0.763847
24.7801 -0.755606
24.7816 -0.747403
24.7831 -0.739239
24.7846 -0.731113
24.7861 -0.723027
24.7876 -0.714979
24.7891 -0.70697
24.7906 -0.699001
24.7921 -0.691071
24.7936 -0.68318
24.7951 -0.675329
24.7966 -0.667517
24.7981 -0.659745
24.7996 -0.652012
24.8012 -0.644319
24.8027 -0.636666
24.8042 -0.629052
24.8057 -0.621479
24.8072 -0.613946
24.8087 -0.606453
24.8102 -0.599
24.8117 -0.591587
24.8132 -0.584215
24.8147 -0.576883
24.8162 -0.569591
24.8177 -0.56234
24.8192 -0.55513
24.8207 -0.54796
24.8222 -0.540831
24.8237 -0.533744
24.8252 -0.526697
24.8267 -0.51969
24.8282 -0.512725
24.8297 -0.505802
24.8312 -0.498919
24.8327 -0.492078
24.8342 -0.485278
24.8357 -0.478519
24.8372 -0.471802
24.8387 -0.465126
24.8402 -0.458492
24.8417 -0.4519
24.8432 -0.445349
24.8447 -0.43884
24.8462 -0.432373
24.8477 -0.425948
24.8492 -0.419564
24.8507 -0.413223
24.8522 -0.406924
24.8537 -0.400667
24.8552 -0.394452
24.8567 -0.38828
24.8582 -0.38215
24.8597 -0.376062
24.8612 -0.370017
24.8627 -0.364014
24.8642 -0.358053
24.8657 -0.352136
24.8672 -0.34626
24.8687 -0.340428
24.8702 -0.334638
24.8717 -0.328892
24.8732 -0.323188
24.8747 -0.317527
24.8762 -0.311908
24.8777 -0.306333
24.8792 -0.300801
24.8807 -0.295312
24.8822 -0.289866
24.8837 -0.284464
24.8852 -0.279105
24.8867 -0.273788
24.8882 -0.268516
24.8897 -0.263286
24.8912 -0.2581
24.8927 -0.252958
24.8942 -0.247859
24.8957 -0.242804
24.8972 -0.237792
24.8987 -0.232824
24.9002 -0.227899
24.9017 -0.223019
24.9032 -0.218182
24.9047 -0.213388
24.9062 -0.208639
24.9077 -0.203934
24.9092 -0.199272
24.9107 -0.194654
24.9122 -0.190081
24.9137 -0.185551
24.9152 -0.181066
24.9167 -0.176624
24.9182 -0.172227
24.9197 -0.167873
24.9212 -0.163564
24.9227 -0.1593
24.9242 -0.155079
24.9257 -0.150903
24.9272 -0.146771
24.9287 -0.142683
24.9302 -0.13864
24.9317 -0.134641
24.9332 -0.130686
24.9347 -0.126776
24.9362 -0.122911
24.9377 -0.11909
24.9392 -0.115313
24.9407 -0.111581
24.9422 -0.107894
24.9437 -0.104251
24.9452 -0.100653
24.9467 -0.097099
24.9482 -0.0935901
24.9497 -0.0901258
24.9512 -0.0867063
24.9527 -0.0833315
24.9542 -0.0800014
24.9557 -0.0767161
24.9572 -0.0734756
24.9587 -0.0702798
24.9602 -0.0671289
24.9617 -0.0640228
24.9632 -0.0609616
24.9647 -0.0579452
24.9662 -0.0549736
24.9677 -0.052047
24.9692 -0.0491652
24.9707 -0.0463284
24.9722 -0.0435365
24.9737 -0.0407895
24.9752 -0.0380875
24.9767 -0.0354304
24.9782 -0.0328183
24.9797 -0.0302512
24.9812 -0.027729
24.9827 -0.0252519
24.9842 -0.0228197
24.9857 -0.0204326
24.9872 -0.0180904
24.9887 -0.0157933
24.9902 -0.0135412
24.9917 -0.0113341
24.9932 -0.009172
24.9947 -0.00705497
24.9962 -0.00498297
24.9977 -0.002956
24.9992 -0.000974076
25.0008 0.000962816
25.0023 0.00285467
25.0038 0.00470149
25.0053 0.00650328
25.0068 0.00826003
25.0083 0.00997175
25.0098 0.0116384
25.0113 0.0132601
25.0128 0.0148368
25.0143 0.0163684
25.0158 0.017855
25.0173 0.0192966
25.0188 0.0206933
25.0203 0.0220449
25.0218 0.0233515
25.0233 0.0246132
25.0248 0.0258299
25.0263 0.0270017
25.0278 0.0281285
25.0293 0.0292104
25.0308 0.0302473
25.0323 0.0312394
25.0338 0.0321865
25.0353 0.0330888
25.0368 0.0339461
25.0383 0.0347587
25.0398 0.0355264
25.0413 0.0362492
25.0428 0.0369273
25.0443 0.0375605
25.0458 0.038149
25.0473 0.0386927
25.0488 0.0391917
25.0503 0.0396459
25.0518 0.0400555
25.0533 0.0404203
25.0548 0.0407405
25.0563 0.0410161
25.0578 0.0412471
25.0593 0.0414334
25.0608 0.0415752
25.0623 0.0416724
25.0638 0.0417251
25.0653 0.0417334
25.0668 0.0416971
25.0683 0.0416164
25.0698 0.0414913
25.0713 0.0413217
25.0728 0.0411079
25.0743 0.0408496
25.0758 0.0405471
25.0773 0.0402003
25.0788 0.0398093
25.0803 0.039374
25.0818 0.0388946
25.0833 0.038371
25.0848 0.0378033
25.0863 0.0371915
25.0878 0.0365356
25.0893 0.0358358
25.0908 0.0350919
25.0923 0.0343041
25.0938 0.0334724
25.0953 0.0325968
25.0968 0.0316774
25.0983 0.0307142
25.0998 0.0297073
25.1013 0.0286566
25.1028 0.0275622
25.1043 0.0264242
25.1058 0.0252426
25.1073 0.0240175
25.1088 0.0227488
25.1103 0.0214367
25.1118 0.0200811
25.1133 0.0186822
25.1148 0.0172399
25.1163 0.0157544
25.1178 0.0142256
25.1193 0.0126535
25.1208 0.0110384
25.1223 0.00938011
25.1238 0.00767878
25.1253 0.00593444
25.1268 0.00414715
25.1283 0.00231695
25.1298 0.000443894
25.1313 -0.00147197
25.1328 -0.00343059
25.1343 -0.00543191
25.1358 -0.00747587
25.1373 -0.00956244
25.1388 -0.0116915
25.1403 -0.0138631
25.1418 -0.0160771
25.1433 -0.0183335
25.1448 -0.0206323
25.1463 -0.0229732
25.1478 -0.0253564
25.1493 -0.0277817
25.1508 -0.0302491
25.1523 -0.0327586
25.1538 -0.0353099
25.1553 -0.0379032
25.1568 -0.0405384
25.1583 -0.0432153
25.1598 -0.045934
25.1613 -0.0486943
25.1628 -0.0514961
25.1643 -0.0543396
25.1658 -0.0572244
25.1673 -0.0601507
25.1688 -0.0631183
25.1703 -0.0661272
25.1718 -0.0691772
25.1733 -0.0722684
25.1748 -0.0754007
25.1763 -0.0785739
25.1778 -0.0817881
25.1793 -0.0850431
25.1808 -0.0883389
25.1823 -0.0916754
25.1838 -0.0950525
25.1853 -0.0984702
25.1868 -0.101928
25.1883 -0.105427
25.1898 -0.108966
25.1913 -0.112545
25.1928 -0.116165
25.1943 -0.119824
25.1958 -0.123524
25.1973 -0.127263
25.1988 -0.131043
25.2004 -0.134862
25.2019 -0.138721
25.2034 -0.142619
25.2049 -0.146557
25.2064 -0.150535
25.2079 -0.154552
25.2094 -0.158608
25.2109 -0.162704
25.2124 -0.166839
25.2139 -0.171012
25.2154 -0.175225
25.2169 -0.179477
25.2184 -0.183767
25.2199 -0.188096
25.2214 -0.192464
25.2229 -0.196871
25.2244 -0.201315
25.2259 -0.205799
25.2274 -0.21032
25.2289 -0.21488
25.2304 -0.219478
25.2319 -0.224113
25.2334 -0.228787
25.2349 -0.233499
25.2364 -0.238248
25.2379 -0.243035
25.2394 -0.247859
25.2409 -0.252721
25.2424 -0.257621
25.2439 -0.262557
25.2454 -0.267531
25.2469 -0.272542
25.2484 -0.27759
25.2499 -0.282674
25.2514 -0.287796
25.2529 -0.292954
25.2544 -0.298148
25.2559 -0.303379
25.2574 -0.308647
25.2589 -0.313951
25.2604 -0.319291
25.2619 -0.324666
25.2634 -0.330078
25.2649 -0.335526
25.2664 -0.34101
25.2679 -0.346529
25.2694 -0.352084
25.2709 -0.357674
25.2724 -0.363299
25.2739 -0.36896
25.2754 -0.374656
25.2769 -0.380387
25.2784 -0.386152
25.2799 -0.391953
25.2814 -0.397788
25.2829 -0.403658
25.2844 -0.409562
25.2859 -0.4155
25.2874 -0.421473
25.2889 -0.42748
25.2904 -0.43352
25.2919 -0.439595
25.2934 -0.445703
25.2949 -0.451845
25.2964 -0.458021
25.2979 -0.46423
25.2994 -0.470472
25.3009 -0.476748
25.3024 -0.483056
25.3039 -0.489398
25.3054 -0.495772
25.3069 -0.502179
25.3084 -0.508618
25.3099 -0.51509
25.3114 -0.521594
25.3129 -0.528131
25.3144 -0.534699
25.3159 -0.5413
25.3174 -0.547932
25.3189 -0.554596
25.3204 -0.561292
25.3219 -0.568019
25.3234 -0.574777
25.3249 -0.581567
25.3264 -0.588387
25.3279 -0.595239
25.3294 -0.602121
25.3309 -0.609034
25.3324 -0.615978
25.3339 -0.622952
25.3354 -0.629956
25.3369 -0.63699
25.3384 -0.644055
25.3399 -0.651149
25.3414 -0.658273
25.3429 -0.665427
25.3444 -0.67261
25.3459 -0.679822
25.3474 -0.687064
25.3489 -0.694335
25.3504 -0.701634
25.3519 -0.708963
25.3534 -0.71632
25.3549 -0.723705
25.3564 -0.731119
25.3579 -0.738561
25.3594 -0.746031
25.3609 -0.753529
25.3624 -0.761055
25.3639 -0.768609
25.3654 -0.77619
25.3669 -0.783798
25.3684 -0.791434
25.3699 -0.799097
25.3714 -0.806786
25.3729 -0.814503
25.3744 -0.822246
25.3759 -0.830015
25.3774 -0.837811
25.3789 -0.845633
25.3804 -0.853481
25.3819 -0.861355
25.3834 -0.869255
25.3849 -0.87718
25.3864 -0.885131
25.3879 -0.893107
25.3894 -0.901108
25.3909 -0.909134
25.3924 -0.917185
25.3939 -0.92526
25.3954 -0.93336
25.3969 -0.941484
25.3984 -0.949633
25.3999 -0.957805
25.4015 -0.966002
25.403 -0.974222
25.4045 -0.982465
25.406 -0.990732
25.4075 -0.999022
25.409 -1.00734
25.4105 -1.01567
25.412 -1.02403
25.4135 -1.03241
25.415 -1.04082
25.4165 -1.04924
25.418 -1.05769
25.4195 -1.06616
25.421 -1.07465
25.4225 -1.08317
25.424 -1.0917
25.4255 -1.10026
25.427 -1.10883
25.4285 -1.11743
25.43 -1.12605
25.4315 -1.13469
25.433 -1.14335
25.4345 -1.15203
25.436 -1.16073
25.4375 -1.16945
25.439 -1.17819
25.4405 -1.18695
25.442 -1.19573
25.4435 -1.20452
25.445 -1.21334
25.4465 -1.22218
25.448 -1.23103
25.4495 -1.2399
25.451 -1.24879
25.4525 -1.2577
25.454 -1.26663
25.4555 -1.27558
25.457 -1.28454
25.4585 -1.29352
25.46 -1.30251
25.4615 -1.31153
25.463 -1.32056
25.4645 -1.32961
25.466 -1.33867
25.4675 -1.34775
25.469 -1.35685
25.4705 -1.36596
25.472 -1.37509
25.4735 -1.38423
25.475 -1.39339
25.4765 -1.40256
25.478 -1.41175
25.4795 -1.42096
25.481 -1.43018
25.4825 -1.43941
25.484 -1.44866
25.4855 -1.45792
25.487 -1.46719
25.4885 -1.47648
25.49 -1.48578
25.4915 -1.4951
25.493 -1.50443
25.4945 -1.51377
25.496 -1.52312
25.4975 -1.53249
25.499 -1.54187
25.5005 -1.55126
25.502 -1.56066
25.5035 -1.57007
25.505 -1.5795
25.5065 -1.58894
25.508 -1.59838
25.5095 -1.60784
25.511 -1.61731
25.5125 -1.62679
25.514 -1.63628
25.5155 -1.64578
25.517 -1.65529
25.5185 -1.66481
25.52 -1.67434
25.5215 -1.68388
25.523 -1.69343
25.5245 -1.70299
25.526 -1.71255
25.5275 -1.72213
25.529 -1.73171
25.5305 -1.7413
25.532 -1.75089
25.5335 -1.7605
25.535 -1.77011
25.5365 -1.77973
25.538 -1.78936
25.5395 -1.79899
25.541 -1.80863
25.5425 -1.81828
25.544 -1.82793
25.5455 -1.83759
25.547 -1.84725
25.5485 -1.85692
25.55 -1.86659
25.5515 -1.87627
25.553 -1.88596
25.5545 -1.89565
25.556 -1.90534
25.5575 -1.91504
25.559 -1.92474
25.5605 -1.93444
25.562 -1.94415
25.5635 -1.95386
25.565 -1.96358
25.5665 -1.97329
25.568 -1.98301
25.5695 -1.99273
25.571 -2.00246
25.5725 -2.01218
25.574 -2.02191
25.5755 -2.03164
25.577 -2.04137
25.5785 -2.0511
25.58 -2.06083
25.5815 -2.07057
25.583 -2.0803
25.5845 -2.09003
25.586 -2.09976
25.5875 -2.1095
25.589 -2.11923
25.5905 -2.12896
25.592 -2.13869
25.5935 -2.14841
25.595 -2.15814
25.5965 -2.16787
25.598 -2.17759
25.5995 -2.18731
25.6011 -2.19703
25.6026 -2.20674
25.6041 -2.21645
25.6056 -2.22616
25.6071 -2.23587
25.6086 -2.24557
25.6101 -2.25526
25.6116 -2.26496
25.6131 -2.27465
25.6146 -2.28433
25.6161 -2.29401
25.6176 -2.30368
25.6191 -2.31335
25.6206 -2.32301
25.6221 -2.33267
25.6236 -2.34232
25.6251 -2.35197
25.6266 -2.3616
25.6281 -2.37123
25.6296 -2.38086
25.6311 -2.39047
25.6326 -2.40008
25.6341 -2.40968
25.6356 -2.41927
25.6371 -2.42886
25.6386 -2.43843
25.6401 -2.448
25.6416 -2.45755
25.6431 -2.4671
25.6446 -2.47664
25.6461 -2.48617
25.6476 -2.49568
25.6491 -2.50519
25.6506 -2.51469
25.6521 -2.52417
25.6536 -2.53365
25.6551 -2.54311
25.6566 -2.55256
25.6581 -2.562
25.6596 -2.57143
25.6611 -2.58084
25.6626 -2.59024
25.6641 -2.59963
25.6656 -2.609
25.6671 -2.61836
25.6686 -2.62771
25.6701 -2.63704
25.6716 -2.64636
25.6731 -2.65567
25.6746 -2.66496
25.6761 -2.67423
25.6776 -2.68349
25.6791 -2.69273
25.6806 -2.70196
25.6821 -2.71117
25.6836 -2.72036
25.6851 -2.72954
25.6866 -2.7387
25.6881 -2.74784
25.6896 -2.75697
25.6911 -2.76607
25.6926 -2.77516
25.6941 -2.78423
25.6956 -2.79328
25.6971 -2.80232
25.6986 -2.81133
25.7001 -2.82032
25.7016 -2.8293
25.7031 -2.83825
25.7046 -2.84718
25.7061 -2.8561
25.7076 -2.86499
25.7091 -2.87386
25.7106 -2.88271
25.7121 -2.89154
25.7136 -2.90034
25.7151 -2.90912
25.7166 -2.91788
25.7181 -2.92662
25.7196 -2.93533
25.7211 -2.94402
25.7226 -2.95269
25.7241 -2.96133
25.7256 -2.96995
25.7271 -2.97855
25.7286 -2.98711
25.7301 -2.99566
25.7316 -3.00417
25.7331 -3.01267
25.7346 -3.02113
25.7361 -3.02957
25.7376 -3.03798
25.7391 -3.04637
25.7406 -3.05473
25.7421 -3.06306
25.7436 -3.07136
25.7451 -3.07964
25.7466 -3.08788
25.7481 -3.0961
25.7496 -3.10429
25.7511 -3.11245
25.7526 -3.12058
25.7541 -3.12868
25.7556 -3.13675
25.7571 -3.14479
25.7586 -3.1528
25.7601 -3.16077
25.7616 -3.16872
25.7631 -3.17663
25.7646 -3.18451
25.7661 -3.19236
25.7676 -3.20018
25.7691 -3.20796
25.7706 -3.21571
25.7721 -3.22343
25.7736 -3.23111
25.7751 -3.23876
25.7766 -3.24638
25.7781 -3.25396
25.7796 -3.2615
25.7811 -3.26901
25.7826 -3.27648
25.7841 -3.28392
25.7856 -3.29132
25.7871 -3.29868
25.7886 -3.30601
25.7901 -3.3133
25.7916 -3.32055
25.7931 -3.32777
25.7946 -3.33494
25.7961 -3.34208
25.7976 -3.34918
25.7991 -3.35624
25.8007 -3.36326
25.8022 -3.37024
25.8037 -3.37718
25.8052 -3.38408
25.8067 -3.39094
25.8082 -3.39776
25.8097 -3.40453
25.8112 -3.41127
25.8127 -3.41796
25.8142 -3.42461
25.8157 -3.43122
25.8172 -3.43778
25.8187 -3.4443
25.8202 -3.45078
25.8217 -3.45721
25.8232 -3.4636
25.8247 -3.46995
25.8262 -3.47625
25.8277 -3.4825
25.8292 -3.48871
25.8307 -3.49487
25.8322 -3.50099
25.8337 -3.50706
25.8352 -3.51308
25.8367 -3.51905
25.8382 -3.52498
25.8397 -3.53086
25.8412 -3.53669
25.8427 -3.54247
25.8442 -3.54821
25.8457 -3.55389
25.8472 -3.55953
25.8487 -3.56511
25.8502 -3.57065
25.8517 -3.57613
25.8532 -3.58156
25.8547 -3.58695
25.8562 -3.59228
25.8577 -3.59755
25.8592 -3.60278
25.8607 -3.60795
25.8622 -3.61307
25.8637 -3.61814
25.8652 -3.62315
25.8667 -3.62811
25.8682 -3.63302
25.8697 -3.63787
25.8712 -3.64266
25.8727 -3.6474
25.8742 -3.65208
25.8757 -3.65671
25.8772 -3.66128
25.8787 -3.66579
25.8802 -3.67025
25.8817 -3.67465
25.8832 -3.67899
25.8847 -3.68328
25.8862 -3.6875
25.8877 -3.69167
25.8892 -3.69577
25.8907 -3.69982
25.8922 -3.70381
25.8937 -3.70773
25.8952 -3.7116
25.8967 -3.7154
25.8982 -3.71915
25.8997 -3.72283
25.9012 -3.72645
25.9027 -3.73001
25.9042 -3.7335
25.9057 -3.73693
25.9072 -3.7403
25.9087 -3.7436
25.9102 -3.74684
25.9117 -3.75002
25.9132 -3.75313
25.9147 -3.75617
25.9162 -3.75915
25.9177 -3.76206
25.9192 -3.76491
25.9207 -3.76769
25.9222 -3.7704
25.9237 -3.77304
25.9252 -3.77562
25.9267 -3.77813
25.9282 -3.78057
25.9297 -3.78294
25.9312 -3.78524
25.9327 -3.78747
25.9342 -3.78963
25.9357 -3.79173
25.9372 -3.79375
25.9387 -3.79569
25.9402 -3.79757
25.9417 -3.79938
25.9432 -3.80111
25.9447 -3.80277
25.9462 -3.80436
25.9477 -3.80587
25.9492 -3.80731
25.9507 -3.80868
25.9522 -3.80997
25.9537 -3.81118
25.9552 -3.81232
25.9567 -3.81339
25.9582 -3.81438
25.9597 -3.81529
25.9612 -3.81613
25.9627 -3.81688
25.9642 -3.81756
25.9657 -3.81817
25.9672 -3.81869
25.9687 -3.81914
25.9702 -3.8195
25.9717 -3.81979
25.9732 -3.82
25.9747 -3.82012
25.9762 -3.82017
25.9777 -3.82013
25.9792 -3.82001
25.9807 -3.81981
25.9822 -3.81953
25.9837 -3.81917
25.9852 -3.81872
25.9867 -3.81819
25.9882 -3.81758
25.9897 -3.81688
25.9912 -3.8161
25.9927 -3.81523
25.9942 -3.81427
25.9957 -3.81323
25.9972 -3.81211
25.9987 -3.8109
26.0003 -3.8096
26.0018 -3.80821
26.0033 -3.80673
26.0048 -3.80517
26.0063 -3.80352
26.0078 -3.80178
26.0093 -3.79995
26.0108 -3.79803
26.0123 -3.79602
26.0138 -3.79392
26.0153 -3.79173
26.0168 -3.78945
26.0183 -3.78707
26.0198 -3.7846
26.0213 -3.78205
26.0228 -3.77939
26.0243 -3.77665
26.0258 -3.77381
26.0273 -3.77087
26.0288 -3.76784
26.0303 -3.76472
26.0318 -3.7615
26.0333 -3.75819
26.0348 -3.75478
26.0363 -3.75127
26.0378 -3.74766
26.0393 -3.74396
26.0408 -3.74016
26.0423 -3.73626
26.0438 -3.73226
26.0453 -3.72817
26.0468 -3.72397
26.0483 -3.71967
26.0498 -3.71528
26.0513 -3.71078
26.0528 -3.70618
26.0543 -3.70148
26.0558 -3.69668
26.0573 -3.69177
26.0588 -3.68676
26.0603 -3.68165
26.0618 -3.67644
26.0633 -3.67112
26.0648 -3.66569
26.0663 -3.66016
26.0678 -3.65453
26.0693 -3.64879
26.0708 -3.64294
26.0723 -3.63699
26.0738 -3.63093
26.0753 -3.62476
26.0768 -3.61848
26.0783 -3.6121
26.0798 -3.6056
26.0813 -3.599
26.0828 -3.59229
26.0843 -3.58547
26.0858 -3.57853
26.0873 -3.57149
26.0888 -3.56433
26.0903 -3.55706
26.0918 -3.54968
26.0933 -3.54219
26.0948 -3.53459
26.0963 -3.52687
26.0978 -3.51903
26.0993 -3.51108
26.1008 -3.50302
26.1023 -3.49484
26.1038 -3.48655
26.1053 -3.47814
26.1068 -3.46961
26.1083 -3.46097
26.1098 -3.4522
26.1113 -3.44332
26.1128 -3.43433
26.1143 -3.42521
26.1158 -3.41597
26.1173 -3.40662
26.1188 -3.39714
26.1203 -3.38754
26.1218 -3.37782
26.1233 -3.36798
26.1248 -3.35802
26.1263 -3.34794
26.1278 -3.33773
26.1293 -3.3274
26.1308 -3.31695
26.1323 -3.30637
26.1338 -3.29566
26.1353 -3.28484
26.1368 -3.27388
26.1383 -3.2628
26.1398 -3.2516
26.1413 -3.24026
26.1428 -3.2288
26.1443 -3.21721
26.1458 -3.2055
26.1473 -3.19365
26.1488 -3.18167
26.1503 -3.16957
26.1518 -3.15734
26.1533 -3.14497
26.1548 -3.13247
26.1563 -3.11985
26.1578 -3.10709
26.1593 -3.09419
26.1608 -3.08117
26.1623 -3.06801
26.1638 -3.05472
26.1653 -3.04129
26.1668 -3.02773
26.1683 -3.01404
26.1698 -3.0002
26.1713 -2.98624
26.1728 -2.97213
26.1743 -2.95789
26.1758 -2.94351
26.1773 -2.92899
26.1788 -2.91434
26.1803 -2.89954
26.1818 -2.88461
26.1833 -2.86953
26.1848 -2.85432
26.1863 -2.83897
26.1878 -2.82347
26.1893 -2.80783
26.1908 -2.79205
26.1923 -2.77613
26.1938 -2.76006
26.1953 -2.74385
26.1968 -2.7275
26.1983 -2.711
26.1998 -2.69436
26.2014 -2.67757
26.2029 -2.66063
26.2044 -2.64355
26.2059 -2.62632
26.2074 -2.60895
26.2089 -2.59142
26.2104 -2.57375
26.2119 -2.55593
26.2134 -2.53796
26.2149 -2.51984
26.2164 -2.50157
26.2179 -2.48315
26.2194 -2.46458
26.2209 -2.44585
26.2224 -2.42698
26.2239 -2.40795
26.2254 -2.38876
26.2269 -2.36943
26.2284 -2.34994
26.2299 -2.33029
26.2314 -2.31049
26.2329 -2.29054
26.2344 -2.27042
26.2359 -2.25015
26.2374 -2.22973
26.2389 -2.20914
26.2404 -2.1884
26.2419 -2.1675
26.2434 -2.14644
26.2449 -2.12522
26.2464 -2.10384
26.2479 -2.0823
26.2494 -2.0606
26.2509 -2.03874
26.2524 -2.01672
26.2539 -1.99453
26.2554 -1.97218
26.2569 -1.94967
26.2584 -1.92699
26.2599 -1.90415
26.2614 -1.88114
26.2629 -1.85796
26.2644 -1.83463
26.2659 -1.81112
26.2674 -1.78745
26.2689 -1.76361
26.2704 -1.7396
26.2719 -1.71542
26.2734 -1.69107
26.2749 -1.66656
26.2764 -1.64187
26.2779 -1.61702
26.2794 -1.59199
26.2809 -1.56679
26.2824 -1.54142
26.2839 -1.51587
26.2854 -1.49016
26.2869 -1.46427
26.2884 -1.4382
26.2899 -1.41196
26.2914 -1.38555
26.2929 -1.35895
26.2944 -1.33219
26.2959 -1.30524
26.2974 -1.27812
26.2989 -1.25082
26.3004 -1.22335
26.3019 -1.19569
26.3034 -1.16786
26.3049 -1.13984
26.3064 -1.11165
26.3079 -1.08327
26.3094 -1.05471
26.3109 -1.02597
26.3124 -0.99705
26.3139 -0.967945
26.3154 -0.938656
26.3169 -0.909184
26.3184 -0.879527
26.3199 -0.849685
26.3214 -0.819657
26.3229 -0.789443
26.3244 -0.759043
26.3259 -0.728456
26.3274 -0.69768
26.3289 -0.666717
26.3304 -0.635565
26.3319 -0.604224
26.3334 -0.572692
26.3349 -0.540971
26.3364 -0.509059
26.3379 -0.476955
26.3394 -0.444659
26.3409 -0.412171
26.3424 -0.37949
26.3439 -0.346615
26.3454 -0.313547
26.3469 -0.280284
26.3484 -0.246825
26.3499 -0.213171
26.3514 -0.179321
26.3529 -0.145275
26.3544 -0.11103
26.3559 -0.0765886
26.3574 -0.0419484
26.3589 -0.00710927
26.3604 0.0279292
26.3619 0.0631677
26.3634 0.0986066
26.3649 0.134247
26.3664 0.170088
26.3679 0.206132
26.3694 0.242378
26.3709 0.278828
26.3724 0.315481
26.3739 0.352339
26.3754 0.389401
26.3769 0.426669
26.3784 0.464143
26.3799 0.501823
26.3814 0.53971
26.3829 0.577805
26.3844 0.616108
26.3859 0.654619
26.3874 0.69334
26.3889 0.732271
26.3904 0.771412
26.3919 0.810764
26.3934 0.850327
26.3949 0.890102
26.3964 0.93009
26.3979 0.970291
26.3994 1.01071
26.401 1.05133
26.4025 1.09218
26.404 1.13324
26.4055 1.17451
26.407 1.216
26.4085 1.25771
26.41 1.29964
26.4115 1.34178
26.413 1.38414
26.4145 1.42672
26.416 1.46953
26.4175 1.51255
26.419 1.55579
26.4205 1.59926
26.422 1.64294
26.4235 1.68685
26.425 1.73098
26.4265 1.77534
26.428 1.81992
26.4295 1.86472
26.431 1.90975
26.4325 1.95501
26.434 2.00049
26.4355 2.0462
26.437 2.09214
26.4385 2.13831
26.44 2.1847
26.4415 2.23133
26.443 2.27818
26.4445 2.32527
26.446 2.37258
26.4475 2.42013
26.449 2.46791
26.4505 2.51593
26.452 2.56417
26.4535 2.61265
26.455 2.66137
26.4565 2.71032
26.458 2.75951
26.4595 2.80893
26.461 2.85859
26.4625 2.90848
26.464 2.95862
26.4655 3.00899
26.467 3.05961
26.4685 3.11046
26.47 3.16155
26.4715 3.21289
26.473 3.26446
26.4745 3.31628
26.476 3.36834
26.4775 3.42065
26.479 3.47319
26.4805 3.52599
26.482 3.57902
26.4835 3.63231
26.485 3.68584
26.4865 3.73961
26.488 3.79364
26.4895 3.84791
26.491 3.90243
26.4925 3.9572
26.494 4.01222
26.4955 4.06749
26.497 4.12301
26.4985 4.17878
26.5 4.23481
