48.5758 0.0274611
48.6305 0.00915371
48.6851 0.100691
48.7397 0.338687
48.7943 0.832987
48.8489 1.21744
48.9036 1.68428
48.9582 2.28843
49.0128 2.42573
49.0674 2.2152
49.1221 1.73005
49.1767 1.50121
49.2313 0.9886
49.2859 0.594991
49.3406 0.402763
49.3952 0.237996
49.4498 0.210535
49.5044 0.109844
49.559 0.064076
49.6137 0.0366148
49.6683 0.0274611
49.7229 0.0183074
49.7775 0.00915371
49.8322 0.0183074
49.8868 0.0183074
49.9414 0
49.996 0.0183074
50.0506 0.00915371
50.1053 0.00915371
50.1599 0.0274611
50.2145 0.00915371
50.2691 0.00915371
50.3238 0
50.3784 0.00915371
50.433 0.0366148
50.4876 0.0274611
50.5422 0.0732297
50.5969 0.0366148
50.6515 0.064076
50.7061 0.0549222
50.7607 0.0915371
50.8154 0.100691
50.87 0.155613
50.9246 0.109844
50.9792 0.118998
51.0339 0.0732297
51.0885 0.100691
51.1431 0.0366148
51.1977 0.00915371
51.2523 0.0183074
