0 0
0.1 0.60636
0.2 0.60629
0.3 0.60622
0.4 0.60615
0.5 0.60608
0.6 0.60601
0.7 0.605941
0.8 0.605872
0.9 0.605803
1 0.605734
1.1 0.605665
1.2 0.605597
1.3 0.605528
1.4 0.60546
1.5 0.605392
1.6 0.605325
1.7 0.605257
1.8 0.60519
1.9 0.605123
2 0.605056
2.1 0.604989
2.2 0.604923
2.3 0.604856
2.4 0.60479
2.5 0.604724
2.6 0.604658
2.7 0.604593
2.8 0.604527
2.9 0.604462
3 0.604397
3.1 0.604333
3.2 0.604268
3.3 0.604204
3.4 0.604139
3.5 0.604075
3.6 0.604012
3.7 0.603948
3.8 0.603885
3.9 0.603822
4 0.603759
4.1 0.603696
4.2 0.603633
4.3 0.603571
4.4 0.603508
4.5 0.603446
4.6 0.603385
4.7 0.603323
4.8 0.603262
4.9 0.6032
5 0.603139
5.1 0.603078
5.2 0.603018
5.3 0.602957
5.4 0.602897
5.5 0.602837
5.6 0.602777
5.7 0.602718
5.8 0.602658
5.9 0.602599
6 0.60254
6.1 0.602481
6.2 0.602422
6.3 0.602364
6.4 0.602305
6.5 0.602247
6.6 0.602189
6.7 0.602132
6.8 0.602074
6.9 0.602017
7 0.60196
7.1 0.601903
7.2 0.601846
7.3 0.601789
7.4 0.601733
7.5 0.601677
7.6 0.601621
7.7 0.601565
7.8 0.60151
7.9 0.601454
8 0.601399
8.1 0.601344
8.2 0.601289
8.3 0.601235
8.4 0.60118
8.5 0.601126
8.6 0.601072
8.7 0.601018
8.8 0.600964
8.9 0.600911
9 0.600858
9.1 0.600804
9.2 0.600752
9.3 0.600699
9.4 0.600646
9.5 0.600594
9.6 0.600542
9.7 0.60049
9.8 0.600438
9.9 0.600386
10 0.600335
10.1 0.600284
10.2 0.600233
10.3 0.600182
10.4 0.600131
10.5 0.600081
10.6 0.600031
10.7 0.59998
10.8 0.599931
10.9 0.599881
11 0.599831
11.1 0.599782
11.2 0.599733
11.3 0.599684
11.4 0.599635
11.5 0.599586
11.6 0.599538
11.7 0.59949
11.8 0.599442
11.9 0.599394
12 0.599346
12.1 0.599298
12.2 0.599251
12.3 0.599204
12.4 0.599157
12.5 0.59911
12.6 0.599064
12.7 0.599017
12.8 0.598971
12.9 0.598925
13 0.598879
13.1 0.598833
13.2 0.598788
13.3 0.598742
13.4 0.598697
13.5 0.598652
13.6 0.598607
13.7 0.598563
13.8 0.598518
13.9 0.598474
14 0.59843
14.1 0.598386
14.2 0.598342
14.3 0.598298
14.4 0.598255
14.5 0.598212
14.6 0.598169
14.7 0.598126
14.8 0.598083
14.9 0.59804
15 0.597998
15.1 0.597956
15.2 0.597914
15.3 0.597872
15.4 0.59783
15.5 0.597789
15.6 0.597747
15.7 0.597706
15.8 0.597665
15.9 0.597624
16 0.597584
16.1 0.597543
16.2 0.597503
16.3 0.597463
16.4 0.597422
16.5 0.597383
16.6 0.597343
16.7 0.597303
16.8 0.597264
16.9 0.597225
17 0.597186
17.1 0.597147
17.2 0.597108
17.3 0.59707
17.4 0.597032
17.5 0.596993
17.6 0.596955
17.7 0.596918
17.8 0.59688
17.9 0.596842
18 0.596805
18.1 0.596768
18.2 0.596731
18.3 0.596694
18.4 0.596657
18.5 0.596621
18.6 0.596584
18.7 0.596548
18.8 0.596512
18.9 0.596476
19 0.59644
19.1 0.596405
19.2 0.596369
19.3 0.596334
19.4 0.596299
19.5 0.596264
19.6 0.596229
19.7 0.596194
19.8 0.59616
19.9 0.596125
20 0.596091
20.1 0.596057
20.2 0.596023
20.3 0.59599
20.4 0.595956
20.5 0.595923
20.6 0.595889
20.7 0.595856
20.8 0.595823
20.9 0.595791
21 0.595758
21.1 0.595725
21.2 0.595693
21.3 0.595661
21.4 0.595629
21.5 0.595597
21.6 0.595565
21.7 0.595534
21.8 0.595502
21.9 0.595471
22 0.59544
22.1 0.595409
22.2 0.595378
22.3 0.595347
22.4 0.595317
22.5 0.595286
22.6 0.595256
22.7 0.595226
22.8 0.595196
22.9 0.595166
23 0.595137
23.1 0.595107
23.2 0.595078
23.3 0.595049
23.4 0.59502
23.5 0.594991
23.6 0.594962
23.7 0.594933
23.8 0.594905
23.9 0.594876
24 0.594848
24.1 0.59482
24.2 0.594792
24.3 0.594764
24.4 0.594737
24.5 0.594709
24.6 0.594682
24.7 0.594655
24.8 0.594628
24.9 0.594601
25 0.594574
25.1 0.594547
25.2 0.594521
25.3 0.594494
25.4 0.594468
25.5 0.594442
25.6 0.594416
25.7 0.59439
25.8 0.594365
25.9 0.594339
26 0.594314
26.1 0.594288
26.2 0.594263
26.3 0.594238
26.4 0.594213
26.5 0.594189
26.6 0.594164
26.7 0.59414
26.8 0.594115
26.9 0.594091
27 0.594067
27.1 0.594043
27.2 0.594019
27.3 0.593996
27.4 0.593972
27.5 0.593949
27.6 0.593925
27.7 0.593902
27.8 0.593879
27.9 0.593857
28 0.593834
28.1 0.593811
28.2 0.593789
28.3 0.593766
28.4 0.593744
28.5 0.593722
28.6 0.5937
28.7 0.593678
28.8 0.593657
28.9 0.593635
29 0.593614
29.1 0.593592
29.2 0.593571
29.3 0.59355
29.4 0.593529
29.5 0.593509
29.6 0.593488
29.7 0.593467
29.8 0.593447
29.9 0.593427
30 0.593407
30.1 0.593387
30.2 0.593367
30.3 0.593347
30.4 0.593327
30.5 0.593308
30.6 0.593288
30.7 0.593269
30.8 0.59325
30.9 0.593231
31 0.593212
31.1 0.593193
31.2 0.593174
31.3 0.593156
31.4 0.593138
31.5 0.593119
31.6 0.593101
31.7 0.593083
31.8 0.593065
31.9 0.593047
32 0.59303
32.1 0.593012
32.2 0.592995
32.3 0.592977
32.4 0.59296
32.5 0.592943
32.6 0.592926
32.7 0.592909
32.8 0.592893
32.9 0.592876
33 0.592859
33.1 0.592843
33.2 0.592827
33.3 0.592811
33.4 0.592795
33.5 0.592779
33.6 0.592763
33.7 0.592747
33.8 0.592732
33.9 0.592716
34 0.592701
34.1 0.592686
34.2 0.592671
34.3 0.592656
34.4 0.592641
34.5 0.592626
34.6 0.592612
34.7 0.592597
34.8 0.592583
34.9 0.592569
35 0.592554
35.1 0.59254
35.2 0.592526
35.3 0.592513
35.4 0.592499
35.5 0.592485
35.6 0.592472
35.7 0.592458
35.8 0.592445
35.9 0.592432
36 0.592419
36.1 0.592406
36.2 0.592393
36.3 0.592381
36.4 0.592368
36.5 0.592356
36.6 0.592343
36.7 0.592331
36.8 0.592319
36.9 0.592307
37 0.592295
37.1 0.592283
37.2 0.592271
37.3 0.59226
37.4 0.592248
37.5 0.592237
37.6 0.592226
37.7 0.592214
37.8 0.592203
37.9 0.592192
38 0.592182
38.1 0.592171
38.2 0.59216
38.3 0.59215
38.4 0.592139
38.5 0.592129
38.6 0.592119
38.7 0.592109
38.8 0.592099
38.9 0.592089
39 0.592079
39.1 0.59207
39.2 0.59206
39.3 0.592051
39.4 0.592041
39.5 0.592032
39.6 0.592023
39.7 0.592014
39.8 0.592005
39.9 0.591996
40 0.591987
40.1 0.591979
40.2 0.59197
40.3 0.591962
40.4 0.591953
40.5 0.591945
40.6 0.591937
40.7 0.591929
40.8 0.591921
40.9 0.591914
41 0.591906
41.1 0.591898
41.2 0.591891
41.3 0.591883
41.4 0.591876
41.5 0.591869
41.6 0.591862
41.7 0.591855
41.8 0.591848
41.9 0.591841
42 0.591835
42.1 0.591828
42.2 0.591821
42.3 0.591815
42.4 0.591809
42.5 0.591803
42.6 0.591797
42.7 0.591791
42.8 0.591785
42.9 0.591779
43 0.591773
43.1 0.591768
43.2 0.591762
43.3 0.591757
43.4 0.591752
43.5 0.591746
43.6 0.591741
43.7 0.591736
43.8 0.591731
43.9 0.591727
44 0.591722
44.1 0.591717
44.2 0.591713
44.3 0.591708
44.4 0.591704
44.5 0.5917
44.6 0.591696
44.7 0.591692
44.8 0.591688
44.9 0.591684
45 0.59168
45.1 0.591677
45.2 0.591673
45.3 0.59167
45.4 0.591666
45.5 0.591663
45.6 0.59166
45.7 0.591657
45.8 0.591654
45.9 0.591651
46 0.591648
46.1 0.591645
46.2 0.591643
46.3 0.59164
46.4 0.591638
46.5 0.591635
46.6 0.591633
46.7 0.591631
46.8 0.591629
46.9 0.591627
47 0.591625
47.1 0.591623
47.2 0.591622
47.3 0.59162
47.4 0.591619
47.5 0.591617
47.6 0.591616
47.7 0.591615
47.8 0.591614
47.9 0.591613
48 0.591612
48.1 0.591611
48.2 0.59161
48.3 0.591609
48.4 0.591609
48.5 0.591608
48.6 0.591608
48.7 0.591608
48.8 0.591607
48.9 0.591607
49 0.591607
49.1 0.591607
49.2 0.591607
49.3 0.591608
49.4 0.591608
49.5 0.591608
49.6 0.591609
49.7 0.59161
49.8 0.59161
49.9 0.591611
50 0.591612
50.1 0.591613
50.2 0.591614
50.3 0.591615
50.4 0.591616
50.5 0.591617
50.6 0.591619
50.7 0.59162
50.8 0.591622
50.9 0.591623
51 0.591625
51.1 0.591627
51.2 0.591629
51.3 0.591631
51.4 0.591633
51.5 0.591635
51.6 0.591637
51.7 0.59164
51.8 0.591642
51.9 0.591645
52 0.591647
52.1 0.59165
52.2 0.591653
52.3 0.591656
52.4 0.591659
52.5 0.591662
52.6 0.591665
52.7 0.591668
52.8 0.591671
52.9 0.591674
53 0.591678
53.1 0.591681
53.2 0.591685
53.3 0.591689
53.4 0.591693
53.5 0.591696
53.6 0.5917
53.7 0.591704
53.8 0.591709
53.9 0.591713
54 0.591717
54.1 0.591721
54.2 0.591726
54.3 0.59173
54.4 0.591735
54.5 0.59174
54.6 0.591744
54.7 0.591749
54.8 0.591754
54.9 0.591759
55 0.591764
55.1 0.59177
55.2 0.591775
55.3 0.59178
55.4 0.591786
55.5 0.591791
55.6 0.591797
55.7 0.591803
55.8 0.591808
55.9 0.591814
56 0.59182
56.1 0.591826
56.2 0.591832
56.3 0.591838
56.4 0.591845
56.5 0.591851
56.6 0.591857
56.7 0.591864
56.8 0.591871
56.9 0.591877
57 0.591884
57.1 0.591891
57.2 0.591898
57.3 0.591905
57.4 0.591912
57.5 0.591919
57.6 0.591926
57.7 0.591933
57.8 0.591941
57.9 0.591948
58 0.591956
58.1 0.591963
58.2 0.591971
58.3 0.591979
58.4 0.591987
58.5 0.591995
58.6 0.592003
58.7 0.592011
58.8 0.592019
58.9 0.592027
59 0.592035
59.1 0.592044
59.2 0.592052
59.3 0.592061
59.4 0.592069
59.5 0.592078
59.6 0.592087
59.7 0.592096
59.8 0.592105
59.9 0.592114
60 0.592123
60.1 0.592132
60.2 0.592141
60.3 0.592151
60.4 0.59216
60.5 0.592169
60.6 0.592179
60.7 0.592189
60.8 0.592198
60.9 0.592208
61 0.592218
61.1 0.592228
61.2 0.592238
61.3 0.592248
61.4 0.592258
61.5 0.592268
61.6 0.592279
61.7 0.592289
61.8 0.5923
61.9 0.59231
62 0.592321
62.1 0.592331
62.2 0.592342
62.3 0.592353
62.4 0.592364
62.5 0.592375
62.6 0.592386
62.7 0.592397
62.8 0.592408
62.9 0.59242
63 0.592431
63.1 0.592442
63.2 0.592454
63.3 0.592465
63.4 0.592477
63.5 0.592489
63.6 0.592501
63.7 0.592512
63.8 0.592524
63.9 0.592536
64 0.592548
64.1 0.592561
64.2 0.592573
64.3 0.592585
64.4 0.592597
64.5 0.59261
64.6 0.592622
64.7 0.592635
64.8 0.592648
64.9 0.59266
65 0.592673
65.1 0.592686
65.2 0.592699
65.3 0.592712
65.4 0.592725
65.5 0.592738
65.6 0.592752
65.7 0.592765
65.8 0.592778
65.9 0.592792
66 0.592805
66.1 0.592819
66.2 0.592832
66.3 0.592846
66.4 0.59286
66.5 0.592874
66.6 0.592888
66.7 0.592902
66.8 0.592916
66.9 0.59293
67 0.592944
67.1 0.592959
67.2 0.592973
67.3 0.592987
67.4 0.593002
67.5 0.593016
67.6 0.593031
67.7 0.593046
67.8 0.593061
67.9 0.593075
68 0.59309
68.1 0.593105
68.2 0.59312
68.3 0.593136
68.4 0.593151
68.5 0.593166
68.6 0.593181
68.7 0.593197
68.8 0.593212
68.9 0.593228
69 0.593243
69.1 0.593259
69.2 0.593275
69.3 0.59329
69.4 0.593306
69.5 0.593322
69.6 0.593338
69.7 0.593354
69.8 0.59337
69.9 0.593387
70 0.593403
70.1 0.593419
70.2 0.593436
70.3 0.593452
70.4 0.593469
70.5 0.593485
70.6 0.593502
70.7 0.593519
70.8 0.593535
70.9 0.593552
71 0.593569
71.1 0.593586
71.2 0.593603
71.3 0.59362
71.4 0.593638
71.5 0.593655
71.6 0.593672
71.7 0.59369
71.8 0.593707
71.9 0.593725
72 0.593742
72.1 0.59376
72.2 0.593778
72.3 0.593795
72.4 0.593813
72.5 0.593831
72.6 0.593849
72.7 0.593867
72.8 0.593885
72.9 0.593903
73 0.593922
73.1 0.59394
73.2 0.593958
73.3 0.593977
73.4 0.593995
73.5 0.594014
73.6 0.594032
73.7 0.594051
73.8 0.59407
73.9 0.594088
74 0.594107
74.1 0.594126
74.2 0.594145
74.3 0.594164
74.4 0.594183
74.5 0.594202
74.6 0.594222
74.7 0.594241
74.8 0.59426
74.9 0.59428
75 0.594299
75.1 0.594319
75.2 0.594338
75.3 0.594358
75.4 0.594378
75.5 0.594398
75.6 0.594417
75.7 0.594437
75.8 0.594457
75.9 0.594477
76 0.594497
76.1 0.594517
76.2 0.594538
76.3 0.594558
76.4 0.594578
76.5 0.594599
76.6 0.594619
76.7 0.59464
76.8 0.59466
76.9 0.594681
77 0.594701
77.1 0.594722
77.2 0.594743
77.3 0.594764
77.4 0.594785
77.5 0.594806
77.6 0.594827
77.7 0.594848
77.8 0.594869
77.9 0.59489
78 0.594912
78.1 0.594933
78.2 0.594954
78.3 0.594976
78.4 0.594997
78.5 0.595019
78.6 0.59504
78.7 0.595062
78.8 0.595084
78.9 0.595106
79 0.595127
79.1 0.595149
79.2 0.595171
79.3 0.595193
79.4 0.595215
79.5 0.595237
79.6 0.59526
79.7 0.595282
79.8 0.595304
79.9 0.595327
80 0.595349
80.1 0.595371
80.2 0.595394
80.3 0.595416
80.4 0.595439
80.5 0.595462
80.6 0.595485
80.7 0.595507
80.8 0.59553
80.9 0.595553
81 0.595576
81.1 0.595599
81.2 0.595622
81.3 0.595645
81.4 0.595668
81.5 0.595692
81.6 0.595715
81.7 0.595738
81.8 0.595762
81.9 0.595785
82 0.595809
82.1 0.595832
82.2 0.595856
82.3 0.595879
82.4 0.595903
82.5 0.595927
82.6 0.595951
82.7 0.595975
82.8 0.595998
82.9 0.596022
83 0.596046
83.1 0.596071
83.2 0.596095
83.3 0.596119
83.4 0.596143
83.5 0.596167
83.6 0.596192
83.7 0.596216
83.8 0.596241
83.9 0.596265
84 0.59629
84.1 0.596314
84.2 0.596339
84.3 0.596364
84.4 0.596388
84.5 0.596413
84.6 0.596438
84.7 0.596463
84.8 0.596488
84.9 0.596513
85 0.596538
85.1 0.596563
85.2 0.596588
85.3 0.596613
85.4 0.596638
85.5 0.596664
85.6 0.596689
85.7 0.596714
85.8 0.59674
85.9 0.596765
86 0.596791
86.1 0.596816
86.2 0.596842
86.3 0.596868
86.4 0.596893
86.5 0.596919
86.6 0.596945
86.7 0.596971
86.8 0.596997
86.9 0.597023
87 0.597049
87.1 0.597075
87.2 0.597101
87.3 0.597127
87.4 0.597153
87.5 0.59718
87.6 0.597206
87.7 0.597232
87.8 0.597259
87.9 0.597285
88 0.597311
88.1 0.597338
88.2 0.597364
88.3 0.597391
88.4 0.597418
88.5 0.597444
88.6 0.597471
88.7 0.597498
88.8 0.597525
88.9 0.597552
89 0.597579
89.1 0.597606
89.2 0.597633
89.3 0.59766
89.4 0.597687
89.5 0.597714
89.6 0.597741
89.7 0.597768
89.8 0.597795
89.9 0.597823
90 0.59785
90.1 0.597878
90.2 0.597905
90.3 0.597932
90.4 0.59796
90.5 0.597988
90.6 0.598015
90.7 0.598043
90.8 0.59807
90.9 0.598098
91 0.598126
91.1 0.598154
91.2 0.598182
91.3 0.598209
91.4 0.598237
91.5 0.598265
91.6 0.598293
91.7 0.598321
91.8 0.59835
91.9 0.598378
92 0.598406
92.1 0.598434
92.2 0.598462
92.3 0.598491
92.4 0.598519
92.5 0.598547
92.6 0.598576
92.7 0.598604
92.8 0.598633
92.9 0.598661
93 0.59869
93.1 0.598718
93.2 0.598747
93.3 0.598776
93.4 0.598804
93.5 0.598833
93.6 0.598862
93.7 0.598891
93.8 0.59892
93.9 0.598948
94 0.598977
94.1 0.599006
94.2 0.599035
94.3 0.599064
94.4 0.599093
94.5 0.599123
94.6 0.599152
94.7 0.599181
94.8 0.59921
94.9 0.599239
95 0.599269
95.1 0.599298
95.2 0.599327
95.3 0.599357
95.4 0.599386
95.5 0.599416
95.6 0.599445
95.7 0.599475
95.8 0.599504
95.9 0.599534
96 0.599564
96.1 0.599593
96.2 0.599623
96.3 0.599653
96.4 0.599682
96.5 0.599712
96.6 0.599742
96.7 0.599772
96.8 0.599802
96.9 0.599832
97 0.599862
97.1 0.599892
97.2 0.599922
97.3 0.599952
97.4 0.599982
97.5 0.600012
97.6 0.600042
97.7 0.600072
97.8 0.600102
97.9 0.600133
98 0.600163
98.1 0.600193
98.2 0.600224
98.3 0.600254
98.4 0.600284
98.5 0.600315
98.6 0.600345
98.7 0.600376
98.8 0.600406
98.9 0.600437
99 0.600467
99.1 0.600498
99.2 0.600529
99.3 0.600559
99.4 0.60059
99.5 0.600621
99.6 0.600651
99.7 0.600682
99.8 0.600713
99.9 0.600744
100 0.600775
100.001 0
