38.6497 0.0576153
38.7017 0.163243
38.7538 0.393705
38.8059 0.681781
38.858 1.18111
38.91 1.74767
38.9621 2.35263
39.0142 2.6311
39.0662 2.00693
39.1183 1.92051
39.1704 1.72846
39.2224 0.912243
39.2745 0.82582
39.3266 0.566551
39.3787 0.403307
39.4307 0.220859
39.4828 0.144038
39.5349 0.115231
39.5869 0.086423
39.639 0.0480128
39.6911 0.0672179
39.7431 0.00960256
39.7952 0
39.8473 0
39.8993 0
39.9514 0.0192051
40.0035 0
40.0556 0.00960256
40.1076 0.0192051
40.1597 0.0192051
40.2118 0
40.2638 0.00960256
40.3159 0.00960256
40.368 0
40.42 0.0192051
40.4721 0.00960256
40.5242 0.0288077
40.5763 0.0576153
40.6283 0.0480128
40.6804 0.0480128
40.7325 0.115231
40.7845 0.0960256
40.8366 0.0480128
40.8887 0.115231
40.9407 0.0768204
40.9928 0.086423
41.0449 0.0288077
41.0969 0.0480128
41.149 0.0192051
41.2011 0.00960256
