8.64084 0.0454502
8.69584 0.0909004
8.75085 0.409052
8.80585 0.481772
8.86086 0.963544
8.91586 1.41805
8.97087 1.63621
9.02587 1.6453
9.08088 1.49986
9.13588 1.33624
9.19089 0.963544
9.2459 0.727203
9.3009 0.363601
9.35591 0.209071
9.41091 0.163621
9.46592 0.0636303
9.52092 0.0636303
9.57593 0.0363601
9.63093 0.0363601
9.68594 0.0181801
9.74094 0.0181801
9.79595 0.00909004
9.85095 0.00909004
9.90596 0.00909004
9.96096 0.00909004
10.016 0.0181801
10.071 0
10.126 0
10.181 0.00909004
10.236 0.0363601
10.291 0
10.346 0.0454502
10.401 0.0454502
10.456 0.0181801
10.511 0.0454502
10.566 0.0545402
10.621 0.290881
10.676 0.299971
10.731 0.290881
10.786 0.581762
10.841 0.609032
10.8961 0.590852
10.9511 0.745383
11.0061 0.772653
11.0611 0.627213
11.1161 0.390872
11.1711 0.227251
11.2261 0.163621
11.2811 0.0636303
11.3361 0.0272701
