0 -4.70569
0.1 -4.28763
0.2 -3.96112
0.3 -3.88483
0.4 -3.65407
0.5 -4.30507
0.6 -1.90844
0.7 -4.37473
0.8 -3.78736
0.9 -3.94571
1 -2.22231
1.1 -3.92704
1.2 -4.36177
1.3 -4.20587
1.4 -3.95908
1.5 -3.96711
1.6 -4.32174
1.7 -4.2358
1.8 -4.19136
1.9 -3.4441
2 -4.27047
2.1 -4.08231
2.2 -4.01786
2.3 -3.37208
2.4 -4.2749
2.5 -3.65366
2.6 -4.32122
2.7 -4.08043
2.8 -4.28962
2.9 -4.18579
3 -4.22756
3.1 -4.21647
3.2 -4.21946
3.3 -4.31357
3.4 -2.99359
3.5 -3.3459
3.6 -4.32589
3.7 -3.97134
3.8 -4.2298
3.9 -4.12267
4 -4.16003
4.1 -2.92136
4.2 -1.43846
4.3 -4.27456
4.4 -3.47849
4.5 -4.19035
4.6 -4.29285
4.7 -3.65299
4.8 -4.29641
4.9 -3.40842
5 -3.81849
5.1 -3.63506
5.2 -0.694985
5.3 -2.28094
5.4 -2.64892
5.5 -4.23768
5.6 -4.0695
5.7 -4.18951
5.8 -4.04451
5.9 -4.22965
6 -3.68544
6.1 -4.16606
6.2 -3.08519
6.3 -3.97379
6.4 -2.75916
6.5 -4.13407
6.6 -4.26905
6.7 -4.15972
6.8 -4.26138
6.9 -3.80572
7 -3.34467
7.1 -3.17815
7.2 -3.84769
7.3 -4.20749
7.4 -3.76958
7.5 -2.63283
7.6 -3.35174
7.7 -2.60015
7.8 0.00106084
7.9 -1.08606
8 -1.36484
8.1 -3.06351
8.2 -4.21476
8.3 -4.03854
8.4 -3.45888
8.5 -4.2197
8.6 -1.82816
8.7 -3.59616
8.8 -3.73758
8.9 -3.10387
9 -1.9217
9.1 -3.75878
9.2 -4.21055
9.3 -2.3205
9.4 -3.94337
9.5 -3.36309
9.6 -3.58037
9.7 -3.98715
9.8 -2.32092
9.9 -2.3621
10 -4.18635
10.1 -4.12164
10.2 -3.51778
10.3 -3.92107
10.4 -3.59694
10.5 -3.59194
10.6 -4.06505
10.7 -2.37265
10.8 -4.16811
10.9 -4.15183
11 -4.15574
11.1 -3.15508
11.2 -2.14627
11.3 -4.11801
11.4 -3.66517
11.5 -3.94254
11.6 -2.25541
11.7 -3.81169
11.8 -3.04804
11.9 -4.08443
12 -4.11857
12.1 -0.818911
12.2 -4.14733
12.3 -3.5083
12.4 -3.81143
12.5 -1.75367
12.6 -3.92215
12.7 -3.32482
12.8 -3.36041
12.9 -4.13297
13 -2.36298
13.1 -3.62029
13.2 -4.02491
13.3 -1.96423
13.4 -1.88224
13.5 -2.77872
13.6 -3.7933
13.7 -4.10373
13.8 -2.98487
13.9 -3.98899
14 -3.5848
14.1 -3.03993
14.2 -4.10133
14.3 -4.08976
14.4 -4.08552
14.5 -3.51
14.6 -2.67635
14.7 -4.05369
14.8 -3.96629
14.9 -4.07338
15 -3.88997
15.1 -4.07568
15.2 -2.68045
15.3 -3.68265
15.4 -3.79031
15.5 -3.78751
15.6 -3.59338
15.7 -3.7208
15.8 -3.98188
15.9 -3.21435
16 -0.0740897
16.1 -2.33544
16.2 -3.25676
16.3 -2.63235
16.4 -2.09363
16.5 -4.05196
16.6 -4.0469
16.7 -3.80552
16.8 -1.13701
16.9 -3.72471
17 -3.97475
17.1 -2.99963
17.2 -2.09645
17.3 -3.95766
17.4 -3.49613
17.5 -3.37725
17.6 -3.1169
17.7 -3.59308
17.8 -3.93635
17.9 -3.61731
18 -3.70348
18.1 -3.99746
18.2 -3.80172
18.3 -3.95666
18.4 -4.01092
18.5 -3.66275
18.6 -3.77337
18.7 -1.46749
18.8 -3.93986
18.9 -3.01263
19 -3.97888
19.1 -3.87465
19.2 -3.12767
19.3 -3.99162
19.4 -3.98905
19.5 -3.24045
19.6 -3.9851
19.7 -3.98326
19.8 -2.89324
19.9 -3.9002
20 -3.18242
20.1 -3.94847
20.2 -3.82467
20.3 -1.86723
20.4 -2.1515
20.5 -3.73679
20.6 -2.39037
20.7 -3.86708
20.8 -3.95042
20.9 -3.33844
21 -3.9554
21.1 -3.91665
21.2 -3.83349
21.3 -2.96046
21.4 -3.50888
21.5 -3.89557
21.6 -3.65357
21.7 -3.93713
21.8 -3.9021
21.9 -3.12707
22 -3.91592
22.1 -3.71545
22.2 -3.03041
22.3 -3.9258
22.4 -3.90378
22.5 -3.16977
22.6 -3.91677
22.7 -3.87085
22.8 -3.40215
22.9 -3.9165
23 -3.42191
23.1 -3.89962
23.2 -2.69497
23.3 -2.29946
23.4 -3.87316
23.5 -3.23616
23.6 -3.89077
23.7 -1.7369
23.8 -2.83346
23.9 -3.77297
24 -3.44955
24.1 -0.944021
24.2 -3.76981
24.3 -2.97506
24.4 -3.87625
24.5 -3.50573
24.6 -3.11121
24.7 -2.83226
24.8 -3.673
24.9 -3.39477
25 -3.58117
25.1 -3.20289
25.2 -3.86458
25.3 -3.84041
25.4 -3.25134
25.5 -3.43104
25.6 -3.83591
25.7 -2.95895
25.8 -3.15067
25.9 -2.71408
26 -3.79005
26.1 -3.85321
26.2 -3.24903
26.3 -3.84589
26.4 -3.14223
26.5 -3.10883
26.6 -3.83587
26.7 -3.84148
26.8 -3.10303
26.9 -3.70524
27 -3.71381
27.1 -1.86752
27.2 -3.34062
27.3 -3.63655
27.4 -3.81589
27.5 -3.80108
27.6 -3.7031
27.7 -3.68766
27.8 -3.23423
27.9 -1.90573
28 -3.43906
28.1 -3.61993
28.2 -3.71484
28.3 -3.64151
28.4 -3.75841
28.5 -3.79234
28.6 -3.46934
28.7 -3.77184
28.8 -3.50189
28.9 -3.78839
29 -3.71124
29.1 -3.44611
29.2 -3.175
29.3 -3.28054
29.4 -3.14321
29.5 -3.02704
29.6 -3.69717
29.7 -3.35252
29.8 -2.777
29.9 -3.59206
30 -3.72182
30.1 -3.74816
30.2 -2.73417
30.3 -3.73026
30.4 -3.34692
30.5 -3.72836
30.6 -2.73366
30.7 -3.67047
30.8 -3.26693
30.9 -2.28469
31 -3.01166
31.1 -1.44449
31.2 -3.07844
31.3 -3.00933
31.4 -3.40164
31.5 -3.69287
31.6 -3.50624
31.7 -1.70725
31.8 -3.52524
31.9 -3.61169
32 -3.63124
32.1 -3.67681
32.2 -3.52886
32.3 -3.43866
32.4 -3.63112
32.5 -1.83539
32.6 -3.40112
32.7 -3.71624
32.8 -0.897855
32.9 -1.42282
33 -4.9259
33.1 -4.78095
33.2 -4.88267
33.3 -4.61413
33.4 -4.78547
33.5 -4.68906
33.6 -3.47474
33.7 -4.77571
33.8 -4.66365
33.9 -4.36977
34 -3.17924
34.1 -2.41025
34.2 -4.41479
34.3 -4.72671
34.4 -4.78327
34.5 -4.95718
34.6 -4.78635
34.7 -4.95742
34.8 -4.92066
34.9 -4.86068
35 -3.27483
35.1 -4.67
35.2 -4.96987
35.3 -4.91916
35.4 -4.97275
35.5 -4.12815
35.6 -3.23806
35.7 -4.91673
35.8 -3.01911
35.9 -2.95512
36 -4.17256
36.1 -4.97268
36.2 -4.54848
36.3 -2.78821
36.4 -4.88563
36.5 -4.73725
36.6 -4.61694
36.7 -3.45294
36.8 -4.86745
36.9 -4.60064
37 -4.39754
37.1 -4.386
37.2 -4.991
37.3 -4.97571
37.4 -4.86413
37.5 -5.01369
37.6 -4.33269
37.7 -4.98659
37.8 -3.05067
37.9 -4.94274
38 -4.93168
38.1 -1.2517
38.2 -4.94711
38.3 -4.536
38.4 -5.01583
38.5 -4.23596
38.6 -4.59446
38.7 -4.84755
38.8 -4.48196
38.9 -4.8203
39 -4.99301
39.1 -4.89533
39.2 -4.92503
39.3 -5.01095
39.4 -4.87452
39.5 -4.43887
39.6 -5.03942
39.7 -4.5067
39.8 -5.01881
39.9 -4.86945
40 -3.96953
40.1 -4.13622
40.2 -3.32744
40.3 -4.94566
40.4 -5.04584
40.5 -5.01294
40.6 -4.87392
40.7 -4.82194
40.8 -5.08526
40.9 -4.12774
41 -4.82789
41.1 -4.76884
41.2 -4.61268
41.3 -4.10496
41.4 -3.20131
41.5 -4.16693
41.6 -2.47513
41.7 -3.36785
41.8 -3.32927
41.9 -4.85459
42 -4.79264
42.1 -5.02594
42.2 -4.00435
42.3 -5.07827
42.4 -3.37915
42.5 -4.33517
42.6 -3.86201
42.7 -4.73843
42.8 -4.98122
42.9 -4.93894
43 -4.9204
43.1 -3.99521
43.2 -5.0681
43.3 -5.10094
43.4 -5.03198
43.5 -4.24194
43.6 -5.14978
43.7 -4.23465
43.8 -4.45247
43.9 -5.14649
44 -4.99068
44.1 -4.94676
44.2 -5.16543
44.3 -5.14435
44.4 -5.09273
44.5 -5.11166
44.6 -5.0129
44.7 -4.03694
44.8 -4.70304
44.9 -5.162
45 -4.83946
45.1 -5.18227
45.2 -4.75658
45.3 -5.16734
45.4 -5.18291
45.5 -4.59017
45.6 -5.18443
45.7 -4.66201
45.8 -5.07659
45.9 -4.555
46 -3.18102
46.1 -5.20555
46.2 -2.20464
46.3 -1.79223
46.4 -3.45153
46.5 -4.76177
46.6 -2.99383
46.7 -5.16159
46.8 -4.82256
46.9 -3.75167
47 -5.21389
47.1 -5.22134
47.2 -5.04978
47.3 -4.16336
47.4 -5.16992
47.5 -5.20906
47.6 -4.98234
47.7 -5.25034
47.8 -5.23945
47.9 -5.08844
48 -4.36511
48.1 -4.45289
48.2 -4.81634
48.3 -5.20823
48.4 -5.2683
48.5 -4.51355
48.6 -4.18498
48.7 -4.83806
48.8 -5.11161
48.9 -5.19109
49 -5.2789
49.1 -5.23807
49.2 -5.23845
49.3 -3.74713
49.4 -5.16197
49.5 -5.25387
49.6 -4.03372
49.7 -5.2816
49.8 -4.66157
49.9 -3.92143
50 -5.30309
50.1 -5.31016
50.2 -4.38352
50.3 -5.28974
50.4 -5.28031
50.5 -4.63224
50.6 -4.68569
50.7 -3.84455
50.8 -5.32396
50.9 -5.26117
51 -5.07735
51.1 -4.86481
51.2 -3.90025
51.3 -5.3126
51.4 -3.64847
51.5 -3.49534
51.6 -3.27003
51.7 -5.10336
51.8 -3.87121
51.9 -5.07247
52 -4.98716
52.1 -4.38004
52.2 -5.20791
52.3 -5.28527
52.4 -4.56716
52.5 -5.25506
52.6 -4.78024
52.7 -4.94548
52.8 -5.29909
52.9 -5.21103
53 -5.37919
53.1 -3.50453
53.2 -3.82181
53.3 -4.28958
53.4 -5.36462
53.5 -3.28923
53.6 -2.33041
53.7 -4.96092
53.8 -5.35238
53.9 -4.99602
54 -3.35916
54.1 -5.23507
54.2 -5.30846
54.3 -5.37806
54.4 -4.23355
54.5 -4.44912
54.6 -4.20588
54.7 -5.35374
54.8 -5.19688
54.9 -3.28711
55 -5.42778
55.1 -5.43392
55.2 -4.41149
55.3 -5.41597
55.4 -5.44788
55.5 -5.41038
55.6 -5.40953
55.7 -4.36388
55.8 -5.09314
55.9 -4.97412
56 -5.38489
56.1 -5.42938
56.2 -4.14611
56.3 -4.4562
56.4 -4.45502
56.5 -4.94034
56.6 -5.34226
56.7 -5.40491
56.8 -3.96494
56.9 -5.2553
57 -5.37737
57.1 -5.47347
57.2 -5.49159
57.3 -5.48887
57.4 -2.11619
57.5 -4.34081
57.6 -5.43933
57.7 -4.81316
57.8 -5.47823
57.9 -5.51799
58 -5.47121
58.1 -5.34588
58.2 -4.52018
58.3 -5.14376
58.4 -2.94105
58.5 -5.45723
58.6 -3.34727
58.7 -5.54171
58.8 -5.44885
58.9 -4.38224
59 -5.55223
59.1 -5.42924
59.2 -5.47021
59.3 -3.91861
59.4 -3.62203
59.5 -5.47807
59.6 -4.07596
59.7 -5.1049
59.8 -5.29778
59.9 -5.57581
60 -5.57843
60.1 -5.47049
60.2 -5.17333
60.3 -5.11883
60.4 -5.54892
60.5 -5.36596
60.6 -5.05338
60.7 -5.34943
60.8 -4.94229
60.9 -5.60606
61 -5.59937
61.1 -5.49672
61.2 -3.40967
61.3 -5.62851
61.4 -5.63215
61.5 -5.04282
61.6 -5.17795
61.7 -5.62768
61.8 -5.31158
61.9 -4.70047
62 -5.17068
62.1 -5.5678
62.2 -4.85338
62.3 -4.45294
62.4 -5.55372
62.5 -5.62879
62.6 -5.62587
62.7 -5.67595
62.8 -5.25934
62.9 -5.66443
63 -5.49368
63.1 -5.58969
63.2 -5.41548
63.3 -5.62231
63.4 -5.6364
63.5 -5.36385
63.6 -5.70875
63.7 -5.0649
63.8 -5.65175
63.9 -5.61937
64 -3.06642
64.1 -5.71839
64.2 -3.82472
64.3 -4.21596
64.4 -5.61711
64.5 -3.91756
64.6 -5.73663
64.7 -4.69673
64.8 -5.48115
64.9 -4.15493
65 -4.98313
65.1 -4.54009
65.2 -4.11968
65.3 -5.77996
65.4 -5.68628
65.5 -5.74085
65.6 -5.43829
65.7 -5.7742
65.8 -5.3602
65.9 -5.62737
66 -5.79115
66.1 -5.70939
66.2 -5.79256
66.3 -5.78785
66.4 -4.63999
66.5 -5.59098
66.6 -4.33262
66.7 -5.33936
66.8 -5.83805
66.9 -2.71327
67 -5.80844
67.1 -5.49671
67.2 -3.87265
67.3 -5.21194
67.4 -4.65404
67.5 -5.87141
67.6 -5.88492
67.7 -1.99283
67.8 -4.65438
67.9 -5.90263
68 -5.84861
68.1 -5.89782
68.2 -5.45512
68.3 -5.90786
68.4 -5.91206
68.5 -5.83161
68.6 -5.51715
68.7 -5.70787
68.8 -5.78116
68.9 -5.94019
69 -4.86446
69.1 -5.93665
69.2 -5.92175
69.3 -5.95707
69.4 -5.93548
69.5 -5.97184
69.6 -5.97843
69.7 -4.99798
69.8 -5.99494
69.9 -5.52027
70 -4.76941
70.1 -5.92326
70.2 -5.89035
70.3 -1.717
70.4 -3.99188
70.5 -6.02463
70.6 -5.63458
70.7 -3.34364
70.8 -6.03365
70.9 -5.14701
71 -6.00456
71.1 -5.90378
71.2 -4.70816
71.3 -6.05474
71.4 -6.08222
71.5 -5.20159
71.6 -5.64983
71.7 -6.0232
71.8 -5.33562
71.9 -6.09247
72 -5.6244
72.1 -6.09175
72.2 -5.05845
72.3 -5.78126
72.4 -6.134
72.5 -5.9507
72.6 -5.26042
72.7 -6.07685
72.8 -2.71436
72.9 -5.76286
73 -6.17422
73.1 -5.71017
73.2 -4.07451
73.3 -6.06648
73.4 -5.92105
73.5 -6.15725
73.6 -6.20735
73.7 -4.46664
73.8 -2.95498
73.9 -6.11037
74 -5.73965
74.1 -6.23156
74.2 -6.00872
74.3 -6.01232
74.4 -5.02833
74.5 -6.18412
74.6 -6.2617
74.7 -6.00473
74.8 -6.21809
74.9 -6.27307
75 -5.91488
75.1 -6.1306
75.2 -2.71961
75.3 -6.02344
75.4 -6.24504
75.5 -6.14721
75.6 -6.20151
75.7 -6.29683
75.8 -6.31314
75.9 -6.03914
76 -5.90607
76.1 -4.8283
76.2 -5.79395
76.3 -6.26738
76.4 -6.06868
76.5 -4.40279
76.6 -5.7156
76.7 -6.34361
76.8 -6.04374
76.9 -6.32766
77 -1.37758
77.1 -5.34477
77.2 -4.79106
77.3 -5.77458
77.4 -4.01225
77.5 -6.19328
77.6 -5.19441
77.7 -4.86704
77.8 -6.25559
77.9 -6.41254
78 -6.43584
78.1 -5.6858
78.2 -4.96153
78.3 -6.12794
78.4 -6.32379
78.5 -6.24232
78.6 -6.39608
78.7 -6.43116
78.8 -6.49796
78.9 -5.95735
79 -6.432
79.1 -6.34128
79.2 -2.85793
79.3 -5.83718
79.4 -6.32601
79.5 -6.30651
79.6 -6.50318
79.7 -6.36451
79.8 -6.52537
79.9 -6.55509
80 -6.07186
80.1 -6.50422
80.2 -6.33694
80.3 -5.73167
80.4 -6.45946
80.5 -6.58119
80.6 -6.56258
80.7 -6.21203
80.8 -2.70839
80.9 -5.50456
81 -6.60962
81.1 -6.479
81.2 -5.73175
81.3 -6.61674
81.4 -6.40528
81.5 -6.53086
81.6 -6.13458
81.7 -5.67206
81.8 -6.55554
81.9 -6.27544
82 -6.59479
82.1 -6.30128
82.2 -6.38071
82.3 -6.41397
82.4 -6.03594
82.5 -6.41758
82.6 -6.68063
82.7 -4.86683
82.8 -6.07765
82.9 -4.52558
83 -6.63864
83.1 -5.37785
83.2 -5.56809
83.3 -4.40592
83.4 -6.40043
83.5 -6.4814
83.6 -5.64472
83.7 -6.72055
83.8 -6.38637
83.9 -5.49732
84 -5.7534
84.1 -6.54144
84.2 -6.38073
84.3 -6.69781
84.4 -6.55227
84.5 -6.60352
84.6 -6.75672
84.7 -6.7423
84.8 -6.50854
84.9 -6.18129
85 -6.33804
85.1 -6.30826
85.2 -6.20307
85.3 -6.7811
85.4 -6.33289
85.5 -6.72299
85.6 -6.26835
85.7 -6.60962
85.8 -6.30105
85.9 -5.65458
86 -6.54865
86.1 -6.81593
86.2 -6.08264
86.3 -6.42902
86.4 -6.66745
86.5 -6.50332
86.6 -6.20928
86.7 -6.73154
86.8 -6.82098
86.9 -6.79511
87 -5.74068
87.1 -6.84883
87.2 -6.85711
87.3 -6.50492
87.4 -6.06594
87.5 -6.7979
87.6 -6.13988
87.7 -6.8683
87.8 -6.67478
87.9 -6.46974
88 -6.74077
88.1 -6.86849
88.2 -6.87436
88.3 -6.70006
88.4 -5.92574
88.5 -6.41877
88.6 -6.74095
88.7 -5.7358
88.8 -6.8905
88.9 -6.31094
89 -6.78534
89.1 -6.41289
89.2 -6.6498
89.3 -6.89781
89.4 -6.8475
89.5 -6.49573
89.6 -6.55678
89.7 -6.59962
89.8 -6.89771
89.9 -6.86677
90 -6.51808
90.1 -6.94354
90.2 -6.87008
90.3 -6.5857
90.4 -4.41615
90.5 -6.7371
90.6 -6.93566
90.7 -6.77126
90.8 -3.48006
90.9 -6.82195
91 -6.1297
91.1 -6.91343
91.2 -6.87764
91.3 -6.83506
91.4 -6.50106
91.5 -5.87517
91.6 -6.42701
91.7 -6.92977
91.8 -6.98387
91.9 -6.79244
92 -6.56513
92.1 -6.9664
92.2 -6.98861
92.3 -6.9503
92.4 -6.76604
92.5 -6.67206
92.6 -6.9542
92.7 -6.59546
92.8 -6.99188
92.9 -6.52432
93 -7.00926
93.1 -6.53052
93.2 -7.01318
93.3 -6.22486
93.4 -6.2277
93.5 -5.9732
93.6 -6.66249
93.7 -6.09805
93.8 -6.35454
93.9 -4.16141
94 -6.43275
94.1 -6.81635
94.2 -7.03327
94.3 -6.95623
94.4 -7.02058
94.5 -6.94576
94.6 -6.33055
94.7 -6.77823
94.8 -6.3339
94.9 -6.94399
95 -7.04629
95.1 -6.7636
95.2 -5.19622
95.3 -6.76766
95.4 -6.84247
95.5 -7.03699
95.6 -6.84971
95.7 -7.04919
95.8 -6.6714
95.9 -6.56554
96 -5.60854
96.1 -6.87273
96.2 -5.68293
96.3 -6.73113
96.4 -6.3477
96.5 -6.87736
96.6 -7.05906
96.7 -6.51709
96.8 -7.03008
96.9 -7.01463
97 -6.73326
97.1 -7.06687
97.2 -6.5524
97.3 -7.083
97.4 -6.82273
97.5 -6.55713
97.6 -6.76642
97.7 -6.86195
97.8 -6.35681
97.9 -7.00041
98 -5.62305
98.1 -7.02547
98.2 -6.42177
98.3 -6.86479
98.4 -4.92357
98.5 -7.07454
98.6 -6.60981
98.7 -5.3463
98.8 -7.03864
98.9 -6.91425
99 -6.83879
99.1 -7.00516
99.2 -6.40075
99.3 -7.0673
99.4 -6.98431
99.5 -6.44465
99.6 -7.03647
99.7 -6.46617
99.8 -5.87186
99.9 -7.11476
100 -6.91509
100.001 -4.83564
