28.6457 0.0663749
28.6984 0.218089
28.7512 0.417214
28.8039 0.967177
28.8566 1.30853
28.9094 1.90591
28.9621 2.42743
29.0148 2.124
29.0675 2.16193
29.1203 1.63093
29.173 1.26112
29.2257 0.948213
29.2785 0.616338
29.3312 0.331875
29.3839 0.274982
29.4367 0.142232
29.4894 0.18016
29.5421 0.0568928
29.5949 0.0663749
29.6476 0.0189643
29.7003 0.00948213
29.753 0.0379285
29.8058 0.0284464
29.8585 0
29.9112 0.00948213
29.964 0.0189643
30.0167 0
30.0694 0.00948213
30.1222 0.00948213
30.1749 0.00948213
30.2276 0
30.2804 0
30.3331 0.00948213
30.3858 0.00948213
30.4385 0.0189643
30.4913 0.0284464
30.544 0.0568928
30.5967 0.0379285
30.6495 0.0189643
30.7022 0.075857
30.7549 0.170678
30.8077 0.104303
30.8604 0.142232
30.9131 0.237053
30.9659 0.237053
31.0186 0.2655
31.0713 0.104303
31.124 0.075857
31.1768 0.0663749
31.2295 0.0474107
