8.5005 0.000373429
8.503 0.000413009
8.5055 0.000456436
8.508 0.000504044
8.51051 0.000556196
8.51301 0.00061328
8.51551 0.000675714
8.51801 0.000743947
8.52051 0.000818458
8.52301 0.000899763
8.52551 0.000988412
8.52801 0.00108499
8.53052 0.00119014
8.53302 0.00130452
8.53552 0.00142885
8.53802 0.00156389
8.54052 0.00171046
8.54302 0.00186942
8.54552 0.00204168
8.54802 0.00222823
8.55053 0.00243009
8.55303 0.00264836
8.55553 0.0028842
8.55803 0.00313883
8.56053 0.00341355
8.56303 0.00370973
8.56553 0.00402881
8.56803 0.00437231
8.57054 0.00474183
8.57304 0.00513905
8.57554 0.00556574
8.57804 0.00602377
8.58054 0.00651507
8.58304 0.0070417
8.58554 0.00760578
8.58804 0.00820955
8.59055 0.00885535
8.59305 0.00954563
8.59555 0.0102829
8.59805 0.0110699
8.60055 0.0119092
8.60305 0.0128039
8.60555 0.0137568
8.60805 0.0147712
8.61056 0.0158501
8.61306 0.0169969
8.61556 0.018215
8.61806 0.019508
8.62056 0.0208797
8.62306 0.0223337
8.62556 0.0238739
8.62806 0.0255045
8.63057 0.0272295
8.63307 0.0290531
8.63557 0.0309798
8.63807 0.033014
8.64057 0.0351603
8.64307 0.0374234
8.64557 0.039808
8.64807 0.0423191
8.65058 0.0449615
8.65308 0.0477405
8.65558 0.050661
8.65808 0.0537284
8.66058 0.056948
8.66308 0.060325
8.66558 0.0638651
8.66808 0.0675735
8.67059 0.071456
8.67309 0.075518
8.67559 0.0797652
8.67809 0.0842031
8.68059 0.0888375
8.68309 0.0936739
8.68559 0.0987181
8.68809 0.103976
8.6906 0.109452
8.6931 0.115153
8.6956 0.121084
8.6981 0.127251
8.7006 0.133658
8.7031 0.140312
8.7056 0.147217
8.7081 0.154378
8.71061 0.161801
8.71311 0.16949
8.71561 0.17745
8.71811 0.185686
8.72061 0.194202
8.72311 0.203002
8.72561 0.21209
8.72811 0.22147
8.73062 0.231145
8.73312 0.241119
8.73562 0.251395
8.73812 0.261975
8.74062 0.272862
8.74312 0.284059
8.74562 0.295566
8.74812 0.307387
8.75063 0.319522
8.75313 0.331971
8.75563 0.344736
8.75813 0.357817
8.76063 0.371214
8.76313 0.384926
8.76563 0.398953
8.76813 0.413292
8.77064 0.427943
8.77314 0.442903
8.77564 0.458169
8.77814 0.47374
8.78064 0.489611
8.78314 0.505779
8.78564 0.522239
8.78814 0.538987
8.79065 0.556018
8.79315 0.573326
8.79565 0.590906
8.79815 0.608751
8.80065 0.626854
8.80315 0.645208
8.80565 0.663805
8.80815 0.682638
8.81066 0.701697
8.81316 0.720974
8.81566 0.74046
8.81816 0.760145
8.82066 0.780019
8.82316 0.800071
8.82566 0.820291
8.82816 0.840667
8.83067 0.861189
8.83317 0.881843
8.83567 0.902619
8.83817 0.923503
8.84067 0.944483
8.84317 0.965546
8.84567 0.986678
8.84817 1.00787
8.85068 1.0291
8.85318 1.05036
8.85568 1.07163
8.85818 1.09291
8.86068 1.11417
8.86318 1.1354
8.86568 1.15659
8.86818 1.17772
8.87069 1.19878
8.87319 1.21975
8.87569 1.24061
8.87819 1.26136
8.88069 1.28198
8.88319 1.30245
8.88569 1.32277
8.88819 1.3429
8.8907 1.36284
8.8932 1.38258
8.8957 1.4021
8.8982 1.42138
8.9007 1.44042
8.9032 1.4592
8.9057 1.4777
8.9082 1.49591
8.91071 1.51382
8.91321 1.53142
8.91571 1.54869
8.91821 1.56562
8.92071 1.58221
8.92321 1.59843
8.92571 1.61427
8.92821 1.62973
8.93072 1.6448
8.93322 1.65946
8.93572 1.67371
8.93822 1.68753
8.94072 1.70092
8.94322 1.71387
8.94572 1.72637
8.94822 1.73842
8.95073 1.74999
8.95323 1.7611
8.95573 1.77173
8.95823 1.78188
8.96073 1.79154
8.96323 1.80071
8.96573 1.80938
8.96823 1.81755
8.97074 1.82522
8.97324 1.83237
8.97574 1.83902
8.97824 1.84516
8.98074 1.85078
8.98324 1.85589
8.98574 1.86048
8.98824 1.86456
8.99075 1.86813
8.99325 1.87118
8.99575 1.87371
8.99825 1.87574
9.00075 1.87726
9.00325 1.87827
9.00575 1.87878
9.00825 1.87878
9.01076 1.87829
9.01326 1.87731
9.01576 1.87584
9.01826 1.87389
9.02076 1.87146
9.02326 1.86855
9.02576 1.86518
9.02826 1.86135
9.03077 1.85707
9.03327 1.85233
9.03577 1.84716
9.03827 1.84156
9.04077 1.83553
9.04327 1.82908
9.04577 1.82222
9.04827 1.81496
9.05078 1.80731
9.05328 1.79927
9.05578 1.79086
9.05828 1.78208
9.06078 1.77294
9.06328 1.76346
9.06578 1.75364
9.06828 1.74348
9.07079 1.73301
9.07329 1.72223
9.07579 1.71115
9.07829 1.69977
9.08079 1.68812
9.08329 1.67619
9.08579 1.66401
9.08829 1.65157
9.0908 1.63889
9.0933 1.62598
9.0958 1.61285
9.0983 1.59951
9.1008 1.58597
9.1033 1.57224
9.1058 1.55832
9.1083 1.54423
9.11081 1.52998
9.11331 1.51558
9.11581 1.50103
9.11831 1.48635
9.12081 1.47155
9.12331 1.45663
9.12581 1.4416
9.12831 1.42648
9.13082 1.41126
9.13332 1.39597
9.13582 1.3806
9.13832 1.36518
9.14082 1.34969
9.14332 1.33416
9.14582 1.31859
9.14832 1.30299
9.15083 1.28737
9.15333 1.27173
9.15583 1.25608
9.15833 1.24043
9.16083 1.22478
9.16333 1.20915
9.16583 1.19354
9.16833 1.17795
9.17084 1.16239
9.17334 1.14687
9.17584 1.13139
9.17834 1.11596
9.18084 1.10059
9.18334 1.08527
9.18584 1.07002
9.18834 1.05484
9.19085 1.03974
9.19335 1.02471
9.19585 1.00977
9.19835 0.99492
9.20085 0.98016
9.20335 0.965495
9.20585 0.950931
9.20835 0.93647
9.21086 0.922116
9.21336 0.907872
9.21586 0.893742
9.21836 0.879729
9.22086 0.865834
9.22336 0.852061
9.22586 0.838413
9.22836 0.824891
9.23087 0.811498
9.23337 0.798236
9.23587 0.785107
9.23837 0.772112
9.24087 0.759254
9.24337 0.746533
9.24587 0.733951
9.24837 0.72151
9.25088 0.70921
9.25338 0.697053
9.25588 0.685039
9.25838 0.67317
9.26088 0.661445
9.26338 0.649866
9.26588 0.638432
9.26838 0.627145
9.27089 0.616005
9.27339 0.605011
9.27589 0.594164
9.27839 0.583464
9.28089 0.572911
9.28339 0.562504
9.28589 0.552243
9.28839 0.542129
9.2909 0.53216
9.2934 0.522336
9.2959 0.512656
9.2984 0.503121
9.3009 0.493729
9.3034 0.48448
9.3059 0.475372
9.3084 0.466406
9.31091 0.457579
9.31341 0.448892
9.31591 0.440343
9.31841 0.431931
9.32091 0.423656
9.32341 0.415515
9.32591 0.407508
9.32841 0.399634
9.33092 0.391892
9.33342 0.38428
9.33592 0.376797
9.33842 0.369442
9.34092 0.362213
9.34342 0.35511
9.34592 0.34813
9.34842 0.341273
9.35093 0.334536
9.35343 0.32792
9.35593 0.321421
9.35843 0.315039
9.36093 0.308773
9.36343 0.30262
9.36593 0.29658
9.36843 0.290651
9.37094 0.284831
9.37344 0.27912
9.37594 0.273515
9.37844 0.268014
9.38094 0.262618
9.38344 0.257323
9.38594 0.25213
9.38844 0.247035
9.39095 0.242038
9.39345 0.237137
9.39595 0.232331
9.39845 0.227618
9.40095 0.222997
9.40345 0.218466
9.40595 0.214024
9.40845 0.20967
9.41096 0.205401
9.41346 0.201218
9.41596 0.197117
9.41846 0.193099
9.42096 0.18916
9.42346 0.185302
9.42596 0.18152
9.42846 0.177815
9.43097 0.174186
9.43347 0.17063
9.43597 0.167146
9.43847 0.163734
9.44097 0.160392
9.44347 0.157118
9.44597 0.153911
9.44847 0.150771
9.45098 0.147696
9.45348 0.144684
9.45598 0.141735
9.45848 0.138847
9.46098 0.13602
9.46348 0.133252
9.46598 0.130541
9.46848 0.127888
9.47099 0.12529
9.47349 0.122747
9.47599 0.120257
9.47849 0.11782
9.48099 0.115435
9.48349 0.1131
9.48599 0.110815
9.48849 0.108578
9.491 0.106389
9.4935 0.104246
9.496 0.102149
9.4985 0.100097
9.501 0.098089
9.5035 0.0961237
9.506 0.0942004
9.5085 0.0923184
9.51101 0.0904768
9.51351 0.0886748
9.51601 0.0869115
9.51851 0.0851861
9.52101 0.0834978
9.52351 0.081846
9.52601 0.0802297
9.52851 0.0786483
9.53102 0.0771011
9.53352 0.0755872
9.53602 0.0741061
9.53852 0.072657
9.54102 0.0712392
9.54352 0.0698521
9.54602 0.0684951
9.54852 0.0671674
9.55103 0.0658684
9.55353 0.0645976
9.55603 0.0633544
9.55853 0.062138
9.56103 0.0609481
9.56353 0.0597839
9.56603 0.0586449
9.56853 0.0575307
9.57104 0.0564405
9.57354 0.0553741
9.57604 0.0543307
9.57854 0.0533099
9.58104 0.0523113
9.58354 0.0513343
9.58604 0.0503785
9.58854 0.0494433
9.59105 0.0485284
9.59355 0.0476333
9.59605 0.0467576
9.59855 0.0459008
9.60105 0.0450626
9.60355 0.0442424
9.60605 0.04344
9.60855 0.042655
9.61106 0.0418868
9.61356 0.0411353
9.61606 0.0403999
9.61856 0.0396804
9.62106 0.0389765
9.62356 0.0382876
9.62606 0.0376136
9.62856 0.0369541
9.63107 0.0363088
9.63357 0.0356773
9.63607 0.0350594
9.63857 0.0344548
9.64107 0.0338631
9.64357 0.0332841
9.64607 0.0327175
9.64857 0.032163
9.65108 0.0316204
9.65358 0.0310893
9.65608 0.0305696
9.65858 0.030061
9.66108 0.0295632
9.66358 0.0290761
9.66608 0.0285993
9.66858 0.0281326
9.67109 0.0276759
9.67359 0.0272288
9.67609 0.0267913
9.67859 0.026363
9.68109 0.0259437
9.68359 0.0255334
9.68609 0.0251317
9.68859 0.0247386
9.6911 0.0243537
9.6936 0.0239769
9.6961 0.0236081
9.6986 0.0232471
9.7011 0.0228936
9.7036 0.0225476
9.7061 0.0222089
9.7086 0.0218772
9.71111 0.0215526
9.71361 0.0212347
9.71611 0.0209235
9.71861 0.0206188
9.72111 0.0203205
9.72361 0.0200284
9.72611 0.0197424
9.72861 0.0194624
9.73112 0.0191883
9.73362 0.0189198
9.73612 0.018657
9.73862 0.0183996
9.74112 0.0181476
9.74362 0.0179008
9.74612 0.0176592
9.74862 0.0174226
9.75113 0.0171909
9.75363 0.016964
9.75613 0.0167419
9.75863 0.0165243
9.76113 0.0163113
9.76363 0.0161027
9.76613 0.0158984
9.76863 0.0156984
9.77114 0.0155025
9.77364 0.0153107
9.77614 0.0151229
9.77864 0.0149389
9.78114 0.0147588
9.78364 0.0145825
9.78614 0.0144098
9.78864 0.0142407
9.79115 0.0140751
9.79365 0.013913
9.79615 0.0137542
9.79865 0.0135988
9.80115 0.0134466
9.80365 0.0132976
9.80615 0.0131517
9.80865 0.0130088
9.81116 0.012869
9.81366 0.0127321
9.81616 0.012598
9.81866 0.0124668
9.82116 0.0123384
9.82366 0.0122127
9.82616 0.0120897
9.82866 0.0119692
9.83117 0.0118514
9.83367 0.011736
9.83617 0.0116231
9.83867 0.0115127
9.84117 0.0114046
9.84367 0.0112988
9.84617 0.0111954
9.84867 0.0110942
9.85118 0.0109952
9.85368 0.0108983
9.85618 0.0108036
9.85868 0.010711
9.86118 0.0106205
9.86368 0.010532
9.86618 0.0104454
9.86868 0.0103608
9.87119 0.0102782
9.87369 0.0101974
9.87619 0.0101185
9.87869 0.0100414
9.88119 0.00996605
9.88369 0.0098925
9.88619 0.00982069
9.88869 0.00975059
9.8912 0.00968216
9.8937 0.00961539
9.8962 0.00955025
9.8987 0.00948672
9.9012 0.00942476
9.9037 0.00936436
9.9062 0.0093055
9.9087 0.00924814
9.91121 0.00919227
9.91371 0.00913788
9.91621 0.00908493
9.91871 0.0090334
9.92121 0.00898329
9.92371 0.00893456
9.92621 0.0088872
9.92871 0.0088412
9.93122 0.00879654
9.93372 0.00875319
9.93622 0.00871115
9.93872 0.00867039
9.94122 0.00863091
9.94372 0.00859269
9.94622 0.00855571
9.94872 0.00851996
9.95123 0.00848542
9.95373 0.00845209
9.95623 0.00841996
9.95873 0.008389
9.96123 0.00835921
9.96373 0.00833058
9.96623 0.00830309
9.96873 0.00827675
9.97124 0.00825152
9.97374 0.00822742
9.97624 0.00820443
9.97874 0.00818253
9.98124 0.00816173
9.98374 0.00814202
9.98624 0.00812338
9.98874 0.00810581
9.99125 0.0080893
9.99375 0.00807385
9.99625 0.00805946
9.99875 0.00804611
10.0013 0.0080338
10.0038 0.00802253
10.0063 0.00801229
10.0088 0.00800308
10.0113 0.00799489
10.0138 0.00798772
10.0163 0.00798157
10.0188 0.00797644
10.0213 0.00797232
10.0238 0.00796922
10.0263 0.00796712
10.0288 0.00796603
10.0313 0.00796595
10.0338 0.00796688
10.0363 0.00796881
10.0388 0.00797175
10.0413 0.0079757
10.0438 0.00798066
10.0463 0.00798663
10.0488 0.00799361
10.0513 0.00800161
10.0538 0.00801062
10.0563 0.00802065
10.0588 0.00803169
10.0613 0.00804377
10.0638 0.00805687
10.0663 0.00807101
10.0688 0.00808618
10.0713 0.00810239
10.0738 0.00811965
10.0763 0.00813796
10.0788 0.00815732
10.0813 0.00817775
10.0838 0.00819925
10.0863 0.00822183
10.0888 0.00824549
10.0913 0.00827024
10.0938 0.00829609
10.0963 0.00832305
10.0988 0.00835112
10.1013 0.00838032
10.1038 0.00841065
10.1063 0.00844213
10.1088 0.00847476
10.1113 0.00850856
10.1138 0.00854354
10.1163 0.0085797
10.1188 0.00861706
10.1213 0.00865564
10.1238 0.00869544
10.1263 0.00873647
10.1288 0.00877876
10.1313 0.00882232
10.1338 0.00886715
10.1363 0.00891328
10.1388 0.00896072
10.1413 0.00900949
10.1438 0.0090596
10.1463 0.00911106
10.1488 0.00916391
10.1513 0.00921815
10.1538 0.0092738
10.1563 0.00933089
10.1588 0.00938942
10.1613 0.00944943
10.1638 0.00951093
10.1663 0.00957394
10.1688 0.00963848
10.1713 0.00970459
10.1738 0.00977227
10.1763 0.00984155
10.1788 0.00991246
10.1813 0.00998502
10.1838 0.0100592
10.1863 0.0101352
10.1888 0.0102128
10.1913 0.0102923
10.1938 0.0103735
10.1963 0.0104565
10.1988 0.0105413
10.2014 0.0106281
10.2039 0.0107167
10.2064 0.0108072
10.2089 0.0108997
10.2114 0.0109942
10.2139 0.0110908
10.2164 0.0111894
10.2189 0.0112901
10.2214 0.0113929
10.2239 0.0114979
10.2264 0.0116052
10.2289 0.0117146
10.2314 0.0118264
10.2339 0.0119405
10.2364 0.0120569
10.2389 0.0121757
10.2414 0.0122971
10.2439 0.0124209
10.2464 0.0125472
10.2489 0.0126761
10.2514 0.0128077
10.2539 0.0129419
10.2564 0.0130789
10.2589 0.0132187
10.2614 0.0133613
10.2639 0.0135068
10.2664 0.0136552
10.2689 0.0138066
10.2714 0.013961
10.2739 0.0141186
10.2764 0.0142793
10.2789 0.0144433
10.2814 0.0146105
10.2839 0.0147811
10.2864 0.0149551
10.2889 0.0151325
10.2914 0.0153135
10.2939 0.0154981
10.2964 0.0156864
10.2989 0.0158784
10.3014 0.0160743
10.3039 0.016274
10.3064 0.0164777
10.3089 0.0166855
10.3114 0.0168974
10.3139 0.0171134
10.3164 0.0173338
10.3189 0.0175585
10.3214 0.0177877
10.3239 0.0180214
10.3264 0.0182597
10.3289 0.0185028
10.3314 0.0187506
10.3339 0.0190034
10.3364 0.0192612
10.3389 0.019524
10.3414 0.019792
10.3439 0.0200654
10.3464 0.0203441
10.3489 0.0206284
10.3514 0.0209182
10.3539 0.0212138
10.3564 0.0215152
10.3589 0.0218225
10.3614 0.022136
10.3639 0.0224556
10.3664 0.0227815
10.3689 0.0231138
10.3714 0.0234527
10.3739 0.0237983
10.3764 0.0241507
10.3789 0.02451
10.3814 0.0248764
10.3839 0.02525
10.3864 0.025631
10.3889 0.0260195
10.3914 0.0264157
10.3939 0.0268196
10.3964 0.0272315
10.3989 0.0276515
10.4015 0.0280798
10.404 0.0285164
10.4065 0.0289617
10.409 0.0294157
10.4115 0.0298787
10.414 0.0303507
10.4165 0.030832
10.419 0.0313228
10.4215 0.0318231
10.424 0.0323333
10.4265 0.0328535
10.429 0.0333839
10.4315 0.0339246
10.434 0.0344759
10.4365 0.0350381
10.439 0.0356112
10.4415 0.0361955
10.444 0.0367911
10.4465 0.0373985
10.449 0.0380176
10.4515 0.0386488
10.454 0.0392923
10.4565 0.0399482
10.459 0.040617
10.4615 0.0412987
10.464 0.0419936
10.4665 0.0427019
10.469 0.043424
10.4715 0.04416
10.474 0.0449102
10.4765 0.0456749
10.479 0.0464542
10.4815 0.0472486
10.484 0.0480582
10.4865 0.0488833
10.489 0.0497243
10.4915 0.0505813
10.494 0.0514546
10.4965 0.0523446
10.499 0.0532515
10.5015 0.0541757
10.504 0.0551173
10.5065 0.0560768
10.509 0.0570544
10.5115 0.0580504
10.514 0.0590652
10.5165 0.060099
10.519 0.0611521
10.5215 0.062225
10.524 0.0633178
10.5265 0.064431
10.529 0.0655649
10.5315 0.0667197
10.534 0.0678958
10.5365 0.0690937
10.539 0.0703135
10.5415 0.0715556
10.544 0.0728205
10.5465 0.0741084
10.549 0.0754197
10.5515 0.0767547
10.554 0.0781138
10.5565 0.0794973
10.559 0.0809057
10.5615 0.0823392
10.564 0.0837982
10.5665 0.0852831
10.569 0.0867943
10.5715 0.0883321
10.574 0.0898968
10.5765 0.0914889
10.579 0.0931086
10.5815 0.0947565
10.584 0.0964327
10.5865 0.0981378
10.589 0.0998719
10.5915 0.101636
10.594 0.103429
10.5965 0.105253
10.599 0.107107
10.6016 0.108993
10.6041 0.110909
10.6066 0.112858
10.6091 0.114838
10.6116 0.116851
10.6141 0.118896
10.6166 0.120974
10.6191 0.123086
10.6216 0.125231
10.6241 0.12741
10.6266 0.129624
10.6291 0.131872
10.6316 0.134155
10.6341 0.136473
10.6366 0.138827
10.6391 0.141216
10.6416 0.143642
10.6441 0.146103
10.6466 0.148601
10.6491 0.151136
10.6516 0.153708
10.6541 0.156318
10.6566 0.158964
10.6591 0.161648
10.6616 0.16437
10.6641 0.16713
10.6666 0.169928
10.6691 0.172764
10.6716 0.175639
10.6741 0.178552
10.6766 0.181504
10.6791 0.184494
10.6816 0.187523
10.6841 0.19059
10.6866 0.193696
10.6891 0.196841
10.6916 0.200025
10.6941 0.203247
10.6966 0.206508
10.6991 0.209807
10.7016 0.213144
10.7041 0.21652
10.7066 0.219933
10.7091 0.223385
10.7116 0.226874
10.7141 0.2304
10.7166 0.233963
10.7191 0.237563
10.7216 0.2412
10.7241 0.244872
10.7266 0.24858
10.7291 0.252324
10.7316 0.256102
10.7341 0.259914
10.7366 0.263759
10.7391 0.267638
10.7416 0.27155
10.7441 0.275493
10.7466 0.279467
10.7491 0.283472
10.7516 0.287507
10.7541 0.29157
10.7566 0.295662
10.7591 0.29978
10.7616 0.303925
10.7641 0.308096
10.7666 0.31229
10.7691 0.316508
10.7716 0.320748
10.7741 0.325009
10.7766 0.32929
10.7791 0.33359
10.7816 0.337907
10.7841 0.34224
10.7866 0.346588
10.7891 0.35095
10.7916 0.355323
10.7941 0.359707
10.7966 0.364099
10.7991 0.3685
10.8017 0.372905
10.8042 0.377315
10.8067 0.381728
10.8092 0.386141
10.8117 0.390553
10.8142 0.394962
10.8167 0.399366
10.8192 0.403763
10.8217 0.408151
10.8242 0.412529
10.8267 0.416894
10.8292 0.421244
10.8317 0.425578
10.8342 0.429891
10.8367 0.434184
10.8392 0.438453
10.8417 0.442696
10.8442 0.446911
10.8467 0.451096
10.8492 0.455247
10.8517 0.459364
10.8542 0.463443
10.8567 0.467481
10.8592 0.471477
10.8617 0.475428
10.8642 0.479331
10.8667 0.483184
10.8692 0.486984
10.8717 0.490729
10.8742 0.494416
10.8767 0.498042
10.8792 0.501606
10.8817 0.505103
10.8842 0.508533
10.8867 0.511891
10.8892 0.515176
10.8917 0.518385
10.8942 0.521514
10.8967 0.524563
10.8992 0.527527
10.9017 0.530405
10.9042 0.533194
10.9067 0.535891
10.9092 0.538494
10.9117 0.541001
10.9142 0.543408
10.9167 0.545714
10.9192 0.547916
10.9217 0.550012
10.9242 0.552
10.9267 0.553876
10.9292 0.55564
10.9317 0.557289
10.9342 0.55882
10.9367 0.560233
10.9392 0.561524
10.9417 0.562692
10.9442 0.563735
10.9467 0.564652
10.9492 0.56544
10.9517 0.566098
10.9542 0.566625
10.9567 0.567018
10.9592 0.567278
10.9617 0.567402
10.9642 0.567389
10.9667 0.567238
10.9692 0.566949
10.9717 0.56652
10.9742 0.56595
10.9767 0.565239
10.9792 0.564387
10.9817 0.563393
10.9842 0.562256
10.9867 0.560976
10.9892 0.559553
10.9917 0.557988
10.9942 0.55628
10.9967 0.55443
10.9992 0.552437
11.0018 0.550303
11.0043 0.548028
11.0068 0.545613
11.0093 0.543058
11.0118 0.540365
11.0143 0.537535
11.0168 0.534568
11.0193 0.531467
11.0218 0.528232
11.0243 0.524866
11.0268 0.52137
11.0293 0.517746
11.0318 0.513995
11.0343 0.51012
11.0368 0.506124
11.0393 0.502007
11.0418 0.497774
11.0443 0.493426
11.0468 0.488965
11.0493 0.484396
11.0518 0.47972
11.0543 0.47494
11.0568 0.47006
11.0593 0.465082
11.0618 0.46001
11.0643 0.454847
11.0668 0.449596
11.0693 0.444262
11.0718 0.438846
11.0743 0.433354
11.0768 0.427788
11.0793 0.422153
11.0818 0.416452
11.0843 0.410688
11.0868 0.404867
11.0893 0.398991
11.0918 0.393064
11.0943 0.387092
11.0968 0.381077
11.0993 0.375023
11.1018 0.368935
11.1043 0.362817
11.1068 0.356672
11.1093 0.350506
11.1118 0.344321
11.1143 0.338121
11.1168 0.331912
11.1193 0.325696
11.1218 0.319478
11.1243 0.313262
11.1268 0.307051
11.1293 0.300849
11.1318 0.294661
11.1343 0.28849
11.1368 0.282339
11.1393 0.276212
11.1418 0.270113
11.1443 0.264045
11.1468 0.258012
11.1493 0.252017
11.1518 0.246063
11.1543 0.240154
11.1568 0.234292
11.1593 0.22848
11.1618 0.222722
11.1643 0.21702
11.1668 0.211376
11.1693 0.205794
11.1718 0.200276
11.1743 0.194824
11.1768 0.189441
11.1793 0.184129
11.1818 0.178889
11.1843 0.173723
11.1868 0.168635
11.1893 0.163624
11.1918 0.158693
11.1943 0.153843
11.1968 0.149076
11.1993 0.144392
11.2019 0.139794
11.2044 0.135281
11.2069 0.130855
11.2094 0.126517
11.2119 0.122266
11.2144 0.118105
11.2169 0.114033
11.2194 0.11005
11.2219 0.106157
11.2244 0.102354
11.2269 0.0986413
11.2294 0.0950181
11.2319 0.0914846
11.2344 0.0880405
11.2369 0.0846855
11.2394 0.0814191
11.2419 0.0782408
11.2444 0.07515
11.2469 0.0721461
11.2494 0.0692281
11.2519 0.0663954
11.2544 0.063647
11.2569 0.0609819
11.2594 0.0583992
11.2619 0.0558976
11.2644 0.0534761
11.2669 0.0511335
11.2694 0.0488685
11.2719 0.0466798
11.2744 0.0445661
11.2769 0.0425261
11.2794 0.0405582
11.2819 0.0386612
11.2844 0.0368335
11.2869 0.0350736
11.2894 0.0333801
11.2919 0.0317513
11.2944 0.0301858
11.2969 0.0286821
11.2994 0.0272384
11.3019 0.0258534
11.3044 0.0245253
11.3069 0.0232527
11.3094 0.0220339
11.3119 0.0208675
11.3144 0.0197517
11.3169 0.0186852
11.3194 0.0176663
11.3219 0.0166935
11.3244 0.0157653
11.3269 0.0148803
11.3294 0.0140368
11.3319 0.0132336
11.3344 0.0124691
11.3369 0.0117419
11.3394 0.0110507
11.3419 0.0103941
11.3444 0.0097707
11.3469 0.00917928
11.3494 0.00861853
11.3519 0.00808721
11.3544 0.00758408
11.3569 0.00710798
11.3594 0.00665773
11.3619 0.00623221
11.3644 0.00583032
11.3669 0.005451
11.3694 0.00509323
11.3719 0.00475598
11.3744 0.00443831
11.3769 0.00413928
11.3794 0.00385797
11.3819 0.00359351
11.3844 0.00334506
11.3869 0.00311182
11.3894 0.00289299
11.3919 0.00268782
11.3944 0.0024956
11.3969 0.00231563
11.3994 0.00214724
11.402 0.0019898
11.4045 0.00184269
11.407 0.00170534
11.4095 0.00157719
11.412 0.0014577
11.4145 0.00134636
11.417 0.0012427
11.4195 0.00114625
11.422 0.00105657
11.4245 0.000973245
11.427 0.000895885
11.4295 0.00082411
11.432 0.000757566
11.4345 0.000695916
11.437 0.000638841
11.4395 0.000586039
11.442 0.000537228
11.4445 0.000492137
11.447 0.000450513
11.4495 0.00041212
11.452 0.000376731
11.4545 0.000344136
11.457 0.000314136
11.4595 0.000286546
11.462 0.000261191
11.4645 0.000237908
11.467 0.000216543
11.4695 0.000196952
11.472 0.000179003
11.4745 0.000162571
11.477 0.000147537
11.4795 0.000133795
11.482 0.000121243
11.4845 0.000109786
11.487 9.93376e-05
11.4895 8.98158e-05
11.492 8.11453e-05
11.4945 7.32563e-05
11.497 6.60839e-05
11.4995 5.95682e-05
