0 -3.64317
0.1 -3.6752
0.2 -3.74248
0.3 -3.71826
0.4 -3.7432
0.5 -3.70577
0.6 -3.70242
0.7 -3.76075
0.8 -3.71558
0.9 -3.73725
1 -3.72556
1.1 -3.75875
1.2 -3.75556
1.3 -3.75811
1.4 -3.75541
1.5 -3.76569
1.6 -3.80987
1.7 -3.79315
1.8 -3.75085
1.9 -3.75281
2 -3.76452
2.1 -3.80586
2.2 -3.78991
2.3 -3.80184
2.4 -3.77612
2.5 -3.8552
2.6 -3.79536
2.7 -3.85532
2.8 -3.77436
2.9 -3.86195
3 -3.88414
3.1 -3.83156
3.2 -3.84754
3.3 -3.81892
3.4 -3.83853
3.5 -3.85404
3.6 -3.84548
3.7 -3.87245
3.8 -3.87528
3.9 -3.85075
4 -3.89771
4.1 -3.84979
4.2 -3.87805
4.3 -3.89864
4.4 -3.86931
4.5 -3.86301
4.6 -3.86083
4.7 -3.92619
4.8 -3.91153
4.9 -3.94329
5 -3.94405
5.1 -3.91928
5.2 -3.90487
5.3 -3.93008
5.4 -3.86928
5.5 -3.91465
5.6 -3.9731
5.7 -3.95244
5.8 -3.90795
5.9 -3.91095
6 -3.98336
6.1 -4.00422
6.2 -3.96905
6.3 -3.9581
6.4 -3.99679
6.5 -3.95596
6.6 -3.96863
6.7 -3.95142
6.8 -3.9265
6.9 -3.95483
7 -3.97435
7.1 -3.96374
7.2 -3.97641
7.3 -3.99532
7.4 -4.01506
7.5 -3.98609
7.6 -4.01555
7.7 -3.94668
7.8 -4.01369
7.9 -4.04352
8 -4.007
8.1 -3.98257
8.2 -4.02838
8.3 -4.04641
8.4 -4.02565
8.5 -3.99417
8.6 -4.02987
8.7 -4.0351
8.8 -4.08466
8.9 -4.04596
9 -4.08558
9.1 -4.03962
9.2 -4.06334
9.3 -4.06361
9.4 -4.06264
9.5 -4.03584
9.6 -4.01239
9.7 -4.038
9.8 -4.02678
9.9 -4.06469
10 -4.03998
10.1 -4.06982
10.2 -4.06247
10.3 -4.09511
10.4 -4.08724
10.5 -4.07623
10.6 -4.1108
10.7 -4.08423
10.8 -4.02349
10.9 -4.07306
11 -4.07209
11.1 -4.02311
11.2 -4.09003
11.3 -4.05468
11.4 -4.11479
11.5 -4.13043
11.6 -4.12637
11.7 -4.10044
11.8 -4.11444
11.9 -4.0863
12 -4.10952
12.1 -4.11299
12.2 -4.04099
12.3 -4.13473
12.4 -4.0809
12.5 -4.12132
12.6 -4.11212
12.7 -4.12859
12.8 -4.10109
12.9 -4.13021
13 -4.15767
13.1 -4.14518
13.2 -4.16036
13.3 -4.15488
13.4 -4.09626
13.5 -4.14148
13.6 -4.13829
13.7 -4.11551
13.8 -4.18118
13.9 -4.08954
14 -4.16407
14.1 -4.12904
14.2 -4.19045
14.3 -4.16437
14.4 -4.15706
14.5 -4.15184
14.6 -4.1727
14.7 -4.18063
14.8 -4.1863
14.9 -4.21692
15 -4.18175
15.1 -4.15716
15.2 -4.19861
15.3 -4.15219
15.4 -4.10744
15.5 -4.16043
15.6 -4.12856
15.7 -4.16214
15.8 -4.16771
15.9 -4.13431
16 -4.1867
16.1 -4.18835
16.2 -4.20488
16.3 -4.21847
16.4 -4.18467
16.5 -4.21875
16.6 -4.17245
16.7 -4.23252
16.8 -4.15844
16.9 -4.2134
17 -4.21177
17.1 -4.19672
17.2 -4.2251
17.3 -4.21966
17.4 -4.21386
17.5 -4.1579
17.6 -4.1916
17.7 -4.22392
17.8 -4.25514
17.9 -4.25121
18 -4.22365
18.1 -4.25683
18.2 -4.23628
18.3 -4.22217
18.4 -4.19505
18.5 -4.23113
18.6 -4.20555
18.7 -4.2788
18.8 -4.24972
18.9 -4.19786
19 -4.23559
19.1 -4.21143
19.2 -4.18844
19.3 -4.2313
19.4 -4.21935
19.5 -4.23596
19.6 -4.24478
19.7 -4.228
19.8 -4.29303
19.9 -4.30049
20 -4.21153
20.1 -4.24827
20.2 -4.30214
20.3 -4.27194
20.4 -4.27152
20.5 -4.26885
20.6 -4.26684
20.7 -4.29554
20.8 -4.26937
20.9 -4.27577
21 -4.25184
21.1 -4.22923
21.2 -4.30183
21.3 -4.26245
21.4 -4.27835
21.5 -4.28072
21.6 -4.30985
21.7 -4.31215
21.8 -4.27786
21.9 -4.28842
22 -4.28218
22.1 -4.26942
22.2 -4.29996
22.3 -4.29092
22.4 -4.31585
22.5 -4.35487
22.6 -4.32688
22.7 -4.29331
22.8 -4.29099
22.9 -4.24068
23 -4.33552
23.1 -4.31264
23.2 -4.27614
23.3 -4.2604
23.4 -4.26851
23.5 -4.28887
23.6 -4.30828
23.7 -4.34926
23.8 -4.30998
23.9 -4.3222
24 -4.26438
24.1 -4.31179
24.2 -4.29428
24.3 -4.31565
24.4 -4.28836
24.5 -4.33608
24.6 -4.3439
24.7 -4.31812
24.8 -4.32791
24.9 -4.31676
25 -4.28911
25.1 -4.33816
25.2 -4.30248
25.3 -4.36122
25.4 -4.31671
25.5 -4.31974
25.6 -4.29035
25.7 -4.31522
25.8 -4.30166
25.9 -4.30414
26 -4.32812
26.1 -4.35932
26.2 -4.3634
26.3 -4.32492
26.4 -4.36008
26.5 -4.3274
26.6 -4.35402
26.7 -4.36321
26.8 -4.32669
26.9 -4.31671
27 -4.33929
27.1 -4.36633
27.2 -4.31363
27.3 -4.34385
27.4 -4.34942
27.5 -4.35869
27.6 -4.33803
27.7 -4.3547
27.8 -4.38505
27.9 -4.34817
28 -4.36777
28.1 -4.37659
28.2 -4.33657
28.3 -4.32694
28.4 -4.31652
28.5 -4.40007
28.6 -4.34793
28.7 -4.36204
28.8 -4.37143
28.9 -4.36474
29 -4.34022
29.1 -4.42303
29.2 -4.38406
29.3 -4.32808
29.4 -4.3669
29.5 -4.34901
29.6 -4.35819
29.7 -4.38054
29.8 -4.37421
29.9 -4.37635
30 -4.4029
30.1 -4.30488
30.2 -4.41756
30.3 -4.32725
30.4 -4.35751
30.5 -4.35769
30.6 -4.30904
30.7 -4.36911
30.8 -4.35197
30.9 -4.35155
31 -4.35092
31.1 -4.37446
31.2 -4.36062
31.3 -4.39947
31.4 -4.38572
31.5 -4.35081
31.6 -4.34693
31.7 -4.36766
31.8 -4.3283
31.9 -4.35952
32 -4.35437
32.1 -4.34872
32.2 -4.358
32.3 -4.3778
32.4 -4.3697
32.5 -4.32029
32.6 -4.32794
32.7 -4.31326
32.8 -4.34849
32.9 -4.3594
33 -4.3504
33.1 -4.38084
33.2 -4.35108
33.3 -4.33791
33.4 -4.36842
33.5 -4.35489
33.6 -4.35734
33.7 -4.3468
33.8 -4.35563
33.9 -4.3246
34 -4.36426
34.1 -4.35597
34.2 -4.38772
34.3 -4.3963
34.4 -4.35815
34.5 -4.39664
34.6 -4.3316
34.7 -4.38867
34.8 -4.38308
34.9 -4.3655
35 -4.36266
35.1 -4.34599
35.2 -4.34172
35.3 -4.35232
35.4 -4.33722
35.5 -4.34864
35.6 -4.42259
35.7 -4.36897
35.8 -4.36108
35.9 -4.36522
36 -4.3957
36.1 -4.39644
36.2 -4.37499
36.3 -4.34644
36.4 -4.35643
36.5 -4.35406
36.6 -4.40463
36.7 -4.40828
36.8 -4.39533
36.9 -4.40046
37 -4.31246
37.1 -4.3987
37.2 -4.40786
37.3 -4.40077
37.4 -4.39259
37.5 -4.38517
37.6 -4.36114
37.7 -4.39019
37.8 -4.35714
37.9 -4.35923
38 -4.3644
38.1 -4.40366
38.2 -4.36516
38.3 -4.39621
38.4 -4.36731
38.5 -4.32857
38.6 -4.33256
38.7 -4.35287
38.8 -4.35175
38.9 -4.35071
39 -4.34988
39.1 -4.35119
39.2 -4.36371
39.3 -4.33239
39.4 -4.37683
39.5 -4.41296
39.6 -4.37285
39.7 -4.37994
39.8 -4.38493
39.9 -4.34512
40 -4.36126
40.1 -4.39138
40.2 -4.38429
40.3 -4.35369
40.4 -4.38241
40.5 -4.40615
40.6 -4.39524
40.7 -4.39774
40.8 -4.31876
40.9 -4.34983
41 -4.3941
41.1 -4.42313
41.2 -4.37144
41.3 -4.38065
41.4 -4.37472
41.5 -4.34952
41.6 -4.38291
41.7 -4.37162
41.8 -4.38883
41.9 -4.38546
42 -4.36111
42.1 -4.36017
42.2 -4.32237
42.3 -4.39824
42.4 -4.38185
42.5 -4.38107
42.6 -4.44229
42.7 -4.42213
42.8 -4.41796
42.9 -4.37653
43 -4.36168
43.1 -4.34477
43.2 -4.35439
43.3 -4.34687
43.4 -4.38101
43.5 -4.31843
43.6 -4.37729
43.7 -4.42354
43.8 -4.40791
43.9 -4.39712
44 -4.40607
44.1 -4.43772
44.2 -4.36868
44.3 -4.41009
44.4 -4.41906
44.5 -4.35312
44.6 -4.34963
44.7 -4.36757
44.8 -4.39441
44.9 -4.38317
45 -4.41725
45.1 -4.39176
45.2 -4.3829
45.3 -4.37211
45.4 -4.41724
45.5 -4.38843
45.6 -4.42173
45.7 -4.37249
45.8 -4.38882
45.9 -4.39016
46 -4.40619
46.1 -4.33957
46.2 -4.37262
46.3 -4.3953
46.4 -4.39348
46.5 -4.41182
46.6 -4.4094
46.7 -4.37113
46.8 -4.42034
46.9 -4.35897
47 -4.43591
47.1 -4.39841
47.2 -4.45026
47.3 -4.41936
47.4 -4.39769
47.5 -4.38003
47.6 -4.43309
47.7 -4.48594
47.8 -4.42792
47.9 -4.39841
48 -4.4208
48.1 -4.39809
48.2 -4.43924
48.3 -4.42895
48.4 -4.41215
48.5 -4.42164
48.6 -4.35823
48.7 -4.38803
48.8 -4.40774
48.9 -4.38122
49 -4.40283
49.1 -4.36337
49.2 -4.37008
49.3 -4.46107
49.4 -4.41205
49.5 -4.43828
49.6 -4.43788
49.7 -4.44244
49.8 -4.44595
49.9 -4.40819
50 -4.41844
50.1 -4.39759
50.2 -4.40463
50.3 -4.40081
50.4 -4.45098
50.5 -4.46268
50.6 -4.4434
50.7 -4.47003
50.8 -4.41459
50.9 -4.44093
51 -4.40306
51.1 -4.39317
51.2 -4.4513
51.3 -4.39456
51.4 -4.44493
51.5 -4.4636
51.6 -4.40663
51.7 -4.40456
51.8 -4.41832
51.9 -4.39883
52 -4.43836
52.1 -4.40539
52.2 -4.4474
52.3 -4.42809
52.4 -4.44591
52.5 -4.41456
52.6 -4.46743
52.7 -4.45435
52.8 -4.42063
52.9 -4.45755
53 -4.43552
53.1 -4.39587
53.2 -4.4551
53.3 -4.46596
53.4 -4.46249
53.5 -4.45242
53.6 -4.44063
53.7 -4.50476
53.8 -4.43016
53.9 -4.46623
54 -4.35578
54.1 -4.42245
54.2 -4.43094
54.3 -4.43832
54.4 -4.46431
54.5 -4.44816
54.6 -4.43924
54.7 -4.45851
54.8 -4.44094
54.9 -4.45381
55 -4.49831
55.1 -4.47836
55.2 -4.40738
55.3 -4.47061
55.4 -4.48256
55.5 -4.41068
55.6 -4.42512
55.7 -4.44083
55.8 -4.42877
55.9 -4.43884
56 -4.46837
56.1 -4.39903
56.2 -4.44336
56.3 -4.41251
56.4 -4.45545
56.5 -4.4077
56.6 -4.42264
56.7 -4.4733
56.8 -4.41092
56.9 -4.43487
57 -4.41096
57.1 -4.44307
57.2 -4.39564
57.3 -4.40102
57.4 -4.47413
57.5 -4.45368
57.6 -4.42307
57.7 -4.38736
57.8 -4.45395
57.9 -4.38572
58 -4.40365
58.1 -4.39818
58.2 -4.39768
58.3 -4.40213
58.4 -4.42018
58.5 -4.41053
58.6 -4.44158
58.7 -4.33109
58.8 -4.38781
58.9 -4.42011
59 -4.40896
59.1 -4.44829
59.2 -4.43777
59.3 -4.45058
59.4 -4.47826
59.5 -4.43135
59.6 -4.42931
59.7 -4.40872
59.8 -4.42457
59.9 -4.42765
60 -4.43001
60.1 -4.36697
60.2 -4.42115
60.3 -4.44548
60.4 -4.4027
60.5 -4.46684
60.6 -4.44366
60.7 -4.41782
60.8 -4.42959
60.9 -4.38641
61 -4.43015
61.1 -4.4263
61.2 -4.43264
61.3 -4.48947
61.4 -4.47397
61.5 -4.39525
61.6 -4.4205
61.7 -4.46601
61.8 -4.47358
61.9 -4.39429
62 -4.41557
62.1 -4.47126
62.2 -4.45899
62.3 -4.47886
62.4 -4.40417
62.5 -4.43024
62.6 -4.45158
62.7 -4.43575
62.8 -4.43737
62.9 -4.46712
63 -4.45904
63.1 -4.45715
63.2 -4.43498
63.3 -4.4248
63.4 -4.44852
63.5 -4.46111
63.6 -4.42943
63.7 -4.43792
63.8 -4.4272
63.9 -4.53404
64 -4.48033
64.1 -4.4115
64.2 -4.46847
64.3 -4.47719
64.4 -4.48835
64.5 -4.48808
64.6 -4.45155
64.7 -4.45002
64.8 -4.4868
64.9 -4.45283
65 -4.44801
65.1 -4.46187
65.2 -4.41711
65.3 -4.47277
65.4 -4.46282
65.5 -4.47308
65.6 -4.45775
65.7 -4.4653
65.8 -4.4251
65.9 -4.46644
66 -4.45977
66.1 -4.48335
66.2 -4.47717
66.3 -4.54651
66.4 -4.49129
66.5 -4.48447
66.6 -4.449
66.7 -4.45163
66.8 -4.4478
66.9 -4.46642
67 -4.4704
67.1 -4.53046
67.2 -4.48654
67.3 -4.52098
67.4 -4.48123
67.5 -4.50383
67.6 -4.51237
67.7 -4.45249
67.8 -4.49024
67.9 -4.48271
68 -4.4402
68.1 -4.45001
68.2 -4.457
68.3 -4.4554
68.4 -4.43497
68.5 -4.42267
68.6 -4.485
68.7 -4.46005
68.8 -4.4543
68.9 -4.42996
69 -4.4814
69.1 -4.45979
69.2 -4.47457
69.3 -4.45094
69.4 -4.4431
69.5 -4.46321
69.6 -4.44833
69.7 -4.45335
69.8 -4.42666
69.9 -4.43983
70 -4.44384
70.1 -4.50618
70.2 -4.44436
70.3 -4.42801
70.4 -4.47433
70.5 -4.46795
70.6 -4.47256
70.7 -4.4291
70.8 -4.45511
70.9 -4.47103
71 -4.45352
71.1 -4.43095
71.2 -4.44437
71.3 -4.46691
71.4 -4.40906
71.5 -4.45225
71.6 -4.4533
71.7 -4.45143
71.8 -4.45957
71.9 -4.47445
72 -4.47903
72.1 -4.43613
72.2 -4.42464
72.3 -4.47528
72.4 -4.43871
72.5 -4.42303
72.6 -4.44919
72.7 -4.43957
72.8 -4.40203
72.9 -4.43392
73 -4.42555
73.1 -4.43516
73.2 -4.40875
73.3 -4.42561
73.4 -4.43535
73.5 -4.45438
73.6 -4.44407
73.7 -4.46352
73.8 -4.47264
73.9 -4.44213
74 -4.43167
74.1 -4.45718
74.2 -4.42345
74.3 -4.41872
74.4 -4.44654
74.5 -4.42794
74.6 -4.44161
74.7 -4.4289
74.8 -4.42752
74.9 -4.46811
75 -4.39401
75.1 -4.46028
75.2 -4.4105
75.3 -4.39692
75.4 -4.4326
75.5 -4.44391
75.6 -4.40901
75.7 -4.39872
75.8 -4.46096
75.9 -4.41927
76 -4.46748
76.1 -4.41521
76.2 -4.44616
76.3 -4.43128
76.4 -4.47337
76.5 -4.41035
76.6 -4.44454
76.7 -4.38003
76.8 -4.46524
76.9 -4.47845
77 -4.46358
77.1 -4.44734
77.2 -4.42498
77.3 -4.40387
77.4 -4.4925
77.5 -4.43262
77.6 -4.4647
77.7 -4.43479
77.8 -4.46014
77.9 -4.404
78 -4.43193
78.1 -4.44438
78.2 -4.44333
78.3 -4.42081
78.4 -4.4722
78.5 -4.45648
78.6 -4.45582
78.7 -4.45234
78.8 -4.46494
78.9 -4.48211
79 -4.40469
79.1 -4.41493
79.2 -4.38832
79.3 -4.46804
79.4 -4.43811
79.5 -4.44643
79.6 -4.39059
79.7 -4.44206
79.8 -4.41667
79.9 -4.392
80 -4.43369
80.1 -4.43689
80.2 -4.41255
80.3 -4.44112
80.4 -4.40604
80.5 -4.45193
80.6 -4.39715
80.7 -4.40432
80.8 -4.43319
80.9 -4.45263
81 -4.43412
81.1 -4.38031
81.2 -4.4069
81.3 -4.39992
81.4 -4.40398
81.5 -4.39649
81.6 -4.43949
81.7 -4.4683
81.8 -4.40511
81.9 -4.42977
82 -4.4394
82.1 -4.4436
82.2 -4.41322
82.3 -4.39711
82.4 -4.38625
82.5 -4.38051
82.6 -4.43015
82.7 -4.41861
82.8 -4.42487
82.9 -4.44454
83 -4.45701
83.1 -4.41977
83.2 -4.4491
83.3 -4.43656
83.4 -4.43278
83.5 -4.44723
83.6 -4.40816
83.7 -4.39437
83.8 -4.47962
83.9 -4.39514
84 -4.3939
84.1 -4.40837
84.2 -4.4257
84.3 -4.39857
84.4 -4.45063
84.5 -4.43139
84.6 -4.37208
84.7 -4.40958
84.8 -4.43486
84.9 -4.44773
85 -4.42333
85.1 -4.44614
85.2 -4.45092
85.3 -4.38582
85.4 -4.43679
85.5 -4.44936
85.6 -4.4328
85.7 -4.39869
85.8 -4.43336
85.9 -4.42333
86 -4.43122
86.1 -4.43927
86.2 -4.3765
86.3 -4.44978
86.4 -4.4739
86.5 -4.44289
86.6 -4.41232
86.7 -4.44209
86.8 -4.39813
86.9 -4.38272
87 -4.42255
87.1 -4.46236
87.2 -4.45456
87.3 -4.46062
87.4 -4.43803
87.5 -4.3887
87.6 -4.41046
87.7 -4.43037
87.8 -4.47056
87.9 -4.48106
88 -4.44113
88.1 -4.42491
88.2 -4.44937
88.3 -4.44182
88.4 -4.47254
88.5 -4.48998
88.6 -4.43059
88.7 -4.48915
88.8 -4.46355
88.9 -4.44037
89 -4.45818
89.1 -4.41255
89.2 -4.46632
89.3 -4.44931
89.4 -4.45377
89.5 -4.42439
89.6 -4.43319
89.7 -4.4468
89.8 -4.42493
89.9 -4.43228
90 -4.44881
90.1 -4.46146
90.2 -4.44139
90.3 -4.4074
90.4 -4.43941
90.5 -4.43528
90.6 -4.44479
90.7 -4.46578
90.8 -4.47101
90.9 -4.46937
91 -4.44455
91.1 -4.42137
91.2 -4.43154
91.3 -4.45315
91.4 -4.44296
91.5 -4.47065
91.6 -4.41079
91.7 -4.40583
91.8 -4.47062
91.9 -4.42343
92 -4.48027
92.1 -4.43466
92.2 -4.45092
92.3 -4.43888
92.4 -4.43698
92.5 -4.50738
92.6 -4.5078
92.7 -4.48157
92.8 -4.46951
92.9 -4.4519
93 -4.43499
93.1 -4.49535
93.2 -4.50404
93.3 -4.47825
93.4 -4.45538
93.5 -4.40871
93.6 -4.45571
93.7 -4.43929
93.8 -4.44814
93.9 -4.50033
94 -4.46464
94.1 -4.49561
94.2 -4.46638
94.3 -4.39043
94.4 -4.431
94.5 -4.45355
94.6 -4.42067
94.7 -4.47307
94.8 -4.47848
94.9 -4.48399
95 -4.47318
95.1 -4.45185
95.2 -4.48231
95.3 -4.4596
95.4 -4.49499
95.5 -4.45303
95.6 -4.49311
95.7 -4.50892
95.8 -4.4838
95.9 -4.44154
96 -4.46427
96.1 -4.50397
96.2 -4.44416
96.3 -4.44231
96.4 -4.46802
96.5 -4.47704
96.6 -4.4764
96.7 -4.48272
96.8 -4.429
96.9 -4.46639
97 -4.48593
97.1 -4.47863
97.2 -4.44343
97.3 -4.4809
97.4 -4.45753
97.5 -4.43112
97.6 -4.44484
97.7 -4.50091
97.8 -4.50246
97.9 -4.46616
98 -4.4671
98.1 -4.48222
98.2 -4.47584
98.3 -4.48474
98.4 -4.47193
98.5 -4.51789
98.6 -4.51269
98.7 -4.45972
98.8 -4.5047
98.9 -4.4889
99 -4.53566
99.1 -4.47545
99.2 -4.44839
99.3 -4.5186
99.4 -4.50154
99.5 -4.49347
99.6 -4.49699
99.7 -4.45834
99.8 -4.48048
99.9 -4.42013
100 -4.37469
