23.5171 0.00871979
23.5744 0.0174396
23.6317 0
23.6891 0.191835
23.7464 0.42727
23.8038 0.662704
23.8611 1.24693
23.9184 1.89219
23.9758 1.83116
24.0331 1.82244
24.0905 1.90091
24.1478 1.43877
24.2051 1.02894
24.2625 0.776062
24.3198 0.505748
24.3772 0.348792
24.4345 0.174396
24.4919 0.0959177
24.5492 0.0697583
24.6065 0.0348792
24.6639 0.043599
24.7212 0.00871979
24.7786 0.0348792
24.8359 0
24.8932 0.0174396
24.9506 0.0174396
25.0079 0.0174396
25.0653 0.00871979
25.1226 0
25.1799 0.00871979
25.2373 0.0261594
25.2946 0.0174396
25.352 0.0174396
25.4093 0.043599
25.4666 0.0174396
25.524 0.0784781
25.5813 0.122077
25.6387 0.0784781
25.696 0.104638
25.7533 0.183116
25.8107 0.313913
25.868 0.357511
25.9254 0.340072
25.9827 0.287753
26.0401 0.244154
26.0974 0.270314
26.1547 0.174396
26.2121 0.0784781
26.2694 0.043599
26.3268 0.00871979
