0 0.0771964
0.1 0.077313
0.2 0.0773814
0.3 0.0774425
0.4 0.0774948
0.5 0.077553
0.6 0.0776072
0.7 0.0776543
0.8 0.0777089
0.9 0.0777694
1 0.0778351
1.1 0.0778964
1.2 0.0779547
1.3 0.0780078
1.4 0.0780606
1.5 0.0781143
1.6 0.0781811
1.7 0.0782353
1.8 0.0782971
1.9 0.0783662
2 0.078431
2.1 0.0784871
2.2 0.078564
2.3 0.078646
2.4 0.078726
2.5 0.0788087
2.6 0.0789017
2.7 0.0789782
2.8 0.0790654
2.9 0.0791622
3 0.0792604
3.1 0.0793687
3.2 0.0794667
3.3 0.0795637
3.4 0.0796786
3.5 0.0797756
3.6 0.0798649
3.7 0.0799643
3.8 0.0800589
3.9 0.0801504
4 0.0802535
4.1 0.0803532
4.2 0.0804705
4.3 0.0805776
4.4 0.0806829
4.5 0.0807969
4.6 0.0809105
4.7 0.0810325
4.8 0.0811518
4.9 0.081286
5 0.0814302
5.1 0.0815827
5.2 0.0817224
5.3 0.081854
5.4 0.0820129
5.5 0.0821574
5.6 0.0822989
5.7 0.0824492
5.8 0.0826223
5.9 0.0827864
6 0.0829533
6.1 0.0831199
6.2 0.0832918
6.3 0.0834641
6.4 0.0836352
6.5 0.083804
6.6 0.0839785
6.7 0.0841542
6.8 0.0843365
6.9 0.0845088
7 0.084677
7.1 0.0848591
7.2 0.0850211
7.3 0.0852002
7.4 0.0853741
7.5 0.0855551
7.6 0.0857356
7.7 0.0859029
7.8 0.0860677
7.9 0.0862474
8 0.0864256
8.1 0.0866079
8.2 0.0867897
8.3 0.0869738
8.4 0.0871652
8.5 0.0873488
8.6 0.0875456
8.7 0.0877428
8.8 0.0879493
8.9 0.0881758
9 0.0884024
9.1 0.0886213
9.2 0.0888338
9.3 0.0890544
9.4 0.0892851
9.5 0.089511
9.6 0.0897289
9.7 0.0899463
9.8 0.0901774
9.9 0.0904037
10 0.0906255
10.1 0.0908622
10.2 0.0911011
10.3 0.0913393
10.4 0.0915747
10.5 0.0918182
10.6 0.092066
10.7 0.0923085
10.8 0.0925515
10.9 0.0928067
11 0.0930581
11.1 0.0933127
11.2 0.0935673
11.3 0.0938153
11.4 0.0940857
11.5 0.0943565
11.6 0.09462
11.7 0.0948846
11.8 0.0951442
11.9 0.0953978
12 0.0956455
12.1 0.095895
12.2 0.0961483
12.3 0.0964
12.4 0.0966584
12.5 0.0969222
12.6 0.0971822
12.7 0.0974556
12.8 0.0977321
12.9 0.0980011
13 0.0982699
13.1 0.0985319
13.2 0.0987927
13.3 0.0990653
13.4 0.0993346
13.5 0.0996001
13.6 0.0998613
13.7 0.100127
13.8 0.100378
13.9 0.100625
14 0.100874
14.1 0.101121
14.2 0.101383
14.3 0.101646
14.4 0.101899
14.5 0.102157
14.6 0.102419
14.7 0.102678
14.8 0.102945
14.9 0.103215
15 0.103486
15.1 0.103754
15.2 0.104024
15.3 0.104282
15.4 0.104547
15.5 0.104816
15.6 0.105079
15.7 0.105339
15.8 0.105606
15.9 0.105876
16 0.106146
16.1 0.10642
16.2 0.106693
16.3 0.106977
16.4 0.107262
16.5 0.107543
16.6 0.107819
16.7 0.108109
16.8 0.108388
16.9 0.108658
17 0.108928
17.1 0.109201
17.2 0.109476
17.3 0.10975
17.4 0.110016
17.5 0.110288
17.6 0.11056
17.7 0.11082
17.8 0.111094
17.9 0.11136
18 0.111626
18.1 0.111895
18.2 0.112159
18.3 0.112427
18.4 0.112687
18.5 0.112949
18.6 0.113203
18.7 0.113466
18.8 0.113727
18.9 0.113999
19 0.114269
19.1 0.114537
19.2 0.114799
19.3 0.115074
19.4 0.115329
19.5 0.115577
19.6 0.115819
19.7 0.116075
19.8 0.116332
19.9 0.11659
20 0.11685
20.1 0.11711
20.2 0.117372
20.3 0.117622
20.4 0.117887
20.5 0.118154
20.6 0.118426
20.7 0.118701
20.8 0.118967
20.9 0.119261
21 0.119541
21.1 0.119812
21.2 0.120083
21.3 0.120343
21.4 0.120611
21.5 0.120877
21.6 0.121145
21.7 0.121411
21.8 0.121669
21.9 0.121938
22 0.1222
22.1 0.122464
22.2 0.122734
22.3 0.12301
22.4 0.123287
22.5 0.123568
22.6 0.123838
22.7 0.124116
22.8 0.124406
22.9 0.1247
23 0.124996
23.1 0.125297
23.2 0.125605
23.3 0.125916
23.4 0.126215
23.5 0.126526
23.6 0.12683
23.7 0.127148
23.8 0.127448
23.9 0.127761
24 0.128072
24.1 0.128381
24.2 0.128698
24.3 0.12901
24.4 0.129336
24.5 0.129655
24.6 0.129989
24.7 0.130318
24.8 0.130639
24.9 0.130957
25 0.131283
25.1 0.131599
25.2 0.131906
25.3 0.13221
25.4 0.13252
25.5 0.132822
25.6 0.133145
25.7 0.133472
25.8 0.133794
25.9 0.13412
26 0.13444
26.1 0.134772
26.2 0.135117
26.3 0.135464
26.4 0.135815
26.5 0.136171
26.6 0.136531
26.7 0.136887
26.8 0.13724
26.9 0.137589
27 0.137949
27.1 0.138313
27.2 0.13868
27.3 0.139063
27.4 0.139448
27.5 0.139832
27.6 0.140223
27.7 0.14062
27.8 0.140997
27.9 0.141352
28 0.141717
28.1 0.142107
28.2 0.142484
28.3 0.14286
28.4 0.14324
28.5 0.143624
28.6 0.14401
28.7 0.144399
28.8 0.144788
28.9 0.145181
29 0.145558
29.1 0.145951
29.2 0.146346
29.3 0.146745
29.4 0.147144
29.5 0.14755
29.6 0.147957
29.7 0.14836
29.8 0.148766
29.9 0.149166
30 0.149554
30.1 0.149953
30.2 0.150369
30.3 0.150781
30.4 0.151184
30.5 0.151589
30.6 0.151982
30.7 0.152381
30.8 0.152771
30.9 0.153155
31 0.15354
31.1 0.153922
31.2 0.154307
31.3 0.154686
31.4 0.155069
31.5 0.15544
31.6 0.155814
31.7 0.156192
31.8 0.156567
31.9 0.156941
32 0.157318
32.1 0.157698
32.2 0.15806
32.3 0.158421
32.4 0.158787
32.5 0.159152
32.6 0.159516
32.7 0.159876
32.8 0.16024
32.9 0.160609
33 0.160978
33.1 0.161342
33.2 0.161708
33.3 0.162059
33.4 0.16242
33.5 0.16279
33.6 0.163169
33.7 0.163541
33.8 0.163902
33.9 0.164261
34 0.164639
34.1 0.165009
34.2 0.165375
34.3 0.165745
34.4 0.166106
34.5 0.166457
34.6 0.166804
34.7 0.167158
34.8 0.167512
34.9 0.167866
35 0.168224
35.1 0.16858
35.2 0.16893
35.3 0.169276
35.4 0.169628
35.5 0.169979
35.6 0.170321
35.7 0.170667
35.8 0.171014
35.9 0.171352
36 0.171689
36.1 0.172031
36.2 0.172371
36.3 0.172712
36.4 0.173048
36.5 0.173389
36.6 0.173733
36.7 0.174067
36.8 0.174402
36.9 0.17473
37 0.175058
37.1 0.175392
37.2 0.175717
37.3 0.176036
37.4 0.176361
37.5 0.176686
37.6 0.177023
37.7 0.177355
37.8 0.177687
37.9 0.178008
38 0.178334
38.1 0.178659
38.2 0.17898
38.3 0.179308
38.4 0.179634
38.5 0.179958
38.6 0.180289
38.7 0.180616
38.8 0.18094
38.9 0.181262
39 0.181591
39.1 0.181922
39.2 0.182252
39.3 0.182576
39.4 0.182886
39.5 0.183202
39.6 0.183512
39.7 0.183818
39.8 0.184125
39.9 0.184427
40 0.18473
40.1 0.185042
40.2 0.185352
40.3 0.185662
40.4 0.185993
40.5 0.186309
40.6 0.186631
40.7 0.186953
40.8 0.187274
40.9 0.187606
41 0.187939
41.1 0.18827
41.2 0.188599
41.3 0.188922
41.4 0.189252
41.5 0.189557
41.6 0.189858
41.7 0.190167
41.8 0.190485
41.9 0.190809
42 0.191128
42.1 0.191456
42.2 0.19177
42.3 0.192091
42.4 0.192403
42.5 0.192736
42.6 0.19307
42.7 0.193404
42.8 0.193724
42.9 0.194043
43 0.194358
43.1 0.194681
43.2 0.195018
43.3 0.195364
43.4 0.195702
43.5 0.196038
43.6 0.196375
43.7 0.196707
43.8 0.197037
43.9 0.197372
44 0.197709
44.1 0.198048
44.2 0.198386
44.3 0.198747
44.4 0.199095
44.5 0.19944
44.6 0.199795
44.7 0.20015
44.8 0.200517
44.9 0.200887
45 0.201264
45.1 0.201658
45.2 0.202064
45.3 0.202485
45.4 0.202916
45.5 0.203342
45.6 0.203756
45.7 0.204161
45.8 0.204578
45.9 0.204994
46 0.205404
46.1 0.205849
46.2 0.206308
46.3 0.20677
46.4 0.207241
46.5 0.207719
46.6 0.208235
46.7 0.20875
46.8 0.209277
46.9 0.2098
47 0.21033
47.1 0.210855
47.2 0.211381
47.3 0.211931
47.4 0.212501
47.5 0.213073
47.6 0.213678
47.7 0.214265
47.8 0.214859
47.9 0.215445
48 0.216043
48.1 0.216644
48.2 0.217263
48.3 0.217894
48.4 0.218537
48.5 0.219166
48.6 0.21979
48.7 0.220412
48.8 0.221027
48.9 0.221635
49 0.222247
49.1 0.222858
49.2 0.223458
49.3 0.224055
49.4 0.224643
49.5 0.225245
49.6 0.225878
49.7 0.22651
49.8 0.22718
49.9 0.227873
50 0.228586
50.1 0.229288
50.2 0.230013
50.3 0.230746
50.4 0.231505
50.5 0.232269
50.6 0.23304
50.7 0.233814
50.8 0.234605
50.9 0.2354
51 0.236207
51.1 0.237012
51.2 0.237834
51.3 0.238666
51.4 0.239463
51.5 0.240276
51.6 0.241107
51.7 0.241962
51.8 0.242854
51.9 0.243738
52 0.244633
52.1 0.245568
52.2 0.246516
52.3 0.247478
52.4 0.248439
52.5 0.249379
52.6 0.250363
52.7 0.251359
52.8 0.252348
52.9 0.2534
53 0.254461
53.1 0.255524
53.2 0.256602
53.3 0.257689
53.4 0.258804
53.5 0.259923
53.6 0.261082
53.7 0.262306
53.8 0.263547
53.9 0.264812
54 0.266083
54.1 0.267354
54.2 0.268636
54.3 0.269904
54.4 0.271218
54.5 0.272564
54.6 0.273924
54.7 0.275268
54.8 0.276584
54.9 0.278003
55 0.279415
55.1 0.28082
55.2 0.282297
55.3 0.283694
55.4 0.285113
55.5 0.286519
55.6 0.288064
55.7 0.289627
55.8 0.29115
55.9 0.292721
56 0.29436
56.1 0.296072
56.2 0.297736
56.3 0.299386
56.4 0.301005
56.5 0.302698
56.6 0.304365
56.7 0.305958
56.8 0.307561
56.9 0.309221
57 0.31094
57.1 0.312774
57.2 0.314538
57.3 0.316239
57.4 0.317964
57.5 0.319756
57.6 0.32154
57.7 0.323288
57.8 0.325029
57.9 0.326736
58 0.328455
58.1 0.330199
58.2 0.331971
58.3 0.333778
58.4 0.335533
58.5 0.337424
58.6 0.339248
58.7 0.341102
58.8 0.342907
58.9 0.344665
59 0.346392
59.1 0.348075
59.2 0.349792
59.3 0.351455
59.4 0.353125
59.5 0.354734
59.6 0.356374
59.7 0.357989
59.8 0.359691
59.9 0.361339
60 0.362895
60.1 0.364239
60.2 0.365556
60.3 0.366867
60.4 0.368138
60.5 0.369455
60.6 0.37073
60.7 0.371994
60.8 0.373273
60.9 0.374561
61 0.375793
61.1 0.377047
61.2 0.37833
61.3 0.37963
61.4 0.381046
61.5 0.382319
61.6 0.383603
61.7 0.384892
61.8 0.386146
61.9 0.387406
62 0.388545
62.1 0.389517
62.2 0.390571
62.3 0.391648
62.4 0.392633
62.5 0.393761
62.6 0.394796
62.7 0.395902
62.8 0.397011
62.9 0.39804
63 0.399014
63.1 0.399956
63.2 0.400867
63.3 0.401573
63.4 0.402295
63.5 0.403085
63.6 0.403731
63.7 0.404356
63.8 0.405131
63.9 0.405868
64 0.406522
64.1 0.407216
64.2 0.407882
64.3 0.408544
64.4 0.409182
64.5 0.409831
64.6 0.410446
64.7 0.410998
64.8 0.411413
64.9 0.411871
65 0.412222
65.1 0.412583
65.2 0.41304
65.3 0.413514
65.4 0.414002
65.5 0.414355
65.6 0.414737
65.7 0.41514
65.8 0.415545
65.9 0.415905
66 0.416239
66.1 0.416622
66.2 0.416931
66.3 0.417282
66.4 0.417621
66.5 0.417876
66.6 0.418118
66.7 0.418368
66.8 0.418574
66.9 0.418716
67 0.418866
67.1 0.419074
67.2 0.419254
67.3 0.419425
67.4 0.419645
67.5 0.419817
67.6 0.419996
67.7 0.420167
67.8 0.420279
67.9 0.420376
68 0.420503
68.1 0.420577
68.2 0.420653
68.3 0.42074
68.4 0.420817
68.5 0.420919
68.6 0.421043
68.7 0.421075
68.8 0.421076
68.9 0.421113
69 0.421163
69.1 0.421254
69.2 0.421355
69.3 0.421451
69.4 0.421561
69.5 0.421662
69.6 0.421822
69.7 0.421951
69.8 0.422061
69.9 0.422102
70 0.422184
70.1 0.422282
70.2 0.422388
70.3 0.422497
70.4 0.422571
70.5 0.422594
70.6 0.422681
70.7 0.422722
70.8 0.42273
70.9 0.422746
71 0.422788
71.1 0.422826
71.2 0.422871
71.3 0.422913
71.4 0.42294
71.5 0.422973
71.6 0.422991
71.7 0.423015
71.8 0.423031
71.9 0.423092
72 0.423162
72.1 0.42317
72.2 0.423195
72.3 0.423233
72.4 0.423306
72.5 0.423352
72.6 0.42341
72.7 0.423496
72.8 0.42358
72.9 0.423631
73 0.423688
73.1 0.423711
73.2 0.423765
73.3 0.423817
73.4 0.423889
73.5 0.423937
73.6 0.423978
73.7 0.424023
73.8 0.424106
73.9 0.424127
74 0.424159
74.1 0.424201
74.2 0.424251
74.3 0.42429
74.4 0.424299
74.5 0.42431
74.6 0.424307
74.7 0.424333
74.8 0.424381
74.9 0.424439
75 0.424475
75.1 0.424496
75.2 0.424529
75.3 0.424543
75.4 0.424599
75.5 0.424619
75.6 0.424628
75.7 0.424626
75.8 0.42461
75.9 0.424649
76 0.42468
76.1 0.424689
76.2 0.424682
76.3 0.424683
76.4 0.424657
76.5 0.424663
76.6 0.424672
76.7 0.424695
76.8 0.424732
76.9 0.424761
77 0.424773
77.1 0.424784
77.2 0.424823
77.3 0.42482
77.4 0.424835
77.5 0.424831
77.6 0.424841
77.7 0.424854
77.8 0.424846
77.9 0.424851
78 0.424855
78.1 0.424848
78.2 0.424862
78.3 0.42489
78.4 0.424893
78.5 0.424917
78.6 0.424928
78.7 0.424921
78.8 0.424914
78.9 0.424936
79 0.424962
79.1 0.424963
79.2 0.424961
79.3 0.424955
79.4 0.42492
79.5 0.424916
79.6 0.424916
79.7 0.424896
79.8 0.424901
79.9 0.424901
80 0.424903
80.1 0.424912
80.2 0.424906
80.3 0.424887
80.4 0.424874
80.5 0.424845
80.6 0.42485
80.7 0.42485
80.8 0.424845
80.9 0.424836
81 0.424862
81.1 0.424882
81.2 0.424881
81.3 0.424877
81.4 0.424885
81.5 0.424887
81.6 0.424887
81.7 0.42488
81.8 0.42487
81.9 0.424852
82 0.424832
82.1 0.424813
82.2 0.424813
82.3 0.424816
82.4 0.424812
82.5 0.424809
82.6 0.424813
82.7 0.424798
82.8 0.424835
82.9 0.424831
83 0.42483
83.1 0.42482
83.2 0.424822
83.3 0.424819
83.4 0.424802
83.5 0.424803
83.6 0.424817
83.7 0.42483
83.8 0.424826
83.9 0.424821
84 0.424814
84.1 0.424824
84.2 0.424841
84.3 0.424838
84.4 0.424824
84.5 0.424823
84.6 0.424816
84.7 0.424793
84.8 0.424791
84.9 0.424775
85 0.424774
85.1 0.424776
85.2 0.424777
85.3 0.424768
85.4 0.424766
85.5 0.424768
85.6 0.424759
85.7 0.424766
85.8 0.424765
85.9 0.424772
86 0.424771
86.1 0.424785
86.2 0.424781
86.3 0.424789
86.4 0.424798
86.5 0.424805
86.6 0.4248
86.7 0.424797
86.8 0.424779
86.9 0.424771
87 0.424762
87.1 0.424755
87.2 0.424742
87.3 0.424719
87.4 0.424721
87.5 0.424713
87.6 0.424715
87.7 0.424714
87.8 0.424707
87.9 0.424706
88 0.424714
88.1 0.424715
88.2 0.424719
88.3 0.424719
88.4 0.42471
88.5 0.424707
88.6 0.424703
88.7 0.4247
88.8 0.424697
88.9 0.424693
89 0.424695
89.1 0.424684
89.2 0.424687
89.3 0.424674
89.4 0.424669
89.5 0.424651
89.6 0.424648
89.7 0.424647
89.8 0.424643
89.9 0.42464
90 0.424629
90.1 0.424621
90.2 0.424619
90.3 0.42462
90.4 0.424633
90.5 0.424631
90.6 0.424639
90.7 0.424639
90.8 0.424629
90.9 0.424618
91 0.424625
91.1 0.42464
91.2 0.424646
91.3 0.42465
91.4 0.424657
91.5 0.424648
91.6 0.424646
91.7 0.424652
91.8 0.424652
91.9 0.424644
92 0.424644
92.1 0.424631
92.2 0.424623
92.3 0.424616
92.4 0.424617
92.5 0.424612
92.6 0.424624
92.7 0.424625
92.8 0.424628
92.9 0.424624
93 0.424629
93.1 0.424628
93.2 0.424629
93.3 0.424628
93.4 0.424624
93.5 0.424618
93.6 0.424614
93.7 0.424614
93.8 0.424614
93.9 0.424618
94 0.424616
94.1 0.424615
94.2 0.424613
94.3 0.424612
94.4 0.424612
94.5 0.424598
94.6 0.424595
94.7 0.424592
94.8 0.424595
94.9 0.424596
95 0.4246
95.1 0.424598
95.2 0.424596
95.3 0.424602
95.4 0.424608
95.5 0.424608
95.6 0.424612
95.7 0.424616
95.8 0.424607
95.9 0.424607
96 0.424606
96.1 0.424598
96.2 0.424593
96.3 0.424586
96.4 0.424585
96.5 0.424582
96.6 0.424574
96.7 0.424568
96.8 0.424568
96.9 0.424574
97 0.424581
97.1 0.424585
97.2 0.424589
97.3 0.424591
97.4 0.424587
97.5 0.42459
97.6 0.424596
97.7 0.424607
97.8 0.42461
97.9 0.424605
98 0.424604
98.1 0.4246
98.2 0.424599
98.3 0.424602
98.4 0.424601
98.5 0.424597
98.6 0.424595
98.7 0.424602
98.8 0.424601
98.9 0.424609
99 0.424613
99.1 0.424609
99.2 0.424612
99.3 0.42462
99.4 0.424624
99.5 0.424618
99.6 0.42462
99.7 0.424617
99.8 0.424621
99.9 0.424615
100 0.644662
