28.6886 0.106028
28.7405 0.279529
28.7924 0.684364
28.8442 0.886781
28.8961 1.52295
28.948 1.9567
28.9999 2.08201
29.0517 2.05309
29.1036 1.8314
29.1555 1.35909
29.2074 1.06028
29.2592 0.983171
29.3111 0.703642
29.363 0.443391
29.4148 0.414474
29.4667 0.163862
29.5186 0.115667
29.5705 0.0481946
29.6223 0.0578336
29.6742 0.0192779
29.7261 0.0289168
29.778 0.0289168
29.8298 0.00963893
29.8817 0.00963893
29.9336 0.0192779
29.9855 0.0192779
30.0373 0.00963893
30.0892 0.00963893
30.1411 0.00963893
30.1929 0
30.2448 0.00963893
30.2967 0.00963893
30.3486 0.00963893
30.4004 0.0385557
30.4523 0.0385557
30.5042 0.0481946
30.5561 0.0771114
30.6079 0.115667
30.6598 0.163862
30.7117 0.221695
30.7635 0.260251
30.8154 0.250612
30.8673 0.221695
30.9192 0.212056
30.971 0.260251
31.0229 0.125306
31.0748 0.0771114
31.1267 0.115667
31.1785 0.0674725
31.2304 0.0385557
