33.6463 0.0733559
33.7008 0.100864
33.7554 0.412627
33.8099 0.623525
33.8644 1.25622
33.9189 1.75137
33.9735 1.61383
34.028 1.78805
34.0825 1.57715
34.1371 1.33875
34.1916 0.89861
34.2461 0.660203
34.3007 0.53183
34.3552 0.348441
34.4097 0.201729
34.4642 0.146712
34.5188 0.110034
34.5733 0.0458474
34.6278 0.0458474
34.6824 0.018339
34.7369 0.0275085
34.7914 0.00916949
34.8459 0
34.9005 0.00916949
34.955 0
35.0095 0.00916949
35.0641 0.00916949
35.1186 0
35.1731 0.00916949
35.2276 0.018339
35.2822 0.018339
35.3367 0.00916949
35.3912 0
35.4458 0.0458474
35.5003 0.0550169
35.5548 0.119203
35.6093 0.100864
35.6639 0.192559
35.7184 0.265915
35.7729 0.238407
35.8275 0.541
35.882 0.513491
35.9365 0.623525
35.991 0.724389
36.0456 0.485983
36.1001 0.320932
36.1546 0.229237
36.2092 0.0916949
36.2637 0.0733559
36.3182 0.0550169
