0 0.0614227
0.1 0.0614193
0.2 0.0614167
0.3 0.0614145
0.4 0.0614124
0.5 0.0614101
0.6 0.0614078
0.7 0.0614054
0.8 0.0614031
0.9 0.061401
1 0.0613988
1.1 0.0613967
1.2 0.0613945
1.3 0.0613924
1.4 0.0613903
1.5 0.061388
1.6 0.0613858
1.7 0.0613835
1.8 0.0613812
1.9 0.0613788
2 0.0613764
2.1 0.0613739
2.2 0.0613715
2.3 0.0613693
2.4 0.0613671
2.5 0.0613648
2.6 0.0613626
2.7 0.0613603
2.8 0.061358
2.9 0.0613557
3 0.0613532
3.1 0.0613507
3.2 0.0613481
3.3 0.0613455
3.4 0.0613429
3.5 0.0613406
3.6 0.061338
3.7 0.0613356
3.8 0.0613332
3.9 0.0613308
4 0.0613283
4.1 0.061326
4.2 0.0613233
4.3 0.0613208
4.4 0.0613184
4.5 0.061316
4.6 0.0613136
4.7 0.0613113
4.8 0.0613088
4.9 0.0613062
5 0.0613035
5.1 0.0613008
5.2 0.0612982
5.3 0.0612957
5.4 0.0612933
5.5 0.0612908
5.6 0.0612881
5.7 0.0612857
5.8 0.0612831
5.9 0.0612805
6 0.061278
6.1 0.0612756
6.2 0.0612731
6.3 0.0612705
6.4 0.0612678
6.5 0.0612652
6.6 0.0612628
6.7 0.0612603
6.8 0.0612579
6.9 0.0612554
7 0.0612531
7.1 0.0612508
7.2 0.0612487
7.3 0.0612463
7.4 0.0612442
7.5 0.061242
7.6 0.0612399
7.7 0.0612378
7.8 0.0612359
7.9 0.0612336
8 0.0612315
8.1 0.0612293
8.2 0.061227
8.3 0.0612247
8.4 0.0612225
8.5 0.0612201
8.6 0.0612177
8.7 0.0612154
8.8 0.0612131
8.9 0.0612107
9 0.0612084
9.1 0.0612061
9.2 0.0612038
9.3 0.0612015
9.4 0.0611992
9.5 0.0611971
9.6 0.0611948
9.7 0.0611926
9.8 0.0611903
9.9 0.0611882
10 0.0611861
10.1 0.0611839
10.2 0.0611817
10.3 0.0611793
10.4 0.0611769
10.5 0.0611747
10.6 0.0611722
10.7 0.06117
10.8 0.0611676
10.9 0.0611652
11 0.0611629
11.1 0.0611606
11.2 0.0611584
11.3 0.0611561
11.4 0.0611538
11.5 0.0611513
11.6 0.0611492
11.7 0.061147
11.8 0.0611448
11.9 0.0611428
12 0.0611407
12.1 0.0611388
12.2 0.0611368
12.3 0.0611349
12.4 0.0611331
12.5 0.0611313
12.6 0.0611294
12.7 0.0611275
12.8 0.0611255
12.9 0.0611237
13 0.061122
13.1 0.0611203
13.2 0.0611186
13.3 0.0611166
13.4 0.0611148
13.5 0.0611129
13.6 0.0611113
13.7 0.0611095
13.8 0.0611075
13.9 0.0611057
14 0.0611039
14.1 0.0611022
14.2 0.0611007
14.3 0.0610988
14.4 0.061097
14.5 0.0610952
14.6 0.0610935
14.7 0.0610921
14.8 0.0610907
14.9 0.0610892
15 0.0610876
15.1 0.0610861
15.2 0.0610844
15.3 0.0610825
15.4 0.0610808
15.5 0.0610793
15.6 0.0610779
15.7 0.0610764
15.8 0.0610748
15.9 0.0610735
16 0.0610719
16.1 0.0610704
16.2 0.0610689
16.3 0.0610674
16.4 0.0610659
16.5 0.0610644
16.6 0.0610628
16.7 0.0610613
16.8 0.0610597
16.9 0.0610584
17 0.0610572
17.1 0.061056
17.2 0.0610547
17.3 0.0610533
17.4 0.0610518
17.5 0.0610502
17.6 0.0610485
17.7 0.0610468
17.8 0.061045
17.9 0.0610434
18 0.0610417
18.1 0.0610402
18.2 0.0610383
18.3 0.0610368
18.4 0.0610353
18.5 0.0610338
18.6 0.0610321
18.7 0.0610305
18.8 0.0610292
18.9 0.0610275
19 0.061026
19.1 0.0610247
19.2 0.0610233
19.3 0.0610218
19.4 0.0610204
19.5 0.061019
19.6 0.0610175
19.7 0.0610161
19.8 0.0610149
19.9 0.0610135
20 0.0610121
20.1 0.0610107
20.2 0.0610095
20.3 0.0610082
20.4 0.061007
20.5 0.0610058
20.6 0.0610045
20.7 0.0610032
20.8 0.0610017
20.9 0.0609999
21 0.0609981
21.1 0.0609965
21.2 0.0609949
21.3 0.0609933
21.4 0.0609917
21.5 0.06099
21.6 0.0609885
21.7 0.0609866
21.8 0.0609845
21.9 0.0609826
22 0.0609811
22.1 0.0609795
22.2 0.0609779
22.3 0.0609763
22.4 0.060975
22.5 0.0609735
22.6 0.0609719
22.7 0.0609706
22.8 0.0609695
22.9 0.0609682
23 0.060967
23.1 0.060966
23.2 0.0609649
23.3 0.0609639
23.4 0.0609628
23.5 0.0609619
23.6 0.0609607
23.7 0.0609595
23.8 0.0609582
23.9 0.0609569
24 0.0609559
24.1 0.0609545
24.2 0.0609528
24.3 0.0609514
24.4 0.0609499
24.5 0.0609485
24.6 0.0609471
24.7 0.0609455
24.8 0.0609442
24.9 0.0609431
25 0.0609418
25.1 0.0609402
25.2 0.0609387
25.3 0.0609376
25.4 0.0609366
25.5 0.0609358
25.6 0.0609349
25.7 0.060934
25.8 0.0609334
25.9 0.0609326
26 0.0609323
26.1 0.0609316
26.2 0.0609309
26.3 0.0609306
26.4 0.0609303
26.5 0.0609302
26.6 0.0609298
26.7 0.0609295
26.8 0.0609294
26.9 0.0609293
27 0.0609292
27.1 0.0609291
27.2 0.0609293
27.3 0.0609301
27.4 0.060931
27.5 0.0609318
27.6 0.0609324
27.7 0.0609327
27.8 0.0609332
27.9 0.0609342
28 0.0609353
28.1 0.0609363
28.2 0.0609373
28.3 0.0609381
28.4 0.0609384
28.5 0.060939
28.6 0.0609394
28.7 0.0609398
28.8 0.06094
28.9 0.0609404
29 0.0609405
29.1 0.0609408
29.2 0.0609407
29.3 0.0609412
29.4 0.0609417
29.5 0.0609421
29.6 0.0609428
29.7 0.0609432
29.8 0.0609434
29.9 0.060944
30 0.0609443
30.1 0.0609448
30.2 0.0609456
30.3 0.0609467
30.4 0.0609479
30.5 0.0609487
30.6 0.0609505
30.7 0.0609519
30.8 0.0609522
30.9 0.0609534
31 0.0609542
31.1 0.0609551
31.2 0.0609559
31.3 0.0609568
31.4 0.0609576
31.5 0.0609585
31.6 0.0609589
31.7 0.0609597
31.8 0.0609611
31.9 0.0609623
32 0.0609627
32.1 0.0609628
32.2 0.0609631
32.3 0.0609625
32.4 0.0609625
32.5 0.0609629
32.6 0.0609634
32.7 0.0609627
32.8 0.060963
32.9 0.0609639
33 0.0609639
33.1 0.0609648
33.2 0.0609657
33.3 0.0609664
33.4 0.060966
33.5 0.0609666
33.6 0.060968
33.7 0.0609694
33.8 0.0609708
33.9 0.0609722
34 0.0609737
34.1 0.060976
34.2 0.0609775
34.3 0.0609799
34.4 0.0609813
34.5 0.0609827
34.6 0.0609841
34.7 0.060985
34.8 0.0609861
34.9 0.0609867
35 0.0609879
35.1 0.0609896
35.2 0.0609927
35.3 0.0609935
35.4 0.0609944
35.5 0.0609962
35.6 0.0609976
35.7 0.0609995
35.8 0.0610022
35.9 0.0610026
36 0.0610041
36.1 0.061006
36.2 0.0610077
36.3 0.0610113
36.4 0.0610135
36.5 0.0610158
36.6 0.0610182
36.7 0.0610212
36.8 0.0610253
36.9 0.0610276
37 0.0610289
37.1 0.0610321
37.2 0.0610351
37.3 0.0610382
37.4 0.0610405
37.5 0.0610449
37.6 0.0610492
37.7 0.0610547
37.8 0.0610581
37.9 0.0610614
38 0.0610628
38.1 0.0610651
38.2 0.0610669
38.3 0.0610693
38.4 0.061072
38.5 0.0610751
38.6 0.0610761
38.7 0.0610789
38.8 0.0610808
38.9 0.0610818
39 0.061082
39.1 0.0610845
39.2 0.0610863
39.3 0.061089
39.4 0.0610904
39.5 0.0610923
39.6 0.0610949
39.7 0.0610989
39.8 0.0611018
39.9 0.0611042
40 0.0611107
40.1 0.0611151
40.2 0.0611188
40.3 0.0611234
40.4 0.0611263
40.5 0.061127
40.6 0.0611268
40.7 0.0611318
40.8 0.0611356
40.9 0.0611393
41 0.0611429
41.1 0.0611436
41.2 0.0611485
41.3 0.0611544
41.4 0.0611599
41.5 0.0611625
41.6 0.0611609
41.7 0.0611616
41.8 0.0611645
41.9 0.0611672
42 0.0611662
42.1 0.0611669
42.2 0.0611718
42.3 0.0611728
42.4 0.0611717
42.5 0.0611753
42.6 0.0611712
42.7 0.0611728
42.8 0.0611734
42.9 0.0611778
43 0.0611781
43.1 0.061176
43.2 0.0611699
43.3 0.0611685
43.4 0.0611643
43.5 0.0611572
43.6 0.0611521
43.7 0.0611422
43.8 0.0611303
43.9 0.0611281
44 0.0611214
44.1 0.0611205
44.2 0.06112
44.3 0.0611013
44.4 0.0610926
44.5 0.0610921
44.6 0.0610706
44.7 0.0610656
44.8 0.0610538
44.9 0.061027
45 0.0610048
45.1 0.0609886
45.2 0.060982
45.3 0.0609758
45.4 0.0609686
45.5 0.0609546
45.6 0.0609353
45.7 0.0609378
45.8 0.0609313
45.9 0.0609417
46 0.0609671
46.1 0.0609831
46.2 0.0610047
46.3 0.0610225
46.4 0.0610813
46.5 0.0611363
46.6 0.0612191
46.7 0.0612994
46.8 0.0614077
46.9 0.0615533
47 0.0617196
47.1 0.0618883
47.2 0.062114
47.3 0.0624021
47.4 0.0627298
47.5 0.0631038
47.6 0.0635555
47.7 0.0641092
47.8 0.0647549
47.9 0.065498
48 0.066379
48.1 0.067343
48.2 0.0684772
48.3 0.0697949
48.4 0.0713221
48.5 0.0730851
48.6 0.0750656
48.7 0.0772232
48.8 0.0796504
48.9 0.0823434
49 0.0852668
49.1 0.0883074
49.2 0.0915721
49.3 0.0949755
49.4 0.0985521
49.5 0.102233
49.6 0.106006
49.7 0.109893
49.8 0.113821
49.9 0.11784
50 0.121926
50.1 0.126111
50.2 0.130599
50.3 0.135296
50.4 0.140261
50.5 0.145577
50.6 0.151276
50.7 0.157372
50.8 0.163949
50.9 0.17089
51 0.178388
51.1 0.186337
51.2 0.194657
51.3 0.203404
51.4 0.212708
51.5 0.222408
51.6 0.23245
51.7 0.243068
51.8 0.253871
51.9 0.264642
52 0.275708
52.1 0.286967
52.2 0.29812
52.3 0.309217
52.4 0.320134
52.5 0.331381
52.6 0.342464
52.7 0.353145
52.8 0.363564
52.9 0.373613
53 0.383342
53.1 0.392609
53.2 0.40141
53.3 0.409927
53.4 0.418154
53.5 0.425966
53.6 0.433371
53.7 0.440301
53.8 0.446907
53.9 0.453377
54 0.459519
54.1 0.465321
54.2 0.470943
54.3 0.476201
54.4 0.481136
54.5 0.485892
54.6 0.490617
54.7 0.494766
54.8 0.498991
54.9 0.503005
55 0.506833
55.1 0.510482
55.2 0.51373
55.3 0.516966
55.4 0.520052
55.5 0.522906
55.6 0.525526
55.7 0.528152
55.8 0.530639
55.9 0.532963
56 0.535144
56.1 0.537293
56.2 0.539323
56.3 0.541395
56.4 0.543298
56.5 0.545196
56.6 0.546943
56.7 0.548593
56.8 0.550212
56.9 0.551889
57 0.553467
57.1 0.554999
57.2 0.55642
57.3 0.557775
57.4 0.559093
57.5 0.560326
57.6 0.561552
57.7 0.562656
57.8 0.563713
57.9 0.564766
58 0.565798
58.1 0.566786
58.2 0.56774
58.3 0.568644
58.4 0.569571
58.5 0.570543
58.6 0.571465
58.7 0.572343
58.8 0.573146
58.9 0.573994
59 0.574796
59.1 0.575574
59.2 0.576347
59.3 0.577118
59.4 0.577897
59.5 0.578674
59.6 0.579394
59.7 0.580067
59.8 0.580799
59.9 0.581478
60 0.582116
60.1 0.582783
60.2 0.5834
60.3 0.584034
60.4 0.584607
60.5 0.585172
60.6 0.58573
60.7 0.586312
60.8 0.586928
60.9 0.58757
61 0.588176
61.1 0.588781
61.2 0.5893
61.3 0.589847
61.4 0.590429
61.5 0.590949
61.6 0.591484
61.7 0.592055
61.8 0.592646
61.9 0.593296
62 0.593882
62.1 0.594429
62.2 0.594977
62.3 0.595525
62.4 0.596059
62.5 0.596593
62.6 0.597133
62.7 0.597702
62.8 0.598267
62.9 0.598808
63 0.599319
63.1 0.599804
63.2 0.600336
63.3 0.600907
63.4 0.601435
63.5 0.601987
63.6 0.602558
63.7 0.603072
63.8 0.603668
63.9 0.60416
64 0.604666
64.1 0.605217
64.2 0.605852
64.3 0.606442
64.4 0.60702
64.5 0.607593
64.6 0.608173
64.7 0.608823
64.8 0.609462
64.9 0.610102
65 0.610781
65.1 0.611499
65.2 0.612177
65.3 0.612882
65.4 0.613527
65.5 0.614118
65.6 0.614785
65.7 0.615503
65.8 0.616248
65.9 0.616893
66 0.61748
66.1 0.618165
66.2 0.618802
66.3 0.619482
66.4 0.62022
66.5 0.620916
66.6 0.621631
66.7 0.622266
66.8 0.623026
66.9 0.623732
67 0.624331
67.1 0.624962
67.2 0.625604
67.3 0.626222
67.4 0.626843
67.5 0.627505
67.6 0.628177
67.7 0.628814
67.8 0.629456
67.9 0.629977
68 0.630447
68.1 0.631071
68.2 0.631582
68.3 0.632069
68.4 0.632689
68.5 0.633169
68.6 0.633741
68.7 0.634253
68.8 0.634776
68.9 0.635206
69 0.635621
69.1 0.636129
69.2 0.636603
69.3 0.63693
69.4 0.637301
69.5 0.637788
69.6 0.638203
69.7 0.638632
69.8 0.639029
69.9 0.639476
70 0.63988
70.1 0.640297
70.2 0.640684
70.3 0.641012
70.4 0.641304
70.5 0.641591
70.6 0.64192
70.7 0.642227
70.8 0.642429
70.9 0.642666
71 0.64288
71.1 0.643108
71.2 0.643379
71.3 0.643596
71.4 0.643821
71.5 0.644027
71.6 0.644213
71.7 0.6444
71.8 0.644596
71.9 0.644753
72 0.644914
72.1 0.645071
72.2 0.645251
72.3 0.645393
72.4 0.645517
72.5 0.645638
72.6 0.64577
72.7 0.645864
72.8 0.645956
72.9 0.646036
73 0.646135
73.1 0.64625
73.2 0.646343
73.3 0.64643
73.4 0.646495
73.5 0.646603
73.6 0.646653
73.7 0.646715
73.8 0.646791
73.9 0.646879
74 0.646951
74.1 0.64701
74.2 0.647043
74.3 0.647084
74.4 0.647123
74.5 0.647172
74.6 0.647213
74.7 0.64725
74.8 0.647278
74.9 0.647304
75 0.647347
75.1 0.647377
75.2 0.647407
75.3 0.647422
75.4 0.647436
75.5 0.647463
75.6 0.647485
75.7 0.647509
75.8 0.647536
75.9 0.647572
76 0.647587
76.1 0.647604
76.2 0.647626
76.3 0.647649
76.4 0.647663
76.5 0.647685
76.6 0.647697
76.7 0.647701
76.8 0.647728
76.9 0.647747
77 0.647757
77.1 0.647767
77.2 0.647782
77.3 0.647795
77.4 0.647803
77.5 0.647815
77.6 0.647828
77.7 0.647829
77.8 0.647843
77.9 0.647853
78 0.647861
78.1 0.64787
78.2 0.647882
78.3 0.647889
78.4 0.647897
78.5 0.647903
78.6 0.64791
78.7 0.647912
78.8 0.64791
78.9 0.647915
79 0.647924
79.1 0.647925
79.2 0.647935
79.3 0.647939
79.4 0.647944
79.5 0.64795
79.6 0.647955
79.7 0.647957
79.8 0.647962
79.9 0.647967
80 0.647969
80.1 0.64797
80.2 0.647973
80.3 0.647976
80.4 0.647979
80.5 0.647979
80.6 0.647981
80.7 0.647982
80.8 0.647985
80.9 0.647986
81 0.647986
81.1 0.647987
81.2 0.647987
81.3 0.647989
81.4 0.647991
81.5 0.647993
81.6 0.647993
81.7 0.647993
81.8 0.647993
81.9 0.647992
82 0.647993
82.1 0.647993
82.2 0.647993
82.3 0.647993
82.4 0.647995
82.5 0.647995
82.6 0.647997
82.7 0.647997
82.8 0.647999
82.9 0.647999
83 0.647999
83.1 0.648
83.2 0.648
83.3 0.648
83.4 0.648
83.5 0.648001
83.6 0.648001
83.7 0.648001
83.8 0.648001
83.9 0.648002
84 0.648002
84.1 0.648002
84.2 0.648002
84.3 0.648002
84.4 0.648002
84.5 0.648002
84.6 0.648002
84.7 0.648002
84.8 0.648002
84.9 0.648002
85 0.648002
85.1 0.648002
85.2 0.648002
85.3 0.648002
85.4 0.648002
85.5 0.648002
85.6 0.648002
85.7 0.648002
85.8 0.648002
85.9 0.648002
86 0.648002
86.1 0.648002
86.2 0.648002
86.3 0.648002
86.4 0.648002
86.5 0.648002
86.6 0.648001
86.7 0.648
86.8 0.648
86.9 0.647999
87 0.647999
87.1 0.647998
87.2 0.647998
87.3 0.647998
87.4 0.647997
87.5 0.647996
87.6 0.647995
87.7 0.647994
87.8 0.647993
87.9 0.647993
88 0.647992
88.1 0.647991
88.2 0.647991
88.3 0.647991
88.4 0.647989
88.5 0.647989
88.6 0.647988
88.7 0.647987
88.8 0.647988
88.9 0.647988
89 0.647987
89.1 0.647985
89.2 0.647984
89.3 0.647983
89.4 0.647983
89.5 0.647984
89.6 0.647983
89.7 0.647983
89.8 0.647983
89.9 0.647981
90 0.647981
90.1 0.64798
90.2 0.647981
90.3 0.64798
90.4 0.647982
90.5 0.647981
90.6 0.647979
90.7 0.647979
90.8 0.647977
90.9 0.647977
91 0.647978
91.1 0.647977
91.2 0.647976
91.3 0.647976
91.4 0.647976
91.5 0.647975
91.6 0.647973
91.7 0.647972
91.8 0.647971
91.9 0.647969
92 0.647968
92.1 0.647969
92.2 0.647968
92.3 0.647967
92.4 0.647965
92.5 0.647963
92.6 0.647963
92.7 0.647964
92.8 0.647963
92.9 0.647963
93 0.647964
93.1 0.647964
93.2 0.647963
93.3 0.647962
93.4 0.647963
93.5 0.647963
93.6 0.647963
93.7 0.647962
93.8 0.647963
93.9 0.647962
94 0.647961
94.1 0.647961
94.2 0.64796
94.3 0.64796
94.4 0.64796
94.5 0.64796
94.6 0.64796
94.7 0.647961
94.8 0.64796
94.9 0.64796
95 0.647961
95.1 0.64796
95.2 0.64796
95.3 0.64796
95.4 0.647961
95.5 0.647964
95.6 0.647964
95.7 0.647963
95.8 0.647963
95.9 0.647963
96 0.647963
96.1 0.647963
96.2 0.647963
96.3 0.647964
96.4 0.647964
96.5 0.647965
96.6 0.647964
96.7 0.647963
96.8 0.647963
96.9 0.647964
97 0.647963
97.1 0.647963
97.2 0.647963
97.3 0.647963
97.4 0.647962
97.5 0.647964
97.6 0.647964
97.7 0.647964
97.8 0.647964
97.9 0.647964
98 0.647964
98.1 0.647963
98.2 0.647964
98.3 0.647965
98.4 0.647966
98.5 0.647965
98.6 0.647963
98.7 0.647963
98.8 0.647961
98.9 0.647961
99 0.647962
99.1 0.647961
99.2 0.647962
99.3 0.647961
99.4 0.64796
99.5 0.647958
99.6 0.647958
99.7 0.647958
99.8 0.647957
99.9 0.647958
100 1.04381
