38.5005 0.000343954
38.503 0.000381919
38.5055 0.000423739
38.508 0.000469769
38.5105 0.00052039
38.513 0.000576015
38.5155 0.000637091
38.518 0.000704096
38.5205 0.000777548
38.523 0.000858003
38.5255 0.000946057
38.528 0.00104235
38.5305 0.00114758
38.533 0.00126246
38.5355 0.00138781
38.538 0.00152445
38.5405 0.0016733
38.543 0.00183531
38.5455 0.00201151
38.548 0.002203
38.5505 0.00241094
38.553 0.00263658
38.5555 0.00288123
38.558 0.00314629
38.5605 0.00343324
38.563 0.00374366
38.5655 0.00407922
38.568 0.00444168
38.5705 0.00483289
38.573 0.00525483
38.5755 0.00570957
38.578 0.00619929
38.5805 0.0067263
38.583 0.00729302
38.5855 0.00790199
38.588 0.00855587
38.5905 0.00925749
38.593 0.0100098
38.5955 0.0108158
38.598 0.0116787
38.6006 0.0126019
38.6031 0.013589
38.6056 0.0146435
38.6081 0.0157692
38.6106 0.0169702
38.6131 0.0182506
38.6156 0.0196146
38.6181 0.0210666
38.6206 0.0226113
38.6231 0.0242534
38.6256 0.0259979
38.6281 0.0278498
38.6306 0.0298144
38.6331 0.0318971
38.6356 0.0341036
38.6381 0.0364395
38.6406 0.0389107
38.6431 0.0415233
38.6456 0.0442836
38.6481 0.0471978
38.6506 0.0502726
38.6531 0.0535145
38.6556 0.0569303
38.6581 0.060527
38.6606 0.0643116
38.6631 0.0682913
38.6656 0.0724734
38.6681 0.0768651
38.6706 0.0814741
38.6731 0.0863079
38.6756 0.0913741
38.6781 0.0966804
38.6806 0.102235
38.6831 0.108044
38.6856 0.114118
38.6881 0.120462
38.6906 0.127086
38.6931 0.133997
38.6956 0.141202
38.6981 0.148711
38.7006 0.156529
38.7031 0.164666
38.7056 0.173127
38.7081 0.181922
38.7106 0.191057
38.7131 0.20054
38.7156 0.210376
38.7181 0.220574
38.7206 0.23114
38.7231 0.24208
38.7256 0.253401
38.7281 0.265108
38.7306 0.277207
38.7331 0.289704
38.7356 0.302603
38.7381 0.315909
38.7406 0.329627
38.7431 0.34376
38.7456 0.358313
38.7481 0.373288
38.7506 0.388688
38.7531 0.404516
38.7556 0.420773
38.7581 0.437461
38.7606 0.454581
38.7631 0.472133
38.7656 0.490117
38.7681 0.508533
38.7706 0.527379
38.7731 0.546654
38.7756 0.566355
38.7781 0.58648
38.7806 0.607025
38.7831 0.627986
38.7856 0.649359
38.7881 0.671138
38.7906 0.693317
38.7931 0.71589
38.7956 0.73885
38.7981 0.762189
38.8007 0.785899
38.8032 0.80997
38.8057 0.834395
38.8082 0.859161
38.8107 0.884259
38.8132 0.909677
38.8157 0.935403
38.8182 0.961425
38.8207 0.98773
38.8232 1.0143
38.8257 1.04113
38.8282 1.0682
38.8307 1.09549
38.8332 1.12299
38.8357 1.15069
38.8382 1.17856
38.8407 1.20659
38.8432 1.23476
38.8457 1.26306
38.8482 1.29146
38.8507 1.31994
38.8532 1.3485
38.8557 1.3771
38.8582 1.40573
38.8607 1.43437
38.8632 1.463
38.8657 1.4916
38.8682 1.52014
38.8707 1.54861
38.8732 1.57699
38.8757 1.60526
38.8782 1.63339
38.8807 1.66136
38.8832 1.68916
38.8857 1.71676
38.8882 1.74414
38.8907 1.77128
38.8932 1.79817
38.8957 1.82477
38.8982 1.85108
38.9007 1.87706
38.9032 1.90271
38.9057 1.92799
38.9082 1.9529
38.9107 1.97741
38.9132 2.00151
38.9157 2.02517
38.9182 2.04838
38.9207 2.07113
38.9232 2.09339
38.9257 2.11514
38.9282 2.13638
38.9307 2.15709
38.9332 2.17725
38.9357 2.19685
38.9382 2.21587
38.9407 2.23431
38.9432 2.25214
38.9457 2.26936
38.9482 2.28596
38.9507 2.30192
38.9532 2.31724
38.9557 2.3319
38.9582 2.3459
38.9607 2.35923
38.9632 2.37189
38.9657 2.38385
38.9682 2.39513
38.9707 2.40571
38.9732 2.41559
38.9757 2.42477
38.9782 2.43323
38.9807 2.44099
38.9832 2.44803
38.9857 2.45437
38.9882 2.45998
38.9907 2.46489
38.9932 2.46908
38.9957 2.47256
38.9982 2.47533
39.0008 2.47739
39.0033 2.47875
39.0058 2.47941
39.0083 2.47937
39.0108 2.47864
39.0133 2.47723
39.0158 2.47514
39.0183 2.47238
39.0208 2.46895
39.0233 2.46487
39.0258 2.46014
39.0283 2.45476
39.0308 2.44876
39.0333 2.44213
39.0358 2.4349
39.0383 2.42706
39.0408 2.41863
39.0433 2.40962
39.0458 2.40005
39.0483 2.38991
39.0508 2.37923
39.0533 2.36803
39.0558 2.3563
39.0583 2.34406
39.0608 2.33133
39.0633 2.31812
39.0658 2.30444
39.0683 2.29031
39.0708 2.27574
39.0733 2.26074
39.0758 2.24533
39.0783 2.22952
39.0808 2.21332
39.0833 2.19676
39.0858 2.17984
39.0883 2.16258
39.0908 2.14499
39.0933 2.12709
39.0958 2.10888
39.0983 2.0904
39.1008 2.07164
39.1033 2.05262
39.1058 2.03336
39.1083 2.01388
39.1108 1.99417
39.1133 1.97427
39.1158 1.95417
39.1183 1.93391
39.1208 1.91347
39.1233 1.89289
39.1258 1.87218
39.1283 1.85134
39.1308 1.83039
39.1333 1.80934
39.1358 1.7882
39.1383 1.76699
39.1408 1.74572
39.1433 1.72439
39.1458 1.70302
39.1483 1.68163
39.1508 1.66021
39.1533 1.63879
39.1558 1.61737
39.1583 1.59596
39.1608 1.57457
39.1633 1.55321
39.1658 1.53189
39.1683 1.51062
39.1708 1.48941
39.1733 1.46826
39.1758 1.44719
39.1783 1.4262
39.1808 1.4053
39.1833 1.3845
39.1858 1.3638
39.1883 1.34321
39.1908 1.32274
39.1933 1.30239
39.1958 1.28217
39.1983 1.26209
39.2009 1.24215
39.2034 1.22235
39.2059 1.20271
39.2084 1.18322
39.2109 1.16389
39.2134 1.14473
39.2159 1.12574
39.2184 1.10692
39.2209 1.08828
39.2234 1.06981
39.2259 1.05154
39.2284 1.03344
39.2309 1.01554
39.2334 0.997825
39.2359 0.980306
39.2384 0.962983
39.2409 0.945859
39.2434 0.928934
39.2459 0.912211
39.2484 0.89569
39.2509 0.879374
39.2534 0.863263
39.2559 0.847359
39.2584 0.831661
39.2609 0.816171
39.2634 0.800889
39.2659 0.785815
39.2684 0.77095
39.2709 0.756294
39.2734 0.741846
39.2759 0.727607
39.2784 0.713575
39.2809 0.699751
39.2834 0.686134
39.2859 0.672724
39.2884 0.659519
39.2909 0.646519
39.2934 0.633723
39.2959 0.621129
39.2984 0.608737
39.3009 0.596546
39.3034 0.584554
39.3059 0.572759
39.3084 0.561161
39.3109 0.549758
39.3134 0.538548
39.3159 0.527529
39.3184 0.516701
39.3209 0.506061
39.3234 0.495608
39.3259 0.485339
39.3284 0.475253
39.3309 0.465348
39.3334 0.455622
39.3359 0.446072
39.3384 0.436698
39.3409 0.427497
39.3434 0.418467
39.3459 0.409605
39.3484 0.400911
39.3509 0.39238
39.3534 0.384013
39.3559 0.375805
39.3584 0.367756
39.3609 0.359863
39.3634 0.352124
39.3659 0.344536
39.3684 0.337098
39.3709 0.329807
39.3734 0.322661
39.3759 0.315658
39.3784 0.308795
39.3809 0.302071
39.3834 0.295484
39.3859 0.28903
39.3884 0.282709
39.3909 0.276518
39.3934 0.270454
39.3959 0.264516
39.3984 0.258701
39.401 0.253008
39.4035 0.247434
39.406 0.241978
39.4085 0.236636
39.411 0.231408
39.4135 0.226291
39.416 0.221283
39.4185 0.216382
39.421 0.211587
39.4235 0.206894
39.426 0.202303
39.4285 0.197812
39.431 0.193418
39.4335 0.18912
39.436 0.184916
39.4385 0.180803
39.441 0.176782
39.4435 0.172848
39.446 0.169002
39.4485 0.165241
39.451 0.161563
39.4535 0.157966
39.456 0.15445
39.4585 0.151013
39.461 0.147652
39.4635 0.144367
39.466 0.141155
39.4685 0.138016
39.471 0.134947
39.4735 0.131948
39.476 0.129016
39.4785 0.126151
39.481 0.123351
39.4835 0.120615
39.486 0.117941
39.4885 0.115327
39.491 0.112774
39.4935 0.110279
39.496 0.107841
39.4985 0.105458
39.501 0.103131
39.5035 0.100857
39.506 0.0986349
39.5085 0.0964642
39.511 0.0943435
39.5135 0.0922717
39.516 0.0902477
39.5185 0.0882704
39.521 0.0863388
39.5235 0.0844519
39.526 0.0826087
39.5285 0.0808082
39.531 0.0790494
39.5335 0.0773315
39.536 0.0756533
39.5385 0.0740142
39.541 0.072413
39.5435 0.0708491
39.546 0.0693216
39.5485 0.0678296
39.551 0.0663722
39.5535 0.0649488
39.556 0.0635585
39.5585 0.0622005
39.561 0.0608742
39.5635 0.0595787
39.566 0.0583134
39.5685 0.0570776
39.571 0.0558705
39.5735 0.0546915
39.576 0.05354
39.5785 0.0524153
39.581 0.0513167
39.5835 0.0502437
39.586 0.0491957
39.5885 0.048172
39.591 0.0471722
39.5935 0.0461956
39.596 0.0452417
39.5985 0.0443099
39.6011 0.0433998
39.6036 0.0425108
39.6061 0.0416424
39.6086 0.0407942
39.6111 0.0399656
39.6136 0.0391562
39.6161 0.0383656
39.6186 0.0375933
39.6211 0.0368388
39.6236 0.0361017
39.6261 0.0353817
39.6286 0.0346783
39.6311 0.0339911
39.6336 0.0333197
39.6361 0.0326638
39.6386 0.032023
39.6411 0.0313969
39.6436 0.0307852
39.6461 0.0301876
39.6486 0.0296036
39.6511 0.029033
39.6536 0.0284755
39.6561 0.0279308
39.6586 0.0273984
39.6611 0.0268783
39.6636 0.0263699
39.6661 0.0258732
39.6686 0.0253878
39.6711 0.0249134
39.6736 0.0244497
39.6761 0.0239966
39.6786 0.0235537
39.6811 0.0231209
39.6836 0.0226979
39.6861 0.0222844
39.6886 0.0218802
39.6911 0.0214851
39.6936 0.0210989
39.6961 0.0207214
39.6986 0.0203524
39.7011 0.0199916
39.7036 0.0196389
39.7061 0.0192941
39.7086 0.018957
39.7111 0.0186274
39.7136 0.0183052
39.7161 0.0179901
39.7186 0.017682
39.7211 0.0173808
39.7236 0.0170862
39.7261 0.0167981
39.7286 0.0165165
39.7311 0.016241
39.7336 0.0159716
39.7361 0.0157081
39.7386 0.0154505
39.7411 0.0151984
39.7436 0.014952
39.7461 0.0147109
39.7486 0.0144751
39.7511 0.0142444
39.7536 0.0140188
39.7561 0.013798
39.7586 0.0135821
39.7611 0.0133709
39.7636 0.0131643
39.7661 0.0129621
39.7686 0.0127643
39.7711 0.0125708
39.7736 0.0123815
39.7761 0.0121963
39.7786 0.012015
39.7811 0.0118377
39.7836 0.0116642
39.7861 0.0114944
39.7886 0.0113282
39.7911 0.0111656
39.7936 0.0110065
39.7961 0.0108508
39.7986 0.0106984
39.8012 0.0105492
39.8037 0.0104033
39.8062 0.0102604
39.8087 0.0101206
39.8112 0.00998379
39.8137 0.00984986
39.8162 0.00971878
39.8187 0.00959049
39.8212 0.00946491
39.8237 0.009342
39.8262 0.00922169
39.8287 0.00910393
39.8312 0.00898866
39.8337 0.00887583
39.8362 0.00876539
39.8387 0.00865728
39.8412 0.00855146
39.8437 0.00844787
39.8462 0.00834648
39.8487 0.00824723
39.8512 0.00815007
39.8537 0.00805498
39.8562 0.00796189
39.8587 0.00787077
39.8612 0.00778158
39.8637 0.00769428
39.8662 0.00760883
39.8687 0.00752519
39.8712 0.00744333
39.8737 0.00736321
39.8762 0.00728478
39.8787 0.00720803
39.8812 0.00713292
39.8837 0.00705941
39.8862 0.00698747
39.8887 0.00691707
39.8912 0.00684818
39.8937 0.00678077
39.8962 0.00671481
39.8987 0.00665027
39.9012 0.00658714
39.9037 0.00652537
39.9062 0.00646494
39.9087 0.00640583
39.9112 0.00634802
39.9137 0.00629147
39.9162 0.00623617
39.9187 0.0061821
39.9212 0.00612922
39.9237 0.00607752
39.9262 0.00602698
39.9287 0.00597757
39.9312 0.00592928
39.9337 0.00588209
39.9362 0.00583597
39.9387 0.00579091
39.9412 0.00574689
39.9437 0.0057039
39.9462 0.00566191
39.9487 0.0056209
39.9512 0.00558087
39.9537 0.00554179
39.9562 0.00550366
39.9587 0.00546645
39.9612 0.00543015
39.9637 0.00539474
39.9662 0.00536022
39.9687 0.00532657
39.9712 0.00529377
39.9737 0.00526181
39.9762 0.00523068
39.9787 0.00520037
39.9812 0.00517086
39.9837 0.00514215
39.9862 0.00511422
39.9887 0.00508706
39.9912 0.00506067
39.9937 0.00503502
39.9962 0.00501012
39.9987 0.00498594
40.0013 0.00496249
40.0038 0.00493975
40.0063 0.00491772
40.0088 0.00489638
40.0113 0.00487573
40.0138 0.00485576
40.0163 0.00483645
40.0188 0.00481782
40.0213 0.00479984
40.0238 0.00478251
40.0263 0.00476582
40.0288 0.00474976
40.0313 0.00473434
40.0338 0.00471954
40.0363 0.00470536
40.0388 0.0046918
40.0413 0.00467883
40.0438 0.00466647
40.0463 0.00465471
40.0488 0.00464354
40.0513 0.00463296
40.0538 0.00462296
40.0563 0.00461354
40.0588 0.00460469
40.0613 0.00459641
40.0638 0.00458871
40.0663 0.00458156
40.0688 0.00457498
40.0713 0.00456896
40.0738 0.00456349
40.0763 0.00455857
40.0788 0.0045542
40.0813 0.00455038
40.0838 0.00454711
40.0863 0.00454438
40.0888 0.00454219
40.0913 0.00454054
40.0938 0.00453943
40.0963 0.00453886
40.0988 0.00453883
40.1013 0.00453933
40.1038 0.00454036
40.1063 0.00454194
40.1088 0.00454404
40.1113 0.00454668
40.1138 0.00454985
40.1163 0.00455355
40.1188 0.00455779
40.1213 0.00456256
40.1238 0.00456787
40.1263 0.00457371
40.1288 0.00458009
40.1313 0.00458701
40.1338 0.00459447
40.1363 0.00460246
40.1388 0.004611
40.1413 0.00462008
40.1438 0.0046297
40.1463 0.00463987
40.1488 0.0046506
40.1513 0.00466187
40.1538 0.00467369
40.1563 0.00468608
40.1588 0.00469902
40.1613 0.00471252
40.1638 0.00472659
40.1663 0.00474123
40.1688 0.00475644
40.1713 0.00477222
40.1738 0.00478859
40.1763 0.00480553
40.1788 0.00482307
40.1813 0.0048412
40.1838 0.00485992
40.1863 0.00487924
40.1888 0.00489917
40.1913 0.0049197
40.1938 0.00494086
40.1963 0.00496263
40.1988 0.00498503
40.2014 0.00500806
40.2039 0.00503173
40.2064 0.00505604
40.2089 0.00508099
40.2114 0.00510661
40.2139 0.00513289
40.2164 0.00515983
40.2189 0.00518745
40.2214 0.00521575
40.2239 0.00524475
40.2264 0.00527443
40.2289 0.00530483
40.2314 0.00533593
40.2339 0.00536776
40.2364 0.00540031
40.2389 0.0054336
40.2414 0.00546764
40.2439 0.00550243
40.2464 0.00553798
40.2489 0.00557431
40.2514 0.00561141
40.2539 0.00564931
40.2564 0.005688
40.2589 0.00572751
40.2614 0.00576784
40.2639 0.005809
40.2664 0.005851
40.2689 0.00589385
40.2714 0.00593757
40.2739 0.00598216
40.2764 0.00602763
40.2789 0.00607401
40.2814 0.00612129
40.2839 0.00616949
40.2864 0.00621863
40.2889 0.00626872
40.2914 0.00631977
40.2939 0.00637178
40.2964 0.00642479
40.2989 0.00647879
40.3014 0.00653381
40.3039 0.00658985
40.3064 0.00664694
40.3089 0.00670508
40.3114 0.00676429
40.3139 0.00682459
40.3164 0.00688599
40.3189 0.00694851
40.3214 0.00701215
40.3239 0.00707695
40.3264 0.00714291
40.3289 0.00721006
40.3314 0.0072784
40.3339 0.00734796
40.3364 0.00741875
40.3389 0.00749079
40.3414 0.0075641
40.3439 0.0076387
40.3464 0.0077146
40.3489 0.00779182
40.3514 0.00787039
40.3539 0.00795032
40.3564 0.00803163
40.3589 0.00811435
40.3614 0.00819848
40.3639 0.00828406
40.3664 0.0083711
40.3689 0.00845963
40.3714 0.00854966
40.3739 0.00864122
40.3764 0.00873432
40.3789 0.008829
40.3814 0.00892527
40.3839 0.00902315
40.3864 0.00912268
40.3889 0.00922386
40.3914 0.00932674
40.3939 0.00943132
40.3964 0.00953763
40.3989 0.0096457
40.4015 0.00975556
40.404 0.00986722
40.4065 0.00998072
40.409 0.0100961
40.4115 0.0102133
40.414 0.0103324
40.4165 0.0104535
40.419 0.0105766
40.4215 0.0107016
40.424 0.0108287
40.4265 0.0109577
40.429 0.0110889
40.4315 0.0112222
40.434 0.0113576
40.4365 0.0114951
40.439 0.0116348
40.4415 0.0117767
40.444 0.0119209
40.4465 0.0120674
40.449 0.0122161
40.4515 0.0123672
40.454 0.0125206
40.4565 0.0126764
40.459 0.0128346
40.4615 0.0129953
40.464 0.0131584
40.4665 0.0133241
40.469 0.0134923
40.4715 0.013663
40.474 0.0138364
40.4765 0.0140123
40.479 0.014191
40.4815 0.0143723
40.484 0.0145563
40.4865 0.0147431
40.489 0.0149327
40.4915 0.0151251
40.494 0.0153203
40.4965 0.0155184
40.499 0.0157194
40.5015 0.0159233
40.504 0.0161302
40.5065 0.01634
40.509 0.0165529
40.5115 0.0167689
40.514 0.0169879
40.5165 0.01721
40.519 0.0174353
40.5215 0.0176637
40.524 0.0178954
40.5265 0.0181302
40.529 0.0183683
40.5315 0.0186097
40.534 0.0188544
40.5365 0.0191024
40.539 0.0193538
40.5415 0.0196085
40.544 0.0198667
40.5465 0.0201282
40.549 0.0203933
40.5515 0.0206618
40.554 0.0209338
40.5565 0.0212093
40.559 0.0214883
40.5615 0.021771
40.564 0.0220571
40.5665 0.0223469
40.569 0.0226403
40.5715 0.0229373
40.574 0.023238
40.5765 0.0235423
40.579 0.0238503
40.5815 0.024162
40.584 0.0244773
40.5865 0.0247963
40.589 0.0251191
40.5915 0.0254456
40.594 0.0257757
40.5965 0.0261096
40.599 0.0264472
40.6016 0.0267886
40.6041 0.0271336
40.6066 0.0274824
40.6091 0.0278348
40.6116 0.028191
40.6141 0.0285509
40.6166 0.0289144
40.6191 0.0292816
40.6216 0.0296525
40.6241 0.030027
40.6266 0.0304051
40.6291 0.0307868
40.6316 0.0311721
40.6341 0.031561
40.6366 0.0319533
40.6391 0.0323492
40.6416 0.0327484
40.6441 0.0331512
40.6466 0.0335572
40.6491 0.0339667
40.6516 0.0343794
40.6541 0.0347953
40.6566 0.0352145
40.6591 0.0356368
40.6616 0.0360622
40.6641 0.0364906
40.6666 0.036922
40.6691 0.0373562
40.6716 0.0377933
40.6741 0.0382332
40.6766 0.0386757
40.6791 0.0391209
40.6816 0.0395685
40.6841 0.0400186
40.6866 0.0404711
40.6891 0.0409258
40.6916 0.0413826
40.6941 0.0418415
40.6966 0.0423024
40.6991 0.0427651
40.7016 0.0432295
40.7041 0.0436956
40.7066 0.0441631
40.7091 0.044632
40.7116 0.0451022
40.7141 0.0455735
40.7166 0.0460457
40.7191 0.0465189
40.7216 0.0469927
40.7241 0.047467
40.7266 0.0479418
40.7291 0.0484168
40.7316 0.0488919
40.7341 0.0493669
40.7366 0.0498417
40.7391 0.050316
40.7416 0.0507898
40.7441 0.0512628
40.7466 0.0517349
40.7491 0.0522058
40.7516 0.0526754
40.7541 0.0531435
40.7566 0.0536099
40.7591 0.0540744
40.7616 0.0545367
40.7641 0.0549967
40.7666 0.0554542
40.7691 0.0559089
40.7716 0.0563607
40.7741 0.0568092
40.7766 0.0572544
40.7791 0.0576959
40.7816 0.0581335
40.7841 0.058567
40.7866 0.0589962
40.7891 0.0594208
40.7916 0.0598406
40.7941 0.0602553
40.7966 0.0606648
40.7991 0.0610686
40.8017 0.0614667
40.8042 0.0618587
40.8067 0.0622445
40.8092 0.0626237
40.8117 0.0629961
40.8142 0.0633614
40.8167 0.0637194
40.8192 0.0640699
40.8217 0.0644126
40.8242 0.0647472
40.8267 0.0650734
40.8292 0.0653911
40.8317 0.0657
40.8342 0.0659998
40.8367 0.0662903
40.8392 0.0665712
40.8417 0.0668422
40.8442 0.0671032
40.8467 0.0673539
40.8492 0.0675941
40.8517 0.0678235
40.8542 0.0680418
40.8567 0.0682489
40.8592 0.0684445
40.8617 0.0686285
40.8642 0.0688005
40.8667 0.0689604
40.8692 0.069108
40.8717 0.069243
40.8742 0.0693653
40.8767 0.0694746
40.8792 0.0695709
40.8817 0.0696538
40.8842 0.0697233
40.8867 0.0697792
40.8892 0.0698213
40.8917 0.0698494
40.8942 0.0698634
40.8967 0.0698633
40.8992 0.0698488
40.9017 0.0698198
40.9042 0.0697762
40.9067 0.069718
40.9092 0.069645
40.9117 0.0695571
40.9142 0.0694543
40.9167 0.0693365
40.9192 0.0692037
40.9217 0.0690558
40.9242 0.0688928
40.9267 0.0687147
40.9292 0.0685214
40.9317 0.068313
40.9342 0.0680895
40.9367 0.0678508
40.9392 0.0675971
40.9417 0.0673284
40.9442 0.0670447
40.9467 0.0667461
40.9492 0.0664327
40.9517 0.0661046
40.9542 0.0657619
40.9567 0.0654046
40.9592 0.0650331
40.9617 0.0646472
40.9642 0.0642474
40.9667 0.0638336
40.9692 0.0634061
40.9717 0.062965
40.9742 0.0625106
40.9767 0.0620431
40.9792 0.0615627
40.9817 0.0610695
40.9842 0.060564
40.9867 0.0600463
40.9892 0.0595167
40.9917 0.0589754
40.9942 0.0584228
40.9967 0.0578591
40.9992 0.0572847
41.0018 0.0566999
41.0043 0.0561049
41.0068 0.0555002
41.0093 0.054886
41.0118 0.0542627
41.0143 0.0536308
41.0168 0.0529904
41.0193 0.052342
41.0218 0.051686
41.0243 0.0510228
41.0268 0.0503527
41.0293 0.0496761
41.0318 0.0489935
41.0343 0.0483052
41.0368 0.0476116
41.0393 0.0469132
41.0418 0.0462104
41.0443 0.0455035
41.0468 0.044793
41.0493 0.0440793
41.0518 0.0433629
41.0543 0.042644
41.0568 0.0419233
41.0593 0.041201
41.0618 0.0404775
41.0643 0.0397534
41.0668 0.039029
41.0693 0.0383048
41.0718 0.037581
41.0743 0.0368582
41.0768 0.0361367
41.0793 0.0354169
41.0818 0.0346993
41.0843 0.0339841
41.0868 0.0332718
41.0893 0.0325628
41.0918 0.0318573
41.0943 0.0311558
41.0968 0.0304587
41.0993 0.0297661
41.1018 0.0290786
41.1043 0.0283964
41.1068 0.0277198
41.1093 0.0270491
41.1118 0.0263846
41.1143 0.0257267
41.1168 0.0250755
41.1193 0.0244314
41.1218 0.0237946
41.1243 0.0231654
41.1268 0.0225439
41.1293 0.0219304
41.1318 0.0213252
41.1343 0.0207284
41.1368 0.0201402
41.1393 0.0195608
41.1418 0.0189903
41.1443 0.0184289
41.1468 0.0178768
41.1493 0.017334
41.1518 0.0168008
41.1543 0.0162771
41.1568 0.0157631
41.1593 0.0152589
41.1618 0.0147646
41.1643 0.0142801
41.1668 0.0138056
41.1693 0.0133412
41.1718 0.0128867
41.1743 0.0124423
41.1768 0.0120079
41.1793 0.0115836
41.1818 0.0111693
41.1843 0.010765
41.1868 0.0103707
41.1893 0.00998627
41.1918 0.00961177
41.1943 0.0092471
41.1968 0.00889218
41.1993 0.00854694
41.2019 0.00821129
41.2044 0.00788515
41.2069 0.00756842
41.2094 0.00726099
41.2119 0.00696274
41.2144 0.00667358
41.2169 0.00639336
41.2194 0.00612196
41.2219 0.00585925
41.2244 0.00560509
41.2269 0.00535934
41.2294 0.00512185
41.2319 0.00489247
41.2344 0.00467104
41.2369 0.00445741
41.2394 0.00425143
41.2419 0.00405292
41.2444 0.00386173
41.2469 0.00367768
41.2494 0.00350062
41.2519 0.00333037
41.2544 0.00316677
41.2569 0.00300964
41.2594 0.00285882
41.2619 0.00271413
41.2644 0.00257541
41.2669 0.00244249
41.2694 0.0023152
41.2719 0.00219337
41.2744 0.00207684
41.2769 0.00196543
41.2794 0.001859
41.2819 0.00175737
41.2844 0.00166039
41.2869 0.0015679
41.2894 0.00147975
41.2919 0.00139577
41.2944 0.00131583
41.2969 0.00123977
41.2994 0.00116745
41.3019 0.00109873
41.3044 0.00103347
41.3069 0.000971523
41.3094 0.00091277
41.3119 0.000857077
41.3144 0.000804315
41.3169 0.000754363
41.3194 0.0007071
41.3219 0.00066241
41.3244 0.000620178
41.3269 0.000580295
41.3294 0.000542654
41.3319 0.000507152
41.3344 0.000473687
41.3369 0.000442165
41.3394 0.00041249
41.3419 0.000384572
41.3444 0.000358325
41.3469 0.000333664
41.3494 0.000310509
41.3519 0.000288782
41.3544 0.000268409
41.3569 0.000249316
41.3594 0.000231437
41.3619 0.000214704
41.3644 0.000199055
41.3669 0.000184429
41.3694 0.000170769
41.3719 0.000158019
41.3744 0.000146127
41.3769 0.000135043
41.3794 0.000124718
41.3819 0.000115107
41.3844 0.000106168
41.3869 9.78577e-05
41.3894 9.01387e-05
41.3919 8.29735e-05
41.3944 7.63269e-05
41.3969 7.01657e-05
41.3994 6.44585e-05
41.402 5.91756e-05
41.4045 5.42888e-05
41.407 4.97716e-05
41.4095 4.55991e-05
41.412 4.17477e-05
41.4145 3.81953e-05
41.417 3.49209e-05
41.4195 3.19051e-05
41.422 2.91293e-05
41.4245 2.65764e-05
41.427 2.42302e-05
41.4295 2.20755e-05
41.432 2.00981e-05
41.4345 1.82848e-05
41.437 1.66232e-05
41.4395 1.51018e-05
41.442 1.37096e-05
41.4445 1.24369e-05
41.447 1.1274e-05
41.4495 1.02125e-05
41.452 9.24406e-06
41.4545 8.36133e-06
41.457 7.55731e-06
41.4595 6.82553e-06
41.462 6.16002e-06
41.4645 5.55524e-06
41.467 5.00608e-06
41.4695 4.5078e-06
41.472 4.05604e-06
41.4745 3.64679e-06
41.477 3.27632e-06
41.4795 2.94124e-06
41.482 2.6384e-06
41.4845 2.36491e-06
41.487 2.11813e-06
41.4895 1.89562e-06
41.492 1.69517e-06
41.4945 1.51472e-06
41.497 1.35241e-06
41.4995 1.20655e-06
