13.5005 0.000263267
13.503 0.000291651
13.5055 0.000322848
13.508 0.00035711
13.5105 0.000394708
13.513 0.000435936
13.5155 0.000481107
13.518 0.000530562
13.5205 0.000584662
13.523 0.000643801
13.5255 0.000708396
13.528 0.000778896
13.5305 0.000855784
13.533 0.000939574
13.5355 0.00103082
13.538 0.0011301
13.5405 0.00123804
13.543 0.00135532
13.5455 0.00148265
13.548 0.00162078
13.5505 0.00177051
13.553 0.00193271
13.5555 0.00210828
13.558 0.00229818
13.5605 0.00250342
13.563 0.0027251
13.5655 0.00296435
13.568 0.00322237
13.5705 0.00350044
13.573 0.00379989
13.5755 0.00412214
13.578 0.00446868
13.5805 0.00484107
13.583 0.00524095
13.5855 0.00567005
13.588 0.00613017
13.5905 0.00662322
13.593 0.00715118
13.5955 0.00771612
13.598 0.00832021
13.6006 0.00896571
13.6031 0.009655
13.6056 0.0103905
13.6081 0.0111748
13.6106 0.0120106
13.6131 0.0129006
13.6156 0.0138477
13.6181 0.0148549
13.6206 0.0159253
13.6231 0.017062
13.6256 0.0182684
13.6281 0.0195478
13.6306 0.0209038
13.6331 0.0223401
13.6356 0.0238603
13.6381 0.0254683
13.6406 0.0271681
13.6431 0.0289636
13.6456 0.0308591
13.6481 0.0328588
13.6506 0.0349671
13.6531 0.0371884
13.6556 0.0395273
13.6581 0.0419883
13.6606 0.0445763
13.6631 0.0472959
13.6656 0.0501522
13.6681 0.05315
13.6706 0.0562944
13.6731 0.0595903
13.6756 0.0630431
13.6781 0.0666578
13.6806 0.0704396
13.6831 0.0743938
13.6856 0.0785257
13.6881 0.0828406
13.6906 0.0873438
13.6931 0.0920405
13.6956 0.0969362
13.6981 0.102036
13.7006 0.107345
13.7031 0.112869
13.7056 0.118613
13.7081 0.124582
13.7106 0.13078
13.7131 0.137214
13.7156 0.143887
13.7181 0.150805
13.7206 0.157972
13.7231 0.165393
13.7256 0.173071
13.7281 0.181013
13.7306 0.18922
13.7331 0.197698
13.7356 0.20645
13.7381 0.215479
13.7406 0.224789
13.7431 0.234382
13.7456 0.244263
13.7481 0.254432
13.7506 0.264893
13.7531 0.275648
13.7556 0.286698
13.7581 0.298045
13.7606 0.309689
13.7631 0.321633
13.7656 0.333876
13.7681 0.346418
13.7706 0.35926
13.7731 0.372401
13.7756 0.385839
13.7781 0.399575
13.7806 0.413605
13.7831 0.427929
13.7856 0.442544
13.7881 0.457447
13.7906 0.472635
13.7931 0.488105
13.7956 0.503852
13.7981 0.519872
13.8007 0.536161
13.8032 0.552713
13.8057 0.569523
13.8082 0.586585
13.8107 0.603893
13.8132 0.621439
13.8157 0.639218
13.8182 0.65722
13.8207 0.675439
13.8232 0.693866
13.8257 0.712492
13.8282 0.731309
13.8307 0.750307
13.8332 0.769476
13.8357 0.788807
13.8382 0.808288
13.8407 0.82791
13.8432 0.847661
13.8457 0.86753
13.8482 0.887505
13.8507 0.907575
13.8532 0.927727
13.8557 0.94795
13.8582 0.96823
13.8607 0.988555
13.8632 1.00891
13.8657 1.02929
13.8682 1.04967
13.8707 1.07004
13.8732 1.0904
13.8757 1.11071
13.8782 1.13098
13.8807 1.15119
13.8832 1.17132
13.8857 1.19136
13.8882 1.21129
13.8907 1.23111
13.8932 1.2508
13.8957 1.27034
13.8982 1.28972
13.9007 1.30893
13.9032 1.32795
13.9057 1.34677
13.9082 1.36538
13.9107 1.38377
13.9132 1.40191
13.9157 1.41981
13.9182 1.43743
13.9207 1.45479
13.9232 1.47185
13.9257 1.48861
13.9282 1.50506
13.9307 1.52119
13.9332 1.53698
13.9357 1.55243
13.9382 1.56753
13.9407 1.58225
13.9432 1.59661
13.9457 1.61057
13.9482 1.62415
13.9507 1.63732
13.9532 1.65009
13.9557 1.66243
13.9582 1.67435
13.9607 1.68584
13.9632 1.69689
13.9657 1.7075
13.9682 1.71765
13.9707 1.72735
13.9732 1.73659
13.9757 1.74537
13.9782 1.75367
13.9807 1.76151
13.9832 1.76886
13.9857 1.77574
13.9882 1.78214
13.9907 1.78806
13.9932 1.79349
13.9957 1.79844
13.9982 1.80291
14.0008 1.80689
14.0033 1.81038
14.0058 1.81339
14.0083 1.81592
14.0108 1.81797
14.0133 1.81954
14.0158 1.82063
14.0183 1.82124
14.0208 1.82139
14.0233 1.82107
14.0258 1.82028
14.0283 1.81903
14.0308 1.81733
14.0333 1.81518
14.0358 1.81258
14.0383 1.80954
14.0408 1.80607
14.0433 1.80217
14.0458 1.79785
14.0483 1.79311
14.0508 1.78796
14.0533 1.78241
14.0558 1.77646
14.0583 1.77013
14.0608 1.76341
14.0633 1.75633
14.0658 1.74888
14.0683 1.74107
14.0708 1.73291
14.0733 1.72442
14.0758 1.7156
14.0783 1.70645
14.0808 1.69699
14.0833 1.68722
14.0858 1.67716
14.0883 1.66681
14.0908 1.65618
14.0933 1.64529
14.0958 1.63413
14.0983 1.62273
14.1008 1.61108
14.1033 1.5992
14.1058 1.5871
14.1083 1.57479
14.1108 1.56227
14.1133 1.54955
14.1158 1.53665
14.1183 1.52358
14.1208 1.51033
14.1233 1.49692
14.1258 1.48337
14.1283 1.46967
14.1308 1.45584
14.1333 1.44189
14.1358 1.42782
14.1383 1.41365
14.1408 1.39937
14.1433 1.38501
14.1458 1.37056
14.1483 1.35604
14.1508 1.34145
14.1533 1.3268
14.1558 1.3121
14.1583 1.29736
14.1608 1.28258
14.1633 1.26777
14.1658 1.25294
14.1683 1.23809
14.1708 1.22324
14.1733 1.20838
14.1758 1.19352
14.1783 1.17868
14.1808 1.16385
14.1833 1.14905
14.1858 1.13427
14.1883 1.11953
14.1908 1.10483
14.1933 1.09017
14.1958 1.07556
14.1983 1.061
14.2009 1.04651
14.2034 1.03208
14.2059 1.01771
14.2084 1.00342
14.2109 0.989206
14.2134 0.975072
14.2159 0.961023
14.2184 0.947062
14.2209 0.933193
14.2234 0.919419
14.2259 0.905743
14.2284 0.892169
14.2309 0.878698
14.2334 0.865335
14.2359 0.852081
14.2384 0.83894
14.2409 0.825912
14.2434 0.813002
14.2459 0.80021
14.2484 0.787539
14.2509 0.77499
14.2534 0.762566
14.2559 0.750267
14.2584 0.738096
14.2609 0.726053
14.2634 0.71414
14.2659 0.702358
14.2684 0.690707
14.2709 0.67919
14.2734 0.667805
14.2759 0.656556
14.2784 0.64544
14.2809 0.634461
14.2834 0.623617
14.2859 0.612908
14.2884 0.602337
14.2909 0.591901
14.2934 0.581602
14.2959 0.57144
14.2984 0.561414
14.3009 0.551524
14.3034 0.54177
14.3059 0.532151
14.3084 0.522668
14.3109 0.51332
14.3134 0.504106
14.3159 0.495026
14.3184 0.486079
14.3209 0.477264
14.3234 0.468582
14.3259 0.46003
14.3284 0.451609
14.3309 0.443318
14.3334 0.435154
14.3359 0.427119
14.3384 0.41921
14.3409 0.411427
14.3434 0.403769
14.3459 0.396234
14.3484 0.388822
14.3509 0.381531
14.3534 0.37436
14.3559 0.367309
14.3584 0.360375
14.3609 0.353558
14.3634 0.346857
14.3659 0.340269
14.3684 0.333795
14.3709 0.327433
14.3734 0.32118
14.3759 0.315037
14.3784 0.309002
14.3809 0.303074
14.3834 0.29725
14.3859 0.29153
14.3884 0.285913
14.3909 0.280397
14.3934 0.274981
14.3959 0.269663
14.3984 0.264443
14.401 0.259318
14.4035 0.254287
14.406 0.24935
14.4085 0.244504
14.411 0.239749
14.4135 0.235083
14.416 0.230505
14.4185 0.226013
14.421 0.221606
14.4235 0.217283
14.426 0.213042
14.4285 0.208883
14.431 0.204803
14.4335 0.200802
14.436 0.196879
14.4385 0.193031
14.441 0.189259
14.4435 0.185559
14.446 0.181933
14.4485 0.178377
14.451 0.174891
14.4535 0.171474
14.456 0.168125
14.4585 0.164841
14.461 0.161624
14.4635 0.15847
14.466 0.155379
14.4685 0.15235
14.471 0.149381
14.4735 0.146472
14.476 0.143622
14.4785 0.140829
14.481 0.138093
14.4835 0.135412
14.486 0.132785
14.4885 0.130212
14.491 0.12769
14.4935 0.125221
14.496 0.122801
14.4985 0.120432
14.501 0.11811
14.5035 0.115836
14.506 0.113609
14.5085 0.111428
14.511 0.109291
14.5135 0.107198
14.516 0.105149
14.5185 0.103142
14.521 0.101176
14.5235 0.099251
14.526 0.0973657
14.5285 0.0955196
14.531 0.0937116
14.5335 0.0919412
14.536 0.0902076
14.5385 0.08851
14.541 0.0868477
14.5435 0.0852199
14.546 0.0836261
14.5485 0.0820654
14.551 0.0805373
14.5535 0.079041
14.556 0.0775759
14.5585 0.0761414
14.561 0.0747369
14.5635 0.0733616
14.566 0.0720151
14.5685 0.0706967
14.571 0.0694059
14.5735 0.0681421
14.576 0.0669046
14.5785 0.0656931
14.581 0.0645068
14.5835 0.0633454
14.586 0.0622082
14.5885 0.0610949
14.591 0.0600048
14.5935 0.0589375
14.596 0.0578925
14.5985 0.0568693
14.6011 0.0558675
14.6036 0.0548867
14.6061 0.0539264
14.6086 0.0529861
14.6111 0.0520654
14.6136 0.051164
14.6161 0.0502814
14.6186 0.0494171
14.6211 0.048571
14.6236 0.0477424
14.6261 0.0469311
14.6286 0.0461368
14.6311 0.0453589
14.6336 0.0445973
14.6361 0.0438515
14.6386 0.0431212
14.6411 0.0424061
14.6436 0.0417059
14.6461 0.0410201
14.6486 0.0403487
14.6511 0.0396911
14.6536 0.0390472
14.6561 0.0384166
14.6586 0.0377991
14.6611 0.0371944
14.6636 0.0366021
14.6661 0.0360221
14.6686 0.0354541
14.6711 0.0348979
14.6736 0.0343531
14.6761 0.0338195
14.6786 0.0332969
14.6811 0.0327851
14.6836 0.0322838
14.6861 0.0317929
14.6886 0.031312
14.6911 0.030841
14.6936 0.0303797
14.6961 0.0299278
14.6986 0.0294852
14.7011 0.0290517
14.7036 0.0286271
14.7061 0.0282111
14.7086 0.0278037
14.7111 0.0274046
14.7136 0.0270136
14.7161 0.0266307
14.7186 0.0262555
14.7211 0.025888
14.7236 0.025528
14.7261 0.0251754
14.7286 0.0248299
14.7311 0.0244914
14.7336 0.0241599
14.7361 0.0238351
14.7386 0.0235169
14.7411 0.0232052
14.7436 0.0228998
14.7461 0.0226006
14.7486 0.0223075
14.7511 0.0220204
14.7536 0.0217391
14.7561 0.0214635
14.7586 0.0211935
14.7611 0.020929
14.7636 0.0206699
14.7661 0.020416
14.7686 0.0201673
14.7711 0.0199236
14.7736 0.0196849
14.7761 0.0194511
14.7786 0.019222
14.7811 0.0189976
14.7836 0.0187778
14.7861 0.0185624
14.7886 0.0183514
14.7911 0.0181447
14.7936 0.0179423
14.7961 0.017744
14.7986 0.0175498
14.8012 0.0173595
14.8037 0.0171731
14.8062 0.0169906
14.8087 0.0168118
14.8112 0.0166367
14.8137 0.0164653
14.8162 0.0162973
14.8187 0.0161329
14.8212 0.0159719
14.8237 0.0158142
14.8262 0.0156598
14.8287 0.0155086
14.8312 0.0153606
14.8337 0.0152157
14.8362 0.0150739
14.8387 0.014935
14.8412 0.0147991
14.8437 0.0146661
14.8462 0.014536
14.8487 0.0144086
14.8512 0.014284
14.8537 0.0141621
14.8562 0.0140428
14.8587 0.0139261
14.8612 0.013812
14.8637 0.0137004
14.8662 0.0135912
14.8687 0.0134845
14.8712 0.0133802
14.8737 0.0132782
14.8762 0.0131786
14.8787 0.0130812
14.8812 0.0129861
14.8837 0.0128931
14.8862 0.0128024
14.8887 0.0127137
14.8912 0.0126272
14.8937 0.0125428
14.8962 0.0124603
14.8987 0.0123799
14.9012 0.0123015
14.9037 0.0122251
14.9062 0.0121505
14.9087 0.0120779
14.9112 0.0120071
14.9137 0.0119381
14.9162 0.011871
14.9187 0.0118057
14.9212 0.0117422
14.9237 0.0116804
14.9262 0.0116203
14.9287 0.0115619
14.9312 0.0115052
14.9337 0.0114502
14.9362 0.0113968
14.9387 0.0113451
14.9412 0.0112949
14.9437 0.0112464
14.9462 0.0111994
14.9487 0.011154
14.9512 0.0111101
14.9537 0.0110677
14.9562 0.0110268
14.9587 0.0109875
14.9612 0.0109496
14.9637 0.0109131
14.9662 0.0108782
14.9687 0.0108446
14.9712 0.0108125
14.9737 0.0107818
14.9762 0.0107526
14.9787 0.0107247
14.9812 0.0106982
14.9837 0.010673
14.9862 0.0106493
14.9887 0.0106269
14.9912 0.0106058
14.9937 0.0105861
14.9962 0.0105677
14.9987 0.0105507
15.0013 0.0105349
15.0038 0.0105205
15.0063 0.0105074
15.0088 0.0104956
15.0113 0.0104851
15.0138 0.0104759
15.0163 0.010468
15.0188 0.0104614
15.0213 0.0104561
15.0238 0.0104521
15.0263 0.0104493
15.0288 0.0104478
15.0313 0.0104477
15.0338 0.0104487
15.0363 0.0104511
15.0388 0.0104548
15.0413 0.0104597
15.0438 0.0104659
15.0463 0.0104734
15.0488 0.0104822
15.0513 0.0104922
15.0538 0.0105036
15.0563 0.0105162
15.0588 0.0105302
15.0613 0.0105454
15.0638 0.0105619
15.0663 0.0105798
15.0688 0.010599
15.0713 0.0106195
15.0738 0.0106413
15.0763 0.0106644
15.0788 0.0106889
15.0813 0.0107147
15.0838 0.0107419
15.0863 0.0107705
15.0888 0.0108004
15.0913 0.0108317
15.0938 0.0108644
15.0963 0.0108985
15.0988 0.010934
15.1013 0.0109709
15.1038 0.0110093
15.1063 0.0110491
15.1088 0.0110903
15.1113 0.011133
15.1138 0.0111773
15.1163 0.011223
15.1188 0.0112702
15.1213 0.0113189
15.1238 0.0113692
15.1263 0.0114211
15.1288 0.0114745
15.1313 0.0115295
15.1338 0.0115861
15.1363 0.0116444
15.1388 0.0117042
15.1413 0.0117658
15.1438 0.011829
15.1463 0.011894
15.1488 0.0119607
15.1513 0.0120291
15.1538 0.0120992
15.1563 0.0121712
15.1588 0.012245
15.1613 0.0123206
15.1638 0.0123981
15.1663 0.0124775
15.1688 0.0125588
15.1713 0.012642
15.1738 0.0127272
15.1763 0.0128144
15.1788 0.0129036
15.1813 0.0129949
15.1838 0.0130883
15.1863 0.0131837
15.1888 0.0132813
15.1913 0.0133811
15.1938 0.0134831
15.1963 0.0135874
15.1988 0.0136939
15.2014 0.0138028
15.2039 0.013914
15.2064 0.0140276
15.2089 0.0141436
15.2114 0.0142621
15.2139 0.014383
15.2164 0.0145066
15.2189 0.0146327
15.2214 0.0147614
15.2239 0.0148929
15.2264 0.015027
15.2289 0.0151639
15.2314 0.0153036
15.2339 0.0154462
15.2364 0.0155917
15.2389 0.0157401
15.2414 0.0158916
15.2439 0.0160461
15.2464 0.0162037
15.2489 0.0163645
15.2514 0.0165285
15.2539 0.0166957
15.2564 0.0168664
15.2589 0.0170404
15.2614 0.0172178
15.2639 0.0173988
15.2664 0.0175834
15.2689 0.0177716
15.2714 0.0179635
15.2739 0.0181591
15.2764 0.0183587
15.2789 0.0185621
15.2814 0.0187695
15.2839 0.018981
15.2864 0.0191966
15.2889 0.0194164
15.2914 0.0196405
15.2939 0.0198689
15.2964 0.0201018
15.2989 0.0203392
15.3014 0.0205812
15.3039 0.020828
15.3064 0.0210794
15.3089 0.0213358
15.3114 0.0215971
15.3139 0.0218634
15.3164 0.0221349
15.3189 0.0224116
15.3214 0.0226937
15.3239 0.0229812
15.3264 0.0232742
15.3289 0.0235729
15.3314 0.0238773
15.3339 0.0241876
15.3364 0.0245038
15.3389 0.0248261
15.3414 0.0251546
15.3439 0.0254894
15.3464 0.0258306
15.3489 0.0261783
15.3514 0.0265327
15.3539 0.0268939
15.3564 0.027262
15.3589 0.0276372
15.3614 0.0280195
15.3639 0.0284092
15.3664 0.0288063
15.3689 0.0292109
15.3714 0.0296234
15.3739 0.0300436
15.3764 0.0304719
15.3789 0.0309084
15.3814 0.0313532
15.3839 0.0318065
15.3864 0.0322684
15.3889 0.0327391
15.3914 0.0332187
15.3939 0.0337075
15.3964 0.0342056
15.3989 0.0347131
15.4015 0.0352303
15.404 0.0357573
15.4065 0.0362943
15.409 0.0368415
15.4115 0.037399
15.414 0.0379671
15.4165 0.038546
15.419 0.0391358
15.4215 0.0397368
15.424 0.040349
15.4265 0.0409729
15.429 0.0416085
15.4315 0.0422561
15.434 0.0429159
15.4365 0.0435881
15.439 0.0442729
15.4415 0.0449705
15.444 0.0456813
15.4465 0.0464054
15.449 0.047143
15.4515 0.0478944
15.454 0.0486598
15.4565 0.0494395
15.459 0.0502337
15.4615 0.0510427
15.464 0.0518667
15.4665 0.052706
15.469 0.0535609
15.4715 0.0544316
15.474 0.0553183
15.4765 0.0562214
15.479 0.0571412
15.4815 0.0580778
15.484 0.0590317
15.4865 0.060003
15.489 0.060992
15.4915 0.0619991
15.494 0.0630246
15.4965 0.0640687
15.499 0.0651318
15.5015 0.0662141
15.504 0.0673159
15.5065 0.0684376
15.509 0.0695795
15.5115 0.0707419
15.514 0.0719251
15.5165 0.0731294
15.519 0.0743551
15.5215 0.0756026
15.524 0.0768723
15.5265 0.0781643
15.529 0.0794791
15.5315 0.080817
15.534 0.0821783
15.5365 0.0835634
15.539 0.0849726
15.5415 0.0864063
15.544 0.0878647
15.5465 0.0893482
15.549 0.0908572
15.5515 0.092392
15.554 0.093953
15.5565 0.0955405
15.559 0.0971548
15.5615 0.0987963
15.564 0.100465
15.5665 0.102162
15.569 0.103887
15.5715 0.105641
15.574 0.107424
15.5765 0.109236
15.579 0.111077
15.5815 0.112949
15.584 0.11485
15.5865 0.116782
15.589 0.118746
15.5915 0.12074
15.594 0.122766
15.5965 0.124824
15.599 0.126914
15.6016 0.129037
15.6041 0.131192
15.6066 0.133381
15.6091 0.135603
15.6116 0.137858
15.6141 0.140148
15.6166 0.142472
15.6191 0.14483
15.6216 0.147224
15.6241 0.149652
15.6266 0.152116
15.6291 0.154615
15.6316 0.15715
15.6341 0.15972
15.6366 0.162327
15.6391 0.164971
15.6416 0.167651
15.6441 0.170367
15.6466 0.17312
15.6491 0.175911
15.6516 0.178738
15.6541 0.181603
15.6566 0.184505
15.6591 0.187445
15.6616 0.190422
15.6641 0.193436
15.6666 0.196488
15.6691 0.199578
15.6716 0.202705
15.6741 0.20587
15.6766 0.209072
15.6791 0.212312
15.6816 0.215589
15.6841 0.218903
15.6866 0.222254
15.6891 0.225642
15.6916 0.229067
15.6941 0.232528
15.6966 0.236026
15.6991 0.239559
15.7016 0.243129
15.7041 0.246733
15.7066 0.250373
15.7091 0.254048
15.7116 0.257757
15.7141 0.261499
15.7166 0.265275
15.7191 0.269084
15.7216 0.272925
15.7241 0.276798
15.7266 0.280702
15.7291 0.284637
15.7316 0.288602
15.7341 0.292595
15.7366 0.296617
15.7391 0.300667
15.7416 0.304744
15.7441 0.308846
15.7466 0.312974
15.7491 0.317126
15.7516 0.3213
15.7541 0.325497
15.7566 0.329715
15.7591 0.333953
15.7616 0.33821
15.7641 0.342485
15.7666 0.346776
15.7691 0.351082
15.7716 0.355402
15.7741 0.359735
15.7766 0.364079
15.7791 0.368432
15.7816 0.372794
15.7841 0.377163
15.7866 0.381536
15.7891 0.385914
15.7916 0.390293
15.7941 0.394672
15.7966 0.39905
15.7991 0.403425
15.8017 0.407795
15.8042 0.412157
15.8067 0.416511
15.8092 0.420855
15.8117 0.425185
15.8142 0.429501
15.8167 0.4338
15.8192 0.43808
15.8217 0.442339
15.8242 0.446575
15.8267 0.450786
15.8292 0.454969
15.8317 0.459123
15.8342 0.463244
15.8367 0.467332
15.8392 0.471382
15.8417 0.475393
15.8442 0.479363
15.8467 0.48329
15.8492 0.487169
15.8517 0.491
15.8542 0.49478
15.8567 0.498507
15.8592 0.502177
15.8617 0.505788
15.8642 0.509338
15.8667 0.512824
15.8692 0.516245
15.8717 0.519596
15.8742 0.522876
15.8767 0.526082
15.8792 0.529212
15.8817 0.532263
15.8842 0.535232
15.8867 0.538118
15.8892 0.540917
15.8917 0.543627
15.8942 0.546246
15.8967 0.548771
15.8992 0.551201
15.9017 0.553531
15.9042 0.555761
15.9067 0.557888
15.9092 0.559909
15.9117 0.561823
15.9142 0.563627
15.9167 0.56532
15.9192 0.566898
15.9217 0.56836
15.9242 0.569705
15.9267 0.57093
15.9292 0.572033
15.9317 0.573012
15.9342 0.573867
15.9367 0.574595
15.9392 0.575195
15.9417 0.575664
15.9442 0.576003
15.9467 0.576209
15.9492 0.576282
15.9517 0.57622
15.9542 0.576022
15.9567 0.575687
15.9592 0.575215
15.9617 0.574604
15.9642 0.573854
15.9667 0.572965
15.9692 0.571935
15.9717 0.570765
15.9742 0.569455
15.9767 0.568004
15.9792 0.566412
15.9817 0.564679
15.9842 0.562807
15.9867 0.560794
15.9892 0.558642
15.9917 0.55635
15.9942 0.55392
15.9967 0.551353
15.9992 0.54865
16.0018 0.54581
16.0043 0.542837
16.0068 0.53973
16.0093 0.536492
16.0118 0.533123
16.0143 0.529627
16.0168 0.526003
16.0193 0.522254
16.0218 0.518383
16.0243 0.514391
16.0268 0.51028
16.0293 0.506053
16.0318 0.501713
16.0343 0.49726
16.0368 0.4927
16.0393 0.488033
16.0418 0.483263
16.0443 0.478393
16.0468 0.473426
16.0493 0.468364
16.0518 0.463212
16.0543 0.457972
16.0568 0.452647
16.0593 0.447242
16.0618 0.441759
16.0643 0.436202
16.0668 0.430575
16.0693 0.424881
16.0718 0.419125
16.0743 0.413308
16.0768 0.407437
16.0793 0.401514
16.0818 0.395543
16.0843 0.389528
16.0868 0.383473
16.0893 0.377382
16.0918 0.371259
16.0943 0.365108
16.0968 0.358933
16.0993 0.352737
16.1018 0.346525
16.1043 0.340301
16.1068 0.334068
16.1093 0.327831
16.1118 0.321593
16.1143 0.315357
16.1168 0.309129
16.1193 0.302912
16.1218 0.296708
16.1243 0.290523
16.1268 0.284359
16.1293 0.27822
16.1318 0.27211
16.1343 0.266031
16.1368 0.259988
16.1393 0.253983
16.1418 0.24802
16.1443 0.242102
16.1468 0.236231
16.1493 0.230411
16.1518 0.224645
16.1543 0.218934
16.1568 0.213283
16.1593 0.207693
16.1618 0.202166
16.1643 0.196706
16.1668 0.191314
16.1693 0.185992
16.1718 0.180743
16.1743 0.175568
16.1768 0.170468
16.1793 0.165447
16.1818 0.160505
16.1843 0.155643
16.1868 0.150864
16.1893 0.146167
16.1918 0.141555
16.1943 0.137028
16.1968 0.132587
16.1993 0.128234
16.2019 0.123967
16.2044 0.119789
16.2069 0.1157
16.2094 0.111699
16.2119 0.107788
16.2144 0.103966
16.2169 0.100233
16.2194 0.096589
16.2219 0.0930344
16.2244 0.0895687
16.2269 0.0861915
16.2294 0.0829024
16.2319 0.0797009
16.2344 0.0765865
16.2369 0.0735583
16.2394 0.0706158
16.2419 0.0677581
16.2444 0.0649844
16.2469 0.0622936
16.2494 0.0596848
16.2519 0.057157
16.2544 0.054709
16.2569 0.0523396
16.2594 0.0500477
16.2619 0.047832
16.2644 0.0456912
16.2669 0.0436239
16.2694 0.0416288
16.2719 0.0397045
16.2744 0.0378496
16.2769 0.0360625
16.2794 0.0343419
16.2819 0.0326861
16.2844 0.0310938
16.2869 0.0295634
16.2894 0.0280933
16.2919 0.0266821
16.2944 0.0253281
16.2969 0.0240298
16.2994 0.0227857
16.3019 0.0215942
16.3044 0.0204538
16.3069 0.0193629
16.3094 0.0183201
16.3119 0.0173238
16.3144 0.0163725
16.3169 0.0154648
16.3194 0.0145992
16.3219 0.0137742
16.3244 0.0129885
16.3269 0.0122406
16.3294 0.0115291
16.3319 0.0108527
16.3344 0.0102101
16.3369 0.0095999
16.3394 0.00902092
16.3419 0.00847188
16.3444 0.00795156
16.3469 0.00745878
16.3494 0.00699236
16.3519 0.0065512
16.3544 0.00613418
16.3569 0.00574024
16.3594 0.00536834
16.3619 0.00501748
16.3644 0.00468669
16.3669 0.00437501
16.3694 0.00408155
16.3719 0.0038054
16.3744 0.00354574
16.3769 0.00330173
16.3794 0.00307258
16.3819 0.00285753
16.3844 0.00265585
16.3869 0.00246683
16.3894 0.0022898
16.3919 0.00212412
16.3944 0.00196915
16.3969 0.00182431
16.3994 0.00168902
16.402 0.00156275
16.4045 0.00144497
16.407 0.00133518
16.4095 0.00123293
16.412 0.00113774
16.4145 0.00104921
16.417 0.000966919
16.4195 0.000890483
16.422 0.000819536
16.4245 0.00075373
16.427 0.000692737
16.4295 0.000636244
16.432 0.000583958
16.4345 0.000535599
16.437 0.000490905
16.4395 0.000449628
16.442 0.000411535
16.4445 0.000376405
16.447 0.000344031
16.4495 0.000314221
16.452 0.000286789
16.4545 0.000261567
16.457 0.000238392
16.4595 0.000217114
16.462 0.000197593
16.4645 0.000179698
16.467 0.000163304
16.4695 0.000148298
16.472 0.000134572
16.4745 0.000122027
16.477 0.000110569
16.4795 0.000100113
16.482 9.0579e-05
16.4845 8.18914e-05
16.487 7.39815e-05
16.4895 6.67853e-05
16.492 6.02436e-05
16.4945 5.43014e-05
16.497 4.89081e-05
16.4995 4.40168e-05
