3.52543 0.00861607
3.58346 0
3.64149 0.0516964
3.69952 0.28433
3.75755 0.413571
3.81558 0.801294
3.87361 1.45612
3.93164 1.63705
3.98967 1.93
4.04771 1.81799
4.10574 1.59397
4.16377 1.28379
4.2218 0.672053
4.27983 0.542812
4.33786 0.361875
4.39589 0.19817
4.45392 0.103393
4.51195 0.0430803
4.56999 0.0603125
4.62802 0.0344643
4.68605 0.0344643
4.74408 0.00861607
4.80211 0
4.86014 0.00861607
4.91817 0.00861607
4.9762 0
5.03423 0.00861607
5.09227 0.00861607
5.1503 0
5.20833 0
5.26636 0.0258482
5.32439 0
5.38242 0.0344643
5.44045 0.00861607
5.49848 0.0430803
5.55651 0.0947768
5.61455 0.163705
5.67258 0.172321
5.73061 0.28433
5.78864 0.318795
5.84667 0.491116
5.9047 0.387723
5.96273 0.594509
6.02076 0.448036
6.07879 0.396339
6.13683 0.206786
6.19486 0.103393
6.25289 0.0258482
6.31092 0.0430803
6.36895 0.0172321
