3.5 4.84368
3.5015 4.77939
3.503 4.71537
3.5045 4.65164
3.506 4.58818
3.5075 4.52501
3.509 4.46212
3.51051 4.3995
3.51201 4.33716
3.51351 4.2751
3.51501 4.21332
3.51651 4.15181
3.51801 4.09058
3.51951 4.02962
3.52101 3.96894
3.52251 3.90853
3.52401 3.84839
3.52551 3.78853
3.52701 3.72894
3.52851 3.66962
3.53002 3.61056
3.53152 3.55178
3.53302 3.49327
3.53452 3.43502
3.53602 3.37705
3.53752 3.31934
3.53902 3.26189
3.54052 3.20472
3.54202 3.1478
3.54352 3.09116
3.54502 3.03477
3.54652 2.97865
3.54802 2.92279
3.54952 2.8672
3.55103 2.81186
3.55253 2.75679
3.55403 2.70198
3.55553 2.64742
3.55703 2.59313
3.55853 2.53909
3.56003 2.48531
3.56153 2.43179
3.56303 2.37852
3.56453 2.32551
3.56603 2.27276
3.56753 2.22025
3.56903 2.16801
3.57054 2.11601
3.57204 2.06427
3.57354 2.01278
3.57504 1.96154
3.57654 1.91056
3.57804 1.85982
3.57954 1.80933
3.58104 1.75909
3.58254 1.7091
3.58404 1.65936
3.58554 1.60986
3.58704 1.56061
3.58854 1.51161
3.59005 1.46285
3.59155 1.41434
3.59305 1.36607
3.59455 1.31804
3.59605 1.27026
3.59755 1.22271
3.59905 1.17541
3.60055 1.12835
3.60205 1.08153
3.60355 1.03495
3.60505 0.988613
3.60655 0.942511
3.60805 0.896646
3.60955 0.851019
3.61106 0.805628
3.61256 0.760473
3.61406 0.715554
3.61556 0.670869
3.61706 0.626419
3.61856 0.582202
3.62006 0.538219
3.62156 0.494467
3.62306 0.450948
3.62456 0.407659
3.62606 0.364601
3.62756 0.321774
3.62906 0.279175
3.63057 0.236805
3.63207 0.194664
3.63357 0.15275
3.63507 0.111063
3.63657 0.0696028
3.63807 0.0283681
3.63957 -0.0126413
3.64107 -0.0534261
3.64257 -0.0939869
3.64407 -0.134324
3.64557 -0.174439
3.64707 -0.214331
3.64857 -0.254002
3.65008 -0.293451
3.65158 -0.33268
3.65308 -0.371689
3.65458 -0.410479
3.65608 -0.44905
3.65758 -0.487403
3.65908 -0.525538
3.66058 -0.563457
3.66208 -0.601159
3.66358 -0.638645
3.66508 -0.675916
3.66658 -0.712972
3.66808 -0.749815
3.66958 -0.786443
3.67109 -0.822859
3.67259 -0.859063
3.67409 -0.895055
3.67559 -0.930836
3.67709 -0.966406
3.67859 -1.00177
3.68009 -1.03692
3.68159 -1.07186
3.68309 -1.10659
3.68459 -1.14112
3.68609 -1.17544
3.68759 -1.20955
3.68909 -1.24345
3.6906 -1.27716
3.6921 -1.31065
3.6936 -1.34394
3.6951 -1.37703
3.6966 -1.40992
3.6981 -1.4426
3.6996 -1.47508
3.7011 -1.50736
3.7026 -1.53944
3.7041 -1.57131
3.7056 -1.60299
3.7071 -1.63447
3.7086 -1.66575
3.71011 -1.69683
3.71161 -1.72772
3.71311 -1.7584
3.71461 -1.7889
3.71611 -1.81919
3.71761 -1.84929
3.71911 -1.8792
3.72061 -1.90891
3.72211 -1.93843
3.72361 -1.96775
3.72511 -1.99688
3.72661 -2.02582
3.72811 -2.05457
3.72961 -2.08313
3.73112 -2.1115
3.73262 -2.13968
3.73412 -2.16767
3.73562 -2.19547
3.73712 -2.22308
3.73862 -2.25051
3.74012 -2.27775
3.74162 -2.3048
3.74312 -2.33166
3.74462 -2.35835
3.74612 -2.38484
3.74762 -2.41115
3.74912 -2.43728
3.75063 -2.46323
3.75213 -2.48899
3.75363 -2.51457
3.75513 -2.53997
3.75663 -2.56519
3.75813 -2.59023
3.75963 -2.61509
3.76113 -2.63977
3.76263 -2.66427
3.76413 -2.68859
3.76563 -2.71273
3.76713 -2.7367
3.76863 -2.76049
3.77014 -2.78411
3.77164 -2.80754
3.77314 -2.83081
3.77464 -2.8539
3.77614 -2.87681
3.77764 -2.89956
3.77914 -2.92213
3.78064 -2.94452
3.78214 -2.96675
3.78364 -2.9888
3.78514 -3.01069
3.78664 -3.0324
3.78814 -3.05394
3.78964 -3.07532
3.79115 -3.09652
3.79265 -3.11756
3.79415 -3.13843
3.79565 -3.15914
3.79715 -3.17967
3.79865 -3.20004
3.80015 -3.22025
3.80165 -3.24029
3.80315 -3.26016
3.80465 -3.27988
3.80615 -3.29943
3.80765 -3.31881
3.80915 -3.33803
3.81066 -3.3571
3.81216 -3.376
3.81366 -3.39474
3.81516 -3.41332
3.81666 -3.43174
3.81816 -3.45
3.81966 -3.4681
3.82116 -3.48604
3.82266 -3.50383
3.82416 -3.52146
3.82566 -3.53893
3.82716 -3.55625
3.82866 -3.57341
3.83017 -3.59041
3.83167 -3.60726
3.83317 -3.62396
3.83467 -3.6405
3.83617 -3.65689
3.83767 -3.67313
3.83917 -3.68921
3.84067 -3.70515
3.84217 -3.72093
3.84367 -3.73656
3.84517 -3.75204
3.84667 -3.76738
3.84817 -3.78256
3.84967 -3.7976
3.85118 -3.81248
3.85268 -3.82722
3.85418 -3.84181
3.85568 -3.85626
3.85718 -3.87056
3.85868 -3.88471
3.86018 -3.89872
3.86168 -3.91259
3.86318 -3.92631
3.86468 -3.93989
3.86618 -3.95332
3.86768 -3.96661
3.86918 -3.97976
3.87069 -3.99277
3.87219 -4.00564
3.87369 -4.01836
3.87519 -4.03095
3.87669 -4.0434
3.87819 -4.0557
3.87969 -4.06787
3.88119 -4.0799
3.88269 -4.0918
3.88419 -4.10355
3.88569 -4.11517
3.88719 -4.12665
3.88869 -4.138
3.8902 -4.14921
3.8917 -4.16029
3.8932 -4.17124
3.8947 -4.18204
3.8962 -4.19272
3.8977 -4.20326
3.8992 -4.21367
3.9007 -4.22395
3.9022 -4.2341
3.9037 -4.24412
3.9052 -4.25401
3.9067 -4.26376
3.9082 -4.27339
3.9097 -4.28289
3.91121 -4.29226
3.91271 -4.3015
3.91421 -4.31061
3.91571 -4.3196
3.91721 -4.32846
3.91871 -4.33719
3.92021 -4.3458
3.92171 -4.35429
3.92321 -4.36265
3.92471 -4.37088
3.92621 -4.37899
3.92771 -4.38698
3.92921 -4.39484
3.93072 -4.40258
3.93222 -4.4102
3.93372 -4.4177
3.93522 -4.42508
3.93672 -4.43234
3.93822 -4.43948
3.93972 -4.44649
3.94122 -4.45339
3.94272 -4.46017
3.94422 -4.46683
3.94572 -4.47338
3.94722 -4.4798
3.94872 -4.48611
3.95023 -4.49231
3.95173 -4.49838
3.95323 -4.50435
3.95473 -4.51019
3.95623 -4.51593
3.95773 -4.52154
3.95923 -4.52705
3.96073 -4.53244
3.96223 -4.53772
3.96373 -4.54289
3.96523 -4.54794
3.96673 -4.55289
3.96823 -4.55772
3.96973 -4.56244
3.97124 -4.56705
3.97274 -4.57155
3.97424 -4.57595
3.97574 -4.58023
3.97724 -4.58441
3.97874 -4.58848
3.98024 -4.59244
3.98174 -4.59629
3.98324 -4.60004
3.98474 -4.60368
3.98624 -4.60722
3.98774 -4.61065
3.98924 -4.61398
3.99075 -4.6172
3.99225 -4.62032
3.99375 -4.62333
3.99525 -4.62625
3.99675 -4.62906
3.99825 -4.63176
3.99975 -4.63437
4.00125 -4.63688
4.00275 -4.63928
4.00425 -4.64158
4.00575 -4.64379
4.00725 -4.64589
4.00875 -4.6479
4.01026 -4.64981
4.01176 -4.65162
4.01326 -4.65333
4.01476 -4.65494
4.01626 -4.65646
4.01776 -4.65788
4.01926 -4.6592
4.02076 -4.66043
4.02226 -4.66157
4.02376 -4.66261
4.02526 -4.66355
4.02676 -4.6644
4.02826 -4.66516
4.02976 -4.66583
4.03127 -4.6664
4.03277 -4.66688
4.03427 -4.66727
4.03577 -4.66756
4.03727 -4.66777
4.03877 -4.66789
4.04027 -4.66791
4.04177 -4.66785
4.04327 -4.66769
4.04477 -4.66745
4.04627 -4.66712
4.04777 -4.6667
4.04927 -4.6662
4.05078 -4.6656
4.05228 -4.66493
4.05378 -4.66416
4.05528 -4.66331
4.05678 -4.66237
4.05828 -4.66135
4.05978 -4.66024
4.06128 -4.65905
4.06278 -4.65777
4.06428 -4.65641
4.06578 -4.65497
4.06728 -4.65345
4.06878 -4.65184
4.07029 -4.65015
4.07179 -4.64838
4.07329 -4.64653
4.07479 -4.6446
4.07629 -4.64259
4.07779 -4.6405
4.07929 -4.63833
4.08079 -4.63608
4.08229 -4.63375
4.08379 -4.63134
4.08529 -4.62886
4.08679 -4.6263
4.08829 -4.62366
4.08979 -4.62094
4.0913 -4.61815
4.0928 -4.61529
4.0943 -4.61234
4.0958 -4.60933
4.0973 -4.60623
4.0988 -4.60307
4.1003 -4.59983
4.1018 -4.59651
4.1033 -4.59313
4.1048 -4.58967
4.1063 -4.58613
4.1078 -4.58253
4.1093 -4.57886
4.11081 -4.57511
4.11231 -4.57129
4.11381 -4.56741
4.11531 -4.56345
4.11681 -4.55942
4.11831 -4.55533
4.11981 -4.55116
4.12131 -4.54693
4.12281 -4.54263
4.12431 -4.53826
4.12581 -4.53382
4.12731 -4.52932
4.12881 -4.52475
4.13032 -4.52012
4.13182 -4.51542
4.13332 -4.51065
4.13482 -4.50582
4.13632 -4.50092
4.13782 -4.49596
4.13932 -4.49094
4.14082 -4.48585
4.14232 -4.4807
4.14382 -4.47549
4.14532 -4.47021
4.14682 -4.46488
4.14832 -4.45948
4.14982 -4.45402
4.15133 -4.4485
4.15283 -4.44292
4.15433 -4.43727
4.15583 -4.43157
4.15733 -4.42581
4.15883 -4.41999
4.16033 -4.41411
4.16183 -4.40818
4.16333 -4.40218
4.16483 -4.39613
4.16633 -4.39002
4.16783 -4.38386
4.16933 -4.37763
4.17084 -4.37135
4.17234 -4.36502
4.17384 -4.35863
4.17534 -4.35219
4.17684 -4.34569
4.17834 -4.33913
4.17984 -4.33253
4.18134 -4.32586
4.18284 -4.31915
4.18434 -4.31238
4.18584 -4.30556
4.18734 -4.29869
4.18884 -4.29177
4.19035 -4.28479
4.19185 -4.27777
4.19335 -4.27069
4.19485 -4.26356
4.19635 -4.25639
4.19785 -4.24916
4.19935 -4.24188
4.20085 -4.23456
4.20235 -4.22718
4.20385 -4.21976
4.20535 -4.21229
4.20685 -4.20477
4.20835 -4.19721
4.20985 -4.1896
4.21136 -4.18194
4.21286 -4.17424
4.21436 -4.16648
4.21586 -4.15869
4.21736 -4.15085
4.21886 -4.14296
4.22036 -4.13503
4.22186 -4.12706
4.22336 -4.11904
4.22486 -4.11098
4.22636 -4.10287
4.22786 -4.09472
4.22936 -4.08653
4.23087 -4.0783
4.23237 -4.07003
4.23387 -4.06171
4.23537 -4.05336
4.23687 -4.04496
4.23837 -4.03652
4.23987 -4.02804
4.24137 -4.01952
4.24287 -4.01097
4.24437 -4.00237
4.24587 -3.99373
4.24737 -3.98506
4.24887 -3.97635
4.25038 -3.9676
4.25188 -3.95881
4.25338 -3.94999
4.25488 -3.94113
4.25638 -3.93223
4.25788 -3.92329
4.25938 -3.91432
4.26088 -3.90532
4.26238 -3.89628
4.26388 -3.8872
4.26538 -3.87809
4.26688 -3.86895
4.26838 -3.85977
4.26988 -3.85056
4.27139 -3.84131
4.27289 -3.83204
4.27439 -3.82273
4.27589 -3.81338
4.27739 -3.80401
4.27889 -3.7946
4.28039 -3.78516
4.28189 -3.77569
4.28339 -3.76619
4.28489 -3.75666
4.28639 -3.7471
4.28789 -3.73751
4.28939 -3.72789
4.2909 -3.71824
4.2924 -3.70856
4.2939 -3.69886
4.2954 -3.68912
4.2969 -3.67936
4.2984 -3.66957
4.2999 -3.65975
4.3014 -3.6499
4.3029 -3.64003
4.3044 -3.63013
4.3059 -3.62021
4.3074 -3.61026
4.3089 -3.60028
4.31041 -3.59028
4.31191 -3.58025
4.31341 -3.5702
4.31491 -3.56013
4.31641 -3.55003
4.31791 -3.53991
4.31941 -3.52976
4.32091 -3.51959
4.32241 -3.5094
4.32391 -3.49918
4.32541 -3.48895
4.32691 -3.47869
4.32841 -3.46841
4.32991 -3.4581
4.33142 -3.44778
4.33292 -3.43744
4.33442 -3.42707
4.33592 -3.41669
4.33742 -3.40628
4.33892 -3.39586
4.34042 -3.38541
4.34192 -3.37495
4.34342 -3.36447
4.34492 -3.35397
4.34642 -3.34345
4.34792 -3.33291
4.34942 -3.32236
4.35093 -3.31179
4.35243 -3.3012
4.35393 -3.29059
4.35543 -3.27997
4.35693 -3.26933
4.35843 -3.25868
4.35993 -3.24801
4.36143 -3.23733
4.36293 -3.22663
4.36443 -3.21591
4.36593 -3.20518
4.36743 -3.19444
4.36893 -3.18368
4.37044 -3.17291
4.37194 -3.16212
4.37344 -3.15133
4.37494 -3.14051
4.37644 -3.12969
4.37794 -3.11886
4.37944 -3.10801
4.38094 -3.09715
4.38244 -3.08628
4.38394 -3.07539
4.38544 -3.0645
4.38694 -3.0536
4.38844 -3.04268
4.38994 -3.03176
4.39145 -3.02082
4.39295 -3.00988
4.39445 -2.99892
4.39595 -2.98796
4.39745 -2.97699
4.39895 -2.96601
4.40045 -2.95502
4.40195 -2.94402
4.40345 -2.93301
4.40495 -2.922
4.40645 -2.91098
4.40795 -2.89996
4.40945 -2.88892
4.41096 -2.87788
4.41246 -2.86684
4.41396 -2.85578
4.41546 -2.84472
4.41696 -2.83366
4.41846 -2.82259
4.41996 -2.81152
4.42146 -2.80044
4.42296 -2.78936
4.42446 -2.77827
4.42596 -2.76718
4.42746 -2.75608
4.42896 -2.74498
4.43047 -2.73388
4.43197 -2.72277
4.43347 -2.71167
4.43497 -2.70056
4.43647 -2.68944
4.43797 -2.67833
4.43947 -2.66721
4.44097 -2.6561
4.44247 -2.64498
4.44397 -2.63386
4.44547 -2.62274
4.44697 -2.61161
4.44847 -2.60049
4.44997 -2.58937
4.45148 -2.57825
4.45298 -2.56713
4.45448 -2.55601
4.45598 -2.54489
4.45748 -2.53377
4.45898 -2.52265
4.46048 -2.51154
4.46198 -2.50042
4.46348 -2.48931
4.46498 -2.4782
4.46648 -2.46709
4.46798 -2.45599
4.46948 -2.44489
4.47099 -2.43379
4.47249 -2.4227
4.47399 -2.41161
4.47549 -2.40052
4.47699 -2.38944
4.47849 -2.37836
4.47999 -2.36728
4.48149 -2.35622
4.48299 -2.34515
4.48449 -2.33409
4.48599 -2.32304
4.48749 -2.31199
4.48899 -2.30095
4.4905 -2.28992
4.492 -2.27889
4.4935 -2.26787
4.495 -2.25685
4.4965 -2.24584
4.498 -2.23484
4.4995 -2.22385
4.501 -2.21286
4.5025 -2.20189
4.504 -2.19092
4.5055 -2.17996
4.507 -2.169
4.5085 -2.15806
4.51001 -2.14712
4.51151 -2.1362
4.51301 -2.12528
4.51451 -2.11438
4.51601 -2.10348
4.51751 -2.09259
4.51901 -2.08172
4.52051 -2.07085
4.52201 -2.06
4.52351 -2.04915
4.52501 -2.03832
4.52651 -2.0275
4.52801 -2.01669
4.52951 -2.00589
4.53102 -1.99511
4.53252 -1.98433
4.53402 -1.97357
4.53552 -1.96282
4.53702 -1.95209
4.53852 -1.94136
4.54002 -1.93065
4.54152 -1.91996
4.54302 -1.90927
4.54452 -1.8986
4.54602 -1.88795
4.54752 -1.87731
4.54902 -1.86668
4.55053 -1.85607
4.55203 -1.84547
4.55353 -1.83489
4.55503 -1.82432
4.55653 -1.81377
4.55803 -1.80323
4.55953 -1.79271
4.56103 -1.78221
4.56253 -1.77172
4.56403 -1.76125
4.56553 -1.75079
4.56703 -1.74035
4.56853 -1.72993
4.57004 -1.71952
4.57154 -1.70913
4.57304 -1.69876
4.57454 -1.68841
4.57604 -1.67808
4.57754 -1.66776
4.57904 -1.65746
4.58054 -1.64718
4.58204 -1.63692
4.58354 -1.62667
4.58504 -1.61645
4.58654 -1.60625
4.58804 -1.59606
4.58954 -1.58589
4.59105 -1.57575
4.59255 -1.56562
4.59405 -1.55551
4.59555 -1.54543
4.59705 -1.53536
4.59855 -1.52531
4.60005 -1.51529
4.60155 -1.50528
4.60305 -1.4953
4.60455 -1.48534
4.60605 -1.4754
4.60755 -1.46548
4.60905 -1.45558
4.61056 -1.44571
4.61206 -1.43585
4.61356 -1.42602
4.61506 -1.41621
4.61656 -1.40643
4.61806 -1.39666
4.61956 -1.38692
4.62106 -1.3772
4.62256 -1.36751
4.62406 -1.35784
4.62556 -1.34819
4.62706 -1.33857
4.62856 -1.32897
4.63007 -1.31939
4.63157 -1.30984
4.63307 -1.30032
4.63457 -1.29081
4.63607 -1.28134
4.63757 -1.27188
4.63907 -1.26246
4.64057 -1.25305
4.64207 -1.24368
4.64357 -1.23432
4.64507 -1.225
4.64657 -1.2157
4.64807 -1.20642
4.64957 -1.19718
4.65108 -1.18795
4.65258 -1.17876
4.65408 -1.16959
4.65558 -1.16045
4.65708 -1.15133
4.65858 -1.14224
4.66008 -1.13318
4.66158 -1.12415
4.66308 -1.11514
4.66458 -1.10616
4.66608 -1.09721
4.66758 -1.08829
4.66908 -1.0794
4.67059 -1.07053
4.67209 -1.06169
4.67359 -1.05288
4.67509 -1.0441
4.67659 -1.03535
4.67809 -1.02662
4.67959 -1.01793
4.68109 -1.00926
4.68259 -1.00063
4.68409 -0.992022
4.68559 -0.983445
4.68709 -0.974898
4.68859 -0.966381
4.6901 -0.957894
4.6916 -0.949437
4.6931 -0.94101
4.6946 -0.932613
4.6961 -0.924248
4.6976 -0.915913
4.6991 -0.907608
4.7006 -0.899335
4.7021 -0.891093
4.7036 -0.882882
4.7051 -0.874702
4.7066 -0.866554
4.7081 -0.858437
4.7096 -0.850352
4.71111 -0.842299
4.71261 -0.834278
4.71411 -0.826289
4.71561 -0.818333
4.71711 -0.810408
4.71861 -0.802517
4.72011 -0.794657
4.72161 -0.786831
4.72311 -0.779037
4.72461 -0.771276
4.72611 -0.763549
4.72761 -0.755854
4.72911 -0.748193
4.73062 -0.740566
4.73212 -0.732972
4.73362 -0.725411
4.73512 -0.717885
4.73662 -0.710392
4.73812 -0.702933
4.73962 -0.695509
4.74112 -0.688118
4.74262 -0.680763
4.74412 -0.673441
4.74562 -0.666154
4.74712 -0.658902
4.74862 -0.651685
4.75013 -0.644503
4.75163 -0.637355
4.75313 -0.630243
4.75463 -0.623166
4.75613 -0.616124
4.75763 -0.609118
4.75913 -0.602148
4.76063 -0.595213
4.76213 -0.588314
4.76363 -0.581451
4.76513 -0.574623
4.76663 -0.567832
4.76813 -0.561077
4.76963 -0.554359
4.77114 -0.547676
4.77264 -0.541031
4.77414 -0.534422
4.77564 -0.527849
4.77714 -0.521313
4.77864 -0.514815
4.78014 -0.508353
4.78164 -0.501928
4.78314 -0.495541
4.78464 -0.48919
4.78614 -0.482877
4.78764 -0.476602
4.78914 -0.470364
4.79065 -0.464164
4.79215 -0.458001
4.79365 -0.451877
4.79515 -0.44579
4.79665 -0.439741
4.79815 -0.433731
4.79965 -0.427758
4.80115 -0.421824
4.80265 -0.415928
4.80415 -0.410071
4.80565 -0.404252
4.80715 -0.398472
4.80865 -0.39273
4.81016 -0.387027
4.81166 -0.381363
4.81316 -0.375738
4.81466 -0.370152
4.81616 -0.364606
4.81766 -0.359098
4.81916 -0.35363
4.82066 -0.348201
4.82216 -0.342811
4.82366 -0.337461
4.82516 -0.332151
4.82666 -0.32688
4.82816 -0.321649
4.82966 -0.316457
4.83117 -0.311306
4.83267 -0.306195
4.83417 -0.301123
4.83567 -0.296092
4.83717 -0.291101
4.83867 -0.28615
4.84017 -0.28124
4.84167 -0.27637
4.84317 -0.27154
4.84467 -0.266751
4.84617 -0.262002
4.84767 -0.257294
4.84917 -0.252627
4.85068 -0.248001
4.85218 -0.243415
4.85368 -0.238871
4.85518 -0.234367
4.85668 -0.229905
4.85818 -0.225483
4.85968 -0.221103
4.86118 -0.216764
4.86268 -0.212467
4.86418 -0.20821
4.86568 -0.203995
4.86718 -0.199822
4.86868 -0.19569
4.87019 -0.1916
4.87169 -0.187551
4.87319 -0.183544
4.87469 -0.179579
4.87619 -0.175656
4.87769 -0.171774
4.87919 -0.167935
4.88069 -0.164137
4.88219 -0.160382
4.88369 -0.156668
4.88519 -0.152997
4.88669 -0.149368
4.88819 -0.145781
4.88969 -0.142237
4.8912 -0.138734
4.8927 -0.135275
4.8942 -0.131857
4.8957 -0.128482
4.8972 -0.12515
4.8987 -0.12186
4.9002 -0.118613
4.9017 -0.115408
4.9032 -0.112246
4.9047 -0.109127
4.9062 -0.106051
4.9077 -0.103017
4.9092 -0.100026
4.91071 -0.0970785
4.91221 -0.0941736
4.91371 -0.0913118
4.91521 -0.0884929
4.91671 -0.0857171
4.91821 -0.0829844
4.91971 -0.0802948
4.92121 -0.0776484
4.92271 -0.0750452
4.92421 -0.0724852
4.92571 -0.0699685
4.92721 -0.0674951
4.92871 -0.065065
4.93022 -0.0626783
4.93172 -0.060335
4.93322 -0.0580351
4.93472 -0.0557786
4.93622 -0.0535656
4.93772 -0.0513962
4.93922 -0.0492703
4.94072 -0.0471879
4.94222 -0.0451491
4.94372 -0.043154
4.94522 -0.0412025
4.94672 -0.0392946
4.94822 -0.0374304
4.94972 -0.03561
4.95123 -0.0338333
4.95273 -0.0321003
4.95423 -0.0304111
4.95573 -0.0287657
4.95723 -0.0271641
4.95873 -0.0256064
4.96023 -0.0240925
4.96173 -0.0226225
4.96323 -0.0211964
4.96473 -0.0198141
4.96623 -0.0184758
4.96773 -0.0171815
4.96923 -0.015931
4.97074 -0.0147246
4.97224 -0.0135621
4.97374 -0.0124436
4.97524 -0.0113691
4.97674 -0.0103386
4.97824 -0.00935213
4.97974 -0.0084097
4.98124 -0.0075113
4.98274 -0.00665696
4.98424 -0.00584667
4.98574 -0.00508045
4.98724 -0.00435829
4.98874 -0.00368022
4.99025 -0.00304622
4.99175 -0.00245631
4.99325 -0.00191049
4.99475 -0.00140877
4.99625 -0.00095114
4.99775 -0.000537609
4.99925 -0.000168178
5.00075 0.000157153
5.00225 0.000438384
5.00375 0.000675516
5.00525 0.00086855
5.00675 0.00101749
5.00825 0.00112233
5.00975 0.00118309
5.01126 0.00119975
5.01276 0.00117234
5.01426 0.00110085
5.01576 0.000985287
5.01726 0.000825661
5.01876 0.000621979
5.02026 0.000374248
5.02176 8.24757e-05
5.02326 -0.000253327
5.02476 -0.000633152
5.02626 -0.00105699
5.02776 -0.00152482
5.02926 -0.00203665
5.03077 -0.00259245
5.03227 -0.00319221
5.03377 -0.00383592
5.03527 -0.00452357
5.03677 -0.00525513
5.03827 -0.0060306
5.03977 -0.00684996
5.04127 -0.00771319
5.04277 -0.00862027
5.04427 -0.00957118
5.04577 -0.0105659
5.04727 -0.0116044
5.04877 -0.0126867
5.05028 -0.0138128
5.05178 -0.0149826
5.05328 -0.0161961
5.05478 -0.0174533
5.05628 -0.0187541
5.05778 -0.0200986
5.05928 -0.0214867
5.06078 -0.0229184
5.06228 -0.0243937
5.06378 -0.0259125
5.06528 -0.0274748
5.06678 -0.0290806
5.06828 -0.0307298
5.06978 -0.0324225
5.07129 -0.0341586
5.07279 -0.035938
5.07429 -0.0377607
5.07579 -0.0396268
5.07729 -0.0415361
5.07879 -0.0434887
5.08029 -0.0454844
5.08179 -0.0475233
5.08329 -0.0496054
5.08479 -0.0517305
5.08629 -0.0538987
5.08779 -0.0561099
5.08929 -0.0583641
5.0908 -0.0606612
5.0923 -0.0630012
5.0938 -0.0653841
5.0953 -0.0678099
5.0968 -0.0702784
5.0983 -0.0727896
5.0998 -0.0753436
5.1013 -0.0779402
5.1028 -0.0805794
5.1043 -0.0832611
5.1058 -0.0859854
5.1073 -0.0887522
5.1088 -0.0915614
5.11031 -0.094413
5.11181 -0.0973069
5.11331 -0.100243
5.11481 -0.103221
5.11631 -0.106242
5.11781 -0.109305
5.11931 -0.11241
5.12081 -0.115557
5.12231 -0.118745
5.12381 -0.121976
5.12531 -0.125249
5.12681 -0.128563
5.12831 -0.13192
5.12981 -0.135318
5.13132 -0.138757
5.13282 -0.142238
5.13432 -0.145761
5.13582 -0.149325
5.13732 -0.152931
5.13882 -0.156578
5.14032 -0.160266
5.14182 -0.163996
5.14332 -0.167766
5.14482 -0.171578
5.14632 -0.175431
5.14782 -0.179325
5.14932 -0.18326
5.15083 -0.187236
5.15233 -0.191252
5.15383 -0.195309
5.15533 -0.199407
5.15683 -0.203546
5.15833 -0.207725
5.15983 -0.211944
5.16133 -0.216204
5.16283 -0.220504
5.16433 -0.224845
5.16583 -0.229225
5.16733 -0.233646
5.16883 -0.238107
5.17034 -0.242607
5.17184 -0.247148
5.17334 -0.251728
5.17484 -0.256348
5.17634 -0.261008
5.17784 -0.265708
5.17934 -0.270447
5.18084 -0.275225
5.18234 -0.280043
5.18384 -0.284899
5.18534 -0.289796
5.18684 -0.294731
5.18834 -0.299705
5.18984 -0.304718
5.19135 -0.30977
5.19285 -0.314861
5.19435 -0.319991
5.19585 -0.325159
5.19735 -0.330366
5.19885 -0.335611
5.20035 -0.340895
5.20185 -0.346216
5.20335 -0.351576
5.20485 -0.356975
5.20635 -0.362411
5.20785 -0.367885
5.20935 -0.373396
5.21086 -0.378946
5.21236 -0.384533
5.21386 -0.390158
5.21536 -0.39582
5.21686 -0.40152
5.21836 -0.407257
5.21986 -0.413031
5.22136 -0.418842
5.22286 -0.42469
5.22436 -0.430575
5.22586 -0.436497
5.22736 -0.442455
5.22886 -0.44845
5.23037 -0.454482
5.23187 -0.46055
5.23337 -0.466654
5.23487 -0.472795
5.23637 -0.478971
5.23787 -0.485184
5.23937 -0.491432
5.24087 -0.497716
5.24237 -0.504036
5.24387 -0.510392
5.24537 -0.516783
5.24687 -0.523209
5.24837 -0.529671
5.24987 -0.536167
5.25138 -0.542699
5.25288 -0.549266
5.25438 -0.555867
5.25588 -0.562503
5.25738 -0.569174
5.25888 -0.575879
5.26038 -0.582619
5.26188 -0.589393
5.26338 -0.596201
5.26488 -0.603043
5.26638 -0.609919
5.26788 -0.616828
5.26938 -0.623772
5.27089 -0.630749
5.27239 -0.637759
5.27389 -0.644803
5.27539 -0.65188
5.27689 -0.65899
5.27839 -0.666133
5.27989 -0.673309
5.28139 -0.680517
5.28289 -0.687759
5.28439 -0.695032
5.28589 -0.702338
5.28739 -0.709676
5.28889 -0.717047
5.2904 -0.724449
5.2919 -0.731883
5.2934 -0.739349
5.2949 -0.746847
5.2964 -0.754376
5.2979 -0.761936
5.2994 -0.769528
5.3009 -0.77715
5.3024 -0.784804
5.3039 -0.792489
5.3054 -0.800204
5.3069 -0.807949
5.3084 -0.815725
5.3099 -0.823532
5.31141 -0.831368
5.31291 -0.839235
5.31441 -0.847131
5.31591 -0.855058
5.31741 -0.863013
5.31891 -0.870999
5.32041 -0.879013
5.32191 -0.887057
5.32341 -0.89513
5.32491 -0.903232
5.32641 -0.911362
5.32791 -0.919522
5.32941 -0.927709
5.33092 -0.935925
5.33242 -0.944169
5.33392 -0.952442
5.33542 -0.960742
5.33692 -0.96907
5.33842 -0.977425
5.33992 -0.985808
5.34142 -0.994219
5.34292 -1.00266
5.34442 -1.01112
5.34592 -1.01961
5.34742 -1.02813
5.34892 -1.03668
5.35043 -1.04525
5.35193 -1.05384
5.35343 -1.06247
5.35493 -1.07112
5.35643 -1.07979
5.35793 -1.08849
5.35943 -1.09722
5.36093 -1.10597
5.36243 -1.11475
5.36393 -1.12355
5.36543 -1.13238
5.36693 -1.14123
5.36843 -1.15011
5.36993 -1.15901
5.37144 -1.16793
5.37294 -1.17688
5.37444 -1.18585
5.37594 -1.19485
5.37744 -1.20387
5.37894 -1.21291
5.38044 -1.22198
5.38194 -1.23107
5.38344 -1.24018
5.38494 -1.24932
5.38644 -1.25848
5.38794 -1.26766
5.38944 -1.27686
5.39095 -1.28608
5.39245 -1.29533
5.39395 -1.3046
5.39545 -1.31389
5.39695 -1.3232
5.39845 -1.33253
5.39995 -1.34189
5.40145 -1.35126
5.40295 -1.36066
5.40445 -1.37007
5.40595 -1.37951
5.40745 -1.38896
5.40895 -1.39844
5.41046 -1.40794
5.41196 -1.41745
5.41346 -1.42699
5.41496 -1.43654
5.41646 -1.44612
5.41796 -1.45571
5.41946 -1.46532
5.42096 -1.47495
5.42246 -1.4846
5.42396 -1.49426
5.42546 -1.50395
5.42696 -1.51365
5.42846 -1.52337
5.42996 -1.53311
5.43147 -1.54286
5.43297 -1.55263
5.43447 -1.56242
5.43597 -1.57223
5.43747 -1.58205
5.43897 -1.59189
5.44047 -1.60174
5.44197 -1.61161
5.44347 -1.6215
5.44497 -1.6314
5.44647 -1.64132
5.44797 -1.65125
5.44947 -1.66119
5.45098 -1.67116
5.45248 -1.68113
5.45398 -1.69112
5.45548 -1.70113
5.45698 -1.71115
5.45848 -1.72118
5.45998 -1.73122
5.46148 -1.74128
5.46298 -1.75136
5.46448 -1.76144
5.46598 -1.77154
5.46748 -1.78165
5.46898 -1.79177
5.47049 -1.80191
5.47199 -1.81206
5.47349 -1.82222
5.47499 -1.83239
5.47649 -1.84257
5.47799 -1.85276
5.47949 -1.86297
5.48099 -1.87318
5.48249 -1.88341
5.48399 -1.89364
5.48549 -1.90389
5.48699 -1.91414
5.48849 -1.92441
5.48999 -1.93468
5.4915 -1.94497
5.493 -1.95526
5.4945 -1.96556
5.496 -1.97587
5.4975 -1.98619
5.499 -1.99652
5.5005 -2.00685
5.502 -2.0172
5.5035 -2.02755
5.505 -2.0379
5.5065 -2.04827
5.508 -2.05864
5.5095 -2.06902
5.51101 -2.0794
5.51251 -2.08979
5.51401 -2.10019
5.51551 -2.11059
5.51701 -2.121
5.51851 -2.13141
5.52001 -2.14183
5.52151 -2.15225
5.52301 -2.16268
5.52451 -2.17311
5.52601 -2.18355
5.52751 -2.19399
5.52901 -2.20443
5.53052 -2.21488
5.53202 -2.22533
5.53352 -2.23578
5.53502 -2.24624
5.53652 -2.2567
5.53802 -2.26716
5.53952 -2.27762
5.54102 -2.28809
5.54252 -2.29855
5.54402 -2.30902
5.54552 -2.31949
5.54702 -2.32996
5.54852 -2.34043
5.55003 -2.3509
5.55153 -2.36137
5.55303 -2.37184
5.55453 -2.38232
5.55603 -2.39279
5.55753 -2.40326
5.55903 -2.41372
5.56053 -2.42419
5.56203 -2.43466
5.56353 -2.44512
5.56503 -2.45558
5.56653 -2.46604
5.56803 -2.4765
5.56953 -2.48695
5.57104 -2.4974
5.57254 -2.50785
5.57404 -2.5183
5.57554 -2.52874
5.57704 -2.53918
5.57854 -2.54961
5.58004 -2.56004
5.58154 -2.57046
5.58304 -2.58088
5.58454 -2.59129
5.58604 -2.6017
5.58754 -2.6121
5.58904 -2.6225
5.59055 -2.63289
5.59205 -2.64327
5.59355 -2.65365
5.59505 -2.66401
5.59655 -2.67438
5.59805 -2.68473
5.59955 -2.69508
5.60105 -2.70542
5.60255 -2.71575
5.60405 -2.72607
5.60555 -2.73638
5.60705 -2.74668
5.60855 -2.75698
5.61006 -2.76726
5.61156 -2.77754
5.61306 -2.7878
5.61456 -2.79805
5.61606 -2.8083
5.61756 -2.81853
5.61906 -2.82875
5.62056 -2.83896
5.62206 -2.84916
5.62356 -2.85934
5.62506 -2.86951
5.62656 -2.87967
5.62806 -2.88982
5.62956 -2.89996
5.63107 -2.91008
5.63257 -2.92018
5.63407 -2.93028
5.63557 -2.94036
5.63707 -2.95042
5.63857 -2.96047
5.64007 -2.9705
5.64157 -2.98052
5.64307 -2.99052
5.64457 -3.00051
5.64607 -3.01048
5.64757 -3.02044
5.64907 -3.03038
5.65058 -3.0403
5.65208 -3.0502
5.65358 -3.06009
5.65508 -3.06995
5.65658 -3.0798
5.65808 -3.08963
5.65958 -3.09945
5.66108 -3.10924
5.66258 -3.11901
5.66408 -3.12877
5.66558 -3.1385
5.66708 -3.14822
5.66858 -3.15791
5.67009 -3.16758
5.67159 -3.17723
5.67309 -3.18686
5.67459 -3.19647
5.67609 -3.20606
5.67759 -3.21562
5.67909 -3.22517
5.68059 -3.23468
5.68209 -3.24418
5.68359 -3.25365
5.68509 -3.2631
5.68659 -3.27253
5.68809 -3.28193
5.68959 -3.2913
5.6911 -3.30065
5.6926 -3.30998
5.6941 -3.31928
5.6956 -3.32855
5.6971 -3.3378
5.6986 -3.34702
5.7001 -3.35621
5.7016 -3.36538
5.7031 -3.37452
5.7046 -3.38363
5.7061 -3.39272
5.7076 -3.40178
5.7091 -3.4108
5.71061 -3.4198
5.71211 -3.42877
5.71361 -3.43771
5.71511 -3.44662
5.71661 -3.4555
5.71811 -3.46435
5.71961 -3.47317
5.72111 -3.48196
5.72261 -3.49071
5.72411 -3.49944
5.72561 -3.50813
5.72711 -3.51679
5.72861 -3.52542
5.73012 -3.53401
5.73162 -3.54257
5.73312 -3.5511
5.73462 -3.55959
5.73612 -3.56805
5.73762 -3.57648
5.73912 -3.58487
5.74062 -3.59322
5.74212 -3.60154
5.74362 -3.60983
5.74512 -3.61807
5.74662 -3.62628
5.74812 -3.63446
5.74962 -3.64259
5.75113 -3.65069
5.75263 -3.65875
5.75413 -3.66678
5.75563 -3.67476
5.75713 -3.68271
5.75863 -3.69061
5.76013 -3.69848
5.76163 -3.70631
5.76313 -3.7141
5.76463 -3.72184
5.76613 -3.72955
5.76763 -3.73721
5.76913 -3.74484
5.77064 -3.75242
5.77214 -3.75996
5.77364 -3.76746
5.77514 -3.77491
5.77664 -3.78232
5.77814 -3.78969
5.77964 -3.79701
5.78114 -3.80429
5.78264 -3.81153
5.78414 -3.81872
5.78564 -3.82586
5.78714 -3.83296
5.78864 -3.84002
5.79015 -3.84702
5.79165 -3.85399
5.79315 -3.8609
5.79465 -3.86777
5.79615 -3.87459
5.79765 -3.88136
5.79915 -3.88808
5.80065 -3.89475
5.80215 -3.90138
5.80365 -3.90796
5.80515 -3.91448
5.80665 -3.92096
5.80815 -3.92739
5.80965 -3.93376
5.81116 -3.94009
5.81266 -3.94636
5.81416 -3.95258
5.81566 -3.95875
5.81716 -3.96486
5.81866 -3.97093
5.82016 -3.97694
5.82166 -3.9829
5.82316 -3.9888
5.82466 -3.99465
5.82616 -4.00044
5.82766 -4.00618
5.82916 -4.01186
5.83067 -4.01749
5.83217 -4.02306
5.83367 -4.02858
5.83517 -4.03404
5.83667 -4.03944
5.83817 -4.04478
5.83967 -4.05007
5.84117 -4.0553
5.84267 -4.06046
5.84417 -4.06557
5.84567 -4.07063
5.84717 -4.07562
5.84867 -4.08055
5.85018 -4.08542
5.85168 -4.09023
5.85318 -4.09498
5.85468 -4.09966
5.85618 -4.10429
5.85768 -4.10885
5.85918 -4.11335
5.86068 -4.11779
5.86218 -4.12216
5.86368 -4.12647
5.86518 -4.13071
5.86668 -4.13489
5.86818 -4.13901
5.86968 -4.14306
5.87119 -4.14704
5.87269 -4.15096
5.87419 -4.15481
5.87569 -4.1586
5.87719 -4.16232
5.87869 -4.16597
5.88019 -4.16955
5.88169 -4.17306
5.88319 -4.17651
5.88469 -4.17988
5.88619 -4.18319
5.88769 -4.18643
5.88919 -4.18959
5.8907 -4.19269
5.8922 -4.19571
5.8937 -4.19867
5.8952 -4.20155
5.8967 -4.20435
5.8982 -4.20709
5.8997 -4.20975
5.9012 -4.21234
5.9027 -4.21486
5.9042 -4.2173
5.9057 -4.21967
5.9072 -4.22196
5.9087 -4.22418
5.91021 -4.22632
5.91171 -4.22838
5.91321 -4.23037
5.91471 -4.23228
5.91621 -4.23411
5.91771 -4.23587
5.91921 -4.23755
5.92071 -4.23915
5.92221 -4.24067
5.92371 -4.24211
5.92521 -4.24347
5.92671 -4.24475
5.92821 -4.24595
5.92971 -4.24707
5.93122 -4.24811
5.93272 -4.24906
5.93422 -4.24994
5.93572 -4.25073
5.93722 -4.25143
5.93872 -4.25206
5.94022 -4.2526
5.94172 -4.25306
5.94322 -4.25343
5.94472 -4.25372
5.94622 -4.25392
5.94772 -4.25403
5.94922 -4.25406
5.95073 -4.254
5.95223 -4.25386
5.95373 -4.25363
5.95523 -4.25331
5.95673 -4.2529
5.95823 -4.2524
5.95973 -4.25181
5.96123 -4.25114
5.96273 -4.25037
5.96423 -4.24951
5.96573 -4.24857
5.96723 -4.24753
5.96873 -4.2464
5.97024 -4.24517
5.97174 -4.24386
5.97324 -4.24245
5.97474 -4.24095
5.97624 -4.23935
5.97774 -4.23766
5.97924 -4.23588
5.98074 -4.234
5.98224 -4.23202
5.98374 -4.22995
5.98524 -4.22778
5.98674 -4.22552
5.98824 -4.22315
5.98974 -4.22069
5.99125 -4.21814
5.99275 -4.21548
5.99425 -4.21272
5.99575 -4.20987
5.99725 -4.20691
5.99875 -4.20386
6.00025 -4.2007
6.00175 -4.19745
6.00325 -4.19409
6.00475 -4.19063
6.00625 -4.18707
6.00775 -4.1834
6.00925 -4.17963
6.01076 -4.17576
6.01226 -4.17178
6.01376 -4.1677
6.01526 -4.16351
6.01676 -4.15922
6.01826 -4.15482
6.01976 -4.15031
6.02126 -4.1457
6.02276 -4.14098
6.02426 -4.13616
6.02576 -4.13122
6.02726 -4.12618
6.02876 -4.12102
6.03027 -4.11576
6.03177 -4.11039
6.03327 -4.1049
6.03477 -4.09931
6.03627 -4.0936
6.03777 -4.08779
6.03927 -4.08186
6.04077 -4.07582
6.04227 -4.06966
6.04377 -4.06339
6.04527 -4.05701
6.04677 -4.05051
6.04827 -4.0439
6.04977 -4.03717
6.05128 -4.03032
6.05278 -4.02336
6.05428 -4.01629
6.05578 -4.00909
6.05728 -4.00178
6.05878 -3.99435
6.06028 -3.9868
6.06178 -3.97913
6.06328 -3.97134
6.06478 -3.96344
6.06628 -3.95541
6.06778 -3.94726
6.06928 -3.93899
6.07079 -3.93059
6.07229 -3.92208
6.07379 -3.91344
6.07529 -3.90468
6.07679 -3.89579
6.07829 -3.88679
6.07979 -3.87765
6.08129 -3.86839
6.08279 -3.85901
6.08429 -3.8495
6.08579 -3.83986
6.08729 -3.83009
6.08879 -3.8202
6.0903 -3.81018
6.0918 -3.80003
6.0933 -3.78975
6.0948 -3.77935
6.0963 -3.76881
6.0978 -3.75814
6.0993 -3.74734
6.1008 -3.73641
6.1023 -3.72535
6.1038 -3.71416
6.1053 -3.70283
6.1068 -3.69137
6.1083 -3.67978
6.1098 -3.66805
6.11131 -3.65619
6.11281 -3.64419
6.11431 -3.63205
6.11581 -3.61978
6.11731 -3.60738
6.11881 -3.59483
6.12031 -3.58215
6.12181 -3.56933
6.12331 -3.55638
6.12481 -3.54328
6.12631 -3.53004
6.12781 -3.51666
6.12931 -3.50315
6.13082 -3.48949
6.13232 -3.47569
6.13382 -3.46175
6.13532 -3.44766
6.13682 -3.43343
6.13832 -3.41906
6.13982 -3.40455
6.14132 -3.38989
6.14282 -3.37508
6.14432 -3.36013
6.14582 -3.34503
6.14732 -3.32979
6.14882 -3.3144
6.15033 -3.29886
6.15183 -3.28318
6.15333 -3.26734
6.15483 -3.25136
6.15633 -3.23523
6.15783 -3.21894
6.15933 -3.20251
6.16083 -3.18593
6.16233 -3.16919
6.16383 -3.1523
6.16533 -3.13526
6.16683 -3.11807
6.16833 -3.10072
6.16983 -3.08322
6.17134 -3.06556
6.17284 -3.04775
6.17434 -3.02979
6.17584 -3.01166
6.17734 -2.99338
6.17884 -2.97495
6.18034 -2.95635
6.18184 -2.9376
6.18334 -2.91869
6.18484 -2.89962
6.18634 -2.88039
6.18784 -2.861
6.18934 -2.84145
6.19085 -2.82173
6.19235 -2.80186
6.19385 -2.78182
6.19535 -2.76162
6.19685 -2.74126
6.19835 -2.72073
6.19985 -2.70004
6.20135 -2.67919
6.20285 -2.65817
6.20435 -2.63698
6.20585 -2.61562
6.20735 -2.5941
6.20885 -2.57242
6.21036 -2.55056
6.21186 -2.52853
6.21336 -2.50634
6.21486 -2.48398
6.21636 -2.46144
6.21786 -2.43874
6.21936 -2.41586
6.22086 -2.39281
6.22236 -2.36959
6.22386 -2.3462
6.22536 -2.32263
6.22686 -2.29889
6.22836 -2.27498
6.22986 -2.25089
6.23137 -2.22662
6.23287 -2.20218
6.23437 -2.17756
6.23587 -2.15277
6.23737 -2.12779
6.23887 -2.10264
6.24037 -2.07731
6.24187 -2.0518
6.24337 -2.02612
6.24487 -2.00025
6.24637 -1.9742
6.24787 -1.94797
6.24937 -1.92155
6.25088 -1.89496
6.25238 -1.86818
6.25388 -1.84121
6.25538 -1.81407
6.25688 -1.78674
6.25838 -1.75922
6.25988 -1.73152
6.26138 -1.70363
6.26288 -1.67555
6.26438 -1.64729
6.26588 -1.61883
6.26738 -1.59019
6.26888 -1.56137
6.27039 -1.53235
6.27189 -1.50314
6.27339 -1.47374
6.27489 -1.44415
6.27639 -1.41436
6.27789 -1.38439
6.27939 -1.35422
6.28089 -1.32386
6.28239 -1.2933
6.28389 -1.26255
6.28539 -1.2316
6.28689 -1.20046
6.28839 -1.16912
6.28989 -1.13759
6.2914 -1.10585
6.2929 -1.07392
6.2944 -1.04179
6.2959 -1.00947
6.2974 -0.976938
6.2989 -0.944209
6.3004 -0.911279
6.3019 -0.878149
6.3034 -0.844816
6.3049 -0.81128
6.3064 -0.777542
6.3079 -0.743599
6.3094 -0.709453
6.31091 -0.675101
6.31241 -0.640544
6.31391 -0.605781
6.31541 -0.570812
6.31691 -0.535636
6.31841 -0.500251
6.31991 -0.464659
6.32141 -0.428858
6.32291 -0.392847
6.32441 -0.356626
6.32591 -0.320195
6.32741 -0.283552
6.32891 -0.246698
6.33042 -0.209631
6.33192 -0.172352
6.33342 -0.134859
6.33492 -0.0971517
6.33642 -0.0592301
6.33792 -0.0210932
6.33942 0.0172595
6.34092 0.0558286
6.34242 0.0946146
6.34392 0.133618
6.34542 0.17284
6.34692 0.21228
6.34842 0.25194
6.34992 0.29182
6.35143 0.33192
6.35293 0.372241
6.35443 0.412784
6.35593 0.453549
6.35743 0.494537
6.35893 0.535749
6.36043 0.577184
6.36193 0.618844
6.36343 0.66073
6.36493 0.702841
6.36643 0.745178
6.36793 0.787743
6.36943 0.830535
6.37094 0.873555
6.37244 0.916804
6.37394 0.960283
6.37544 1.00399
6.37694 1.04793
6.37844 1.0921
6.37994 1.1365
6.38144 1.18114
6.38294 1.226
6.38444 1.27111
6.38594 1.31644
6.38744 1.36201
6.38894 1.40782
6.39045 1.45386
6.39195 1.50014
6.39345 1.54665
6.39495 1.5934
6.39645 1.6404
6.39795 1.68763
6.39945 1.7351
6.40095 1.78281
6.40245 1.83076
6.40395 1.87895
6.40545 1.92739
6.40695 1.97606
6.40845 2.02498
6.40995 2.07415
6.41146 2.12356
6.41296 2.17321
6.41446 2.22311
6.41596 2.27326
6.41746 2.32365
6.41896 2.37429
6.42046 2.42518
6.42196 2.47632
6.42346 2.52771
6.42496 2.57935
6.42646 2.63124
6.42796 2.68338
6.42946 2.73577
6.43097 2.78841
6.43247 2.84131
6.43397 2.89446
6.43547 2.94787
6.43697 3.00153
6.43847 3.05545
6.43997 3.10962
6.44147 3.16405
6.44297 3.21874
6.44447 3.27369
6.44597 3.32889
6.44747 3.38435
6.44897 3.44008
6.45048 3.49606
6.45198 3.55231
6.45348 3.60882
6.45498 3.66559
6.45648 3.72263
6.45798 3.77992
6.45948 3.83749
6.46098 3.89531
6.46248 3.95341
6.46398 4.01177
6.46548 4.0704
6.46698 4.12929
6.46848 4.18846
6.46998 4.24789
6.47149 4.30759
6.47299 4.36756
6.47449 4.42781
6.47599 4.48832
6.47749 4.54911
6.47899 4.61017
6.48049 4.6715
6.48199 4.73311
6.48349 4.79499
6.48499 4.85715
6.48649 4.91958
6.48799 4.9823
6.48949 5.04528
6.491 5.10855
6.4925 5.17209
6.494 5.23592
6.4955 5.30002
6.497 5.36441
6.4985 5.42907
6.5 5.49402
