0 5
0.1 5.25924
0.2 5.26008
0.3 5.26094
0.4 5.2618
0.5 5.26267
0.6 5.26354
0.7 5.26443
0.8 5.26533
0.9 5.26623
1 5.26714
1.1 5.26806
1.2 5.26899
1.3 5.26993
1.4 5.27088
1.5 5.27183
1.6 5.2728
1.7 5.27377
1.8 5.27476
1.9 5.27575
2 5.27675
2.1 5.27776
2.2 5.27878
2.3 5.27981
2.4 5.28085
2.5 5.2819
2.6 5.28296
2.7 5.28403
2.8 5.28511
2.9 5.28619
3 5.28729
3.1 5.2884
3.2 5.28951
3.3 5.29064
3.4 5.29177
3.5 5.29292
3.6 5.29407
3.7 5.29524
3.8 5.29641
3.9 5.2976
4 5.29879
4.1 5.29999
4.2 5.30121
4.3 5.30243
4.4 5.30366
4.5 5.3049
4.6 5.30615
4.7 5.30741
4.8 5.30868
4.9 5.30996
5 5.31125
5.1 5.31255
5.2 5.31385
5.3 5.31517
5.4 5.31649
5.5 5.31783
5.6 5.31917
5.7 5.32052
5.8 5.32188
5.9 5.32325
6 5.32462
6.1 5.32601
6.2 5.3274
6.3 5.3288
6.4 5.3302
6.5 5.33162
6.6 5.33304
6.7 5.33447
6.8 5.3359
6.9 5.33735
7 5.3388
7.1 5.34025
7.2 5.34171
7.3 5.34318
7.4 5.34465
7.5 5.34613
7.6 5.34761
7.7 5.3491
7.8 5.35059
7.9 5.35208
8 5.35358
8.1 5.35509
8.2 5.35659
8.3 5.3581
8.4 5.35962
8.5 5.36113
8.6 5.36265
8.7 5.36417
8.8 5.36569
8.9 5.36721
9 5.36873
9.1 5.37025
9.2 5.37178
9.3 5.3733
9.4 5.37482
9.5 5.37634
9.6 5.37786
9.7 5.37938
9.8 5.38089
9.9 5.3824
10 5.38391
10.1 5.38542
10.2 5.38692
10.3 5.38842
10.4 5.38991
10.5 5.3914
10.6 5.39289
10.7 5.39437
10.8 5.39584
10.9 5.39731
11 5.39877
11.1 5.40022
11.2 5.40167
11.3 5.40311
11.4 5.40454
11.5 5.40597
11.6 5.40738
11.7 5.40879
11.8 5.41019
11.9 5.41157
12 5.41295
12.1 5.41432
12.2 5.41568
12.3 5.41703
12.4 5.41837
12.5 5.4197
12.6 5.42101
12.7 5.42232
12.8 5.42361
12.9 5.42489
13 5.42616
13.1 5.42742
13.2 5.42867
13.3 5.4299
13.4 5.43113
13.5 5.43234
13.6 5.43353
13.7 5.43472
13.8 5.43589
13.9 5.43705
14 5.4382
14.1 5.43933
14.2 5.44045
14.3 5.44156
14.4 5.44265
14.5 5.44374
14.6 5.4448
14.7 5.44586
14.8 5.4469
14.9 5.44794
15 5.44895
15.1 5.44996
15.2 5.45095
15.3 5.45193
15.4 5.4529
15.5 5.45385
15.6 5.45479
15.7 5.45572
15.8 5.45664
15.9 5.45755
16 5.45844
16.1 5.45932
16.2 5.46019
16.3 5.46105
16.4 5.4619
16.5 5.46273
16.6 5.46356
16.7 5.46437
16.8 5.46518
16.9 5.46597
17 5.46675
17.1 5.46752
17.2 5.46828
17.3 5.46903
17.4 5.46977
17.5 5.4705
17.6 5.47122
17.7 5.47194
17.8 5.47264
17.9 5.47333
18 5.47402
18.1 5.47469
18.2 5.47536
18.3 5.47602
18.4 5.47667
18.5 5.47731
18.6 5.47794
18.7 5.47857
18.8 5.47919
18.9 5.4798
19 5.4804
19.1 5.481
19.2 5.48159
19.3 5.48217
19.4 5.48274
19.5 5.48331
19.6 5.48387
19.7 5.48443
19.8 5.48498
19.9 5.48552
20 5.48606
20.1 5.48659
20.2 5.48712
20.3 5.48764
20.4 5.48815
20.5 5.48866
20.6 5.48917
20.7 5.48966
20.8 5.49016
20.9 5.49065
21 5.49113
21.1 5.49161
21.2 5.49209
21.3 5.49256
21.4 5.49302
21.5 5.49349
21.6 5.49394
21.7 5.4944
21.8 5.49485
21.9 5.49529
22 5.49573
22.1 5.49617
22.2 5.49661
22.3 5.49704
22.4 5.49747
22.5 5.49789
22.6 5.49831
22.7 5.49873
22.8 5.49914
22.9 5.49955
23 5.49996
23.1 5.50036
23.2 5.50076
23.3 5.50116
23.4 5.50156
23.5 5.50195
23.6 5.50234
23.7 5.50273
23.8 5.50311
23.9 5.50349
24 5.50387
24.1 5.50425
24.2 5.50462
24.3 5.50499
24.4 5.50536
24.5 5.50573
24.6 5.50609
24.7 5.50645
24.8 5.50681
24.9 5.50717
25 5.50752
25.1 5.50787
25.2 5.50822
25.3 5.50857
25.4 5.50892
25.5 5.50926
25.6 5.5096
25.7 5.50994
25.8 5.51028
25.9 5.51061
26 5.51094
26.1 5.51127
26.2 5.5116
26.3 5.51193
26.4 5.51225
26.5 5.51257
26.6 5.51289
26.7 5.51321
26.8 5.51352
26.9 5.51384
27 5.51415
27.1 5.51446
27.2 5.51477
27.3 5.51507
27.4 5.51537
27.5 5.51568
27.6 5.51597
27.7 5.51627
27.8 5.51657
27.9 5.51686
28 5.51715
28.1 5.51744
28.2 5.51773
28.3 5.51801
28.4 5.51829
28.5 5.51857
28.6 5.51885
28.7 5.51913
28.8 5.5194
28.9 5.51968
29 5.51995
29.1 5.52021
29.2 5.52048
29.3 5.52074
29.4 5.521
29.5 5.52126
29.6 5.52152
29.7 5.52178
29.8 5.52203
29.9 5.52228
30 5.52253
30.1 5.52278
30.2 5.52302
30.3 5.52326
30.4 5.5235
30.5 5.52374
30.6 5.52397
30.7 5.52421
30.8 5.52444
30.9 5.52467
31 5.52489
31.1 5.52512
31.2 5.52534
31.3 5.52556
31.4 5.52577
31.5 5.52599
31.6 5.5262
31.7 5.52641
31.8 5.52662
31.9 5.52682
32 5.52703
32.1 5.52723
32.2 5.52742
32.3 5.52762
32.4 5.52781
32.5 5.528
32.6 5.52819
32.7 5.52838
32.8 5.52856
32.9 5.52874
33 5.52892
33.1 5.5291
33.2 5.52927
33.3 5.52944
33.4 5.52961
33.5 5.52978
33.6 5.52994
33.7 5.5301
33.8 5.53026
33.9 5.53042
34 5.53057
34.1 5.53072
34.2 5.53087
34.3 5.53102
34.4 5.53116
34.5 5.5313
34.6 5.53144
34.7 5.53158
34.8 5.53171
34.9 5.53184
35 5.53197
35.1 5.5321
35.2 5.53222
35.3 5.53234
35.4 5.53246
35.5 5.53258
35.6 5.53269
35.7 5.5328
35.8 5.53291
35.9 5.53302
36 5.53312
36.1 5.53322
36.2 5.53332
36.3 5.53342
36.4 5.53351
36.5 5.5336
36.6 5.53369
36.7 5.53378
36.8 5.53386
36.9 5.53394
37 5.53402
37.1 5.5341
37.2 5.53417
37.3 5.53425
37.4 5.53432
37.5 5.53438
37.6 5.53445
37.7 5.53451
37.8 5.53457
37.9 5.53463
38 5.53469
38.1 5.53474
38.2 5.53479
38.3 5.53484
38.4 5.53489
38.5 5.53493
38.6 5.53497
38.7 5.53501
38.8 5.53505
38.9 5.53509
39 5.53512
39.1 5.53515
39.2 5.53518
39.3 5.53521
39.4 5.53523
39.5 5.53525
39.6 5.53527
39.7 5.53529
39.8 5.53531
39.9 5.53532
40 5.53533
40.1 5.53534
40.2 5.53535
40.3 5.53536
40.4 5.53536
40.5 5.53536
40.6 5.53536
40.7 5.53536
40.8 5.53536
40.9 5.53535
41 5.53534
41.1 5.53533
41.2 5.53532
41.3 5.53531
41.4 5.53529
41.5 5.53528
41.6 5.53526
41.7 5.53524
41.8 5.53521
41.9 5.53519
42 5.53516
42.1 5.53513
42.2 5.5351
42.3 5.53507
42.4 5.53504
42.5 5.535
42.6 5.53496
42.7 5.53492
42.8 5.53488
42.9 5.53484
43 5.5348
43.1 5.53475
43.2 5.5347
43.3 5.53465
43.4 5.5346
43.5 5.53455
43.6 5.53449
43.7 5.53444
43.8 5.53438
43.9 5.53432
44 5.53426
44.1 5.5342
44.2 5.53413
44.3 5.53406
44.4 5.534
44.5 5.53393
44.6 5.53386
44.7 5.53378
44.8 5.53371
44.9 5.53363
45 5.53356
45.1 5.53348
45.2 5.5334
45.3 5.53331
45.4 5.53323
45.5 5.53314
45.6 5.53305
45.7 5.53297
45.8 5.53288
45.9 5.53278
46 5.53269
46.1 5.53259
46.2 5.5325
46.3 5.5324
46.4 5.5323
46.5 5.53219
46.6 5.53209
46.7 5.53198
46.8 5.53188
46.9 5.53177
47 5.53166
47.1 5.53155
47.2 5.53143
47.3 5.53132
47.4 5.5312
47.5 5.53108
47.6 5.53096
47.7 5.53084
47.8 5.53071
47.9 5.53058
48 5.53046
48.1 5.53033
48.2 5.53019
48.3 5.53006
48.4 5.52993
48.5 5.52979
48.6 5.52965
48.7 5.52951
48.8 5.52937
48.9 5.52922
49 5.52907
49.1 5.52893
49.2 5.52878
49.3 5.52862
49.4 5.52847
49.5 5.52831
49.6 5.52815
49.7 5.52799
49.8 5.52783
49.9 5.52767
50 5.5275
50.1 5.52733
50.2 5.52716
50.3 5.52699
50.4 5.52681
50.5 5.52663
50.6 5.52645
50.7 5.52627
50.8 5.52609
50.9 5.5259
51 5.52571
51.1 5.52552
51.2 5.52533
51.3 5.52513
51.4 5.52493
51.5 5.52473
51.6 5.52453
51.7 5.52432
51.8 5.52412
51.9 5.52391
52 5.52369
52.1 5.52348
52.2 5.52326
52.3 5.52304
52.4 5.52281
52.5 5.52259
52.6 5.52236
52.7 5.52213
52.8 5.52189
52.9 5.52166
53 5.52142
53.1 5.52118
53.2 5.52093
53.3 5.52068
53.4 5.52043
53.5 5.52018
53.6 5.51992
53.7 5.51966
53.8 5.5194
53.9 5.51913
54 5.51887
54.1 5.51859
54.2 5.51832
54.3 5.51804
54.4 5.51776
54.5 5.51748
54.6 5.51719
54.7 5.5169
54.8 5.51661
54.9 5.51631
55 5.51601
55.1 5.51571
55.2 5.51541
55.3 5.5151
55.4 5.51479
55.5 5.51447
55.6 5.51415
55.7 5.51383
55.8 5.5135
55.9 5.51318
56 5.51284
56.1 5.51251
56.2 5.51217
56.3 5.51183
56.4 5.51148
56.5 5.51114
56.6 5.51078
56.7 5.51043
56.8 5.51007
56.9 5.50971
57 5.50934
57.1 5.50898
57.2 5.5086
57.3 5.50823
57.4 5.50785
57.5 5.50747
57.6 5.50708
57.7 5.50669
57.8 5.5063
57.9 5.50591
58 5.50551
58.1 5.50511
58.2 5.5047
58.3 5.50429
58.4 5.50388
58.5 5.50347
58.6 5.50305
58.7 5.50263
58.8 5.5022
58.9 5.50177
59 5.50134
59.1 5.50091
59.2 5.50047
59.3 5.50003
59.4 5.49959
59.5 5.49914
59.6 5.49869
59.7 5.49824
59.8 5.49779
59.9 5.49733
60 5.49687
60.1 5.4964
60.2 5.49594
60.3 5.49547
60.4 5.49499
60.5 5.49452
60.6 5.49404
60.7 5.49356
60.8 5.49308
60.9 5.4926
61 5.49211
61.1 5.49162
61.2 5.49113
61.3 5.49063
61.4 5.49014
61.5 5.48964
61.6 5.48914
61.7 5.48864
61.8 5.48813
61.9 5.48763
62 5.48712
62.1 5.48661
62.2 5.4861
62.3 5.48558
62.4 5.48507
62.5 5.48455
62.6 5.48403
62.7 5.48351
62.8 5.48299
62.9 5.48247
63 5.48195
63.1 5.48142
63.2 5.4809
63.3 5.48037
63.4 5.47985
63.5 5.47932
63.6 5.47879
63.7 5.47826
63.8 5.47773
63.9 5.4772
64 5.47667
64.1 5.47614
64.2 5.47561
64.3 5.47507
64.4 5.47454
64.5 5.47401
64.6 5.47348
64.7 5.47294
64.8 5.47241
64.9 5.47188
65 5.47135
65.1 5.47081
65.2 5.47028
65.3 5.46975
65.4 5.46922
65.5 5.46869
65.6 5.46816
65.7 5.46763
65.8 5.4671
65.9 5.46657
66 5.46605
66.1 5.46552
66.2 5.465
66.3 5.46447
66.4 5.46395
66.5 5.46343
66.6 5.46291
66.7 5.46239
66.8 5.46187
66.9 5.46135
67 5.46083
67.1 5.46032
67.2 5.45981
67.3 5.4593
67.4 5.45879
67.5 5.45828
67.6 5.45777
67.7 5.45727
67.8 5.45676
67.9 5.45626
68 5.45576
68.1 5.45526
68.2 5.45477
68.3 5.45427
68.4 5.45378
68.5 5.45329
68.6 5.4528
68.7 5.45232
68.8 5.45183
68.9 5.45135
69 5.45087
69.1 5.45039
69.2 5.44992
69.3 5.44945
69.4 5.44898
69.5 5.44851
69.6 5.44804
69.7 5.44758
69.8 5.44711
69.9 5.44666
70 5.4462
70.1 5.44574
70.2 5.44529
70.3 5.44484
70.4 5.44439
70.5 5.44395
70.6 5.44351
70.7 5.44307
70.8 5.44263
70.9 5.44219
71 5.44176
71.1 5.44133
71.2 5.4409
71.3 5.44048
71.4 5.44006
71.5 5.43964
71.6 5.43922
71.7 5.4388
71.8 5.43839
71.9 5.43798
72 5.43758
72.1 5.43717
72.2 5.43677
72.3 5.43637
72.4 5.43597
72.5 5.43558
72.6 5.43519
72.7 5.4348
72.8 5.43441
72.9 5.43403
73 5.43365
73.1 5.43327
73.2 5.43289
73.3 5.43252
73.4 5.43215
73.5 5.43178
73.6 5.43141
73.7 5.43105
73.8 5.43069
73.9 5.43033
74 5.42997
74.1 5.42962
74.2 5.42927
74.3 5.42892
74.4 5.42858
74.5 5.42823
74.6 5.42789
74.7 5.42755
74.8 5.42722
74.9 5.42688
75 5.42655
75.1 5.42622
75.2 5.4259
75.3 5.42557
75.4 5.42525
75.5 5.42493
75.6 5.42461
75.7 5.4243
75.8 5.42399
75.9 5.42368
76 5.42337
76.1 5.42306
76.2 5.42276
76.3 5.42246
76.4 5.42216
76.5 5.42187
76.6 5.42157
76.7 5.42128
76.8 5.42099
76.9 5.4207
77 5.42042
77.1 5.42013
77.2 5.41985
77.3 5.41958
77.4 5.4193
77.5 5.41902
77.6 5.41875
77.7 5.41848
77.8 5.41821
77.9 5.41795
78 5.41768
78.1 5.41742
78.2 5.41716
78.3 5.4169
78.4 5.41664
78.5 5.41639
78.6 5.41614
78.7 5.41589
78.8 5.41564
78.9 5.41539
79 5.41515
79.1 5.4149
79.2 5.41466
79.3 5.41442
79.4 5.41419
79.5 5.41395
79.6 5.41372
79.7 5.41349
79.8 5.41326
79.9 5.41303
80 5.4128
80.1 5.41258
80.2 5.41235
80.3 5.41213
80.4 5.41191
80.5 5.41169
80.6 5.41148
80.7 5.41126
80.8 5.41105
80.9 5.41084
81 5.41063
81.1 5.41042
81.2 5.41021
81.3 5.41001
81.4 5.4098
81.5 5.4096
81.6 5.4094
81.7 5.4092
81.8 5.409
81.9 5.40881
82 5.40861
82.1 5.40842
82.2 5.40823
82.3 5.40804
82.4 5.40785
82.5 5.40766
82.6 5.40748
82.7 5.40729
82.8 5.40711
82.9 5.40693
83 5.40675
83.1 5.40657
83.2 5.40639
83.3 5.40621
83.4 5.40604
83.5 5.40586
83.6 5.40569
83.7 5.40552
83.8 5.40535
83.9 5.40518
84 5.40501
84.1 5.40485
84.2 5.40468
84.3 5.40452
84.4 5.40435
84.5 5.40419
84.6 5.40403
84.7 5.40387
84.8 5.40371
84.9 5.40356
85 5.4034
85.1 5.40325
85.2 5.40309
85.3 5.40294
85.4 5.40279
85.5 5.40264
85.6 5.40249
85.7 5.40234
85.8 5.40219
85.9 5.40205
86 5.4019
86.1 5.40176
86.2 5.40161
86.3 5.40147
86.4 5.40133
86.5 5.40119
86.6 5.40105
86.7 5.40091
86.8 5.40077
86.9 5.40064
87 5.4005
87.1 5.40037
87.2 5.40023
87.3 5.4001
87.4 5.39997
87.5 5.39984
87.6 5.39971
87.7 5.39958
87.8 5.39945
87.9 5.39932
88 5.3992
88.1 5.39907
88.2 5.39895
88.3 5.39882
88.4 5.3987
88.5 5.39858
88.6 5.39846
88.7 5.39834
88.8 5.39822
88.9 5.3981
89 5.39798
89.1 5.39786
89.2 5.39774
89.3 5.39763
89.4 5.39751
89.5 5.3974
89.6 5.39728
89.7 5.39717
89.8 5.39706
89.9 5.39695
90 5.39684
90.1 5.39673
90.2 5.39662
90.3 5.39651
90.4 5.3964
90.5 5.39629
90.6 5.39619
90.7 5.39608
90.8 5.39597
90.9 5.39587
91 5.39576
91.1 5.39566
91.2 5.39556
91.3 5.39546
91.4 5.39535
91.5 5.39525
91.6 5.39515
91.7 5.39505
91.8 5.39495
91.9 5.39486
92 5.39476
92.1 5.39466
92.2 5.39456
92.3 5.39447
92.4 5.39437
92.5 5.39428
92.6 5.39418
92.7 5.39409
92.8 5.394
92.9 5.3939
93 5.39381
93.1 5.39372
93.2 5.39363
93.3 5.39354
93.4 5.39345
93.5 5.39336
93.6 5.39327
93.7 5.39318
93.8 5.39309
93.9 5.39301
94 5.39292
94.1 5.39283
94.2 5.39275
94.3 5.39266
94.4 5.39258
94.5 5.39249
94.6 5.39241
94.7 5.39232
94.8 5.39224
94.9 5.39216
95 5.39208
95.1 5.39199
95.2 5.39191
95.3 5.39183
95.4 5.39175
95.5 5.39167
95.6 5.39159
95.7 5.39151
95.8 5.39143
95.9 5.39136
96 5.39128
96.1 5.3912
96.2 5.39112
96.3 5.39105
96.4 5.39097
96.5 5.3909
96.6 5.39082
96.7 5.39075
96.8 5.39067
96.9 5.3906
97 5.39052
97.1 5.39045
97.2 5.39038
97.3 5.3903
97.4 5.39023
97.5 5.39016
97.6 5.39009
97.7 5.39002
97.8 5.38995
97.9 5.38988
98 5.38981
98.1 5.38974
98.2 5.38967
98.3 5.3896
98.4 5.38953
98.5 5.38946
98.6 5.38939
98.7 5.38933
98.8 5.38926
98.9 5.38919
99 5.38913
99.1 5.38906
99.2 5.38899
99.3 5.38893
99.4 5.38886
99.5 5.3888
99.6 5.38873
99.7 5.38867
99.8 5.38861
99.9 5.38854
100 5.38848
100.001 5
