0 0.107825
0.1 0.1211
0.2 0.140156
0.3 0.139545
0.4 0.161025
0.5 0.170731
0.6 0.194182
0.7 0.213781
0.8 0.218942
0.9 0.227819
1 0.234928
1.1 0.249765
1.2 0.258375
1.3 0.271111
1.4 0.270872
1.5 0.294977
1.6 0.300177
1.7 0.325409
1.8 0.325574
1.9 0.336734
2 0.351111
2.1 0.349296
2.2 0.353033
2.3 0.357261
2.4 0.370114
2.5 0.367729
2.6 0.395885
2.7 0.391563
2.8 0.382479
2.9 0.401289
3 0.403426
3.1 0.420018
3.2 0.443573
3.3 0.462339
3.4 0.457108
3.5 0.45803
3.6 0.456609
3.7 0.478698
3.8 0.51066
3.9 0.512696
4 0.523129
4.1 0.517745
4.2 0.527777
4.3 0.544836
4.4 0.538521
4.5 0.545897
4.6 0.538227
4.7 0.554022
4.8 0.559072
4.9 0.559038
5 0.570525
5.1 0.583163
5.2 0.572019
5.3 0.570715
5.4 0.579507
5.5 0.588613
5.6 0.613615
5.7 0.613111
5.8 0.633832
5.9 0.622173
6 0.625404
6.1 0.64145
6.2 0.631494
6.3 0.664547
6.4 0.637106
6.5 0.649429
6.6 0.648591
6.7 0.66587
6.8 0.670229
6.9 0.675934
7 0.697595
7.1 0.686791
7.2 0.711886
7.3 0.709331
7.4 0.73375
7.5 0.744031
7.6 0.73185
7.7 0.734651
7.8 0.733036
7.9 0.736946
8 0.74492
8.1 0.748996
8.2 0.745766
8.3 0.753781
8.4 0.756326
8.5 0.750486
8.6 0.785986
8.7 0.766113
8.8 0.781752
8.9 0.765307
9 0.782837
9.1 0.793682
9.2 0.780246
9.3 0.794195
9.4 0.777772
9.5 0.788387
9.6 0.806796
9.7 0.812205
9.8 0.806915
9.9 0.80765
10 0.812302
10.1 0.805781
10.2 0.794081
10.3 0.810657
10.4 0.788071
10.5 0.815026
10.6 0.8068
10.7 0.828874
10.8 0.805193
10.9 0.818359
11 0.832361
11.1 0.817693
11.2 0.827003
11.3 0.819893
11.4 0.829971
11.5 0.834572
11.6 0.85336
11.7 0.84628
11.8 0.832293
11.9 0.83329
12 0.821234
12.1 0.845024
12.2 0.864565
12.3 0.845253
12.4 0.853132
12.5 0.837661
12.6 0.853675
12.7 0.837501
12.8 0.844476
12.9 0.843179
13 0.859865
13.1 0.852095
13.2 0.867532
13.3 0.857696
13.4 0.837024
13.5 0.85943
13.6 0.855802
13.7 0.853796
13.8 0.856519
13.9 0.867126
14 0.860307
14.1 0.858313
14.2 0.865327
14.3 0.853332
14.4 0.845679
14.5 0.866444
14.6 0.865163
14.7 0.851037
14.8 0.869131
14.9 0.868807
15 0.865682
15.1 0.863354
15.2 0.866923
15.3 0.878868
15.4 0.846777
15.5 0.855853
15.6 0.885735
15.7 0.855079
15.8 0.887339
15.9 0.870643
16 0.865569
16.1 0.871247
16.2 0.877179
16.3 0.863382
16.4 0.854403
16.5 0.872042
16.6 0.8779
16.7 0.882816
16.8 0.882755
16.9 0.875599
17 0.885139
17.1 0.869872
17.2 0.877022
17.3 0.881976
17.4 0.883178
17.5 0.873064
17.6 0.886851
17.7 0.890547
17.8 0.882706
17.9 0.885155
18 0.871045
18.1 0.882744
18.2 0.876722
18.3 0.878497
18.4 0.883556
18.5 0.861323
18.6 0.864111
18.7 0.879882
18.8 0.88642
18.9 0.868619
19 0.870932
19.1 0.884177
19.2 0.874846
19.3 0.857658
19.4 0.874202
19.5 0.877838
19.6 0.874418
19.7 0.888266
19.8 0.887473
19.9 0.866652
20 0.872223
20.1 0.874749
20.2 0.86259
20.3 0.852824
20.4 0.859212
20.5 0.877785
20.6 0.866072
20.7 0.858948
20.8 0.868546
20.9 0.869294
21 0.870591
21.1 0.862366
21.2 0.86117
21.3 0.85151
21.4 0.85583
21.5 0.874526
21.6 0.857445
21.7 0.861042
21.8 0.850483
21.9 0.863877
22 0.860361
22.1 0.838841
22.2 0.866044
22.3 0.857384
22.4 0.868338
22.5 0.887629
22.6 0.844947
22.7 0.860124
22.8 0.849681
22.9 0.83229
23 0.835624
23.1 0.843627
23.2 0.849277
23.3 0.845401
23.4 0.820467
23.5 0.849712
23.6 0.837085
23.7 0.84402
23.8 0.827321
23.9 0.859862
24 0.839912
24.1 0.831653
24.2 0.840033
24.3 0.830985
24.4 0.805543
24.5 0.801033
24.6 0.819274
24.7 0.824811
24.8 0.826745
24.9 0.794344
25 0.814937
25.1 0.822564
25.2 0.819574
25.3 0.803848
25.4 0.827062
25.5 0.818498
25.6 0.819506
25.7 0.82576
25.8 0.802139
25.9 0.816939
26 0.795003
26.1 0.797875
26.2 0.832369
26.3 0.81989
26.4 0.820647
26.5 0.81419
26.6 0.806037
26.7 0.817905
26.8 0.811909
26.9 0.800737
27 0.800236
27.1 0.798346
27.2 0.785067
27.3 0.805666
27.4 0.811156
27.5 0.803032
27.6 0.811797
27.7 0.806629
27.8 0.772722
27.9 0.802107
28 0.796684
28.1 0.773425
28.2 0.782304
28.3 0.770545
28.4 0.791632
28.5 0.761612
28.6 0.796778
28.7 0.78405
28.8 0.774817
28.9 0.76084
29 0.777857
29.1 0.774305
29.2 0.776373
29.3 0.758748
29.4 0.758706
29.5 0.779874
29.6 0.761354
29.7 0.753168
29.8 0.77524
29.9 0.782084
30 0.781027
30.1 0.781834
30.2 0.75866
30.3 0.775316
30.4 0.775627
30.5 0.7646
30.6 0.756277
30.7 0.781358
30.8 0.756712
30.9 0.755832
31 0.767994
31.1 0.772806
31.2 0.741197
31.3 0.752121
31.4 0.764194
31.5 0.750469
31.6 0.759357
31.7 0.733557
31.8 0.745267
31.9 0.728223
32 0.732932
32.1 0.727468
32.2 0.717821
32.3 0.719504
32.4 0.719404
32.5 0.727204
32.6 0.718643
32.7 0.714122
32.8 0.693294
32.9 0.719774
33 0.71718
33.1 0.715918
33.2 0.71846
33.3 0.695386
33.4 0.708228
33.5 0.690845
33.6 0.70551
33.7 0.704658
33.8 0.695396
33.9 0.699186
34 0.699413
34.1 0.668037
34.2 0.682811
34.3 0.679614
34.4 0.687518
34.5 0.692766
34.6 0.693851
34.7 0.696777
34.8 0.684418
34.9 0.656996
35 0.673748
35.1 0.66491
35.2 0.663316
35.3 0.678727
35.4 0.666417
35.5 0.666883
35.6 0.648899
35.7 0.660201
35.8 0.650211
35.9 0.655888
36 0.646911
36.1 0.645113
36.2 0.633041
36.3 0.623056
36.4 0.632284
36.5 0.630099
36.6 0.618448
36.7 0.628229
36.8 0.618561
36.9 0.617917
37 0.626618
37.1 0.608649
37.2 0.610475
37.3 0.608474
37.4 0.597589
37.5 0.592415
37.6 0.606107
37.7 0.591864
37.8 0.589526
37.9 0.586095
38 0.57896
38.1 0.591584
38.2 0.586757
38.3 0.578522
38.4 0.580297
38.5 0.564771
38.6 0.566332
38.7 0.560695
38.8 0.559737
38.9 0.557791
39 0.557424
39.1 0.563131
39.2 0.556587
39.3 0.543059
39.4 0.547422
39.5 0.540842
39.6 0.549088
39.7 0.552217
39.8 0.540317
39.9 0.553666
40 0.540381
40.1 0.542707
40.2 0.55099
40.3 0.560219
40.4 0.561183
40.5 0.551638
40.6 0.537813
40.7 0.535649
40.8 0.561568
40.9 0.548771
41 0.542459
41.1 0.546486
41.2 0.541352
41.3 0.539199
41.4 0.538814
41.5 0.554812
41.6 0.544266
41.7 0.524063
41.8 0.535607
41.9 0.544216
42 0.547931
42.1 0.528687
42.2 0.548023
42.3 0.524257
42.4 0.534886
42.5 0.516292
42.6 0.511814
42.7 0.517615
42.8 0.501164
42.9 0.516563
43 0.511037
43.1 0.506227
43.2 0.504717
43.3 0.501194
43.4 0.506397
43.5 0.507616
43.6 0.516611
43.7 0.504825
43.8 0.481278
43.9 0.496043
44 0.492012
44.1 0.498737
44.2 0.49618
44.3 0.495435
44.4 0.471148
44.5 0.489469
44.6 0.47348
44.7 0.493145
44.8 0.489313
44.9 0.488021
45 0.492353
45.1 0.489631
45.2 0.490552
45.3 0.490418
45.4 0.472833
45.5 0.493678
45.6 0.481879
45.7 0.479103
45.8 0.487577
45.9 0.468112
46 0.464407
46.1 0.464523
46.2 0.470064
46.3 0.468893
46.4 0.474398
46.5 0.453622
46.6 0.463088
46.7 0.46673
46.8 0.462353
46.9 0.467729
47 0.478093
47.1 0.470567
47.2 0.478421
47.3 0.445856
47.4 0.453385
47.5 0.449686
47.6 0.440419
47.7 0.461938
47.8 0.444633
47.9 0.433913
48 0.449244
48.1 0.43316
48.2 0.439306
48.3 0.434951
48.4 0.42127
48.5 0.432848
48.6 0.441769
48.7 0.430908
48.8 0.440499
48.9 0.433566
49 0.424712
49.1 0.417614
49.2 0.421655
49.3 0.423974
49.4 0.426667
49.5 0.414643
49.6 0.422149
49.7 0.411611
49.8 0.41042
49.9 0.403434
50 0.399746
50.1 0.389027
50.2 0.383135
50.3 0.39478
50.4 0.409675
50.5 0.386127
50.6 0.388029
50.7 0.380918
50.8 0.377556
50.9 0.368602
51 0.375613
51.1 0.388395
51.2 0.387633
51.3 0.378189
51.4 0.392041
51.5 0.392584
51.6 0.383354
51.7 0.381487
51.8 0.405717
51.9 0.398447
52 0.386895
52.1 0.37101
52.2 0.376406
52.3 0.367673
52.4 0.377964
52.5 0.381106
52.6 0.388802
52.7 0.376577
52.8 0.3807
52.9 0.396359
53 0.364625
53.1 0.382566
53.2 0.367623
53.3 0.379669
53.4 0.37002
53.5 0.387934
53.6 0.369224
53.7 0.375951
53.8 0.37517
53.9 0.363457
54 0.367279
54.1 0.356698
54.2 0.353424
54.3 0.347618
54.4 0.354092
54.5 0.345708
54.6 0.35874
54.7 0.355834
54.8 0.354622
54.9 0.354385
55 0.347571
55.1 0.343114
55.2 0.319831
55.3 0.333838
55.4 0.327947
55.5 0.344559
55.6 0.33906
55.7 0.352036
55.8 0.328596
55.9 0.341813
56 0.343651
56.1 0.363892
56.2 0.358171
56.3 0.351623
56.4 0.342154
56.5 0.335364
56.6 0.340306
56.7 0.340021
56.8 0.345783
56.9 0.349535
57 0.35075
57.1 0.329491
57.2 0.33338
57.3 0.328383
57.4 0.331768
57.5 0.333486
57.6 0.325972
57.7 0.304125
57.8 0.326432
57.9 0.329268
58 0.339448
58.1 0.326546
58.2 0.334528
58.3 0.338115
58.4 0.334476
58.5 0.33292
58.6 0.339371
58.7 0.342729
58.8 0.343973
58.9 0.346712
59 0.345917
59.1 0.327741
59.2 0.329289
59.3 0.332598
59.4 0.336701
59.5 0.322978
59.6 0.324154
59.7 0.323507
59.8 0.30588
59.9 0.304535
60 0.299024
60.1 0.306471
60.2 0.307295
60.3 0.300838
60.4 0.306882
60.5 0.305299
60.6 0.298058
60.7 0.295131
60.8 0.281835
60.9 0.287919
61 0.274639
61.1 0.273839
61.2 0.274214
61.3 0.270052
61.4 0.277986
61.5 0.280357
61.6 0.28034
61.7 0.277957
61.8 0.275272
61.9 0.27026
62 0.269789
62.1 0.26826
62.2 0.263433
62.3 0.262808
62.4 0.257722
62.5 0.253188
62.6 0.259502
62.7 0.266992
62.8 0.25997
62.9 0.269551
63 0.264843
63.1 0.267093
63.2 0.273707
63.3 0.263414
63.4 0.256464
63.5 0.275464
63.6 0.276614
63.7 0.27043
63.8 0.26405
63.9 0.268724
64 0.265966
64.1 0.286662
64.2 0.263025
64.3 0.270166
64.4 0.263202
64.5 0.25465
64.6 0.249712
64.7 0.244487
64.8 0.244173
64.9 0.242224
65 0.249846
65.1 0.247165
65.2 0.241105
65.3 0.233247
65.4 0.236788
65.5 0.235989
65.6 0.244169
65.7 0.240798
65.8 0.229854
65.9 0.2295
66 0.229342
66.1 0.223978
66.2 0.228709
66.3 0.213247
66.4 0.226755
66.5 0.210913
66.6 0.205427
66.7 0.200254
66.8 0.196468
66.9 0.19494
67 0.20594
67.1 0.208413
67.2 0.204641
67.3 0.193425
67.4 0.184986
67.5 0.18816
67.6 0.190497
67.7 0.188361
67.8 0.179924
67.9 0.181865
68 0.173358
68.1 0.178658
68.2 0.176272
68.3 0.176196
68.4 0.174507
68.5 0.176275
68.6 0.178164
68.7 0.179793
68.8 0.171609
68.9 0.182465
69 0.178867
69.1 0.178968
69.2 0.17408
69.3 0.185998
69.4 0.182001
69.5 0.19454
69.6 0.195027
69.7 0.188533
69.8 0.191615
69.9 0.188703
70 0.184658
70.1 0.186844
70.2 0.173922
70.3 0.182595
70.4 0.181807
70.5 0.18191
70.6 0.174529
70.7 0.182001
70.8 0.186399
70.9 0.178268
71 0.165236
71.1 0.160067
71.2 0.167741
71.3 0.16996
71.4 0.16687
71.5 0.158585
71.6 0.146481
71.7 0.153981
71.8 0.150455
71.9 0.144321
72 0.146967
72.1 0.148516
72.2 0.148164
72.3 0.145212
72.4 0.144422
72.5 0.148968
72.6 0.146612
72.7 0.146438
72.8 0.151947
72.9 0.142872
73 0.148147
73.1 0.146347
73.2 0.12958
73.3 0.135595
73.4 0.13324
73.5 0.134302
73.6 0.12676
73.7 0.132219
73.8 0.134815
73.9 0.13667
74 0.142619
74.1 0.137579
74.2 0.136918
74.3 0.135484
74.4 0.126005
74.5 0.120625
74.6 0.134023
74.7 0.13578
74.8 0.134781
74.9 0.130957
75 0.131006
75.1 0.128339
75.2 0.137464
75.3 0.13493
75.4 0.133446
75.5 0.133528
75.6 0.133548
75.7 0.13616
75.8 0.128128
75.9 0.128814
76 0.129257
76.1 0.123012
76.2 0.131338
76.3 0.131511
76.4 0.145435
76.5 0.141965
76.6 0.13475
76.7 0.140879
76.8 0.138506
76.9 0.136554
77 0.132448
77.1 0.131139
77.2 0.136857
77.3 0.132516
77.4 0.133146
77.5 0.130623
77.6 0.125672
77.7 0.127739
77.8 0.126437
77.9 0.121745
78 0.121874
78.1 0.129018
78.2 0.123088
78.3 0.126341
78.4 0.128817
78.5 0.133129
78.6 0.130915
78.7 0.12496
78.8 0.133932
78.9 0.133063
79 0.13818
79.1 0.137931
79.2 0.133762
79.3 0.137697
79.4 0.150093
79.5 0.144279
79.6 0.131643
79.7 0.128074
79.8 0.127776
79.9 0.125237
80 0.126127
80.1 0.126681
80.2 0.126173
80.3 0.124474
80.4 0.128722
80.5 0.131579
80.6 0.130823
80.7 0.126543
80.8 0.129494
80.9 0.13372
81 0.122635
81.1 0.116566
81.2 0.124512
81.3 0.127594
81.4 0.132964
81.5 0.146462
81.6 0.14414
81.7 0.14669
81.8 0.147401
81.9 0.148297
82 0.146622
82.1 0.139525
82.2 0.136197
82.3 0.141499
82.4 0.133512
82.5 0.133037
82.6 0.13219
82.7 0.134964
82.8 0.141243
82.9 0.138695
83 0.146911
83.1 0.142571
83.2 0.140006
83.3 0.137683
83.4 0.131415
83.5 0.127072
83.6 0.138048
83.7 0.138566
83.8 0.146089
83.9 0.141207
84 0.140909
84.1 0.139396
84.2 0.144354
84.3 0.135538
84.4 0.144699
84.5 0.141253
84.6 0.137004
84.7 0.145441
84.8 0.135976
84.9 0.132642
85 0.13244
85.1 0.12526
85.2 0.128532
85.3 0.127472
85.4 0.135098
85.5 0.142955
85.6 0.146404
85.7 0.138522
85.8 0.13079
85.9 0.13223
86 0.136221
86.1 0.135107
86.2 0.13307
86.3 0.124684
86.4 0.138627
86.5 0.127979
86.6 0.137168
86.7 0.142227
86.8 0.1297
86.9 0.136375
87 0.140473
87.1 0.147244
87.2 0.135686
87.3 0.13048
87.4 0.130486
87.5 0.129938
87.6 0.130006
87.7 0.135007
87.8 0.128852
87.9 0.132182
88 0.12683
88.1 0.131835
88.2 0.138032
88.3 0.136438
88.4 0.12901
88.5 0.132596
88.6 0.124394
88.7 0.126396
88.8 0.128308
88.9 0.127615
89 0.122134
89.1 0.122675
89.2 0.126439
89.3 0.124324
89.4 0.115171
89.5 0.116032
89.6 0.110255
89.7 0.113552
89.8 0.106553
89.9 0.107251
90 0.105788
90.1 0.101409
90.2 0.103381
90.3 0.111196
90.4 0.108016
90.5 0.108107
90.6 0.112334
90.7 0.106131
90.8 0.109778
90.9 0.115128
91 0.118242
91.1 0.104604
91.2 0.11463
91.3 0.118197
91.4 0.114301
91.5 0.115271
91.6 0.116905
91.7 0.106196
91.8 0.107909
91.9 0.110689
92 0.114451
92.1 0.107602
92.2 0.110701
92.3 0.114003
92.4 0.111568
92.5 0.123218
92.6 0.109623
92.7 0.109968
92.8 0.121818
92.9 0.122243
93 0.120898
93.1 0.121656
93.2 0.116892
93.3 0.115629
93.4 0.113684
93.5 0.122707
93.6 0.126844
93.7 0.117588
93.8 0.114333
93.9 0.117441
94 0.115315
94.1 0.114088
94.2 0.115555
94.3 0.103415
94.4 0.0935855
94.5 0.104039
94.6 0.101864
94.7 0.100872
94.8 0.107018
94.9 0.0937852
95 0.10067
95.1 0.104293
95.2 0.107916
95.3 0.100078
95.4 0.0958248
95.5 0.0965049
95.6 0.09616
95.7 0.0950254
95.8 0.0995763
95.9 0.0941094
96 0.0945494
96.1 0.101392
96.2 0.0880588
96.3 0.0911007
96.4 0.0962562
96.5 0.0878054
96.6 0.0856248
96.7 0.0859432
96.8 0.0905359
96.9 0.0931082
97 0.0973123
97.1 0.095295
97.2 0.096666
97.3 0.0971675
97.4 0.0968401
97.5 0.092977
97.6 0.0952017
97.7 0.0914756
97.8 0.10273
97.9 0.105011
98 0.106105
98.1 0.111383
98.2 0.108492
98.3 0.106082
98.4 0.10841
98.5 0.106091
98.6 0.102814
98.7 0.102466
98.8 0.0942404
98.9 0.101179
99 0.107284
99.1 0.1047
99.2 0.0993527
99.3 0.101676
99.4 0.101504
99.5 0.101234
99.6 0.103171
99.7 0.108629
99.8 0.106863
99.9 0.11153
100 0.11446
