33.5 3.0014
33.5015 2.9366
33.503 2.8721
33.5045 2.80789
33.506 2.74396
33.5075 2.68033
33.509 2.61698
33.5105 2.55393
33.512 2.49116
33.5135 2.42868
33.515 2.36648
33.5165 2.30457
33.518 2.24294
33.5195 2.1816
33.521 2.12054
33.5225 2.05977
33.524 1.99927
33.5255 1.93906
33.527 1.87913
33.5285 1.81948
33.53 1.76011
33.5315 1.70102
33.533 1.6422
33.5345 1.58367
33.536 1.52541
33.5375 1.46742
33.539 1.40972
33.5405 1.35228
33.542 1.29513
33.5435 1.23824
33.545 1.18163
33.5465 1.12529
33.548 1.06922
33.5495 1.01342
33.551 0.957898
33.5525 0.902641
33.554 0.847653
33.5555 0.792934
33.557 0.738482
33.5585 0.684297
33.56 0.630379
33.5615 0.576727
33.563 0.52334
33.5645 0.470218
33.566 0.417359
33.5675 0.364764
33.569 0.312431
33.5705 0.26036
33.572 0.20855
33.5735 0.157001
33.575 0.105712
33.5765 0.054683
33.578 0.00391223
33.5795 -0.0466004
33.581 -0.0968556
33.5825 -0.146854
33.584 -0.196596
33.5855 -0.246083
33.587 -0.295314
33.5885 -0.344292
33.59 -0.393015
33.5915 -0.441486
33.593 -0.489705
33.5945 -0.537671
33.596 -0.585387
33.5975 -0.632851
33.599 -0.680067
33.6006 -0.727032
33.6021 -0.77375
33.6036 -0.820219
33.6051 -0.866441
33.6066 -0.912416
33.6081 -0.958145
33.6096 -1.00363
33.6111 -1.04887
33.6126 -1.09386
33.6141 -1.13861
33.6156 -1.18312
33.6171 -1.22739
33.6186 -1.27141
33.6201 -1.31519
33.6216 -1.35874
33.6231 -1.40204
33.6246 -1.4451
33.6261 -1.48793
33.6276 -1.53051
33.6291 -1.57286
33.6306 -1.61497
33.6321 -1.65685
33.6336 -1.69849
33.6351 -1.7399
33.6366 -1.78107
33.6381 -1.822
33.6396 -1.86271
33.6411 -1.90318
33.6426 -1.94342
33.6441 -1.98343
33.6456 -2.02321
33.6471 -2.06276
33.6486 -2.10207
33.6501 -2.14116
33.6516 -2.18003
33.6531 -2.21866
33.6546 -2.25707
33.6561 -2.29525
33.6576 -2.3332
33.6591 -2.37093
33.6606 -2.40844
33.6621 -2.44572
33.6636 -2.48277
33.6651 -2.51961
33.6666 -2.55622
33.6681 -2.59261
33.6696 -2.62878
33.6711 -2.66473
33.6726 -2.70046
33.6741 -2.73597
33.6756 -2.77126
33.6771 -2.80633
33.6786 -2.84119
33.6801 -2.87583
33.6816 -2.91025
33.6831 -2.94446
33.6846 -2.97845
33.6861 -3.01223
33.6876 -3.04579
33.6891 -3.07914
33.6906 -3.11228
33.6921 -3.14521
33.6936 -3.17792
33.6951 -3.21043
33.6966 -3.24272
33.6981 -3.2748
33.6996 -3.30668
33.7011 -3.33834
33.7026 -3.3698
33.7041 -3.40105
33.7056 -3.43209
33.7071 -3.46293
33.7086 -3.49356
33.7101 -3.52399
33.7116 -3.55421
33.7131 -3.58422
33.7146 -3.61404
33.7161 -3.64365
33.7176 -3.67306
33.7191 -3.70227
33.7206 -3.73127
33.7221 -3.76008
33.7236 -3.78868
33.7251 -3.81709
33.7266 -3.8453
33.7281 -3.87331
33.7296 -3.90112
33.7311 -3.92874
33.7326 -3.95615
33.7341 -3.98338
33.7356 -4.0104
33.7371 -4.03724
33.7386 -4.06387
33.7401 -4.09032
33.7416 -4.11657
33.7431 -4.14263
33.7446 -4.16849
33.7461 -4.19417
33.7476 -4.21965
33.7491 -4.24495
33.7506 -4.27005
33.7521 -4.29497
33.7536 -4.3197
33.7551 -4.34424
33.7566 -4.36859
33.7581 -4.39275
33.7596 -4.41673
33.7611 -4.44052
33.7626 -4.46413
33.7641 -4.48755
33.7656 -4.51079
33.7671 -4.53384
33.7686 -4.55672
33.7701 -4.57941
33.7716 -4.60191
33.7731 -4.62424
33.7746 -4.64638
33.7761 -4.66835
33.7776 -4.69013
33.7791 -4.71174
33.7806 -4.73317
33.7821 -4.75442
33.7836 -4.77549
33.7851 -4.79638
33.7866 -4.8171
33.7881 -4.83765
33.7896 -4.85801
33.7911 -4.87821
33.7926 -4.89822
33.7941 -4.91807
33.7956 -4.93774
33.7971 -4.95724
33.7986 -4.97656
33.8002 -4.99572
33.8017 -5.0147
33.8032 -5.03352
33.8047 -5.05216
33.8062 -5.07064
33.8077 -5.08894
33.8092 -5.10708
33.8107 -5.12505
33.8122 -5.14285
33.8137 -5.16049
33.8152 -5.17795
33.8167 -5.19526
33.8182 -5.2124
33.8197 -5.22937
33.8212 -5.24618
33.8227 -5.26283
33.8242 -5.27931
33.8257 -5.29563
33.8272 -5.31179
33.8287 -5.32779
33.8302 -5.34362
33.8317 -5.3593
33.8332 -5.37482
33.8347 -5.39017
33.8362 -5.40537
33.8377 -5.42041
33.8392 -5.43529
33.8407 -5.45002
33.8422 -5.46459
33.8437 -5.479
33.8452 -5.49326
33.8467 -5.50736
33.8482 -5.5213
33.8497 -5.5351
33.8512 -5.54874
33.8527 -5.56222
33.8542 -5.57556
33.8557 -5.58874
33.8572 -5.60177
33.8587 -5.61465
33.8602 -5.62737
33.8617 -5.63995
33.8632 -5.65238
33.8647 -5.66466
33.8662 -5.67679
33.8677 -5.68878
33.8692 -5.70061
33.8707 -5.7123
33.8722 -5.72384
33.8737 -5.73524
33.8752 -5.74649
33.8767 -5.7576
33.8782 -5.76856
33.8797 -5.77938
33.8812 -5.79005
33.8827 -5.80058
33.8842 -5.81097
33.8857 -5.82122
33.8872 -5.83133
33.8887 -5.84129
33.8902 -5.85112
33.8917 -5.8608
33.8932 -5.87035
33.8947 -5.87975
33.8962 -5.88902
33.8977 -5.89815
33.8992 -5.90714
33.9007 -5.916
33.9022 -5.92472
33.9037 -5.9333
33.9052 -5.94175
33.9067 -5.95006
33.9082 -5.95824
33.9097 -5.96629
33.9112 -5.9742
33.9127 -5.98198
33.9142 -5.98962
33.9157 -5.99714
33.9172 -6.00452
33.9187 -6.01177
33.9202 -6.01889
33.9217 -6.02588
33.9232 -6.03274
33.9247 -6.03948
33.9262 -6.04608
33.9277 -6.05255
33.9292 -6.0589
33.9307 -6.06512
33.9322 -6.07122
33.9337 -6.07718
33.9352 -6.08303
33.9367 -6.08874
33.9382 -6.09433
33.9397 -6.0998
33.9412 -6.10514
33.9427 -6.11036
33.9442 -6.11546
33.9457 -6.12044
33.9472 -6.12529
33.9487 -6.13002
33.9502 -6.13463
33.9517 -6.13912
33.9532 -6.14349
33.9547 -6.14774
33.9562 -6.15187
33.9577 -6.15589
33.9592 -6.15978
33.9607 -6.16356
33.9622 -6.16722
33.9637 -6.17076
33.9652 -6.17419
33.9667 -6.1775
33.9682 -6.1807
33.9697 -6.18378
33.9712 -6.18674
33.9727 -6.18959
33.9742 -6.19233
33.9757 -6.19496
33.9772 -6.19747
33.9787 -6.19987
33.9802 -6.20216
33.9817 -6.20434
33.9832 -6.20641
33.9847 -6.20837
33.9862 -6.21021
33.9877 -6.21195
33.9892 -6.21358
33.9907 -6.2151
33.9922 -6.21651
33.9937 -6.21782
33.9952 -6.21901
33.9967 -6.22011
33.9982 -6.22109
33.9997 -6.22197
34.0013 -6.22274
34.0028 -6.22341
34.0043 -6.22398
34.0058 -6.22444
34.0073 -6.22479
34.0088 -6.22505
34.0103 -6.2252
34.0118 -6.22525
34.0133 -6.2252
34.0148 -6.22504
34.0163 -6.22479
34.0178 -6.22443
34.0193 -6.22398
34.0208 -6.22342
34.0223 -6.22277
34.0238 -6.22201
34.0253 -6.22116
34.0268 -6.22021
34.0283 -6.21917
34.0298 -6.21803
34.0313 -6.21679
34.0328 -6.21545
34.0343 -6.21402
34.0358 -6.21249
34.0373 -6.21087
34.0388 -6.20916
34.0403 -6.20735
34.0418 -6.20545
34.0433 -6.20345
34.0448 -6.20136
34.0463 -6.19918
34.0478 -6.19691
34.0493 -6.19455
34.0508 -6.19209
34.0523 -6.18955
34.0538 -6.18692
34.0553 -6.18419
34.0568 -6.18138
34.0583 -6.17848
34.0598 -6.17549
34.0613 -6.17241
34.0628 -6.16924
34.0643 -6.16599
34.0658 -6.16265
34.0673 -6.15922
34.0688 -6.15571
34.0703 -6.15212
34.0718 -6.14843
34.0733 -6.14467
34.0748 -6.14082
34.0763 -6.13688
34.0778 -6.13287
34.0793 -6.12877
34.0808 -6.12458
34.0823 -6.12032
34.0838 -6.11597
34.0853 -6.11154
34.0868 -6.10704
34.0883 -6.10245
34.0898 -6.09778
34.0913 -6.09303
34.0928 -6.0882
34.0943 -6.0833
34.0958 -6.07831
34.0973 -6.07325
34.0988 -6.06811
34.1003 -6.06289
34.1018 -6.0576
34.1033 -6.05223
34.1048 -6.04678
34.1063 -6.04126
34.1078 -6.03566
34.1093 -6.02999
34.1108 -6.02424
34.1123 -6.01842
34.1138 -6.01253
34.1153 -6.00656
34.1168 -6.00052
34.1183 -5.99441
34.1198 -5.98823
34.1213 -5.98197
34.1228 -5.97565
34.1243 -5.96925
34.1258 -5.96278
34.1273 -5.95624
34.1288 -5.94964
34.1303 -5.94296
34.1318 -5.93621
34.1333 -5.9294
34.1348 -5.92252
34.1363 -5.91557
34.1378 -5.90855
34.1393 -5.90147
34.1408 -5.89432
34.1423 -5.8871
34.1438 -5.87982
34.1453 -5.87248
34.1468 -5.86506
34.1483 -5.85759
34.1498 -5.85005
34.1513 -5.84244
34.1528 -5.83478
34.1543 -5.82704
34.1558 -5.81925
34.1573 -5.8114
34.1588 -5.80348
34.1603 -5.7955
34.1618 -5.78746
34.1633 -5.77936
34.1648 -5.7712
34.1663 -5.76298
34.1678 -5.75469
34.1693 -5.74635
34.1708 -5.73796
34.1723 -5.7295
34.1738 -5.72098
34.1753 -5.71241
34.1768 -5.70378
34.1783 -5.69509
34.1798 -5.68635
34.1813 -5.67755
34.1828 -5.66869
34.1843 -5.65978
34.1858 -5.65081
34.1873 -5.64179
34.1888 -5.63271
34.1903 -5.62358
34.1918 -5.6144
34.1933 -5.60516
34.1948 -5.59587
34.1963 -5.58652
34.1978 -5.57713
34.1993 -5.56768
34.2009 -5.55818
34.2024 -5.54863
34.2039 -5.53903
34.2054 -5.52938
34.2069 -5.51968
34.2084 -5.50993
34.2099 -5.50012
34.2114 -5.49027
34.2129 -5.48038
34.2144 -5.47043
34.2159 -5.46043
34.2174 -5.45039
34.2189 -5.4403
34.2204 -5.43016
34.2219 -5.41998
34.2234 -5.40975
34.2249 -5.39948
34.2264 -5.38915
34.2279 -5.37879
34.2294 -5.36838
34.2309 -5.35792
34.2324 -5.34742
34.2339 -5.33688
34.2354 -5.32629
34.2369 -5.31566
34.2384 -5.30499
34.2399 -5.29427
34.2414 -5.28351
34.2429 -5.27272
34.2444 -5.26187
34.2459 -5.25099
34.2474 -5.24007
34.2489 -5.22911
34.2504 -5.21811
34.2519 -5.20706
34.2534 -5.19598
34.2549 -5.18486
34.2564 -5.1737
34.2579 -5.1625
34.2594 -5.15127
34.2609 -5.13999
34.2624 -5.12868
34.2639 -5.11733
34.2654 -5.10595
34.2669 -5.09453
34.2684 -5.08307
34.2699 -5.07157
34.2714 -5.06005
34.2729 -5.04848
34.2744 -5.03688
34.2759 -5.02525
34.2774 -5.01358
34.2789 -5.00188
34.2804 -4.99015
34.2819 -4.97838
34.2834 -4.96658
34.2849 -4.95475
34.2864 -4.94288
34.2879 -4.93099
34.2894 -4.91906
34.2909 -4.9071
34.2924 -4.89511
34.2939 -4.88309
34.2954 -4.87104
34.2969 -4.85896
34.2984 -4.84685
34.2999 -4.83471
34.3014 -4.82254
34.3029 -4.81034
34.3044 -4.79812
34.3059 -4.78586
34.3074 -4.77358
34.3089 -4.76127
34.3104 -4.74894
34.3119 -4.73657
34.3134 -4.72418
34.3149 -4.71177
34.3164 -4.69933
34.3179 -4.68686
34.3194 -4.67437
34.3209 -4.66185
34.3224 -4.64931
34.3239 -4.63674
34.3254 -4.62415
34.3269 -4.61154
34.3284 -4.5989
34.3299 -4.58624
34.3314 -4.57356
34.3329 -4.56085
34.3344 -4.54812
34.3359 -4.53537
34.3374 -4.5226
34.3389 -4.50981
34.3404 -4.49699
34.3419 -4.48416
34.3434 -4.4713
34.3449 -4.45843
34.3464 -4.44553
34.3479 -4.43262
34.3494 -4.41968
34.3509 -4.40673
34.3524 -4.39376
34.3539 -4.38077
34.3554 -4.36776
34.3569 -4.35474
34.3584 -4.34169
34.3599 -4.32863
34.3614 -4.31555
34.3629 -4.30246
34.3644 -4.28935
34.3659 -4.27622
34.3674 -4.26308
34.3689 -4.24992
34.3704 -4.23675
34.3719 -4.22356
34.3734 -4.21036
34.3749 -4.19714
34.3764 -4.18391
34.3779 -4.17066
34.3794 -4.1574
34.3809 -4.14413
34.3824 -4.13085
34.3839 -4.11755
34.3854 -4.10424
34.3869 -4.09092
34.3884 -4.07758
34.3899 -4.06424
34.3914 -4.05088
34.3929 -4.03751
34.3944 -4.02413
34.3959 -4.01074
34.3974 -3.99734
34.3989 -3.98393
34.4005 -3.97051
34.402 -3.95708
34.4035 -3.94364
34.405 -3.9302
34.4065 -3.91674
34.408 -3.90328
34.4095 -3.88981
34.411 -3.87633
34.4125 -3.86284
34.414 -3.84934
34.4155 -3.83584
34.417 -3.82233
34.4185 -3.80882
34.42 -3.7953
34.4215 -3.78177
34.423 -3.76824
34.4245 -3.7547
34.426 -3.74115
34.4275 -3.7276
34.429 -3.71405
34.4305 -3.70049
34.432 -3.68693
34.4335 -3.67337
34.435 -3.6598
34.4365 -3.64622
34.438 -3.63265
34.4395 -3.61907
34.441 -3.60548
34.4425 -3.5919
34.444 -3.57831
34.4455 -3.56473
34.447 -3.55114
34.4485 -3.53754
34.45 -3.52395
34.4515 -3.51036
34.453 -3.49676
34.4545 -3.48317
34.456 -3.46957
34.4575 -3.45598
34.459 -3.44239
34.4605 -3.42879
34.462 -3.4152
34.4635 -3.40161
34.465 -3.38802
34.4665 -3.37443
34.468 -3.36084
34.4695 -3.34725
34.471 -3.33367
34.4725 -3.32009
34.474 -3.30651
34.4755 -3.29294
34.477 -3.27936
34.4785 -3.2658
34.48 -3.25223
34.4815 -3.23867
34.483 -3.22511
34.4845 -3.21156
34.486 -3.19801
34.4875 -3.18447
34.489 -3.17093
34.4905 -3.1574
34.492 -3.14387
34.4935 -3.13035
34.495 -3.11683
34.4965 -3.10333
34.498 -3.08982
34.4995 -3.07633
34.501 -3.06284
34.5025 -3.04935
34.504 -3.03588
34.5055 -3.02241
34.507 -3.00895
34.5085 -2.9955
34.51 -2.98206
34.5115 -2.96862
34.513 -2.95519
34.5145 -2.94178
34.516 -2.92837
34.5175 -2.91497
34.519 -2.90158
34.5205 -2.8882
34.522 -2.87483
34.5235 -2.86147
34.525 -2.84812
34.5265 -2.83478
34.528 -2.82145
34.5295 -2.80814
34.531 -2.79483
34.5325 -2.78153
34.534 -2.76825
34.5355 -2.75498
34.537 -2.74172
34.5385 -2.72847
34.54 -2.71524
34.5415 -2.70202
34.543 -2.68881
34.5445 -2.67562
34.546 -2.66243
34.5475 -2.64926
34.549 -2.63611
34.5505 -2.62297
34.552 -2.60984
34.5535 -2.59673
34.555 -2.58363
34.5565 -2.57055
34.558 -2.55748
34.5595 -2.54442
34.561 -2.53139
34.5625 -2.51836
34.564 -2.50536
34.5655 -2.49237
34.567 -2.47939
34.5685 -2.46643
34.57 -2.45349
34.5715 -2.44056
34.573 -2.42766
34.5745 -2.41476
34.576 -2.40189
34.5775 -2.38903
34.579 -2.37619
34.5805 -2.36337
34.582 -2.35057
34.5835 -2.33778
34.585 -2.32502
34.5865 -2.31227
34.588 -2.29954
34.5895 -2.28683
34.591 -2.27414
34.5925 -2.26147
34.594 -2.24881
34.5955 -2.23618
34.597 -2.22357
34.5985 -2.21098
34.6001 -2.1984
34.6016 -2.18585
34.6031 -2.17332
34.6046 -2.16081
34.6061 -2.14832
34.6076 -2.13585
34.6091 -2.1234
34.6106 -2.11098
34.6121 -2.09857
34.6136 -2.08619
34.6151 -2.07383
34.6166 -2.06149
34.6181 -2.04917
34.6196 -2.03688
34.6211 -2.02461
34.6226 -2.01236
34.6241 -2.00014
34.6256 -1.98793
34.6271 -1.97576
34.6286 -1.9636
34.6301 -1.95147
34.6316 -1.93936
34.6331 -1.92728
34.6346 -1.91522
34.6361 -1.90319
34.6376 -1.89118
34.6391 -1.87919
34.6406 -1.86723
34.6421 -1.85529
34.6436 -1.84338
34.6451 -1.8315
34.6466 -1.81964
34.6481 -1.8078
34.6496 -1.796
34.6511 -1.78421
34.6526 -1.77246
34.6541 -1.76073
34.6556 -1.74902
34.6571 -1.73735
34.6586 -1.7257
34.6601 -1.71407
34.6616 -1.70248
34.6631 -1.69091
34.6646 -1.67937
34.6661 -1.66785
34.6676 -1.65637
34.6691 -1.64491
34.6706 -1.63348
34.6721 -1.62207
34.6736 -1.6107
34.6751 -1.59935
34.6766 -1.58804
34.6781 -1.57675
34.6796 -1.56549
34.6811 -1.55426
34.6826 -1.54305
34.6841 -1.53188
34.6856 -1.52074
34.6871 -1.50963
34.6886 -1.49854
34.6901 -1.48749
34.6916 -1.47646
34.6931 -1.46547
34.6946 -1.45451
34.6961 -1.44357
34.6976 -1.43267
34.6991 -1.4218
34.7006 -1.41096
34.7021 -1.40015
34.7036 -1.38937
34.7051 -1.37862
34.7066 -1.3679
34.7081 -1.35722
34.7096 -1.34656
34.7111 -1.33594
34.7126 -1.32535
34.7141 -1.31479
34.7156 -1.30426
34.7171 -1.29377
34.7186 -1.28331
34.7201 -1.27288
34.7216 -1.26248
34.7231 -1.25212
34.7246 -1.24179
34.7261 -1.23149
34.7276 -1.22123
34.7291 -1.21099
34.7306 -1.2008
34.7321 -1.19063
34.7336 -1.1805
34.7351 -1.1704
34.7366 -1.16034
34.7381 -1.15031
34.7396 -1.14031
34.7411 -1.13035
34.7426 -1.12043
34.7441 -1.11053
34.7456 -1.10068
34.7471 -1.09085
34.7486 -1.08106
34.7501 -1.07131
34.7516 -1.06159
34.7531 -1.05191
34.7546 -1.04226
34.7561 -1.03265
34.7576 -1.02307
34.7591 -1.01353
34.7606 -1.00402
34.7621 -0.994548
34.7636 -0.985114
34.7651 -0.975715
34.7666 -0.966352
34.7681 -0.957025
34.7696 -0.947735
34.7711 -0.938481
34.7726 -0.929264
34.7741 -0.920083
34.7756 -0.910939
34.7771 -0.901831
34.7786 -0.892761
34.7801 -0.883728
34.7816 -0.874731
34.7831 -0.865772
34.7846 -0.85685
34.7861 -0.847966
34.7876 -0.839119
34.7891 -0.83031
34.7906 -0.821538
34.7921 -0.812804
34.7936 -0.804108
34.7951 -0.79545
34.7966 -0.78683
34.7981 -0.778248
34.7996 -0.769705
34.8012 -0.7612
34.8027 -0.752733
34.8042 -0.744304
34.8057 -0.735915
34.8072 -0.727564
34.8087 -0.719251
34.8102 -0.710978
34.8117 -0.702744
34.8132 -0.694548
34.8147 -0.686392
34.8162 -0.678275
34.8177 -0.670197
34.8192 -0.662158
34.8207 -0.654159
34.8222 -0.6462
34.8237 -0.63828
34.8252 -0.630399
34.8267 -0.622559
34.8282 -0.614758
34.8297 -0.606997
34.8312 -0.599277
34.8327 -0.591596
34.8342 -0.583956
34.8357 -0.576355
34.8372 -0.568795
34.8387 -0.561276
34.8402 -0.553796
34.8417 -0.546358
34.8432 -0.538959
34.8447 -0.531602
34.8462 -0.524285
34.8477 -0.517009
34.8492 -0.509774
34.8507 -0.50258
34.8522 -0.495427
34.8537 -0.488315
34.8552 -0.481244
34.8567 -0.474214
34.8582 -0.467226
34.8597 -0.460278
34.8612 -0.453373
34.8627 -0.446508
34.8642 -0.439685
34.8657 -0.432904
34.8672 -0.426165
34.8687 -0.419467
34.8702 -0.41281
34.8717 -0.406196
34.8732 -0.399624
34.8747 -0.393093
34.8762 -0.386604
34.8777 -0.380158
34.8792 -0.373754
34.8807 -0.367391
34.8822 -0.361071
34.8837 -0.354793
34.8852 -0.348558
34.8867 -0.342365
34.8882 -0.336214
34.8897 -0.330106
34.8912 -0.32404
34.8927 -0.318017
34.8942 -0.312036
34.8957 -0.306098
34.8972 -0.300203
34.8987 -0.29435
34.9002 -0.288541
34.9017 -0.282774
34.9032 -0.27705
34.9047 -0.271369
34.9062 -0.265731
34.9077 -0.260136
34.9092 -0.254584
34.9107 -0.249075
34.9122 -0.243609
34.9137 -0.238187
34.9152 -0.232807
34.9167 -0.227471
34.9182 -0.222179
34.9197 -0.216929
34.9212 -0.211723
34.9227 -0.20656
34.9242 -0.201441
34.9257 -0.196365
34.9272 -0.191333
34.9287 -0.186344
34.9302 -0.181399
34.9317 -0.176498
34.9332 -0.17164
34.9347 -0.166826
34.9362 -0.162055
34.9377 -0.157328
34.9392 -0.152645
34.9407 -0.148006
34.9422 -0.14341
34.9437 -0.138859
34.9452 -0.134351
34.9467 -0.129887
34.9482 -0.125467
34.9497 -0.121091
34.9512 -0.116759
34.9527 -0.112471
34.9542 -0.108227
34.9557 -0.104027
34.9572 -0.0998707
34.9587 -0.0957587
34.9602 -0.0916907
34.9617 -0.0876669
34.9632 -0.0836872
34.9647 -0.0797516
34.9662 -0.0758602
34.9677 -0.0720129
34.9692 -0.0682098
34.9707 -0.0644509
34.9722 -0.0607362
34.9737 -0.0570658
34.9752 -0.0534395
34.9767 -0.0498575
34.9782 -0.0463198
34.9797 -0.0428263
34.9812 -0.039377
34.9827 -0.0359721
34.9842 -0.0326115
34.9857 -0.0292951
34.9872 -0.026023
34.9887 -0.0227953
34.9902 -0.0196119
34.9917 -0.0164728
34.9932 -0.013378
34.9947 -0.0103275
34.9962 -0.00732138
34.9977 -0.00435958
34.9992 -0.00144211
35.0008 0.00143103
35.0023 0.00425983
35.0038 0.0070443
35.0053 0.00978444
35.0068 0.0124803
35.0083 0.0151317
35.0098 0.0177389
35.0113 0.0203017
35.0128 0.0228203
35.0143 0.0252945
35.0158 0.0277244
35.0173 0.03011
35.0188 0.0324514
35.0203 0.0347484
35.0218 0.0370012
35.0233 0.0392097
35.0248 0.041374
35.0263 0.043494
35.0278 0.0455698
35.0293 0.0476014
35.0308 0.0495887
35.0323 0.0515319
35.0338 0.0534309
35.0353 0.0552858
35.0368 0.0570965
35.0383 0.058863
35.0398 0.0605855
35.0413 0.0622638
35.0428 0.0638981
35.0443 0.0654883
35.0458 0.0670345
35.0473 0.0685366
35.0488 0.0699948
35.0503 0.071409
35.0518 0.0727792
35.0533 0.0741055
35.0548 0.0753879
35.0563 0.0766264
35.0578 0.077821
35.0593 0.0789718
35.0608 0.0800788
35.0623 0.081142
35.0638 0.0821615
35.0653 0.0831372
35.0668 0.0840693
35.0683 0.0849576
35.0698 0.0858024
35.0713 0.0866035
35.0728 0.0873611
35.0743 0.0880751
35.0758 0.0887456
35.0773 0.0893727
35.0788 0.0899563
35.0803 0.0904965
35.0818 0.0909933
35.0833 0.0914468
35.0848 0.091857
35.0863 0.0922239
35.0878 0.0925477
35.0893 0.0928282
35.0908 0.0930656
35.0923 0.0932599
35.0938 0.0934112
35.0953 0.0935194
35.0968 0.0935846
35.0983 0.093607
35.0998 0.0935864
35.1013 0.093523
35.1028 0.0934168
35.1043 0.0932678
35.1058 0.0930762
35.1073 0.0928418
35.1088 0.0925649
35.1103 0.0922454
35.1118 0.0918834
35.1133 0.0914789
35.1148 0.091032
35.1163 0.0905428
35.1178 0.0900112
35.1193 0.0894374
35.1208 0.0888214
35.1223 0.0881632
35.1238 0.087463
35.1253 0.0867206
35.1268 0.0859364
35.1283 0.0851101
35.1298 0.0842421
35.1313 0.0833322
35.1328 0.0823805
35.1343 0.0813871
35.1358 0.0803522
35.1373 0.0792756
35.1388 0.0781575
35.1403 0.076998
35.1418 0.0757971
35.1433 0.0745549
35.1448 0.0732714
35.1463 0.0719467
35.1478 0.0705809
35.1493 0.069174
35.1508 0.0677261
35.1523 0.0662373
35.1538 0.0647076
35.1553 0.0631371
35.1568 0.061526
35.1583 0.0598741
35.1598 0.0581817
35.1613 0.0564487
35.1628 0.0546753
35.1643 0.0528616
35.1658 0.0510076
35.1673 0.0491133
35.1688 0.0471789
35.1703 0.0452044
35.1718 0.0431899
35.1733 0.0411355
35.1748 0.0390413
35.1763 0.0369073
35.1778 0.0347337
35.1793 0.0325204
35.1808 0.0302676
35.1823 0.0279754
35.1838 0.0256438
35.1853 0.0232729
35.1868 0.0208628
35.1883 0.0184136
35.1898 0.0159254
35.1913 0.0133983
35.1928 0.0108323
35.1943 0.00822749
35.1958 0.00558403
35.1973 0.00290198
35.1988 0.000181412
35.2004 -0.00257757
35.2019 -0.00537488
35.2034 -0.00821043
35.2049 -0.0110841
35.2064 -0.0139959
35.2079 -0.0169456
35.2094 -0.0199332
35.2109 -0.0229586
35.2124 -0.0260216
35.2139 -0.0291222
35.2154 -0.0322604
35.2169 -0.0354359
35.2184 -0.0386487
35.2199 -0.0418987
35.2214 -0.0451859
35.2229 -0.04851
35.2244 -0.051871
35.2259 -0.0552689
35.2274 -0.0587034
35.2289 -0.0621746
35.2304 -0.0656822
35.2319 -0.0692262
35.2334 -0.0728066
35.2349 -0.0764231
35.2364 -0.0800757
35.2379 -0.0837643
35.2394 -0.0874887
35.2409 -0.0912489
35.2424 -0.0950448
35.2439 -0.0988762
35.2454 -0.102743
35.2469 -0.106645
35.2484 -0.110583
35.2499 -0.114555
35.2514 -0.118563
35.2529 -0.122605
35.2544 -0.126682
35.2559 -0.130794
35.2574 -0.13494
35.2589 -0.139121
35.2604 -0.143336
35.2619 -0.147585
35.2634 -0.151869
35.2649 -0.156186
35.2664 -0.160537
35.2679 -0.164922
35.2694 -0.16934
35.2709 -0.173792
35.2724 -0.178278
35.2739 -0.182796
35.2754 -0.187348
35.2769 -0.191932
35.2784 -0.19655
35.2799 -0.2012
35.2814 -0.205883
35.2829 -0.210598
35.2844 -0.215346
35.2859 -0.220126
35.2874 -0.224938
35.2889 -0.229782
35.2904 -0.234658
35.2919 -0.239565
35.2934 -0.244505
35.2949 -0.249475
35.2964 -0.254477
35.2979 -0.25951
35.2994 -0.264574
35.3009 -0.26967
35.3024 -0.274796
35.3039 -0.279952
35.3054 -0.285139
35.3069 -0.290357
35.3084 -0.295604
35.3099 -0.300882
35.3114 -0.30619
35.3129 -0.311528
35.3144 -0.316895
35.3159 -0.322292
35.3174 -0.327718
35.3189 -0.333174
35.3204 -0.338658
35.3219 -0.344172
35.3234 -0.349714
35.3249 -0.355286
35.3264 -0.360885
35.3279 -0.366513
35.3294 -0.37217
35.3309 -0.377854
35.3324 -0.383567
35.3339 -0.389307
35.3354 -0.395075
35.3369 -0.40087
35.3384 -0.406693
35.3399 -0.412543
35.3414 -0.41842
35.3429 -0.424323
35.3444 -0.430254
35.3459 -0.436211
35.3474 -0.442195
35.3489 -0.448205
35.3504 -0.454241
35.3519 -0.460303
35.3534 -0.466391
35.3549 -0.472504
35.3564 -0.478643
35.3579 -0.484807
35.3594 -0.490997
35.3609 -0.497211
35.3624 -0.50345
35.3639 -0.509714
35.3654 -0.516003
35.3669 -0.522316
35.3684 -0.528653
35.3699 -0.535014
35.3714 -0.541399
35.3729 -0.547808
35.3744 -0.55424
35.3759 -0.560695
35.3774 -0.567174
35.3789 -0.573676
35.3804 -0.5802
35.3819 -0.586748
35.3834 -0.593318
35.3849 -0.59991
35.3864 -0.606524
35.3879 -0.61316
35.3894 -0.619819
35.3909 -0.626498
35.3924 -0.6332
35.3939 -0.639922
35.3954 -0.646666
35.3969 -0.65343
35.3984 -0.660216
35.3999 -0.667022
35.4015 -0.673848
35.403 -0.680695
35.4045 -0.687561
35.406 -0.694448
35.4075 -0.701354
35.409 -0.70828
35.4105 -0.715225
35.412 -0.722189
35.4135 -0.729172
35.415 -0.736174
35.4165 -0.743194
35.418 -0.750233
35.4195 -0.75729
35.421 -0.764365
35.4225 -0.771458
35.424 -0.778569
35.4255 -0.785697
35.427 -0.792842
35.4285 -0.800004
35.43 -0.807183
35.4315 -0.814379
35.433 -0.821592
35.4345 -0.82882
35.436 -0.836065
35.4375 -0.843326
35.439 -0.850602
35.4405 -0.857894
35.442 -0.865201
35.4435 -0.872523
35.445 -0.87986
35.4465 -0.887212
35.448 -0.894579
35.4495 -0.901959
35.451 -0.909354
35.4525 -0.916763
35.454 -0.924185
35.4555 -0.931621
35.457 -0.939071
35.4585 -0.946533
35.46 -0.954008
35.4615 -0.961496
35.463 -0.968997
35.4645 -0.976509
35.466 -0.984034
35.4675 -0.991571
35.469 -0.999119
35.4705 -1.00668
35.472 -1.01425
35.4735 -1.02183
35.475 -1.02942
35.4765 -1.03703
35.478 -1.04464
35.4795 -1.05227
35.481 -1.0599
35.4825 -1.06754
35.484 -1.0752
35.4855 -1.08286
35.487 -1.09053
35.4885 -1.09821
35.49 -1.1059
35.4915 -1.1136
35.493 -1.1213
35.4945 -1.12901
35.496 -1.13674
35.4975 -1.14447
35.499 -1.1522
35.5005 -1.15994
35.502 -1.16769
35.5035 -1.17545
35.505 -1.18321
35.5065 -1.19098
35.508 -1.19876
35.5095 -1.20654
35.511 -1.21433
35.5125 -1.22212
35.514 -1.22991
35.5155 -1.23772
35.517 -1.24552
35.5185 -1.25333
35.52 -1.26115
35.5215 -1.26897
35.523 -1.27679
35.5245 -1.28461
35.526 -1.29244
35.5275 -1.30028
35.529 -1.30811
35.5305 -1.31595
35.532 -1.32379
35.5335 -1.33163
35.535 -1.33947
35.5365 -1.34731
35.538 -1.35516
35.5395 -1.36301
35.541 -1.37085
35.5425 -1.3787
35.544 -1.38655
35.5455 -1.3944
35.547 -1.40225
35.5485 -1.4101
35.55 -1.41794
35.5515 -1.42579
35.553 -1.43363
35.5545 -1.44148
35.556 -1.44932
35.5575 -1.45716
35.559 -1.465
35.5605 -1.47283
35.562 -1.48067
35.5635 -1.4885
35.565 -1.49632
35.5665 -1.50415
35.568 -1.51197
35.5695 -1.51978
35.571 -1.52759
35.5725 -1.5354
35.574 -1.5432
35.5755 -1.551
35.577 -1.55879
35.5785 -1.56658
35.58 -1.57436
35.5815 -1.58214
35.583 -1.58991
35.5845 -1.59767
35.586 -1.60542
35.5875 -1.61317
35.589 -1.62091
35.5905 -1.62865
35.592 -1.63637
35.5935 -1.64409
35.595 -1.6518
35.5965 -1.6595
35.598 -1.66719
35.5995 -1.67488
35.6011 -1.68255
35.6026 -1.69021
35.6041 -1.69787
35.6056 -1.70551
35.6071 -1.71314
35.6086 -1.72076
35.6101 -1.72838
35.6116 -1.73598
35.6131 -1.74356
35.6146 -1.75114
35.6161 -1.7587
35.6176 -1.76625
35.6191 -1.77379
35.6206 -1.78132
35.6221 -1.78883
35.6236 -1.79633
35.6251 -1.80382
35.6266 -1.81129
35.6281 -1.81874
35.6296 -1.82619
35.6311 -1.83361
35.6326 -1.84103
35.6341 -1.84842
35.6356 -1.8558
35.6371 -1.86317
35.6386 -1.87051
35.6401 -1.87785
35.6416 -1.88516
35.6431 -1.89246
35.6446 -1.89974
35.6461 -1.907
35.6476 -1.91424
35.6491 -1.92147
35.6506 -1.92868
35.6521 -1.93586
35.6536 -1.94303
35.6551 -1.95018
35.6566 -1.95731
35.6581 -1.96442
35.6596 -1.97151
35.6611 -1.97857
35.6626 -1.98562
35.6641 -1.99265
35.6656 -1.99965
35.6671 -2.00663
35.6686 -2.01359
35.6701 -2.02053
35.6716 -2.02744
35.6731 -2.03433
35.6746 -2.0412
35.6761 -2.04805
35.6776 -2.05487
35.6791 -2.06166
35.6806 -2.06843
35.6821 -2.07518
35.6836 -2.0819
35.6851 -2.08859
35.6866 -2.09526
35.6881 -2.10191
35.6896 -2.10852
35.6911 -2.11511
35.6926 -2.12168
35.6941 -2.12821
35.6956 -2.13472
35.6971 -2.1412
35.6986 -2.14765
35.7001 -2.15407
35.7016 -2.16047
35.7031 -2.16683
35.7046 -2.17316
35.7061 -2.17947
35.7076 -2.18574
35.7091 -2.19199
35.7106 -2.1982
35.7121 -2.20438
35.7136 -2.21053
35.7151 -2.21665
35.7166 -2.22274
35.7181 -2.22879
35.7196 -2.23481
35.7211 -2.2408
35.7226 -2.24675
35.7241 -2.25267
35.7256 -2.25856
35.7271 -2.26441
35.7286 -2.27023
35.7301 -2.27601
35.7316 -2.28176
35.7331 -2.28747
35.7346 -2.29315
35.7361 -2.29879
35.7376 -2.30439
35.7391 -2.30995
35.7406 -2.31548
35.7421 -2.32097
35.7436 -2.32642
35.7451 -2.33184
35.7466 -2.33721
35.7481 -2.34255
35.7496 -2.34784
35.7511 -2.3531
35.7526 -2.35832
35.7541 -2.36349
35.7556 -2.36863
35.7571 -2.37372
35.7586 -2.37877
35.7601 -2.38379
35.7616 -2.38875
35.7631 -2.39368
35.7646 -2.39857
35.7661 -2.40341
35.7676 -2.4082
35.7691 -2.41296
35.7706 -2.41767
35.7721 -2.42233
35.7736 -2.42695
35.7751 -2.43153
35.7766 -2.43606
35.7781 -2.44054
35.7796 -2.44498
35.7811 -2.44937
35.7826 -2.45371
35.7841 -2.45801
35.7856 -2.46226
35.7871 -2.46646
35.7886 -2.47061
35.7901 -2.47471
35.7916 -2.47877
35.7931 -2.48277
35.7946 -2.48673
35.7961 -2.49063
35.7976 -2.49449
35.7991 -2.49829
35.8007 -2.50204
35.8022 -2.50575
35.8037 -2.5094
35.8052 -2.51299
35.8067 -2.51654
35.8082 -2.52003
35.8097 -2.52347
35.8112 -2.52685
35.8127 -2.53018
35.8142 -2.53346
35.8157 -2.53668
35.8172 -2.53984
35.8187 -2.54295
35.8202 -2.54601
35.8217 -2.54901
35.8232 -2.55195
35.8247 -2.55483
35.8262 -2.55766
35.8277 -2.56043
35.8292 -2.56314
35.8307 -2.56579
35.8322 -2.56839
35.8337 -2.57092
35.8352 -2.5734
35.8367 -2.57581
35.8382 -2.57817
35.8397 -2.58046
35.8412 -2.58269
35.8427 -2.58486
35.8442 -2.58697
35.8457 -2.58902
35.8472 -2.591
35.8487 -2.59293
35.8502 -2.59478
35.8517 -2.59658
35.8532 -2.59831
35.8547 -2.59997
35.8562 -2.60157
35.8577 -2.60311
35.8592 -2.60458
35.8607 -2.60598
35.8622 -2.60732
35.8637 -2.60859
35.8652 -2.60979
35.8667 -2.61093
35.8682 -2.612
35.8697 -2.61299
35.8712 -2.61392
35.8727 -2.61479
35.8742 -2.61558
35.8757 -2.6163
35.8772 -2.61695
35.8787 -2.61753
35.8802 -2.61804
35.8817 -2.61848
35.8832 -2.61884
35.8847 -2.61913
35.8862 -2.61935
35.8877 -2.6195
35.8892 -2.61958
35.8907 -2.61958
35.8922 -2.6195
35.8937 -2.61935
35.8952 -2.61913
35.8967 -2.61883
35.8982 -2.61845
35.8997 -2.618
35.9012 -2.61747
35.9027 -2.61687
35.9042 -2.61618
35.9057 -2.61542
35.9072 -2.61458
35.9087 -2.61366
35.9102 -2.61266
35.9117 -2.61159
35.9132 -2.61043
35.9147 -2.60919
35.9162 -2.60787
35.9177 -2.60647
35.9192 -2.60499
35.9207 -2.60343
35.9222 -2.60178
35.9237 -2.60005
35.9252 -2.59824
35.9267 -2.59634
35.9282 -2.59436
35.9297 -2.5923
35.9312 -2.59015
35.9327 -2.58792
35.9342 -2.5856
35.9357 -2.58319
35.9372 -2.58069
35.9387 -2.57811
35.9402 -2.57545
35.9417 -2.57269
35.9432 -2.56985
35.9447 -2.56691
35.9462 -2.56389
35.9477 -2.56078
35.9492 -2.55758
35.9507 -2.55428
35.9522 -2.5509
35.9537 -2.54743
35.9552 -2.54386
35.9567 -2.5402
35.9582 -2.53645
35.9597 -2.53261
35.9612 -2.52867
35.9627 -2.52464
35.9642 -2.52051
35.9657 -2.51629
35.9672 -2.51198
35.9687 -2.50757
35.9702 -2.50306
35.9717 -2.49846
35.9732 -2.49376
35.9747 -2.48896
35.9762 -2.48406
35.9777 -2.47907
35.9792 -2.47398
35.9807 -2.46879
35.9822 -2.4635
35.9837 -2.4581
35.9852 -2.45261
35.9867 -2.44702
35.9882 -2.44133
35.9897 -2.43553
35.9912 -2.42963
35.9927 -2.42363
35.9942 -2.41753
35.9957 -2.41132
35.9972 -2.40501
35.9987 -2.3986
36.0003 -2.39208
36.0018 -2.38545
36.0033 -2.37872
36.0048 -2.37189
36.0063 -2.36494
36.0078 -2.35789
36.0093 -2.35073
36.0108 -2.34346
36.0123 -2.33609
36.0138 -2.32861
36.0153 -2.32101
36.0168 -2.31331
36.0183 -2.3055
36.0198 -2.29757
36.0213 -2.28954
36.0228 -2.28139
36.0243 -2.27313
36.0258 -2.26476
36.0273 -2.25627
36.0288 -2.24767
36.0303 -2.23896
36.0318 -2.23013
36.0333 -2.22119
36.0348 -2.21213
36.0363 -2.20296
36.0378 -2.19367
36.0393 -2.18427
36.0408 -2.17474
36.0423 -2.1651
36.0438 -2.15534
36.0453 -2.14546
36.0468 -2.13547
36.0483 -2.12535
36.0498 -2.11512
36.0513 -2.10476
36.0528 -2.09428
36.0543 -2.08368
36.0558 -2.07296
36.0573 -2.06212
36.0588 -2.05115
36.0603 -2.04006
36.0618 -2.02885
36.0633 -2.01751
36.0648 -2.00604
36.0663 -1.99446
36.0678 -1.98274
36.0693 -1.9709
36.0708 -1.95894
36.0723 -1.94684
36.0738 -1.93462
36.0753 -1.92227
36.0768 -1.90979
36.0783 -1.89719
36.0798 -1.88445
36.0813 -1.87158
36.0828 -1.85858
36.0843 -1.84546
36.0858 -1.8322
36.0873 -1.8188
36.0888 -1.80528
36.0903 -1.79162
36.0918 -1.77783
36.0933 -1.76391
36.0948 -1.74985
36.0963 -1.73565
36.0978 -1.72132
36.0993 -1.70686
36.1008 -1.69225
36.1023 -1.67751
36.1038 -1.66264
36.1053 -1.64762
36.1068 -1.63247
36.1083 -1.61718
36.1098 -1.60175
36.1113 -1.58618
36.1128 -1.57047
36.1143 -1.55461
36.1158 -1.53862
36.1173 -1.52248
36.1188 -1.50621
36.1203 -1.48978
36.1218 -1.47322
36.1233 -1.45651
36.1248 -1.43966
36.1263 -1.42266
36.1278 -1.40552
36.1293 -1.38823
36.1308 -1.3708
36.1323 -1.35321
36.1338 -1.33548
36.1353 -1.31761
36.1368 -1.29958
36.1383 -1.2814
36.1398 -1.26308
36.1413 -1.24461
36.1428 -1.22598
36.1443 -1.2072
36.1458 -1.18828
36.1473 -1.1692
36.1488 -1.14996
36.1503 -1.13058
36.1518 -1.11104
36.1533 -1.09135
36.1548 -1.0715
36.1563 -1.0515
36.1578 -1.03134
36.1593 -1.01102
36.1608 -0.990553
36.1623 -0.969924
36.1638 -0.949138
36.1653 -0.928193
36.1668 -0.90709
36.1683 -0.885827
36.1698 -0.864405
36.1713 -0.842822
36.1728 -0.821078
36.1743 -0.799173
36.1758 -0.777106
36.1773 -0.754876
36.1788 -0.732484
36.1803 -0.709928
36.1818 -0.687208
36.1833 -0.664323
36.1848 -0.641273
36.1863 -0.618057
36.1878 -0.594676
36.1893 -0.571127
36.1908 -0.547412
36.1923 -0.523528
36.1938 -0.499476
36.1953 -0.475256
36.1968 -0.450866
36.1983 -0.426306
36.1998 -0.401575
36.2014 -0.376674
36.2029 -0.351601
36.2044 -0.326356
36.2059 -0.300938
36.2074 -0.275347
36.2089 -0.249583
36.2104 -0.223644
36.2119 -0.197531
36.2134 -0.171242
36.2149 -0.144777
36.2164 -0.118136
36.2179 -0.0913175
36.2194 -0.0643218
36.2209 -0.0371481
36.2224 -0.00979573
36.2239 0.0177358
36.2254 0.045447
36.2269 0.0733385
36.2284 0.101411
36.2299 0.129664
36.2314 0.1581
36.2329 0.186718
36.2344 0.215519
36.2359 0.244504
36.2374 0.273672
36.2389 0.303026
36.2404 0.332564
36.2419 0.362289
36.2434 0.3922
36.2449 0.422297
36.2464 0.452583
36.2479 0.483056
36.2494 0.513718
36.2509 0.544568
36.2524 0.575609
36.2539 0.60684
36.2554 0.638262
36.2569 0.669875
36.2584 0.70168
36.2599 0.733678
36.2614 0.765868
36.2629 0.798253
36.2644 0.830831
36.2659 0.863605
36.2674 0.896573
36.2689 0.929738
36.2704 0.963099
36.2719 0.996657
36.2734 1.03041
36.2749 1.06437
36.2764 1.09852
36.2779 1.13287
36.2794 1.16742
36.2809 1.20218
36.2824 1.23713
36.2839 1.27229
36.2854 1.30764
36.2869 1.3432
36.2884 1.37897
36.2899 1.41494
36.2914 1.45111
36.2929 1.48748
36.2944 1.52407
36.2959 1.56086
36.2974 1.59785
36.2989 1.63506
36.3004 1.67247
36.3019 1.71009
36.3034 1.74792
36.3049 1.78596
36.3064 1.82421
36.3079 1.86267
36.3094 1.90134
36.3109 1.94022
36.3124 1.97932
36.3139 2.01863
36.3154 2.05816
36.3169 2.09789
36.3184 2.13785
36.3199 2.17802
36.3214 2.2184
36.3229 2.259
36.3244 2.29982
36.3259 2.34086
36.3274 2.38212
36.3289 2.42359
36.3304 2.46529
36.3319 2.50721
36.3334 2.54934
36.3349 2.5917
36.3364 2.63428
36.3379 2.67709
36.3394 2.72011
36.3409 2.76336
36.3424 2.80684
36.3439 2.85054
36.3454 2.89447
36.3469 2.93862
36.3484 2.983
36.3499 3.02761
36.3514 3.07244
36.3529 3.11751
36.3544 3.1628
36.3559 3.20833
36.3574 3.25408
36.3589 3.30007
36.3604 3.34629
36.3619 3.39274
36.3634 3.43942
36.3649 3.48634
36.3664 3.53349
36.3679 3.58088
36.3694 3.6285
36.3709 3.67636
36.3724 3.72445
36.3739 3.77279
36.3754 3.82136
36.3769 3.87017
36.3784 3.91922
36.3799 3.9685
36.3814 4.01803
36.3829 4.0678
36.3844 4.11782
36.3859 4.16807
36.3874 4.21857
36.3889 4.26931
36.3904 4.32029
36.3919 4.37152
36.3934 4.423
36.3949 4.47472
36.3964 4.52669
36.3979 4.5789
36.3994 4.63137
36.401 4.68408
36.4025 4.73704
36.404 4.79025
36.4055 4.84371
36.407 4.89743
36.4085 4.95139
36.41 5.00561
36.4115 5.06008
36.413 5.1148
36.4145 5.16978
36.416 5.22501
36.4175 5.2805
36.419 5.33624
36.4205 5.39225
36.422 5.44851
36.4235 5.50502
36.425 5.5618
36.4265 5.61883
36.428 5.67613
36.4295 5.73368
36.431 5.7915
36.4325 5.84958
36.434 5.90792
36.4355 5.96653
36.437 6.0254
36.4385 6.08453
36.44 6.14393
36.4415 6.20359
36.443 6.26352
36.4445 6.32372
36.446 6.38419
36.4475 6.44492
36.449 6.50592
36.4505 6.5672
36.452 6.62874
36.4535 6.69055
36.455 6.75264
36.4565 6.815
36.458 6.87763
36.4595 6.94053
36.461 7.00371
36.4625 7.06717
36.464 7.1309
36.4655 7.1949
36.467 7.25918
36.4685 7.32374
36.47 7.38858
36.4715 7.4537
36.473 7.5191
36.4745 7.58477
36.476 7.65073
36.4775 7.71697
36.479 7.78349
36.4805 7.8503
36.482 7.91739
36.4835 7.98476
36.485 8.05242
36.4865 8.12036
36.488 8.18859
36.4895 8.2571
36.491 8.32591
36.4925 8.395
36.494 8.46438
36.4955 8.53405
36.497 8.60401
36.4985 8.67426
36.5 8.7448
