8.56255 0.0356742
8.61862 0.098104
8.67468 0.240801
8.73074 0.365661
8.78681 0.847262
8.84287 1.27535
8.89893 1.60534
8.95499 1.84614
9.01106 1.69452
9.06712 1.64993
9.12318 1.12374
9.17925 0.838344
9.23531 0.606461
9.29137 0.419172
9.34743 0.196208
9.4035 0.169452
9.45956 0.107023
9.51562 0.0713484
9.57169 0.0267556
9.62775 0.0445927
9.68381 0.0178371
9.73988 0.00891855
9.79594 0
9.852 0.00891855
9.90806 0
9.96413 0
10.0202 0
10.0763 0.00891855
10.1323 0.0178371
10.1884 0
10.2444 0.0267556
10.3005 0.00891855
10.3566 0.0267556
10.4126 0.0267556
10.4687 0.0178371
10.5248 0.098104
10.5808 0.0891855
10.6369 0.107023
10.6929 0.142697
10.749 0.178371
10.8051 0.249719
10.8611 0.437009
10.9172 0.535113
10.9733 0.517276
11.0293 0.713484
11.0854 0.445927
11.1414 0.437009
11.1975 0.294312
11.2536 0.115941
11.3096 0.0445927
