13.5661 0.0266441
13.6224 0.00888136
13.6787 0.0532881
13.7349 0.222034
13.7912 0.32861
13.8475 0.666102
13.9038 1.25227
13.9601 1.38549
14.0164 1.59864
14.0727 1.60753
14.129 1.6697
14.1853 0.985831
14.2416 0.710509
14.2979 0.541763
14.3542 0.337492
14.4105 0.239797
14.4668 0.142102
14.5231 0.0799322
14.5794 0.0888136
14.6357 0.0532881
14.692 0.0266441
14.7483 0.0532881
14.8046 0.0177627
14.8609 0.0177627
14.9172 0.0177627
14.9735 0.0177627
15.0298 0.0266441
15.0861 0.0266441
15.1424 0.0177627
15.1987 0
15.255 0.0266441
15.3113 0.0266441
15.3676 0.0710509
15.4239 0.0355254
15.4802 0.0799322
15.5365 0.0532881
15.5928 0.142102
15.6491 0.186508
15.7054 0.310847
15.7617 0.550644
15.818 0.461831
15.8743 0.737153
15.9306 0.772678
15.9869 0.692746
16.0432 0.541763
16.0995 0.310847
16.1557 0.32861
16.212 0.124339
16.2683 0.0621695
16.3246 0.0266441
