3.5 1.58221
3.5015 1.52778
3.503 1.47361
3.5045 1.41969
3.506 1.36603
3.5075 1.31262
3.509 1.25947
3.51051 1.20658
3.51201 1.15393
3.51351 1.10154
3.51501 1.0494
3.51651 0.997511
3.51801 0.945873
3.51951 0.894485
3.52101 0.843346
3.52251 0.792456
3.52401 0.741814
3.52551 0.69142
3.52701 0.641273
3.52851 0.591373
3.53002 0.541718
3.53152 0.492309
3.53302 0.443144
3.53452 0.394223
3.53602 0.345546
3.53752 0.297112
3.53902 0.24892
3.54052 0.20097
3.54202 0.153261
3.54352 0.105792
3.54502 0.0585636
3.54652 0.0115744
3.54802 -0.0351761
3.54952 -0.0816884
3.55103 -0.127963
3.55253 -0.174001
3.55403 -0.219802
3.55553 -0.265367
3.55703 -0.310697
3.55853 -0.355793
3.56003 -0.400654
3.56153 -0.445282
3.56303 -0.489677
3.56453 -0.533839
3.56603 -0.57777
3.56753 -0.621469
3.56903 -0.664938
3.57054 -0.708177
3.57204 -0.751186
3.57354 -0.793967
3.57504 -0.836519
3.57654 -0.878843
3.57804 -0.92094
3.57954 -0.962811
3.58104 -1.00446
3.58254 -1.04587
3.58404 -1.08707
3.58554 -1.12804
3.58704 -1.16879
3.58854 -1.20931
3.59005 -1.24961
3.59155 -1.28969
3.59305 -1.32954
3.59455 -1.36918
3.59605 -1.4086
3.59755 -1.44779
3.59905 -1.48677
3.60055 -1.52553
3.60205 -1.56407
3.60355 -1.60239
3.60505 -1.6405
3.60655 -1.67839
3.60805 -1.71606
3.60955 -1.75352
3.61106 -1.79076
3.61256 -1.82779
3.61406 -1.86461
3.61556 -1.90121
3.61706 -1.9376
3.61856 -1.97378
3.62006 -2.00975
3.62156 -2.0455
3.62306 -2.08105
3.62456 -2.11639
3.62606 -2.15151
3.62756 -2.18643
3.62906 -2.22114
3.63057 -2.25565
3.63207 -2.28994
3.63357 -2.32403
3.63507 -2.35792
3.63657 -2.3916
3.63807 -2.42507
3.63957 -2.45834
3.64107 -2.49141
3.64257 -2.52427
3.64407 -2.55694
3.64557 -2.5894
3.64707 -2.62165
3.64857 -2.65371
3.65008 -2.68557
3.65158 -2.71723
3.65308 -2.74868
3.65458 -2.77994
3.65608 -2.81101
3.65758 -2.84187
3.65908 -2.87254
3.66058 -2.90301
3.66208 -2.93328
3.66358 -2.96336
3.66508 -2.99324
3.66658 -3.02293
3.66808 -3.05243
3.66958 -3.08173
3.67109 -3.11084
3.67259 -3.13976
3.67409 -3.16849
3.67559 -3.19702
3.67709 -3.22537
3.67859 -3.25352
3.68009 -3.28148
3.68159 -3.30926
3.68309 -3.33685
3.68459 -3.36425
3.68609 -3.39146
3.68759 -3.41848
3.68909 -3.44532
3.6906 -3.47198
3.6921 -3.49844
3.6936 -3.52473
3.6951 -3.55083
3.6966 -3.57674
3.6981 -3.60247
3.6996 -3.62802
3.7011 -3.65339
3.7026 -3.67858
3.7041 -3.70358
3.7056 -3.72841
3.7071 -3.75305
3.7086 -3.77752
3.71011 -3.8018
3.71161 -3.82591
3.71311 -3.84984
3.71461 -3.87359
3.71611 -3.89717
3.71761 -3.92056
3.71911 -3.94379
3.72061 -3.96684
3.72211 -3.98971
3.72361 -4.01241
3.72511 -4.03493
3.72661 -4.05728
3.72811 -4.07946
3.72961 -4.10147
3.73112 -4.1233
3.73262 -4.14497
3.73412 -4.16646
3.73562 -4.18778
3.73712 -4.20893
3.73862 -4.22992
3.74012 -4.25073
3.74162 -4.27138
3.74312 -4.29186
3.74462 -4.31217
3.74612 -4.33232
3.74762 -4.3523
3.74912 -4.37211
3.75063 -4.39176
3.75213 -4.41124
3.75363 -4.43056
3.75513 -4.44972
3.75663 -4.46871
3.75813 -4.48754
3.75963 -4.50621
3.76113 -4.52472
3.76263 -4.54306
3.76413 -4.56125
3.76563 -4.57928
3.76713 -4.59714
3.76863 -4.61485
3.77014 -4.6324
3.77164 -4.64979
3.77314 -4.66702
3.77464 -4.68409
3.77614 -4.70101
3.77764 -4.71777
3.77914 -4.73438
3.78064 -4.75083
3.78214 -4.76713
3.78364 -4.78327
3.78514 -4.79926
3.78664 -4.8151
3.78814 -4.83078
3.78964 -4.84631
3.79115 -4.86169
3.79265 -4.87692
3.79415 -4.89199
3.79565 -4.90692
3.79715 -4.9217
3.79865 -4.93633
3.80015 -4.95081
3.80165 -4.96514
3.80315 -4.97932
3.80465 -4.99336
3.80615 -5.00725
3.80765 -5.02099
3.80915 -5.03458
3.81066 -5.04804
3.81216 -5.06134
3.81366 -5.0745
3.81516 -5.08752
3.81666 -5.1004
3.81816 -5.11313
3.81966 -5.12572
3.82116 -5.13816
3.82266 -5.15047
3.82416 -5.16263
3.82566 -5.17466
3.82716 -5.18654
3.82866 -5.19828
3.83017 -5.20989
3.83167 -5.22135
3.83317 -5.23268
3.83467 -5.24387
3.83617 -5.25492
3.83767 -5.26584
3.83917 -5.27662
3.84067 -5.28726
3.84217 -5.29777
3.84367 -5.30814
3.84517 -5.31838
3.84667 -5.32848
3.84817 -5.33845
3.84967 -5.34829
3.85118 -5.358
3.85268 -5.36757
3.85418 -5.37701
3.85568 -5.38632
3.85718 -5.3955
3.85868 -5.40455
3.86018 -5.41347
3.86168 -5.42226
3.86318 -5.43092
3.86468 -5.43945
3.86618 -5.44785
3.86768 -5.45613
3.86918 -5.46428
3.87069 -5.4723
3.87219 -5.48019
3.87369 -5.48797
3.87519 -5.49561
3.87669 -5.50313
3.87819 -5.51053
3.87969 -5.5178
3.88119 -5.52495
3.88269 -5.53197
3.88419 -5.53887
3.88569 -5.54566
3.88719 -5.55231
3.88869 -5.55885
3.8902 -5.56527
3.8917 -5.57157
3.8932 -5.57774
3.8947 -5.5838
3.8962 -5.58974
3.8977 -5.59556
3.8992 -5.60126
3.9007 -5.60684
3.9022 -5.61231
3.9037 -5.61766
3.9052 -5.62289
3.9067 -5.62801
3.9082 -5.63301
3.9097 -5.6379
3.91121 -5.64267
3.91271 -5.64733
3.91421 -5.65188
3.91571 -5.65631
3.91721 -5.66063
3.91871 -5.66483
3.92021 -5.66893
3.92171 -5.67291
3.92321 -5.67678
3.92471 -5.68054
3.92621 -5.68419
3.92771 -5.68773
3.92921 -5.69117
3.93072 -5.69449
3.93222 -5.6977
3.93372 -5.70081
3.93522 -5.70381
3.93672 -5.7067
3.93822 -5.70949
3.93972 -5.71216
3.94122 -5.71474
3.94272 -5.7172
3.94422 -5.71957
3.94572 -5.72182
3.94722 -5.72398
3.94872 -5.72603
3.95023 -5.72797
3.95173 -5.72982
3.95323 -5.73156
3.95473 -5.7332
3.95623 -5.73473
3.95773 -5.73617
3.95923 -5.73751
3.96073 -5.73874
3.96223 -5.73987
3.96373 -5.74091
3.96523 -5.74185
3.96673 -5.74268
3.96823 -5.74342
3.96973 -5.74406
3.97124 -5.74461
3.97274 -5.74505
3.97424 -5.74541
3.97574 -5.74566
3.97724 -5.74582
3.97874 -5.74588
3.98024 -5.74585
3.98174 -5.74572
3.98324 -5.7455
3.98474 -5.74519
3.98624 -5.74478
3.98774 -5.74428
3.98924 -5.74368
3.99075 -5.743
3.99225 -5.74222
3.99375 -5.74135
3.99525 -5.74039
3.99675 -5.73934
3.99825 -5.7382
3.99975 -5.73697
4.00125 -5.73565
4.00275 -5.73425
4.00425 -5.73275
4.00575 -5.73117
4.00725 -5.7295
4.00875 -5.72774
4.01026 -5.72589
4.01176 -5.72396
4.01326 -5.72194
4.01476 -5.71984
4.01626 -5.71765
4.01776 -5.71537
4.01926 -5.71301
4.02076 -5.71057
4.02226 -5.70804
4.02376 -5.70543
4.02526 -5.70274
4.02676 -5.69997
4.02826 -5.69711
4.02976 -5.69417
4.03127 -5.69115
4.03277 -5.68805
4.03427 -5.68487
4.03577 -5.68161
4.03727 -5.67826
4.03877 -5.67484
4.04027 -5.67134
4.04177 -5.66777
4.04327 -5.66411
4.04477 -5.66037
4.04627 -5.65656
4.04777 -5.65267
4.04927 -5.64871
4.05078 -5.64467
4.05228 -5.64055
4.05378 -5.63636
4.05528 -5.63209
4.05678 -5.62774
4.05828 -5.62333
4.05978 -5.61883
4.06128 -5.61427
4.06278 -5.60963
4.06428 -5.60492
4.06578 -5.60014
4.06728 -5.59528
4.06878 -5.59035
4.07029 -5.58536
4.07179 -5.58029
4.07329 -5.57515
4.07479 -5.56994
4.07629 -5.56465
4.07779 -5.55931
4.07929 -5.55389
4.08079 -5.5484
4.08229 -5.54284
4.08379 -5.53722
4.08529 -5.53153
4.08679 -5.52577
4.08829 -5.51994
4.08979 -5.51405
4.0913 -5.50809
4.0928 -5.50207
4.0943 -5.49598
4.0958 -5.48982
4.0973 -5.48361
4.0988 -5.47732
4.1003 -5.47098
4.1018 -5.46456
4.1033 -5.45809
4.1048 -5.45155
4.1063 -5.44495
4.1078 -5.43829
4.1093 -5.43157
4.11081 -5.42478
4.11231 -5.41794
4.11381 -5.41103
4.11531 -5.40406
4.11681 -5.39704
4.11831 -5.38995
4.11981 -5.38281
4.12131 -5.3756
4.12281 -5.36834
4.12431 -5.36102
4.12581 -5.35364
4.12731 -5.3462
4.12881 -5.33871
4.13032 -5.33116
4.13182 -5.32355
4.13332 -5.31589
4.13482 -5.30817
4.13632 -5.30039
4.13782 -5.29256
4.13932 -5.28468
4.14082 -5.27674
4.14232 -5.26875
4.14382 -5.2607
4.14532 -5.2526
4.14682 -5.24445
4.14832 -5.23625
4.14982 -5.22799
4.15133 -5.21968
4.15283 -5.21132
4.15433 -5.20291
4.15583 -5.19444
4.15733 -5.18593
4.15883 -5.17737
4.16033 -5.16875
4.16183 -5.16009
4.16333 -5.15138
4.16483 -5.14262
4.16633 -5.13381
4.16783 -5.12495
4.16933 -5.11604
4.17084 -5.10709
4.17234 -5.09809
4.17384 -5.08904
4.17534 -5.07995
4.17684 -5.07081
4.17834 -5.06162
4.17984 -5.05239
4.18134 -5.04312
4.18284 -5.03379
4.18434 -5.02443
4.18584 -5.01502
4.18734 -5.00557
4.18884 -4.99607
4.19035 -4.98653
4.19185 -4.97694
4.19335 -4.96732
4.19485 -4.95765
4.19635 -4.94794
4.19785 -4.93819
4.19935 -4.92839
4.20085 -4.91856
4.20235 -4.90869
4.20385 -4.89877
4.20535 -4.88882
4.20685 -4.87882
4.20835 -4.86879
4.20985 -4.85871
4.21136 -4.8486
4.21286 -4.83845
4.21436 -4.82827
4.21586 -4.81804
4.21736 -4.80778
4.21886 -4.79748
4.22036 -4.78714
4.22186 -4.77677
4.22336 -4.76636
4.22486 -4.75591
4.22636 -4.74543
4.22786 -4.73491
4.22936 -4.72436
4.23087 -4.71378
4.23237 -4.70316
4.23387 -4.6925
4.23537 -4.68182
4.23687 -4.67109
4.23837 -4.66034
4.23987 -4.64955
4.24137 -4.63873
4.24287 -4.62788
4.24437 -4.617
4.24587 -4.60609
4.24737 -4.59514
4.24887 -4.58416
4.25038 -4.57316
4.25188 -4.56212
4.25338 -4.55105
4.25488 -4.53995
4.25638 -4.52883
4.25788 -4.51767
4.25938 -4.50649
4.26088 -4.49527
4.26238 -4.48403
4.26388 -4.47276
4.26538 -4.46147
4.26688 -4.45014
4.26838 -4.43879
4.26988 -4.42741
4.27139 -4.41601
4.27289 -4.40458
4.27439 -4.39312
4.27589 -4.38164
4.27739 -4.37013
4.27889 -4.3586
4.28039 -4.34704
4.28189 -4.33546
4.28339 -4.32386
4.28489 -4.31223
4.28639 -4.30058
4.28789 -4.2889
4.28939 -4.2772
4.2909 -4.26548
4.2924 -4.25374
4.2939 -4.24197
4.2954 -4.23018
4.2969 -4.21838
4.2984 -4.20655
4.2999 -4.1947
4.3014 -4.18282
4.3029 -4.17093
4.3044 -4.15902
4.3059 -4.14709
4.3074 -4.13514
4.3089 -4.12317
4.31041 -4.11118
4.31191 -4.09917
4.31341 -4.08714
4.31491 -4.0751
4.31641 -4.06303
4.31791 -4.05095
4.31941 -4.03886
4.32091 -4.02674
4.32241 -4.01461
4.32391 -4.00246
4.32541 -3.9903
4.32691 -3.97812
4.32841 -3.96592
4.32991 -3.95371
4.33142 -3.94149
4.33292 -3.92924
4.33442 -3.91699
4.33592 -3.90472
4.33742 -3.89244
4.33892 -3.88014
4.34042 -3.86783
4.34192 -3.8555
4.34342 -3.84316
4.34492 -3.83081
4.34642 -3.81845
4.34792 -3.80608
4.34942 -3.79369
4.35093 -3.78129
4.35243 -3.76888
4.35393 -3.75646
4.35543 -3.74403
4.35693 -3.73159
4.35843 -3.71914
4.35993 -3.70667
4.36143 -3.6942
4.36293 -3.68172
4.36443 -3.66923
4.36593 -3.65673
4.36743 -3.64422
4.36893 -3.6317
4.37044 -3.61917
4.37194 -3.60664
4.37344 -3.5941
4.37494 -3.58155
4.37644 -3.56899
4.37794 -3.55643
4.37944 -3.54386
4.38094 -3.53128
4.38244 -3.5187
4.38394 -3.50611
4.38544 -3.49351
4.38694 -3.48091
4.38844 -3.46831
4.38994 -3.45569
4.39145 -3.44308
4.39295 -3.43046
4.39445 -3.41783
4.39595 -3.40521
4.39745 -3.39257
4.39895 -3.37994
4.40045 -3.3673
4.40195 -3.35466
4.40345 -3.34201
4.40495 -3.32936
4.40645 -3.31671
4.40795 -3.30406
4.40945 -3.29141
4.41096 -3.27875
4.41246 -3.26609
4.41396 -3.25343
4.41546 -3.24077
4.41696 -3.22811
4.41846 -3.21545
4.41996 -3.20279
4.42146 -3.19013
4.42296 -3.17747
4.42446 -3.16481
4.42596 -3.15215
4.42746 -3.1395
4.42896 -3.12684
4.43047 -3.11418
4.43197 -3.10153
4.43347 -3.08888
4.43497 -3.07623
4.43647 -3.06358
4.43797 -3.05093
4.43947 -3.03829
4.44097 -3.02565
4.44247 -3.01302
4.44397 -3.00038
4.44547 -2.98775
4.44697 -2.97513
4.44847 -2.96251
4.44997 -2.94989
4.45148 -2.93728
4.45298 -2.92467
4.45448 -2.91207
4.45598 -2.89947
4.45748 -2.88688
4.45898 -2.8743
4.46048 -2.86172
4.46198 -2.84914
4.46348 -2.83658
4.46498 -2.82401
4.46648 -2.81146
4.46798 -2.79891
4.46948 -2.78637
4.47099 -2.77384
4.47249 -2.76132
4.47399 -2.7488
4.47549 -2.73629
4.47699 -2.72379
4.47849 -2.7113
4.47999 -2.69881
4.48149 -2.68634
4.48299 -2.67387
4.48449 -2.66142
4.48599 -2.64897
4.48749 -2.63653
4.48899 -2.62411
4.4905 -2.61169
4.492 -2.59928
4.4935 -2.58689
4.495 -2.5745
4.4965 -2.56213
4.498 -2.54976
4.4995 -2.53741
4.501 -2.52507
4.5025 -2.51274
4.504 -2.50043
4.5055 -2.48812
4.507 -2.47583
4.5085 -2.46355
4.51001 -2.45128
4.51151 -2.43903
4.51301 -2.42679
4.51451 -2.41456
4.51601 -2.40235
4.51751 -2.39015
4.51901 -2.37796
4.52051 -2.36579
4.52201 -2.35363
4.52351 -2.34149
4.52501 -2.32936
4.52651 -2.31725
4.52801 -2.30515
4.52951 -2.29307
4.53102 -2.281
4.53252 -2.26895
4.53402 -2.25692
4.53552 -2.2449
4.53702 -2.23289
4.53852 -2.22091
4.54002 -2.20893
4.54152 -2.19698
4.54302 -2.18504
4.54452 -2.17313
4.54602 -2.16122
4.54752 -2.14934
4.54902 -2.13747
4.55053 -2.12562
4.55203 -2.11379
4.55353 -2.10198
4.55503 -2.09019
4.55653 -2.07841
4.55803 -2.06665
4.55953 -2.05492
4.56103 -2.0432
4.56253 -2.0315
4.56403 -2.01982
4.56553 -2.00816
4.56703 -1.99652
4.56853 -1.9849
4.57004 -1.9733
4.57154 -1.96172
4.57304 -1.95016
4.57454 -1.93862
4.57604 -1.92711
4.57754 -1.91561
4.57904 -1.90414
4.58054 -1.89268
4.58204 -1.88125
4.58354 -1.86984
4.58504 -1.85845
4.58654 -1.84709
4.58804 -1.83574
4.58954 -1.82442
4.59105 -1.81312
4.59255 -1.80185
4.59405 -1.79059
4.59555 -1.77936
4.59705 -1.76816
4.59855 -1.75697
4.60005 -1.74582
4.60155 -1.73468
4.60305 -1.72357
4.60455 -1.71248
4.60605 -1.70142
4.60755 -1.69038
4.60905 -1.67936
4.61056 -1.66837
4.61206 -1.65741
4.61356 -1.64647
4.61506 -1.63555
4.61656 -1.62466
4.61806 -1.6138
4.61956 -1.60296
4.62106 -1.59215
4.62256 -1.58136
4.62406 -1.5706
4.62556 -1.55986
4.62706 -1.54916
4.62856 -1.53848
4.63007 -1.52782
4.63157 -1.51719
4.63307 -1.50659
4.63457 -1.49602
4.63607 -1.48547
4.63757 -1.47495
4.63907 -1.46446
4.64057 -1.454
4.64207 -1.44356
4.64357 -1.43315
4.64507 -1.42277
4.64657 -1.41242
4.64807 -1.4021
4.64957 -1.39181
4.65108 -1.38154
4.65258 -1.3713
4.65408 -1.3611
4.65558 -1.35092
4.65708 -1.34077
4.65858 -1.33065
4.66008 -1.32056
4.66158 -1.3105
4.66308 -1.30047
4.66458 -1.29047
4.66608 -1.2805
4.66758 -1.27056
4.66908 -1.26065
4.67059 -1.25077
4.67209 -1.24092
4.67359 -1.2311
4.67509 -1.22131
4.67659 -1.21156
4.67809 -1.20183
4.67959 -1.19214
4.68109 -1.18248
4.68259 -1.17285
4.68409 -1.16325
4.68559 -1.15368
4.68709 -1.14415
4.68859 -1.13465
4.6901 -1.12517
4.6916 -1.11574
4.6931 -1.10633
4.6946 -1.09696
4.6961 -1.08762
4.6976 -1.07831
4.6991 -1.06904
4.7006 -1.05979
4.7021 -1.05059
4.7036 -1.04141
4.7051 -1.03227
4.7066 -1.02316
4.7081 -1.01409
4.7096 -1.00505
4.71111 -0.996039
4.71261 -0.987067
4.71411 -0.978128
4.71561 -0.969224
4.71711 -0.960354
4.71861 -0.951519
4.72011 -0.942718
4.72161 -0.933952
4.72311 -0.925221
4.72461 -0.916525
4.72611 -0.907864
4.72761 -0.899238
4.72911 -0.890647
4.73062 -0.882092
4.73212 -0.873572
4.73362 -0.865088
4.73512 -0.856639
4.73662 -0.848226
4.73812 -0.83985
4.73962 -0.831509
4.74112 -0.823204
4.74262 -0.814936
4.74412 -0.806704
4.74562 -0.798508
4.74712 -0.790349
4.74862 -0.782227
4.75013 -0.774141
4.75163 -0.766093
4.75313 -0.758081
4.75463 -0.750106
4.75613 -0.742168
4.75763 -0.734268
4.75913 -0.726405
4.76063 -0.71858
4.76213 -0.710792
4.76363 -0.703041
4.76513 -0.695329
4.76663 -0.687654
4.76813 -0.680017
4.76963 -0.672418
4.77114 -0.664857
4.77264 -0.657335
4.77414 -0.649851
4.77564 -0.642405
4.77714 -0.634998
4.77864 -0.627629
4.78014 -0.620299
4.78164 -0.613007
4.78314 -0.605755
4.78464 -0.598541
4.78614 -0.591367
4.78764 -0.584231
4.78914 -0.577135
4.79065 -0.570078
4.79215 -0.563061
4.79365 -0.556082
4.79515 -0.549144
4.79665 -0.542245
4.79815 -0.535385
4.79965 -0.528566
4.80115 -0.521786
4.80265 -0.515046
4.80415 -0.508346
4.80565 -0.501687
4.80715 -0.495067
4.80865 -0.488488
4.81016 -0.481949
4.81166 -0.47545
4.81316 -0.468992
4.81466 -0.462575
4.81616 -0.456198
4.81766 -0.449862
4.81916 -0.443566
4.82066 -0.437312
4.82216 -0.431098
4.82366 -0.424926
4.82516 -0.418794
4.82666 -0.412704
4.82816 -0.406655
4.82966 -0.400647
4.83117 -0.39468
4.83267 -0.388755
4.83417 -0.382872
4.83567 -0.377029
4.83717 -0.371229
4.83867 -0.36547
4.84017 -0.359753
4.84167 -0.354078
4.84317 -0.348445
4.84467 -0.342853
4.84617 -0.337304
4.84767 -0.331797
4.84917 -0.326331
4.85068 -0.320908
4.85218 -0.315528
4.85368 -0.310189
4.85518 -0.304893
4.85668 -0.29964
4.85818 -0.294428
4.85968 -0.28926
4.86118 -0.284134
4.86268 -0.279051
4.86418 -0.27401
4.86568 -0.269012
4.86718 -0.264057
4.86868 -0.259145
4.87019 -0.254276
4.87169 -0.24945
4.87319 -0.244666
4.87469 -0.239926
4.87619 -0.235229
4.87769 -0.230576
4.87919 -0.225965
4.88069 -0.221398
4.88219 -0.216874
4.88369 -0.212394
4.88519 -0.207956
4.88669 -0.203563
4.88819 -0.199213
4.88969 -0.194906
4.8912 -0.190643
4.8927 -0.186424
4.8942 -0.182249
4.8957 -0.178117
4.8972 -0.174029
4.8987 -0.169985
4.9002 -0.165985
4.9017 -0.162028
4.9032 -0.158116
4.9047 -0.154247
4.9062 -0.150423
4.9077 -0.146643
4.9092 -0.142906
4.91071 -0.139214
4.91221 -0.135566
4.91371 -0.131963
4.91521 -0.128403
4.91671 -0.124888
4.91821 -0.121417
4.91971 -0.117991
4.92121 -0.114609
4.92271 -0.111271
4.92421 -0.107978
4.92571 -0.104729
4.92721 -0.101525
4.92871 -0.098365
4.93022 -0.0952498
4.93172 -0.0921793
4.93322 -0.0891533
4.93472 -0.0861721
4.93622 -0.0832355
4.93772 -0.0803436
4.93922 -0.0774964
4.94072 -0.074694
4.94222 -0.0719364
4.94372 -0.0692235
4.94522 -0.0665555
4.94672 -0.0639324
4.94822 -0.0613541
4.94972 -0.0588207
4.95123 -0.0563322
4.95273 -0.0538886
4.95423 -0.05149
4.95573 -0.0491364
4.95723 -0.0468277
4.95873 -0.0445641
4.96023 -0.0423455
4.96173 -0.0401719
4.96323 -0.0380433
4.96473 -0.0359599
4.96623 -0.0339215
4.96773 -0.0319282
4.96923 -0.0299801
4.97074 -0.028077
4.97224 -0.0262191
4.97374 -0.0244063
4.97524 -0.0226387
4.97674 -0.0209163
4.97824 -0.019239
4.97974 -0.017607
4.98124 -0.0160201
4.98274 -0.0144784
4.98424 -0.0129819
4.98574 -0.0115307
4.98724 -0.0101247
4.98874 -0.00876389
4.99025 -0.00744833
4.99175 -0.00617801
4.99325 -0.00495293
4.99475 -0.00377309
4.99625 -0.0026385
4.99775 -0.00154916
4.99925 -0.000505075
5.00075 0.000493763
5.00225 0.00144735
5.00375 0.00235569
5.00525 0.00321878
5.00675 0.00403662
5.00825 0.00480921
5.00975 0.00553657
5.01126 0.00621869
5.01276 0.00685557
5.01426 0.00744722
5.01576 0.00799365
5.01726 0.00849487
5.01876 0.00895087
5.02026 0.00936167
5.02176 0.00972727
5.02326 0.0100477
5.02476 0.0103229
5.02626 0.010553
5.02776 0.0107379
5.02926 0.0108777
5.03077 0.0109723
5.03227 0.0110218
5.03377 0.0110262
5.03527 0.0109855
5.03677 0.0108997
5.03827 0.0107689
5.03977 0.010593
5.04127 0.010372
5.04277 0.010106
5.04427 0.00979506
5.04577 0.0094391
5.04727 0.00903817
5.04877 0.00859229
5.05028 0.00810148
5.05178 0.00756576
5.05328 0.00698514
5.05478 0.00635966
5.05628 0.00568933
5.05778 0.00497418
5.05928 0.00421422
5.06078 0.00340949
5.06228 0.00256
5.06378 0.00166578
5.06528 0.000726859
5.06678 -0.00025674
5.06828 -0.00128499
5.06978 -0.00235787
5.07129 -0.00347534
5.07279 -0.00463737
5.07429 -0.00584395
5.07579 -0.00709504
5.07729 -0.0083906
5.07879 -0.00973061
5.08029 -0.011115
5.08179 -0.0125439
5.08329 -0.014017
5.08479 -0.0155345
5.08629 -0.0170963
5.08779 -0.0187023
5.08929 -0.0203525
5.0908 -0.0220469
5.0923 -0.0237855
5.0938 -0.0255681
5.0953 -0.0273949
5.0968 -0.0292656
5.0983 -0.0311804
5.0998 -0.033139
5.1013 -0.0351417
5.1028 -0.0371881
5.1043 -0.0392784
5.1058 -0.0414125
5.1073 -0.0435904
5.1088 -0.0458119
5.11031 -0.0480771
5.11181 -0.050386
5.11331 -0.0527384
5.11481 -0.0551343
5.11631 -0.0575737
5.11781 -0.0600565
5.11931 -0.0625827
5.12081 -0.0651522
5.12231 -0.0677651
5.12381 -0.0704212
5.12531 -0.0731204
5.12681 -0.0758628
5.12831 -0.0786483
5.12981 -0.0814769
5.13132 -0.0843484
5.13282 -0.0872628
5.13432 -0.0902202
5.13582 -0.0932203
5.13732 -0.0962632
5.13882 -0.0993489
5.14032 -0.102477
5.14182 -0.105648
5.14332 -0.108862
5.14482 -0.112117
5.14632 -0.115416
5.14782 -0.118757
5.14932 -0.12214
5.15083 -0.125565
5.15233 -0.129032
5.15383 -0.132542
5.15533 -0.136094
5.15683 -0.139687
5.15833 -0.143323
5.15983 -0.147001
5.16133 -0.15072
5.16283 -0.154481
5.16433 -0.158284
5.16583 -0.162128
5.16733 -0.166014
5.16883 -0.169942
5.17034 -0.173911
5.17184 -0.177921
5.17334 -0.181972
5.17484 -0.186065
5.17634 -0.190199
5.17784 -0.194374
5.17934 -0.19859
5.18084 -0.202847
5.18234 -0.207144
5.18384 -0.211483
5.18534 -0.215862
5.18684 -0.220282
5.18834 -0.224742
5.18984 -0.229243
5.19135 -0.233784
5.19285 -0.238366
5.19435 -0.242988
5.19585 -0.24765
5.19735 -0.252352
5.19885 -0.257094
5.20035 -0.261876
5.20185 -0.266698
5.20335 -0.27156
5.20485 -0.276461
5.20635 -0.281402
5.20785 -0.286382
5.20935 -0.291402
5.21086 -0.296462
5.21236 -0.30156
5.21386 -0.306698
5.21536 -0.311875
5.21686 -0.317091
5.21836 -0.322346
5.21986 -0.327639
5.22136 -0.332972
5.22286 -0.338343
5.22436 -0.343752
5.22586 -0.3492
5.22736 -0.354687
5.22886 -0.360212
5.23037 -0.365775
5.23187 -0.371376
5.23337 -0.377015
5.23487 -0.382692
5.23637 -0.388407
5.23787 -0.39416
5.23937 -0.39995
5.24087 -0.405778
5.24237 -0.411643
5.24387 -0.417546
5.24537 -0.423486
5.24687 -0.429463
5.24837 -0.435477
5.24987 -0.441528
5.25138 -0.447616
5.25288 -0.453741
5.25438 -0.459902
5.25588 -0.4661
5.25738 -0.472335
5.25888 -0.478605
5.26038 -0.484912
5.26188 -0.491255
5.26338 -0.497634
5.26488 -0.504049
5.26638 -0.5105
5.26788 -0.516987
5.26938 -0.523509
5.27089 -0.530067
5.27239 -0.53666
5.27389 -0.543288
5.27539 -0.549951
5.27689 -0.55665
5.27839 -0.563383
5.27989 -0.570152
5.28139 -0.576955
5.28289 -0.583792
5.28439 -0.590665
5.28589 -0.597571
5.28739 -0.604512
5.28889 -0.611487
5.2904 -0.618496
5.2919 -0.625538
5.2934 -0.632615
5.2949 -0.639725
5.2964 -0.646869
5.2979 -0.654047
5.2994 -0.661257
5.3009 -0.668501
5.3024 -0.675778
5.3039 -0.683088
5.3054 -0.690431
5.3069 -0.697806
5.3084 -0.705214
5.3099 -0.712655
5.31141 -0.720127
5.31291 -0.727632
5.31441 -0.73517
5.31591 -0.742739
5.31741 -0.75034
5.31891 -0.757972
5.32041 -0.765636
5.32191 -0.773332
5.32341 -0.781059
5.32491 -0.788817
5.32641 -0.796606
5.32791 -0.804426
5.32941 -0.812277
5.33092 -0.820159
5.33242 -0.828071
5.33392 -0.836014
5.33542 -0.843986
5.33692 -0.851989
5.33842 -0.860022
5.33992 -0.868085
5.34142 -0.876177
5.34292 -0.884299
5.34442 -0.892451
5.34592 -0.900632
5.34742 -0.908841
5.34892 -0.91708
5.35043 -0.925348
5.35193 -0.933645
5.35343 -0.94197
5.35493 -0.950324
5.35643 -0.958706
5.35793 -0.967116
5.35943 -0.975554
5.36093 -0.98402
5.36243 -0.992514
5.36393 -1.00104
5.36543 -1.00958
5.36693 -1.01816
5.36843 -1.02676
5.36993 -1.03539
5.37144 -1.04405
5.37294 -1.05273
5.37444 -1.06144
5.37594 -1.07018
5.37744 -1.07894
5.37894 -1.08773
5.38044 -1.09655
5.38194 -1.10539
5.38344 -1.11426
5.38494 -1.12315
5.38644 -1.13207
5.38794 -1.14101
5.38944 -1.14998
5.39095 -1.15897
5.39245 -1.16798
5.39395 -1.17703
5.39545 -1.18609
5.39695 -1.19518
5.39845 -1.2043
5.39995 -1.21343
5.40145 -1.2226
5.40295 -1.23178
5.40445 -1.24099
5.40595 -1.25022
5.40745 -1.25948
5.40895 -1.26876
5.41046 -1.27806
5.41196 -1.28738
5.41346 -1.29673
5.41496 -1.3061
5.41646 -1.31549
5.41796 -1.3249
5.41946 -1.33433
5.42096 -1.34379
5.42246 -1.35326
5.42396 -1.36276
5.42546 -1.37228
5.42696 -1.38182
5.42846 -1.39138
5.42996 -1.40097
5.43147 -1.41057
5.43297 -1.42019
5.43447 -1.42983
5.43597 -1.43949
5.43747 -1.44918
5.43897 -1.45888
5.44047 -1.4686
5.44197 -1.47834
5.44347 -1.4881
5.44497 -1.49788
5.44647 -1.50767
5.44797 -1.51749
5.44947 -1.52732
5.45098 -1.53717
5.45248 -1.54704
5.45398 -1.55693
5.45548 -1.56683
5.45698 -1.57675
5.45848 -1.58669
5.45998 -1.59665
5.46148 -1.60662
5.46298 -1.61661
5.46448 -1.62661
5.46598 -1.63664
5.46748 -1.64667
5.46898 -1.65673
5.47049 -1.6668
5.47199 -1.67688
5.47349 -1.68698
5.47499 -1.6971
5.47649 -1.70723
5.47799 -1.71737
5.47949 -1.72753
5.48099 -1.73771
5.48249 -1.7479
5.48399 -1.7581
5.48549 -1.76831
5.48699 -1.77854
5.48849 -1.78879
5.48999 -1.79904
5.4915 -1.80931
5.493 -1.81959
5.4945 -1.82989
5.496 -1.84019
5.4975 -1.85051
5.499 -1.86084
5.5005 -1.87119
5.502 -1.88154
5.5035 -1.89191
5.505 -1.90228
5.5065 -1.91267
5.508 -1.92307
5.5095 -1.93348
5.51101 -1.9439
5.51251 -1.95433
5.51401 -1.96477
5.51551 -1.97521
5.51701 -1.98567
5.51851 -1.99614
5.52001 -2.00662
5.52151 -2.0171
5.52301 -2.0276
5.52451 -2.0381
5.52601 -2.04861
5.52751 -2.05913
5.52901 -2.06966
5.53052 -2.08019
5.53202 -2.09074
5.53352 -2.10129
5.53502 -2.11184
5.53652 -2.12241
5.53802 -2.13298
5.53952 -2.14355
5.54102 -2.15413
5.54252 -2.16472
5.54402 -2.17532
5.54552 -2.18592
5.54702 -2.19652
5.54852 -2.20713
5.55003 -2.21774
5.55153 -2.22836
5.55303 -2.23899
5.55453 -2.24961
5.55603 -2.26024
5.55753 -2.27088
5.55903 -2.28152
5.56053 -2.29216
5.56203 -2.3028
5.56353 -2.31345
5.56503 -2.3241
5.56653 -2.33475
5.56803 -2.34541
5.56953 -2.35606
5.57104 -2.36672
5.57254 -2.37738
5.57404 -2.38804
5.57554 -2.3987
5.57704 -2.40937
5.57854 -2.42003
5.58004 -2.43069
5.58154 -2.44135
5.58304 -2.45202
5.58454 -2.46268
5.58604 -2.47334
5.58754 -2.484
5.58904 -2.49466
5.59055 -2.50532
5.59205 -2.51598
5.59355 -2.52663
5.59505 -2.53728
5.59655 -2.54793
5.59805 -2.55858
5.59955 -2.56923
5.60105 -2.57987
5.60255 -2.59051
5.60405 -2.60114
5.60555 -2.61177
5.60705 -2.6224
5.60855 -2.63302
5.61006 -2.64364
5.61156 -2.65425
5.61306 -2.66486
5.61456 -2.67546
5.61606 -2.68606
5.61756 -2.69665
5.61906 -2.70724
5.62056 -2.71782
5.62206 -2.72839
5.62356 -2.73896
5.62506 -2.74952
5.62656 -2.76007
5.62806 -2.77061
5.62956 -2.78115
5.63107 -2.79168
5.63257 -2.8022
5.63407 -2.81271
5.63557 -2.82321
5.63707 -2.83371
5.63857 -2.84419
5.64007 -2.85466
5.64157 -2.86513
5.64307 -2.87558
5.64457 -2.88603
5.64607 -2.89646
5.64757 -2.90689
5.64907 -2.9173
5.65058 -2.9277
5.65208 -2.93809
5.65358 -2.94846
5.65508 -2.95883
5.65658 -2.96918
5.65808 -2.97952
5.65958 -2.98985
5.66108 -3.00016
5.66258 -3.01046
5.66408 -3.02075
5.66558 -3.03102
5.66708 -3.04128
5.66858 -3.05152
5.67009 -3.06175
5.67159 -3.07196
5.67309 -3.08216
5.67459 -3.09234
5.67609 -3.10251
5.67759 -3.11266
5.67909 -3.12279
5.68059 -3.13291
5.68209 -3.14301
5.68359 -3.15309
5.68509 -3.16316
5.68659 -3.1732
5.68809 -3.18323
5.68959 -3.19324
5.6911 -3.20324
5.6926 -3.21321
5.6941 -3.22316
5.6956 -3.2331
5.6971 -3.24301
5.6986 -3.25291
5.7001 -3.26278
5.7016 -3.27263
5.7031 -3.28246
5.7046 -3.29228
5.7061 -3.30207
5.7076 -3.31183
5.7091 -3.32158
5.71061 -3.3313
5.71211 -3.341
5.71361 -3.35068
5.71511 -3.36034
5.71661 -3.36997
5.71811 -3.37957
5.71961 -3.38916
5.72111 -3.39872
5.72261 -3.40825
5.72411 -3.41776
5.72561 -3.42724
5.72711 -3.4367
5.72861 -3.44614
5.73012 -3.45554
5.73162 -3.46492
5.73312 -3.47428
5.73462 -3.4836
5.73612 -3.4929
5.73762 -3.50217
5.73912 -3.51142
5.74062 -3.52063
5.74212 -3.52982
5.74362 -3.53898
5.74512 -3.54811
5.74662 -3.55721
5.74812 -3.56628
5.74962 -3.57532
5.75113 -3.58433
5.75263 -3.59331
5.75413 -3.60225
5.75563 -3.61117
5.75713 -3.62006
5.75863 -3.62891
5.76013 -3.63773
5.76163 -3.64652
5.76313 -3.65528
5.76463 -3.664
5.76613 -3.67269
5.76763 -3.68135
5.76913 -3.68997
5.77064 -3.69856
5.77214 -3.70711
5.77364 -3.71563
5.77514 -3.72411
5.77664 -3.73256
5.77814 -3.74097
5.77964 -3.74935
5.78114 -3.75769
5.78264 -3.76599
5.78414 -3.77425
5.78564 -3.78248
5.78714 -3.79067
5.78864 -3.79882
5.79015 -3.80694
5.79165 -3.81501
5.79315 -3.82305
5.79465 -3.83105
5.79615 -3.839
5.79765 -3.84692
5.79915 -3.8548
5.80065 -3.86263
5.80215 -3.87043
5.80365 -3.87818
5.80515 -3.8859
5.80665 -3.89357
5.80815 -3.9012
5.80965 -3.90878
5.81116 -3.91632
5.81266 -3.92382
5.81416 -3.93128
5.81566 -3.93869
5.81716 -3.94606
5.81866 -3.95338
5.82016 -3.96066
5.82166 -3.9679
5.82316 -3.97508
5.82466 -3.98223
5.82616 -3.98932
5.82766 -3.99637
5.82916 -4.00337
5.83067 -4.01033
5.83217 -4.01724
5.83367 -4.0241
5.83517 -4.03091
5.83667 -4.03767
5.83817 -4.04439
5.83967 -4.05105
5.84117 -4.05767
5.84267 -4.06424
5.84417 -4.07075
5.84567 -4.07722
5.84717 -4.08363
5.84867 -4.08999
5.85018 -4.0963
5.85168 -4.10256
5.85318 -4.10877
5.85468 -4.11493
5.85618 -4.12103
5.85768 -4.12708
5.85918 -4.13307
5.86068 -4.13901
5.86218 -4.1449
5.86368 -4.15073
5.86518 -4.15651
5.86668 -4.16223
5.86818 -4.16789
5.86968 -4.1735
5.87119 -4.17906
5.87269 -4.18455
5.87419 -4.18999
5.87569 -4.19537
5.87719 -4.2007
5.87869 -4.20596
5.88019 -4.21117
5.88169 -4.21632
5.88319 -4.22141
5.88469 -4.22643
5.88619 -4.2314
5.88769 -4.23631
5.88919 -4.24116
5.8907 -4.24595
5.8922 -4.25067
5.8937 -4.25534
5.8952 -4.25994
5.8967 -4.26448
5.8982 -4.26895
5.8997 -4.27337
5.9012 -4.27772
5.9027 -4.282
5.9042 -4.28623
5.9057 -4.29038
5.9072 -4.29447
5.9087 -4.2985
5.91021 -4.30246
5.91171 -4.30635
5.91321 -4.31018
5.91471 -4.31394
5.91621 -4.31764
5.91771 -4.32126
5.91921 -4.32482
5.92071 -4.32831
5.92221 -4.33173
5.92371 -4.33509
5.92521 -4.33837
5.92671 -4.34158
5.92821 -4.34472
5.92971 -4.3478
5.93122 -4.3508
5.93272 -4.35373
5.93422 -4.35658
5.93572 -4.35937
5.93722 -4.36208
5.93872 -4.36472
5.94022 -4.36729
5.94172 -4.36978
5.94322 -4.3722
5.94472 -4.37455
5.94622 -4.37682
5.94772 -4.37902
5.94922 -4.38114
5.95073 -4.38318
5.95223 -4.38515
5.95373 -4.38704
5.95523 -4.38885
5.95673 -4.39059
5.95823 -4.39225
5.95973 -4.39383
5.96123 -4.39533
5.96273 -4.39676
5.96423 -4.3981
5.96573 -4.39936
5.96723 -4.40055
5.96873 -4.40165
5.97024 -4.40267
5.97174 -4.40361
5.97324 -4.40447
5.97474 -4.40525
5.97624 -4.40595
5.97774 -4.40656
5.97924 -4.40709
5.98074 -4.40753
5.98224 -4.40789
5.98374 -4.40817
5.98524 -4.40836
5.98674 -4.40847
5.98824 -4.40849
5.98974 -4.40842
5.99125 -4.40827
5.99275 -4.40803
5.99425 -4.40771
5.99575 -4.40729
5.99725 -4.40679
5.99875 -4.4062
6.00025 -4.40552
6.00175 -4.40475
6.00325 -4.4039
6.00475 -4.40295
6.00625 -4.40191
6.00775 -4.40078
6.00925 -4.39956
6.01076 -4.39825
6.01226 -4.39684
6.01376 -4.39535
6.01526 -4.39376
6.01676 -4.39207
6.01826 -4.3903
6.01976 -4.38843
6.02126 -4.38646
6.02276 -4.3844
6.02426 -4.38225
6.02576 -4.37999
6.02726 -4.37765
6.02876 -4.3752
6.03027 -4.37266
6.03177 -4.37002
6.03327 -4.36728
6.03477 -4.36445
6.03627 -4.36151
6.03777 -4.35848
6.03927 -4.35535
6.04077 -4.35212
6.04227 -4.34878
6.04377 -4.34535
6.04527 -4.34182
6.04677 -4.33818
6.04827 -4.33444
6.04977 -4.3306
6.05128 -4.32665
6.05278 -4.32261
6.05428 -4.31846
6.05578 -4.3142
6.05728 -4.30984
6.05878 -4.30538
6.06028 -4.30081
6.06178 -4.29613
6.06328 -4.29135
6.06478 -4.28646
6.06628 -4.28146
6.06778 -4.27636
6.06928 -4.27114
6.07079 -4.26582
6.07229 -4.26039
6.07379 -4.25486
6.07529 -4.24921
6.07679 -4.24345
6.07829 -4.23758
6.07979 -4.2316
6.08129 -4.22551
6.08279 -4.2193
6.08429 -4.21299
6.08579 -4.20656
6.08729 -4.20001
6.08879 -4.19336
6.0903 -4.18659
6.0918 -4.1797
6.0933 -4.1727
6.0948 -4.16559
6.0963 -4.15836
6.0978 -4.15101
6.0993 -4.14354
6.1008 -4.13596
6.1023 -4.12826
6.1038 -4.12045
6.1053 -4.11251
6.1068 -4.10446
6.1083 -4.09628
6.1098 -4.08799
6.11131 -4.07957
6.11281 -4.07104
6.11431 -4.06238
6.11581 -4.0536
6.11731 -4.0447
6.11881 -4.03568
6.12031 -4.02653
6.12181 -4.01726
6.12331 -4.00787
6.12481 -3.99835
6.12631 -3.98871
6.12781 -3.97894
6.12931 -3.96905
6.13082 -3.95903
6.13232 -3.94888
6.13382 -3.93861
6.13532 -3.92821
6.13682 -3.91768
6.13832 -3.90702
6.13982 -3.89623
6.14132 -3.88532
6.14282 -3.87427
6.14432 -3.86309
6.14582 -3.85178
6.14732 -3.84035
6.14882 -3.82878
6.15033 -3.81707
6.15183 -3.80524
6.15333 -3.79327
6.15483 -3.78117
6.15633 -3.76893
6.15783 -3.75656
6.15933 -3.74406
6.16083 -3.73142
6.16233 -3.71864
6.16383 -3.70573
6.16533 -3.69268
6.16683 -3.67949
6.16833 -3.66616
6.16983 -3.6527
6.17134 -3.6391
6.17284 -3.62536
6.17434 -3.61148
6.17584 -3.59745
6.17734 -3.58329
6.17884 -3.56899
6.18034 -3.55454
6.18184 -3.53996
6.18334 -3.52523
6.18484 -3.51036
6.18634 -3.49534
6.18784 -3.48018
6.18934 -3.46488
6.19085 -3.44943
6.19235 -3.43383
6.19385 -3.41809
6.19535 -3.40221
6.19685 -3.38617
6.19835 -3.36999
6.19985 -3.35366
6.20135 -3.33719
6.20285 -3.32056
6.20435 -3.30379
6.20585 -3.28686
6.20735 -3.26979
6.20885 -3.25256
6.21036 -3.23518
6.21186 -3.21766
6.21336 -3.19997
6.21486 -3.18214
6.21636 -3.16415
6.21786 -3.14601
6.21936 -3.12772
6.22086 -3.10927
6.22236 -3.09067
6.22386 -3.07191
6.22536 -3.05299
6.22686 -3.03392
6.22836 -3.01469
6.22986 -2.9953
6.23137 -2.97575
6.23287 -2.95605
6.23437 -2.93619
6.23587 -2.91616
6.23737 -2.89598
6.23887 -2.87564
6.24037 -2.85513
6.24187 -2.83447
6.24337 -2.81364
6.24487 -2.79265
6.24637 -2.77149
6.24787 -2.75018
6.24937 -2.72869
6.25088 -2.70705
6.25238 -2.68524
6.25388 -2.66326
6.25538 -2.64112
6.25688 -2.61881
6.25838 -2.59633
6.25988 -2.57368
6.26138 -2.55087
6.26288 -2.52789
6.26438 -2.50474
6.26588 -2.48142
6.26738 -2.45793
6.26888 -2.43427
6.27039 -2.41043
6.27189 -2.38643
6.27339 -2.36225
6.27489 -2.33791
6.27639 -2.31338
6.27789 -2.28869
6.27939 -2.26382
6.28089 -2.23877
6.28239 -2.21355
6.28389 -2.18815
6.28539 -2.16258
6.28689 -2.13683
6.28839 -2.1109
6.28989 -2.0848
6.2914 -2.05852
6.2929 -2.03205
6.2944 -2.00541
6.2959 -1.97859
6.2974 -1.95159
6.2989 -1.9244
6.3004 -1.89704
6.3019 -1.86949
6.3034 -1.84176
6.3049 -1.81385
6.3064 -1.78575
6.3079 -1.75747
6.3094 -1.729
6.31091 -1.70035
6.31241 -1.67152
6.31391 -1.64249
6.31541 -1.61328
6.31691 -1.58389
6.31841 -1.5543
6.31991 -1.52453
6.32141 -1.49457
6.32291 -1.46441
6.32441 -1.43407
6.32591 -1.40354
6.32741 -1.37281
6.32891 -1.3419
6.33042 -1.31079
6.33192 -1.27949
6.33342 -1.248
6.33492 -1.21631
6.33642 -1.18443
6.33792 -1.15235
6.33942 -1.12008
6.34092 -1.08761
6.34242 -1.05495
6.34392 -1.02209
6.34542 -0.989027
6.34692 -0.95577
6.34842 -0.922314
6.34992 -0.888659
6.35143 -0.854804
6.35293 -0.820749
6.35443 -0.786493
6.35593 -0.752036
6.35743 -0.717377
6.35893 -0.682515
6.36043 -0.64745
6.36193 -0.612182
6.36343 -0.57671
6.36493 -0.541032
6.36643 -0.50515
6.36793 -0.469062
6.36943 -0.432768
6.37094 -0.396266
6.37244 -0.359557
6.37394 -0.322641
6.37544 -0.285515
6.37694 -0.248181
6.37844 -0.210637
6.37994 -0.172883
6.38144 -0.134918
6.38294 -0.0967412
6.38444 -0.0583529
6.38594 -0.0197523
6.38744 0.0190614
6.38894 0.0580886
6.39045 0.09733
6.39195 0.136786
6.39345 0.176457
6.39495 0.216344
6.39645 0.256448
6.39795 0.296768
6.39945 0.337306
6.40095 0.378062
6.40245 0.419036
6.40395 0.46023
6.40545 0.501644
6.40695 0.543277
6.40845 0.585132
6.40995 0.627208
6.41146 0.669506
6.41296 0.712027
6.41446 0.754771
6.41596 0.797739
6.41746 0.840931
6.41896 0.884347
6.42046 0.92799
6.42196 0.971858
6.42346 1.01595
6.42496 1.06027
6.42646 1.10482
6.42796 1.1496
6.42946 1.19461
6.43097 1.23985
6.43247 1.28531
6.43397 1.33101
6.43547 1.37694
6.43697 1.4231
6.43847 1.46949
6.43997 1.51612
6.44147 1.56298
6.44297 1.61007
6.44447 1.6574
6.44597 1.70496
6.44747 1.75276
6.44897 1.80079
6.45048 1.84907
6.45198 1.89758
6.45348 1.94632
6.45498 1.99531
6.45648 2.04454
6.45798 2.094
6.45948 2.14371
6.46098 2.19366
6.46248 2.24385
6.46398 2.29428
6.46548 2.34495
6.46698 2.39587
6.46848 2.44703
6.46998 2.49844
6.47149 2.55009
6.47299 2.60199
6.47449 2.65414
6.47599 2.70653
6.47749 2.75917
6.47899 2.81206
6.48049 2.86519
6.48199 2.91858
6.48349 2.97221
6.48499 3.0261
6.48649 3.08024
6.48799 3.13463
6.48949 3.18927
6.491 3.24416
6.4925 3.29931
6.494 3.35472
6.4955 3.41037
6.497 3.46629
6.4985 3.52246
6.5 3.57888
