-3.37251 0.00838556
-3.25326 0.00419278
-3.13401 0.00419278
-3.01476 0.0125783
-2.8955 0
-2.77625 0.0125783
-2.657 0.0125783
-2.53775 0.0461206
-2.41849 0.0209639
-2.29924 0.0419278
-2.17999 0.037735
-2.06074 0.0293495
-1.94148 0.0461206
-1.82223 0.037735
-1.70298 0.0293495
-1.58373 0.0293495
-1.46447 0.0293495
-1.34522 0.0419278
-1.22597 0.0335422
-1.10672 0.037735
-0.987463 0.0167711
-0.86821 0.00838556
-0.748957 0.0209639
-0.629705 0.0545062
-0.510452 0.0545062
-0.3912 0.0628917
-0.271947 0.230603
-0.152695 0.352194
-0.0334419 0.486363
0.0858107 0.511519
0.205063 0.549254
0.324316 0.444435
0.443568 0.276724
0.562821 0.234796
0.682074 0.197061
0.801326 0.234796
0.920579 0.457013
1.03983 1.16559
1.15908 0.448628
1.27834 0.398314
1.39759 0.314459
1.51684 0.243181
1.63609 0.18029
1.75535 0.184482
1.8746 0.251567
1.99385 0.117398
2.1131 0.138362
2.23236 0.100627
2.35161 0.0796628
2.47086 0.0545062
