28.5 2.11432
28.5015 2.05213
28.503 1.99023
28.5045 1.9286
28.506 1.86727
28.5075 1.80621
28.509 1.74544
28.5105 1.68495
28.512 1.62475
28.5135 1.56482
28.515 1.50517
28.5165 1.4458
28.518 1.38671
28.5195 1.3279
28.521 1.26937
28.5225 1.21111
28.524 1.15313
28.5255 1.09542
28.527 1.03799
28.5285 0.980829
28.53 0.923944
28.5315 0.867332
28.533 0.810993
28.5345 0.754924
28.536 0.699126
28.5375 0.643599
28.539 0.588341
28.5405 0.533352
28.542 0.478631
28.5435 0.424177
28.545 0.369991
28.5465 0.31607
28.548 0.262416
28.5495 0.209026
28.551 0.155901
28.5525 0.103039
28.554 0.0504406
28.5555 -0.00189553
28.557 -0.0539698
28.5585 -0.105783
28.56 -0.157336
28.5615 -0.208628
28.563 -0.259662
28.5645 -0.310437
28.566 -0.360954
28.5675 -0.411213
28.569 -0.461216
28.5705 -0.510963
28.572 -0.560454
28.5735 -0.609691
28.575 -0.658673
28.5765 -0.707402
28.578 -0.755877
28.5795 -0.804101
28.581 -0.852073
28.5825 -0.899793
28.584 -0.947264
28.5855 -0.994484
28.587 -1.04146
28.5885 -1.08818
28.59 -1.13465
28.5915 -1.18088
28.593 -1.22686
28.5945 -1.2726
28.596 -1.31809
28.5975 -1.36333
28.599 -1.40833
28.6006 -1.45309
28.6021 -1.4976
28.6036 -1.54187
28.6051 -1.5859
28.6066 -1.62969
28.6081 -1.67324
28.6096 -1.71655
28.6111 -1.75961
28.6126 -1.80244
28.6141 -1.84504
28.6156 -1.88739
28.6171 -1.92951
28.6186 -1.97139
28.6201 -2.01304
28.6216 -2.05445
28.6231 -2.09562
28.6246 -2.13657
28.6261 -2.17728
28.6276 -2.21775
28.6291 -2.258
28.6306 -2.29801
28.6321 -2.33779
28.6336 -2.37735
28.6351 -2.41667
28.6366 -2.45576
28.6381 -2.49463
28.6396 -2.53327
28.6411 -2.57168
28.6426 -2.60986
28.6441 -2.64782
28.6456 -2.68555
28.6471 -2.72306
28.6486 -2.76035
28.6501 -2.79741
28.6516 -2.83424
28.6531 -2.87086
28.6546 -2.90725
28.6561 -2.94343
28.6576 -2.97938
28.6591 -3.01511
28.6606 -3.05062
28.6621 -3.08591
28.6636 -3.12099
28.6651 -3.15585
28.6666 -3.19049
28.6681 -3.22491
28.6696 -3.25912
28.6711 -3.29311
28.6726 -3.32689
28.6741 -3.36046
28.6756 -3.39381
28.6771 -3.42694
28.6786 -3.45987
28.6801 -3.49258
28.6816 -3.52509
28.6831 -3.55738
28.6846 -3.58946
28.6861 -3.62133
28.6876 -3.65299
28.6891 -3.68445
28.6906 -3.7157
28.6921 -3.74674
28.6936 -3.77757
28.6951 -3.8082
28.6966 -3.83862
28.6981 -3.86884
28.6996 -3.89885
28.7011 -3.92866
28.7026 -3.95827
28.7041 -3.98767
28.7056 -4.01687
28.7071 -4.04587
28.7086 -4.07467
28.7101 -4.10327
28.7116 -4.13167
28.7131 -4.15987
28.7146 -4.18788
28.7161 -4.21568
28.7176 -4.24329
28.7191 -4.2707
28.7206 -4.29791
28.7221 -4.32493
28.7236 -4.35175
28.7251 -4.37838
28.7266 -4.40481
28.7281 -4.43105
28.7296 -4.4571
28.7311 -4.48296
28.7326 -4.50862
28.7341 -4.53409
28.7356 -4.55938
28.7371 -4.58447
28.7386 -4.60937
28.7401 -4.63408
28.7416 -4.65861
28.7431 -4.68294
28.7446 -4.70709
28.7461 -4.73106
28.7476 -4.75483
28.7491 -4.77842
28.7506 -4.80183
28.7521 -4.82505
28.7536 -4.84809
28.7551 -4.87094
28.7566 -4.89361
28.7581 -4.9161
28.7596 -4.93841
28.7611 -4.96053
28.7626 -4.98248
28.7641 -5.00424
28.7656 -5.02583
28.7671 -5.04723
28.7686 -5.06846
28.7701 -5.08951
28.7716 -5.11038
28.7731 -5.13108
28.7746 -5.1516
28.7761 -5.17194
28.7776 -5.19211
28.7791 -5.2121
28.7806 -5.23192
28.7821 -5.25156
28.7836 -5.27103
28.7851 -5.29033
28.7866 -5.30946
28.7881 -5.32842
28.7896 -5.3472
28.7911 -5.36581
28.7926 -5.38426
28.7941 -5.40253
28.7956 -5.42064
28.7971 -5.43858
28.7986 -5.45635
28.8002 -5.47395
28.8017 -5.49139
28.8032 -5.50866
28.8047 -5.52576
28.8062 -5.5427
28.8077 -5.55947
28.8092 -5.57608
28.8107 -5.59253
28.8122 -5.60881
28.8137 -5.62493
28.8152 -5.64089
28.8167 -5.65669
28.8182 -5.67233
28.8197 -5.6878
28.8212 -5.70312
28.8227 -5.71827
28.8242 -5.73327
28.8257 -5.74811
28.8272 -5.76279
28.8287 -5.77732
28.8302 -5.79169
28.8317 -5.8059
28.8332 -5.81995
28.8347 -5.83385
28.8362 -5.8476
28.8377 -5.86119
28.8392 -5.87463
28.8407 -5.88791
28.8422 -5.90104
28.8437 -5.91402
28.8452 -5.92685
28.8467 -5.93953
28.8482 -5.95205
28.8497 -5.96443
28.8512 -5.97666
28.8527 -5.98873
28.8542 -6.00066
28.8557 -6.01244
28.8572 -6.02408
28.8587 -6.03556
28.8602 -6.0469
28.8617 -6.05809
28.8632 -6.06914
28.8647 -6.08004
28.8662 -6.0908
28.8677 -6.10142
28.8692 -6.11189
28.8707 -6.12221
28.8722 -6.1324
28.8737 -6.14244
28.8752 -6.15234
28.8767 -6.1621
28.8782 -6.17172
28.8797 -6.1812
28.8812 -6.19054
28.8827 -6.19974
28.8842 -6.2088
28.8857 -6.21772
28.8872 -6.22651
28.8887 -6.23516
28.8902 -6.24367
28.8917 -6.25205
28.8932 -6.26029
28.8947 -6.26839
28.8962 -6.27636
28.8977 -6.2842
28.8992 -6.2919
28.9007 -6.29947
28.9022 -6.30691
28.9037 -6.31421
28.9052 -6.32138
28.9067 -6.32842
28.9082 -6.33533
28.9097 -6.34211
28.9112 -6.34876
28.9127 -6.35528
28.9142 -6.36167
28.9157 -6.36794
28.9172 -6.37407
28.9187 -6.38008
28.9202 -6.38596
28.9217 -6.39172
28.9232 -6.39734
28.9247 -6.40285
28.9262 -6.40822
28.9277 -6.41348
28.9292 -6.41861
28.9307 -6.42361
28.9322 -6.42849
28.9337 -6.43325
28.9352 -6.43789
28.9367 -6.44241
28.9382 -6.4468
28.9397 -6.45107
28.9412 -6.45523
28.9427 -6.45926
28.9442 -6.46317
28.9457 -6.46697
28.9472 -6.47064
28.9487 -6.4742
28.9502 -6.47764
28.9517 -6.48096
28.9532 -6.48417
28.9547 -6.48726
28.9562 -6.49023
28.9577 -6.49309
28.9592 -6.49584
28.9607 -6.49847
28.9622 -6.50098
28.9637 -6.50339
28.9652 -6.50568
28.9667 -6.50785
28.9682 -6.50992
28.9697 -6.51187
28.9712 -6.51371
28.9727 -6.51545
28.9742 -6.51707
28.9757 -6.51858
28.9772 -6.51998
28.9787 -6.52128
28.9802 -6.52246
28.9817 -6.52354
28.9832 -6.52451
28.9847 -6.52537
28.9862 -6.52612
28.9877 -6.52677
28.9892 -6.52732
28.9907 -6.52776
28.9922 -6.52809
28.9937 -6.52832
28.9952 -6.52844
28.9967 -6.52847
28.9982 -6.52838
28.9997 -6.5282
29.0013 -6.52791
29.0028 -6.52753
29.0043 -6.52704
29.0058 -6.52645
29.0073 -6.52576
29.0088 -6.52497
29.0103 -6.52408
29.0118 -6.52309
29.0133 -6.522
29.0148 -6.52081
29.0163 -6.51953
29.0178 -6.51815
29.0193 -6.51667
29.0208 -6.51509
29.0223 -6.51342
29.0238 -6.51166
29.0253 -6.50979
29.0268 -6.50784
29.0283 -6.50579
29.0298 -6.50364
29.0313 -6.5014
29.0328 -6.49907
29.0343 -6.49665
29.0358 -6.49413
29.0373 -6.49152
29.0388 -6.48882
29.0403 -6.48603
29.0418 -6.48315
29.0433 -6.48018
29.0448 -6.47712
29.0463 -6.47397
29.0478 -6.47073
29.0493 -6.4674
29.0508 -6.46399
29.0523 -6.46048
29.0538 -6.45689
29.0553 -6.45322
29.0568 -6.44945
29.0583 -6.4456
29.0598 -6.44167
29.0613 -6.43765
29.0628 -6.43354
29.0643 -6.42936
29.0658 -6.42508
29.0673 -6.42073
29.0688 -6.41629
29.0703 -6.41177
29.0718 -6.40716
29.0733 -6.40248
29.0748 -6.39771
29.0763 -6.39286
29.0778 -6.38793
29.0793 -6.38293
29.0808 -6.37784
29.0823 -6.37267
29.0838 -6.36742
29.0853 -6.3621
29.0868 -6.35669
29.0883 -6.35121
29.0898 -6.34565
29.0913 -6.34002
29.0928 -6.33431
29.0943 -6.32852
29.0958 -6.32266
29.0973 -6.31672
29.0988 -6.3107
29.1003 -6.30461
29.1018 -6.29845
29.1033 -6.29222
29.1048 -6.28591
29.1063 -6.27952
29.1078 -6.27307
29.1093 -6.26654
29.1108 -6.25994
29.1123 -6.25327
29.1138 -6.24653
29.1153 -6.23972
29.1168 -6.23284
29.1183 -6.22589
29.1198 -6.21886
29.1213 -6.21177
29.1228 -6.20461
29.1243 -6.19739
29.1258 -6.19009
29.1273 -6.18273
29.1288 -6.1753
29.1303 -6.1678
29.1318 -6.16024
29.1333 -6.15261
29.1348 -6.14492
29.1363 -6.13716
29.1378 -6.12934
29.1393 -6.12145
29.1408 -6.11349
29.1423 -6.10548
29.1438 -6.0974
29.1453 -6.08926
29.1468 -6.08105
29.1483 -6.07278
29.1498 -6.06446
29.1513 -6.05607
29.1528 -6.04761
29.1543 -6.0391
29.1558 -6.03053
29.1573 -6.0219
29.1588 -6.01321
29.1603 -6.00446
29.1618 -5.99565
29.1633 -5.98678
29.1648 -5.97785
29.1663 -5.96887
29.1678 -5.95983
29.1693 -5.95073
29.1708 -5.94158
29.1723 -5.93237
29.1738 -5.9231
29.1753 -5.91378
29.1768 -5.9044
29.1783 -5.89497
29.1798 -5.88548
29.1813 -5.87594
29.1828 -5.86635
29.1843 -5.8567
29.1858 -5.847
29.1873 -5.83725
29.1888 -5.82744
29.1903 -5.81759
29.1918 -5.80768
29.1933 -5.79772
29.1948 -5.78771
29.1963 -5.77765
29.1978 -5.76754
29.1993 -5.75738
29.2009 -5.74717
29.2024 -5.73691
29.2039 -5.7266
29.2054 -5.71624
29.2069 -5.70584
29.2084 -5.69539
29.2099 -5.68489
29.2114 -5.67434
29.2129 -5.66375
29.2144 -5.65311
29.2159 -5.64243
29.2174 -5.6317
29.2189 -5.62093
29.2204 -5.61011
29.2219 -5.59924
29.2234 -5.58833
29.2249 -5.57738
29.2264 -5.56638
29.2279 -5.55535
29.2294 -5.54426
29.2309 -5.53314
29.2324 -5.52197
29.2339 -5.51077
29.2354 -5.49952
29.2369 -5.48823
29.2384 -5.47689
29.2399 -5.46552
29.2414 -5.45411
29.2429 -5.44266
29.2444 -5.43117
29.2459 -5.41964
29.2474 -5.40807
29.2489 -5.39646
29.2504 -5.38482
29.2519 -5.37313
29.2534 -5.36141
29.2549 -5.34966
29.2564 -5.33786
29.2579 -5.32603
29.2594 -5.31416
29.2609 -5.30226
29.2624 -5.29032
29.2639 -5.27835
29.2654 -5.26634
29.2669 -5.2543
29.2684 -5.24222
29.2699 -5.23011
29.2714 -5.21797
29.2729 -5.20579
29.2744 -5.19358
29.2759 -5.18134
29.2774 -5.16906
29.2789 -5.15676
29.2804 -5.14442
29.2819 -5.13205
29.2834 -5.11965
29.2849 -5.10722
29.2864 -5.09476
29.2879 -5.08227
29.2894 -5.06974
29.2909 -5.05719
29.2924 -5.04461
29.2939 -5.03201
29.2954 -5.01937
29.2969 -5.0067
29.2984 -4.99401
29.2999 -4.98129
29.3014 -4.96854
29.3029 -4.95577
29.3044 -4.94297
29.3059 -4.93014
29.3074 -4.91729
29.3089 -4.90441
29.3104 -4.8915
29.3119 -4.87858
29.3134 -4.86562
29.3149 -4.85264
29.3164 -4.83964
29.3179 -4.82661
29.3194 -4.81356
29.3209 -4.80049
29.3224 -4.78739
29.3239 -4.77428
29.3254 -4.76113
29.3269 -4.74797
29.3284 -4.73479
29.3299 -4.72158
29.3314 -4.70835
29.3329 -4.6951
29.3344 -4.68184
29.3359 -4.66855
29.3374 -4.65524
29.3389 -4.64191
29.3404 -4.62856
29.3419 -4.61519
29.3434 -4.60181
29.3449 -4.5884
29.3464 -4.57498
29.3479 -4.56154
29.3494 -4.54808
29.3509 -4.5346
29.3524 -4.52111
29.3539 -4.5076
29.3554 -4.49407
29.3569 -4.48053
29.3584 -4.46697
29.3599 -4.4534
29.3614 -4.43981
29.3629 -4.4262
29.3644 -4.41258
29.3659 -4.39895
29.3674 -4.3853
29.3689 -4.37164
29.3704 -4.35796
29.3719 -4.34427
29.3734 -4.33057
29.3749 -4.31686
29.3764 -4.30313
29.3779 -4.28939
29.3794 -4.27564
29.3809 -4.26187
29.3824 -4.2481
29.3839 -4.23431
29.3854 -4.22051
29.3869 -4.2067
29.3884 -4.19288
29.3899 -4.17906
29.3914 -4.16522
29.3929 -4.15137
29.3944 -4.13751
29.3959 -4.12364
29.3974 -4.10977
29.3989 -4.09588
29.4005 -4.08199
29.402 -4.06809
29.4035 -4.05418
29.405 -4.04027
29.4065 -4.02635
29.408 -4.01242
29.4095 -3.99848
29.411 -3.98454
29.4125 -3.97059
29.414 -3.95663
29.4155 -3.94267
29.417 -3.92871
29.4185 -3.91474
29.42 -3.90076
29.4215 -3.88678
29.423 -3.87279
29.4245 -3.85881
29.426 -3.84481
29.4275 -3.83082
29.429 -3.81682
29.4305 -3.80281
29.432 -3.78881
29.4335 -3.7748
29.435 -3.76079
29.4365 -3.74678
29.438 -3.73276
29.4395 -3.71875
29.441 -3.70473
29.4425 -3.69071
29.444 -3.67669
29.4455 -3.66267
29.447 -3.64865
29.4485 -3.63463
29.45 -3.62061
29.4515 -3.60659
29.453 -3.59257
29.4545 -3.57855
29.456 -3.56453
29.4575 -3.55052
29.459 -3.5365
29.4605 -3.52249
29.462 -3.50848
29.4635 -3.49447
29.465 -3.48047
29.4665 -3.46646
29.468 -3.45246
29.4695 -3.43847
29.471 -3.42447
29.4725 -3.41048
29.474 -3.3965
29.4755 -3.38252
29.477 -3.36854
29.4785 -3.35457
29.48 -3.3406
29.4815 -3.32664
29.483 -3.31268
29.4845 -3.29873
29.486 -3.28478
29.4875 -3.27084
29.489 -3.25691
29.4905 -3.24298
29.492 -3.22906
29.4935 -3.21515
29.495 -3.20124
29.4965 -3.18734
29.498 -3.17345
29.4995 -3.15956
29.501 -3.14569
29.5025 -3.13182
29.504 -3.11796
29.5055 -3.10411
29.507 -3.09027
29.5085 -3.07644
29.51 -3.06261
29.5115 -3.0488
29.513 -3.035
29.5145 -3.0212
29.516 -3.00742
29.5175 -2.99365
29.519 -2.97988
29.5205 -2.96613
29.522 -2.95239
29.5235 -2.93866
29.525 -2.92494
29.5265 -2.91124
29.528 -2.89754
29.5295 -2.88386
29.531 -2.87019
29.5325 -2.85653
29.534 -2.84289
29.5355 -2.82926
29.537 -2.81564
29.5385 -2.80203
29.54 -2.78844
29.5415 -2.77486
29.543 -2.7613
29.5445 -2.74775
29.546 -2.73421
29.5475 -2.72069
29.549 -2.70718
29.5505 -2.69369
29.552 -2.68022
29.5535 -2.66675
29.555 -2.65331
29.5565 -2.63988
29.558 -2.62646
29.5595 -2.61307
29.561 -2.59969
29.5625 -2.58632
29.564 -2.57297
29.5655 -2.55964
29.567 -2.54633
29.5685 -2.53303
29.57 -2.51975
29.5715 -2.50649
29.573 -2.49324
29.5745 -2.48002
29.576 -2.46681
29.5775 -2.45362
29.579 -2.44045
29.5805 -2.4273
29.582 -2.41417
29.5835 -2.40105
29.585 -2.38796
29.5865 -2.37488
29.588 -2.36183
29.5895 -2.34879
29.591 -2.33578
29.5925 -2.32278
29.594 -2.30981
29.5955 -2.29685
29.597 -2.28392
29.5985 -2.27101
29.6001 -2.25812
29.6016 -2.24525
29.6031 -2.2324
29.6046 -2.21957
29.6061 -2.20677
29.6076 -2.19398
29.6091 -2.18122
29.6106 -2.16849
29.6121 -2.15577
29.6136 -2.14308
29.6151 -2.13041
29.6166 -2.11776
29.6181 -2.10514
29.6196 -2.09254
29.6211 -2.07996
29.6226 -2.06741
29.6241 -2.05488
29.6256 -2.04237
29.6271 -2.02989
29.6286 -2.01743
29.6301 -2.005
29.6316 -1.99259
29.6331 -1.98021
29.6346 -1.96786
29.6361 -1.95552
29.6376 -1.94322
29.6391 -1.93093
29.6406 -1.91868
29.6421 -1.90645
29.6436 -1.89425
29.6451 -1.88207
29.6466 -1.86992
29.6481 -1.85779
29.6496 -1.84569
29.6511 -1.83362
29.6526 -1.82158
29.6541 -1.80956
29.6556 -1.79757
29.6571 -1.78561
29.6586 -1.77367
29.6601 -1.76177
29.6616 -1.74989
29.6631 -1.73803
29.6646 -1.72621
29.6661 -1.71442
29.6676 -1.70265
29.6691 -1.69091
29.6706 -1.6792
29.6721 -1.66752
29.6736 -1.65587
29.6751 -1.64425
29.6766 -1.63265
29.6781 -1.62109
29.6796 -1.60956
29.6811 -1.59805
29.6826 -1.58658
29.6841 -1.57513
29.6856 -1.56372
29.6871 -1.55234
29.6886 -1.54098
29.6901 -1.52966
29.6916 -1.51837
29.6931 -1.50711
29.6946 -1.49588
29.6961 -1.48468
29.6976 -1.47351
29.6991 -1.46237
29.7006 -1.45127
29.7021 -1.4402
29.7036 -1.42915
29.7051 -1.41814
29.7066 -1.40717
29.7081 -1.39622
29.7096 -1.38531
29.7111 -1.37443
29.7126 -1.36358
29.7141 -1.35276
29.7156 -1.34198
29.7171 -1.33123
29.7186 -1.32052
29.7201 -1.30983
29.7216 -1.29918
29.7231 -1.28857
29.7246 -1.27798
29.7261 -1.26743
29.7276 -1.25692
29.7291 -1.24644
29.7306 -1.23599
29.7321 -1.22557
29.7336 -1.2152
29.7351 -1.20485
29.7366 -1.19454
29.7381 -1.18427
29.7396 -1.17402
29.7411 -1.16382
29.7426 -1.15365
29.7441 -1.14351
29.7456 -1.13341
29.7471 -1.12335
29.7486 -1.11332
29.7501 -1.10332
29.7516 -1.09336
29.7531 -1.08344
29.7546 -1.07355
29.7561 -1.0637
29.7576 -1.05389
29.7591 -1.04411
29.7606 -1.03436
29.7621 -1.02466
29.7636 -1.01499
29.7651 -1.00536
29.7666 -0.99576
29.7681 -0.9862
29.7696 -0.976678
29.7711 -0.967192
29.7726 -0.957744
29.7741 -0.948333
29.7756 -0.938959
29.7771 -0.929623
29.7786 -0.920324
29.7801 -0.911063
29.7816 -0.901839
29.7831 -0.892653
29.7846 -0.883506
29.7861 -0.874396
29.7876 -0.865324
29.7891 -0.856291
29.7906 -0.847296
29.7921 -0.838339
29.7936 -0.829421
29.7951 -0.820541
29.7966 -0.8117
29.7981 -0.802898
29.7996 -0.794134
29.8012 -0.78541
29.8027 -0.776724
29.8042 -0.768078
29.8057 -0.759471
29.8072 -0.750903
29.8087 -0.742374
29.8102 -0.733885
29.8117 -0.725436
29.8132 -0.717026
29.8147 -0.708655
29.8162 -0.700325
29.8177 -0.692034
29.8192 -0.683784
29.8207 -0.675573
29.8222 -0.667402
29.8237 -0.659272
29.8252 -0.651182
29.8267 -0.643132
29.8282 -0.635123
29.8297 -0.627154
29.8312 -0.619225
29.8327 -0.611338
29.8342 -0.603491
29.8357 -0.595685
29.8372 -0.587919
29.8387 -0.580195
29.8402 -0.572512
29.8417 -0.564869
29.8432 -0.557268
29.8447 -0.549708
29.8462 -0.54219
29.8477 -0.534712
29.8492 -0.527276
29.8507 -0.519882
29.8522 -0.512529
29.8537 -0.505218
29.8552 -0.497948
29.8567 -0.49072
29.8582 -0.483534
29.8597 -0.47639
29.8612 -0.469288
29.8627 -0.462228
29.8642 -0.45521
29.8657 -0.448234
29.8672 -0.4413
29.8687 -0.434408
29.8702 -0.427559
29.8717 -0.420752
29.8732 -0.413987
29.8747 -0.407265
29.8762 -0.400586
29.8777 -0.393949
29.8792 -0.387354
29.8807 -0.380803
29.8822 -0.374294
29.8837 -0.367828
29.8852 -0.361404
29.8867 -0.355024
29.8882 -0.348686
29.8897 -0.342392
29.8912 -0.33614
29.8927 -0.329932
29.8942 -0.323767
29.8957 -0.317645
29.8972 -0.311566
29.8987 -0.30553
29.9002 -0.299538
29.9017 -0.293589
29.9032 -0.287684
29.9047 -0.281822
29.9062 -0.276003
29.9077 -0.270229
29.9092 -0.264497
29.9107 -0.258809
29.9122 -0.253165
29.9137 -0.247565
29.9152 -0.242008
29.9167 -0.236495
29.9182 -0.231026
29.9197 -0.225601
29.9212 -0.220219
29.9227 -0.214882
29.9242 -0.209589
29.9257 -0.204339
29.9272 -0.199133
29.9287 -0.193972
29.9302 -0.188855
29.9317 -0.183781
29.9332 -0.178752
29.9347 -0.173767
29.9362 -0.168827
29.9377 -0.16393
29.9392 -0.159078
29.9407 -0.15427
29.9422 -0.149506
29.9437 -0.144787
29.9452 -0.140112
29.9467 -0.135481
29.9482 -0.130895
29.9497 -0.126353
29.9512 -0.121856
29.9527 -0.117403
29.9542 -0.112995
29.9557 -0.108631
29.9572 -0.104312
29.9587 -0.100037
29.9602 -0.0958072
29.9617 -0.0916217
29.9632 -0.0874808
29.9647 -0.0833846
29.9662 -0.0793329
29.9677 -0.075326
29.9692 -0.0713637
29.9707 -0.0674461
29.9722 -0.0635732
29.9737 -0.0597451
29.9752 -0.0559616
29.9767 -0.0522229
29.9782 -0.048529
29.9797 -0.0448798
29.9812 -0.0412753
29.9827 -0.0377157
29.9842 -0.0342008
29.9857 -0.0307307
29.9872 -0.0273055
29.9887 -0.023925
29.9902 -0.0205893
29.9917 -0.0172985
29.9932 -0.0140524
29.9947 -0.0108512
29.9962 -0.00769485
29.9977 -0.00458329
29.9992 -0.00151656
30.0008 0.00150535
30.0023 0.00448242
30.0038 0.00741467
30.0053 0.0103021
30.0068 0.0131447
30.0083 0.0159425
30.0098 0.0186954
30.0113 0.0214036
30.0128 0.0240669
30.0143 0.0266854
30.0158 0.0292592
30.0173 0.0317881
30.0188 0.0342723
30.0203 0.0367116
30.0218 0.0391062
30.0233 0.0414561
30.0248 0.0437612
30.0263 0.0460216
30.0278 0.0482372
30.0293 0.0504081
30.0308 0.0525343
30.0323 0.0546159
30.0338 0.0566527
30.0353 0.0586449
30.0368 0.0605925
30.0383 0.0624954
30.0398 0.0643537
30.0413 0.0661674
30.0428 0.0679366
30.0443 0.0696611
30.0458 0.0713412
30.0473 0.0729767
30.0488 0.0745677
30.0503 0.0761142
30.0518 0.0776163
30.0533 0.0790739
30.0548 0.0804872
30.0563 0.081856
30.0578 0.0831805
30.0593 0.0844606
30.0608 0.0856965
30.0623 0.086888
30.0638 0.0880353
30.0653 0.0891384
30.0668 0.0901972
30.0683 0.0912119
30.0698 0.0921825
30.0713 0.0931089
30.0728 0.0939912
30.0743 0.0948295
30.0758 0.0956238
30.0773 0.0963741
30.0788 0.0970804
30.0803 0.0977429
30.0818 0.0983614
30.0833 0.0989361
30.0848 0.099467
30.0863 0.0999541
30.0878 0.100398
30.0893 0.100797
30.0908 0.101153
30.0923 0.101466
30.0938 0.101735
30.0953 0.10196
30.0968 0.102142
30.0983 0.10228
30.0998 0.102375
30.1013 0.102427
30.1028 0.102435
30.1043 0.1024
30.1058 0.102322
30.1073 0.1022
30.1088 0.102036
30.1103 0.101828
30.1118 0.101577
30.1133 0.101284
30.1148 0.100947
30.1163 0.100567
30.1178 0.100145
30.1193 0.09968
30.1208 0.0991721
30.1223 0.0986216
30.1238 0.0980284
30.1253 0.0973926
30.1268 0.0967143
30.1283 0.0959936
30.1298 0.0952304
30.1313 0.0944249
30.1328 0.0935771
30.1343 0.0926871
30.1358 0.0917549
30.1373 0.0907805
30.1388 0.0897641
30.1403 0.0887057
30.1418 0.0876054
30.1433 0.0864632
30.1448 0.0852792
30.1463 0.0840535
30.1478 0.082786
30.1493 0.081477
30.1508 0.0801264
30.1523 0.0787343
30.1538 0.0773008
30.1553 0.0758259
30.1568 0.0743098
30.1583 0.0727525
30.1598 0.071154
30.1613 0.0695144
30.1628 0.0678338
30.1643 0.0661123
30.1658 0.0643499
30.1673 0.0625468
30.1688 0.0607029
30.1703 0.0588184
30.1718 0.0568934
30.1733 0.0549278
30.1748 0.0529218
30.1763 0.0508755
30.1778 0.0487889
30.1793 0.0466622
30.1808 0.0444954
30.1823 0.0422885
30.1838 0.0400417
30.1853 0.037755
30.1868 0.0354285
30.1883 0.0330624
30.1898 0.0306566
30.1913 0.0282113
30.1928 0.0257266
30.1943 0.0232025
30.1958 0.0206391
30.1973 0.0180365
30.1988 0.0153948
30.2004 0.0127141
30.2019 0.00999446
30.2034 0.00723599
30.2049 0.00443876
30.2064 0.00160288
30.2079 -0.00127158
30.2094 -0.00418451
30.2109 -0.00713584
30.2124 -0.0101255
30.2139 -0.0131533
30.2154 -0.0162192
30.2169 -0.0193231
30.2184 -0.022465
30.2199 -0.0256447
30.2214 -0.0288621
30.2229 -0.0321171
30.2244 -0.0354097
30.2259 -0.0387397
30.2274 -0.042107
30.2289 -0.0455115
30.2304 -0.0489532
30.2319 -0.0524319
30.2334 -0.0559476
30.2349 -0.0595
30.2364 -0.0630892
30.2379 -0.066715
30.2394 -0.0703774
30.2409 -0.0740761
30.2424 -0.0778111
30.2439 -0.0815823
30.2454 -0.0853897
30.2469 -0.089233
30.2484 -0.0931121
30.2499 -0.0970271
30.2514 -0.100978
30.2529 -0.104964
30.2544 -0.108985
30.2559 -0.113042
30.2574 -0.117134
30.2589 -0.121261
30.2604 -0.125424
30.2619 -0.129621
30.2634 -0.133852
30.2649 -0.138119
30.2664 -0.14242
30.2679 -0.146755
30.2694 -0.151125
30.2709 -0.155528
30.2724 -0.159966
30.2739 -0.164438
30.2754 -0.168944
30.2769 -0.173483
30.2784 -0.178056
30.2799 -0.182662
30.2814 -0.187301
30.2829 -0.191974
30.2844 -0.19668
30.2859 -0.201419
30.2874 -0.20619
30.2889 -0.210994
30.2904 -0.215831
30.2919 -0.2207
30.2934 -0.225602
30.2949 -0.230536
30.2964 -0.235502
30.2979 -0.240499
30.2994 -0.245529
30.3009 -0.25059
30.3024 -0.255683
30.3039 -0.260807
30.3054 -0.265962
30.3069 -0.271148
30.3084 -0.276366
30.3099 -0.281614
30.3114 -0.286893
30.3129 -0.292203
30.3144 -0.297543
30.3159 -0.302913
30.3174 -0.308313
30.3189 -0.313744
30.3204 -0.319204
30.3219 -0.324694
30.3234 -0.330214
30.3249 -0.335763
30.3264 -0.341342
30.3279 -0.346949
30.3294 -0.352586
30.3309 -0.358252
30.3324 -0.363946
30.3339 -0.369669
30.3354 -0.37542
30.3369 -0.3812
30.3384 -0.387008
30.3399 -0.392843
30.3414 -0.398707
30.3429 -0.404598
30.3444 -0.410517
30.3459 -0.416463
30.3474 -0.422437
30.3489 -0.428438
30.3504 -0.434465
30.3519 -0.440519
30.3534 -0.4466
30.3549 -0.452708
30.3564 -0.458842
30.3579 -0.465001
30.3594 -0.471187
30.3609 -0.477399
30.3624 -0.483637
30.3639 -0.489899
30.3654 -0.496188
30.3669 -0.502501
30.3684 -0.50884
30.3699 -0.515203
30.3714 -0.521591
30.3729 -0.528004
30.3744 -0.534441
30.3759 -0.540903
30.3774 -0.547388
30.3789 -0.553897
30.3804 -0.56043
30.3819 -0.566987
30.3834 -0.573567
30.3849 -0.58017
30.3864 -0.586796
30.3879 -0.593445
30.3894 -0.600117
30.3909 -0.606811
30.3924 -0.613528
30.3939 -0.620267
30.3954 -0.627028
30.3969 -0.633811
30.3984 -0.640615
30.3999 -0.647441
30.4015 -0.654289
30.403 -0.661157
30.4045 -0.668046
30.406 -0.674957
30.4075 -0.681887
30.409 -0.688839
30.4105 -0.69581
30.412 -0.702802
30.4135 -0.709813
30.415 -0.716844
30.4165 -0.723895
30.418 -0.730965
30.4195 -0.738054
30.421 -0.745162
30.4225 -0.752289
30.424 -0.759435
30.4255 -0.766599
30.427 -0.773781
30.4285 -0.780981
30.43 -0.788199
30.4315 -0.795435
30.433 -0.802688
30.4345 -0.809958
30.436 -0.817246
30.4375 -0.82455
30.439 -0.831871
30.4405 -0.839209
30.442 -0.846563
30.4435 -0.853933
30.445 -0.861319
30.4465 -0.868721
30.448 -0.876138
30.4495 -0.883571
30.451 -0.891019
30.4525 -0.898481
30.454 -0.905959
30.4555 -0.913451
30.457 -0.920957
30.4585 -0.928478
30.46 -0.936012
30.4615 -0.94356
30.463 -0.951122
30.4645 -0.958697
30.466 -0.966285
30.4675 -0.973886
30.469 -0.9815
30.4705 -0.989126
30.472 -0.996765
30.4735 -1.00442
30.475 -1.01208
30.4765 -1.01975
30.478 -1.02744
30.4795 -1.03513
30.481 -1.04284
30.4825 -1.05056
30.484 -1.05829
30.4855 -1.06603
30.487 -1.07378
30.4885 -1.08154
30.49 -1.08931
30.4915 -1.09709
30.493 -1.10488
30.4945 -1.11268
30.496 -1.12048
30.4975 -1.1283
30.499 -1.13612
30.5005 -1.14395
30.502 -1.15179
30.5035 -1.15964
30.505 -1.1675
30.5065 -1.17536
30.508 -1.18323
30.5095 -1.19111
30.511 -1.19899
30.5125 -1.20688
30.514 -1.21478
30.5155 -1.22268
30.517 -1.23059
30.5185 -1.2385
30.52 -1.24642
30.5215 -1.25434
30.523 -1.26227
30.5245 -1.2702
30.526 -1.27814
30.5275 -1.28608
30.529 -1.29403
30.5305 -1.30198
30.532 -1.30993
30.5335 -1.31789
30.535 -1.32585
30.5365 -1.33381
30.538 -1.34177
30.5395 -1.34974
30.541 -1.35771
30.5425 -1.36568
30.544 -1.37365
30.5455 -1.38163
30.547 -1.3896
30.5485 -1.39758
30.55 -1.40555
30.5515 -1.41353
30.553 -1.42151
30.5545 -1.42948
30.556 -1.43746
30.5575 -1.44544
30.559 -1.45341
30.5605 -1.46138
30.562 -1.46936
30.5635 -1.47733
30.565 -1.4853
30.5665 -1.49326
30.568 -1.50123
30.5695 -1.50919
30.571 -1.51715
30.5725 -1.5251
30.574 -1.53306
30.5755 -1.54101
30.577 -1.54895
30.5785 -1.55689
30.58 -1.56483
30.5815 -1.57276
30.583 -1.58069
30.5845 -1.58861
30.586 -1.59653
30.5875 -1.60444
30.589 -1.61234
30.5905 -1.62024
30.592 -1.62813
30.5935 -1.63602
30.595 -1.6439
30.5965 -1.65177
30.598 -1.65963
30.5995 -1.66749
30.6011 -1.67534
30.6026 -1.68318
30.6041 -1.69101
30.6056 -1.69883
30.6071 -1.70665
30.6086 -1.71445
30.6101 -1.72225
30.6116 -1.73003
30.6131 -1.73781
30.6146 -1.74557
30.6161 -1.75333
30.6176 -1.76107
30.6191 -1.7688
30.6206 -1.77652
30.6221 -1.78423
30.6236 -1.79193
30.6251 -1.79961
30.6266 -1.80728
30.6281 -1.81494
30.6296 -1.82259
30.6311 -1.83022
30.6326 -1.83784
30.6341 -1.84544
30.6356 -1.85303
30.6371 -1.86061
30.6386 -1.86817
30.6401 -1.87571
30.6416 -1.88324
30.6431 -1.89076
30.6446 -1.89826
30.6461 -1.90574
30.6476 -1.91321
30.6491 -1.92066
30.6506 -1.92809
30.6521 -1.9355
30.6536 -1.9429
30.6551 -1.95028
30.6566 -1.95764
30.6581 -1.96498
30.6596 -1.97231
30.6611 -1.97961
30.6626 -1.9869
30.6641 -1.99416
30.6656 -2.00141
30.6671 -2.00863
30.6686 -2.01584
30.6701 -2.02302
30.6716 -2.03018
30.6731 -2.03732
30.6746 -2.04444
30.6761 -2.05154
30.6776 -2.05862
30.6791 -2.06567
30.6806 -2.0727
30.6821 -2.0797
30.6836 -2.08669
30.6851 -2.09364
30.6866 -2.10058
30.6881 -2.10749
30.6896 -2.11437
30.6911 -2.12124
30.6926 -2.12807
30.6941 -2.13488
30.6956 -2.14166
30.6971 -2.14842
30.6986 -2.15515
30.7001 -2.16185
30.7016 -2.16853
30.7031 -2.17518
30.7046 -2.1818
30.7061 -2.18839
30.7076 -2.19496
30.7091 -2.20149
30.7106 -2.208
30.7121 -2.21448
30.7136 -2.22093
30.7151 -2.22734
30.7166 -2.23373
30.7181 -2.24009
30.7196 -2.24641
30.7211 -2.25271
30.7226 -2.25897
30.7241 -2.2652
30.7256 -2.2714
30.7271 -2.27757
30.7286 -2.2837
30.7301 -2.2898
30.7316 -2.29587
30.7331 -2.3019
30.7346 -2.3079
30.7361 -2.31386
30.7376 -2.31979
30.7391 -2.32569
30.7406 -2.33154
30.7421 -2.33737
30.7436 -2.34315
30.7451 -2.34891
30.7466 -2.35462
30.7481 -2.3603
30.7496 -2.36593
30.7511 -2.37154
30.7526 -2.3771
30.7541 -2.38262
30.7556 -2.38811
30.7571 -2.39356
30.7586 -2.39897
30.7601 -2.40433
30.7616 -2.40966
30.7631 -2.41495
30.7646 -2.4202
30.7661 -2.4254
30.7676 -2.43057
30.7691 -2.43569
30.7706 -2.44077
30.7721 -2.44581
30.7736 -2.4508
30.7751 -2.45575
30.7766 -2.46066
30.7781 -2.46553
30.7796 -2.47035
30.7811 -2.47512
30.7826 -2.47985
30.7841 -2.48454
30.7856 -2.48918
30.7871 -2.49378
30.7886 -2.49832
30.7901 -2.50283
30.7916 -2.50728
30.7931 -2.51169
30.7946 -2.51605
30.7961 -2.52036
30.7976 -2.52462
30.7991 -2.52884
30.8007 -2.533
30.8022 -2.53712
30.8037 -2.54119
30.8052 -2.54521
30.8067 -2.54917
30.8082 -2.55309
30.8097 -2.55695
30.8112 -2.56076
30.8127 -2.56453
30.8142 -2.56823
30.8157 -2.57189
30.8172 -2.57549
30.8187 -2.57904
30.8202 -2.58254
30.8217 -2.58598
30.8232 -2.58937
30.8247 -2.5927
30.8262 -2.59598
30.8277 -2.59921
30.8292 -2.60237
30.8307 -2.60548
30.8322 -2.60854
30.8337 -2.61153
30.8352 -2.61447
30.8367 -2.61736
30.8382 -2.62018
30.8397 -2.62295
30.8412 -2.62565
30.8427 -2.6283
30.8442 -2.63089
30.8457 -2.63342
30.8472 -2.63588
30.8487 -2.63829
30.8502 -2.64064
30.8517 -2.64292
30.8532 -2.64515
30.8547 -2.64731
30.8562 -2.64941
30.8577 -2.65144
30.8592 -2.65341
30.8607 -2.65532
30.8622 -2.65717
30.8637 -2.65895
30.8652 -2.66066
30.8667 -2.66231
30.8682 -2.6639
30.8697 -2.66542
30.8712 -2.66687
30.8727 -2.66826
30.8742 -2.66957
30.8757 -2.67083
30.8772 -2.67201
30.8787 -2.67312
30.8802 -2.67417
30.8817 -2.67515
30.8832 -2.67606
30.8847 -2.67689
30.8862 -2.67766
30.8877 -2.67836
30.8892 -2.67899
30.8907 -2.67954
30.8922 -2.68002
30.8937 -2.68044
30.8952 -2.68077
30.8967 -2.68104
30.8982 -2.68123
30.8997 -2.68135
30.9012 -2.6814
30.9027 -2.68137
30.9042 -2.68126
30.9057 -2.68108
30.9072 -2.68083
30.9087 -2.68049
30.9102 -2.68008
30.9117 -2.6796
30.9132 -2.67904
30.9147 -2.6784
30.9162 -2.67768
30.9177 -2.67688
30.9192 -2.676
30.9207 -2.67505
30.9222 -2.67401
30.9237 -2.6729
30.9252 -2.6717
30.9267 -2.67043
30.9282 -2.66907
30.9297 -2.66763
30.9312 -2.66611
30.9327 -2.6645
30.9342 -2.66281
30.9357 -2.66104
30.9372 -2.65919
30.9387 -2.65725
30.9402 -2.65522
30.9417 -2.65311
30.9432 -2.65092
30.9447 -2.64864
30.9462 -2.64627
30.9477 -2.64382
30.9492 -2.64128
30.9507 -2.63865
30.9522 -2.63593
30.9537 -2.63313
30.9552 -2.63023
30.9567 -2.62725
30.9582 -2.62418
30.9597 -2.62102
30.9612 -2.61776
30.9627 -2.61442
30.9642 -2.61098
30.9657 -2.60746
30.9672 -2.60384
30.9687 -2.60012
30.9702 -2.59632
30.9717 -2.59242
30.9732 -2.58843
30.9747 -2.58434
30.9762 -2.58016
30.9777 -2.57588
30.9792 -2.57151
30.9807 -2.56704
30.9822 -2.56247
30.9837 -2.55781
30.9852 -2.55305
30.9867 -2.54819
30.9882 -2.54324
30.9897 -2.53818
30.9912 -2.53303
30.9927 -2.52778
30.9942 -2.52242
30.9957 -2.51697
30.9972 -2.51142
30.9987 -2.50576
31.0003 -2.5
31.0018 -2.49414
31.0033 -2.48818
31.0048 -2.48212
31.0063 -2.47595
31.0078 -2.46967
31.0093 -2.4633
31.0108 -2.45681
31.0123 -2.45023
31.0138 -2.44353
31.0153 -2.43673
31.0168 -2.42983
31.0183 -2.42281
31.0198 -2.41569
31.0213 -2.40846
31.0228 -2.40113
31.0243 -2.39368
31.0258 -2.38613
31.0273 -2.37846
31.0288 -2.37068
31.0303 -2.3628
31.0318 -2.3548
31.0333 -2.34669
31.0348 -2.33847
31.0363 -2.33014
31.0378 -2.32169
31.0393 -2.31313
31.0408 -2.30446
31.0423 -2.29567
31.0438 -2.28677
31.0453 -2.27775
31.0468 -2.26861
31.0483 -2.25936
31.0498 -2.25
31.0513 -2.24051
31.0528 -2.23091
31.0543 -2.22119
31.0558 -2.21135
31.0573 -2.2014
31.0588 -2.19132
31.0603 -2.18112
31.0618 -2.17081
31.0633 -2.16037
31.0648 -2.14981
31.0663 -2.13913
31.0678 -2.12832
31.0693 -2.1174
31.0708 -2.10635
31.0723 -2.09518
31.0738 -2.08388
31.0753 -2.07246
31.0768 -2.06091
31.0783 -2.04924
31.0798 -2.03744
31.0813 -2.02552
31.0828 -2.01347
31.0843 -2.00129
31.0858 -1.98898
31.0873 -1.97654
31.0888 -1.96398
31.0903 -1.95129
31.0918 -1.93846
31.0933 -1.92551
31.0948 -1.91242
31.0963 -1.89921
31.0978 -1.88586
31.0993 -1.87238
31.1008 -1.85877
31.1023 -1.84502
31.1038 -1.83114
31.1053 -1.81713
31.1068 -1.80298
31.1083 -1.78869
31.1098 -1.77427
31.1113 -1.75972
31.1128 -1.74503
31.1143 -1.7302
31.1158 -1.71523
31.1173 -1.70012
31.1188 -1.68488
31.1203 -1.6695
31.1218 -1.65397
31.1233 -1.63831
31.1248 -1.62251
31.1263 -1.60656
31.1278 -1.59048
31.1293 -1.57425
31.1308 -1.55788
31.1323 -1.54136
31.1338 -1.52471
31.1353 -1.5079
31.1368 -1.49096
31.1383 -1.47387
31.1398 -1.45663
31.1413 -1.43925
31.1428 -1.42172
31.1443 -1.40404
31.1458 -1.38622
31.1473 -1.36824
31.1488 -1.35012
31.1503 -1.33185
31.1518 -1.31343
31.1533 -1.29486
31.1548 -1.27614
31.1563 -1.25727
31.1578 -1.23825
31.1593 -1.21907
31.1608 -1.19974
31.1623 -1.18026
31.1638 -1.16063
31.1653 -1.14084
31.1668 -1.12089
31.1683 -1.10079
31.1698 -1.08054
31.1713 -1.06013
31.1728 -1.03956
31.1743 -1.01883
31.1758 -0.997949
31.1773 -0.976908
31.1788 -0.955707
31.1803 -0.934347
31.1818 -0.912827
31.1833 -0.891147
31.1848 -0.869305
31.1863 -0.847303
31.1878 -0.825138
31.1893 -0.802811
31.1908 -0.78032
31.1923 -0.757666
31.1938 -0.734849
31.1953 -0.711866
31.1968 -0.688718
31.1983 -0.665405
31.1998 -0.641925
31.2014 -0.618279
31.2029 -0.594465
31.2044 -0.570484
31.2059 -0.546334
31.2074 -0.522015
31.2089 -0.497527
31.2104 -0.472869
31.2119 -0.448041
31.2134 -0.423042
31.2149 -0.397871
31.2164 -0.372528
31.2179 -0.347012
31.2194 -0.321324
31.2209 -0.295461
31.2224 -0.269425
31.2239 -0.243214
31.2254 -0.216827
31.2269 -0.190265
31.2284 -0.163526
31.2299 -0.13661
31.2314 -0.109517
31.2329 -0.0822459
31.2344 -0.0547962
31.2359 -0.0271675
31.2374 0.000640895
31.2389 0.0286294
31.2404 0.0567987
31.2419 0.0851492
31.2434 0.113682
31.2449 0.142396
31.2464 0.171294
31.2479 0.200375
31.2494 0.22964
31.2509 0.25909
31.2524 0.288724
31.2539 0.318545
31.2554 0.348551
31.2569 0.378745
31.2584 0.409125
31.2599 0.439694
31.2614 0.470451
31.2629 0.501397
31.2644 0.532533
31.2659 0.563858
31.2674 0.595374
31.2689 0.627082
31.2704 0.658981
31.2719 0.691073
31.2734 0.723358
31.2749 0.755836
31.2764 0.788508
31.2779 0.821374
31.2794 0.854436
31.2809 0.887693
31.2824 0.921147
31.2839 0.954798
31.2854 0.988646
31.2869 1.02269
31.2884 1.05694
31.2899 1.09138
31.2914 1.12602
31.2929 1.16087
31.2944 1.19591
31.2959 1.23116
31.2974 1.2666
31.2989 1.30225
31.3004 1.33811
31.3019 1.37417
31.3034 1.41043
31.3049 1.44689
31.3064 1.48356
31.3079 1.52044
31.3094 1.55753
31.3109 1.59482
31.3124 1.63232
31.3139 1.67002
31.3154 1.70794
31.3169 1.74606
31.3184 1.7844
31.3199 1.82295
31.3214 1.8617
31.3229 1.90067
31.3244 1.93985
31.3259 1.97925
31.3274 2.01886
31.3289 2.05868
31.3304 2.09872
31.3319 2.13897
31.3334 2.17944
31.3349 2.22012
31.3364 2.26102
31.3379 2.30214
31.3394 2.34348
31.3409 2.38503
31.3424 2.42681
31.3439 2.4688
31.3454 2.51102
31.3469 2.55346
31.3484 2.59612
31.3499 2.639
31.3514 2.6821
31.3529 2.72543
31.3544 2.76898
31.3559 2.81276
31.3574 2.85676
31.3589 2.90099
31.3604 2.94544
31.3619 2.99013
31.3634 3.03504
31.3649 3.08017
31.3664 3.12554
31.3679 3.17114
31.3694 3.21696
31.3709 3.26302
31.3724 3.30931
31.3739 3.35583
31.3754 3.40258
31.3769 3.44957
31.3784 3.49679
31.3799 3.54425
31.3814 3.59193
31.3829 3.63986
31.3844 3.68802
31.3859 3.73642
31.3874 3.78506
31.3889 3.83393
31.3904 3.88304
31.3919 3.93239
31.3934 3.98199
31.3949 4.03182
31.3964 4.08189
31.3979 4.13221
31.3994 4.18276
31.401 4.23356
31.4025 4.28461
31.404 4.3359
31.4055 4.38743
31.407 4.43921
31.4085 4.49123
31.41 4.5435
31.4115 4.59602
31.413 4.64879
31.4145 4.7018
31.416 4.75507
31.4175 4.80858
31.419 4.86235
31.4205 4.91636
31.422 4.97063
31.4235 5.02515
31.425 5.07992
31.4265 5.13495
31.428 5.19023
31.4295 5.24576
31.431 5.30155
31.4325 5.3576
31.434 5.4139
31.4355 5.47047
31.437 5.52728
31.4385 5.58436
31.44 5.6417
31.4415 5.69929
31.443 5.75715
31.4445 5.81527
31.446 5.87365
31.4475 5.93229
31.449 5.9912
31.4505 6.05037
31.452 6.1098
31.4535 6.1695
31.455 6.22946
31.4565 6.28969
31.458 6.35019
31.4595 6.41095
31.461 6.47199
31.4625 6.53329
31.464 6.59486
31.4655 6.6567
31.467 6.71881
31.4685 6.7812
31.47 6.84385
31.4715 6.90678
31.473 6.96998
31.4745 7.03346
31.476 7.09721
31.4775 7.16124
31.479 7.22554
31.4805 7.29012
31.482 7.35497
31.4835 7.42011
31.485 7.48552
31.4865 7.55121
31.488 7.61718
31.4895 7.68343
31.491 7.74997
31.4925 7.81678
31.494 7.88388
31.4955 7.95126
31.497 8.01892
31.4985 8.08687
31.5 8.15511
