-2.74992 0.0156414
-2.64043 0.00700965
-2.53095 0
-2.42146 0.0168934
-2.31197 0.0403773
-2.20249 0.0361899
-2.093 0.0567643
-1.98351 0.0254388
-1.87402 0.0684018
-1.76454 0.0321138
-1.65505 0.03925
-1.54556 0.0422154
-1.43607 0.0231229
-1.32659 0.0207249
-1.2171 0.00168869
-1.10761 0.0075678
-0.998125 0.00949616
-0.888638 0.00851135
-0.77915 0.00980829
-0.669663 0.00293037
-0.560176 0.00612843
-0.450688 0.00235409
-0.341201 0.00351659
-0.231714 0.0100861
-0.122226 0.0327703
-0.0127389 0.200032
0.0967485 0.138437
0.206236 0.0276638
0.315723 0.00692798
0.42521 0.00359498
0.534698 0.000878769
0.644185 0.00105018
0.753672 0.00094127
0.86316 0.00105457
0.972647 0.00151232
1.08213 0.00203323
1.19162 0.00546711
1.30111 0.00544459
1.4106 0.00927191
1.52008 0.0129029
1.62957 0.0110748
1.73906 0.0118588
1.84855 0.00992036
1.95803 0.00804474
2.06752 0.00442747
2.17701 0.00226761
2.2865 0.00142271
2.39598 0.000637582
2.50547 8.16372e-05
2.61496 0.000109756
