0 0
0.1 0.428544
0.2 0.428918
0.3 0.429293
0.4 0.42967
0.5 0.430049
0.6 0.43043
0.7 0.430813
0.8 0.431198
0.9 0.431584
1 0.431973
1.1 0.432363
1.2 0.432756
1.3 0.43315
1.4 0.433547
1.5 0.433946
1.6 0.434346
1.7 0.434749
1.8 0.435153
1.9 0.43556
2 0.435969
2.1 0.43638
2.2 0.436793
2.3 0.437208
2.4 0.437626
2.5 0.438045
2.6 0.438467
2.7 0.438891
2.8 0.439317
2.9 0.439745
3 0.440176
3.1 0.440609
3.2 0.441044
3.3 0.441482
3.4 0.441922
3.5 0.442364
3.6 0.442808
3.7 0.443255
3.8 0.443705
3.9 0.444156
4 0.44461
4.1 0.445067
4.2 0.445526
4.3 0.445988
4.4 0.446452
4.5 0.446918
4.6 0.447387
4.7 0.447859
4.8 0.448333
4.9 0.44881
5 0.44929
5.1 0.449772
5.2 0.450257
5.3 0.450744
5.4 0.451234
5.5 0.451727
5.6 0.452223
5.7 0.452721
5.8 0.453223
5.9 0.453727
6 0.454234
6.1 0.454743
6.2 0.455256
6.3 0.455772
6.4 0.45629
6.5 0.456812
6.6 0.457336
6.7 0.457863
6.8 0.458394
6.9 0.458927
7 0.459464
7.1 0.460004
7.2 0.460546
7.3 0.461092
7.4 0.461641
7.5 0.462194
7.6 0.462749
7.7 0.463308
7.8 0.46387
7.9 0.464435
8 0.465004
8.1 0.465576
8.2 0.466151
8.3 0.46673
8.4 0.467312
8.5 0.467898
8.6 0.468487
8.7 0.46908
8.8 0.469676
8.9 0.470276
9 0.47088
9.1 0.471487
9.2 0.472097
9.3 0.472712
9.4 0.47333
9.5 0.473952
9.6 0.474578
9.7 0.475207
9.8 0.475841
9.9 0.476478
10 0.477119
10.1 0.477764
10.2 0.478414
10.3 0.479067
10.4 0.479724
10.5 0.480385
10.6 0.481051
10.7 0.48172
10.8 0.482394
10.9 0.483072
11 0.483754
11.1 0.48444
11.2 0.485131
11.3 0.485826
11.4 0.486526
11.5 0.48723
11.6 0.487938
11.7 0.488651
11.8 0.489368
11.9 0.49009
12 0.490817
12.1 0.491548
12.2 0.492284
12.3 0.493025
12.4 0.49377
12.5 0.49452
12.6 0.495275
12.7 0.496035
12.8 0.4968
12.9 0.49757
13 0.498345
13.1 0.499125
13.2 0.49991
13.3 0.5007
13.4 0.501495
13.5 0.502295
13.6 0.503101
13.7 0.503912
13.8 0.504728
13.9 0.50555
14 0.506377
14.1 0.50721
14.2 0.508048
14.3 0.508891
14.4 0.509741
14.5 0.510596
14.6 0.511456
14.7 0.512322
14.8 0.513195
14.9 0.514072
15 0.514956
15.1 0.515846
15.2 0.516742
15.3 0.517643
15.4 0.518551
15.5 0.519465
15.6 0.520385
15.7 0.521311
15.8 0.522244
15.9 0.523183
16 0.524128
16.1 0.525079
16.2 0.526037
16.3 0.527002
16.4 0.527973
16.5 0.528951
16.6 0.529935
16.7 0.530926
16.8 0.531924
16.9 0.532929
17 0.53394
17.1 0.534959
17.2 0.535984
17.3 0.537016
17.4 0.538056
17.5 0.539103
17.6 0.540156
17.7 0.541217
17.8 0.542286
17.9 0.543361
18 0.544444
18.1 0.545535
18.2 0.546633
18.3 0.547738
18.4 0.548852
18.5 0.549972
18.6 0.551101
18.7 0.552237
18.8 0.553381
18.9 0.554533
19 0.555693
19.1 0.556861
19.2 0.558037
19.3 0.559222
19.4 0.560414
19.5 0.561614
19.6 0.562823
19.7 0.56404
19.8 0.565266
19.9 0.5665
20 0.567742
20.1 0.568993
20.2 0.570253
20.3 0.571521
20.4 0.572798
20.5 0.574084
20.6 0.575378
20.7 0.576682
20.8 0.577994
20.9 0.579315
21 0.580646
21.1 0.581985
21.2 0.583334
21.3 0.584692
21.4 0.586059
21.5 0.587435
21.6 0.588821
21.7 0.590216
21.8 0.591621
21.9 0.593035
22 0.594458
22.1 0.595892
22.2 0.597335
22.3 0.598787
22.4 0.60025
22.5 0.601722
22.6 0.603204
22.7 0.604696
22.8 0.606198
22.9 0.60771
23 0.609232
23.1 0.610764
23.2 0.612307
23.3 0.613859
23.4 0.615422
23.5 0.616994
23.6 0.618578
23.7 0.620171
23.8 0.621775
23.9 0.623389
24 0.625014
24.1 0.626649
24.2 0.628295
24.3 0.629952
24.4 0.631619
24.5 0.633296
24.6 0.634984
24.7 0.636683
24.8 0.638393
24.9 0.640113
25 0.641844
25.1 0.643586
25.2 0.645339
25.3 0.647102
25.4 0.648877
25.5 0.650662
25.6 0.652458
25.7 0.654265
25.8 0.656083
25.9 0.657912
26 0.659751
26.1 0.661602
26.2 0.663464
26.3 0.665336
26.4 0.66722
26.5 0.669114
26.6 0.67102
26.7 0.672936
26.8 0.674864
26.9 0.676802
27 0.678751
27.1 0.680711
27.2 0.682682
27.3 0.684664
27.4 0.686657
27.5 0.688661
27.6 0.690675
27.7 0.6927
27.8 0.694736
27.9 0.696783
28 0.69884
28.1 0.700909
28.2 0.702987
28.3 0.705077
28.4 0.707177
28.5 0.709287
28.6 0.711408
28.7 0.713539
28.8 0.715681
28.9 0.717833
29 0.719995
29.1 0.722167
29.2 0.72435
29.3 0.726542
29.4 0.728744
29.5 0.730957
29.6 0.733179
29.7 0.735411
29.8 0.737652
29.9 0.739903
30 0.742164
30.1 0.744434
30.2 0.746713
30.3 0.749002
30.4 0.751299
30.5 0.753606
30.6 0.755922
30.7 0.758246
30.8 0.760579
30.9 0.76292
31 0.76527
31.1 0.767628
31.2 0.769995
31.3 0.772369
31.4 0.774752
31.5 0.777142
31.6 0.77954
31.7 0.781945
31.8 0.784358
31.9 0.786778
32 0.789205
32.1 0.791638
32.2 0.794079
32.3 0.796526
32.4 0.79898
32.5 0.80144
32.6 0.803906
32.7 0.806379
32.8 0.808857
32.9 0.81134
33 0.813829
33.1 0.816323
33.2 0.818823
33.3 0.821327
33.4 0.823836
33.5 0.826349
33.6 0.828867
33.7 0.831389
33.8 0.833915
33.9 0.836444
34 0.838977
34.1 0.841514
34.2 0.844054
34.3 0.846596
34.4 0.849142
34.5 0.85169
34.6 0.85424
34.7 0.856792
34.8 0.859347
34.9 0.861903
35 0.86446
35.1 0.867019
35.2 0.869579
35.3 0.872139
35.4 0.874701
35.5 0.877262
35.6 0.879824
35.7 0.882386
35.8 0.884948
35.9 0.887509
36 0.89007
36.1 0.89263
36.2 0.895188
36.3 0.897745
36.4 0.900301
36.5 0.902855
36.6 0.905407
36.7 0.907957
36.8 0.910505
36.9 0.913049
37 0.915591
37.1 0.91813
37.2 0.920666
37.3 0.923198
37.4 0.925727
37.5 0.928252
37.6 0.930772
37.7 0.933289
37.8 0.935801
37.9 0.938308
38 0.94081
38.1 0.943307
38.2 0.945799
38.3 0.948286
38.4 0.950766
38.5 0.953241
38.6 0.95571
38.7 0.958173
38.8 0.960629
38.9 0.963079
39 0.965522
39.1 0.967958
39.2 0.970386
39.3 0.972808
39.4 0.975222
39.5 0.977628
39.6 0.980027
39.7 0.982418
39.8 0.984801
39.9 0.987175
40 0.989541
40.1 0.991899
40.2 0.994247
40.3 0.996587
40.4 0.998919
40.5 1.00124
40.6 1.00355
40.7 1.00586
40.8 1.00815
40.9 1.01044
41 1.01271
41.1 1.01498
41.2 1.01723
41.3 1.01948
41.4 1.02171
41.5 1.02394
41.6 1.02615
41.7 1.02835
41.8 1.03055
41.9 1.03273
42 1.0349
42.1 1.03706
42.2 1.03922
42.3 1.04136
42.4 1.04348
42.5 1.0456
42.6 1.04771
42.7 1.04981
42.8 1.05189
42.9 1.05396
43 1.05603
43.1 1.05808
43.2 1.06012
43.3 1.06215
43.4 1.06416
43.5 1.06617
43.6 1.06816
43.7 1.07015
43.8 1.07212
43.9 1.07408
44 1.07603
44.1 1.07796
44.2 1.07989
44.3 1.0818
44.4 1.0837
44.5 1.08559
44.6 1.08747
44.7 1.08934
44.8 1.0912
44.9 1.09304
45 1.09487
45.1 1.09669
45.2 1.0985
45.3 1.1003
45.4 1.10209
45.5 1.10386
45.6 1.10563
45.7 1.10738
45.8 1.10912
45.9 1.11085
46 1.11257
46.1 1.11428
46.2 1.11597
46.3 1.11766
46.4 1.11933
46.5 1.12099
46.6 1.12265
46.7 1.12429
46.8 1.12592
46.9 1.12754
47 1.12914
47.1 1.13074
47.2 1.13233
47.3 1.1339
47.4 1.13547
47.5 1.13702
47.6 1.13857
47.7 1.1401
47.8 1.14162
47.9 1.14314
48 1.14464
48.1 1.14613
48.2 1.14761
48.3 1.14909
48.4 1.15055
48.5 1.152
48.6 1.15344
48.7 1.15488
48.8 1.1563
48.9 1.15771
49 1.15912
49.1 1.16051
49.2 1.16189
49.3 1.16327
49.4 1.16463
49.5 1.16599
49.6 1.16734
49.7 1.16868
49.8 1.17
49.9 1.17132
50 1.17264
50.1 1.17394
50.2 1.17523
50.3 1.17652
50.4 1.17779
50.5 1.17906
50.6 1.18032
50.7 1.18157
50.8 1.18281
50.9 1.18404
51 1.18527
51.1 1.18649
51.2 1.1877
51.3 1.1889
51.4 1.19009
51.5 1.19128
51.6 1.19246
51.7 1.19363
51.8 1.19479
51.9 1.19594
52 1.19709
52.1 1.19823
52.2 1.19936
52.3 1.20049
52.4 1.20161
52.5 1.20272
52.6 1.20382
52.7 1.20492
52.8 1.20601
52.9 1.20709
53 1.20817
53.1 1.20924
53.2 1.2103
53.3 1.21136
53.4 1.21241
53.5 1.21345
53.6 1.21449
53.7 1.21552
53.8 1.21654
53.9 1.21756
54 1.21857
54.1 1.21957
54.2 1.22057
54.3 1.22157
54.4 1.22255
54.5 1.22353
54.6 1.22451
54.7 1.22548
54.8 1.22644
54.9 1.2274
55 1.22835
55.1 1.2293
55.2 1.23024
55.3 1.23117
55.4 1.2321
55.5 1.23303
55.6 1.23395
55.7 1.23486
55.8 1.23577
55.9 1.23668
56 1.23757
56.1 1.23847
56.2 1.23936
56.3 1.24024
56.4 1.24112
56.5 1.24199
56.6 1.24286
56.7 1.24372
56.8 1.24458
56.9 1.24544
57 1.24629
57.1 1.24713
57.2 1.24797
57.3 1.24881
57.4 1.24964
57.5 1.25047
57.6 1.25129
57.7 1.25211
57.8 1.25292
57.9 1.25373
58 1.25454
58.1 1.25534
58.2 1.25613
58.3 1.25692
58.4 1.25771
58.5 1.2585
58.6 1.25928
58.7 1.26005
58.8 1.26082
58.9 1.26159
59 1.26236
59.1 1.26312
59.2 1.26387
59.3 1.26463
59.4 1.26537
59.5 1.26612
59.6 1.26686
59.7 1.2676
59.8 1.26833
59.9 1.26906
60 1.26979
60.1 1.27051
60.2 1.27123
60.3 1.27194
60.4 1.27265
60.5 1.27336
60.6 1.27407
60.7 1.27477
60.8 1.27547
60.9 1.27616
61 1.27685
61.1 1.27754
61.2 1.27822
61.3 1.2789
61.4 1.27958
61.5 1.28025
61.6 1.28092
61.7 1.28159
61.8 1.28226
61.9 1.28292
62 1.28358
62.1 1.28423
62.2 1.28488
62.3 1.28553
62.4 1.28618
62.5 1.28682
62.6 1.28746
62.7 1.28809
62.8 1.28873
62.9 1.28936
63 1.28998
63.1 1.29061
63.2 1.29123
63.3 1.29184
63.4 1.29246
63.5 1.29307
63.6 1.29368
63.7 1.29429
63.8 1.29489
63.9 1.29549
64 1.29609
64.1 1.29668
64.2 1.29727
64.3 1.29786
64.4 1.29845
64.5 1.29903
64.6 1.29961
64.7 1.30019
64.8 1.30077
64.9 1.30134
65 1.30191
65.1 1.30247
65.2 1.30304
65.3 1.3036
65.4 1.30416
65.5 1.30471
65.6 1.30527
65.7 1.30582
65.8 1.30637
65.9 1.30691
66 1.30745
66.1 1.30799
66.2 1.30853
66.3 1.30907
66.4 1.3096
66.5 1.31013
66.6 1.31065
66.7 1.31118
66.8 1.3117
66.9 1.31222
67 1.31274
67.1 1.31325
67.2 1.31376
67.3 1.31427
67.4 1.31478
67.5 1.31528
67.6 1.31579
67.7 1.31629
67.8 1.31678
67.9 1.31728
68 1.31777
68.1 1.31826
68.2 1.31875
68.3 1.31923
68.4 1.31971
68.5 1.32019
68.6 1.32067
68.7 1.32115
68.8 1.32162
68.9 1.32209
69 1.32256
69.1 1.32302
69.2 1.32349
69.3 1.32395
69.4 1.32441
69.5 1.32486
69.6 1.32532
69.7 1.32577
69.8 1.32622
69.9 1.32667
70 1.32711
70.1 1.32756
70.2 1.328
70.3 1.32843
70.4 1.32887
70.5 1.3293
70.6 1.32974
70.7 1.33017
70.8 1.33059
70.9 1.33102
71 1.33144
71.1 1.33186
71.2 1.33228
71.3 1.3327
71.4 1.33311
71.5 1.33352
71.6 1.33393
71.7 1.33434
71.8 1.33474
71.9 1.33515
72 1.33555
72.1 1.33595
72.2 1.33634
72.3 1.33674
72.4 1.33713
72.5 1.33752
72.6 1.33791
72.7 1.3383
72.8 1.33868
72.9 1.33906
73 1.33944
73.1 1.33982
73.2 1.3402
73.3 1.34057
73.4 1.34095
73.5 1.34132
73.6 1.34168
73.7 1.34205
73.8 1.34242
73.9 1.34278
74 1.34314
74.1 1.3435
74.2 1.34385
74.3 1.34421
74.4 1.34456
74.5 1.34491
74.6 1.34526
74.7 1.34561
74.8 1.34595
74.9 1.34629
75 1.34663
75.1 1.34697
75.2 1.34731
75.3 1.34765
75.4 1.34798
75.5 1.34831
75.6 1.34864
75.7 1.34897
75.8 1.3493
75.9 1.34962
76 1.34994
76.1 1.35026
76.2 1.35058
76.3 1.3509
76.4 1.35122
76.5 1.35153
76.6 1.35184
76.7 1.35215
76.8 1.35246
76.9 1.35277
77 1.35307
77.1 1.35337
77.2 1.35368
77.3 1.35397
77.4 1.35427
77.5 1.35457
77.6 1.35486
77.7 1.35516
77.8 1.35545
77.9 1.35574
78 1.35603
78.1 1.35631
78.2 1.3566
78.3 1.35688
78.4 1.35716
78.5 1.35744
78.6 1.35772
78.7 1.358
78.8 1.35827
78.9 1.35854
79 1.35882
79.1 1.35909
79.2 1.35935
79.3 1.35962
79.4 1.35989
79.5 1.36015
79.6 1.36041
79.7 1.36067
79.8 1.36093
79.9 1.36119
80 1.36145
80.1 1.3617
80.2 1.36196
80.3 1.36221
80.4 1.36246
80.5 1.36271
80.6 1.36295
80.7 1.3632
80.8 1.36345
80.9 1.36369
81 1.36393
81.1 1.36417
81.2 1.36441
81.3 1.36465
81.4 1.36488
81.5 1.36512
81.6 1.36535
81.7 1.36558
81.8 1.36581
81.9 1.36604
82 1.36627
82.1 1.3665
82.2 1.36672
82.3 1.36695
82.4 1.36717
82.5 1.36739
82.6 1.36761
82.7 1.36783
82.8 1.36805
82.9 1.36826
83 1.36848
83.1 1.36869
83.2 1.3689
83.3 1.36911
83.4 1.36932
83.5 1.36953
83.6 1.36974
83.7 1.36994
83.8 1.37015
83.9 1.37035
84 1.37055
84.1 1.37076
84.2 1.37096
84.3 1.37115
84.4 1.37135
84.5 1.37155
84.6 1.37174
84.7 1.37194
84.8 1.37213
84.9 1.37232
85 1.37251
85.1 1.3727
85.2 1.37289
85.3 1.37308
85.4 1.37326
85.5 1.37345
85.6 1.37363
85.7 1.37381
85.8 1.374
85.9 1.37418
86 1.37436
86.1 1.37453
86.2 1.37471
86.3 1.37489
86.4 1.37506
86.5 1.37524
86.6 1.37541
86.7 1.37558
86.8 1.37575
86.9 1.37592
87 1.37609
87.1 1.37626
87.2 1.37643
87.3 1.37659
87.4 1.37676
87.5 1.37692
87.6 1.37708
87.7 1.37725
87.8 1.37741
87.9 1.37757
88 1.37773
88.1 1.37788
88.2 1.37804
88.3 1.3782
88.4 1.37835
88.5 1.37851
88.6 1.37866
88.7 1.37881
88.8 1.37896
88.9 1.37911
89 1.37926
89.1 1.37941
89.2 1.37956
89.3 1.37971
89.4 1.37985
89.5 1.38
89.6 1.38014
89.7 1.38029
89.8 1.38043
89.9 1.38057
90 1.38071
90.1 1.38085
90.2 1.38099
90.3 1.38113
90.4 1.38127
90.5 1.38141
90.6 1.38154
90.7 1.38168
90.8 1.38181
90.9 1.38195
91 1.38208
91.1 1.38221
91.2 1.38234
91.3 1.38247
91.4 1.3826
91.5 1.38273
91.6 1.38286
91.7 1.38299
91.8 1.38311
91.9 1.38324
92 1.38336
92.1 1.38349
92.2 1.38361
92.3 1.38374
92.4 1.38386
92.5 1.38398
92.6 1.3841
92.7 1.38422
92.8 1.38434
92.9 1.38446
93 1.38457
93.1 1.38469
93.2 1.38481
93.3 1.38492
93.4 1.38504
93.5 1.38515
93.6 1.38527
93.7 1.38538
93.8 1.38549
93.9 1.3856
94 1.38572
94.1 1.38583
94.2 1.38594
94.3 1.38604
94.4 1.38615
94.5 1.38626
94.6 1.38637
94.7 1.38647
94.8 1.38658
94.9 1.38668
95 1.38679
95.1 1.38689
95.2 1.387
95.3 1.3871
95.4 1.3872
95.5 1.3873
95.6 1.3874
95.7 1.3875
95.8 1.3876
95.9 1.3877
96 1.3878
96.1 1.3879
96.2 1.388
96.3 1.38809
96.4 1.38819
96.5 1.38829
96.6 1.38838
96.7 1.38848
96.8 1.38857
96.9 1.38866
97 1.38876
97.1 1.38885
97.2 1.38894
97.3 1.38903
97.4 1.38912
97.5 1.38921
97.6 1.3893
97.7 1.38939
97.8 1.38948
97.9 1.38957
98 1.38965
98.1 1.38974
98.2 1.38983
98.3 1.38991
98.4 1.39
98.5 1.39008
98.6 1.39017
98.7 1.39025
98.8 1.39034
98.9 1.39042
99 1.3905
99.1 1.39058
99.2 1.39067
99.3 1.39075
99.4 1.39083
99.5 1.39091
99.6 1.39099
99.7 1.39107
99.8 1.39114
99.9 1.39122
100 1.3913
100.001 0
