33.5005 0.00114988
33.503 0.00126235
33.5055 0.00138482
33.508 0.00151806
33.5105 0.00166293
33.513 0.00182031
33.5155 0.00199116
33.518 0.00217649
33.5205 0.00237738
33.523 0.00259498
33.5255 0.00283049
33.528 0.00308522
33.5305 0.00336052
33.533 0.00365783
33.5355 0.00397869
33.538 0.00432471
33.5405 0.00469758
33.543 0.00509911
33.5455 0.00553118
33.548 0.00599578
33.5505 0.00649501
33.553 0.00703107
33.5555 0.00760626
33.558 0.008223
33.5605 0.00888383
33.563 0.0095914
33.5655 0.0103485
33.568 0.011158
33.5705 0.0120229
33.573 0.0129465
33.5755 0.0139319
33.578 0.0149827
33.5805 0.0161023
33.583 0.0172944
33.5855 0.018563
33.588 0.019912
33.5905 0.0213454
33.593 0.0228676
33.5955 0.024483
33.598 0.0261961
33.6006 0.0280116
33.6031 0.0299344
33.6056 0.0319694
33.6081 0.0341217
33.6106 0.0363967
33.6131 0.0387996
33.6156 0.0413361
33.6181 0.0440119
33.6206 0.0468326
33.6231 0.0498042
33.6256 0.0529329
33.6281 0.0562246
33.6306 0.0596858
33.6331 0.0633227
33.6356 0.0671419
33.6381 0.0711499
33.6406 0.0753533
33.6431 0.079759
33.6456 0.0843736
33.6481 0.0892041
33.6506 0.0942573
33.6531 0.0995401
33.6556 0.10506
33.6581 0.110823
33.6606 0.116837
33.6631 0.123108
33.6656 0.129644
33.6681 0.136452
33.6706 0.143538
33.6731 0.150909
33.6756 0.158573
33.6781 0.166535
33.6806 0.174802
33.6831 0.183381
33.6856 0.192279
33.6881 0.2015
33.6906 0.211052
33.6931 0.220941
33.6956 0.231171
33.6981 0.241748
33.7006 0.252677
33.7031 0.263964
33.7056 0.275614
33.7081 0.287629
33.7106 0.300015
33.7131 0.312776
33.7156 0.325915
33.7181 0.339434
33.7206 0.353338
33.7231 0.367627
33.7256 0.382305
33.7281 0.397373
33.7306 0.412832
33.7331 0.428683
33.7356 0.444926
33.7381 0.461561
33.7406 0.478588
33.7431 0.496005
33.7456 0.51381
33.7481 0.532003
33.7506 0.55058
33.7531 0.569538
33.7556 0.588874
33.7581 0.608583
33.7606 0.628661
33.7631 0.649102
33.7656 0.669902
33.7681 0.691053
33.7706 0.712549
33.7731 0.734383
33.7756 0.756546
33.7781 0.779031
33.7806 0.801828
33.7831 0.824928
33.7856 0.84832
33.7881 0.871995
33.7906 0.895941
33.7931 0.920147
33.7956 0.944601
33.7981 0.96929
33.8007 0.994202
33.8032 1.01932
33.8057 1.04464
33.8082 1.07013
33.8107 1.09579
33.8132 1.12161
33.8157 1.14755
33.8182 1.17362
33.8207 1.19979
33.8232 1.22605
33.8257 1.25238
33.8282 1.27876
33.8307 1.30518
33.8332 1.33161
33.8357 1.35804
33.8382 1.38446
33.8407 1.41084
33.8432 1.43717
33.8457 1.46342
33.8482 1.48959
33.8507 1.51564
33.8532 1.54157
33.8557 1.56735
33.8582 1.59296
33.8607 1.61839
33.8632 1.64362
33.8657 1.66863
33.8682 1.6934
33.8707 1.71791
33.8732 1.74215
33.8757 1.7661
33.8782 1.78973
33.8807 1.81304
33.8832 1.836
33.8857 1.85861
33.8882 1.88083
33.8907 1.90267
33.8932 1.92409
33.8957 1.94509
33.8982 1.96565
33.9007 1.98575
33.9032 2.00539
33.9057 2.02454
33.9082 2.04321
33.9107 2.06136
33.9132 2.07899
33.9157 2.09609
33.9182 2.11265
33.9207 2.12865
33.9232 2.14409
33.9257 2.15896
33.9282 2.17325
33.9307 2.18694
33.9332 2.20004
33.9357 2.21253
33.9382 2.2244
33.9407 2.23566
33.9432 2.2463
33.9457 2.2563
33.9482 2.26568
33.9507 2.27441
33.9532 2.28251
33.9557 2.28996
33.9582 2.29677
33.9607 2.30293
33.9632 2.30844
33.9657 2.31331
33.9682 2.31753
33.9707 2.32111
33.9732 2.32404
33.9757 2.32633
33.9782 2.32798
33.9807 2.329
33.9832 2.32938
33.9857 2.32913
33.9882 2.32827
33.9907 2.32678
33.9932 2.32468
33.9957 2.32197
33.9982 2.31866
34.0008 2.31476
34.0033 2.31028
34.0058 2.30522
34.0083 2.29958
34.0108 2.29339
34.0133 2.28664
34.0158 2.27935
34.0183 2.27153
34.0208 2.26318
34.0233 2.25432
34.0258 2.24496
34.0283 2.2351
34.0308 2.22477
34.0333 2.21396
34.0358 2.20269
34.0383 2.19098
34.0408 2.17883
34.0433 2.16626
34.0458 2.15328
34.0483 2.13989
34.0508 2.12612
34.0533 2.11198
34.0558 2.09747
34.0583 2.08261
34.0608 2.06742
34.0633 2.0519
34.0658 2.03607
34.0683 2.01994
34.0708 2.00352
34.0733 1.98683
34.0758 1.96988
34.0783 1.95268
34.0808 1.93524
34.0833 1.91758
34.0858 1.8997
34.0883 1.88163
34.0908 1.86337
34.0933 1.84493
34.0958 1.82633
34.0983 1.80758
34.1008 1.78868
34.1033 1.76966
34.1058 1.75052
34.1083 1.73128
34.1108 1.71194
34.1133 1.69251
34.1158 1.67301
34.1183 1.65345
34.1208 1.63384
34.1233 1.61418
34.1258 1.59449
34.1283 1.57477
34.1308 1.55504
34.1333 1.53531
34.1358 1.51558
34.1383 1.49586
34.1408 1.47617
34.1433 1.4565
34.1458 1.43687
34.1483 1.41729
34.1508 1.39776
34.1533 1.37829
34.1558 1.35889
34.1583 1.33956
34.1608 1.32032
34.1633 1.30116
34.1658 1.2821
34.1683 1.26314
34.1708 1.24429
34.1733 1.22554
34.1758 1.20692
34.1783 1.18841
34.1808 1.17004
34.1833 1.15179
34.1858 1.13368
34.1883 1.11572
34.1908 1.09789
34.1933 1.08022
34.1958 1.0627
34.1983 1.04533
34.2009 1.02812
34.2034 1.01108
34.2059 0.994197
34.2084 0.977484
34.2109 0.960942
34.2134 0.944571
34.2159 0.928375
34.2184 0.912356
34.2209 0.896515
34.2234 0.880854
34.2259 0.865375
34.2284 0.850078
34.2309 0.834965
34.2334 0.820038
34.2359 0.805296
34.2384 0.79074
34.2409 0.776372
34.2434 0.762192
34.2459 0.7482
34.2484 0.734396
34.2509 0.72078
34.2534 0.707353
34.2559 0.694114
34.2584 0.681063
34.2609 0.6682
34.2634 0.655524
34.2659 0.643035
34.2684 0.630732
34.2709 0.618615
34.2734 0.606682
34.2759 0.594933
34.2784 0.583367
34.2809 0.571983
34.2834 0.560779
34.2859 0.549755
34.2884 0.53891
34.2909 0.528242
34.2934 0.517749
34.2959 0.507431
34.2984 0.497286
34.3009 0.487312
34.3034 0.477508
34.3059 0.467872
34.3084 0.458404
34.3109 0.4491
34.3134 0.43996
34.3159 0.430981
34.3184 0.422162
34.3209 0.413502
34.3234 0.404998
34.3259 0.396648
34.3284 0.388451
34.3309 0.380405
34.3334 0.372508
34.3359 0.364758
34.3384 0.357153
34.3409 0.349691
34.3434 0.342371
34.3459 0.33519
34.3484 0.328147
34.3509 0.321239
34.3534 0.314465
34.3559 0.307823
34.3584 0.30131
34.3609 0.294925
34.3634 0.288666
34.3659 0.282531
34.3684 0.276518
34.3709 0.270625
34.3734 0.264851
34.3759 0.259192
34.3784 0.253648
34.3809 0.248217
34.3834 0.242897
34.3859 0.237685
34.3884 0.23258
34.3909 0.22758
34.3934 0.222684
34.3959 0.21789
34.3984 0.213195
34.401 0.208598
34.4035 0.204098
34.406 0.199692
34.4085 0.195379
34.411 0.191157
34.4135 0.187024
34.416 0.18298
34.4185 0.179021
34.421 0.175147
34.4235 0.171357
34.426 0.167647
34.4285 0.164018
34.431 0.160466
34.4335 0.156992
34.436 0.153593
34.4385 0.150268
34.441 0.147015
34.4435 0.143833
34.446 0.14072
34.4485 0.137676
34.451 0.134699
34.4535 0.131787
34.456 0.128939
34.4585 0.126154
34.461 0.12343
34.4635 0.120767
34.466 0.118163
34.4685 0.115616
34.471 0.113126
34.4735 0.110692
34.476 0.108312
34.4785 0.105984
34.481 0.103709
34.4835 0.101485
34.486 0.0993106
34.4885 0.0971848
34.491 0.0951068
34.4935 0.0930754
34.496 0.0910897
34.4985 0.0891486
34.501 0.0872513
34.5035 0.0853967
34.506 0.083584
34.5085 0.0818122
34.511 0.0800803
34.5135 0.0783876
34.516 0.0767332
34.5185 0.0751162
34.521 0.0735359
34.5235 0.0719913
34.526 0.0704816
34.5285 0.0690063
34.531 0.0675643
34.5335 0.0661551
34.536 0.0647778
34.5385 0.0634318
34.541 0.0621163
34.5435 0.0608307
34.546 0.0595742
34.5485 0.0583463
34.551 0.0571463
34.5535 0.0559735
34.556 0.0548273
34.5585 0.0537072
34.561 0.0526125
34.5635 0.0515426
34.566 0.050497
34.5685 0.0494752
34.571 0.0484765
34.5735 0.0475005
34.576 0.0465466
34.5785 0.0456143
34.581 0.0447032
34.5835 0.0438126
34.586 0.0429423
34.5885 0.0420917
34.591 0.0412603
34.5935 0.0404477
34.596 0.0396535
34.5985 0.0388772
34.6011 0.0381184
34.6036 0.0373768
34.6061 0.0366519
34.6086 0.0359433
34.6111 0.0352507
34.6136 0.0345737
34.6161 0.0339119
34.6186 0.033265
34.6211 0.0326326
34.6236 0.0320144
34.6261 0.03141
34.6286 0.0308192
34.6311 0.0302417
34.6336 0.029677
34.6361 0.029125
34.6386 0.0285853
34.6411 0.0280576
34.6436 0.0275417
34.6461 0.0270373
34.6486 0.0265442
34.6511 0.0260619
34.6536 0.0255904
34.6561 0.0251294
34.6586 0.0246785
34.6611 0.0242377
34.6636 0.0238065
34.6661 0.0233849
34.6686 0.0229727
34.6711 0.0225695
34.6736 0.0221751
34.6761 0.0217895
34.6786 0.0214123
34.6811 0.0210434
34.6836 0.0206826
34.6861 0.0203297
34.6886 0.0199845
34.6911 0.0196468
34.6936 0.0193166
34.6961 0.0189935
34.6986 0.0186774
34.7011 0.0183682
34.7036 0.0180658
34.7061 0.0177698
34.7086 0.0174803
34.7111 0.0171971
34.7136 0.01692
34.7161 0.0166489
34.7186 0.0163836
34.7211 0.016124
34.7236 0.01587
34.7261 0.0156215
34.7286 0.0153783
34.7311 0.0151403
34.7336 0.0149075
34.7361 0.0146796
34.7386 0.0144565
34.7411 0.0142383
34.7436 0.0140246
34.7461 0.0138156
34.7486 0.013611
34.7511 0.0134107
34.7536 0.0132147
34.7561 0.0130228
34.7586 0.012835
34.7611 0.0126512
34.7636 0.0124712
34.7661 0.0122951
34.7686 0.0121227
34.7711 0.0119539
34.7736 0.0117887
34.7761 0.011627
34.7786 0.0114686
34.7811 0.0113136
34.7836 0.0111619
34.7861 0.0110133
34.7886 0.0108678
34.7911 0.0107254
34.7936 0.010586
34.7961 0.0104495
34.7986 0.0103159
34.8012 0.010185
34.8037 0.0100569
34.8062 0.00993152
34.8087 0.00980872
34.8112 0.00968849
34.8137 0.00957078
34.8162 0.00945553
34.8187 0.00934268
34.8212 0.0092322
34.8237 0.00912402
34.8262 0.00901812
34.8287 0.00891442
34.8312 0.0088129
34.8337 0.00871351
34.8362 0.0086162
34.8387 0.00852093
34.8412 0.00842766
34.8437 0.00833635
34.8462 0.00824697
34.8487 0.00815946
34.8512 0.0080738
34.8537 0.00798995
34.8562 0.00790787
34.8587 0.00782754
34.8612 0.0077489
34.8637 0.00767194
34.8662 0.00759662
34.8687 0.0075229
34.8712 0.00745076
34.8737 0.00738017
34.8762 0.0073111
34.8787 0.00724352
34.8812 0.0071774
34.8837 0.00711271
34.8862 0.00704943
34.8887 0.00698754
34.8912 0.006927
34.8937 0.0068678
34.8962 0.00680991
34.8987 0.0067533
34.9012 0.00669795
34.9037 0.00664385
34.9062 0.00659096
34.9087 0.00653928
34.9112 0.00648877
34.9137 0.00643942
34.9162 0.00639121
34.9187 0.00634411
34.9212 0.00629812
34.9237 0.00625321
34.9262 0.00620937
34.9287 0.00616658
34.9312 0.00612481
34.9337 0.00608407
34.9362 0.00604432
34.9387 0.00600556
34.9412 0.00596776
34.9437 0.00593092
34.9462 0.00589503
34.9487 0.00586006
34.9512 0.005826
34.9537 0.00579284
34.9562 0.00576058
34.9587 0.00572919
34.9612 0.00569866
34.9637 0.00566898
34.9662 0.00564015
34.9687 0.00561214
34.9712 0.00558496
34.9737 0.00555858
34.9762 0.00553301
34.9787 0.00550822
34.9812 0.00548422
34.9837 0.00546098
34.9862 0.00543851
34.9887 0.00541679
34.9912 0.00539582
34.9937 0.00537559
34.9962 0.00535609
34.9987 0.00533731
35.0013 0.00531924
35.0038 0.00530189
35.0063 0.00528524
35.0088 0.00526928
35.0113 0.00525402
35.0138 0.00523944
35.0163 0.00522553
35.0188 0.0052123
35.0213 0.00519974
35.0238 0.00518785
35.0263 0.00517661
35.0288 0.00516603
35.0313 0.00515609
35.0338 0.00514681
35.0363 0.00513816
35.0388 0.00513016
35.0413 0.00512279
35.0438 0.00511605
35.0463 0.00510994
35.0488 0.00510446
35.0513 0.00509961
35.0538 0.00509537
35.0563 0.00509176
35.0588 0.00508877
35.0613 0.00508639
35.0638 0.00508463
35.0663 0.00508348
35.0688 0.00508294
35.0713 0.00508302
35.0738 0.00508371
35.0763 0.00508501
35.0788 0.00508692
35.0813 0.00508944
35.0838 0.00509257
35.0863 0.00509632
35.0888 0.00510067
35.0913 0.00510564
35.0938 0.00511122
35.0963 0.00511742
35.0988 0.00512423
35.1013 0.00513166
35.1038 0.00513971
35.1063 0.00514838
35.1088 0.00515767
35.1113 0.00516759
35.1138 0.00517813
35.1163 0.00518931
35.1188 0.00520111
35.1213 0.00521356
35.1238 0.00522664
35.1263 0.00524037
35.1288 0.00525474
35.1313 0.00526977
35.1338 0.00528545
35.1363 0.00530178
35.1388 0.00531878
35.1413 0.00533645
35.1438 0.00535479
35.1463 0.00537381
35.1488 0.00539351
35.1513 0.0054139
35.1538 0.00543499
35.1563 0.00545677
35.1588 0.00547926
35.1613 0.00550247
35.1638 0.00552639
35.1663 0.00555104
35.1688 0.00557642
35.1713 0.00560254
35.1738 0.00562941
35.1763 0.00565704
35.1788 0.00568543
35.1813 0.00571459
35.1838 0.00574453
35.1863 0.00577526
35.1888 0.00580678
35.1913 0.00583912
35.1938 0.00587227
35.1963 0.00590624
35.1988 0.00594106
35.2014 0.00597671
35.2039 0.00601323
35.2064 0.00605061
35.2089 0.00608887
35.2114 0.00612802
35.2139 0.00616807
35.2164 0.00620904
35.2189 0.00625093
35.2214 0.00629376
35.2239 0.00633753
35.2264 0.00638228
35.2289 0.00642799
35.2314 0.0064747
35.2339 0.00652241
35.2364 0.00657114
35.2389 0.00662091
35.2414 0.00667172
35.2439 0.0067236
35.2464 0.00677655
35.2489 0.0068306
35.2514 0.00688576
35.2539 0.00694205
35.2564 0.00699948
35.2589 0.00705807
35.2614 0.00711785
35.2639 0.00717882
35.2664 0.00724101
35.2689 0.00730443
35.2714 0.00736911
35.2739 0.00743506
35.2764 0.00750231
35.2789 0.00757087
35.2814 0.00764076
35.2839 0.00771201
35.2864 0.00778464
35.2889 0.00785867
35.2914 0.00793412
35.2939 0.00801102
35.2964 0.00808939
35.2989 0.00816925
35.3014 0.00825063
35.3039 0.00833355
35.3064 0.00841803
35.3089 0.00850411
35.3114 0.00859181
35.3139 0.00868116
35.3164 0.00877218
35.3189 0.0088649
35.3214 0.00895936
35.3239 0.00905557
35.3264 0.00915356
35.3289 0.00925338
35.3314 0.00935504
35.3339 0.00945859
35.3364 0.00956404
35.3389 0.00967144
35.3414 0.00978081
35.3439 0.00989219
35.3464 0.0100056
35.3489 0.0101211
35.3514 0.0102387
35.3539 0.0103585
35.3564 0.0104804
35.3589 0.0106046
35.3614 0.010731
35.3639 0.0108598
35.3664 0.0109908
35.3689 0.0111242
35.3714 0.0112601
35.3739 0.0113984
35.3764 0.0115392
35.3789 0.0116825
35.3814 0.0118285
35.3839 0.011977
35.3864 0.0121282
35.3889 0.0122822
35.3914 0.0124389
35.3939 0.0125984
35.3964 0.0127607
35.3989 0.012926
35.4015 0.0130942
35.404 0.0132654
35.4065 0.0134397
35.409 0.013617
35.4115 0.0137976
35.414 0.0139813
35.4165 0.0141682
35.419 0.0143585
35.4215 0.0145522
35.424 0.0147493
35.4265 0.0149498
35.429 0.0151539
35.4315 0.0153616
35.434 0.0155729
35.4365 0.015788
35.439 0.0160068
35.4415 0.0162294
35.444 0.0164559
35.4465 0.0166864
35.449 0.0169209
35.4515 0.0171595
35.454 0.0174022
35.4565 0.0176492
35.459 0.0179004
35.4615 0.018156
35.464 0.018416
35.4665 0.0186804
35.469 0.0189494
35.4715 0.0192231
35.474 0.0195014
35.4765 0.0197845
35.479 0.0200724
35.4815 0.0203652
35.484 0.0206631
35.4865 0.0209659
35.489 0.0212739
35.4915 0.0215871
35.494 0.0219056
35.4965 0.0222295
35.499 0.0225588
35.5015 0.0228936
35.504 0.023234
35.5065 0.02358
35.509 0.0239318
35.5115 0.0242895
35.514 0.0246531
35.5165 0.0250226
35.519 0.0253983
35.5215 0.0257801
35.524 0.0261681
35.5265 0.0265624
35.529 0.0269632
35.5315 0.0273704
35.534 0.0277843
35.5365 0.0282047
35.539 0.0286319
35.5415 0.029066
35.544 0.0295069
35.5465 0.0299548
35.549 0.0304098
35.5515 0.030872
35.554 0.0313414
35.5565 0.0318181
35.559 0.0323023
35.5615 0.0327939
35.564 0.0332931
35.5665 0.0337999
35.569 0.0343145
35.5715 0.0348369
35.574 0.0353672
35.5765 0.0359054
35.579 0.0364518
35.5815 0.0370062
35.584 0.0375689
35.5865 0.0381398
35.589 0.0387191
35.5915 0.0393069
35.594 0.0399031
35.5965 0.0405079
35.599 0.0411214
35.6016 0.0417436
35.6041 0.0423745
35.6066 0.0430143
35.6091 0.043663
35.6116 0.0443207
35.6141 0.0449874
35.6166 0.0456632
35.6191 0.0463481
35.6216 0.0470422
35.6241 0.0477456
35.6266 0.0484582
35.6291 0.0491802
35.6316 0.0499115
35.6341 0.0506523
35.6366 0.0514024
35.6391 0.0521621
35.6416 0.0529313
35.6441 0.0537099
35.6466 0.0544982
35.6491 0.0552959
35.6516 0.0561033
35.6541 0.0569203
35.6566 0.0577468
35.6591 0.0585829
35.6616 0.0594286
35.6641 0.0602839
35.6666 0.0611487
35.6691 0.0620231
35.6716 0.062907
35.6741 0.0638004
35.6766 0.0647032
35.6791 0.0656155
35.6816 0.0665371
35.6841 0.067468
35.6866 0.0684081
35.6891 0.0693575
35.6916 0.0703159
35.6941 0.0712834
35.6966 0.0722598
35.6991 0.0732451
35.7016 0.0742391
35.7041 0.0752418
35.7066 0.076253
35.7091 0.0772726
35.7116 0.0783005
35.7141 0.0793366
35.7166 0.0803806
35.7191 0.0814325
35.7216 0.082492
35.7241 0.083559
35.7266 0.0846334
35.7291 0.0857149
35.7316 0.0868033
35.7341 0.0878985
35.7366 0.0890002
35.7391 0.0901081
35.7416 0.0912221
35.7441 0.0923419
35.7466 0.0934673
35.7491 0.0945979
35.7516 0.0957336
35.7541 0.096874
35.7566 0.0980188
35.7591 0.0991677
35.7616 0.10032
35.7641 0.101477
35.7666 0.102636
35.7691 0.103798
35.7716 0.104963
35.7741 0.10613
35.7766 0.107298
35.7791 0.108468
35.7816 0.109638
35.7841 0.11081
35.7866 0.111981
35.7891 0.113152
35.7916 0.114322
35.7941 0.115491
35.7966 0.116658
35.7991 0.117823
35.8017 0.118986
35.8042 0.120145
35.8067 0.121301
35.8092 0.122452
35.8117 0.123599
35.8142 0.124741
35.8167 0.125877
35.8192 0.127007
35.8217 0.12813
35.8242 0.129246
35.8267 0.130354
35.8292 0.131453
35.8317 0.132543
35.8342 0.133624
35.8367 0.134694
35.8392 0.135753
35.8417 0.136801
35.8442 0.137837
35.8467 0.13886
35.8492 0.13987
35.8517 0.140866
35.8542 0.141847
35.8567 0.142814
35.8592 0.143764
35.8617 0.144698
35.8642 0.145614
35.8667 0.146513
35.8692 0.147393
35.8717 0.148255
35.8742 0.149097
35.8767 0.149918
35.8792 0.150718
35.8817 0.151497
35.8842 0.152254
35.8867 0.152987
35.8892 0.153697
35.8917 0.154383
35.8942 0.155045
35.8967 0.155681
35.8992 0.156291
35.9017 0.156874
35.9042 0.157431
35.9067 0.15796
35.9092 0.15846
35.9117 0.158932
35.9142 0.159374
35.9167 0.159787
35.9192 0.160169
35.9217 0.16052
35.9242 0.16084
35.9267 0.161128
35.9292 0.161383
35.9317 0.161606
35.9342 0.161796
35.9367 0.161952
35.9392 0.162074
35.9417 0.162162
35.9442 0.162216
35.9467 0.162234
35.9492 0.162217
35.9517 0.162164
35.9542 0.162076
35.9567 0.161951
35.9592 0.16179
35.9617 0.161593
35.9642 0.161359
35.9667 0.161088
35.9692 0.160781
35.9717 0.160436
35.9742 0.160055
35.9767 0.159636
35.9792 0.159181
35.9817 0.158688
35.9842 0.158159
35.9867 0.157593
35.9892 0.156989
35.9917 0.15635
35.9942 0.155674
35.9967 0.154961
35.9992 0.154213
36.0018 0.153429
36.0043 0.15261
36.0068 0.151755
36.0093 0.150866
36.0118 0.149942
36.0143 0.148984
36.0168 0.147993
36.0193 0.146969
36.0218 0.145912
36.0243 0.144824
36.0268 0.143703
36.0293 0.142552
36.0318 0.141371
36.0343 0.14016
36.0368 0.13892
36.0393 0.137651
36.0418 0.136355
36.0443 0.135032
36.0468 0.133684
36.0493 0.132309
36.0518 0.130911
36.0543 0.129488
36.0568 0.128043
36.0593 0.126575
36.0618 0.125087
36.0643 0.123578
36.0668 0.12205
36.0693 0.120504
36.0718 0.11894
36.0743 0.11736
36.0768 0.115764
36.0793 0.114154
36.0818 0.11253
36.0843 0.110894
36.0868 0.109246
36.0893 0.107587
36.0918 0.105919
36.0943 0.104243
36.0968 0.102559
36.0993 0.100868
36.1018 0.0991721
36.1043 0.0974717
36.1068 0.0957679
36.1093 0.0940616
36.1118 0.092354
36.1143 0.090646
36.1168 0.0889385
36.1193 0.0872326
36.1218 0.0855293
36.1243 0.0838294
36.1268 0.082134
36.1293 0.080444
36.1318 0.0787603
36.1343 0.0770839
36.1368 0.0754155
36.1393 0.0737561
36.1418 0.0721066
36.1443 0.0704677
36.1468 0.0688403
36.1493 0.0672252
36.1518 0.0656232
36.1543 0.0640349
36.1568 0.0624611
36.1593 0.0609026
36.1618 0.0593599
36.1643 0.0578338
36.1668 0.0563249
36.1693 0.0548337
36.1718 0.0533608
36.1743 0.0519069
36.1768 0.0504723
36.1793 0.0490576
36.1818 0.0476633
36.1843 0.0462897
36.1868 0.0449373
36.1893 0.0436064
36.1918 0.0422975
36.1943 0.0410107
36.1968 0.0397465
36.1993 0.038505
36.2019 0.0372865
36.2044 0.0360913
36.2069 0.0349194
36.2094 0.033771
36.2119 0.0326463
36.2144 0.0315453
36.2169 0.0304681
36.2194 0.0294149
36.2219 0.0283854
36.2244 0.0273799
36.2269 0.0263982
36.2294 0.0254403
36.2319 0.0245061
36.2344 0.0235955
36.2369 0.0227084
36.2394 0.0218446
36.2419 0.0210041
36.2444 0.0201865
36.2469 0.0193918
36.2494 0.0186196
36.2519 0.0178698
36.2544 0.0171421
36.2569 0.0164362
36.2594 0.0157519
36.2619 0.0150888
36.2644 0.0144467
36.2669 0.0138253
36.2694 0.0132241
36.2719 0.0126429
36.2744 0.0120813
36.2769 0.011539
36.2794 0.0110155
36.2819 0.0105105
36.2844 0.0100237
36.2869 0.00955463
36.2894 0.00910289
36.2919 0.0086681
36.2944 0.00824986
36.2969 0.00784778
36.2994 0.00746145
36.3019 0.00709047
36.3044 0.00673442
36.3069 0.00639291
36.3094 0.00606553
36.3119 0.00575188
36.3144 0.00545156
36.3169 0.00516416
36.3194 0.0048893
36.3219 0.00462658
36.3244 0.00437561
36.3269 0.00413601
36.3294 0.0039074
36.3319 0.0036894
36.3344 0.00348165
36.3369 0.00328378
36.3394 0.00309544
36.3419 0.00291627
36.3444 0.00274593
36.3469 0.00258409
36.3494 0.00243041
36.3519 0.00228457
36.3544 0.00214626
36.3569 0.00201516
36.3594 0.00189098
36.3619 0.00177343
36.3644 0.00166223
36.3669 0.00155708
36.3694 0.00145773
36.3719 0.00136392
36.3744 0.00127539
36.3769 0.0011919
36.3794 0.00111321
36.3819 0.00103909
36.3844 0.000969324
36.3869 0.000903695
36.3894 0.000841999
36.3919 0.000784036
36.3944 0.000729616
36.3969 0.000678557
36.3994 0.000630681
36.402 0.000585819
36.4045 0.00054381
36.407 0.000504497
36.4095 0.000467732
36.412 0.000433373
36.4145 0.000401284
36.417 0.000371334
36.4195 0.000343401
36.422 0.000317364
36.4245 0.000293113
36.427 0.00027054
36.4295 0.000249543
36.432 0.000230026
36.4345 0.000211896
36.437 0.000195067
36.4395 0.000179456
36.442 0.000164984
36.4445 0.000151579
36.447 0.00013917
36.4495 0.00012769
36.452 0.000117079
36.4545 0.000107277
36.457 9.82287e-05
36.4595 8.98823e-05
36.462 8.21886e-05
36.4645 7.51019e-05
36.467 6.85788e-05
36.4695 6.25788e-05
36.472 5.7064e-05
36.4745 5.19989e-05
36.477 4.73501e-05
36.4795 4.30865e-05
36.482 3.91791e-05
36.4845 3.56007e-05
36.487 3.23261e-05
36.4895 2.93317e-05
36.492 2.65956e-05
36.4945 2.40973e-05
36.497 2.18178e-05
36.4995 1.97396e-05
