38.5005 0.00100059
38.503 0.00110263
38.5055 0.00121416
38.508 0.00133596
38.5105 0.00146886
38.513 0.00161377
38.5155 0.00177164
38.518 0.00194351
38.5205 0.00213047
38.523 0.00233368
38.5255 0.00255439
38.528 0.00279391
38.5305 0.00305366
38.533 0.00333513
38.5355 0.0036399
38.538 0.00396964
38.5405 0.00432614
38.543 0.00471127
38.5455 0.00512703
38.548 0.0055755
38.5505 0.0060589
38.553 0.00657956
38.5555 0.00713995
38.558 0.00774264
38.5605 0.00839034
38.563 0.00908592
38.5655 0.00983236
38.568 0.0106328
38.5705 0.0114905
38.573 0.0124089
38.5755 0.0133916
38.578 0.0144424
38.5805 0.015565
38.583 0.0167637
38.5855 0.0180426
38.588 0.0194061
38.5905 0.0208589
38.593 0.0224056
38.5955 0.0240511
38.598 0.0258006
38.6006 0.0276592
38.6031 0.0296326
38.6056 0.0317261
38.6081 0.0339457
38.6106 0.0362973
38.6131 0.038787
38.6156 0.0414212
38.6181 0.0442063
38.6206 0.0471488
38.6231 0.0502557
38.6256 0.0535339
38.6281 0.0569904
38.6306 0.0606325
38.6331 0.0644676
38.6356 0.0685032
38.6381 0.0727469
38.6406 0.0772065
38.6431 0.0818898
38.6456 0.0868048
38.6481 0.0919596
38.6506 0.0973623
38.6531 0.103021
38.6556 0.108944
38.6581 0.11514
38.6606 0.121616
38.6631 0.128382
38.6656 0.135445
38.6681 0.142814
38.6706 0.150497
38.6731 0.158503
38.6756 0.166839
38.6781 0.175513
38.6806 0.184534
38.6831 0.19391
38.6856 0.203647
38.6881 0.213754
38.6906 0.224238
38.6931 0.235106
38.6956 0.246365
38.6981 0.258022
38.7006 0.270083
38.7031 0.282554
38.7056 0.295441
38.7081 0.308751
38.7106 0.322487
38.7131 0.336655
38.7156 0.351259
38.7181 0.366303
38.7206 0.381791
38.7231 0.397727
38.7256 0.414112
38.7281 0.430949
38.7306 0.448239
38.7331 0.465985
38.7356 0.484186
38.7381 0.502843
38.7406 0.521955
38.7431 0.541522
38.7456 0.561541
38.7481 0.582011
38.7506 0.602928
38.7531 0.62429
38.7556 0.646092
38.7581 0.66833
38.7606 0.690997
38.7631 0.714089
38.7656 0.737598
38.7681 0.761518
38.7706 0.785839
38.7731 0.810554
38.7756 0.835653
38.7781 0.861126
38.7806 0.886963
38.7831 0.913152
38.7856 0.939681
38.7881 0.966538
38.7906 0.993709
38.7931 1.02118
38.7956 1.04894
38.7981 1.07697
38.8007 1.10525
38.8032 1.13378
38.8057 1.16252
38.8082 1.19148
38.8107 1.22062
38.8132 1.24992
38.8157 1.27939
38.8182 1.30898
38.8207 1.33868
38.8232 1.36848
38.8257 1.39834
38.8282 1.42826
38.8307 1.45821
38.8332 1.48817
38.8357 1.51812
38.8382 1.54803
38.8407 1.57788
38.8432 1.60766
38.8457 1.63734
38.8482 1.66689
38.8507 1.6963
38.8532 1.72555
38.8557 1.7546
38.8582 1.78344
38.8607 1.81205
38.8632 1.8404
38.8657 1.86848
38.8682 1.89625
38.8707 1.9237
38.8732 1.95081
38.8757 1.97756
38.8782 2.00392
38.8807 2.02987
38.8832 2.0554
38.8857 2.08049
38.8882 2.10511
38.8907 2.12924
38.8932 2.15288
38.8957 2.17599
38.8982 2.19857
38.9007 2.22059
38.9032 2.24204
38.9057 2.2629
38.9082 2.28316
38.9107 2.30281
38.9132 2.32182
38.9157 2.3402
38.9182 2.35791
38.9207 2.37496
38.9232 2.39132
38.9257 2.407
38.9282 2.42197
38.9307 2.43624
38.9332 2.44979
38.9357 2.46261
38.9382 2.4747
38.9407 2.48606
38.9432 2.49666
38.9457 2.50652
38.9482 2.51563
38.9507 2.52398
38.9532 2.53157
38.9557 2.53841
38.9582 2.54448
38.9607 2.54979
38.9632 2.55434
38.9657 2.55813
38.9682 2.56116
38.9707 2.56344
38.9732 2.56496
38.9757 2.56574
38.9782 2.56577
38.9807 2.56506
38.9832 2.56363
38.9857 2.56146
38.9882 2.55858
38.9907 2.55498
38.9932 2.55068
38.9957 2.54568
38.9982 2.54
39.0008 2.53364
39.0033 2.52662
39.0058 2.51894
39.0083 2.51062
39.0108 2.50166
39.0133 2.49208
39.0158 2.48189
39.0183 2.47111
39.0208 2.45974
39.0233 2.44781
39.0258 2.43532
39.0283 2.42228
39.0308 2.40871
39.0333 2.39464
39.0358 2.38006
39.0383 2.36499
39.0408 2.34946
39.0433 2.33347
39.0458 2.31704
39.0483 2.30018
39.0508 2.28291
39.0533 2.26525
39.0558 2.24722
39.0583 2.22881
39.0608 2.21006
39.0633 2.19098
39.0658 2.17158
39.0683 2.15187
39.0708 2.13188
39.0733 2.11162
39.0758 2.0911
39.0783 2.07035
39.0808 2.04936
39.0833 2.02816
39.0858 2.00677
39.0883 1.98519
39.0908 1.96345
39.0933 1.94155
39.0958 1.91951
39.0983 1.89735
39.1008 1.87507
39.1033 1.8527
39.1058 1.83024
39.1083 1.8077
39.1108 1.7851
39.1133 1.76246
39.1158 1.73978
39.1183 1.71707
39.1208 1.69436
39.1233 1.67164
39.1258 1.64893
39.1283 1.62624
39.1308 1.60358
39.1333 1.58096
39.1358 1.55839
39.1383 1.53589
39.1408 1.51345
39.1433 1.49109
39.1458 1.46882
39.1483 1.44665
39.1508 1.42458
39.1533 1.40262
39.1558 1.38078
39.1583 1.35907
39.1608 1.3375
39.1633 1.31606
39.1658 1.29477
39.1683 1.27363
39.1708 1.25266
39.1733 1.23184
39.1758 1.2112
39.1783 1.19073
39.1808 1.17044
39.1833 1.15034
39.1858 1.13042
39.1883 1.1107
39.1908 1.09117
39.1933 1.07185
39.1958 1.05272
39.1983 1.03381
39.2009 1.0151
39.2034 0.996599
39.2059 0.978315
39.2084 0.960248
39.2109 0.942398
39.2134 0.924768
39.2159 0.907359
39.2184 0.890173
39.2209 0.87321
39.2234 0.856473
39.2259 0.83996
39.2284 0.823674
39.2309 0.807615
39.2334 0.791782
39.2359 0.776177
39.2384 0.760798
39.2409 0.745646
39.2434 0.730721
39.2459 0.716022
39.2484 0.701549
39.2509 0.687301
39.2534 0.673276
39.2559 0.659476
39.2584 0.645897
39.2609 0.632539
39.2634 0.619402
39.2659 0.606482
39.2684 0.59378
39.2709 0.581294
39.2734 0.569022
39.2759 0.556962
39.2784 0.545113
39.2809 0.533473
39.2834 0.52204
39.2859 0.510812
39.2884 0.499788
39.2909 0.488964
39.2934 0.47834
39.2959 0.467913
39.2984 0.45768
39.3009 0.44764
39.3034 0.437791
39.3059 0.428129
39.3084 0.418653
39.3109 0.409361
39.3134 0.40025
39.3159 0.391318
39.3184 0.382562
39.3209 0.37398
39.3234 0.36557
39.3259 0.357329
39.3284 0.349254
39.3309 0.341344
39.3334 0.333596
39.3359 0.326007
39.3384 0.318575
39.3409 0.311297
39.3434 0.304172
39.3459 0.297196
39.3484 0.290367
39.3509 0.283683
39.3534 0.277141
39.3559 0.27074
39.3584 0.264476
39.3609 0.258347
39.3634 0.252351
39.3659 0.246485
39.3684 0.240748
39.3709 0.235136
39.3734 0.229648
39.3759 0.224282
39.3784 0.219034
39.3809 0.213903
39.3834 0.208887
39.3859 0.203984
39.3884 0.19919
39.3909 0.194505
39.3934 0.189926
39.3959 0.185452
39.3984 0.181079
39.401 0.176805
39.4035 0.17263
39.406 0.168551
39.4085 0.164566
39.411 0.160673
39.4135 0.15687
39.416 0.153156
39.4185 0.149527
39.421 0.145984
39.4235 0.142524
39.426 0.139144
39.4285 0.135844
39.431 0.132622
39.4335 0.129476
39.436 0.126404
39.4385 0.123405
39.441 0.120478
39.4435 0.11762
39.446 0.11483
39.4485 0.112106
39.451 0.109448
39.4535 0.106853
39.456 0.104321
39.4585 0.101849
39.461 0.0994372
39.4635 0.0970832
39.466 0.0947861
39.4685 0.0925444
39.471 0.0903569
39.4735 0.0882225
39.476 0.0861397
39.4785 0.0841076
39.481 0.0821248
39.4835 0.0801903
39.486 0.0783028
39.4885 0.0764614
39.491 0.0746649
39.4935 0.0729122
39.496 0.0712024
39.4985 0.0695344
39.501 0.0679072
39.5035 0.0663198
39.506 0.0647714
39.5085 0.0632609
39.511 0.0617874
39.5135 0.0603502
39.516 0.0589482
39.5185 0.0575806
39.521 0.0562467
39.5235 0.0549455
39.526 0.0536764
39.5285 0.0524384
39.531 0.051231
39.5335 0.0500532
39.536 0.0489044
39.5385 0.0477839
39.541 0.046691
39.5435 0.045625
39.546 0.0445852
39.5485 0.043571
39.551 0.0425818
39.5535 0.041617
39.556 0.0406759
39.5585 0.0397579
39.561 0.0388625
39.5635 0.0379892
39.566 0.0371373
39.5685 0.0363064
39.571 0.0354959
39.5735 0.0347053
39.576 0.0339341
39.5785 0.0331818
39.581 0.032448
39.5835 0.0317322
39.586 0.0310339
39.5885 0.0303528
39.591 0.0296883
39.5935 0.0290401
39.596 0.0284077
39.5985 0.0277908
39.6011 0.027189
39.6036 0.0266018
39.6061 0.026029
39.6086 0.0254701
39.6111 0.0249248
39.6136 0.0243928
39.6161 0.0238738
39.6186 0.0233673
39.6211 0.0228731
39.6236 0.0223909
39.6261 0.0219204
39.6286 0.0214613
39.6311 0.0210133
39.6336 0.0205761
39.6361 0.0201494
39.6386 0.019733
39.6411 0.0193267
39.6436 0.0189301
39.6461 0.0185431
39.6486 0.0181653
39.6511 0.0177966
39.6536 0.0174367
39.6561 0.0170854
39.6586 0.0167425
39.6611 0.0164078
39.6636 0.0160811
39.6661 0.0157621
39.6686 0.0154507
39.6711 0.0151467
39.6736 0.0148499
39.6761 0.0145602
39.6786 0.0142773
39.6811 0.014001
39.6836 0.0137313
39.6861 0.0134679
39.6886 0.0132107
39.6911 0.0129595
39.6936 0.0127143
39.6961 0.0124747
39.6986 0.0122408
39.7011 0.0120123
39.7036 0.0117892
39.7061 0.0115712
39.7086 0.0113583
39.7111 0.0111504
39.7136 0.0109472
39.7161 0.0107488
39.7186 0.0105549
39.7211 0.0103655
39.7236 0.0101805
39.7261 0.00999971
39.7286 0.00982308
39.7311 0.00965049
39.7336 0.00948185
39.7361 0.00931706
39.7386 0.00915603
39.7411 0.00899867
39.7436 0.00884488
39.7461 0.00869458
39.7486 0.00854769
39.7511 0.00840412
39.7536 0.0082638
39.7561 0.00812664
39.7586 0.00799257
39.7611 0.00786151
39.7636 0.0077334
39.7661 0.00760816
39.7686 0.00748572
39.7711 0.00736601
39.7736 0.00724898
39.7761 0.00713456
39.7786 0.00702268
39.7811 0.00691329
39.7836 0.00680632
39.7861 0.00670173
39.7886 0.00659945
39.7911 0.00649943
39.7936 0.00640161
39.7961 0.00630595
39.7986 0.00621239
39.8012 0.0061209
39.8037 0.0060314
39.8062 0.00594387
39.8087 0.00585826
39.8112 0.00577452
39.8137 0.00569261
39.8162 0.00561248
39.8187 0.00553411
39.8212 0.00545743
39.8237 0.00538243
39.8262 0.00530906
39.8287 0.00523728
39.8312 0.00516705
39.8337 0.00509835
39.8362 0.00503114
39.8387 0.00496538
39.8412 0.00490104
39.8437 0.0048381
39.8462 0.00477651
39.8487 0.00471626
39.8512 0.00465731
39.8537 0.00459962
39.8562 0.00454319
39.8587 0.00448797
39.8612 0.00443394
39.8637 0.00438107
39.8662 0.00432935
39.8687 0.00427874
39.8712 0.00422923
39.8737 0.00418078
39.8762 0.00413338
39.8787 0.00408701
39.8812 0.00404163
39.8837 0.00399724
39.8862 0.00395381
39.8887 0.00391132
39.8912 0.00386975
39.8937 0.00382909
39.8962 0.00378931
39.8987 0.0037504
39.9012 0.00371233
39.9037 0.0036751
39.9062 0.00363869
39.9087 0.00360307
39.9112 0.00356824
39.9137 0.00353417
39.9162 0.00350086
39.9187 0.00346828
39.9212 0.00343643
39.9237 0.0034053
39.9262 0.00337485
39.9287 0.00334509
39.9312 0.00331601
39.9337 0.00328758
39.9362 0.00325979
39.9387 0.00323264
39.9412 0.00320612
39.9437 0.0031802
39.9462 0.00315488
39.9487 0.00313016
39.9512 0.00310601
39.9537 0.00308244
39.9562 0.00305942
39.9587 0.00303695
39.9612 0.00301502
39.9637 0.00299363
39.9662 0.00297275
39.9687 0.00295239
39.9712 0.00293254
39.9737 0.00291318
39.9762 0.00289431
39.9787 0.00287592
39.9812 0.00285801
39.9837 0.00284056
39.9862 0.00282358
39.9887 0.00280704
39.9912 0.00279095
39.9937 0.0027753
39.9962 0.00276009
39.9987 0.0027453
40.0013 0.00273093
40.0038 0.00271698
40.0063 0.00270344
40.0088 0.0026903
40.0113 0.00267756
40.0138 0.00266521
40.0163 0.00265326
40.0188 0.00264168
40.0213 0.00263049
40.0238 0.00261967
40.0263 0.00260922
40.0288 0.00259914
40.0313 0.00258942
40.0338 0.00258006
40.0363 0.00257105
40.0388 0.00256239
40.0413 0.00255409
40.0438 0.00254612
40.0463 0.0025385
40.0488 0.00253121
40.0513 0.00252426
40.0538 0.00251764
40.0563 0.00251134
40.0588 0.00250538
40.0613 0.00249973
40.0638 0.00249441
40.0663 0.00248941
40.0688 0.00248473
40.0713 0.00248035
40.0738 0.0024763
40.0763 0.00247255
40.0788 0.00246911
40.0813 0.00246598
40.0838 0.00246315
40.0863 0.00246063
40.0888 0.00245841
40.0913 0.0024565
40.0938 0.00245488
40.0963 0.00245357
40.0988 0.00245255
40.1013 0.00245183
40.1038 0.00245141
40.1063 0.00245128
40.1088 0.00245145
40.1113 0.00245192
40.1138 0.00245268
40.1163 0.00245373
40.1188 0.00245508
40.1213 0.00245672
40.1238 0.00245866
40.1263 0.0024609
40.1288 0.00246342
40.1313 0.00246625
40.1338 0.00246937
40.1363 0.00247278
40.1388 0.00247649
40.1413 0.0024805
40.1438 0.00248481
40.1463 0.00248941
40.1488 0.00249431
40.1513 0.00249952
40.1538 0.00250503
40.1563 0.00251084
40.1588 0.00251695
40.1613 0.00252337
40.1638 0.00253009
40.1663 0.00253713
40.1688 0.00254447
40.1713 0.00255213
40.1738 0.0025601
40.1763 0.00256839
40.1788 0.00257699
40.1813 0.00258591
40.1838 0.00259516
40.1863 0.00260473
40.1888 0.00261462
40.1913 0.00262485
40.1938 0.00263541
40.1963 0.0026463
40.1988 0.00265753
40.2014 0.00266909
40.2039 0.002681
40.2064 0.00269326
40.2089 0.00270587
40.2114 0.00271883
40.2139 0.00273214
40.2164 0.00274581
40.2189 0.00275985
40.2214 0.00277425
40.2239 0.00278903
40.2264 0.00280417
40.2289 0.0028197
40.2314 0.0028356
40.2339 0.0028519
40.2364 0.00286858
40.2389 0.00288566
40.2414 0.00290314
40.2439 0.00292102
40.2464 0.00293931
40.2489 0.00295802
40.2514 0.00297714
40.2539 0.00299669
40.2564 0.00301666
40.2589 0.00303708
40.2614 0.00305793
40.2639 0.00307922
40.2664 0.00310097
40.2689 0.00312317
40.2714 0.00314584
40.2739 0.00316897
40.2764 0.00319258
40.2789 0.00321668
40.2814 0.00324125
40.2839 0.00326633
40.2864 0.0032919
40.2889 0.00331798
40.2914 0.00334458
40.2939 0.0033717
40.2964 0.00339935
40.2989 0.00342753
40.3014 0.00345626
40.3039 0.00348554
40.3064 0.00351538
40.3089 0.00354579
40.3114 0.00357677
40.3139 0.00360834
40.3164 0.0036405
40.3189 0.00367326
40.3214 0.00370663
40.3239 0.00374062
40.3264 0.00377524
40.3289 0.00381049
40.3314 0.00384639
40.3339 0.00388294
40.3364 0.00392016
40.3389 0.00395806
40.3414 0.00399663
40.3439 0.00403591
40.3464 0.00407589
40.3489 0.00411658
40.3514 0.00415801
40.3539 0.00420016
40.3564 0.00424307
40.3589 0.00428674
40.3614 0.00433118
40.3639 0.00437639
40.3664 0.00442241
40.3689 0.00446923
40.3714 0.00451686
40.3739 0.00456533
40.3764 0.00461464
40.3789 0.0046648
40.3814 0.00471584
40.3839 0.00476775
40.3864 0.00482055
40.3889 0.00487427
40.3914 0.0049289
40.3939 0.00498447
40.3964 0.00504098
40.3989 0.00509846
40.4015 0.00515691
40.404 0.00521636
40.4065 0.0052768
40.409 0.00533827
40.4115 0.00540078
40.414 0.00546433
40.4165 0.00552895
40.419 0.00559464
40.4215 0.00566144
40.424 0.00572934
40.4265 0.00579838
40.429 0.00586856
40.4315 0.00593989
40.434 0.00601241
40.4365 0.00608612
40.439 0.00616104
40.4415 0.00623718
40.444 0.00631457
40.4465 0.00639323
40.449 0.00647316
40.4515 0.00655439
40.454 0.00663693
40.4565 0.00672081
40.459 0.00680604
40.4615 0.00689263
40.464 0.00698062
40.4665 0.00707001
40.469 0.00716082
40.4715 0.00725308
40.474 0.0073468
40.4765 0.007442
40.479 0.0075387
40.4815 0.00763692
40.484 0.00773667
40.4865 0.00783799
40.489 0.00794088
40.4915 0.00804537
40.494 0.00815148
40.4965 0.00825922
40.499 0.00836861
40.5015 0.00847968
40.504 0.00859245
40.5065 0.00870693
40.509 0.00882314
40.5115 0.00894111
40.514 0.00906085
40.5165 0.00918238
40.519 0.00930573
40.5215 0.00943091
40.524 0.00955794
40.5265 0.00968684
40.529 0.00981763
40.5315 0.00995033
40.534 0.010085
40.5365 0.0102215
40.539 0.0103601
40.5415 0.0105006
40.544 0.0106431
40.5465 0.0107877
40.549 0.0109343
40.5515 0.0110829
40.554 0.0112337
40.5565 0.0113865
40.559 0.0115414
40.5615 0.0116985
40.564 0.0118577
40.5665 0.012019
40.569 0.0121826
40.5715 0.0123483
40.574 0.0125162
40.5765 0.0126863
40.579 0.0128587
40.5815 0.0130333
40.584 0.0132102
40.5865 0.0133893
40.589 0.0135707
40.5915 0.0137544
40.594 0.0139404
40.5965 0.0141288
40.599 0.0143194
40.6016 0.0145124
40.6041 0.0147077
40.6066 0.0149053
40.6091 0.0151053
40.6116 0.0153077
40.6141 0.0155124
40.6166 0.0157195
40.6191 0.0159289
40.6216 0.0161407
40.6241 0.0163548
40.6266 0.0165713
40.6291 0.0167902
40.6316 0.0170115
40.6341 0.017235
40.6366 0.017461
40.6391 0.0176892
40.6416 0.0179198
40.6441 0.0181528
40.6466 0.018388
40.6491 0.0186255
40.6516 0.0188654
40.6541 0.0191074
40.6566 0.0193518
40.6591 0.0195984
40.6616 0.0198472
40.6641 0.0200981
40.6666 0.0203513
40.6691 0.0206066
40.6716 0.020864
40.6741 0.0211235
40.6766 0.0213851
40.6791 0.0216487
40.6816 0.0219143
40.6841 0.0221818
40.6866 0.0224513
40.6891 0.0227226
40.6916 0.0229958
40.6941 0.0232708
40.6966 0.0235475
40.6991 0.023826
40.7016 0.024106
40.7041 0.0243877
40.7066 0.0246709
40.7091 0.0249556
40.7116 0.0252417
40.7141 0.0255292
40.7166 0.0258179
40.7191 0.0261079
40.7216 0.0263991
40.7241 0.0266913
40.7266 0.0269846
40.7291 0.0272788
40.7316 0.0275738
40.7341 0.0278697
40.7366 0.0281662
40.7391 0.0284633
40.7416 0.028761
40.7441 0.029059
40.7466 0.0293575
40.7491 0.0296561
40.7516 0.0299549
40.7541 0.0302537
40.7566 0.0305524
40.7591 0.030851
40.7616 0.0311493
40.7641 0.0314472
40.7666 0.0317445
40.7691 0.0320413
40.7716 0.0323373
40.7741 0.0326324
40.7766 0.0329265
40.7791 0.0332195
40.7816 0.0335113
40.7841 0.0338017
40.7866 0.0340906
40.7891 0.0343778
40.7916 0.0346633
40.7941 0.0349468
40.7966 0.0352283
40.7991 0.0355075
40.8017 0.0357844
40.8042 0.0360589
40.8067 0.0363306
40.8092 0.0365996
40.8117 0.0368656
40.8142 0.0371286
40.8167 0.0373883
40.8192 0.0376445
40.8217 0.0378973
40.8242 0.0381463
40.8267 0.0383914
40.8292 0.0386325
40.8317 0.0388694
40.8342 0.0391019
40.8367 0.0393299
40.8392 0.0395533
40.8417 0.0397718
40.8442 0.0399853
40.8467 0.0401937
40.8492 0.0403967
40.8517 0.0405943
40.8542 0.0407862
40.8567 0.0409724
40.8592 0.0411525
40.8617 0.0413266
40.8642 0.0414945
40.8667 0.0416559
40.8692 0.0418107
40.8717 0.0419588
40.8742 0.0421001
40.8767 0.0422344
40.8792 0.0423615
40.8817 0.0424813
40.8842 0.0425937
40.8867 0.0426985
40.8892 0.0427956
40.8917 0.0428849
40.8942 0.0429662
40.8967 0.0430395
40.8992 0.0431046
40.9017 0.0431613
40.9042 0.0432097
40.9067 0.0432495
40.9092 0.0432807
40.9117 0.0433031
40.9142 0.0433168
40.9167 0.0433215
40.9192 0.0433173
40.9217 0.043304
40.9242 0.0432816
40.9267 0.04325
40.9292 0.0432092
40.9317 0.043159
40.9342 0.0430995
40.9367 0.0430306
40.9392 0.0429522
40.9417 0.0428645
40.9442 0.0427672
40.9467 0.0426605
40.9492 0.0425442
40.9517 0.0424185
40.9542 0.0422832
40.9567 0.0421385
40.9592 0.0419843
40.9617 0.0418208
40.9642 0.0416478
40.9667 0.0414654
40.9692 0.0412738
40.9717 0.0410729
40.9742 0.0408629
40.9767 0.0406437
40.9792 0.0404155
40.9817 0.0401784
40.9842 0.0399325
40.9867 0.0396778
40.9892 0.0394145
40.9917 0.0391426
40.9942 0.0388624
40.9967 0.038574
40.9992 0.0382774
41.0018 0.0379728
41.0043 0.0376604
41.0068 0.0373404
41.0093 0.0370129
41.0118 0.0366781
41.0143 0.0363361
41.0168 0.0359871
41.0193 0.0356314
41.0218 0.0352692
41.0243 0.0349005
41.0268 0.0345257
41.0293 0.034145
41.0318 0.0337585
41.0343 0.0333665
41.0368 0.0329693
41.0393 0.032567
41.0418 0.0321599
41.0443 0.0317482
41.0468 0.0313322
41.0493 0.0309121
41.0518 0.0304882
41.0543 0.0300607
41.0568 0.0296298
41.0593 0.0291959
41.0618 0.0287592
41.0643 0.0283199
41.0668 0.0278784
41.0693 0.0274347
41.0718 0.0269894
41.0743 0.0265425
41.0768 0.0260943
41.0793 0.0256452
41.0818 0.0251953
41.0843 0.024745
41.0868 0.0242944
41.0893 0.0238439
41.0918 0.0233937
41.0943 0.022944
41.0968 0.0224952
41.0993 0.0220474
41.1018 0.0216008
41.1043 0.0211558
41.1068 0.0207126
41.1093 0.0202714
41.1118 0.0198324
41.1143 0.0193958
41.1168 0.0189619
41.1193 0.0185309
41.1218 0.018103
41.1243 0.0176783
41.1268 0.0172572
41.1293 0.0168397
41.1318 0.0164261
41.1343 0.0160165
41.1368 0.0156112
41.1393 0.0152102
41.1418 0.0148138
41.1443 0.0144221
41.1468 0.0140352
41.1493 0.0136533
41.1518 0.0132765
41.1543 0.012905
41.1568 0.0125388
41.1593 0.0121781
41.1618 0.0118229
41.1643 0.0114734
41.1668 0.0111297
41.1693 0.0107918
41.1718 0.0104598
41.1743 0.0101338
41.1768 0.00981379
41.1793 0.00949989
41.1818 0.00919213
41.1843 0.00889053
41.1868 0.00859513
41.1893 0.00830596
41.1918 0.00802303
41.1943 0.00774635
41.1968 0.00747593
41.1993 0.00721177
41.2019 0.00695385
41.2044 0.00670216
41.2069 0.00645669
41.2094 0.0062174
41.2119 0.00598426
41.2144 0.00575724
41.2169 0.00553629
41.2194 0.00532138
41.2219 0.00511243
41.2244 0.00490941
41.2269 0.00471224
41.2294 0.00452086
41.2319 0.00433521
41.2344 0.0041552
41.2369 0.00398077
41.2394 0.00381183
41.2419 0.00364829
41.2444 0.00349008
41.2469 0.00333711
41.2494 0.00318927
41.2519 0.00304649
41.2544 0.00290865
41.2569 0.00277568
41.2594 0.00264745
41.2619 0.00252389
41.2644 0.00240487
41.2669 0.00229031
41.2694 0.00218009
41.2719 0.00207411
41.2744 0.00197227
41.2769 0.00187446
41.2794 0.00178057
41.2819 0.00169051
41.2844 0.00160415
41.2869 0.00152141
41.2894 0.00144216
41.2919 0.00136632
41.2944 0.00129378
41.2969 0.00122442
41.2994 0.00115816
41.3019 0.00109489
41.3044 0.00103451
41.3069 0.000976927
41.3094 0.000922041
41.3119 0.000869756
41.3144 0.000819981
41.3169 0.000772622
41.3194 0.000727591
41.3219 0.000684798
41.3244 0.000644157
41.3269 0.000605584
41.3294 0.000568995
41.3319 0.000534309
41.3344 0.000501449
41.3369 0.000470338
41.3394 0.0004409
41.3419 0.000413062
41.3444 0.000386756
41.3469 0.000361911
41.3494 0.000338461
41.3519 0.000316342
41.3544 0.000295492
41.3569 0.000275851
41.3594 0.00025736
41.3619 0.000239963
41.3644 0.000223605
41.3669 0.000208236
41.3694 0.000193804
41.3719 0.00018026
41.3744 0.00016756
41.3769 0.000155657
41.3794 0.000144509
41.3819 0.000134076
41.3844 0.000124318
41.3869 0.000115196
41.3894 0.000106677
41.3919 9.87238e-05
41.3944 9.13053e-05
41.3969 8.43899e-05
41.3994 7.79478e-05
41.402 7.19507e-05
41.4045 6.63717e-05
41.407 6.11852e-05
41.4095 5.63669e-05
41.412 5.18937e-05
41.4145 4.77438e-05
41.417 4.38965e-05
41.4195 4.03322e-05
41.422 3.70325e-05
41.4245 3.39797e-05
41.427 3.11575e-05
41.4295 2.85503e-05
41.432 2.61433e-05
41.4345 2.39229e-05
41.437 2.1876e-05
41.4395 1.99903e-05
41.442 1.82546e-05
41.4445 1.66579e-05
41.447 1.51902e-05
41.4495 1.38421e-05
41.452 1.26048e-05
41.4545 1.14699e-05
41.457 1.04298e-05
41.4595 9.47719e-06
41.462 8.60543e-06
41.4645 7.80823e-06
41.467 7.07976e-06
41.4695 6.4146e-06
41.472 5.80769e-06
41.4745 5.25435e-06
41.477 4.75024e-06
41.4795 4.29133e-06
41.482 3.87388e-06
41.4845 3.49444e-06
41.487 3.14981e-06
41.4895 2.83704e-06
41.492 2.55341e-06
41.4945 2.2964e-06
41.497 2.06369e-06
41.4995 1.85315e-06
