0 0.708682
0.1 0.659375
0.2 0.547081
0.3 0.624073
0.4 0.563131
0.5 0.662552
0.6 0.634282
0.7 0.569811
0.8 0.660178
0.9 0.658513
1 0.660783
1.1 0.614071
1.2 0.646799
1.3 0.716177
1.4 0.554845
1.5 0.744443
1.6 0.754073
1.7 0.653509
1.8 0.659748
1.9 0.731849
2 0.657566
2.1 0.778644
2.2 0.807423
2.3 0.707949
2.4 0.685496
2.5 0.625728
2.6 0.577822
2.7 0.686719
2.8 0.586522
2.9 0.545805
3 0.669197
3.1 0.72286
3.2 0.747558
3.3 0.708087
3.4 0.825237
3.5 0.602763
3.6 0.80002
3.7 0.659339
3.8 0.65437
3.9 0.627803
4 0.631506
4.1 0.714274
4.2 0.663539
4.3 0.735355
4.4 0.70555
4.5 0.769846
4.6 0.81167
4.7 0.622469
4.8 0.672217
4.9 0.678984
5 0.690688
5.1 0.779358
5.2 0.812233
5.3 0.708594
5.4 0.797974
5.5 0.662503
5.6 0.603484
5.7 0.778567
5.8 0.724559
5.9 0.634
6 0.625664
6.1 0.657087
6.2 0.634569
6.3 0.753638
6.4 0.688741
6.5 0.816403
6.6 0.696676
6.7 0.678649
6.8 0.675445
6.9 0.73184
7 0.60793
7.1 0.738313
7.2 0.659403
7.3 0.639818
7.4 0.60922
7.5 0.753448
7.6 0.677844
7.7 0.728954
7.8 0.7735
7.9 0.62238
8 0.654149
8.1 0.840187
8.2 0.798674
8.3 0.720476
8.4 0.613693
8.5 0.714044
8.6 0.676959
8.7 0.661369
8.8 0.677469
8.9 0.742749
9 0.798551
9.1 0.841704
9.2 0.720067
9.3 0.838809
9.4 0.774208
9.5 0.734668
9.6 0.749574
9.7 0.764235
9.8 0.723215
9.9 0.862916
10 0.868423
10.1 0.764208
10.2 0.802321
10.3 0.674898
10.4 0.717291
10.5 0.690938
10.6 0.569553
10.7 0.692506
10.8 0.629505
10.9 0.777658
11 0.853741
11.1 0.822289
11.2 0.761543
11.3 0.770206
11.4 0.662679
11.5 0.656376
11.6 0.673807
11.7 0.716607
11.8 0.64407
11.9 0.72993
12 0.730154
12.1 0.618123
12.2 0.760986
12.3 0.673652
12.4 0.750746
12.5 0.750733
12.6 0.665565
12.7 0.746393
12.8 0.850499
12.9 0.795199
13 0.766981
13.1 0.75206
13.2 0.747942
13.3 0.80389
13.4 0.666054
13.5 0.667307
13.6 0.772573
13.7 0.815796
13.8 0.733985
13.9 0.829491
14 0.746918
14.1 0.782817
14.2 0.761307
14.3 0.63273
14.4 0.878017
14.5 0.781105
14.6 0.733075
14.7 0.756596
14.8 0.75172
14.9 0.683111
15 0.680253
15.1 0.746027
15.2 0.759933
15.3 0.711163
15.4 0.730963
15.5 0.609944
15.6 0.833834
15.7 0.76408
15.8 0.825742
15.9 0.804659
16 0.768995
16.1 0.730305
16.2 0.798732
16.3 0.794572
16.4 0.809418
16.5 0.756912
16.6 0.820547
16.7 0.858969
16.8 0.687363
16.9 0.736278
17 0.71433
17.1 0.695626
17.2 0.765425
17.3 0.851857
17.4 0.727097
17.5 0.765528
17.6 0.84276
17.7 0.806242
17.8 0.760314
17.9 0.727593
18 0.759574
18.1 0.778763
18.2 0.823537
18.3 0.852389
18.4 0.820955
18.5 0.798955
18.6 0.640024
18.7 0.61742
18.8 0.728464
18.9 0.755471
19 0.786335
19.1 0.818211
19.2 0.787327
19.3 0.775323
19.4 0.83033
19.5 0.793664
19.6 0.839459
19.7 0.829787
19.8 0.887474
19.9 0.664893
20 0.782566
20.1 0.69615
20.2 0.720989
20.3 0.700603
20.4 0.763893
20.5 0.690625
20.6 0.755537
20.7 0.72271
20.8 0.743161
20.9 0.607959
21 0.880876
21.1 0.755115
21.2 0.76337
21.3 0.744527
21.4 0.788268
21.5 0.791303
21.6 0.790388
21.7 0.868046
21.8 0.799161
21.9 0.767131
22 0.78332
22.1 0.727434
22.2 0.836107
22.3 0.824396
22.4 0.981875
22.5 0.860847
22.6 0.892185
22.7 0.749825
22.8 0.804638
22.9 0.767917
23 0.826929
23.1 0.850221
23.2 0.770772
23.3 0.87247
23.4 0.713038
23.5 0.771747
23.6 0.844505
23.7 0.937758
23.8 0.841705
23.9 0.822453
24 0.809865
24.1 0.688909
24.2 0.905081
24.3 0.798411
24.4 0.932711
24.5 0.952229
24.6 0.830108
24.7 0.781122
24.8 0.8056
24.9 0.803925
25 0.76638
25.1 0.764077
25.2 0.889708
25.3 0.686122
25.4 0.837021
25.5 0.823527
25.6 0.772671
25.7 0.760564
25.8 0.869853
25.9 0.869976
26 0.698957
26.1 0.740779
26.2 0.944795
26.3 0.882511
26.4 0.882574
26.5 0.824236
26.6 0.838353
26.7 0.799673
26.8 0.809457
26.9 0.81225
27 0.847673
27.1 0.766058
27.2 0.850616
27.3 0.822904
27.4 0.765189
27.5 0.911418
27.6 0.771356
27.7 0.927149
27.8 0.851665
27.9 0.857647
28 0.777704
28.1 0.903384
28.2 0.876093
28.3 0.897736
28.4 0.921237
28.5 0.913172
28.6 0.877251
28.7 0.875157
28.8 0.728538
28.9 0.832448
29 0.791745
29.1 0.871517
29.2 0.850414
29.3 0.83489
29.4 0.822496
29.5 0.827224
29.6 0.891384
29.7 0.848996
29.8 0.829067
29.9 0.864511
30 0.965224
30.1 0.837895
30.2 0.888331
30.3 0.972542
30.4 0.87568
30.5 0.754284
30.6 0.733783
30.7 0.840314
30.8 0.911317
30.9 0.920129
31 0.964068
31.1 1.0499
31.2 0.855006
31.3 0.99448
31.4 0.935582
31.5 0.990785
31.6 0.985658
31.7 0.8491
31.8 0.800876
31.9 0.820128
32 0.910195
32.1 0.775686
32.2 0.871609
32.3 1.03274
32.4 0.883349
32.5 0.973594
32.6 1.00009
32.7 0.976421
32.8 0.978863
32.9 0.933255
33 0.977903
33.1 1.07514
33.2 1.04211
33.3 0.827277
33.4 1.01891
33.5 0.965999
33.6 0.886522
33.7 0.958364
33.8 0.974272
33.9 1.01063
34 1.00605
34.1 0.93417
34.2 0.942506
34.3 0.924562
34.4 0.893042
34.5 0.875845
34.6 1.07987
34.7 0.944215
34.8 0.962051
34.9 0.988816
35 1.0374
35.1 1.06868
35.2 0.93864
35.3 0.990922
35.4 0.990704
35.5 1.06055
35.6 1.14713
35.7 1.04627
35.8 1.15766
35.9 1.10243
36 0.941272
36.1 1.08466
36.2 1.07564
36.3 1.12599
36.4 1.22751
36.5 1.16227
36.6 1.09867
36.7 1.12885
36.8 1.08917
36.9 1.01444
37 1.02261
37.1 1.03212
37.2 1.12823
37.3 1.15007
37.4 1.16068
37.5 1.22404
37.6 1.06392
37.7 1.19641
37.8 1.17603
37.9 1.18885
38 1.16695
38.1 1.21199
38.2 1.43863
38.3 1.26825
38.4 1.25654
38.5 1.20165
38.6 1.23409
38.7 1.15189
38.8 1.44279
38.9 1.29984
39 1.49298
39.1 1.35683
39.2 1.29876
39.3 1.27534
39.4 1.24692
39.5 1.33677
39.6 1.19901
39.7 1.39426
39.8 1.44298
39.9 1.48503
40 1.45939
40.1 1.52987
40.2 1.26453
40.3 1.50437
40.4 1.4532
40.5 1.49677
40.6 1.51061
40.7 1.61272
40.8 1.28158
40.9 1.50202
41 1.52584
41.1 1.41606
41.2 1.70466
41.3 1.49665
41.4 1.57853
41.5 1.50352
41.6 1.42819
41.7 1.49077
41.8 1.64842
41.9 1.50179
42 1.65139
42.1 1.72241
42.2 1.57885
42.3 1.48837
42.4 1.66869
42.5 1.77677
42.6 1.6422
42.7 1.65376
42.8 1.54784
42.9 1.61666
43 1.51097
43.1 1.63624
43.2 1.65848
43.3 1.70697
43.4 1.74808
43.5 1.74565
43.6 1.69308
43.7 1.77243
43.8 1.72421
43.9 1.61
44 1.77812
44.1 1.74206
44.2 1.86372
44.3 1.66698
44.4 1.58703
44.5 1.68138
44.6 1.72321
44.7 1.74714
44.8 1.71184
44.9 1.69111
45 1.67461
45.1 1.60292
45.2 1.61483
45.3 1.75612
45.4 1.73717
45.5 1.73521
45.6 1.73249
45.7 1.80421
45.8 1.8209
45.9 1.71582
46 1.70374
46.1 1.71945
46.2 1.62463
46.3 1.66914
46.4 1.65729
46.5 1.71772
46.6 1.76661
46.7 1.56427
46.8 1.57159
46.9 1.79029
47 1.75038
47.1 1.70162
47.2 1.63507
47.3 1.54134
47.4 1.79118
47.5 1.73394
47.6 1.77873
47.7 1.77059
47.8 1.64795
47.9 1.68631
48 1.68226
48.1 1.7836
48.2 1.68683
48.3 1.62919
48.4 1.66505
48.5 1.64521
48.6 1.7337
48.7 1.67009
48.8 1.85835
48.9 1.68269
49 1.72436
49.1 1.50853
49.2 1.73553
49.3 1.72445
49.4 1.7735
49.5 1.71158
49.6 1.80297
49.7 1.5697
49.8 1.58569
49.9 1.66113
50 1.70292
50.1 1.7069
50.2 1.80269
50.3 1.53561
50.4 1.60277
50.5 1.62885
50.6 1.76855
50.7 1.62616
50.8 1.77071
50.9 1.60154
51 1.71622
51.1 1.68465
51.2 1.5558
51.3 1.62793
51.4 1.69442
51.5 1.47822
51.6 1.56859
51.7 1.70541
51.8 1.61983
51.9 1.60982
52 1.60878
52.1 1.64188
52.2 1.55999
52.3 1.51364
52.4 1.51795
52.5 1.42196
52.6 1.57275
52.7 1.3192
52.8 1.4512
52.9 1.54992
53 1.46833
53.1 1.42267
53.2 1.62459
53.3 1.45712
53.4 1.51139
53.5 1.47927
53.6 1.51902
53.7 1.47104
53.8 1.50838
53.9 1.46575
54 1.4298
54.1 1.41005
54.2 1.52836
54.3 1.45837
54.4 1.47333
54.5 1.47354
54.6 1.4594
54.7 1.42646
54.8 1.455
54.9 1.39098
55 1.36186
55.1 1.40699
55.2 1.39833
55.3 1.54097
55.4 1.43272
55.5 1.39621
55.6 1.48072
55.7 1.49958
55.8 1.51174
55.9 1.6565
56 1.45742
56.1 1.44349
56.2 1.43084
56.3 1.34401
56.4 1.49142
56.5 1.55976
56.6 1.45015
56.7 1.40439
56.8 1.48379
56.9 1.36401
57 1.40806
57.1 1.4427
57.2 1.43329
57.3 1.58813
57.4 1.4951
57.5 1.42767
57.6 1.47138
57.7 1.41335
57.8 1.35363
57.9 1.45906
58 1.32492
58.1 1.39496
58.2 1.30988
58.3 1.35683
58.4 1.48673
58.5 1.48565
58.6 1.49511
58.7 1.26751
58.8 1.35585
58.9 1.41425
59 1.26259
59.1 1.33857
59.2 1.35579
59.3 1.36198
59.4 1.48915
59.5 1.23542
59.6 1.31489
59.7 1.30685
59.8 1.23584
59.9 1.20003
60 1.37478
60.1 1.27605
60.2 1.33114
60.3 1.37482
60.4 1.40654
60.5 1.32527
60.6 1.3498
60.7 1.32337
60.8 1.34013
60.9 1.3088
61 1.28409
61.1 1.32116
61.2 1.40848
61.3 1.28553
61.4 1.43568
61.5 1.30146
61.6 1.1562
61.7 1.25348
61.8 1.25613
61.9 1.17364
62 1.38034
62.1 1.31444
62.2 1.44274
62.3 1.36608
62.4 1.52162
62.5 1.33621
62.6 1.35711
62.7 1.39442
62.8 1.27616
62.9 1.22366
63 1.25978
63.1 1.26004
63.2 1.24071
63.3 1.37628
63.4 1.1865
63.5 1.28925
63.6 1.2996
63.7 1.47668
63.8 1.16848
63.9 1.23817
64 1.26396
64.1 1.19247
64.2 1.32792
64.3 1.38481
64.4 1.33139
64.5 1.22934
64.6 1.28424
64.7 1.32832
64.8 1.28272
64.9 1.12959
65 1.17909
65.1 1.19577
65.2 1.07776
65.3 1.2642
65.4 1.25194
65.5 1.23379
65.6 1.18241
65.7 1.12279
65.8 1.25026
65.9 1.37915
66 1.12224
66.1 1.27945
66.2 1.20434
66.3 1.22139
66.4 1.2032
66.5 1.16805
66.6 1.03814
66.7 1.29398
66.8 1.20477
66.9 1.21379
67 1.08514
67.1 1.14713
67.2 1.11689
67.3 1.15437
67.4 1.13641
67.5 1.2154
67.6 1.18108
67.7 1.14362
67.8 1.10734
67.9 1.15574
68 1.25642
68.1 1.17474
68.2 1.35737
68.3 1.24076
68.4 1.20035
68.5 1.34513
68.6 1.18482
68.7 1.22342
68.8 1.24936
68.9 1.10972
69 1.18567
69.1 1.16396
69.2 1.14559
69.3 1.12555
69.4 1.08768
69.5 1.00208
69.6 1.12365
69.7 1.07679
69.8 1.17531
69.9 1.17009
70 1.28533
70.1 1.10055
70.2 1.16141
70.3 1.10023
70.4 1.25742
70.5 1.23326
70.6 1.39006
70.7 1.13831
70.8 1.22414
70.9 1.11608
71 1.09941
71.1 1.10416
71.2 1.09161
71.3 1.16407
71.4 1.21007
71.5 1.14725
71.6 1.05006
71.7 1.17816
71.8 1.14662
71.9 1.26488
72 1.16626
72.1 1.14054
72.2 1.11913
72.3 1.12546
72.4 1.28
72.5 1.25028
72.6 1.07901
72.7 1.14625
72.8 1.14066
72.9 1.14692
73 1.20849
73.1 1.22801
73.2 0.953193
73.3 1.0472
73.4 1.07548
73.5 1.03651
73.6 1.24271
73.7 1.08975
73.8 1.15388
73.9 1.11143
74 0.975203
74.1 1.20515
74.2 1.05108
74.3 1.04625
74.4 1.18031
74.5 1.16001
74.6 1.10908
74.7 1.20975
74.8 1.0566
74.9 1.09557
75 1.1956
75.1 1.09424
75.2 1.04479
75.3 1.16157
75.4 1.10589
75.5 1.1356
75.6 1.08361
75.7 1.14692
75.8 1.06859
75.9 1.06669
76 1.15187
76.1 1.15642
76.2 1.29953
76.3 1.20327
76.4 1.02641
76.5 1.11485
76.6 1.17847
76.7 1.15136
76.8 1.32776
76.9 1.30849
77 1.19701
77.1 1.09001
77.2 1.11647
77.3 1.1131
77.4 1.05117
77.5 1.18097
77.6 1.0653
77.7 1.11831
77.8 1.06527
77.9 1.09089
78 1.12961
78.1 1.18681
78.2 1.09357
78.3 1.13089
78.4 1.10591
78.5 1.03669
78.6 1.06652
78.7 1.004
78.8 1.08187
78.9 1.06656
79 1.09133
79.1 1.18502
79.2 1.19001
79.3 1.13119
79.4 1.11141
79.5 0.97533
79.6 1.27958
79.7 1.16959
79.8 0.991312
79.9 1.10956
80 1.19485
80.1 1.25974
80.2 1.02667
80.3 1.18225
80.4 0.994126
80.5 1.16085
80.6 1.01322
80.7 1.15774
80.8 1.18106
80.9 1.03636
81 1.10183
81.1 1.09068
81.2 1.13699
81.3 1.1792
81.4 1.26875
81.5 1.15344
81.6 1.22525
81.7 1.22133
81.8 1.03604
81.9 0.980911
82 1.24041
82.1 1.33308
82.2 1.11925
82.3 1.08994
82.4 1.09313
82.5 1.08207
82.6 1.02678
82.7 1.03339
82.8 1.01855
82.9 1.0115
83 1.09284
83.1 0.965191
83.2 1.09082
83.3 1.01911
83.4 1.1328
83.5 1.10223
83.6 1.09802
83.7 1.1414
83.8 0.968982
83.9 1.11888
84 1.09931
84.1 1.20684
84.2 1.04069
84.3 1.1408
84.4 1.26498
84.5 1.21138
84.6 0.99108
84.7 1.03134
84.8 1.11022
84.9 1.0836
85 1.00794
85.1 1.11709
85.2 1.06519
85.3 1.06237
85.4 1.03709
85.5 1.10438
85.6 1.14397
85.7 1.04115
85.8 0.972828
85.9 0.889767
86 0.973828
86.1 1.11375
86.2 1.09712
86.3 1.01956
86.4 0.914524
86.5 1.25284
86.6 1.02567
86.7 1.09397
86.8 1.11247
86.9 1.09281
87 1.0227
87.1 1.16694
87.2 1.06913
87.3 1.07701
87.4 1.14298
87.5 1.03973
87.6 1.01474
87.7 1.0088
87.8 0.962413
87.9 1.22923
88 1.02533
88.1 1.29326
88.2 0.98384
88.3 0.991517
88.4 0.987572
88.5 1.09687
88.6 0.979778
88.7 1.17664
88.8 0.959018
88.9 1.0751
89 1.0239
89.1 0.975772
89.2 1.15854
89.3 1.02738
89.4 0.97656
89.5 0.962991
89.6 1.15779
89.7 1.15413
89.8 1.20959
89.9 1.14138
90 1.21359
90.1 1.10269
90.2 1.04815
90.3 0.982255
90.4 1.09197
90.5 1.02087
90.6 1.08235
90.7 1.18735
90.8 1.04834
90.9 1.16436
91 1.04033
91.1 1.02755
91.2 1.1576
91.3 1.07801
91.4 1.1325
91.5 1.00995
91.6 0.930747
91.7 1.09774
91.8 1.09988
91.9 1.13382
92 1.02525
92.1 1.04875
92.2 1.10676
92.3 1.08349
92.4 1.0248
92.5 1.10882
92.6 1.15623
92.7 1.0455
92.8 0.993816
92.9 1.12489
93 0.980251
93.1 1.06686
93.2 0.973405
93.3 1.1165
93.4 1.11419
93.5 0.921497
93.6 1.05324
93.7 1.00291
93.8 1.12369
93.9 1.15718
94 1.1569
94.1 1.04063
94.2 1.10722
94.3 1.07264
94.4 1.07095
94.5 1.15767
94.6 1.17617
94.7 1.06431
94.8 1.14303
94.9 1.14109
95 1.07466
95.1 1.06133
95.2 0.91004
95.3 1.11113
95.4 1.18711
95.5 1.11589
95.6 1.09645
95.7 1.10067
95.8 1.10564
95.9 1.05225
96 1.07736
96.1 0.984335
96.2 1.08393
96.3 1.12657
96.4 1.17207
96.5 1.15605
96.6 1.06375
96.7 1.10038
96.8 1.23923
96.9 1.09871
97 1.05626
97.1 1.12614
97.2 1.17126
97.3 1.28621
97.4 1.23611
97.5 1.25604
97.6 1.18852
97.7 1.05344
97.8 1.03681
97.9 1.15049
98 1.1613
98.1 1.14845
98.2 1.15425
98.3 0.930025
98.4 1.00926
98.5 0.998911
98.6 1.14377
98.7 1.04798
98.8 1.18966
98.9 1.21312
99 1.12657
99.1 1.09944
99.2 1.09504
99.3 1.23955
99.4 1.02126
99.5 1.06716
99.6 1.19571
99.7 1.10273
99.8 1.06407
99.9 1.13347
100 0.622662
