0 -0.87132
0.1 -0.87125
0.2 -0.871178
0.3 -0.871104
0.4 -0.871033
0.5 -0.870959
0.6 -0.870886
0.7 -0.870812
0.8 -0.870738
0.9 -0.870662
1 -0.870586
1.1 -0.870509
1.2 -0.870431
1.3 -0.870355
1.4 -0.870278
1.5 -0.870201
1.6 -0.870124
1.7 -0.870046
1.8 -0.869968
1.9 -0.869886
2 -0.869805
2.1 -0.869724
2.2 -0.86964
2.3 -0.869559
2.4 -0.869475
2.5 -0.869392
2.6 -0.869307
2.7 -0.869222
2.8 -0.869138
2.9 -0.869051
3 -0.868965
3.1 -0.868877
3.2 -0.86879
3.3 -0.868704
3.4 -0.868617
3.5 -0.868528
3.6 -0.86844
3.7 -0.868352
3.8 -0.868263
3.9 -0.868173
4 -0.868082
4.1 -0.86799
4.2 -0.867897
4.3 -0.867804
4.4 -0.867709
4.5 -0.867615
4.6 -0.867519
4.7 -0.867424
4.8 -0.86733
4.9 -0.867233
5 -0.867139
5.1 -0.86704
5.2 -0.86694
5.3 -0.866841
5.4 -0.866743
5.5 -0.866644
5.6 -0.866542
5.7 -0.866442
5.8 -0.866338
5.9 -0.866235
6 -0.866132
6.1 -0.866029
6.2 -0.865925
6.3 -0.86582
6.4 -0.865714
6.5 -0.865607
6.6 -0.865502
6.7 -0.865395
6.8 -0.865287
6.9 -0.865181
7 -0.865072
7.1 -0.864964
7.2 -0.864856
7.3 -0.864745
7.4 -0.864634
7.5 -0.864521
7.6 -0.864412
7.7 -0.864301
7.8 -0.864189
7.9 -0.864076
8 -0.863962
8.1 -0.863845
8.2 -0.863731
8.3 -0.863615
8.4 -0.863497
8.5 -0.863379
8.6 -0.863259
8.7 -0.863138
8.8 -0.863018
8.9 -0.862899
9 -0.862777
9.1 -0.862655
9.2 -0.862533
9.3 -0.862408
9.4 -0.862284
9.5 -0.862161
9.6 -0.862036
9.7 -0.86191
9.8 -0.861782
9.9 -0.861654
10 -0.861525
10.1 -0.861395
10.2 -0.861265
10.3 -0.861135
10.4 -0.861005
10.5 -0.860869
10.6 -0.860738
10.7 -0.860608
10.8 -0.860472
10.9 -0.860338
11 -0.860205
11.1 -0.860068
11.2 -0.85993
11.3 -0.859793
11.4 -0.85966
11.5 -0.85952
11.6 -0.85938
11.7 -0.859238
11.8 -0.859096
11.9 -0.858954
12 -0.858808
12.1 -0.858664
12.2 -0.858519
12.3 -0.858375
12.4 -0.858227
12.5 -0.858077
12.6 -0.857928
12.7 -0.857774
12.8 -0.857621
12.9 -0.857472
13 -0.857322
13.1 -0.857168
13.2 -0.857012
13.3 -0.856858
13.4 -0.856702
13.5 -0.856542
13.6 -0.856384
13.7 -0.856228
13.8 -0.856068
13.9 -0.855907
14 -0.855747
14.1 -0.855583
14.2 -0.855417
14.3 -0.855254
14.4 -0.855096
14.5 -0.854928
14.6 -0.854759
14.7 -0.854589
14.8 -0.85442
14.9 -0.854249
15 -0.854081
15.1 -0.85391
15.2 -0.853742
15.3 -0.853568
15.4 -0.853391
15.5 -0.853213
15.6 -0.853034
15.7 -0.852858
15.8 -0.85268
15.9 -0.852493
16 -0.85231
16.1 -0.852127
16.2 -0.851945
16.3 -0.851761
16.4 -0.851578
16.5 -0.851393
16.6 -0.851209
16.7 -0.85102
16.8 -0.850835
16.9 -0.850645
17 -0.850454
17.1 -0.850264
17.2 -0.850073
17.3 -0.849876
17.4 -0.849683
17.5 -0.849487
17.6 -0.849291
17.7 -0.849094
17.8 -0.848898
17.9 -0.848696
18 -0.848491
18.1 -0.848285
18.2 -0.84808
18.3 -0.847875
18.4 -0.847671
18.5 -0.847466
18.6 -0.847264
18.7 -0.847059
18.8 -0.846852
18.9 -0.84664
19 -0.846429
19.1 -0.846216
19.2 -0.845999
19.3 -0.845778
19.4 -0.845559
19.5 -0.845342
19.6 -0.845121
19.7 -0.8449
19.8 -0.844673
19.9 -0.844445
20 -0.844221
20.1 -0.843998
20.2 -0.843775
20.3 -0.843548
20.4 -0.843325
20.5 -0.843099
20.6 -0.842869
20.7 -0.842636
20.8 -0.842403
20.9 -0.842171
21 -0.841933
21.1 -0.841698
21.2 -0.841457
21.3 -0.841213
21.4 -0.840977
21.5 -0.840735
21.6 -0.840494
21.7 -0.840245
21.8 -0.839996
21.9 -0.839741
22 -0.839485
22.1 -0.839232
22.2 -0.838976
22.3 -0.838719
22.4 -0.838461
22.5 -0.838198
22.6 -0.837934
22.7 -0.837669
22.8 -0.837409
22.9 -0.837143
23 -0.836877
23.1 -0.836606
23.2 -0.836328
23.3 -0.836045
23.4 -0.835769
23.5 -0.835494
23.6 -0.83522
23.7 -0.834939
23.8 -0.834661
23.9 -0.834378
24 -0.83409
24.1 -0.833803
24.2 -0.833512
24.3 -0.833215
24.4 -0.832919
24.5 -0.83263
24.6 -0.832335
24.7 -0.832037
24.8 -0.831735
24.9 -0.831432
25 -0.831134
25.1 -0.830835
25.2 -0.830531
25.3 -0.830225
25.4 -0.829916
25.5 -0.8296
25.6 -0.829277
25.7 -0.828964
25.8 -0.82865
25.9 -0.828329
26 -0.828004
26.1 -0.827681
26.2 -0.827346
26.3 -0.827005
26.4 -0.826664
26.5 -0.826326
26.6 -0.825988
26.7 -0.825642
26.8 -0.825306
26.9 -0.824964
27 -0.824625
27.1 -0.824282
27.2 -0.823929
27.3 -0.823586
27.4 -0.823231
27.5 -0.822878
27.6 -0.822512
27.7 -0.822166
27.8 -0.821814
27.9 -0.821463
28 -0.821108
28.1 -0.820756
28.2 -0.820386
28.3 -0.820009
28.4 -0.819627
28.5 -0.819247
28.6 -0.818862
28.7 -0.818487
28.8 -0.81811
28.9 -0.817721
29 -0.817328
29.1 -0.816937
29.2 -0.816539
29.3 -0.816143
29.4 -0.815734
29.5 -0.815325
29.6 -0.814906
29.7 -0.814494
29.8 -0.814079
29.9 -0.81367
30 -0.81327
30.1 -0.812849
30.2 -0.812435
30.3 -0.812002
30.4 -0.811569
30.5 -0.811149
30.6 -0.81072
30.7 -0.810279
30.8 -0.809852
30.9 -0.809415
31 -0.808977
31.1 -0.808527
31.2 -0.80807
31.3 -0.807615
31.4 -0.807157
31.5 -0.80669
31.6 -0.806222
31.7 -0.805763
31.8 -0.805301
31.9 -0.804847
32 -0.804399
32.1 -0.803932
32.2 -0.803458
32.3 -0.802983
32.4 -0.802515
32.5 -0.802052
32.6 -0.801577
32.7 -0.801078
32.8 -0.800634
32.9 -0.800209
33 -0.799757
33.1 -0.799298
33.2 -0.798823
33.3 -0.798376
33.4 -0.7979
33.5 -0.797428
33.6 -0.796976
33.7 -0.796538
33.8 -0.796114
33.9 -0.795665
34 -0.795215
34.1 -0.794757
34.2 -0.794312
34.3 -0.793854
34.4 -0.793397
34.5 -0.792909
34.6 -0.792455
34.7 -0.791991
34.8 -0.791595
34.9 -0.791164
35 -0.790759
35.1 -0.79033
35.2 -0.789905
35.3 -0.78944
35.4 -0.789077
35.5 -0.788784
35.6 -0.788452
35.7 -0.78813
35.8 -0.787884
35.9 -0.787559
36 -0.787305
36.1 -0.787076
36.2 -0.786814
36.3 -0.78656
36.4 -0.786334
36.5 -0.786216
36.6 -0.786069
36.7 -0.785977
36.8 -0.785945
36.9 -0.785982
37 -0.786035
37.1 -0.786192
37.2 -0.786273
37.3 -0.78642
37.4 -0.786582
37.5 -0.786785
37.6 -0.786998
37.7 -0.787316
37.8 -0.787555
37.9 -0.787834
38 -0.788251
38.1 -0.788808
38.2 -0.789551
38.3 -0.790218
38.4 -0.790761
38.5 -0.791463
38.6 -0.792203
38.7 -0.792904
38.8 -0.793756
38.9 -0.794572
39 -0.795255
39.1 -0.796071
39.2 -0.796932
39.3 -0.797757
39.4 -0.798411
39.5 -0.799104
39.6 -0.799755
39.7 -0.800242
39.8 -0.800826
39.9 -0.80122
40 -0.80154
40.1 -0.80174
40.2 -0.801837
40.3 -0.801653
40.4 -0.801447
40.5 -0.801041
40.6 -0.800275
40.7 -0.799475
40.8 -0.798596
40.9 -0.797625
41 -0.796405
41.1 -0.795031
41.2 -0.793581
41.3 -0.791957
41.4 -0.790432
41.5 -0.788763
41.6 -0.787144
41.7 -0.78562
41.8 -0.784084
41.9 -0.78252
42 -0.781002
42.1 -0.779611
42.2 -0.778314
42.3 -0.77714
42.4 -0.776087
42.5 -0.775164
42.6 -0.774343
42.7 -0.773652
42.8 -0.773094
42.9 -0.772672
43 -0.772409
43.1 -0.772306
43.2 -0.772369
43.3 -0.77256
43.4 -0.772923
43.5 -0.773448
43.6 -0.774145
43.7 -0.774991
43.8 -0.775986
43.9 -0.777127
44 -0.778429
44.1 -0.779887
44.2 -0.781452
44.3 -0.783128
44.4 -0.784887
44.5 -0.786741
44.6 -0.788681
44.7 -0.790685
44.8 -0.792754
44.9 -0.794858
45 -0.796999
45.1 -0.799155
45.2 -0.801292
45.3 -0.803432
45.4 -0.805576
45.5 -0.807707
45.6 -0.809813
45.7 -0.811857
45.8 -0.813887
45.9 -0.815869
46 -0.817796
46.1 -0.819687
46.2 -0.821523
46.3 -0.823282
46.4 -0.824987
46.5 -0.82664
46.6 -0.828277
46.7 -0.829837
46.8 -0.831345
46.9 -0.832804
47 -0.834234
47.1 -0.83559
47.2 -0.836892
47.3 -0.838136
47.4 -0.839344
47.5 -0.840513
47.6 -0.841655
47.7 -0.842756
47.8 -0.843805
47.9 -0.844814
48 -0.845792
48.1 -0.846728
48.2 -0.847637
48.3 -0.848547
48.4 -0.849421
48.5 -0.850252
48.6 -0.851054
48.7 -0.851825
48.8 -0.852569
48.9 -0.853291
49 -0.854011
49.1 -0.854704
49.2 -0.855384
49.3 -0.856037
49.4 -0.856675
49.5 -0.857287
49.6 -0.857897
49.7 -0.858477
49.8 -0.859046
49.9 -0.859591
50 -0.860118
50.1 -0.860632
50.2 -0.861143
50.3 -0.861643
50.4 -0.862127
50.5 -0.862598
50.6 -0.863052
50.7 -0.863506
50.8 -0.863956
50.9 -0.86439
51 -0.864811
51.1 -0.865228
51.2 -0.865639
51.3 -0.866028
51.4 -0.866416
51.5 -0.866787
51.6 -0.867152
51.7 -0.867512
51.8 -0.867869
51.9 -0.868214
52 -0.868557
52.1 -0.868899
52.2 -0.869232
52.3 -0.869559
52.4 -0.869877
52.5 -0.870187
52.6 -0.870492
52.7 -0.870793
52.8 -0.871087
52.9 -0.87138
53 -0.87167
53.1 -0.871951
53.2 -0.872228
53.3 -0.872493
53.4 -0.87276
53.5 -0.873025
53.6 -0.873278
53.7 -0.873535
53.8 -0.873787
53.9 -0.874034
54 -0.87427
54.1 -0.874507
54.2 -0.874744
54.3 -0.874977
54.4 -0.8752
54.5 -0.875419
54.6 -0.875639
54.7 -0.875851
54.8 -0.876063
54.9 -0.876271
55 -0.876475
55.1 -0.876674
55.2 -0.876869
55.3 -0.877063
55.4 -0.877255
55.5 -0.877442
55.6 -0.87763
55.7 -0.87781
55.8 -0.877993
55.9 -0.87817
56 -0.878344
56.1 -0.878514
56.2 -0.87868
56.3 -0.878849
56.4 -0.879016
56.5 -0.87918
56.6 -0.87934
56.7 -0.879498
56.8 -0.879657
56.9 -0.879809
57 -0.87996
57.1 -0.88011
57.2 -0.880261
57.3 -0.880409
57.4 -0.880556
57.5 -0.880703
57.6 -0.880845
57.7 -0.880985
57.8 -0.881124
57.9 -0.881262
58 -0.881398
58.1 -0.881531
58.2 -0.881662
58.3 -0.881796
58.4 -0.881923
58.5 -0.882052
58.6 -0.882181
58.7 -0.882308
58.8 -0.882431
58.9 -0.882556
59 -0.88268
59.1 -0.882803
59.2 -0.882924
59.3 -0.883045
59.4 -0.883163
59.5 -0.883282
59.6 -0.8834
59.7 -0.883519
59.8 -0.883636
59.9 -0.88375
60 -0.883866
60.1 -0.883983
60.2 -0.884095
60.3 -0.884207
60.4 -0.884318
60.5 -0.88443
60.6 -0.884541
60.7 -0.884652
60.8 -0.884763
60.9 -0.884872
61 -0.884983
61.1 -0.885093
61.2 -0.885202
61.3 -0.885312
61.4 -0.885423
61.5 -0.88553
61.6 -0.88564
61.7 -0.885748
61.8 -0.885855
61.9 -0.885962
62 -0.886071
62.1 -0.886182
62.2 -0.886292
62.3 -0.886403
62.4 -0.886514
62.5 -0.886625
62.6 -0.886734
62.7 -0.886845
62.8 -0.886957
62.9 -0.88707
63 -0.88718
63.1 -0.887292
63.2 -0.887404
63.3 -0.887515
63.4 -0.887626
63.5 -0.887739
63.6 -0.887852
63.7 -0.887965
63.8 -0.888077
63.9 -0.88819
64 -0.888303
64.1 -0.888416
64.2 -0.888531
64.3 -0.888646
64.4 -0.888761
64.5 -0.888878
64.6 -0.888997
64.7 -0.889113
64.8 -0.88923
64.9 -0.889348
65 -0.889467
65.1 -0.889587
65.2 -0.889708
65.3 -0.88983
65.4 -0.889952
65.5 -0.890073
65.6 -0.890194
65.7 -0.890313
65.8 -0.890433
65.9 -0.890554
66 -0.890675
66.1 -0.890797
66.2 -0.890922
66.3 -0.891046
66.4 -0.891169
66.5 -0.891294
66.6 -0.891418
66.7 -0.891543
66.8 -0.891673
66.9 -0.8918
67 -0.891929
67.1 -0.892057
67.2 -0.892185
67.3 -0.892313
67.4 -0.892444
67.5 -0.892576
67.6 -0.892707
67.7 -0.892836
67.8 -0.892966
67.9 -0.893098
68 -0.89323
68.1 -0.893364
68.2 -0.893497
68.3 -0.893628
68.4 -0.893761
68.5 -0.893892
68.6 -0.894024
68.7 -0.894155
68.8 -0.894288
68.9 -0.894421
69 -0.894552
69.1 -0.894686
69.2 -0.894822
69.3 -0.894955
69.4 -0.895091
69.5 -0.895225
69.6 -0.895357
69.7 -0.895491
69.8 -0.895625
69.9 -0.895761
70 -0.895897
70.1 -0.896034
70.2 -0.896171
70.3 -0.896309
70.4 -0.896444
70.5 -0.896577
70.6 -0.896713
70.7 -0.896847
70.8 -0.896983
70.9 -0.89712
71 -0.897255
71.1 -0.89739
71.2 -0.897524
71.3 -0.897659
71.4 -0.897794
71.5 -0.89793
71.6 -0.898067
71.7 -0.898201
71.8 -0.898336
71.9 -0.898471
72 -0.898606
72.1 -0.898741
72.2 -0.898879
72.3 -0.899015
72.4 -0.899151
72.5 -0.899288
72.6 -0.899422
72.7 -0.899554
72.8 -0.899686
72.9 -0.899819
73 -0.899954
73.1 -0.900091
73.2 -0.900225
73.3 -0.90036
73.4 -0.900491
73.5 -0.900625
73.6 -0.90076
73.7 -0.900894
73.8 -0.901024
73.9 -0.901158
74 -0.901291
74.1 -0.901422
74.2 -0.901557
74.3 -0.901688
74.4 -0.901821
74.5 -0.901953
74.6 -0.902083
74.7 -0.902214
74.8 -0.902344
74.9 -0.902477
75 -0.902608
75.1 -0.902736
75.2 -0.902867
75.3 -0.902997
75.4 -0.903123
75.5 -0.90325
75.6 -0.903379
75.7 -0.90351
75.8 -0.903639
75.9 -0.903768
76 -0.903894
76.1 -0.904021
76.2 -0.904147
76.3 -0.904274
76.4 -0.904397
76.5 -0.904524
76.6 -0.904646
76.7 -0.90477
76.8 -0.904892
76.9 -0.905018
77 -0.905146
77.1 -0.905269
77.2 -0.905392
77.3 -0.905517
77.4 -0.90564
77.5 -0.905764
77.6 -0.905885
77.7 -0.906006
77.8 -0.906129
77.9 -0.906252
78 -0.906372
78.1 -0.906492
78.2 -0.90661
78.3 -0.906729
78.4 -0.906849
78.5 -0.906967
78.6 -0.907085
78.7 -0.907205
78.8 -0.907322
78.9 -0.90744
79 -0.907557
79.1 -0.907675
79.2 -0.907793
79.3 -0.90791
79.4 -0.908028
79.5 -0.908145
79.6 -0.908263
79.7 -0.90838
79.8 -0.908495
79.9 -0.908611
80 -0.908724
80.1 -0.908839
80.2 -0.908957
80.3 -0.909072
80.4 -0.909187
80.5 -0.909301
80.6 -0.909413
80.7 -0.909523
80.8 -0.909635
80.9 -0.909747
81 -0.909859
81.1 -0.909973
81.2 -0.910086
81.3 -0.910199
81.4 -0.910311
81.5 -0.910422
81.6 -0.910533
81.7 -0.910643
81.8 -0.910752
81.9 -0.910861
82 -0.910969
82.1 -0.911077
82.2 -0.911182
82.3 -0.911291
82.4 -0.911402
82.5 -0.911509
82.6 -0.911616
82.7 -0.911723
82.8 -0.911829
82.9 -0.911936
83 -0.912041
83.1 -0.912148
83.2 -0.912252
83.3 -0.912359
83.4 -0.912464
83.5 -0.912566
83.6 -0.912672
83.7 -0.912777
83.8 -0.912878
83.9 -0.912978
84 -0.91308
84.1 -0.913181
84.2 -0.913286
84.3 -0.913387
84.4 -0.91349
84.5 -0.913592
84.6 -0.913694
84.7 -0.913796
84.8 -0.913897
84.9 -0.913997
85 -0.914098
85.1 -0.914198
85.2 -0.914297
85.3 -0.914396
85.4 -0.914495
85.5 -0.914594
85.6 -0.914694
85.7 -0.914793
85.8 -0.914889
85.9 -0.914986
86 -0.915084
86.1 -0.91518
86.2 -0.915276
86.3 -0.915372
86.4 -0.915466
86.5 -0.915562
86.6 -0.915658
86.7 -0.915755
86.8 -0.915849
86.9 -0.915943
87 -0.916039
87.1 -0.916133
87.2 -0.916227
87.3 -0.91632
87.4 -0.916415
87.5 -0.916509
87.6 -0.916605
87.7 -0.916699
87.8 -0.916791
87.9 -0.916883
88 -0.916975
88.1 -0.917068
88.2 -0.91716
88.3 -0.917253
88.4 -0.917344
88.5 -0.917435
88.6 -0.917527
88.7 -0.917619
88.8 -0.917709
88.9 -0.917797
89 -0.917886
89.1 -0.917975
89.2 -0.918065
89.3 -0.918156
89.4 -0.918245
89.5 -0.918334
89.6 -0.918422
89.7 -0.91851
89.8 -0.918598
89.9 -0.918685
90 -0.918775
90.1 -0.918861
90.2 -0.91895
90.3 -0.919037
90.4 -0.919122
90.5 -0.919209
90.6 -0.919297
90.7 -0.919381
90.8 -0.919467
90.9 -0.919552
91 -0.919637
91.1 -0.919721
91.2 -0.919805
91.3 -0.919889
91.4 -0.919974
91.5 -0.92006
91.6 -0.920145
91.7 -0.920229
91.8 -0.920314
91.9 -0.920397
92 -0.92048
92.1 -0.920564
92.2 -0.920647
92.3 -0.920731
92.4 -0.920814
92.5 -0.920896
92.6 -0.920979
92.7 -0.921061
92.8 -0.921145
92.9 -0.921227
93 -0.921309
93.1 -0.92139
93.2 -0.92147
93.3 -0.921553
93.4 -0.921634
93.5 -0.921715
93.6 -0.921796
93.7 -0.921876
93.8 -0.921955
93.9 -0.922035
94 -0.922112
94.1 -0.922192
94.2 -0.922269
94.3 -0.922347
94.4 -0.922423
94.5 -0.922501
94.6 -0.922579
94.7 -0.922657
94.8 -0.922734
94.9 -0.922812
95 -0.922889
95.1 -0.922965
95.2 -0.923044
95.3 -0.923121
95.4 -0.923198
95.5 -0.923274
95.6 -0.92335
95.7 -0.923428
95.8 -0.923505
95.9 -0.92358
96 -0.923655
96.1 -0.923729
96.2 -0.923807
96.3 -0.923882
96.4 -0.923957
96.5 -0.924031
96.6 -0.924104
96.7 -0.924177
96.8 -0.924252
96.9 -0.924329
97 -0.924404
97.1 -0.924478
97.2 -0.924551
97.3 -0.924624
97.4 -0.924697
97.5 -0.92477
97.6 -0.924844
97.7 -0.924918
97.8 -0.92499
97.9 -0.925064
98 -0.925136
98.1 -0.925208
98.2 -0.925282
98.3 -0.925354
98.4 -0.925427
98.5 -0.925498
98.6 -0.925569
98.7 -0.925642
98.8 -0.925714
98.9 -0.925786
99 -0.925857
99.1 -0.925927
99.2 -0.925998
99.3 -0.926071
99.4 -0.92614
99.5 -0.926211
99.6 -0.926281
99.7 -0.926351
99.8 -0.92642
99.9 -0.926488
100 0.233274
