28.6389 0.0284421
28.6917 0.142211
28.7444 0.255979
28.7971 0.682611
28.8499 1.23249
28.9026 1.47899
28.9554 2.02887
29.0081 2.23745
29.0608 2.12368
29.1136 1.94355
29.1663 1.61172
29.2191 1.20405
29.2718 0.967032
29.3245 0.578323
29.3773 0.360267
29.43 0.255979
29.4827 0.180133
29.5355 0.0853264
29.5882 0.066365
29.641 0.0284421
29.6937 0.00948071
29.7464 0.00948071
29.7992 0.00948071
29.8519 0.00948071
29.9047 0
29.9574 0.0189614
30.0101 0.00948071
30.0629 0
30.1156 0
30.1683 0.0189614
30.2211 0
30.2738 0.00948071
30.3266 0
30.3793 0.0284421
30.432 0
30.4848 0.0474035
30.5375 0.0189614
30.5903 0.0853264
30.643 0.113769
30.6957 0.113769
30.7485 0.151691
30.8012 0.161172
30.8539 0.13273
30.9067 0.189614
30.9594 0.161172
31.0122 0.0568843
31.0649 0.0474035
31.1176 0.0284421
31.1704 0.0284421
31.2231 0.00948071
