3.57087 0.0265254
3.62742 0.0618927
3.68397 0.203362
3.74052 0.459774
3.79707 0.769237
3.85361 1.14944
3.91016 1.42353
3.96671 1.78605
4.02326 1.57384
4.07981 1.25554
4.13636 0.981441
4.19291 0.565876
4.24946 0.397881
4.30601 0.335989
4.36256 0.185678
4.41911 0.141469
4.47566 0.0795763
4.53221 0.0530509
4.58876 0.0176836
4.64531 0.0353672
4.70186 0.0176836
4.75841 0
4.81496 0.00884181
4.87151 0
4.92806 0
4.98461 0.00884181
5.04115 0.00884181
5.0977 0.0176836
5.15425 0
5.2108 0.0176836
5.26735 0.0265254
5.3239 0.00884181
5.38045 0.0530509
5.437 0.0530509
5.49355 0.0265254
5.5501 0.044209
5.60665 0.106102
5.6632 0.176836
5.71975 0.19452
5.7763 0.424407
5.83285 0.495141
5.8894 0.583559
5.94595 0.73387
6.0025 0.92839
6.05905 0.786921
6.1156 0.583559
6.17214 0.468616
6.22869 0.265254
6.28524 0.0795763
6.34179 0.0618927
