33.5 3.61862
33.5015 3.55023
33.503 3.48215
33.5045 3.41436
33.506 3.34688
33.5075 3.27971
33.509 3.21283
33.5105 3.14625
33.512 3.07998
33.5135 3.014
33.515 2.94832
33.5165 2.88294
33.518 2.81786
33.5195 2.75307
33.521 2.68858
33.5225 2.62438
33.524 2.56047
33.5255 2.49687
33.527 2.43355
33.5285 2.37052
33.53 2.30779
33.5315 2.24535
33.533 2.1832
33.5345 2.12133
33.536 2.05976
33.5375 1.99847
33.539 1.93748
33.5405 1.87676
33.542 1.81634
33.5435 1.7562
33.545 1.69634
33.5465 1.63677
33.548 1.57748
33.5495 1.51848
33.551 1.45975
33.5525 1.40131
33.554 1.34315
33.5555 1.28527
33.557 1.22766
33.5585 1.17034
33.56 1.11329
33.5615 1.05653
33.563 1.00003
33.5645 0.943816
33.566 0.887875
33.5675 0.832209
33.569 0.776816
33.5705 0.721696
33.572 0.666849
33.5735 0.612274
33.575 0.557971
33.5765 0.503937
33.578 0.450174
33.5795 0.39668
33.581 0.343454
33.5825 0.290497
33.584 0.237806
33.5855 0.185383
33.587 0.133225
33.5885 0.0813322
33.59 0.0297043
33.5915 -0.0216597
33.593 -0.0727604
33.5945 -0.123598
33.596 -0.174175
33.5975 -0.224489
33.599 -0.274543
33.6006 -0.324337
33.6021 -0.373872
33.6036 -0.423148
33.6051 -0.472166
33.6066 -0.520926
33.6081 -0.56943
33.6096 -0.617677
33.6111 -0.665669
33.6126 -0.713407
33.6141 -0.76089
33.6156 -0.808119
33.6171 -0.855096
33.6186 -0.90182
33.6201 -0.948293
33.6216 -0.994515
33.6231 -1.04049
33.6246 -1.08621
33.6261 -1.13168
33.6276 -1.17691
33.6291 -1.22188
33.6306 -1.26661
33.6321 -1.3111
33.6336 -1.35533
33.6351 -1.39933
33.6366 -1.44307
33.6381 -1.48658
33.6396 -1.52984
33.6411 -1.57285
33.6426 -1.61563
33.6441 -1.65817
33.6456 -1.70046
33.6471 -1.74251
33.6486 -1.78433
33.6501 -1.8259
33.6516 -1.86724
33.6531 -1.90834
33.6546 -1.9492
33.6561 -1.98983
33.6576 -2.03022
33.6591 -2.07037
33.6606 -2.11029
33.6621 -2.14998
33.6636 -2.18943
33.6651 -2.22866
33.6666 -2.26764
33.6681 -2.3064
33.6696 -2.34493
33.6711 -2.38323
33.6726 -2.42129
33.6741 -2.45913
33.6756 -2.49674
33.6771 -2.53413
33.6786 -2.57128
33.6801 -2.60821
33.6816 -2.64492
33.6831 -2.68139
33.6846 -2.71765
33.6861 -2.75368
33.6876 -2.78949
33.6891 -2.82507
33.6906 -2.86043
33.6921 -2.89557
33.6936 -2.93049
33.6951 -2.96519
33.6966 -2.99967
33.6981 -3.03393
33.6996 -3.06797
33.7011 -3.1018
33.7026 -3.1354
33.7041 -3.1688
33.7056 -3.20197
33.7071 -3.23493
33.7086 -3.26767
33.7101 -3.3002
33.7116 -3.33252
33.7131 -3.36462
33.7146 -3.39651
33.7161 -3.42819
33.7176 -3.45966
33.7191 -3.49092
33.7206 -3.52197
33.7221 -3.5528
33.7236 -3.58343
33.7251 -3.61385
33.7266 -3.64407
33.7281 -3.67407
33.7296 -3.70387
33.7311 -3.73347
33.7326 -3.76286
33.7341 -3.79204
33.7356 -3.82102
33.7371 -3.8498
33.7386 -3.87837
33.7401 -3.90674
33.7416 -3.93491
33.7431 -3.96288
33.7446 -3.99065
33.7461 -4.01822
33.7476 -4.04559
33.7491 -4.07276
33.7506 -4.09973
33.7521 -4.1265
33.7536 -4.15308
33.7551 -4.17946
33.7566 -4.20564
33.7581 -4.23163
33.7596 -4.25743
33.7611 -4.28303
33.7626 -4.30843
33.7641 -4.33365
33.7656 -4.35867
33.7671 -4.3835
33.7686 -4.40814
33.7701 -4.43259
33.7716 -4.45684
33.7731 -4.48091
33.7746 -4.50479
33.7761 -4.52848
33.7776 -4.55198
33.7791 -4.5753
33.7806 -4.59843
33.7821 -4.62137
33.7836 -4.64413
33.7851 -4.6667
33.7866 -4.68909
33.7881 -4.71129
33.7896 -4.73331
33.7911 -4.75515
33.7926 -4.77681
33.7941 -4.79828
33.7956 -4.81958
33.7971 -4.84069
33.7986 -4.86162
33.8002 -4.88237
33.8017 -4.90295
33.8032 -4.92335
33.8047 -4.94357
33.8062 -4.96361
33.8077 -4.98347
33.8092 -5.00316
33.8107 -5.02268
33.8122 -5.04201
33.8137 -5.06118
33.8152 -5.08017
33.8167 -5.09899
33.8182 -5.11763
33.8197 -5.13611
33.8212 -5.15441
33.8227 -5.17254
33.8242 -5.1905
33.8257 -5.20829
33.8272 -5.22591
33.8287 -5.24336
33.8302 -5.26064
33.8317 -5.27776
33.8332 -5.29471
33.8347 -5.31149
33.8362 -5.3281
33.8377 -5.34455
33.8392 -5.36084
33.8407 -5.37696
33.8422 -5.39292
33.8437 -5.40871
33.8452 -5.42434
33.8467 -5.43981
33.8482 -5.45511
33.8497 -5.47026
33.8512 -5.48524
33.8527 -5.50007
33.8542 -5.51473
33.8557 -5.52924
33.8572 -5.54359
33.8587 -5.55777
33.8602 -5.57181
33.8617 -5.58568
33.8632 -5.5994
33.8647 -5.61296
33.8662 -5.62637
33.8677 -5.63962
33.8692 -5.65272
33.8707 -5.66566
33.8722 -5.67845
33.8737 -5.69109
33.8752 -5.70358
33.8767 -5.71591
33.8782 -5.72809
33.8797 -5.74012
33.8812 -5.75201
33.8827 -5.76374
33.8842 -5.77532
33.8857 -5.78676
33.8872 -5.79804
33.8887 -5.80918
33.8902 -5.82018
33.8917 -5.83102
33.8932 -5.84172
33.8947 -5.85228
33.8962 -5.86268
33.8977 -5.87295
33.8992 -5.88307
33.9007 -5.89305
33.9022 -5.90288
33.9037 -5.91258
33.9052 -5.92213
33.9067 -5.93154
33.9082 -5.9408
33.9097 -5.94993
33.9112 -5.95892
33.9127 -5.96777
33.9142 -5.97648
33.9157 -5.98505
33.9172 -5.99349
33.9187 -6.00178
33.9202 -6.00994
33.9217 -6.01797
33.9232 -6.02586
33.9247 -6.03361
33.9262 -6.04123
33.9277 -6.04871
33.9292 -6.05606
33.9307 -6.06328
33.9322 -6.07036
33.9337 -6.07731
33.9352 -6.08413
33.9367 -6.09082
33.9382 -6.09738
33.9397 -6.10381
33.9412 -6.11011
33.9427 -6.11628
33.9442 -6.12232
33.9457 -6.12823
33.9472 -6.13401
33.9487 -6.13967
33.9502 -6.1452
33.9517 -6.1506
33.9532 -6.15588
33.9547 -6.16103
33.9562 -6.16606
33.9577 -6.17096
33.9592 -6.17574
33.9607 -6.18039
33.9622 -6.18493
33.9637 -6.18934
33.9652 -6.19362
33.9667 -6.19779
33.9682 -6.20184
33.9697 -6.20576
33.9712 -6.20957
33.9727 -6.21325
33.9742 -6.21682
33.9757 -6.22027
33.9772 -6.2236
33.9787 -6.22681
33.9802 -6.2299
33.9817 -6.23288
33.9832 -6.23574
33.9847 -6.23849
33.9862 -6.24112
33.9877 -6.24364
33.9892 -6.24604
33.9907 -6.24833
33.9922 -6.2505
33.9937 -6.25257
33.9952 -6.25451
33.9967 -6.25635
33.9982 -6.25808
33.9997 -6.25969
34.0013 -6.2612
34.0028 -6.26259
34.0043 -6.26388
34.0058 -6.26505
34.0073 -6.26612
34.0088 -6.26708
34.0103 -6.26793
34.0118 -6.26867
34.0133 -6.26931
34.0148 -6.26984
34.0163 -6.27026
34.0178 -6.27058
34.0193 -6.27079
34.0208 -6.2709
34.0223 -6.27091
34.0238 -6.27081
34.0253 -6.27061
34.0268 -6.2703
34.0283 -6.26989
34.0298 -6.26939
34.0313 -6.26878
34.0328 -6.26806
34.0343 -6.26725
34.0358 -6.26634
34.0373 -6.26533
34.0388 -6.26422
34.0403 -6.26301
34.0418 -6.2617
34.0433 -6.2603
34.0448 -6.2588
34.0463 -6.2572
34.0478 -6.2555
34.0493 -6.25371
34.0508 -6.25182
34.0523 -6.24984
34.0538 -6.24776
34.0553 -6.24559
34.0568 -6.24333
34.0583 -6.24097
34.0598 -6.23852
34.0613 -6.23597
34.0628 -6.23334
34.0643 -6.23061
34.0658 -6.22779
34.0673 -6.22488
34.0688 -6.22188
34.0703 -6.21879
34.0718 -6.21561
34.0733 -6.21235
34.0748 -6.20899
34.0763 -6.20555
34.0778 -6.20201
34.0793 -6.19839
34.0808 -6.19469
34.0823 -6.19089
34.0838 -6.18702
34.0853 -6.18305
34.0868 -6.179
34.0883 -6.17487
34.0898 -6.17065
34.0913 -6.16635
34.0928 -6.16196
34.0943 -6.15749
34.0958 -6.15294
34.0973 -6.14831
34.0988 -6.14359
34.1003 -6.1388
34.1018 -6.13392
34.1033 -6.12896
34.1048 -6.12392
34.1063 -6.11881
34.1078 -6.11361
34.1093 -6.10833
34.1108 -6.10298
34.1123 -6.09755
34.1138 -6.09204
34.1153 -6.08645
34.1168 -6.08079
34.1183 -6.07505
34.1198 -6.06923
34.1213 -6.06334
34.1228 -6.05738
34.1243 -6.05134
34.1258 -6.04522
34.1273 -6.03903
34.1288 -6.03277
34.1303 -6.02643
34.1318 -6.02003
34.1333 -6.01355
34.1348 -6.00699
34.1363 -6.00037
34.1378 -5.99368
34.1393 -5.98691
34.1408 -5.98007
34.1423 -5.97317
34.1438 -5.96619
34.1453 -5.95915
34.1468 -5.95204
34.1483 -5.94486
34.1498 -5.93761
34.1513 -5.93029
34.1528 -5.92291
34.1543 -5.91546
34.1558 -5.90795
34.1573 -5.90036
34.1588 -5.89272
34.1603 -5.885
34.1618 -5.87723
34.1633 -5.86939
34.1648 -5.86148
34.1663 -5.85351
34.1678 -5.84548
34.1693 -5.83739
34.1708 -5.82923
34.1723 -5.82101
34.1738 -5.81273
34.1753 -5.80439
34.1768 -5.79599
34.1783 -5.78753
34.1798 -5.779
34.1813 -5.77042
34.1828 -5.76178
34.1843 -5.75308
34.1858 -5.74432
34.1873 -5.7355
34.1888 -5.72663
34.1903 -5.7177
34.1918 -5.70871
34.1933 -5.69966
34.1948 -5.69056
34.1963 -5.6814
34.1978 -5.67219
34.1993 -5.66292
34.2009 -5.6536
34.2024 -5.64422
34.2039 -5.63479
34.2054 -5.6253
34.2069 -5.61576
34.2084 -5.60617
34.2099 -5.59653
34.2114 -5.58683
34.2129 -5.57709
34.2144 -5.56729
34.2159 -5.55744
34.2174 -5.54754
34.2189 -5.53759
34.2204 -5.52758
34.2219 -5.51753
34.2234 -5.50743
34.2249 -5.49729
34.2264 -5.48709
34.2279 -5.47684
34.2294 -5.46655
34.2309 -5.45621
34.2324 -5.44582
34.2339 -5.43539
34.2354 -5.42491
34.2369 -5.41438
34.2384 -5.40381
34.2399 -5.39319
34.2414 -5.38253
34.2429 -5.37182
34.2444 -5.36107
34.2459 -5.35028
34.2474 -5.33944
34.2489 -5.32856
34.2504 -5.31763
34.2519 -5.30667
34.2534 -5.29566
34.2549 -5.28461
34.2564 -5.27352
34.2579 -5.26238
34.2594 -5.25121
34.2609 -5.23999
34.2624 -5.22874
34.2639 -5.21745
34.2654 -5.20611
34.2669 -5.19474
34.2684 -5.18333
34.2699 -5.17188
34.2714 -5.1604
34.2729 -5.14887
34.2744 -5.13731
34.2759 -5.12571
34.2774 -5.11407
34.2789 -5.1024
34.2804 -5.0907
34.2819 -5.07895
34.2834 -5.06717
34.2849 -5.05536
34.2864 -5.04351
34.2879 -5.03163
34.2894 -5.01971
34.2909 -5.00776
34.2924 -4.99578
34.2939 -4.98377
34.2954 -4.97172
34.2969 -4.95964
34.2984 -4.94752
34.2999 -4.93538
34.3014 -4.9232
34.3029 -4.911
34.3044 -4.89876
34.3059 -4.88649
34.3074 -4.87419
34.3089 -4.86187
34.3104 -4.84951
34.3119 -4.83712
34.3134 -4.82471
34.3149 -4.81227
34.3164 -4.7998
34.3179 -4.7873
34.3194 -4.77477
34.3209 -4.76222
34.3224 -4.74964
34.3239 -4.73703
34.3254 -4.7244
34.3269 -4.71174
34.3284 -4.69906
34.3299 -4.68635
34.3314 -4.67362
34.3329 -4.66086
34.3344 -4.64807
34.3359 -4.63527
34.3374 -4.62244
34.3389 -4.60958
34.3404 -4.59671
34.3419 -4.58381
34.3434 -4.57088
34.3449 -4.55794
34.3464 -4.54497
34.3479 -4.53199
34.3494 -4.51898
34.3509 -4.50595
34.3524 -4.4929
34.3539 -4.47983
34.3554 -4.46674
34.3569 -4.45363
34.3584 -4.4405
34.3599 -4.42735
34.3614 -4.41418
34.3629 -4.401
34.3644 -4.38779
34.3659 -4.37457
34.3674 -4.36133
34.3689 -4.34807
34.3704 -4.3348
34.3719 -4.32151
34.3734 -4.3082
34.3749 -4.29488
34.3764 -4.28154
34.3779 -4.26818
34.3794 -4.25481
34.3809 -4.24143
34.3824 -4.22803
34.3839 -4.21462
34.3854 -4.20119
34.3869 -4.18775
34.3884 -4.17429
34.3899 -4.16082
34.3914 -4.14734
34.3929 -4.13385
34.3944 -4.12034
34.3959 -4.10682
34.3974 -4.09329
34.3989 -4.07975
34.4005 -4.06619
34.402 -4.05263
34.4035 -4.03905
34.405 -4.02547
34.4065 -4.01187
34.408 -3.99827
34.4095 -3.98465
34.411 -3.97103
34.4125 -3.95739
34.414 -3.94375
34.4155 -3.9301
34.417 -3.91644
34.4185 -3.90277
34.42 -3.8891
34.4215 -3.87542
34.423 -3.86173
34.4245 -3.84803
34.426 -3.83433
34.4275 -3.82062
34.429 -3.8069
34.4305 -3.79318
34.432 -3.77946
34.4335 -3.76572
34.435 -3.75199
34.4365 -3.73824
34.438 -3.7245
34.4395 -3.71075
34.441 -3.69699
34.4425 -3.68324
34.444 -3.66947
34.4455 -3.65571
34.447 -3.64194
34.4485 -3.62817
34.45 -3.6144
34.4515 -3.60062
34.453 -3.58685
34.4545 -3.57307
34.456 -3.55929
34.4575 -3.54551
34.459 -3.53173
34.4605 -3.51794
34.462 -3.50416
34.4635 -3.49038
34.465 -3.4766
34.4665 -3.46281
34.468 -3.44903
34.4695 -3.43525
34.471 -3.42147
34.4725 -3.40769
34.474 -3.39392
34.4755 -3.38014
34.477 -3.36637
34.4785 -3.3526
34.48 -3.33883
34.4815 -3.32506
34.483 -3.3113
34.4845 -3.29754
34.486 -3.28379
34.4875 -3.27004
34.489 -3.25629
34.4905 -3.24255
34.492 -3.22881
34.4935 -3.21508
34.495 -3.20135
34.4965 -3.18762
34.498 -3.17391
34.4995 -3.16019
34.501 -3.14649
34.5025 -3.13279
34.504 -3.11909
34.5055 -3.10541
34.507 -3.09173
34.5085 -3.07805
34.51 -3.06439
34.5115 -3.05073
34.513 -3.03708
34.5145 -3.02344
34.516 -3.0098
34.5175 -2.99618
34.519 -2.98256
34.5205 -2.96895
34.522 -2.95535
34.5235 -2.94176
34.525 -2.92818
34.5265 -2.91461
34.528 -2.90105
34.5295 -2.8875
34.531 -2.87396
34.5325 -2.86043
34.534 -2.84691
34.5355 -2.83341
34.537 -2.81991
34.5385 -2.80643
34.54 -2.79295
34.5415 -2.77949
34.543 -2.76605
34.5445 -2.75261
34.546 -2.73919
34.5475 -2.72578
34.549 -2.71238
34.5505 -2.699
34.552 -2.68563
34.5535 -2.67227
34.555 -2.65893
34.5565 -2.6456
34.558 -2.63228
34.5595 -2.61898
34.561 -2.6057
34.5625 -2.59243
34.564 -2.57917
34.5655 -2.56593
34.567 -2.55271
34.5685 -2.5395
34.57 -2.5263
34.5715 -2.51313
34.573 -2.49997
34.5745 -2.48682
34.576 -2.4737
34.5775 -2.46059
34.579 -2.44749
34.5805 -2.43442
34.582 -2.42136
34.5835 -2.40832
34.585 -2.3953
34.5865 -2.38229
34.588 -2.3693
34.5895 -2.35634
34.591 -2.34339
34.5925 -2.33046
34.594 -2.31755
34.5955 -2.30465
34.597 -2.29178
34.5985 -2.27893
34.6001 -2.2661
34.6016 -2.25328
34.6031 -2.24049
34.6046 -2.22772
34.6061 -2.21496
34.6076 -2.20223
34.6091 -2.18952
34.6106 -2.17683
34.6121 -2.16417
34.6136 -2.15152
34.6151 -2.13889
34.6166 -2.12629
34.6181 -2.11371
34.6196 -2.10115
34.6211 -2.08861
34.6226 -2.0761
34.6241 -2.06361
34.6256 -2.05114
34.6271 -2.0387
34.6286 -2.02627
34.6301 -2.01388
34.6316 -2.0015
34.6331 -1.98915
34.6346 -1.97682
34.6361 -1.96452
34.6376 -1.95224
34.6391 -1.93998
34.6406 -1.92775
34.6421 -1.91555
34.6436 -1.90337
34.6451 -1.89121
34.6466 -1.87908
34.6481 -1.86698
34.6496 -1.8549
34.6511 -1.84285
34.6526 -1.83082
34.6541 -1.81882
34.6556 -1.80685
34.6571 -1.7949
34.6586 -1.78298
34.6601 -1.77108
34.6616 -1.75921
34.6631 -1.74737
34.6646 -1.73556
34.6661 -1.72377
34.6676 -1.71201
34.6691 -1.70028
34.6706 -1.68858
34.6721 -1.6769
34.6736 -1.66525
34.6751 -1.65364
34.6766 -1.64205
34.6781 -1.63048
34.6796 -1.61895
34.6811 -1.60745
34.6826 -1.59597
34.6841 -1.58452
34.6856 -1.57311
34.6871 -1.56172
34.6886 -1.55036
34.6901 -1.53903
34.6916 -1.52774
34.6931 -1.51647
34.6946 -1.50523
34.6961 -1.49402
34.6976 -1.48285
34.6991 -1.4717
34.7006 -1.46059
34.7021 -1.4495
34.7036 -1.43845
34.7051 -1.42743
34.7066 -1.41643
34.7081 -1.40548
34.7096 -1.39455
34.7111 -1.38365
34.7126 -1.37279
34.7141 -1.36196
34.7156 -1.35116
34.7171 -1.34039
34.7186 -1.32965
34.7201 -1.31895
34.7216 -1.30828
34.7231 -1.29764
34.7246 -1.28704
34.7261 -1.27647
34.7276 -1.26593
34.7291 -1.25542
34.7306 -1.24495
34.7321 -1.23451
34.7336 -1.22411
34.7351 -1.21374
34.7366 -1.2034
34.7381 -1.1931
34.7396 -1.18283
34.7411 -1.1726
34.7426 -1.1624
34.7441 -1.15224
34.7456 -1.14211
34.7471 -1.13201
34.7486 -1.12195
34.7501 -1.11193
34.7516 -1.10194
34.7531 -1.09198
34.7546 -1.08206
34.7561 -1.07218
34.7576 -1.06233
34.7591 -1.05252
34.7606 -1.04274
34.7621 -1.033
34.7636 -1.02329
34.7651 -1.01362
34.7666 -1.00399
34.7681 -0.994396
34.7696 -0.984836
34.7711 -0.975313
34.7726 -0.965827
34.7741 -0.956377
34.7756 -0.946965
34.7771 -0.937589
34.7786 -0.928251
34.7801 -0.91895
34.7816 -0.909686
34.7831 -0.90046
34.7846 -0.891271
34.7861 -0.88212
34.7876 -0.873006
34.7891 -0.86393
34.7906 -0.854893
34.7921 -0.845893
34.7936 -0.836932
34.7951 -0.828008
34.7966 -0.819123
34.7981 -0.810277
34.7996 -0.801469
34.8012 -0.792699
34.8027 -0.783969
34.8042 -0.775277
34.8057 -0.766624
34.8072 -0.75801
34.8087 -0.749435
34.8102 -0.740899
34.8117 -0.732402
34.8132 -0.723945
34.8147 -0.715527
34.8162 -0.707149
34.8177 -0.69881
34.8192 -0.690511
34.8207 -0.682252
34.8222 -0.674032
34.8237 -0.665853
34.8252 -0.657713
34.8267 -0.649614
34.8282 -0.641555
34.8297 -0.633536
34.8312 -0.625557
34.8327 -0.617619
34.8342 -0.609721
34.8357 -0.601864
34.8372 -0.594048
34.8387 -0.586272
34.8402 -0.578537
34.8417 -0.570843
34.8432 -0.56319
34.8447 -0.555577
34.8462 -0.548006
34.8477 -0.540476
34.8492 -0.532988
34.8507 -0.525541
34.8522 -0.518135
34.8537 -0.51077
34.8552 -0.503447
34.8567 -0.496166
34.8582 -0.488926
34.8597 -0.481728
34.8612 -0.474572
34.8627 -0.467457
34.8642 -0.460385
34.8657 -0.453355
34.8672 -0.446366
34.8687 -0.43942
34.8702 -0.432516
34.8717 -0.425654
34.8732 -0.418834
34.8747 -0.412057
34.8762 -0.405322
34.8777 -0.398629
34.8792 -0.391979
34.8807 -0.385372
34.8822 -0.378807
34.8837 -0.372285
34.8852 -0.365806
34.8867 -0.35937
34.8882 -0.352976
34.8897 -0.346625
34.8912 -0.340317
34.8927 -0.334053
34.8942 -0.327831
34.8957 -0.321652
34.8972 -0.315517
34.8987 -0.309425
34.9002 -0.303376
34.9017 -0.29737
34.9032 -0.291407
34.9047 -0.285488
34.9062 -0.279613
34.9077 -0.273781
34.9092 -0.267992
34.9107 -0.262247
34.9122 -0.256546
34.9137 -0.250888
34.9152 -0.245274
34.9167 -0.239704
34.9182 -0.234177
34.9197 -0.228694
34.9212 -0.223256
34.9227 -0.217861
34.9242 -0.212509
34.9257 -0.207202
34.9272 -0.201939
34.9287 -0.19672
34.9302 -0.191545
34.9317 -0.186414
34.9332 -0.181327
34.9347 -0.176284
34.9362 -0.171286
34.9377 -0.166331
34.9392 -0.161421
34.9407 -0.156555
34.9422 -0.151734
34.9437 -0.146956
34.9452 -0.142224
34.9467 -0.137535
34.9482 -0.132891
34.9497 -0.128291
34.9512 -0.123736
34.9527 -0.119225
34.9542 -0.114759
34.9557 -0.110337
34.9572 -0.10596
34.9587 -0.101628
34.9602 -0.0973396
34.9617 -0.0930962
34.9632 -0.0888974
34.9647 -0.0847432
34.9662 -0.0806336
34.9677 -0.0765688
34.9692 -0.0725486
34.9707 -0.0685731
34.9722 -0.0646423
34.9737 -0.0607562
34.9752 -0.0569149
34.9767 -0.0531183
34.9782 -0.0493665
34.9797 -0.0456594
34.9812 -0.0419972
34.9827 -0.0383797
34.9842 -0.034807
34.9857 -0.0312791
34.9872 -0.0277961
34.9887 -0.0243578
34.9902 -0.0209644
34.9917 -0.0176158
34.9932 -0.014312
34.9947 -0.0110531
34.9962 -0.00783903
34.9977 -0.00466978
34.9992 -0.00154538
35.0008 0.00153417
35.0023 0.00456889
35.0038 0.00755876
35.0053 0.0105038
35.0068 0.013404
35.0083 0.0162593
35.0098 0.0190698
35.0113 0.0218355
35.0128 0.0245564
35.0143 0.0272324
35.0158 0.0298637
35.0173 0.0324501
35.0188 0.0349917
35.0203 0.0374886
35.0218 0.0399407
35.0233 0.042348
35.0248 0.0447105
35.0263 0.0470283
35.0278 0.0493013
35.0293 0.0515296
35.0308 0.0537133
35.0323 0.0558522
35.0338 0.0579464
35.0353 0.059996
35.0368 0.0620009
35.0383 0.0639612
35.0398 0.0658769
35.0413 0.0677479
35.0428 0.0695744
35.0443 0.0713564
35.0458 0.0730937
35.0473 0.0747866
35.0488 0.076435
35.0503 0.0780389
35.0518 0.0795984
35.0533 0.0811134
35.0548 0.082584
35.0563 0.0840103
35.0578 0.0853921
35.0593 0.0867297
35.0608 0.088023
35.0623 0.089272
35.0638 0.0904767
35.0653 0.0916373
35.0668 0.0927537
35.0683 0.0938259
35.0698 0.094854
35.0713 0.095838
35.0728 0.0967779
35.0743 0.0976739
35.0758 0.0985258
35.0773 0.0993338
35.0788 0.100098
35.0803 0.100818
35.0818 0.101494
35.0833 0.102127
35.0848 0.102716
35.0863 0.103261
35.0878 0.103762
35.0893 0.10422
35.0908 0.104634
35.0923 0.105005
35.0938 0.105332
35.0953 0.105615
35.0968 0.105855
35.0983 0.106052
35.0998 0.106205
35.1013 0.106316
35.1028 0.106382
35.1043 0.106406
35.1058 0.106387
35.1073 0.106324
35.1088 0.106218
35.1103 0.10607
35.1118 0.105878
35.1133 0.105643
35.1148 0.105366
35.1163 0.105046
35.1178 0.104683
35.1193 0.104277
35.1208 0.103829
35.1223 0.103338
35.1238 0.102805
35.1253 0.102229
35.1268 0.101611
35.1283 0.100951
35.1298 0.100248
35.1313 0.0995026
35.1328 0.0987154
35.1343 0.0978861
35.1358 0.0970147
35.1373 0.0961014
35.1388 0.0951461
35.1403 0.094149
35.1418 0.0931101
35.1433 0.0920295
35.1448 0.0909072
35.1463 0.0897434
35.1478 0.088538
35.1493 0.0872912
35.1508 0.086003
35.1523 0.0846735
35.1538 0.0833027
35.1553 0.0818908
35.1568 0.0804378
35.1583 0.0789438
35.1598 0.0774088
35.1613 0.0758329
35.1628 0.0742163
35.1643 0.0725589
35.1658 0.0708608
35.1673 0.0691222
35.1688 0.0673431
35.1703 0.0655236
35.1718 0.0636637
35.1733 0.0617636
35.1748 0.0598233
35.1763 0.057843
35.1778 0.0558226
35.1793 0.0537622
35.1808 0.0516621
35.1823 0.0495221
35.1838 0.0473425
35.1853 0.0451233
35.1868 0.0428646
35.1883 0.0405664
35.1898 0.0382289
35.1913 0.0358522
35.1928 0.0334363
35.1943 0.0309814
35.1958 0.0284875
35.1973 0.0259547
35.1988 0.0233831
35.2004 0.0207728
35.2019 0.0181239
35.2034 0.0154364
35.2049 0.0127106
35.2064 0.00994642
35.2079 0.00714402
35.2094 0.00430349
35.2109 0.00142492
35.2124 -0.00149159
35.2139 -0.00444593
35.2154 -0.00743802
35.2169 -0.0104677
35.2184 -0.013535
35.2199 -0.0166397
35.2214 -0.0197817
35.2229 -0.022961
35.2244 -0.0261774
35.2259 -0.0294308
35.2274 -0.0327212
35.2289 -0.0360483
35.2304 -0.0394122
35.2319 -0.0428126
35.2334 -0.0462496
35.2349 -0.0497229
35.2364 -0.0532325
35.2379 -0.0567783
35.2394 -0.0603601
35.2409 -0.0639779
35.2424 -0.0676315
35.2439 -0.0713209
35.2454 -0.0750458
35.2469 -0.0788062
35.2484 -0.082602
35.2499 -0.0864331
35.2514 -0.0902993
35.2529 -0.0942005
35.2544 -0.0981367
35.2559 -0.102108
35.2574 -0.106113
35.2589 -0.110153
35.2604 -0.114228
35.2619 -0.118337
35.2634 -0.12248
35.2649 -0.126657
35.2664 -0.130868
35.2679 -0.135113
35.2694 -0.139392
35.2709 -0.143704
35.2724 -0.14805
35.2739 -0.152429
35.2754 -0.156841
35.2769 -0.161286
35.2784 -0.165764
35.2799 -0.170275
35.2814 -0.174819
35.2829 -0.179395
35.2844 -0.184004
35.2859 -0.188644
35.2874 -0.193317
35.2889 -0.198022
35.2904 -0.202759
35.2919 -0.207528
35.2934 -0.212328
35.2949 -0.21716
35.2964 -0.222023
35.2979 -0.226917
35.2994 -0.231843
35.3009 -0.236799
35.3024 -0.241786
35.3039 -0.246804
35.3054 -0.251852
35.3069 -0.25693
35.3084 -0.262039
35.3099 -0.267178
35.3114 -0.272347
35.3129 -0.277545
35.3144 -0.282773
35.3159 -0.288031
35.3174 -0.293318
35.3189 -0.298634
35.3204 -0.303979
35.3219 -0.309353
35.3234 -0.314756
35.3249 -0.320188
35.3264 -0.325648
35.3279 -0.331136
35.3294 -0.336652
35.3309 -0.342196
35.3324 -0.347769
35.3339 -0.353368
35.3354 -0.358996
35.3369 -0.364651
35.3384 -0.370333
35.3399 -0.376041
35.3414 -0.381777
35.3429 -0.38754
35.3444 -0.393329
35.3459 -0.399145
35.3474 -0.404987
35.3489 -0.410855
35.3504 -0.416749
35.3519 -0.422668
35.3534 -0.428614
35.3549 -0.434584
35.3564 -0.44058
35.3579 -0.446601
35.3594 -0.452647
35.3609 -0.458718
35.3624 -0.464814
35.3639 -0.470933
35.3654 -0.477078
35.3669 -0.483246
35.3684 -0.489438
35.3699 -0.495654
35.3714 -0.501893
35.3729 -0.508156
35.3744 -0.514443
35.3759 -0.520752
35.3774 -0.527084
35.3789 -0.533439
35.3804 -0.539816
35.3819 -0.546216
35.3834 -0.552638
35.3849 -0.559082
35.3864 -0.565547
35.3879 -0.572035
35.3894 -0.578544
35.3909 -0.585074
35.3924 -0.591625
35.3939 -0.598197
35.3954 -0.60479
35.3969 -0.611404
35.3984 -0.618037
35.3999 -0.624691
35.4015 -0.631365
35.403 -0.638059
35.4045 -0.644773
35.406 -0.651506
35.4075 -0.658258
35.409 -0.665029
35.4105 -0.671819
35.412 -0.678628
35.4135 -0.685455
35.415 -0.6923
35.4165 -0.699164
35.418 -0.706045
35.4195 -0.712945
35.421 -0.719861
35.4225 -0.726795
35.424 -0.733746
35.4255 -0.740714
35.427 -0.747699
35.4285 -0.754701
35.43 -0.761718
35.4315 -0.768752
35.433 -0.775802
35.4345 -0.782867
35.436 -0.789948
35.4375 -0.797044
35.439 -0.804156
35.4405 -0.811282
35.442 -0.818423
35.4435 -0.825578
35.445 -0.832748
35.4465 -0.839932
35.448 -0.84713
35.4495 -0.854341
35.451 -0.861566
35.4525 -0.868804
35.454 -0.876056
35.4555 -0.88332
35.457 -0.890596
35.4585 -0.897885
35.46 -0.905186
35.4615 -0.9125
35.463 -0.919825
35.4645 -0.927161
35.466 -0.934509
35.4675 -0.941868
35.469 -0.949238
35.4705 -0.956618
35.472 -0.964009
35.4735 -0.971411
35.475 -0.978822
35.4765 -0.986243
35.478 -0.993674
35.4795 -1.00111
35.481 -1.00856
35.4825 -1.01602
35.484 -1.02349
35.4855 -1.03096
35.487 -1.03845
35.4885 -1.04594
35.49 -1.05344
35.4915 -1.06094
35.493 -1.06846
35.4945 -1.07598
35.496 -1.08351
35.4975 -1.09104
35.499 -1.09858
35.5005 -1.10613
35.502 -1.11368
35.5035 -1.12124
35.505 -1.12881
35.5065 -1.13637
35.508 -1.14395
35.5095 -1.15153
35.511 -1.15911
35.5125 -1.1667
35.514 -1.17429
35.5155 -1.18189
35.517 -1.18949
35.5185 -1.19709
35.52 -1.2047
35.5215 -1.21231
35.523 -1.21992
35.5245 -1.22753
35.526 -1.23515
35.5275 -1.24276
35.529 -1.25038
35.5305 -1.258
35.532 -1.26563
35.5335 -1.27325
35.535 -1.28087
35.5365 -1.2885
35.538 -1.29612
35.5395 -1.30374
35.541 -1.31137
35.5425 -1.31899
35.544 -1.32661
35.5455 -1.33423
35.547 -1.34185
35.5485 -1.34947
35.55 -1.35708
35.5515 -1.3647
35.553 -1.37231
35.5545 -1.37992
35.556 -1.38752
35.5575 -1.39512
35.559 -1.40272
35.5605 -1.41032
35.562 -1.41791
35.5635 -1.4255
35.565 -1.43308
35.5665 -1.44066
35.568 -1.44823
35.5695 -1.4558
35.571 -1.46336
35.5725 -1.47092
35.574 -1.47847
35.5755 -1.48601
35.577 -1.49355
35.5785 -1.50108
35.58 -1.5086
35.5815 -1.51612
35.583 -1.52363
35.5845 -1.53113
35.586 -1.53862
35.5875 -1.5461
35.589 -1.55358
35.5905 -1.56104
35.592 -1.5685
35.5935 -1.57594
35.595 -1.58338
35.5965 -1.59081
35.598 -1.59822
35.5995 -1.60563
35.6011 -1.61302
35.6026 -1.62041
35.6041 -1.62778
35.6056 -1.63514
35.6071 -1.64248
35.6086 -1.64982
35.6101 -1.65714
35.6116 -1.66445
35.6131 -1.67175
35.6146 -1.67903
35.6161 -1.6863
35.6176 -1.69356
35.6191 -1.7008
35.6206 -1.70802
35.6221 -1.71523
35.6236 -1.72243
35.6251 -1.72961
35.6266 -1.73677
35.6281 -1.74392
35.6296 -1.75105
35.6311 -1.75817
35.6326 -1.76526
35.6341 -1.77234
35.6356 -1.77941
35.6371 -1.78645
35.6386 -1.79348
35.6401 -1.80049
35.6416 -1.80748
35.6431 -1.81445
35.6446 -1.8214
35.6461 -1.82833
35.6476 -1.83524
35.6491 -1.84213
35.6506 -1.849
35.6521 -1.85585
35.6536 -1.86268
35.6551 -1.86949
35.6566 -1.87627
35.6581 -1.88304
35.6596 -1.88978
35.6611 -1.89649
35.6626 -1.90319
35.6641 -1.90986
35.6656 -1.91651
35.6671 -1.92313
35.6686 -1.92973
35.6701 -1.93631
35.6716 -1.94286
35.6731 -1.94938
35.6746 -1.95588
35.6761 -1.96235
35.6776 -1.9688
35.6791 -1.97522
35.6806 -1.98161
35.6821 -1.98798
35.6836 -1.99432
35.6851 -2.00063
35.6866 -2.00692
35.6881 -2.01317
35.6896 -2.0194
35.6911 -2.0256
35.6926 -2.03176
35.6941 -2.0379
35.6956 -2.04401
35.6971 -2.05009
35.6986 -2.05614
35.7001 -2.06215
35.7016 -2.06814
35.7031 -2.07409
35.7046 -2.08001
35.7061 -2.0859
35.7076 -2.09176
35.7091 -2.09758
35.7106 -2.10337
35.7121 -2.10913
35.7136 -2.11485
35.7151 -2.12054
35.7166 -2.1262
35.7181 -2.13182
35.7196 -2.1374
35.7211 -2.14295
35.7226 -2.14846
35.7241 -2.15394
35.7256 -2.15938
35.7271 -2.16478
35.7286 -2.17015
35.7301 -2.17547
35.7316 -2.18076
35.7331 -2.18602
35.7346 -2.19123
35.7361 -2.1964
35.7376 -2.20154
35.7391 -2.20663
35.7406 -2.21169
35.7421 -2.2167
35.7436 -2.22167
35.7451 -2.22661
35.7466 -2.2315
35.7481 -2.23635
35.7496 -2.24116
35.7511 -2.24592
35.7526 -2.25064
35.7541 -2.25532
35.7556 -2.25996
35.7571 -2.26455
35.7586 -2.2691
35.7601 -2.2736
35.7616 -2.27806
35.7631 -2.28247
35.7646 -2.28684
35.7661 -2.29116
35.7676 -2.29544
35.7691 -2.29966
35.7706 -2.30385
35.7721 -2.30798
35.7736 -2.31207
35.7751 -2.3161
35.7766 -2.32009
35.7781 -2.32403
35.7796 -2.32793
35.7811 -2.33177
35.7826 -2.33556
35.7841 -2.3393
35.7856 -2.34299
35.7871 -2.34663
35.7886 -2.35022
35.7901 -2.35376
35.7916 -2.35724
35.7931 -2.36067
35.7946 -2.36405
35.7961 -2.36738
35.7976 -2.37065
35.7991 -2.37387
35.8007 -2.37703
35.8022 -2.38014
35.8037 -2.3832
35.8052 -2.3862
35.8067 -2.38914
35.8082 -2.39202
35.8097 -2.39485
35.8112 -2.39763
35.8127 -2.40034
35.8142 -2.403
35.8157 -2.4056
35.8172 -2.40814
35.8187 -2.41062
35.8202 -2.41305
35.8217 -2.41541
35.8232 -2.41771
35.8247 -2.41996
35.8262 -2.42214
35.8277 -2.42426
35.8292 -2.42632
35.8307 -2.42832
35.8322 -2.43025
35.8337 -2.43213
35.8352 -2.43394
35.8367 -2.43568
35.8382 -2.43736
35.8397 -2.43898
35.8412 -2.44053
35.8427 -2.44202
35.8442 -2.44344
35.8457 -2.4448
35.8472 -2.44609
35.8487 -2.44732
35.8502 -2.44847
35.8517 -2.44956
35.8532 -2.45058
35.8547 -2.45154
35.8562 -2.45242
35.8577 -2.45324
35.8592 -2.45398
35.8607 -2.45466
35.8622 -2.45526
35.8637 -2.4558
35.8652 -2.45626
35.8667 -2.45666
35.8682 -2.45698
35.8697 -2.45723
35.8712 -2.4574
35.8727 -2.45751
35.8742 -2.45754
35.8757 -2.45749
35.8772 -2.45738
35.8787 -2.45718
35.8802 -2.45691
35.8817 -2.45657
35.8832 -2.45615
35.8847 -2.45566
35.8862 -2.45508
35.8877 -2.45443
35.8892 -2.45371
35.8907 -2.4529
35.8922 -2.45202
35.8937 -2.45105
35.8952 -2.45001
35.8967 -2.44889
35.8982 -2.44769
35.8997 -2.44641
35.9012 -2.44505
35.9027 -2.4436
35.9042 -2.44208
35.9057 -2.44047
35.9072 -2.43878
35.9087 -2.437
35.9102 -2.43515
35.9117 -2.43321
35.9132 -2.43118
35.9147 -2.42907
35.9162 -2.42688
35.9177 -2.4246
35.9192 -2.42223
35.9207 -2.41978
35.9222 -2.41724
35.9237 -2.41461
35.9252 -2.4119
35.9267 -2.40909
35.9282 -2.4062
35.9297 -2.40322
35.9312 -2.40015
35.9327 -2.39699
35.9342 -2.39374
35.9357 -2.3904
35.9372 -2.38697
35.9387 -2.38345
35.9402 -2.37983
35.9417 -2.37613
35.9432 -2.37232
35.9447 -2.36843
35.9462 -2.36444
35.9477 -2.36036
35.9492 -2.35618
35.9507 -2.35191
35.9522 -2.34754
35.9537 -2.34308
35.9552 -2.33852
35.9567 -2.33386
35.9582 -2.32911
35.9597 -2.32426
35.9612 -2.31931
35.9627 -2.31426
35.9642 -2.30911
35.9657 -2.30386
35.9672 -2.29852
35.9687 -2.29307
35.9702 -2.28752
35.9717 -2.28187
35.9732 -2.27612
35.9747 -2.27026
35.9762 -2.26431
35.9777 -2.25824
35.9792 -2.25208
35.9807 -2.24581
35.9822 -2.23944
35.9837 -2.23296
35.9852 -2.22638
35.9867 -2.21969
35.9882 -2.21289
35.9897 -2.20599
35.9912 -2.19898
35.9927 -2.19186
35.9942 -2.18464
35.9957 -2.1773
35.9972 -2.16986
35.9987 -2.16231
36.0003 -2.15464
36.0018 -2.14687
36.0033 -2.13898
36.0048 -2.13099
36.0063 -2.12288
36.0078 -2.11466
36.0093 -2.10632
36.0108 -2.09788
36.0123 -2.08932
36.0138 -2.08064
36.0153 -2.07185
36.0168 -2.06295
36.0183 -2.05392
36.0198 -2.04479
36.0213 -2.03553
36.0228 -2.02616
36.0243 -2.01667
36.0258 -2.00707
36.0273 -1.99734
36.0288 -1.9875
36.0303 -1.97753
36.0318 -1.96745
36.0333 -1.95724
36.0348 -1.94692
36.0363 -1.93647
36.0378 -1.9259
36.0393 -1.91521
36.0408 -1.90439
36.0423 -1.89346
36.0438 -1.88239
36.0453 -1.87121
36.0468 -1.8599
36.0483 -1.84846
36.0498 -1.8369
36.0513 -1.82521
36.0528 -1.81339
36.0543 -1.80145
36.0558 -1.78938
36.0573 -1.77718
36.0588 -1.76485
36.0603 -1.7524
36.0618 -1.73981
36.0633 -1.72709
36.0648 -1.71424
36.0663 -1.70126
36.0678 -1.68815
36.0693 -1.67491
36.0708 -1.66153
36.0723 -1.64803
36.0738 -1.63438
36.0753 -1.6206
36.0768 -1.60669
36.0783 -1.59265
36.0798 -1.57846
36.0813 -1.56414
36.0828 -1.54969
36.0843 -1.53509
36.0858 -1.52036
36.0873 -1.50549
36.0888 -1.49049
36.0903 -1.47534
36.0918 -1.46005
36.0933 -1.44462
36.0948 -1.42905
36.0963 -1.41334
36.0978 -1.39749
36.0993 -1.3815
36.1008 -1.36536
36.1023 -1.34908
36.1038 -1.33266
36.1053 -1.31609
36.1068 -1.29938
36.1083 -1.28252
36.1098 -1.26551
36.1113 -1.24836
36.1128 -1.23106
36.1143 -1.21362
36.1158 -1.19602
36.1173 -1.17828
36.1188 -1.16039
36.1203 -1.14235
36.1218 -1.12416
36.1233 -1.10581
36.1248 -1.08732
36.1263 -1.06868
36.1278 -1.04988
36.1293 -1.03093
36.1308 -1.01183
36.1323 -0.992569
36.1338 -0.973158
36.1353 -0.953592
36.1368 -0.933871
36.1383 -0.913994
36.1398 -0.89396
36.1413 -0.873769
36.1428 -0.853421
36.1443 -0.832915
36.1458 -0.812251
36.1473 -0.791427
36.1488 -0.770443
36.1503 -0.7493
36.1518 -0.727995
36.1533 -0.70653
36.1548 -0.684903
36.1563 -0.663113
36.1578 -0.641161
36.1593 -0.619045
36.1608 -0.596765
36.1623 -0.574321
36.1638 -0.551711
36.1653 -0.528937
36.1668 -0.505996
36.1683 -0.482888
36.1698 -0.459613
36.1713 -0.436171
36.1728 -0.41256
36.1743 -0.38878
36.1758 -0.364831
36.1773 -0.340713
36.1788 -0.316423
36.1803 -0.291963
36.1818 -0.267331
36.1833 -0.242527
36.1848 -0.21755
36.1863 -0.1924
36.1878 -0.167076
36.1893 -0.141578
36.1908 -0.115905
36.1923 -0.0900569
36.1938 -0.0640325
36.1953 -0.0378316
36.1968 -0.0114535
36.1983 0.0151022
36.1998 0.0418361
36.2014 0.0687489
36.2029 0.0958409
36.2044 0.123113
36.2059 0.150565
36.2074 0.178199
36.2089 0.206014
36.2104 0.234011
36.2119 0.262191
36.2134 0.290554
36.2149 0.319101
36.2164 0.347833
36.2179 0.376749
36.2194 0.405851
36.2209 0.435139
36.2224 0.464614
36.2239 0.494276
36.2254 0.524126
36.2269 0.554164
36.2284 0.584391
36.2299 0.614808
36.2314 0.645415
36.2329 0.676212
36.2344 0.707201
36.2359 0.738382
36.2374 0.769755
36.2389 0.801321
36.2404 0.83308
36.2419 0.865034
36.2434 0.897182
36.2449 0.929526
36.2464 0.962066
36.2479 0.994802
36.2494 1.02773
36.2509 1.06087
36.2524 1.09419
36.2539 1.12772
36.2554 1.16145
36.2569 1.19538
36.2584 1.2295
36.2599 1.26383
36.2614 1.29836
36.2629 1.3331
36.2644 1.36803
36.2659 1.40317
36.2674 1.43851
36.2689 1.47406
36.2704 1.50982
36.2719 1.54577
36.2734 1.58194
36.2749 1.61831
36.2764 1.65489
36.2779 1.69168
36.2794 1.72868
36.2809 1.76588
36.2824 1.8033
36.2839 1.84093
36.2854 1.87877
36.2869 1.91682
36.2884 1.95508
36.2899 1.99355
36.2914 2.03224
36.2929 2.07115
36.2944 2.11027
36.2959 2.1496
36.2974 2.18915
36.2989 2.22891
36.3004 2.2689
36.3019 2.3091
36.3034 2.34952
36.3049 2.39016
36.3064 2.43102
36.3079 2.4721
36.3094 2.51339
36.3109 2.55492
36.3124 2.59666
36.3139 2.63863
36.3154 2.68081
36.3169 2.72323
36.3184 2.76587
36.3199 2.80873
36.3214 2.85182
36.3229 2.89513
36.3244 2.93867
36.3259 2.98244
36.3274 3.02644
36.3289 3.07067
36.3304 3.11512
36.3319 3.15981
36.3334 3.20473
36.3349 3.24988
36.3364 3.29526
36.3379 3.34087
36.3394 3.38672
36.3409 3.4328
36.3424 3.47911
36.3439 3.52566
36.3454 3.57244
36.3469 3.61947
36.3484 3.66672
36.3499 3.71422
36.3514 3.76195
36.3529 3.80993
36.3544 3.85814
36.3559 3.90659
36.3574 3.95529
36.3589 4.00422
36.3604 4.0534
36.3619 4.10282
36.3634 4.15248
36.3649 4.20239
36.3664 4.25254
36.3679 4.30294
36.3694 4.35358
36.3709 4.40447
36.3724 4.4556
36.3739 4.50699
36.3754 4.55862
36.3769 4.6105
36.3784 4.66263
36.3799 4.71501
36.3814 4.76764
36.3829 4.82053
36.3844 4.87366
36.3859 4.92705
36.3874 4.98069
36.3889 5.03459
36.3904 5.08874
36.3919 5.14315
36.3934 5.19781
36.3949 5.25273
36.3964 5.30791
36.3979 5.36334
36.3994 5.41904
36.401 5.47499
36.4025 5.5312
36.404 5.58768
36.4055 5.64441
36.407 5.70141
36.4085 5.75867
36.41 5.81619
36.4115 5.87398
36.413 5.93203
36.4145 5.99035
36.416 6.04893
36.4175 6.10778
36.419 6.1669
36.4205 6.22628
36.422 6.28593
36.4235 6.34586
36.425 6.40605
36.4265 6.46651
36.428 6.52725
36.4295 6.58825
36.431 6.64953
36.4325 6.71108
36.434 6.77291
36.4355 6.83501
36.437 6.89738
36.4385 6.96003
36.44 7.02296
36.4415 7.08617
36.443 7.14965
36.4445 7.21341
36.446 7.27745
36.4475 7.34178
36.449 7.40638
36.4505 7.47126
36.452 7.53642
36.4535 7.60187
36.455 7.6676
36.4565 7.73362
36.458 7.79992
36.4595 7.8665
36.461 7.93337
36.4625 8.00053
36.464 8.06797
36.4655 8.13571
36.467 8.20373
36.4685 8.27204
36.47 8.34064
36.4715 8.40953
36.473 8.47872
36.4745 8.54819
36.476 8.61796
36.4775 8.68802
36.479 8.75838
36.4805 8.82903
36.482 8.89998
36.4835 8.97122
36.485 9.04276
36.4865 9.1146
36.488 9.18674
36.4895 9.25917
36.491 9.33191
36.4925 9.40494
36.494 9.47828
36.4955 9.55192
36.497 9.62586
36.4985 9.70011
36.5 9.77466
