18.6012 0.0184056
18.6556 0.0644197
18.7099 0.285287
18.7642 0.681009
18.8186 1.03992
18.8729 1.58288
18.9272 1.82216
18.9816 1.951
19.0359 1.98781
19.0902 1.75774
19.1445 1.12274
19.1989 1.04912
19.2532 0.496952
19.3075 0.441735
19.3619 0.257679
19.4162 0.239273
19.4705 0.101231
19.5249 0.0552169
19.5792 0.00920282
19.6335 0.0184056
19.6879 0.0368113
19.7422 0.00920282
19.7965 0.00920282
19.8509 0.0276085
19.9052 0
19.9595 0
20.0138 0.00920282
20.0682 0
20.1225 0
20.1768 0
20.2312 0
20.2855 0.0276085
20.3398 0.0460141
20.3942 0.0276085
20.4485 0.0552169
20.5028 0.0552169
20.5572 0.0736225
20.6115 0.128839
20.6658 0.138042
20.7201 0.147245
20.7745 0.285287
20.8288 0.349707
20.8831 0.414127
20.9375 0.377316
20.9918 0.42333
21.0461 0.285287
21.1005 0.211665
21.1548 0.147245
21.2091 0.0920282
21.2635 0.0460141
