23.5005 6.27587e-05
23.503 7.05595e-05
23.5055 7.92625e-05
23.508 8.89636e-05
23.5105 9.9768e-05
23.513 0.00011179
23.5155 0.000125157
23.518 0.000140005
23.5205 0.000156485
23.523 0.000174759
23.5255 0.000195007
23.528 0.000217423
23.5305 0.000242217
23.533 0.000269619
23.5355 0.000299878
23.538 0.000333263
23.5405 0.000370067
23.543 0.000410607
23.5455 0.000455224
23.548 0.000504287
23.5505 0.000558197
23.553 0.000617382
23.5555 0.000682307
23.558 0.00075347
23.5605 0.000831406
23.563 0.000916692
23.5655 0.00100994
23.568 0.00111183
23.5705 0.00122305
23.573 0.00134437
23.5755 0.00147661
23.578 0.00162062
23.5805 0.00177734
23.583 0.00194774
23.5855 0.00213289
23.588 0.0023339
23.5905 0.00255195
23.593 0.00278832
23.5955 0.00304434
23.598 0.00332143
23.6006 0.0036211
23.6031 0.00394494
23.6056 0.00429463
23.6081 0.00467195
23.6106 0.00507877
23.6131 0.00551707
23.6156 0.00598893
23.6181 0.00649655
23.6206 0.00704222
23.6231 0.00762836
23.6256 0.0082575
23.6281 0.00893231
23.6306 0.00965557
23.6331 0.0104302
23.6356 0.0112592
23.6381 0.0121458
23.6406 0.0130932
23.6431 0.014105
23.6456 0.0151847
23.6481 0.0163361
23.6506 0.017563
23.6531 0.0188695
23.6556 0.0202596
23.6581 0.0217378
23.6606 0.0233086
23.6631 0.0249764
23.6656 0.0267461
23.6681 0.0286227
23.6706 0.0306111
23.6731 0.0327165
23.6756 0.0349444
23.6781 0.0373002
23.6806 0.0397895
23.6831 0.0424181
23.6856 0.0451919
23.6881 0.0481169
23.6906 0.0511994
23.6931 0.0544455
23.6956 0.0578616
23.6981 0.0614542
23.7006 0.06523
23.7031 0.0691956
23.7056 0.0733577
23.7081 0.0777233
23.7106 0.0822992
23.7131 0.0870923
23.7156 0.0921098
23.7181 0.0973586
23.7206 0.102846
23.7231 0.108579
23.7256 0.114564
23.7281 0.120809
23.7306 0.127321
23.7331 0.134106
23.7356 0.141172
23.7381 0.148526
23.7406 0.156174
23.7431 0.164124
23.7456 0.172381
23.7481 0.180952
23.7506 0.189843
23.7531 0.199061
23.7556 0.208612
23.7581 0.218501
23.7606 0.228734
23.7631 0.239316
23.7656 0.250252
23.7681 0.261548
23.7706 0.273207
23.7731 0.285234
23.7756 0.297632
23.7781 0.310406
23.7806 0.323558
23.7831 0.337092
23.7856 0.35101
23.7881 0.365313
23.7906 0.380004
23.7931 0.395084
23.7956 0.410553
23.7981 0.426412
23.8007 0.442661
23.8032 0.459299
23.8057 0.476325
23.8082 0.493738
23.8107 0.511535
23.8132 0.529713
23.8157 0.54827
23.8182 0.567202
23.8207 0.586504
23.8232 0.606173
23.8257 0.626201
23.8282 0.646585
23.8307 0.667316
23.8332 0.688389
23.8357 0.709796
23.8382 0.731528
23.8407 0.753577
23.8432 0.775934
23.8457 0.798589
23.8482 0.821531
23.8507 0.844751
23.8532 0.868237
23.8557 0.891977
23.8582 0.915958
23.8607 0.940168
23.8632 0.964595
23.8657 0.989223
23.8682 1.01404
23.8707 1.03903
23.8732 1.06418
23.8757 1.08947
23.8782 1.11488
23.8807 1.14041
23.8832 1.16604
23.8857 1.19174
23.8882 1.2175
23.8907 1.2433
23.8932 1.26914
23.8957 1.29498
23.8982 1.32081
23.9007 1.34661
23.9032 1.37237
23.9057 1.39806
23.9082 1.42367
23.9107 1.44918
23.9132 1.47456
23.9157 1.49981
23.9182 1.52491
23.9207 1.54982
23.9232 1.57455
23.9257 1.59906
23.9282 1.62333
23.9307 1.64737
23.9332 1.67113
23.9357 1.69461
23.9382 1.71778
23.9407 1.74064
23.9432 1.76316
23.9457 1.78533
23.9482 1.80713
23.9507 1.82854
23.9532 1.84956
23.9557 1.87015
23.9582 1.89032
23.9607 1.91004
23.9632 1.9293
23.9657 1.94808
23.9682 1.96638
23.9707 1.98418
23.9732 2.00147
23.9757 2.01823
23.9782 2.03446
23.9807 2.05015
23.9832 2.06528
23.9857 2.07985
23.9882 2.09384
23.9907 2.10726
23.9932 2.12008
23.9957 2.13231
23.9982 2.14394
24.0008 2.15496
24.0033 2.16536
24.0058 2.17515
24.0083 2.18432
24.0108 2.19285
24.0133 2.20076
24.0158 2.20804
24.0183 2.21469
24.0208 2.2207
24.0233 2.22608
24.0258 2.23082
24.0283 2.23493
24.0308 2.23841
24.0333 2.24126
24.0358 2.24348
24.0383 2.24507
24.0408 2.24604
24.0433 2.24639
24.0458 2.24613
24.0483 2.24526
24.0508 2.24379
24.0533 2.24172
24.0558 2.23905
24.0583 2.2358
24.0608 2.23198
24.0633 2.22758
24.0658 2.22262
24.0683 2.21711
24.0708 2.21105
24.0733 2.20446
24.0758 2.19734
24.0783 2.1897
24.0808 2.18155
24.0833 2.17291
24.0858 2.16378
24.0883 2.15418
24.0908 2.14411
24.0933 2.13358
24.0958 2.12262
24.0983 2.11122
24.1008 2.0994
24.1033 2.08718
24.1058 2.07456
24.1083 2.06156
24.1108 2.04818
24.1133 2.03445
24.1158 2.02037
24.1183 2.00595
24.1208 1.99122
24.1233 1.97617
24.1258 1.96083
24.1283 1.9452
24.1308 1.9293
24.1333 1.91314
24.1358 1.89673
24.1383 1.88009
24.1408 1.86322
24.1433 1.84614
24.1458 1.82887
24.1483 1.8114
24.1508 1.79376
24.1533 1.77596
24.1558 1.758
24.1583 1.73991
24.1608 1.72168
24.1633 1.70334
24.1658 1.68489
24.1683 1.66634
24.1708 1.64771
24.1733 1.629
24.1758 1.61023
24.1783 1.5914
24.1808 1.57252
24.1833 1.55361
24.1858 1.53468
24.1883 1.51572
24.1908 1.49676
24.1933 1.4778
24.1958 1.45885
24.1983 1.43991
24.2009 1.421
24.2034 1.40213
24.2059 1.3833
24.2084 1.36451
24.2109 1.34579
24.2134 1.32712
24.2159 1.30853
24.2184 1.29001
24.2209 1.27157
24.2234 1.25322
24.2259 1.23497
24.2284 1.21682
24.2309 1.19878
24.2334 1.18084
24.2359 1.16302
24.2384 1.14533
24.2409 1.12775
24.2434 1.11031
24.2459 1.093
24.2484 1.07583
24.2509 1.0588
24.2534 1.04192
24.2559 1.02519
24.2584 1.0086
24.2609 0.992173
24.2634 0.975902
24.2659 0.959791
24.2684 0.943843
24.2709 0.928059
24.2734 0.912442
24.2759 0.896993
24.2784 0.881715
24.2809 0.866609
24.2834 0.851677
24.2859 0.83692
24.2884 0.822338
24.2909 0.807933
24.2934 0.793706
24.2959 0.779657
24.2984 0.765788
24.3009 0.752098
24.3034 0.738588
24.3059 0.725258
24.3084 0.712108
24.3109 0.699138
24.3134 0.686349
24.3159 0.673739
24.3184 0.661309
24.3209 0.649058
24.3234 0.636985
24.3259 0.625091
24.3284 0.613374
24.3309 0.601834
24.3334 0.590469
24.3359 0.57928
24.3384 0.568264
24.3409 0.557421
24.3434 0.54675
24.3459 0.53625
24.3484 0.525919
24.3509 0.515756
24.3534 0.50576
24.3559 0.495929
24.3584 0.486263
24.3609 0.476759
24.3634 0.467416
24.3659 0.458232
24.3684 0.449206
24.3709 0.440337
24.3734 0.431622
24.3759 0.423061
24.3784 0.41465
24.3809 0.406389
24.3834 0.398276
24.3859 0.39031
24.3884 0.382487
24.3909 0.374807
24.3934 0.367268
24.3959 0.359868
24.3984 0.352605
24.401 0.345477
24.4035 0.338483
24.406 0.33162
24.4085 0.324887
24.411 0.318282
24.4135 0.311803
24.416 0.305449
24.4185 0.299217
24.421 0.293105
24.4235 0.287112
24.426 0.281237
24.4285 0.275476
24.431 0.269829
24.4335 0.264293
24.436 0.258867
24.4385 0.253548
24.441 0.248336
24.4435 0.243229
24.446 0.238224
24.4485 0.23332
24.451 0.228515
24.4535 0.223808
24.456 0.219196
24.4585 0.214679
24.461 0.210254
24.4635 0.20592
24.466 0.201676
24.4685 0.197519
24.471 0.193447
24.4735 0.189461
24.476 0.185557
24.4785 0.181735
24.481 0.177993
24.4835 0.174329
24.486 0.170742
24.4885 0.16723
24.491 0.163792
24.4935 0.160427
24.496 0.157134
24.4985 0.15391
24.501 0.150754
24.5035 0.147666
24.506 0.144643
24.5085 0.141685
24.511 0.13879
24.5135 0.135957
24.516 0.133185
24.5185 0.130472
24.521 0.127818
24.5235 0.12522
24.526 0.122679
24.5285 0.120192
24.531 0.11776
24.5335 0.115379
24.536 0.113051
24.5385 0.110772
24.541 0.108544
24.5435 0.106363
24.546 0.10423
24.5485 0.102143
24.551 0.100102
24.5535 0.0981047
24.556 0.0961512
24.5585 0.0942403
24.561 0.092371
24.5635 0.0905425
24.566 0.088754
24.5685 0.0870045
24.571 0.0852932
24.5735 0.0836193
24.576 0.081982
24.5785 0.0803804
24.581 0.078814
24.5835 0.0772817
24.586 0.075783
24.5885 0.0743171
24.591 0.0728833
24.5935 0.0714808
24.596 0.0701091
24.5985 0.0687673
24.6011 0.0674549
24.6036 0.0661713
24.6061 0.0649157
24.6086 0.0636875
24.6111 0.0624863
24.6136 0.0613113
24.6161 0.060162
24.6186 0.0590378
24.6211 0.0579382
24.6236 0.0568626
24.6261 0.0558105
24.6286 0.0547813
24.6311 0.0537747
24.6336 0.0527899
24.6361 0.0518267
24.6386 0.0508844
24.6411 0.0499626
24.6436 0.0490609
24.6461 0.0481789
24.6486 0.047316
24.6511 0.0464718
24.6536 0.045646
24.6561 0.0448382
24.6586 0.0440478
24.6611 0.0432746
24.6636 0.0425181
24.6661 0.041778
24.6686 0.0410539
24.6711 0.0403455
24.6736 0.0396524
24.6761 0.0389742
24.6786 0.0383107
24.6811 0.0376614
24.6836 0.0370262
24.6861 0.0364046
24.6886 0.0357964
24.6911 0.0352012
24.6936 0.0346188
24.6961 0.0340489
24.6986 0.0334912
24.7011 0.0329455
24.7036 0.0324114
24.7061 0.0318888
24.7086 0.0313773
24.7111 0.0308767
24.7136 0.0303868
24.7161 0.0299073
24.7186 0.029438
24.7211 0.0289787
24.7236 0.0285292
24.7261 0.0280892
24.7286 0.0276585
24.7311 0.027237
24.7336 0.0268244
24.7361 0.0264205
24.7386 0.0260252
24.7411 0.0256382
24.7436 0.0252594
24.7461 0.0248885
24.7486 0.0245255
24.7511 0.0241701
24.7536 0.0238222
24.7561 0.0234816
24.7586 0.0231482
24.7611 0.0228218
24.7636 0.0225022
24.7661 0.0221893
24.7686 0.021883
24.7711 0.0215831
24.7736 0.0212895
24.7761 0.021002
24.7786 0.0207206
24.7811 0.020445
24.7836 0.0201752
24.7861 0.019911
24.7886 0.0196523
24.7911 0.0193991
24.7936 0.0191511
24.7961 0.0189083
24.7986 0.0186706
24.8012 0.0184378
24.8037 0.0182099
24.8062 0.0179867
24.8087 0.0177683
24.8112 0.0175543
24.8137 0.0173449
24.8162 0.0171398
24.8187 0.016939
24.8212 0.0167424
24.8237 0.0165499
24.8262 0.0163615
24.8287 0.016177
24.8312 0.0159964
24.8337 0.0158195
24.8362 0.0156464
24.8387 0.0154769
24.8412 0.015311
24.8437 0.0151486
24.8462 0.0149897
24.8487 0.0148341
24.8512 0.0146817
24.8537 0.0145327
24.8562 0.0143868
24.8587 0.014244
24.8612 0.0141043
24.8637 0.0139675
24.8662 0.0138337
24.8687 0.0137028
24.8712 0.0135747
24.8737 0.0134494
24.8762 0.0133268
24.8787 0.0132069
24.8812 0.0130896
24.8837 0.0129749
24.8862 0.0128628
24.8887 0.0127531
24.8912 0.0126458
24.8937 0.012541
24.8962 0.0124385
24.8987 0.0123384
24.9012 0.0122405
24.9037 0.0121448
24.9062 0.0120514
24.9087 0.0119601
24.9112 0.011871
24.9137 0.0117839
24.9162 0.0116989
24.9187 0.0116159
24.9212 0.011535
24.9237 0.0114559
24.9262 0.0113788
24.9287 0.0113037
24.9312 0.0112303
24.9337 0.0111589
24.9362 0.0110892
24.9387 0.0110214
24.9412 0.0109552
24.9437 0.0108909
24.9462 0.0108282
24.9487 0.0107673
24.9512 0.010708
24.9537 0.0106503
24.9562 0.0105943
24.9587 0.0105399
24.9612 0.010487
24.9637 0.0104357
24.9662 0.010386
24.9687 0.0103377
24.9712 0.010291
24.9737 0.0102457
24.9762 0.010202
24.9787 0.0101596
24.9812 0.0101187
24.9837 0.0100793
24.9862 0.0100412
24.9887 0.0100045
24.9912 0.00996921
24.9937 0.00993527
24.9962 0.00990268
24.9987 0.00987143
25.0013 0.0098415
25.0038 0.00981289
25.0063 0.00978558
25.0088 0.00975956
25.0113 0.00973482
25.0138 0.00971136
25.0163 0.00968916
25.0188 0.00966822
25.0213 0.00964852
25.0238 0.00963006
25.0263 0.00961283
25.0288 0.00959683
25.0313 0.00958204
25.0338 0.00956847
25.0363 0.0095561
25.0388 0.00954493
25.0413 0.00953496
25.0438 0.00952617
25.0463 0.00951858
25.0488 0.00951217
25.0513 0.00950693
25.0538 0.00950288
25.0563 0.0095
25.0588 0.00949828
25.0613 0.00949774
25.0638 0.00949837
25.0663 0.00950017
25.0688 0.00950313
25.0713 0.00950726
25.0738 0.00951255
25.0763 0.00951902
25.0788 0.00952665
25.0813 0.00953545
25.0838 0.00954542
25.0863 0.00955656
25.0888 0.00956888
25.0913 0.00958237
25.0938 0.00959705
25.0963 0.00961291
25.0988 0.00962996
25.1013 0.00964819
25.1038 0.00966763
25.1063 0.00968827
25.1088 0.00971011
25.1113 0.00973317
25.1138 0.00975745
25.1163 0.00978295
25.1188 0.00980968
25.1213 0.00983765
25.1238 0.00986687
25.1263 0.00989734
25.1288 0.00992907
25.1313 0.00996208
25.1338 0.00999637
25.1363 0.0100319
25.1388 0.0100688
25.1413 0.010107
25.1438 0.0101465
25.1463 0.0101874
25.1488 0.0102296
25.1513 0.0102731
25.1538 0.010318
25.1563 0.0103643
25.1588 0.010412
25.1613 0.0104611
25.1638 0.0105116
25.1663 0.0105636
25.1688 0.010617
25.1713 0.0106719
25.1738 0.0107282
25.1763 0.0107861
25.1788 0.0108455
25.1813 0.0109064
25.1838 0.0109689
25.1863 0.0110329
25.1888 0.0110986
25.1913 0.0111658
25.1938 0.0112347
25.1963 0.0113052
25.1988 0.0113774
25.2014 0.0114512
25.2039 0.0115268
25.2064 0.0116042
25.2089 0.0116833
25.2114 0.0117641
25.2139 0.0118468
25.2164 0.0119313
25.2189 0.0120177
25.2214 0.0121059
25.2239 0.0121961
25.2264 0.0122882
25.2289 0.0123822
25.2314 0.0124783
25.2339 0.0125763
25.2364 0.0126765
25.2389 0.0127787
25.2414 0.012883
25.2439 0.0129894
25.2464 0.013098
25.2489 0.0132089
25.2514 0.0133219
25.2539 0.0134373
25.2564 0.0135549
25.2589 0.0136749
25.2614 0.0137973
25.2639 0.0139221
25.2664 0.0140493
25.2689 0.0141791
25.2714 0.0143113
25.2739 0.0144462
25.2764 0.0145836
25.2789 0.0147237
25.2814 0.0148665
25.2839 0.0150121
25.2864 0.0151604
25.2889 0.0153116
25.2914 0.0154656
25.2939 0.0156226
25.2964 0.0157825
25.2989 0.0159454
25.3014 0.0161114
25.3039 0.0162805
25.3064 0.0164528
25.3089 0.0166283
25.3114 0.0168071
25.3139 0.0169892
25.3164 0.0171746
25.3189 0.0173635
25.3214 0.0175559
25.3239 0.0177519
25.3264 0.0179514
25.3289 0.0181546
25.3314 0.0183616
25.3339 0.0185723
25.3364 0.0187869
25.3389 0.0190053
25.3414 0.0192278
25.3439 0.0194543
25.3464 0.0196849
25.3489 0.0199197
25.3514 0.0201588
25.3539 0.0204021
25.3564 0.0206499
25.3589 0.0209021
25.3614 0.0211588
25.3639 0.0214202
25.3664 0.0216862
25.3689 0.021957
25.3714 0.0222326
25.3739 0.0225131
25.3764 0.0227987
25.3789 0.0230893
25.3814 0.0233851
25.3839 0.0236861
25.3864 0.0239924
25.3889 0.0243042
25.3914 0.0246214
25.3939 0.0249443
25.3964 0.0252728
25.3989 0.0256071
25.4015 0.0259473
25.404 0.0262934
25.4065 0.0266455
25.409 0.0270038
25.4115 0.0273684
25.414 0.0277393
25.4165 0.0281166
25.419 0.0285004
25.4215 0.0288909
25.424 0.0292882
25.4265 0.0296922
25.429 0.0301032
25.4315 0.0305213
25.434 0.0309465
25.4365 0.031379
25.439 0.0318189
25.4415 0.0322663
25.444 0.0327212
25.4465 0.0331839
25.449 0.0336544
25.4515 0.0341328
25.454 0.0346193
25.4565 0.0351139
25.459 0.0356168
25.4615 0.0361281
25.464 0.0366479
25.4665 0.0371764
25.469 0.0377136
25.4715 0.0382597
25.474 0.0388148
25.4765 0.039379
25.479 0.0399524
25.4815 0.0405352
25.484 0.0411275
25.4865 0.0417294
25.489 0.042341
25.4915 0.0429625
25.494 0.0435939
25.4965 0.0442355
25.499 0.0448872
25.5015 0.0455494
25.504 0.0462219
25.5065 0.0469051
25.509 0.0475991
25.5115 0.0483038
25.514 0.0490196
25.5165 0.0497464
25.519 0.0504845
25.5215 0.0512338
25.524 0.0519947
25.5265 0.0527671
25.529 0.0535512
25.5315 0.0543471
25.534 0.055155
25.5365 0.0559749
25.539 0.056807
25.5415 0.0576513
25.544 0.058508
25.5465 0.0593772
25.549 0.060259
25.5515 0.0611536
25.554 0.0620609
25.5565 0.0629811
25.559 0.0639144
25.5615 0.0648607
25.564 0.0658203
25.5665 0.0667931
25.569 0.0677793
25.5715 0.0687789
25.574 0.0697921
25.5765 0.0708189
25.579 0.0718593
25.5815 0.0729135
25.584 0.0739816
25.5865 0.0750634
25.589 0.0761593
25.5915 0.077269
25.594 0.0783928
25.5965 0.0795307
25.599 0.0806827
25.6016 0.0818487
25.6041 0.0830289
25.6066 0.0842233
25.6091 0.0854318
25.6116 0.0866545
25.6141 0.0878914
25.6166 0.0891424
25.6191 0.0904076
25.6216 0.0916868
25.6241 0.0929802
25.6266 0.0942875
25.6291 0.0956089
25.6316 0.0969442
25.6341 0.0982933
25.6366 0.0996562
25.6391 0.101033
25.6416 0.102423
25.6441 0.103827
25.6466 0.105244
25.6491 0.106674
25.6516 0.108118
25.6541 0.109574
25.6566 0.111043
25.6591 0.112525
25.6616 0.114019
25.6641 0.115526
25.6666 0.117044
25.6691 0.118575
25.6716 0.120117
25.6741 0.12167
25.6766 0.123235
25.6791 0.12481
25.6816 0.126396
25.6841 0.127992
25.6866 0.129598
25.6891 0.131214
25.6916 0.132839
25.6941 0.134473
25.6966 0.136115
25.6991 0.137766
25.7016 0.139425
25.7041 0.14109
25.7066 0.142763
25.7091 0.144442
25.7116 0.146127
25.7141 0.147818
25.7166 0.149514
25.7191 0.151214
25.7216 0.152919
25.7241 0.154627
25.7266 0.156337
25.7291 0.15805
25.7316 0.159765
25.7341 0.161481
25.7366 0.163198
25.7391 0.164914
25.7416 0.16663
25.7441 0.168344
25.7466 0.170057
25.7491 0.171766
25.7516 0.173472
25.7541 0.175173
25.7566 0.17687
25.7591 0.178561
25.7616 0.180245
25.7641 0.181922
25.7666 0.183591
25.7691 0.185251
25.7716 0.186901
25.7741 0.188541
25.7766 0.190169
25.7791 0.191785
25.7816 0.193388
25.7841 0.194976
25.7866 0.19655
25.7891 0.198107
25.7916 0.199648
25.7941 0.201171
25.7966 0.202675
25.7991 0.20416
25.8017 0.205624
25.8042 0.207067
25.8067 0.208487
25.8092 0.209883
25.8117 0.211256
25.8142 0.212602
25.8167 0.213923
25.8192 0.215215
25.8217 0.21648
25.8242 0.217715
25.8267 0.21892
25.8292 0.220094
25.8317 0.221235
25.8342 0.222343
25.8367 0.223417
25.8392 0.224456
25.8417 0.225459
25.8442 0.226424
25.8467 0.227352
25.8492 0.228241
25.8517 0.22909
25.8542 0.229898
25.8567 0.230665
25.8592 0.231389
25.8617 0.232071
25.8642 0.232707
25.8667 0.233299
25.8692 0.233846
25.8717 0.234346
25.8742 0.234798
25.8767 0.235203
25.8792 0.235559
25.8817 0.235865
25.8842 0.236122
25.8867 0.236328
25.8892 0.236483
25.8917 0.236586
25.8942 0.236637
25.8967 0.236635
25.8992 0.23658
25.9017 0.236471
25.9042 0.236308
25.9067 0.236091
25.9092 0.235819
25.9117 0.235492
25.9142 0.23511
25.9167 0.234673
25.9192 0.23418
25.9217 0.233631
25.9242 0.233027
25.9267 0.232367
25.9292 0.231651
25.9317 0.230879
25.9342 0.230052
25.9367 0.229169
25.9392 0.228231
25.9417 0.227238
25.9442 0.226191
25.9467 0.225089
25.9492 0.223933
25.9517 0.222723
25.9542 0.22146
25.9567 0.220145
25.9592 0.218778
25.9617 0.21736
25.9642 0.21589
25.9667 0.214371
25.9692 0.212803
25.9717 0.211186
25.9742 0.209521
25.9767 0.20781
25.9792 0.206053
25.9817 0.204251
25.9842 0.202405
25.9867 0.200516
25.9892 0.198586
25.9917 0.196615
25.9942 0.194605
25.9967 0.192556
25.9992 0.190471
26.0018 0.18835
26.0043 0.186194
26.0068 0.184005
26.0093 0.181785
26.0118 0.179534
26.0143 0.177254
26.0168 0.174947
26.0193 0.172614
26.0218 0.170256
26.0243 0.167875
26.0268 0.165473
26.0293 0.163051
26.0318 0.16061
26.0343 0.158152
26.0368 0.155678
26.0393 0.153191
26.0418 0.150692
26.0443 0.148182
26.0468 0.145663
26.0493 0.143136
26.0518 0.140603
26.0543 0.138066
26.0568 0.135526
26.0593 0.132985
26.0618 0.130444
26.0643 0.127905
26.0668 0.125369
26.0693 0.122838
26.0718 0.120314
26.0743 0.117797
26.0768 0.115289
26.0793 0.112792
26.0818 0.110306
26.0843 0.107834
26.0868 0.105377
26.0893 0.102936
26.0918 0.100512
26.0943 0.0981062
26.0968 0.0957202
26.0993 0.0933551
26.1018 0.0910119
26.1043 0.0886918
26.1068 0.0863958
26.1093 0.0841249
26.1118 0.0818801
26.1143 0.0796623
26.1168 0.0774723
26.1193 0.0753112
26.1218 0.0731796
26.1243 0.0710782
26.1268 0.0690079
26.1293 0.0669693
26.1318 0.0649629
26.1343 0.0629895
26.1368 0.0610494
26.1393 0.0591432
26.1418 0.0572714
26.1443 0.0554342
26.1468 0.0536322
26.1493 0.0518655
26.1518 0.0501345
26.1543 0.0484394
26.1568 0.0467802
26.1593 0.0451573
26.1618 0.0435706
26.1643 0.0420203
26.1668 0.0405063
26.1693 0.0390286
26.1718 0.0375871
26.1743 0.0361818
26.1768 0.0348125
26.1793 0.0334791
26.1818 0.0321812
26.1843 0.0309187
26.1868 0.0296914
26.1893 0.0284989
26.1918 0.0273408
26.1943 0.0262169
26.1968 0.0251268
26.1993 0.0240699
26.2019 0.023046
26.2044 0.0220545
26.2069 0.0210951
26.2094 0.020167
26.2119 0.01927
26.2144 0.0184034
26.2169 0.0175667
26.2194 0.0167594
26.2219 0.0159808
26.2244 0.0152304
26.2269 0.0145075
26.2294 0.0138117
26.2319 0.0131422
26.2344 0.0124985
26.2369 0.01188
26.2394 0.0112859
26.2419 0.0107157
26.2444 0.0101688
26.2469 0.00964453
26.2494 0.00914222
26.2519 0.00866128
26.2544 0.00820107
26.2569 0.00776097
26.2594 0.00734036
26.2619 0.00693863
26.2644 0.00655516
26.2669 0.00618935
26.2694 0.0058406
26.2719 0.00550834
26.2744 0.00519197
26.2769 0.00489092
26.2794 0.00460464
26.2819 0.00433258
26.2844 0.00407418
26.2869 0.00382893
26.2894 0.00359629
26.2919 0.00337578
26.2944 0.00316688
26.2969 0.00296911
26.2994 0.00278201
26.3019 0.0026051
26.3044 0.00243796
26.3069 0.00228013
26.3094 0.00213121
26.3119 0.00199077
26.3144 0.00185843
26.3169 0.0017338
26.3194 0.00161652
26.3219 0.00150621
26.3244 0.00140254
26.3269 0.00130517
26.3294 0.00121378
26.3319 0.00112807
26.3344 0.00104773
26.3369 0.00097248
26.3394 0.000902046
26.3419 0.000836166
26.3444 0.000774587
26.3469 0.000717069
26.3494 0.000663381
26.3519 0.000613303
26.3544 0.000566626
26.3569 0.00052315
26.3594 0.000482683
26.3619 0.000445044
26.3644 0.00041006
26.3669 0.000377568
26.3694 0.000347411
26.3719 0.000319442
26.3744 0.000293521
26.3769 0.000269516
26.3794 0.000247301
26.3819 0.000226757
26.3844 0.000207774
26.3869 0.000190245
26.3894 0.00017407
26.3919 0.000159158
26.3944 0.000145418
26.3969 0.000132769
26.3994 0.000121132
26.402 0.000110435
26.4045 0.000100609
26.407 9.15901e-05
26.4095 8.33184e-05
26.412 7.57378e-05
26.4145 6.87958e-05
26.417 6.24435e-05
26.4195 5.66354e-05
26.422 5.1329e-05
26.4245 4.64846e-05
26.427 4.20656e-05
26.4295 3.80377e-05
26.432 3.43692e-05
26.4345 3.10308e-05
26.437 2.7995e-05
26.4395 2.52367e-05
26.442 2.27326e-05
26.4445 2.04609e-05
26.447 1.84019e-05
26.4495 1.65371e-05
26.452 1.48495e-05
26.4545 1.33236e-05
26.457 1.1945e-05
26.4595 1.07005e-05
26.462 9.57793e-06
26.4645 8.56627e-06
26.467 7.65527e-06
26.4695 6.83561e-06
26.472 6.09875e-06
26.4745 5.43687e-06
26.477 4.84284e-06
26.4795 4.31017e-06
26.482 3.83292e-06
26.4845 3.40568e-06
26.487 3.02354e-06
26.4895 2.68204e-06
26.492 2.37711e-06
26.4945 2.10507e-06
26.497 1.86259e-06
26.4995 1.64664e-06
