0 -0.889643
0.1 -0.872933
0.2 -0.879095
0.3 -0.874315
0.4 -0.877351
0.5 -0.86839
0.6 -0.864211
0.7 -0.85494
0.8 -0.852396
0.9 -0.846949
1 -0.84803
1.1 -0.856337
1.2 -0.854156
1.3 -0.837944
1.4 -0.836297
1.5 -0.83626
1.6 -0.835719
1.7 -0.82989
1.8 -0.823119
1.9 -0.823182
2 -0.82144
2.1 -0.830135
2.2 -0.82339
2.3 -0.811573
2.4 -0.820193
2.5 -0.810777
2.6 -0.821596
2.7 -0.815261
2.8 -0.81072
2.9 -0.797517
3 -0.80438
3.1 -0.801894
3.2 -0.800682
3.3 -0.79636
3.4 -0.803324
3.5 -0.796532
3.6 -0.802763
3.7 -0.795902
3.8 -0.808874
3.9 -0.792063
4 -0.803269
4.1 -0.800065
4.2 -0.793663
4.3 -0.779598
4.4 -0.784244
4.5 -0.768863
4.6 -0.771919
4.7 -0.767664
4.8 -0.763474
4.9 -0.75484
5 -0.74693
5.1 -0.76055
5.2 -0.754131
5.3 -0.751454
5.4 -0.760969
5.5 -0.751656
5.6 -0.755688
5.7 -0.751342
5.8 -0.752271
5.9 -0.746303
6 -0.748162
6.1 -0.756048
6.2 -0.745091
6.3 -0.747825
6.4 -0.742622
6.5 -0.743064
6.6 -0.758427
6.7 -0.750947
6.8 -0.75038
6.9 -0.749578
7 -0.75057
7.1 -0.747721
7.2 -0.7512
7.3 -0.741051
7.4 -0.742888
7.5 -0.74096
7.6 -0.753986
7.7 -0.75507
7.8 -0.752025
7.9 -0.747921
8 -0.746582
8.1 -0.748331
8.2 -0.752823
8.3 -0.742903
8.4 -0.740198
8.5 -0.752456
8.6 -0.752917
8.7 -0.742606
8.8 -0.739929
8.9 -0.743046
9 -0.734417
9.1 -0.729497
9.2 -0.729269
9.3 -0.718258
9.4 -0.726329
9.5 -0.715672
9.6 -0.718812
9.7 -0.717823
9.8 -0.711913
9.9 -0.713944
10 -0.711932
10.1 -0.723872
10.2 -0.717515
10.3 -0.717423
10.4 -0.714991
10.5 -0.712421
10.6 -0.694504
10.7 -0.697733
10.8 -0.689802
10.9 -0.677552
11 -0.690678
11.1 -0.68199
11.2 -0.686585
11.3 -0.678437
11.4 -0.670212
11.5 -0.68628
11.6 -0.687868
11.7 -0.688492
11.8 -0.681393
11.9 -0.669998
12 -0.683322
12.1 -0.681714
12.2 -0.674385
12.3 -0.679243
12.4 -0.685154
12.5 -0.674471
12.6 -0.668136
12.7 -0.673022
12.8 -0.66286
12.9 -0.665617
13 -0.664846
13.1 -0.667813
13.2 -0.658865
13.3 -0.659852
13.4 -0.663809
13.5 -0.66356
13.6 -0.66255
13.7 -0.674056
13.8 -0.674281
13.9 -0.666676
14 -0.67524
14.1 -0.675766
14.2 -0.670551
14.3 -0.672745
14.4 -0.668441
14.5 -0.660228
14.6 -0.666622
14.7 -0.669864
14.8 -0.66968
14.9 -0.659101
15 -0.657008
15.1 -0.655455
15.2 -0.648584
15.3 -0.661044
15.4 -0.654885
15.5 -0.665013
15.6 -0.650739
15.7 -0.653715
15.8 -0.653057
15.9 -0.659056
16 -0.651732
16.1 -0.651456
16.2 -0.647871
16.3 -0.641383
16.4 -0.647614
16.5 -0.650162
16.6 -0.647288
16.7 -0.631639
16.8 -0.641473
16.9 -0.647357
17 -0.636532
17.1 -0.64328
17.2 -0.642145
17.3 -0.632811
17.4 -0.652287
17.5 -0.635251
17.6 -0.644632
17.7 -0.64438
17.8 -0.645532
17.9 -0.654787
18 -0.650527
18.1 -0.657537
18.2 -0.651167
18.3 -0.647852
18.4 -0.659126
18.5 -0.649833
18.6 -0.650193
18.7 -0.648752
18.8 -0.651495
18.9 -0.660255
19 -0.646061
19.1 -0.659887
19.2 -0.67097
19.3 -0.663432
19.4 -0.662622
19.5 -0.663335
19.6 -0.665637
19.7 -0.669217
19.8 -0.668094
19.9 -0.669019
20 -0.672672
20.1 -0.666933
20.2 -0.665217
20.3 -0.666357
20.4 -0.64894
20.5 -0.663058
20.6 -0.67248
20.7 -0.666468
20.8 -0.654732
20.9 -0.662358
21 -0.653227
21.1 -0.658712
21.2 -0.649311
21.3 -0.661411
21.4 -0.661809
21.5 -0.647054
21.6 -0.64689
21.7 -0.652765
21.8 -0.65346
21.9 -0.667166
22 -0.659677
22.1 -0.653324
22.2 -0.643893
22.3 -0.65845
22.4 -0.655502
22.5 -0.658073
22.6 -0.65829
22.7 -0.654622
22.8 -0.649662
22.9 -0.656208
23 -0.660622
23.1 -0.663059
23.2 -0.667141
23.3 -0.660699
23.4 -0.661242
23.5 -0.66853
23.6 -0.657142
23.7 -0.669801
23.8 -0.658897
23.9 -0.658352
24 -0.661523
24.1 -0.670139
24.2 -0.656336
24.3 -0.66908
24.4 -0.670162
24.5 -0.673962
24.6 -0.672357
24.7 -0.662707
24.8 -0.667868
24.9 -0.659019
25 -0.658722
25.1 -0.664466
25.2 -0.663226
25.3 -0.662764
25.4 -0.676807
25.5 -0.672258
25.6 -0.67315
25.7 -0.662153
25.8 -0.664069
25.9 -0.68369
26 -0.674967
26.1 -0.676992
26.2 -0.678258
26.3 -0.674682
26.4 -0.678835
26.5 -0.676661
26.6 -0.67831
26.7 -0.672183
26.8 -0.684354
26.9 -0.680397
27 -0.674631
27.1 -0.663126
27.2 -0.660912
27.3 -0.67895
27.4 -0.680045
27.5 -0.675427
27.6 -0.670395
27.7 -0.675192
27.8 -0.671137
27.9 -0.663815
28 -0.674774
28.1 -0.677588
28.2 -0.667113
28.3 -0.678924
28.4 -0.661974
28.5 -0.67592
28.6 -0.668565
28.7 -0.665719
28.8 -0.660603
28.9 -0.666672
29 -0.669341
29.1 -0.661768
29.2 -0.664979
29.3 -0.657952
29.4 -0.665026
29.5 -0.671522
29.6 -0.664739
29.7 -0.666687
29.8 -0.664367
29.9 -0.670934
30 -0.660074
30.1 -0.663102
30.2 -0.668738
30.3 -0.671169
30.4 -0.673417
30.5 -0.676697
30.6 -0.665076
30.7 -0.663051
30.8 -0.652635
30.9 -0.656882
31 -0.653727
31.1 -0.656939
31.2 -0.65882
31.3 -0.666817
31.4 -0.654024
31.5 -0.674122
31.6 -0.662467
31.7 -0.67095
31.8 -0.669445
31.9 -0.670614
32 -0.673918
32.1 -0.664935
32.2 -0.668989
32.3 -0.666105
32.4 -0.666526
32.5 -0.665771
32.6 -0.669082
32.7 -0.660093
32.8 -0.657403
32.9 -0.65843
33 -0.656905
33.1 -0.667107
33.2 -0.659125
33.3 -0.655246
33.4 -0.65651
33.5 -0.66151
33.6 -0.667226
33.7 -0.652709
33.8 -0.642842
33.9 -0.657412
34 -0.653653
34.1 -0.658959
34.2 -0.657729
34.3 -0.660889
34.4 -0.670077
34.5 -0.65499
34.6 -0.655586
34.7 -0.653867
34.8 -0.645586
34.9 -0.654682
35 -0.657804
35.1 -0.653582
35.2 -0.653443
35.3 -0.64844
35.4 -0.650271
35.5 -0.651221
35.6 -0.65011
35.7 -0.661616
35.8 -0.64899
35.9 -0.658813
36 -0.666312
36.1 -0.655191
36.2 -0.662486
36.3 -0.651759
36.4 -0.653932
36.5 -0.651735
36.6 -0.659724
36.7 -0.647223
36.8 -0.642401
36.9 -0.649765
37 -0.650173
37.1 -0.643652
37.2 -0.647005
37.3 -0.643561
37.4 -0.652471
37.5 -0.641284
37.6 -0.646344
37.7 -0.646944
37.8 -0.643451
37.9 -0.648242
38 -0.653207
38.1 -0.649462
38.2 -0.643529
38.3 -0.65547
38.4 -0.660677
38.5 -0.647104
38.6 -0.654097
38.7 -0.645826
38.8 -0.642129
38.9 -0.648
39 -0.645868
39.1 -0.639744
39.2 -0.63591
39.3 -0.626236
39.4 -0.633689
39.5 -0.642596
39.6 -0.64217
39.7 -0.652253
39.8 -0.645795
39.9 -0.650776
40 -0.642608
40.1 -0.645949
40.2 -0.641151
40.3 -0.644708
40.4 -0.635314
40.5 -0.641152
40.6 -0.633825
40.7 -0.643016
40.8 -0.632786
40.9 -0.645086
41 -0.643643
41.1 -0.636828
41.2 -0.64153
41.3 -0.64494
41.4 -0.652323
41.5 -0.655563
41.6 -0.64107
41.7 -0.643421
41.8 -0.644973
41.9 -0.652855
42 -0.645776
42.1 -0.655739
42.2 -0.64293
42.3 -0.657345
42.4 -0.636917
42.5 -0.6455
42.6 -0.649917
42.7 -0.651336
42.8 -0.651745
42.9 -0.651373
43 -0.651737
43.1 -0.647568
43.2 -0.637164
43.3 -0.64787
43.4 -0.651284
43.5 -0.648912
43.6 -0.647347
43.7 -0.652505
43.8 -0.64953
43.9 -0.654566
44 -0.658486
44.1 -0.660492
44.2 -0.655193
44.3 -0.644611
44.4 -0.653134
44.5 -0.661638
44.6 -0.666796
44.7 -0.650162
44.8 -0.657223
44.9 -0.659057
45 -0.647647
45.1 -0.648458
45.2 -0.652985
45.3 -0.656153
45.4 -0.651264
45.5 -0.661631
45.6 -0.660858
45.7 -0.644224
45.8 -0.662709
45.9 -0.667077
46 -0.67082
46.1 -0.654417
46.2 -0.657513
46.3 -0.663278
46.4 -0.657456
46.5 -0.669933
46.6 -0.675814
46.7 -0.655528
46.8 -0.671307
46.9 -0.658708
47 -0.663286
47.1 -0.661564
47.2 -0.656314
47.3 -0.671641
47.4 -0.661007
47.5 -0.661555
47.6 -0.666927
47.7 -0.667014
47.8 -0.664672
47.9 -0.656902
48 -0.664105
48.1 -0.668181
48.2 -0.675097
48.3 -0.669771
48.4 -0.660817
48.5 -0.67101
48.6 -0.667595
48.7 -0.670233
48.8 -0.66802
48.9 -0.668849
49 -0.676679
49.1 -0.670427
49.2 -0.686241
49.3 -0.674791
49.4 -0.673911
49.5 -0.688148
49.6 -0.6734
49.7 -0.682207
49.8 -0.671071
49.9 -0.679732
50 -0.682739
50.1 -0.68432
50.2 -0.690706
50.3 -0.68241
50.4 -0.690141
50.5 -0.6782
50.6 -0.679166
50.7 -0.682962
50.8 -0.670544
50.9 -0.664258
51 -0.672464
51.1 -0.680296
51.2 -0.67845
51.3 -0.674147
51.4 -0.677723
51.5 -0.680266
51.6 -0.667862
51.7 -0.675921
51.8 -0.671017
51.9 -0.670646
52 -0.673063
52.1 -0.660754
52.2 -0.66543
52.3 -0.679028
52.4 -0.677933
52.5 -0.670444
52.6 -0.671562
52.7 -0.679209
52.8 -0.680431
52.9 -0.662211
53 -0.677472
53.1 -0.672744
53.2 -0.673526
53.3 -0.666169
53.4 -0.670921
53.5 -0.672104
53.6 -0.671512
53.7 -0.6583
53.8 -0.664415
53.9 -0.664666
54 -0.671092
54.1 -0.659399
54.2 -0.659857
54.3 -0.661729
54.4 -0.656846
54.5 -0.663052
54.6 -0.651534
54.7 -0.651387
54.8 -0.656842
54.9 -0.656938
55 -0.644726
55.1 -0.651462
55.2 -0.656763
55.3 -0.651848
55.4 -0.65501
55.5 -0.652484
55.6 -0.659603
55.7 -0.650419
55.8 -0.666906
55.9 -0.654917
56 -0.659344
56.1 -0.656255
56.2 -0.655609
56.3 -0.66039
56.4 -0.653366
56.5 -0.650489
56.6 -0.655762
56.7 -0.647607
56.8 -0.650891
56.9 -0.655692
57 -0.656842
57.1 -0.657678
57.2 -0.659317
57.3 -0.652447
57.4 -0.653201
57.5 -0.65858
57.6 -0.659856
57.7 -0.668487
57.8 -0.663865
57.9 -0.670395
58 -0.666585
58.1 -0.67182
58.2 -0.661659
58.3 -0.669292
58.4 -0.657212
58.5 -0.653704
58.6 -0.666852
58.7 -0.664753
58.8 -0.666511
58.9 -0.66551
59 -0.652437
59.1 -0.656346
59.2 -0.66918
59.3 -0.668737
59.4 -0.66193
59.5 -0.662363
59.6 -0.659276
59.7 -0.662372
59.8 -0.665517
59.9 -0.662391
60 -0.671279
60.1 -0.66714
60.2 -0.670066
60.3 -0.666349
60.4 -0.675118
60.5 -0.6735
60.6 -0.671562
60.7 -0.662718
60.8 -0.670857
60.9 -0.661427
61 -0.658214
61.1 -0.670411
61.2 -0.683217
61.3 -0.670845
61.4 -0.669002
61.5 -0.674038
61.6 -0.671002
61.7 -0.661804
61.8 -0.667021
61.9 -0.676013
62 -0.671674
62.1 -0.676697
62.2 -0.670972
62.3 -0.683803
62.4 -0.676754
62.5 -0.676245
62.6 -0.67549
62.7 -0.682797
62.8 -0.682837
62.9 -0.697033
63 -0.691252
63.1 -0.676978
63.2 -0.679378
63.3 -0.685617
63.4 -0.672933
63.5 -0.664148
63.6 -0.653384
63.7 -0.670699
63.8 -0.656972
63.9 -0.653452
64 -0.652906
64.1 -0.650151
64.2 -0.653537
64.3 -0.642668
64.4 -0.645387
64.5 -0.641417
64.6 -0.64606
64.7 -0.648829
64.8 -0.644146
64.9 -0.652303
65 -0.643755
65.1 -0.64194
65.2 -0.634534
65.3 -0.637919
65.4 -0.646877
65.5 -0.646192
65.6 -0.652148
65.7 -0.647184
65.8 -0.651249
65.9 -0.640146
66 -0.629484
66.1 -0.640122
66.2 -0.634509
66.3 -0.625973
66.4 -0.634049
66.5 -0.621155
66.6 -0.635838
66.7 -0.641067
66.8 -0.625715
66.9 -0.631942
67 -0.636823
67.1 -0.629785
67.2 -0.630344
67.3 -0.629997
67.4 -0.627836
67.5 -0.634244
67.6 -0.633965
67.7 -0.624819
67.8 -0.616829
67.9 -0.613937
68 -0.623754
68.1 -0.619657
68.2 -0.610484
68.3 -0.617411
68.4 -0.625597
68.5 -0.609785
68.6 -0.622083
68.7 -0.620464
68.8 -0.62668
68.9 -0.623127
69 -0.625625
69.1 -0.630768
69.2 -0.626505
69.3 -0.641816
69.4 -0.633825
69.5 -0.635047
69.6 -0.625761
69.7 -0.633882
69.8 -0.630133
69.9 -0.625087
70 -0.629362
70.1 -0.629659
70.2 -0.638469
70.3 -0.632008
70.4 -0.639859
70.5 -0.635244
70.6 -0.63506
70.7 -0.631292
70.8 -0.645867
70.9 -0.62757
71 -0.626767
71.1 -0.62719
71.2 -0.619221
71.3 -0.622675
71.4 -0.628505
71.5 -0.621761
71.6 -0.630731
71.7 -0.627746
71.8 -0.617075
71.9 -0.61893
72 -0.632546
72.1 -0.616179
72.2 -0.617296
72.3 -0.61893
72.4 -0.62577
72.5 -0.607475
72.6 -0.606684
72.7 -0.599105
72.8 -0.60299
72.9 -0.596099
73 -0.590191
73.1 -0.601846
73.2 -0.602767
73.3 -0.605917
73.4 -0.60992
73.5 -0.609978
73.6 -0.605528
73.7 -0.600065
73.8 -0.603806
73.9 -0.606548
74 -0.604877
74.1 -0.604789
74.2 -0.607122
74.3 -0.60688
74.4 -0.617289
74.5 -0.621251
74.6 -0.629262
74.7 -0.614989
74.8 -0.629194
74.9 -0.630925
75 -0.623339
75.1 -0.629815
75.2 -0.629889
75.3 -0.634036
75.4 -0.631591
75.5 -0.628381
75.6 -0.630903
75.7 -0.628687
75.8 -0.632027
75.9 -0.638406
76 -0.634688
76.1 -0.636836
76.2 -0.631666
76.3 -0.63458
76.4 -0.62668
76.5 -0.637649
76.6 -0.625402
76.7 -0.626362
76.8 -0.631789
76.9 -0.629361
77 -0.626852
77.1 -0.620714
77.2 -0.623328
77.3 -0.626709
77.4 -0.624213
77.5 -0.625414
77.6 -0.615227
77.7 -0.625364
77.8 -0.638397
77.9 -0.629683
78 -0.636633
78.1 -0.627807
78.2 -0.63296
78.3 -0.625587
78.4 -0.623502
78.5 -0.627867
78.6 -0.632884
78.7 -0.629859
78.8 -0.637802
78.9 -0.632383
79 -0.631457
79.1 -0.633437
79.2 -0.640433
79.3 -0.6379
79.4 -0.637433
79.5 -0.627953
79.6 -0.629261
79.7 -0.635785
79.8 -0.637833
79.9 -0.633486
80 -0.632229
80.1 -0.627082
80.2 -0.633177
80.3 -0.623547
80.4 -0.627784
80.5 -0.628579
80.6 -0.626066
80.7 -0.629804
80.8 -0.634975
80.9 -0.612282
81 -0.623603
81.1 -0.63355
81.2 -0.624627
81.3 -0.615937
81.4 -0.622967
81.5 -0.617662
81.6 -0.626319
81.7 -0.622419
81.8 -0.62297
81.9 -0.624536
82 -0.620139
82.1 -0.621754
82.2 -0.629655
82.3 -0.635406
82.4 -0.630953
82.5 -0.63538
82.6 -0.629013
82.7 -0.632282
82.8 -0.637583
82.9 -0.627434
83 -0.634963
83.1 -0.637041
83.2 -0.627727
83.3 -0.628166
83.4 -0.629768
83.5 -0.62094
83.6 -0.629259
83.7 -0.629361
83.8 -0.62974
83.9 -0.638688
84 -0.635293
84.1 -0.629998
84.2 -0.643121
84.3 -0.643647
84.4 -0.630906
84.5 -0.630501
84.6 -0.639775
84.7 -0.637211
84.8 -0.654329
84.9 -0.650281
85 -0.63425
85.1 -0.633035
85.2 -0.628287
85.3 -0.629674
85.4 -0.636076
85.5 -0.63174
85.6 -0.62512
85.7 -0.642564
85.8 -0.642663
85.9 -0.641488
86 -0.635252
86.1 -0.636946
86.2 -0.634959
86.3 -0.641196
86.4 -0.639972
86.5 -0.634434
86.6 -0.649092
86.7 -0.636297
86.8 -0.643502
86.9 -0.639464
87 -0.633304
87.1 -0.632694
87.2 -0.649091
87.3 -0.625807
87.4 -0.637211
87.5 -0.646217
87.6 -0.65035
87.7 -0.647754
87.8 -0.637874
87.9 -0.654628
88 -0.65651
88.1 -0.659296
88.2 -0.658495
88.3 -0.656159
88.4 -0.656256
88.5 -0.650984
88.6 -0.661825
88.7 -0.665704
88.8 -0.661046
88.9 -0.671359
89 -0.663958
89.1 -0.668631
89.2 -0.669294
89.3 -0.646345
89.4 -0.658473
89.5 -0.671935
89.6 -0.666942
89.7 -0.661589
89.8 -0.667452
89.9 -0.659327
90 -0.666811
90.1 -0.66424
90.2 -0.66132
90.3 -0.65432
90.4 -0.649969
90.5 -0.667663
90.6 -0.66385
90.7 -0.646273
90.8 -0.652806
90.9 -0.657873
91 -0.653822
91.1 -0.644777
91.2 -0.660581
91.3 -0.648795
91.4 -0.660131
91.5 -0.6646
91.6 -0.652534
91.7 -0.661676
91.8 -0.655155
91.9 -0.656442
92 -0.664073
92.1 -0.671134
92.2 -0.662941
92.3 -0.656463
92.4 -0.668419
92.5 -0.653127
92.6 -0.664508
92.7 -0.651412
92.8 -0.646559
92.9 -0.64279
93 -0.654761
93.1 -0.656866
93.2 -0.650845
93.3 -0.666648
93.4 -0.653856
93.5 -0.658752
93.6 -0.652256
93.7 -0.657209
93.8 -0.666122
93.9 -0.664132
94 -0.660732
94.1 -0.672621
94.2 -0.663498
94.3 -0.663158
94.4 -0.668838
94.5 -0.673161
94.6 -0.674539
94.7 -0.675577
94.8 -0.671371
94.9 -0.675195
95 -0.68439
95.1 -0.691544
95.2 -0.683243
95.3 -0.68458
95.4 -0.6687
95.5 -0.663851
95.6 -0.671447
95.7 -0.663263
95.8 -0.648249
95.9 -0.655016
96 -0.64444
96.1 -0.649264
96.2 -0.651235
96.3 -0.633137
96.4 -0.642247
96.5 -0.656668
96.6 -0.660168
96.7 -0.645364
96.8 -0.633666
96.9 -0.636732
97 -0.644423
97.1 -0.643224
97.2 -0.632088
97.3 -0.641083
97.4 -0.648077
97.5 -0.651779
97.6 -0.670228
97.7 -0.652011
97.8 -0.641302
97.9 -0.651113
98 -0.646399
98.1 -0.649288
98.2 -0.654038
98.3 -0.651618
98.4 -0.652074
98.5 -0.659418
98.6 -0.665227
98.7 -0.656802
98.8 -0.656955
98.9 -0.645032
99 -0.641582
99.1 -0.644687
99.2 -0.633993
99.3 -0.631113
99.4 -0.637631
99.5 -0.631247
99.6 -0.62983
99.7 -0.62902
99.8 -0.631367
99.9 -0.621413
100 -0.633886
