8.5005 0.000371598
8.503 0.000410029
8.5055 0.000452098
8.508 0.000498115
8.51051 0.000548411
8.51301 0.000603341
8.51551 0.000663289
8.51801 0.000728661
8.52051 0.000799895
8.52301 0.000877458
8.52551 0.000961849
8.52801 0.0010536
8.53052 0.00115328
8.53302 0.00126149
8.53552 0.00137888
8.53802 0.00150612
8.54052 0.00164395
8.54302 0.00179314
8.54552 0.0019545
8.54802 0.00212891
8.55053 0.00231727
8.55303 0.00252056
8.55553 0.0027398
8.55803 0.00297608
8.56053 0.00323054
8.56303 0.00350437
8.56553 0.00379885
8.56803 0.00411531
8.57054 0.00445514
8.57304 0.00481982
8.57554 0.00521089
8.57804 0.00562996
8.58054 0.00607874
8.58304 0.00655898
8.58554 0.00707254
8.58804 0.00762136
8.59055 0.00820744
8.59305 0.0088329
8.59555 0.00949991
8.59805 0.0102108
8.60055 0.0109678
8.60305 0.0117735
8.60555 0.0126305
8.60805 0.0135413
8.61056 0.0145087
8.61306 0.0155355
8.61556 0.0166246
8.61806 0.0177791
8.62056 0.0190021
8.62306 0.0202968
8.62556 0.0216665
8.62806 0.0231146
8.63057 0.0246446
8.63307 0.02626
8.63557 0.0279645
8.63807 0.0297619
8.64057 0.0316561
8.64307 0.0336509
8.64557 0.0357503
8.64807 0.0379584
8.65058 0.0402795
8.65308 0.0427176
8.65558 0.0452771
8.65808 0.0479624
8.66058 0.0507778
8.66308 0.0537278
8.66558 0.0568169
8.66808 0.0600497
8.67059 0.0634307
8.67309 0.0669646
8.67559 0.0706559
8.67809 0.0745094
8.68059 0.0785296
8.68309 0.0827212
8.68559 0.0870889
8.68809 0.0916373
8.6906 0.0963709
8.6931 0.101294
8.6956 0.106412
8.6981 0.111729
8.7006 0.117249
8.7031 0.122976
8.7056 0.128915
8.7081 0.13507
8.71061 0.141446
8.71311 0.148045
8.71561 0.154872
8.71811 0.16193
8.72061 0.169224
8.72311 0.176755
8.72561 0.184529
8.72811 0.192547
8.73062 0.200812
8.73312 0.209328
8.73562 0.218096
8.73812 0.22712
8.74062 0.2364
8.74312 0.245939
8.74562 0.255737
8.74812 0.265798
8.75063 0.276121
8.75313 0.286706
8.75563 0.297556
8.75813 0.308669
8.76063 0.320046
8.76313 0.331686
8.76563 0.343589
8.76813 0.355753
8.77064 0.368177
8.77314 0.380859
8.77564 0.393797
8.77814 0.406989
8.78064 0.420432
8.78314 0.434123
8.78564 0.448058
8.78814 0.462235
8.79065 0.476647
8.79315 0.491292
8.79565 0.506164
8.79815 0.521258
8.80065 0.536569
8.80315 0.55209
8.80565 0.567815
8.80815 0.583739
8.81066 0.599854
8.81316 0.616152
8.81566 0.632626
8.81816 0.649269
8.82066 0.666072
8.82316 0.683027
8.82566 0.700124
8.82816 0.717356
8.83067 0.734712
8.83317 0.752183
8.83567 0.769759
8.83817 0.78743
8.84067 0.805185
8.84317 0.823015
8.84567 0.840908
8.84817 0.858853
8.85068 0.87684
8.85318 0.894856
8.85568 0.912891
8.85818 0.930933
8.86068 0.948969
8.86318 0.966989
8.86568 0.984981
8.86818 1.00293
8.87069 1.02083
8.87319 1.03866
8.87569 1.05642
8.87819 1.07409
8.88069 1.09165
8.88319 1.10911
8.88569 1.12643
8.88819 1.14362
8.8907 1.16067
8.8932 1.17755
8.8957 1.19425
8.8982 1.21077
8.9007 1.2271
8.9032 1.24322
8.9057 1.25912
8.9082 1.27479
8.91071 1.29022
8.91321 1.3054
8.91571 1.32031
8.91821 1.33496
8.92071 1.34932
8.92321 1.36339
8.92571 1.37716
8.92821 1.39062
8.93072 1.40376
8.93322 1.41658
8.93572 1.42906
8.93822 1.44119
8.94072 1.45297
8.94322 1.4644
8.94572 1.47546
8.94822 1.48615
8.95073 1.49646
8.95323 1.50638
8.95573 1.51592
8.95823 1.52506
8.96073 1.5338
8.96323 1.54214
8.96573 1.55007
8.96823 1.55759
8.97074 1.5647
8.97324 1.57139
8.97574 1.57765
8.97824 1.5835
8.98074 1.58892
8.98324 1.59392
8.98574 1.59849
8.98824 1.60263
8.99075 1.60635
8.99325 1.60964
8.99575 1.6125
8.99825 1.61494
9.00075 1.61695
9.00325 1.61854
9.00575 1.61972
9.00825 1.62047
9.01076 1.6208
9.01326 1.62072
9.01576 1.62024
9.01826 1.61934
9.02076 1.61804
9.02326 1.61635
9.02576 1.61426
9.02826 1.61178
9.03077 1.60891
9.03327 1.60566
9.03577 1.60204
9.03827 1.59805
9.04077 1.5937
9.04327 1.58899
9.04577 1.58393
9.04827 1.57852
9.05078 1.57277
9.05328 1.5667
9.05578 1.5603
9.05828 1.55358
9.06078 1.54655
9.06328 1.53921
9.06578 1.53158
9.06828 1.52367
9.07079 1.51547
9.07329 1.507
9.07579 1.49826
9.07829 1.48926
9.08079 1.48002
9.08329 1.47054
9.08579 1.46082
9.08829 1.45087
9.0908 1.44071
9.0933 1.43034
9.0958 1.41977
9.0983 1.409
9.1008 1.39805
9.1033 1.38692
9.1058 1.37562
9.1083 1.36416
9.11081 1.35255
9.11331 1.34079
9.11581 1.32889
9.11831 1.31686
9.12081 1.30471
9.12331 1.29245
9.12581 1.28008
9.12831 1.26761
9.13082 1.25505
9.13332 1.2424
9.13582 1.22967
9.13832 1.21688
9.14082 1.20401
9.14332 1.1911
9.14582 1.17813
9.14832 1.16512
9.15083 1.15207
9.15333 1.13899
9.15583 1.12588
9.15833 1.11276
9.16083 1.09963
9.16333 1.08648
9.16583 1.07334
9.16833 1.0602
9.17084 1.04707
9.17334 1.03396
9.17584 1.02087
9.17834 1.0078
9.18084 0.994764
9.18334 0.981762
9.18584 0.9688
9.18834 0.955882
9.19085 0.943013
9.19335 0.930196
9.19585 0.917436
9.19835 0.904736
9.20085 0.892101
9.20335 0.879533
9.20585 0.867037
9.20835 0.854615
9.21086 0.842272
9.21336 0.830009
9.21586 0.81783
9.21836 0.805737
9.22086 0.793734
9.22336 0.781823
9.22586 0.770006
9.22836 0.758285
9.23087 0.746663
9.23337 0.735142
9.23587 0.723723
9.23837 0.712409
9.24087 0.701202
9.24337 0.690101
9.24587 0.679111
9.24837 0.66823
9.25088 0.657462
9.25338 0.646807
9.25588 0.636265
9.25838 0.625839
9.26088 0.615529
9.26338 0.605335
9.26588 0.595259
9.26838 0.585301
9.27089 0.575462
9.27339 0.565741
9.27589 0.55614
9.27839 0.546658
9.28089 0.537297
9.28339 0.528055
9.28589 0.518933
9.28839 0.509931
9.2909 0.501049
9.2934 0.492287
9.2959 0.483644
9.2984 0.475121
9.3009 0.466717
9.3034 0.458431
9.3059 0.450264
9.3084 0.442214
9.31091 0.434282
9.31341 0.426466
9.31591 0.418766
9.31841 0.411182
9.32091 0.403713
9.32341 0.396357
9.32591 0.389114
9.32841 0.381984
9.33092 0.374966
9.33342 0.368058
9.33592 0.36126
9.33842 0.354571
9.34092 0.34799
9.34342 0.341515
9.34592 0.335147
9.34842 0.328884
9.35093 0.322725
9.35343 0.316668
9.35593 0.310714
9.35843 0.30486
9.36093 0.299105
9.36343 0.293449
9.36593 0.287891
9.36843 0.282429
9.37094 0.277062
9.37344 0.271789
9.37594 0.266609
9.37844 0.26152
9.38094 0.256522
9.38344 0.251613
9.38594 0.246793
9.38844 0.242059
9.39095 0.237411
9.39345 0.232848
9.39595 0.228368
9.39845 0.22397
9.40095 0.219654
9.40345 0.215417
9.40595 0.211259
9.40845 0.207179
9.41096 0.203175
9.41346 0.199246
9.41596 0.195392
9.41846 0.19161
9.42096 0.187901
9.42346 0.184262
9.42596 0.180692
9.42846 0.177191
9.43097 0.173758
9.43347 0.17039
9.43597 0.167088
9.43847 0.16385
9.44097 0.160675
9.44347 0.157561
9.44597 0.154509
9.44847 0.151517
9.45098 0.148583
9.45348 0.145707
9.45598 0.142888
9.45848 0.140125
9.46098 0.137417
9.46348 0.134762
9.46598 0.132161
9.46848 0.129611
9.47099 0.127113
9.47349 0.124664
9.47599 0.122265
9.47849 0.119913
9.48099 0.11761
9.48349 0.115352
9.48599 0.113141
9.48849 0.110974
9.491 0.108851
9.4935 0.106771
9.496 0.104734
9.4985 0.102738
9.501 0.100782
9.5035 0.0988669
9.506 0.0969906
9.5085 0.0951527
9.51101 0.0933524
9.51351 0.091589
9.51601 0.0898619
9.51851 0.0881702
9.52101 0.0865132
9.52351 0.0848904
9.52601 0.083301
9.52851 0.0817443
9.53102 0.0802198
9.53352 0.0787267
9.53602 0.0772645
9.53852 0.0758324
9.54102 0.07443
9.54352 0.0730566
9.54602 0.0717116
9.54852 0.0703945
9.55103 0.0691046
9.55353 0.0678415
9.55603 0.0666046
9.55853 0.0653933
9.56103 0.0642071
9.56353 0.0630455
9.56603 0.0619081
9.56853 0.0607942
9.57104 0.0597035
9.57354 0.0586354
9.57604 0.0575895
9.57854 0.0565652
9.58104 0.0555623
9.58354 0.0545802
9.58604 0.0536185
9.58854 0.0526767
9.59105 0.0517545
9.59355 0.0508514
9.59605 0.0499671
9.59855 0.0491011
9.60105 0.048253
9.60355 0.0474226
9.60605 0.0466094
9.60855 0.045813
9.61106 0.0450331
9.61356 0.0442694
9.61606 0.0435216
9.61856 0.0427891
9.62106 0.0420719
9.62356 0.0413695
9.62606 0.0406816
9.62856 0.0400079
9.63107 0.0393482
9.63357 0.0387021
9.63607 0.0380693
9.63857 0.0374495
9.64107 0.0368426
9.64357 0.0362481
9.64607 0.0356659
9.64857 0.0350957
9.65108 0.0345373
9.65358 0.0339903
9.65608 0.0334545
9.65858 0.0329298
9.66108 0.0324158
9.66358 0.0319124
9.66608 0.0314193
9.66858 0.0309363
9.67109 0.0304633
9.67359 0.0299999
9.67609 0.0295459
9.67859 0.0291013
9.68109 0.0286658
9.68359 0.0282391
9.68609 0.0278212
9.68859 0.0274118
9.6911 0.0270107
9.6936 0.0266178
9.6961 0.026233
9.6986 0.0258559
9.7011 0.0254865
9.7036 0.0251247
9.7061 0.0247702
9.7086 0.0244229
9.71111 0.0240827
9.71361 0.0237493
9.71611 0.0234228
9.71861 0.0231028
9.72111 0.0227894
9.72361 0.0224823
9.72611 0.0221814
9.72861 0.0218866
9.73112 0.0215978
9.73362 0.0213149
9.73612 0.0210376
9.73862 0.020766
9.74112 0.0204999
9.74362 0.0202392
9.74612 0.0199837
9.74862 0.0197334
9.75113 0.0194882
9.75363 0.019248
9.75613 0.0190126
9.75863 0.018782
9.76113 0.018556
9.76363 0.0183347
9.76613 0.0181178
9.76863 0.0179053
9.77114 0.0176971
9.77364 0.0174932
9.77614 0.0172934
9.77864 0.0170977
9.78114 0.0169059
9.78364 0.0167181
9.78614 0.0165341
9.78864 0.0163538
9.79115 0.0161773
9.79365 0.0160043
9.79615 0.0158349
9.79865 0.015669
9.80115 0.0155065
9.80365 0.0153473
9.80615 0.0151914
9.80865 0.0150388
9.81116 0.0148893
9.81366 0.0147429
9.81616 0.0145995
9.81866 0.0144592
9.82116 0.0143218
9.82366 0.0141872
9.82616 0.0140555
9.82866 0.0139266
9.83117 0.0138004
9.83367 0.0136769
9.83617 0.013556
9.83867 0.0134378
9.84117 0.013322
9.84367 0.0132088
9.84617 0.013098
9.84867 0.0129896
9.85118 0.0128836
9.85368 0.01278
9.85618 0.0126786
9.85868 0.0125795
9.86118 0.0124827
9.86368 0.012388
9.86618 0.0122954
9.86868 0.012205
9.87119 0.0121166
9.87369 0.0120303
9.87619 0.0119461
9.87869 0.0118638
9.88119 0.0117834
9.88369 0.011705
9.88619 0.0116285
9.88869 0.0115538
9.8912 0.011481
9.8937 0.0114101
9.8962 0.0113409
9.8987 0.0112734
9.9012 0.0112078
9.9037 0.0111438
9.9062 0.0110815
9.9087 0.0110209
9.91121 0.010962
9.91371 0.0109046
9.91621 0.0108489
9.91871 0.0107948
9.92121 0.0107423
9.92371 0.0106913
9.92621 0.0106418
9.92871 0.0105938
9.93122 0.0105474
9.93372 0.0105024
9.93622 0.0104589
9.93872 0.0104169
9.94122 0.0103762
9.94372 0.010337
9.94622 0.0102993
9.94872 0.0102629
9.95123 0.0102279
9.95373 0.0101942
9.95623 0.0101619
9.95873 0.010131
9.96123 0.0101014
9.96373 0.0100731
9.96623 0.0100462
9.96873 0.0100205
9.97124 0.00999617
9.97374 0.00997311
9.97624 0.00995132
9.97874 0.00993081
9.98124 0.00991156
9.98374 0.00989358
9.98624 0.00987684
9.98874 0.00986135
9.99125 0.0098471
9.99375 0.00983409
9.99625 0.00982231
9.99875 0.00981175
10.0013 0.00980242
10.0038 0.00979431
10.0063 0.00978741
10.0088 0.00978173
10.0113 0.00977725
10.0138 0.00977399
10.0163 0.00977194
10.0188 0.00977109
10.0213 0.00977145
10.0238 0.00977301
10.0263 0.00977578
10.0288 0.00977976
10.0313 0.00978495
10.0338 0.00979134
10.0363 0.00979895
10.0388 0.00980777
10.0413 0.0098178
10.0438 0.00982905
10.0463 0.00984153
10.0488 0.00985523
10.0513 0.00987016
10.0538 0.00988632
10.0563 0.00990373
10.0588 0.00992238
10.0613 0.00994228
10.0638 0.00996343
10.0663 0.00998585
10.0688 0.0100095
10.0713 0.0100345
10.0738 0.0100608
10.0763 0.0100883
10.0788 0.0101172
10.0813 0.0101473
10.0838 0.0101788
10.0863 0.0102116
10.0888 0.0102458
10.0913 0.0102813
10.0938 0.0103182
10.0963 0.0103564
10.0988 0.0103961
10.1013 0.0104371
10.1038 0.0104796
10.1063 0.0105235
10.1088 0.0105688
10.1113 0.0106156
10.1138 0.0106639
10.1163 0.0107136
10.1188 0.0107649
10.1213 0.0108177
10.1238 0.010872
10.1263 0.0109279
10.1288 0.0109854
10.1313 0.0110444
10.1338 0.0111051
10.1363 0.0111674
10.1388 0.0112314
10.1413 0.011297
10.1438 0.0113644
10.1463 0.0114334
10.1488 0.0115043
10.1513 0.0115768
10.1538 0.0116512
10.1563 0.0117274
10.1588 0.0118055
10.1613 0.0118854
10.1638 0.0119672
10.1663 0.012051
10.1688 0.0121367
10.1713 0.0122243
10.1738 0.0123141
10.1763 0.0124058
10.1788 0.0124996
10.1813 0.0125956
10.1838 0.0126936
10.1863 0.0127939
10.1888 0.0128964
10.1913 0.0130011
10.1938 0.0131081
10.1963 0.0132174
10.1988 0.0133291
10.2014 0.0134432
10.2039 0.0135597
10.2064 0.0136787
10.2089 0.0138003
10.2114 0.0139244
10.2139 0.0140511
10.2164 0.0141804
10.2189 0.0143125
10.2214 0.0144473
10.2239 0.0145849
10.2264 0.0147254
10.2289 0.0148687
10.2314 0.015015
10.2339 0.0151643
10.2364 0.0153166
10.2389 0.0154721
10.2414 0.0156307
10.2439 0.0157925
10.2464 0.0159576
10.2489 0.0161261
10.2514 0.016298
10.2539 0.0164733
10.2564 0.0166521
10.2589 0.0168346
10.2614 0.0170207
10.2639 0.0172105
10.2664 0.0174042
10.2689 0.0176017
10.2714 0.0178031
10.2739 0.0180086
10.2764 0.0182182
10.2789 0.0184319
10.2814 0.0186499
10.2839 0.0188722
10.2864 0.019099
10.2889 0.0193302
10.2914 0.019566
10.2939 0.0198065
10.2964 0.0200518
10.2989 0.0203019
10.3014 0.020557
10.3039 0.0208171
10.3064 0.0210824
10.3089 0.0213529
10.3114 0.0216287
10.3139 0.02191
10.3164 0.0221968
10.3189 0.0224894
10.3214 0.0227876
10.3239 0.0230918
10.3264 0.023402
10.3289 0.0237183
10.3314 0.0240408
10.3339 0.0243697
10.3364 0.0247051
10.3389 0.0250471
10.3414 0.0253959
10.3439 0.0257515
10.3464 0.0261142
10.3489 0.0264839
10.3514 0.026861
10.3539 0.0272455
10.3564 0.0276376
10.3589 0.0280375
10.3614 0.0284452
10.3639 0.0288609
10.3664 0.0292848
10.3689 0.0297171
10.3714 0.0301579
10.3739 0.0306075
10.3764 0.0310658
10.3789 0.0315332
10.3814 0.0320098
10.3839 0.0324958
10.3864 0.0329914
10.3889 0.0334967
10.3914 0.034012
10.3939 0.0345374
10.3964 0.0350732
10.3989 0.0356195
10.4015 0.0361766
10.404 0.0367447
10.4065 0.0373239
10.409 0.0379145
10.4115 0.0385167
10.414 0.0391308
10.4165 0.0397569
10.419 0.0403953
10.4215 0.0410463
10.424 0.0417101
10.4265 0.0423868
10.429 0.0430769
10.4315 0.0437805
10.434 0.0444978
10.4365 0.0452293
10.439 0.045975
10.4415 0.0467353
10.444 0.0475105
10.4465 0.0483008
10.449 0.0491066
10.4515 0.049928
10.454 0.0507655
10.4565 0.0516193
10.459 0.0524897
10.4615 0.0533771
10.464 0.0542816
10.4665 0.0552037
10.469 0.0561438
10.4715 0.057102
10.474 0.0580787
10.4765 0.0590743
10.479 0.0600892
10.4815 0.0611236
10.484 0.0621779
10.4865 0.0632525
10.489 0.0643477
10.4915 0.0654639
10.494 0.0666015
10.4965 0.0677608
10.499 0.0689423
10.5015 0.0701462
10.504 0.0713731
10.5065 0.0726233
10.509 0.0738971
10.5115 0.0751951
10.514 0.0765176
10.5165 0.077865
10.519 0.0792377
10.5215 0.0806362
10.524 0.0820609
10.5265 0.0835122
10.529 0.0849906
10.5315 0.0864965
10.534 0.0880303
10.5365 0.0895925
10.539 0.0911835
10.5415 0.0928038
10.544 0.0944539
10.5465 0.0961342
10.549 0.0978452
10.5515 0.0995873
10.554 0.101361
10.5565 0.103167
10.559 0.105005
10.5615 0.106877
10.564 0.108782
10.5665 0.110721
10.569 0.112694
10.5715 0.114703
10.574 0.116746
10.5765 0.118826
10.579 0.120943
10.5815 0.123096
10.584 0.125287
10.5865 0.127515
10.589 0.129782
10.5915 0.132088
10.594 0.134434
10.5965 0.136819
10.599 0.139244
10.6016 0.141711
10.6041 0.144218
10.6066 0.146768
10.6091 0.14936
10.6116 0.151994
10.6141 0.154672
10.6166 0.157393
10.6191 0.160159
10.6216 0.162969
10.6241 0.165824
10.6266 0.168725
10.6291 0.171671
10.6316 0.174664
10.6341 0.177703
10.6366 0.18079
10.6391 0.183924
10.6416 0.187106
10.6441 0.190336
10.6466 0.193615
10.6491 0.196943
10.6516 0.20032
10.6541 0.203746
10.6566 0.207223
10.6591 0.21075
10.6616 0.214327
10.6641 0.217956
10.6666 0.221635
10.6691 0.225365
10.6716 0.229147
10.6741 0.23298
10.6766 0.236865
10.6791 0.240802
10.6816 0.244792
10.6841 0.248833
10.6866 0.252926
10.6891 0.257072
10.6916 0.26127
10.6941 0.26552
10.6966 0.269822
10.6991 0.274176
10.7016 0.278583
10.7041 0.283041
10.7066 0.287551
10.7091 0.292113
10.7116 0.296726
10.7141 0.30139
10.7166 0.306104
10.7191 0.310869
10.7216 0.315684
10.7241 0.320549
10.7266 0.325463
10.7291 0.330426
10.7316 0.335437
10.7341 0.340495
10.7366 0.3456
10.7391 0.350752
10.7416 0.355949
10.7441 0.361191
10.7466 0.366476
10.7491 0.371805
10.7516 0.377177
10.7541 0.382589
10.7566 0.388042
10.7591 0.393533
10.7616 0.399063
10.7641 0.40463
10.7666 0.410233
10.7691 0.41587
10.7716 0.42154
10.7741 0.427241
10.7766 0.432973
10.7791 0.438734
10.7816 0.444522
10.7841 0.450335
10.7866 0.456173
10.7891 0.462032
10.7916 0.467912
10.7941 0.47381
10.7966 0.479725
10.7991 0.485655
10.8017 0.491597
10.8042 0.49755
10.8067 0.503511
10.8092 0.509478
10.8117 0.515449
10.8142 0.521421
10.8167 0.527393
10.8192 0.533361
10.8217 0.539323
10.8242 0.545278
10.8267 0.551221
10.8292 0.55715
10.8317 0.563063
10.8342 0.568957
10.8367 0.574829
10.8392 0.580676
10.8417 0.586495
10.8442 0.592283
10.8467 0.598038
10.8492 0.603755
10.8517 0.609433
10.8542 0.615067
10.8567 0.620655
10.8592 0.626193
10.8617 0.631678
10.8642 0.637107
10.8667 0.642477
10.8692 0.647783
10.8717 0.653024
10.8742 0.658194
10.8767 0.663292
10.8792 0.668312
10.8817 0.673253
10.8842 0.67811
10.8867 0.682879
10.8892 0.687558
10.8917 0.692143
10.8942 0.696631
10.8967 0.701017
10.8992 0.705299
10.9017 0.709472
10.9042 0.713534
10.9067 0.717481
10.9092 0.72131
10.9117 0.725016
10.9142 0.728598
10.9167 0.732051
10.9192 0.735372
10.9217 0.738558
10.9242 0.741605
10.9267 0.744511
10.9292 0.747273
10.9317 0.749887
10.9342 0.75235
10.9367 0.75466
10.9392 0.756814
10.9417 0.758809
10.9442 0.760642
10.9467 0.76231
10.9492 0.763812
10.9517 0.765145
10.9542 0.766306
10.9567 0.767293
10.9592 0.768105
10.9617 0.768738
10.9642 0.769192
10.9667 0.769465
10.9692 0.769555
10.9717 0.76946
10.9742 0.769179
10.9767 0.768711
10.9792 0.768054
10.9817 0.767209
10.9842 0.766173
10.9867 0.764946
10.9892 0.763528
10.9917 0.761919
10.9942 0.760118
10.9967 0.758124
10.9992 0.755939
11.0018 0.753562
11.0043 0.750993
11.0068 0.748234
11.0093 0.745285
11.0118 0.742147
11.0143 0.73882
11.0168 0.735307
11.0193 0.731608
11.0218 0.727726
11.0243 0.723661
11.0268 0.719415
11.0293 0.714992
11.0318 0.710392
11.0343 0.705618
11.0368 0.700673
11.0393 0.695559
11.0418 0.69028
11.0443 0.684837
11.0468 0.679235
11.0493 0.673476
11.0518 0.667565
11.0543 0.661503
11.0568 0.655296
11.0593 0.648948
11.0618 0.642461
11.0643 0.63584
11.0668 0.629089
11.0693 0.622213
11.0718 0.615216
11.0743 0.608103
11.0768 0.600877
11.0793 0.593545
11.0818 0.586111
11.0843 0.578579
11.0868 0.570954
11.0893 0.563243
11.0918 0.555449
11.0943 0.547578
11.0968 0.539636
11.0993 0.531626
11.1018 0.523556
11.1043 0.51543
11.1068 0.507253
11.1093 0.499031
11.1118 0.490769
11.1143 0.482473
11.1168 0.474148
11.1193 0.465799
11.1218 0.457433
11.1243 0.449053
11.1268 0.440666
11.1293 0.432276
11.1318 0.423889
11.1343 0.415511
11.1368 0.407146
11.1393 0.398799
11.1418 0.390475
11.1443 0.382179
11.1468 0.373917
11.1493 0.365692
11.1518 0.35751
11.1543 0.349374
11.1568 0.34129
11.1593 0.333261
11.1618 0.325293
11.1643 0.317388
11.1668 0.309551
11.1693 0.301787
11.1718 0.294097
11.1743 0.286487
11.1768 0.278959
11.1793 0.271518
11.1818 0.264165
11.1843 0.256904
11.1868 0.249738
11.1893 0.24267
11.1918 0.235702
11.1943 0.228836
11.1968 0.222075
11.1993 0.215422
11.2019 0.208877
11.2044 0.202443
11.2069 0.196121
11.2094 0.189913
11.2119 0.18382
11.2144 0.177844
11.2169 0.171985
11.2194 0.166245
11.2219 0.160623
11.2244 0.155121
11.2269 0.149739
11.2294 0.144478
11.2319 0.139337
11.2344 0.134317
11.2369 0.129418
11.2394 0.124638
11.2419 0.119979
11.2444 0.11544
11.2469 0.111019
11.2494 0.106717
11.2519 0.102532
11.2544 0.0984632
11.2569 0.0945104
11.2594 0.0906721
11.2619 0.0869471
11.2644 0.083334
11.2669 0.0798315
11.2694 0.0764383
11.2719 0.0731527
11.2744 0.0699731
11.2769 0.066898
11.2794 0.0639256
11.2819 0.0610542
11.2844 0.0582818
11.2869 0.0556068
11.2894 0.0530271
11.2919 0.0505408
11.2944 0.0481459
11.2969 0.0458405
11.2994 0.0436224
11.3019 0.0414897
11.3044 0.0394403
11.3069 0.037472
11.3094 0.0355829
11.3119 0.0337708
11.3144 0.0320336
11.3169 0.0303692
11.3194 0.0287755
11.3219 0.0272504
11.3244 0.025792
11.3269 0.024398
11.3294 0.0230666
11.3319 0.0217955
11.3344 0.020583
11.3369 0.0194269
11.3394 0.0183253
11.3419 0.0172763
11.3444 0.016278
11.3469 0.0153286
11.3494 0.0144263
11.3519 0.0135691
11.3544 0.0127555
11.3569 0.0119836
11.3594 0.0112518
11.3619 0.0105584
11.3644 0.0099019
11.3669 0.00928066
11.3694 0.00869319
11.3719 0.008138
11.3744 0.00761367
11.3769 0.0071188
11.3794 0.00665203
11.3819 0.00621206
11.3844 0.00579762
11.3869 0.00540749
11.3894 0.00504049
11.3919 0.00469546
11.3944 0.00437132
11.3969 0.00406699
11.3994 0.00378146
11.402 0.00351375
11.4045 0.00326292
11.407 0.00302805
11.4095 0.00280828
11.412 0.00260279
11.4145 0.00241077
11.417 0.00223146
11.4195 0.00206415
11.422 0.00190812
11.4245 0.00176273
11.427 0.00162734
11.4295 0.00150135
11.432 0.00138419
11.4345 0.00127532
11.437 0.00117422
11.4395 0.00108041
11.442 0.000993419
11.4445 0.00091281
11.447 0.000838169
11.4495 0.000769103
11.452 0.000705242
11.4545 0.000646236
11.457 0.000591756
11.4595 0.000541491
11.462 0.000495148
11.4645 0.000452453
11.467 0.000413148
11.4695 0.00037699
11.472 0.000343751
11.4745 0.00031322
11.477 0.000285195
11.4795 0.000259491
11.482 0.000235933
11.4845 0.000214358
11.487 0.000194613
11.4895 0.000176559
11.492 0.000160061
11.4945 0.000144998
11.497 0.000131256
11.4995 0.000118727
