38.5005 0.000297769
38.503 0.000331511
38.5055 0.000368776
38.508 0.000409898
38.5105 0.000455238
38.513 0.000505188
38.5155 0.000560169
38.518 0.000620638
38.5205 0.000687089
38.523 0.000760053
38.5255 0.000840103
38.528 0.000927855
38.5305 0.00102397
38.533 0.00112917
38.5355 0.0012442
38.538 0.0013699
38.5405 0.00150713
38.543 0.00165684
38.5455 0.00182003
38.548 0.00199777
38.5505 0.00219121
38.553 0.00240157
38.5555 0.00263014
38.558 0.00287832
38.5605 0.00314756
38.563 0.00343944
38.5655 0.00375561
38.568 0.00409781
38.5705 0.00446793
38.573 0.00486791
38.5755 0.00529985
38.578 0.00576593
38.5805 0.00626847
38.583 0.00680993
38.5855 0.00739286
38.588 0.00801997
38.5905 0.0086941
38.593 0.00941825
38.5955 0.0101955
38.598 0.0110292
38.6006 0.0119228
38.6031 0.0128798
38.6056 0.0139039
38.6081 0.0149992
38.6106 0.0161697
38.6131 0.0174196
38.6156 0.0187533
38.6181 0.0201755
38.6206 0.0216909
38.6231 0.0233045
38.6256 0.0250214
38.6281 0.0268468
38.6306 0.0287864
38.6331 0.0308457
38.6356 0.0330306
38.6381 0.0353472
38.6406 0.0378016
38.6431 0.0404002
38.6456 0.0431495
38.6481 0.0460564
38.6506 0.0491276
38.6531 0.0523702
38.6556 0.0557914
38.6581 0.0593986
38.6606 0.0631993
38.6631 0.067201
38.6656 0.0714117
38.6681 0.0758391
38.6706 0.0804912
38.6731 0.0853762
38.6756 0.0905023
38.6781 0.0958777
38.6806 0.101511
38.6831 0.10741
38.6856 0.113584
38.6881 0.120041
38.6906 0.126789
38.6931 0.133837
38.6956 0.141194
38.6981 0.148867
38.7006 0.156867
38.7031 0.165199
38.7056 0.173874
38.7081 0.182898
38.7106 0.192281
38.7131 0.20203
38.7156 0.212152
38.7181 0.222656
38.7206 0.233548
38.7231 0.244835
38.7256 0.256525
38.7281 0.268624
38.7306 0.281139
38.7331 0.294075
38.7356 0.307438
38.7381 0.321233
38.7406 0.335466
38.7431 0.35014
38.7456 0.365261
38.7481 0.380831
38.7506 0.396854
38.7531 0.413332
38.7556 0.430269
38.7581 0.447665
38.7606 0.465522
38.7631 0.483841
38.7656 0.502621
38.7681 0.521863
38.7706 0.541565
38.7731 0.561725
38.7756 0.582342
38.7781 0.603412
38.7806 0.624933
38.7831 0.646898
38.7856 0.669305
38.7881 0.692146
38.7906 0.715417
38.7931 0.73911
38.7956 0.763217
38.7981 0.787731
38.8007 0.812643
38.8032 0.837942
38.8057 0.863619
38.8082 0.889662
38.8107 0.916061
38.8132 0.942802
38.8157 0.969873
38.8182 0.997261
38.8207 1.02495
38.8232 1.05293
38.8257 1.08118
38.8282 1.10968
38.8307 1.13842
38.8332 1.16739
38.8357 1.19656
38.8382 1.22592
38.8407 1.25544
38.8432 1.28512
38.8457 1.31492
38.8482 1.34483
38.8507 1.37483
38.8532 1.40489
38.8557 1.43501
38.8582 1.46515
38.8607 1.49529
38.8632 1.52542
38.8657 1.5555
38.8682 1.58552
38.8707 1.61546
38.8732 1.64529
38.8757 1.67499
38.8782 1.70454
38.8807 1.73391
38.8832 1.76308
38.8857 1.79203
38.8882 1.82074
38.8907 1.84918
38.8932 1.87734
38.8957 1.90518
38.8982 1.93269
38.9007 1.95985
38.9032 1.98663
38.9057 2.01302
38.9082 2.03899
38.9107 2.06452
38.9132 2.08959
38.9157 2.11419
38.9182 2.13829
38.9207 2.16188
38.9232 2.18494
38.9257 2.20745
38.9282 2.22939
38.9307 2.25074
38.9332 2.2715
38.9357 2.29165
38.9382 2.31116
38.9407 2.33004
38.9432 2.34825
38.9457 2.3658
38.9482 2.38267
38.9507 2.39885
38.9532 2.41433
38.9557 2.4291
38.9582 2.44315
38.9607 2.45647
38.9632 2.46906
38.9657 2.4809
38.9682 2.492
38.9707 2.50234
38.9732 2.51193
38.9757 2.52075
38.9782 2.52881
38.9807 2.53611
38.9832 2.54264
38.9857 2.5484
38.9882 2.55339
38.9907 2.55762
38.9932 2.56109
38.9957 2.56379
38.9982 2.56573
39.0008 2.56691
39.0033 2.56734
39.0058 2.56703
39.0083 2.56598
39.0108 2.56419
39.0133 2.56167
39.0158 2.55843
39.0183 2.55448
39.0208 2.54983
39.0233 2.54448
39.0258 2.53844
39.0283 2.53173
39.0308 2.52436
39.0333 2.51633
39.0358 2.50766
39.0383 2.49836
39.0408 2.48845
39.0433 2.47792
39.0458 2.46681
39.0483 2.45511
39.0508 2.44285
39.0533 2.43004
39.0558 2.41669
39.0583 2.40282
39.0608 2.38844
39.0633 2.37357
39.0658 2.35821
39.0683 2.3424
39.0708 2.32613
39.0733 2.30943
39.0758 2.29232
39.0783 2.2748
39.0808 2.2569
39.0833 2.23862
39.0858 2.21999
39.0883 2.20102
39.0908 2.18173
39.0933 2.16212
39.0958 2.14222
39.0983 2.12205
39.1008 2.10161
39.1033 2.08093
39.1058 2.06001
39.1083 2.03888
39.1108 2.01754
39.1133 1.99602
39.1158 1.97432
39.1183 1.95246
39.1208 1.93046
39.1233 1.90833
39.1258 1.88608
39.1283 1.86373
39.1308 1.84128
39.1333 1.81876
39.1358 1.79617
39.1383 1.77354
39.1408 1.75086
39.1433 1.72815
39.1458 1.70543
39.1483 1.6827
39.1508 1.65998
39.1533 1.63728
39.1558 1.6146
39.1583 1.59196
39.1608 1.56938
39.1633 1.54684
39.1658 1.52438
39.1683 1.50199
39.1708 1.47969
39.1733 1.45748
39.1758 1.43538
39.1783 1.41338
39.1808 1.3915
39.1833 1.36975
39.1858 1.34813
39.1883 1.32665
39.1908 1.30531
39.1933 1.28413
39.1958 1.2631
39.1983 1.24224
39.2009 1.22155
39.2034 1.20103
39.2059 1.18069
39.2084 1.16053
39.2109 1.14056
39.2134 1.12078
39.2159 1.10119
39.2184 1.08181
39.2209 1.06263
39.2234 1.04365
39.2259 1.02488
39.2284 1.00632
39.2309 0.98798
39.2334 0.969851
39.2359 0.95194
39.2384 0.934248
39.2409 0.916777
39.2434 0.899528
39.2459 0.882503
39.2484 0.865702
39.2509 0.849126
39.2534 0.832776
39.2559 0.816652
39.2584 0.800756
39.2609 0.785086
39.2634 0.769643
39.2659 0.754427
39.2684 0.739437
39.2709 0.724673
39.2734 0.710135
39.2759 0.695822
39.2784 0.681733
39.2809 0.667867
39.2834 0.654223
39.2859 0.640801
39.2884 0.627598
39.2909 0.614614
39.2934 0.601848
39.2959 0.589296
39.2984 0.57696
39.3009 0.564835
39.3034 0.552922
39.3059 0.541217
39.3084 0.52972
39.3109 0.518428
39.3134 0.507339
39.3159 0.496452
39.3184 0.485764
39.3209 0.475273
39.3234 0.464977
39.3259 0.454874
39.3284 0.444961
39.3309 0.435236
39.3334 0.425698
39.3359 0.416343
39.3384 0.40717
39.3409 0.398175
39.3434 0.389358
39.3459 0.380714
39.3484 0.372242
39.3509 0.36394
39.3534 0.355804
39.3559 0.347833
39.3584 0.340024
39.3609 0.332375
39.3634 0.324882
39.3659 0.317545
39.3684 0.31036
39.3709 0.303325
39.3734 0.296437
39.3759 0.289694
39.3784 0.283094
39.3809 0.276634
39.3834 0.270312
39.3859 0.264125
39.3884 0.258072
39.3909 0.252149
39.3934 0.246355
39.3959 0.240687
39.3984 0.235143
39.401 0.229721
39.4035 0.224418
39.406 0.219232
39.4085 0.214161
39.411 0.209203
39.4135 0.204356
39.416 0.199617
39.4185 0.194984
39.421 0.190456
39.4235 0.186031
39.426 0.181705
39.4285 0.177478
39.431 0.173347
39.4335 0.169311
39.436 0.165367
39.4385 0.161514
39.441 0.157749
39.4435 0.154071
39.446 0.150478
39.4485 0.146969
39.451 0.143541
39.4535 0.140193
39.456 0.136923
39.4585 0.133729
39.461 0.13061
39.4635 0.127565
39.466 0.124591
39.4685 0.121687
39.471 0.118851
39.4735 0.116083
39.476 0.11338
39.4785 0.110741
39.481 0.108164
39.4835 0.105649
39.486 0.103194
39.4885 0.100798
39.491 0.098458
39.4935 0.0961745
39.496 0.0939455
39.4985 0.09177
39.501 0.0896466
39.5035 0.0875741
39.506 0.0855514
39.5085 0.0835774
39.511 0.0816509
39.5135 0.0797708
39.516 0.077936
39.5185 0.0761455
39.521 0.0743982
39.5235 0.0726931
39.526 0.0710292
39.5285 0.0694055
39.531 0.0678212
39.5335 0.0662752
39.536 0.0647666
39.5385 0.0632946
39.541 0.0618583
39.5435 0.0604568
39.546 0.0590893
39.5485 0.057755
39.551 0.056453
39.5535 0.0551827
39.556 0.0539431
39.5585 0.0527337
39.561 0.0515536
39.5635 0.0504022
39.566 0.0492787
39.5685 0.0481825
39.571 0.0471129
39.5735 0.0460693
39.576 0.045051
39.5785 0.0440574
39.581 0.0430879
39.5835 0.0421419
39.586 0.0412188
39.5885 0.0403182
39.591 0.0394393
39.5935 0.0385817
39.596 0.0377449
39.5985 0.0369283
39.6011 0.0361315
39.6036 0.0353539
39.6061 0.0345951
39.6086 0.0338547
39.6111 0.0331321
39.6136 0.0324269
39.6161 0.0317388
39.6186 0.0310672
39.6211 0.0304117
39.6236 0.0297721
39.6261 0.0291478
39.6286 0.0285385
39.6311 0.0279438
39.6336 0.0273634
39.6361 0.0267968
39.6386 0.0262439
39.6411 0.0257041
39.6436 0.0251773
39.6461 0.024663
39.6486 0.024161
39.6511 0.0236709
39.6536 0.0231925
39.6561 0.0227255
39.6586 0.0222695
39.6611 0.0218244
39.6636 0.0213898
39.6661 0.0209655
39.6686 0.0205512
39.6711 0.0201467
39.6736 0.0197518
39.6761 0.0193661
39.6786 0.0189895
39.6811 0.0186218
39.6836 0.0182627
39.6861 0.017912
39.6886 0.0175695
39.6911 0.0172351
39.6936 0.0169084
39.6961 0.0165893
39.6986 0.0162777
39.7011 0.0159733
39.7036 0.015676
39.7061 0.0153856
39.7086 0.0151019
39.7111 0.0148248
39.7136 0.014554
39.7161 0.0142895
39.7186 0.0140311
39.7211 0.0137786
39.7236 0.013532
39.7261 0.0132909
39.7286 0.0130554
39.7311 0.0128253
39.7336 0.0126005
39.7361 0.0123807
39.7386 0.012166
39.7411 0.0119561
39.7436 0.011751
39.7461 0.0115505
39.7486 0.0113546
39.7511 0.0111631
39.7536 0.0109759
39.7561 0.0107929
39.7586 0.0106141
39.7611 0.0104393
39.7636 0.0102683
39.7661 0.0101012
39.7686 0.00993789
39.7711 0.00977817
39.7736 0.00962202
39.7761 0.00946934
39.7786 0.00932006
39.7811 0.00917409
39.7836 0.00903136
39.7861 0.00889178
39.7886 0.00875529
39.7911 0.00862181
39.7936 0.00849127
39.7961 0.00836361
39.7986 0.00823875
39.8012 0.00811664
39.8037 0.0079972
39.8062 0.00788038
39.8087 0.00776612
39.8112 0.00765435
39.8137 0.00754503
39.8162 0.00743809
39.8187 0.00733347
39.8212 0.00723114
39.8237 0.00713103
39.8262 0.00703309
39.8287 0.00693728
39.8312 0.00684354
39.8337 0.00675184
39.8362 0.00666212
39.8387 0.00657434
39.8412 0.00648846
39.8437 0.00640444
39.8462 0.00632223
39.8487 0.0062418
39.8512 0.0061631
39.8537 0.00608609
39.8562 0.00601075
39.8587 0.00593703
39.8612 0.0058649
39.8637 0.00579433
39.8662 0.00572528
39.8687 0.00565771
39.8712 0.0055916
39.8737 0.00552692
39.8762 0.00546363
39.8787 0.00540171
39.8812 0.00534113
39.8837 0.00528185
39.8862 0.00522386
39.8887 0.00516712
39.8912 0.00511161
39.8937 0.00505731
39.8962 0.00500418
39.8987 0.00495221
39.9012 0.00490137
39.9037 0.00485164
39.9062 0.004803
39.9087 0.00475543
39.9112 0.00470889
39.9137 0.00466338
39.9162 0.00461888
39.9187 0.00457535
39.9212 0.0045328
39.9237 0.00449119
39.9262 0.0044505
39.9287 0.00441073
39.9312 0.00437185
39.9337 0.00433385
39.9362 0.0042967
39.9387 0.0042604
39.9412 0.00422493
39.9437 0.00419028
39.9462 0.00415642
39.9487 0.00412334
39.9512 0.00409104
39.9537 0.0040595
39.9562 0.00402869
39.9587 0.00399862
39.9612 0.00396927
39.9637 0.00394062
39.9662 0.00391267
39.9687 0.0038854
39.9712 0.0038588
39.9737 0.00383286
39.9762 0.00380757
39.9787 0.00378292
39.9812 0.0037589
39.9837 0.0037355
39.9862 0.00371271
39.9887 0.00369052
39.9912 0.00366892
39.9937 0.0036479
39.9962 0.00362746
39.9987 0.00360758
40.0013 0.00358826
40.0038 0.00356949
40.0063 0.00355127
40.0088 0.00353358
40.0113 0.00351641
40.0138 0.00349977
40.0163 0.00348364
40.0188 0.00346802
40.0213 0.00345291
40.0238 0.00343828
40.0263 0.00342415
40.0288 0.0034105
40.0313 0.00339733
40.0338 0.00338463
40.0363 0.0033724
40.0388 0.00336064
40.0413 0.00334933
40.0438 0.00333847
40.0463 0.00332806
40.0488 0.0033181
40.0513 0.00330858
40.0538 0.00329949
40.0563 0.00329084
40.0588 0.00328262
40.0613 0.00327482
40.0638 0.00326745
40.0663 0.00326049
40.0688 0.00325395
40.0713 0.00324782
40.0738 0.0032421
40.0763 0.00323679
40.0788 0.00323189
40.0813 0.00322739
40.0838 0.00322329
40.0863 0.00321958
40.0888 0.00321628
40.0913 0.00321337
40.0938 0.00321085
40.0963 0.00320872
40.0988 0.00320699
40.1013 0.00320564
40.1038 0.00320468
40.1063 0.00320411
40.1088 0.00320392
40.1113 0.00320412
40.1138 0.00320471
40.1163 0.00320567
40.1188 0.00320702
40.1213 0.00320876
40.1238 0.00321087
40.1263 0.00321337
40.1288 0.00321625
40.1313 0.00321952
40.1338 0.00322317
40.1363 0.0032272
40.1388 0.00323162
40.1413 0.00323642
40.1438 0.0032416
40.1463 0.00324718
40.1488 0.00325314
40.1513 0.00325949
40.1538 0.00326623
40.1563 0.00327336
40.1588 0.00328088
40.1613 0.0032888
40.1638 0.00329711
40.1663 0.00330582
40.1688 0.00331493
40.1713 0.00332444
40.1738 0.00333435
40.1763 0.00334467
40.1788 0.0033554
40.1813 0.00336654
40.1838 0.00337809
40.1863 0.00339006
40.1888 0.00340245
40.1913 0.00341525
40.1938 0.00342849
40.1963 0.00344215
40.1988 0.00345624
40.2014 0.00347077
40.2039 0.00348573
40.2064 0.00350113
40.2089 0.00351699
40.2114 0.00353329
40.2139 0.00355004
40.2164 0.00356725
40.2189 0.00358492
40.2214 0.00360306
40.2239 0.00362167
40.2264 0.00364076
40.2289 0.00366032
40.2314 0.00368037
40.2339 0.00370091
40.2364 0.00372195
40.2389 0.00374349
40.2414 0.00376553
40.2439 0.00378808
40.2464 0.00381115
40.2489 0.00383474
40.2514 0.00385886
40.2539 0.00388352
40.2564 0.00390872
40.2589 0.00393446
40.2614 0.00396076
40.2639 0.00398762
40.2664 0.00401505
40.2689 0.00404305
40.2714 0.00407163
40.2739 0.00410081
40.2764 0.00413057
40.2789 0.00416095
40.2814 0.00419193
40.2839 0.00422353
40.2864 0.00425576
40.2889 0.00428862
40.2914 0.00432213
40.2939 0.00435629
40.2964 0.00439111
40.2989 0.0044266
40.3014 0.00446277
40.3039 0.00449963
40.3064 0.00453718
40.3089 0.00457544
40.3114 0.00461441
40.3139 0.00465411
40.3164 0.00469455
40.3189 0.00473573
40.3214 0.00477766
40.3239 0.00482037
40.3264 0.00486384
40.3289 0.00490811
40.3314 0.00495317
40.3339 0.00499905
40.3364 0.00504574
40.3389 0.00509327
40.3414 0.00514164
40.3439 0.00519086
40.3464 0.00524095
40.3489 0.00529193
40.3514 0.00534379
40.3539 0.00539656
40.3564 0.00545025
40.3589 0.00550486
40.3614 0.00556042
40.3639 0.00561694
40.3664 0.00567442
40.3689 0.00573289
40.3714 0.00579236
40.3739 0.00585284
40.3764 0.00591434
40.3789 0.00597688
40.3814 0.00604048
40.3839 0.00610514
40.3864 0.00617089
40.3889 0.00623774
40.3914 0.0063057
40.3939 0.00637479
40.3964 0.00644502
40.3989 0.00651642
40.4015 0.00658899
40.404 0.00666275
40.4065 0.00673772
40.409 0.00681392
40.4115 0.00689136
40.414 0.00697005
40.4165 0.00705002
40.419 0.00713129
40.4215 0.00721386
40.424 0.00729776
40.4265 0.007383
40.429 0.00746961
40.4315 0.00755759
40.434 0.00764697
40.4365 0.00773777
40.439 0.00782999
40.4415 0.00792368
40.444 0.00801883
40.4465 0.00811546
40.449 0.00821361
40.4515 0.00831328
40.454 0.0084145
40.4565 0.00851728
40.459 0.00862164
40.4615 0.0087276
40.464 0.00883518
40.4665 0.0089444
40.469 0.00905528
40.4715 0.00916784
40.474 0.00928209
40.4765 0.00939806
40.479 0.00951576
40.4815 0.00963522
40.484 0.00975645
40.4865 0.00987947
40.489 0.0100043
40.4915 0.010131
40.494 0.0102595
40.4965 0.0103899
40.499 0.0105221
40.5015 0.0106563
40.504 0.0107924
40.5065 0.0109305
40.509 0.0110705
40.5115 0.0112125
40.514 0.0113565
40.5165 0.0115025
40.519 0.0116505
40.5215 0.0118006
40.524 0.0119527
40.5265 0.012107
40.529 0.0122633
40.5315 0.0124218
40.534 0.0125824
40.5365 0.0127451
40.539 0.01291
40.5415 0.0130771
40.544 0.0132464
40.5465 0.0134179
40.549 0.0135916
40.5515 0.0137675
40.554 0.0139457
40.5565 0.0141262
40.559 0.0143089
40.5615 0.0144939
40.564 0.0146812
40.5665 0.0148708
40.569 0.0150627
40.5715 0.0152569
40.574 0.0154534
40.5765 0.0156523
40.579 0.0158535
40.5815 0.016057
40.584 0.0162629
40.5865 0.0164712
40.589 0.0166818
40.5915 0.0168947
40.594 0.01711
40.5965 0.0173276
40.599 0.0175476
40.6016 0.01777
40.6041 0.0179947
40.6066 0.0182217
40.6091 0.0184511
40.6116 0.0186827
40.6141 0.0189167
40.6166 0.019153
40.6191 0.0193916
40.6216 0.0196325
40.6241 0.0198756
40.6266 0.020121
40.6291 0.0203686
40.6316 0.0206184
40.6341 0.0208704
40.6366 0.0211246
40.6391 0.0213809
40.6416 0.0216393
40.6441 0.0218998
40.6466 0.0221624
40.6491 0.022427
40.6516 0.0226936
40.6541 0.0229622
40.6566 0.0232327
40.6591 0.0235051
40.6616 0.0237793
40.6641 0.0240553
40.6666 0.0243331
40.6691 0.0246126
40.6716 0.0248937
40.6741 0.0251765
40.6766 0.0254608
40.6791 0.0257466
40.6816 0.0260338
40.6841 0.0263225
40.6866 0.0266124
40.6891 0.0269036
40.6916 0.027196
40.6941 0.0274894
40.6966 0.0277839
40.6991 0.0280794
40.7016 0.0283758
40.7041 0.028673
40.7066 0.0289709
40.7091 0.0292694
40.7116 0.0295685
40.7141 0.029868
40.7166 0.030168
40.7191 0.0304681
40.7216 0.0307685
40.7241 0.0310689
40.7266 0.0313693
40.7291 0.0316696
40.7316 0.0319697
40.7341 0.0322693
40.7366 0.0325686
40.7391 0.0328672
40.7416 0.0331651
40.7441 0.0334623
40.7466 0.0337584
40.7491 0.0340536
40.7516 0.0343475
40.7541 0.0346401
40.7566 0.0349312
40.7591 0.0352208
40.7616 0.0355086
40.7641 0.0357946
40.7666 0.0360785
40.7691 0.0363604
40.7716 0.0366399
40.7741 0.036917
40.7766 0.0371915
40.7791 0.0374633
40.7816 0.0377322
40.7841 0.037998
40.7866 0.0382607
40.7891 0.03852
40.7916 0.0387758
40.7941 0.039028
40.7966 0.0392763
40.7991 0.0395207
40.8017 0.0397609
40.8042 0.0399969
40.8067 0.0402283
40.8092 0.0404552
40.8117 0.0406773
40.8142 0.0408944
40.8167 0.0411064
40.8192 0.0413132
40.8217 0.0415145
40.8242 0.0417102
40.8267 0.0419002
40.8292 0.0420843
40.8317 0.0422623
40.8342 0.042434
40.8367 0.0425994
40.8392 0.0427583
40.8417 0.0429104
40.8442 0.0430558
40.8467 0.0431941
40.8492 0.0433253
40.8517 0.0434492
40.8542 0.0435657
40.8567 0.0436746
40.8592 0.0437758
40.8617 0.0438691
40.8642 0.0439545
40.8667 0.0440319
40.8692 0.044101
40.8717 0.0441617
40.8742 0.044214
40.8767 0.0442578
40.8792 0.0442928
40.8817 0.0443192
40.8842 0.0443366
40.8867 0.0443451
40.8892 0.0443445
40.8917 0.0443348
40.8942 0.0443159
40.8967 0.0442877
40.8992 0.0442502
40.9017 0.0442032
40.9042 0.0441468
40.9067 0.0440809
40.9092 0.0440055
40.9117 0.0439205
40.9142 0.0438258
40.9167 0.0437216
40.9192 0.0436077
40.9217 0.0434842
40.9242 0.043351
40.9267 0.0432082
40.9292 0.0430557
40.9317 0.0428937
40.9342 0.042722
40.9367 0.0425409
40.9392 0.0423502
40.9417 0.0421501
40.9442 0.0419406
40.9467 0.0417218
40.9492 0.0414938
40.9517 0.0412566
40.9542 0.0410103
40.9567 0.0407551
40.9592 0.040491
40.9617 0.0402182
40.9642 0.0399367
40.9667 0.0396467
40.9692 0.0393484
40.9717 0.0390418
40.9742 0.0387271
40.9767 0.0384046
40.9792 0.0380742
40.9817 0.0377363
40.9842 0.037391
40.9867 0.0370384
40.9892 0.0366788
40.9917 0.0363123
40.9942 0.0359392
40.9967 0.0355597
40.9992 0.0351739
41.0018 0.0347822
41.0043 0.0343846
41.0068 0.0339815
41.0093 0.0335731
41.0118 0.0331596
41.0143 0.0327412
41.0168 0.0323182
41.0193 0.0318909
41.0218 0.0314595
41.0243 0.0310243
41.0268 0.0305854
41.0293 0.0301433
41.0318 0.029698
41.0343 0.02925
41.0368 0.0287994
41.0393 0.0283466
41.0418 0.0278917
41.0443 0.0274351
41.0468 0.0269771
41.0493 0.0265178
41.0518 0.0260576
41.0543 0.0255968
41.0568 0.0251355
41.0593 0.0246741
41.0618 0.0242128
41.0643 0.0237519
41.0668 0.0232916
41.0693 0.0228323
41.0718 0.0223741
41.0743 0.0219172
41.0768 0.0214621
41.0793 0.0210087
41.0818 0.0205576
41.0843 0.0201087
41.0868 0.0196625
41.0893 0.019219
41.0918 0.0187786
41.0943 0.0183414
41.0968 0.0179076
41.0993 0.0174775
41.1018 0.0170512
41.1043 0.016629
41.1068 0.0162109
41.1093 0.0157973
41.1118 0.0153881
41.1143 0.0149837
41.1168 0.0145842
41.1193 0.0141897
41.1218 0.0138003
41.1243 0.0134163
41.1268 0.0130376
41.1293 0.0126645
41.1318 0.012297
41.1343 0.0119353
41.1368 0.0115795
41.1393 0.0112296
41.1418 0.0108857
41.1443 0.0105478
41.1468 0.0102162
41.1493 0.00989076
41.1518 0.0095716
41.1543 0.00925875
41.1568 0.00895225
41.1593 0.00865213
41.1618 0.00835841
41.1643 0.00807111
41.1668 0.00779024
41.1693 0.0075158
41.1718 0.00724778
41.1743 0.00698618
41.1768 0.00673097
41.1793 0.00648214
41.1818 0.00623966
41.1843 0.00600348
41.1868 0.00577358
41.1893 0.0055499
41.1918 0.00533239
41.1943 0.005121
41.1968 0.00491567
41.1993 0.00471634
41.2019 0.00452293
41.2044 0.00433537
41.2069 0.00415358
41.2094 0.00397749
41.2119 0.00380701
41.2144 0.00364205
41.2169 0.00348253
41.2194 0.00332834
41.2219 0.0031794
41.2244 0.00303561
41.2269 0.00289686
41.2294 0.00276306
41.2319 0.0026341
41.2344 0.00250988
41.2369 0.00239029
41.2394 0.00227523
41.2419 0.00216458
41.2444 0.00205824
41.2469 0.00195611
41.2494 0.00185806
41.2519 0.00176399
41.2544 0.0016738
41.2569 0.00158738
41.2594 0.0015046
41.2619 0.00142538
41.2644 0.0013496
41.2669 0.00127715
41.2694 0.00120792
41.2719 0.00114183
41.2744 0.00107875
41.2769 0.00101859
41.2794 0.000961256
41.2819 0.000906637
41.2844 0.00085464
41.2869 0.00080517
41.2894 0.000758132
41.2919 0.000713435
41.2944 0.000670988
41.2969 0.000630703
41.2994 0.000592493
41.3019 0.000556275
41.3044 0.000521965
41.3069 0.000489484
41.3094 0.000458753
41.3119 0.000429697
41.3144 0.000402241
41.3169 0.000376315
41.3194 0.000351848
41.3219 0.000328773
41.3244 0.000307026
41.3269 0.000286542
41.3294 0.000267261
41.3319 0.000249125
41.3344 0.000232075
41.3369 0.000216059
41.3394 0.000201022
41.3419 0.000186915
41.3444 0.000173689
41.3469 0.000161297
41.3494 0.000149693
41.3519 0.000138836
41.3544 0.000128684
41.3569 0.000119198
41.3594 0.00011034
41.3619 0.000102074
41.3644 9.43651e-05
41.3669 8.71817e-05
41.3694 8.04922e-05
41.3719 7.4267e-05
41.3744 6.84778e-05
41.3769 6.30979e-05
41.3794 5.81017e-05
41.3819 5.34653e-05
41.3844 4.91656e-05
41.3869 4.51812e-05
41.3894 4.14913e-05
41.3919 3.80768e-05
41.3944 3.49194e-05
41.3969 3.20017e-05
41.3994 2.93075e-05
41.402 2.68215e-05
41.4045 2.45292e-05
41.407 2.24171e-05
41.4095 2.04725e-05
41.412 1.86833e-05
41.4145 1.70385e-05
41.417 1.55273e-05
41.4195 1.41401e-05
41.422 1.28676e-05
41.4245 1.17011e-05
41.427 1.06327e-05
41.4295 9.65476e-06
41.432 8.7604e-06
41.4345 7.94306e-06
41.437 7.19667e-06
41.4395 6.51561e-06
41.442 5.89461e-06
41.4445 5.32883e-06
41.447 4.81375e-06
41.4495 4.34519e-06
41.452 3.91928e-06
41.4545 3.53244e-06
41.457 3.18136e-06
41.4595 2.86299e-06
41.462 2.5745e-06
41.4645 2.3133e-06
41.467 2.077e-06
41.4695 1.86339e-06
41.472 1.67044e-06
41.4745 1.4963e-06
41.477 1.33927e-06
41.4795 1.19777e-06
41.482 1.07037e-06
41.4845 9.55763e-07
41.487 8.52748e-07
41.4895 7.60226e-07
41.492 6.77199e-07
41.4945 6.02752e-07
41.497 5.36056e-07
41.4995 4.76352e-07
