8.5 2.9397
8.5015 2.88116
8.503 2.82288
8.5045 2.76487
8.506 2.70712
8.5075 2.64964
8.509 2.59243
8.51051 2.53548
8.51201 2.47879
8.51351 2.42237
8.51501 2.36621
8.51651 2.31032
8.51801 2.25468
8.51951 2.19931
8.52101 2.1442
8.52251 2.08934
8.52401 2.03475
8.52551 1.98041
8.52701 1.92633
8.52851 1.87251
8.53002 1.81895
8.53152 1.76564
8.53302 1.71258
8.53452 1.65979
8.53602 1.60724
8.53752 1.55495
8.53902 1.50291
8.54052 1.45113
8.54202 1.39959
8.54352 1.34831
8.54502 1.29728
8.54652 1.2465
8.54802 1.19596
8.54952 1.14568
8.55103 1.09564
8.55253 1.04586
8.55403 0.996313
8.55553 0.947018
8.55703 0.897968
8.55853 0.849163
8.56003 0.800602
8.56153 0.752285
8.56303 0.704212
8.56453 0.656381
8.56603 0.608792
8.56753 0.561445
8.56903 0.514338
8.57054 0.467472
8.57204 0.420845
8.57354 0.374457
8.57504 0.328308
8.57654 0.282396
8.57804 0.236722
8.57954 0.191284
8.58104 0.146083
8.58254 0.101116
8.58404 0.0563852
8.58554 0.0118881
8.58704 -0.0323753
8.58854 -0.0764056
8.59005 -0.120203
8.59155 -0.163769
8.59305 -0.207104
8.59455 -0.250208
8.59605 -0.293082
8.59755 -0.335726
8.59905 -0.378141
8.60055 -0.420328
8.60205 -0.462287
8.60355 -0.504019
8.60505 -0.545524
8.60655 -0.586804
8.60805 -0.627858
8.60955 -0.668687
8.61106 -0.709291
8.61256 -0.749673
8.61406 -0.78983
8.61556 -0.829766
8.61706 -0.869479
8.61856 -0.908971
8.62006 -0.948243
8.62156 -0.987294
8.62306 -1.02613
8.62456 -1.06474
8.62606 -1.10313
8.62756 -1.14131
8.62906 -1.17927
8.63057 -1.21701
8.63207 -1.25453
8.63357 -1.29184
8.63507 -1.32894
8.63657 -1.36582
8.63807 -1.40249
8.63957 -1.43894
8.64107 -1.47518
8.64257 -1.51121
8.64407 -1.54703
8.64557 -1.58263
8.64707 -1.61803
8.64857 -1.65321
8.65008 -1.68819
8.65158 -1.72295
8.65308 -1.75751
8.65458 -1.79186
8.65608 -1.82601
8.65758 -1.85995
8.65908 -1.89368
8.66058 -1.9272
8.66208 -1.96053
8.66358 -1.99364
8.66508 -2.02656
8.66658 -2.05927
8.66808 -2.09177
8.66958 -2.12408
8.67109 -2.15618
8.67259 -2.18809
8.67409 -2.21979
8.67559 -2.25129
8.67709 -2.2826
8.67859 -2.3137
8.68009 -2.34461
8.68159 -2.37532
8.68309 -2.40583
8.68459 -2.43615
8.68609 -2.46627
8.68759 -2.49619
8.68909 -2.52592
8.6906 -2.55545
8.6921 -2.5848
8.6936 -2.61394
8.6951 -2.6429
8.6966 -2.67166
8.6981 -2.70023
8.6996 -2.72861
8.7011 -2.7568
8.7026 -2.78481
8.7041 -2.81262
8.7056 -2.84024
8.7071 -2.86767
8.7086 -2.89492
8.71011 -2.92198
8.71161 -2.94885
8.71311 -2.97553
8.71461 -3.00204
8.71611 -3.02835
8.71761 -3.05448
8.71911 -3.08043
8.72061 -3.10619
8.72211 -3.13177
8.72361 -3.15717
8.72511 -3.18239
8.72661 -3.20742
8.72811 -3.23227
8.72961 -3.25695
8.73112 -3.28144
8.73262 -3.30576
8.73412 -3.32989
8.73562 -3.35385
8.73712 -3.37763
8.73862 -3.40124
8.74012 -3.42466
8.74162 -3.44791
8.74312 -3.47099
8.74462 -3.49389
8.74612 -3.51662
8.74762 -3.53917
8.74912 -3.56155
8.75063 -3.58375
8.75213 -3.60579
8.75363 -3.62765
8.75513 -3.64934
8.75663 -3.67086
8.75813 -3.69221
8.75963 -3.71339
8.76113 -3.7344
8.76263 -3.75524
8.76413 -3.77591
8.76563 -3.79642
8.76713 -3.81676
8.76863 -3.83693
8.77014 -3.85693
8.77164 -3.87678
8.77314 -3.89645
8.77464 -3.91596
8.77614 -3.93531
8.77764 -3.95449
8.77914 -3.97351
8.78064 -3.99237
8.78214 -4.01107
8.78364 -4.0296
8.78514 -4.04797
8.78664 -4.06619
8.78814 -4.08424
8.78964 -4.10213
8.79115 -4.11987
8.79265 -4.13744
8.79415 -4.15486
8.79565 -4.17212
8.79715 -4.18922
8.79865 -4.20617
8.80015 -4.22296
8.80165 -4.2396
8.80315 -4.25608
8.80465 -4.27241
8.80615 -4.28858
8.80765 -4.3046
8.80915 -4.32047
8.81066 -4.33618
8.81216 -4.35174
8.81366 -4.36715
8.81516 -4.38241
8.81666 -4.39752
8.81816 -4.41248
8.81966 -4.42729
8.82116 -4.44195
8.82266 -4.45646
8.82416 -4.47083
8.82566 -4.48504
8.82716 -4.49911
8.82866 -4.51304
8.83017 -4.52682
8.83167 -4.54045
8.83317 -4.55394
8.83467 -4.56728
8.83617 -4.58048
8.83767 -4.59353
8.83917 -4.60644
8.84067 -4.61921
8.84217 -4.63184
8.84367 -4.64433
8.84517 -4.65667
8.84667 -4.66887
8.84817 -4.68094
8.84967 -4.69286
8.85118 -4.70465
8.85268 -4.71629
8.85418 -4.7278
8.85568 -4.73917
8.85718 -4.75041
8.85868 -4.7615
8.86018 -4.77246
8.86168 -4.78329
8.86318 -4.79397
8.86468 -4.80453
8.86618 -4.81495
8.86768 -4.82523
8.86918 -4.83539
8.87069 -4.8454
8.87219 -4.85529
8.87369 -4.86505
8.87519 -4.87467
8.87669 -4.88416
8.87819 -4.89352
8.87969 -4.90275
8.88119 -4.91186
8.88269 -4.92083
8.88419 -4.92967
8.88569 -4.93839
8.88719 -4.94697
8.88869 -4.95543
8.8902 -4.96377
8.8917 -4.97197
8.8932 -4.98005
8.8947 -4.98801
8.8962 -4.99584
8.8977 -5.00355
8.8992 -5.01113
8.9007 -5.01859
8.9022 -5.02592
8.9037 -5.03313
8.9052 -5.04022
8.9067 -5.04719
8.9082 -5.05404
8.9097 -5.06076
8.91121 -5.06737
8.91271 -5.07386
8.91421 -5.08022
8.91571 -5.08647
8.91721 -5.0926
8.91871 -5.09861
8.92021 -5.1045
8.92171 -5.11027
8.92321 -5.11593
8.92471 -5.12148
8.92621 -5.1269
8.92771 -5.13221
8.92921 -5.13741
8.93072 -5.14249
8.93222 -5.14746
8.93372 -5.15231
8.93522 -5.15705
8.93672 -5.16168
8.93822 -5.16619
8.93972 -5.1706
8.94122 -5.17489
8.94272 -5.17907
8.94422 -5.18314
8.94572 -5.1871
8.94722 -5.19095
8.94872 -5.19469
8.95023 -5.19833
8.95173 -5.20185
8.95323 -5.20527
8.95473 -5.20858
8.95623 -5.21178
8.95773 -5.21487
8.95923 -5.21786
8.96073 -5.22075
8.96223 -5.22352
8.96373 -5.2262
8.96523 -5.22877
8.96673 -5.23123
8.96823 -5.23359
8.96973 -5.23585
8.97124 -5.23801
8.97274 -5.24006
8.97424 -5.24201
8.97574 -5.24386
8.97724 -5.24561
8.97874 -5.24726
8.98024 -5.24881
8.98174 -5.25026
8.98324 -5.25161
8.98474 -5.25286
8.98624 -5.25401
8.98774 -5.25507
8.98924 -5.25603
8.99075 -5.25689
8.99225 -5.25765
8.99375 -5.25832
8.99525 -5.25889
8.99675 -5.25936
8.99825 -5.25974
8.99975 -5.26003
9.00125 -5.26022
9.00275 -5.26032
9.00425 -5.26033
9.00575 -5.26024
9.00725 -5.26006
9.00875 -5.25979
9.01026 -5.25942
9.01176 -5.25897
9.01326 -5.25842
9.01476 -5.25778
9.01626 -5.25706
9.01776 -5.25624
9.01926 -5.25533
9.02076 -5.25434
9.02226 -5.25326
9.02376 -5.25209
9.02526 -5.25083
9.02676 -5.24948
9.02826 -5.24805
9.02976 -5.24653
9.03127 -5.24493
9.03277 -5.24324
9.03427 -5.24146
9.03577 -5.2396
9.03727 -5.23766
9.03877 -5.23563
9.04027 -5.23352
9.04177 -5.23133
9.04327 -5.22905
9.04477 -5.22669
9.04627 -5.22425
9.04777 -5.22173
9.04927 -5.21912
9.05078 -5.21644
9.05228 -5.21367
9.05378 -5.21083
9.05528 -5.2079
9.05678 -5.2049
9.05828 -5.20182
9.05978 -5.19866
9.06128 -5.19542
9.06278 -5.1921
9.06428 -5.18871
9.06578 -5.18524
9.06728 -5.1817
9.06878 -5.17807
9.07029 -5.17438
9.07179 -5.1706
9.07329 -5.16676
9.07479 -5.16283
9.07629 -5.15884
9.07779 -5.15477
9.07929 -5.15062
9.08079 -5.14641
9.08229 -5.14212
9.08379 -5.13776
9.08529 -5.13333
9.08679 -5.12883
9.08829 -5.12425
9.08979 -5.11961
9.0913 -5.11489
9.0928 -5.11011
9.0943 -5.10525
9.0958 -5.10033
9.0973 -5.09534
9.0988 -5.09028
9.1003 -5.08515
9.1018 -5.07995
9.1033 -5.07469
9.1048 -5.06936
9.1063 -5.06396
9.1078 -5.0585
9.1093 -5.05297
9.11081 -5.04738
9.11231 -5.04172
9.11381 -5.036
9.11531 -5.03021
9.11681 -5.02436
9.11831 -5.01845
9.11981 -5.01247
9.12131 -5.00643
9.12281 -5.00033
9.12431 -4.99417
9.12581 -4.98794
9.12731 -4.98166
9.12881 -4.97531
9.13032 -4.9689
9.13182 -4.96243
9.13332 -4.95591
9.13482 -4.94932
9.13632 -4.94267
9.13782 -4.93597
9.13932 -4.92921
9.14082 -4.92238
9.14232 -4.91551
9.14382 -4.90857
9.14532 -4.90158
9.14682 -4.89453
9.14832 -4.88742
9.14982 -4.88026
9.15133 -4.87304
9.15283 -4.86577
9.15433 -4.85845
9.15583 -4.85107
9.15733 -4.84363
9.15883 -4.83614
9.16033 -4.8286
9.16183 -4.82101
9.16333 -4.81336
9.16483 -4.80566
9.16633 -4.79791
9.16783 -4.7901
9.16933 -4.78225
9.17084 -4.77434
9.17234 -4.76639
9.17384 -4.75838
9.17534 -4.75033
9.17684 -4.74222
9.17834 -4.73407
9.17984 -4.72586
9.18134 -4.71761
9.18284 -4.70931
9.18434 -4.70097
9.18584 -4.69257
9.18734 -4.68413
9.18884 -4.67564
9.19035 -4.6671
9.19185 -4.65852
9.19335 -4.6499
9.19485 -4.64122
9.19635 -4.63251
9.19785 -4.62375
9.19935 -4.61494
9.20085 -4.60609
9.20235 -4.59719
9.20385 -4.58826
9.20535 -4.57928
9.20685 -4.57025
9.20835 -4.56119
9.20985 -4.55208
9.21136 -4.54293
9.21286 -4.53374
9.21436 -4.52451
9.21586 -4.51524
9.21736 -4.50592
9.21886 -4.49657
9.22036 -4.48718
9.22186 -4.47775
9.22336 -4.46827
9.22486 -4.45876
9.22636 -4.44922
9.22786 -4.43963
9.22936 -4.43001
9.23087 -4.42034
9.23237 -4.41065
9.23387 -4.40091
9.23537 -4.39114
9.23687 -4.38133
9.23837 -4.37149
9.23987 -4.36161
9.24137 -4.35169
9.24287 -4.34174
9.24437 -4.33176
9.24587 -4.32174
9.24737 -4.31169
9.24887 -4.3016
9.25038 -4.29148
9.25188 -4.28133
9.25338 -4.27114
9.25488 -4.26093
9.25638 -4.25068
9.25788 -4.24039
9.25938 -4.23008
9.26088 -4.21974
9.26238 -4.20936
9.26388 -4.19896
9.26538 -4.18852
9.26688 -4.17806
9.26838 -4.16756
9.26988 -4.15704
9.27139 -4.14648
9.27289 -4.1359
9.27439 -4.12529
9.27589 -4.11465
9.27739 -4.10399
9.27889 -4.09329
9.28039 -4.08257
9.28189 -4.07183
9.28339 -4.06105
9.28489 -4.05025
9.28639 -4.03943
9.28789 -4.02857
9.28939 -4.0177
9.2909 -4.00679
9.2924 -3.99587
9.2939 -3.98491
9.2954 -3.97394
9.2969 -3.96294
9.2984 -3.95192
9.2999 -3.94087
9.3014 -3.9298
9.3029 -3.91871
9.3044 -3.90759
9.3059 -3.89646
9.3074 -3.8853
9.3089 -3.87412
9.31041 -3.86292
9.31191 -3.85169
9.31341 -3.84045
9.31491 -3.82919
9.31641 -3.81791
9.31791 -3.8066
9.31941 -3.79528
9.32091 -3.78394
9.32241 -3.77258
9.32391 -3.7612
9.32541 -3.7498
9.32691 -3.73838
9.32841 -3.72695
9.32991 -3.7155
9.33142 -3.70403
9.33292 -3.69254
9.33442 -3.68104
9.33592 -3.66952
9.33742 -3.65799
9.33892 -3.64644
9.34042 -3.63487
9.34192 -3.62329
9.34342 -3.61169
9.34492 -3.60008
9.34642 -3.58846
9.34792 -3.57682
9.34942 -3.56516
9.35093 -3.55349
9.35243 -3.54181
9.35393 -3.53012
9.35543 -3.51841
9.35693 -3.50669
9.35843 -3.49496
9.35993 -3.48322
9.36143 -3.47146
9.36293 -3.45969
9.36443 -3.44792
9.36593 -3.43613
9.36743 -3.42433
9.36893 -3.41252
9.37044 -3.40069
9.37194 -3.38886
9.37344 -3.37702
9.37494 -3.36517
9.37644 -3.35332
9.37794 -3.34145
9.37944 -3.32957
9.38094 -3.31769
9.38244 -3.30579
9.38394 -3.29389
9.38544 -3.28199
9.38694 -3.27007
9.38844 -3.25815
9.38994 -3.24622
9.39145 -3.23428
9.39295 -3.22234
9.39445 -3.21039
9.39595 -3.19844
9.39745 -3.18648
9.39895 -3.17452
9.40045 -3.16255
9.40195 -3.15057
9.40345 -3.13859
9.40495 -3.12661
9.40645 -3.11462
9.40795 -3.10263
9.40945 -3.09064
9.41096 -3.07864
9.41246 -3.06664
9.41396 -3.05464
9.41546 -3.04263
9.41696 -3.03062
9.41846 -3.01861
9.41996 -3.0066
9.42146 -2.99459
9.42296 -2.98257
9.42446 -2.97055
9.42596 -2.95854
9.42746 -2.94652
9.42896 -2.9345
9.43047 -2.92248
9.43197 -2.91047
9.43347 -2.89845
9.43497 -2.88643
9.43647 -2.87442
9.43797 -2.8624
9.43947 -2.85039
9.44097 -2.83838
9.44247 -2.82637
9.44397 -2.81436
9.44547 -2.80235
9.44697 -2.79035
9.44847 -2.77835
9.44997 -2.76635
9.45148 -2.75435
9.45298 -2.74236
9.45448 -2.73038
9.45598 -2.71839
9.45748 -2.70641
9.45898 -2.69444
9.46048 -2.68247
9.46198 -2.6705
9.46348 -2.65854
9.46498 -2.64658
9.46648 -2.63463
9.46798 -2.62269
9.46948 -2.61075
9.47099 -2.59882
9.47249 -2.58689
9.47399 -2.57497
9.47549 -2.56306
9.47699 -2.55115
9.47849 -2.53925
9.47999 -2.52736
9.48149 -2.51548
9.48299 -2.5036
9.48449 -2.49173
9.48599 -2.47988
9.48749 -2.46802
9.48899 -2.45618
9.4905 -2.44435
9.492 -2.43253
9.4935 -2.42071
9.495 -2.40891
9.4965 -2.39711
9.498 -2.38533
9.4995 -2.37355
9.501 -2.36179
9.5025 -2.35003
9.504 -2.33829
9.5055 -2.32656
9.507 -2.31484
9.5085 -2.30313
9.51001 -2.29143
9.51151 -2.27974
9.51301 -2.26807
9.51451 -2.25641
9.51601 -2.24476
9.51751 -2.23312
9.51901 -2.2215
9.52051 -2.20989
9.52201 -2.19829
9.52351 -2.18671
9.52501 -2.17514
9.52651 -2.16358
9.52801 -2.15204
9.52951 -2.14052
9.53102 -2.129
9.53252 -2.1175
9.53402 -2.10602
9.53552 -2.09455
9.53702 -2.0831
9.53852 -2.07166
9.54002 -2.06024
9.54152 -2.04884
9.54302 -2.03745
9.54452 -2.02607
9.54602 -2.01472
9.54752 -2.00337
9.54902 -1.99205
9.55053 -1.98074
9.55203 -1.96945
9.55353 -1.95818
9.55503 -1.94693
9.55653 -1.93569
9.55803 -1.92447
9.55953 -1.91327
9.56103 -1.90209
9.56253 -1.89093
9.56403 -1.87978
9.56553 -1.86865
9.56703 -1.85755
9.56853 -1.84646
9.57004 -1.83539
9.57154 -1.82434
9.57304 -1.81331
9.57454 -1.8023
9.57604 -1.79131
9.57754 -1.78034
9.57904 -1.7694
9.58054 -1.75847
9.58204 -1.74756
9.58354 -1.73668
9.58504 -1.72581
9.58654 -1.71497
9.58804 -1.70414
9.58954 -1.69334
9.59105 -1.68257
9.59255 -1.67181
9.59405 -1.66108
9.59555 -1.65036
9.59705 -1.63968
9.59855 -1.62901
9.60005 -1.61837
9.60155 -1.60775
9.60305 -1.59715
9.60455 -1.58657
9.60605 -1.57602
9.60755 -1.5655
9.60905 -1.55499
9.61056 -1.54452
9.61206 -1.53406
9.61356 -1.52363
9.61506 -1.51323
9.61656 -1.50285
9.61806 -1.49249
9.61956 -1.48216
9.62106 -1.47185
9.62256 -1.46157
9.62406 -1.45132
9.62556 -1.44109
9.62706 -1.43089
9.62856 -1.42071
9.63007 -1.41056
9.63157 -1.40043
9.63307 -1.39033
9.63457 -1.38026
9.63607 -1.37022
9.63757 -1.3602
9.63907 -1.35021
9.64057 -1.34024
9.64207 -1.33031
9.64357 -1.3204
9.64507 -1.31052
9.64657 -1.30066
9.64807 -1.29084
9.64957 -1.28104
9.65108 -1.27127
9.65258 -1.26153
9.65408 -1.25182
9.65558 -1.24213
9.65708 -1.23248
9.65858 -1.22285
9.66008 -1.21325
9.66158 -1.20369
9.66308 -1.19415
9.66458 -1.18464
9.66608 -1.17516
9.66758 -1.16571
9.66908 -1.15629
9.67059 -1.1469
9.67209 -1.13754
9.67359 -1.12822
9.67509 -1.11892
9.67659 -1.10965
9.67809 -1.10041
9.67959 -1.09121
9.68109 -1.08203
9.68259 -1.07289
9.68409 -1.06378
9.68559 -1.0547
9.68709 -1.04565
9.68859 -1.03663
9.6901 -1.02764
9.6916 -1.01869
9.6931 -1.00977
9.6946 -1.00088
9.6961 -0.992024
9.6976 -0.983199
9.6991 -0.974407
9.7006 -0.965648
9.7021 -0.956922
9.7036 -0.948229
9.7051 -0.939569
9.7066 -0.930942
9.7081 -0.922349
9.7096 -0.913789
9.71111 -0.905263
9.71261 -0.89677
9.71411 -0.888312
9.71561 -0.879887
9.71711 -0.871496
9.71861 -0.86314
9.72011 -0.854818
9.72161 -0.84653
9.72311 -0.838277
9.72461 -0.830058
9.72611 -0.821875
9.72761 -0.813726
9.72911 -0.805612
9.73062 -0.797534
9.73212 -0.78949
9.73362 -0.781482
9.73512 -0.77351
9.73662 -0.765573
9.73812 -0.757672
9.73962 -0.749806
9.74112 -0.741977
9.74262 -0.734183
9.74412 -0.726426
9.74562 -0.718705
9.74712 -0.71102
9.74862 -0.703372
9.75013 -0.69576
9.75163 -0.688185
9.75313 -0.680647
9.75463 -0.673145
9.75613 -0.665681
9.75763 -0.658254
9.75913 -0.650863
9.76063 -0.64351
9.76213 -0.636195
9.76363 -0.628917
9.76513 -0.621676
9.76663 -0.614474
9.76813 -0.607309
9.76963 -0.600181
9.77114 -0.593092
9.77264 -0.586041
9.77414 -0.579028
9.77564 -0.572053
9.77714 -0.565117
9.77864 -0.558219
9.78014 -0.55136
9.78164 -0.544539
9.78314 -0.537757
9.78464 -0.531014
9.78614 -0.524309
9.78764 -0.517644
9.78914 -0.511018
9.79065 -0.504431
9.79215 -0.497883
9.79365 -0.491375
9.79515 -0.484906
9.79665 -0.478476
9.79815 -0.472086
9.79965 -0.465736
9.80115 -0.459425
9.80265 -0.453155
9.80415 -0.446924
9.80565 -0.440734
9.80715 -0.434583
9.80865 -0.428473
9.81016 -0.422403
9.81166 -0.416373
9.81316 -0.410384
9.81466 -0.404435
9.81616 -0.398527
9.81766 -0.392659
9.81916 -0.386832
9.82066 -0.381046
9.82216 -0.375301
9.82366 -0.369597
9.82516 -0.363934
9.82666 -0.358312
9.82816 -0.352731
9.82966 -0.347191
9.83117 -0.341693
9.83267 -0.336236
9.83417 -0.330821
9.83567 -0.325447
9.83717 -0.320114
9.83867 -0.314824
9.84017 -0.309575
9.84167 -0.304368
9.84317 -0.299203
9.84467 -0.29408
9.84617 -0.288998
9.84767 -0.283959
9.84917 -0.278962
9.85068 -0.274007
9.85218 -0.269095
9.85368 -0.264225
9.85518 -0.259397
9.85668 -0.254611
9.85818 -0.249868
9.85968 -0.245168
9.86118 -0.24051
9.86268 -0.235895
9.86418 -0.231323
9.86568 -0.226794
9.86718 -0.222307
9.86868 -0.217863
9.87019 -0.213462
9.87169 -0.209105
9.87319 -0.20479
9.87469 -0.200518
9.87619 -0.19629
9.87769 -0.192105
9.87919 -0.187963
9.88069 -0.183865
9.88219 -0.17981
9.88369 -0.175798
9.88519 -0.17183
9.88669 -0.167905
9.88819 -0.164024
9.88969 -0.160186
9.8912 -0.156393
9.8927 -0.152643
9.8942 -0.148936
9.8957 -0.145274
9.8972 -0.141655
9.8987 -0.138081
9.9002 -0.13455
9.9017 -0.131063
9.9032 -0.12762
9.9047 -0.124221
9.9062 -0.120867
9.9077 -0.117556
9.9092 -0.11429
9.91071 -0.111068
9.91221 -0.10789
9.91371 -0.104757
9.91521 -0.101668
9.91671 -0.0986227
9.91821 -0.0956223
9.91971 -0.0926663
9.92121 -0.0897548
9.92271 -0.0868878
9.92421 -0.0840654
9.92571 -0.0812875
9.92721 -0.0785542
9.92871 -0.0758656
9.93022 -0.0732216
9.93172 -0.0706223
9.93322 -0.0680677
9.93472 -0.0655579
9.93622 -0.0630929
9.93772 -0.0606726
9.93922 -0.0582972
9.94072 -0.0559666
9.94222 -0.053681
9.94372 -0.0514402
9.94522 -0.0492444
9.94672 -0.0470935
9.94822 -0.0449876
9.94972 -0.0429266
9.95123 -0.0409107
9.95273 -0.0389399
9.95423 -0.0370141
9.95573 -0.0351334
9.95723 -0.0332978
9.95873 -0.0315072
9.96023 -0.0297619
9.96173 -0.0280617
9.96323 -0.0264066
9.96473 -0.0247967
9.96623 -0.0232321
9.96773 -0.0217126
9.96923 -0.0202384
9.97074 -0.0188094
9.97224 -0.0174256
9.97374 -0.0160872
9.97524 -0.0147939
9.97674 -0.013546
9.97824 -0.0123434
9.97974 -0.0111861
9.98124 -0.0100741
9.98274 -0.0090074
9.98424 -0.00798605
9.98574 -0.00701004
9.98724 -0.00607936
9.98874 -0.00519404
9.99025 -0.00435407
9.99175 -0.00355946
9.99325 -0.00281021
9.99475 -0.00210632
9.99625 -0.0014478
9.99775 -0.000834653
9.99925 -0.000266875
10.0008 0.000255532
10.0023 0.000732568
10.0038 0.00116423
10.0053 0.00155053
10.0068 0.00189146
10.0083 0.00218702
10.0098 0.00243723
10.0113 0.00264207
10.0128 0.00280156
10.0143 0.0029157
10.0158 0.0029845
10.0173 0.00300797
10.0188 0.0029861
10.0203 0.00291891
10.0218 0.00280641
10.0233 0.0026486
10.0248 0.00244549
10.0263 0.0021971
10.0278 0.00190344
10.0293 0.00156451
10.0308 0.00118033
10.0323 0.000750911
10.0338 0.000276265
10.0353 -0.000243593
10.0368 -0.000808648
10.0383 -0.00141889
10.0398 -0.00207429
10.0413 -0.00277485
10.0428 -0.00352054
10.0443 -0.00431134
10.0458 -0.00514725
10.0473 -0.00602823
10.0488 -0.00695427
10.0503 -0.00792535
10.0518 -0.00894145
10.0533 -0.0100026
10.0548 -0.0111086
10.0563 -0.0122596
10.0578 -0.0134556
10.0593 -0.0146965
10.0608 -0.0159822
10.0623 -0.0173128
10.0638 -0.0186882
10.0653 -0.0201085
10.0668 -0.0215735
10.0683 -0.0230832
10.0698 -0.0246377
10.0713 -0.0262369
10.0728 -0.0278807
10.0743 -0.0295692
10.0758 -0.0313022
10.0773 -0.0330799
10.0788 -0.0349021
10.0803 -0.0367687
10.0818 -0.0386799
10.0833 -0.0406355
10.0848 -0.0426355
10.0863 -0.0446798
10.0878 -0.0467685
10.0893 -0.0489015
10.0908 -0.0510788
10.0923 -0.0533003
10.0938 -0.0555659
10.0953 -0.0578757
10.0968 -0.0602296
10.0983 -0.0626276
10.0998 -0.0650696
10.1013 -0.0675556
10.1028 -0.0700855
10.1043 -0.0726593
10.1058 -0.0752769
10.1073 -0.0779384
10.1088 -0.0806437
10.1103 -0.0833926
10.1118 -0.0861853
10.1133 -0.0890215
10.1148 -0.0919014
10.1163 -0.0948247
10.1178 -0.0977916
10.1193 -0.100802
10.1208 -0.103856
10.1223 -0.106953
10.1238 -0.110093
10.1253 -0.113276
10.1268 -0.116503
10.1283 -0.119773
10.1298 -0.123086
10.1313 -0.126442
10.1328 -0.129841
10.1343 -0.133283
10.1358 -0.136767
10.1373 -0.140295
10.1388 -0.143865
10.1403 -0.147478
10.1418 -0.151133
10.1433 -0.154831
10.1448 -0.158572
10.1463 -0.162355
10.1478 -0.166181
10.1493 -0.170048
10.1508 -0.173958
10.1523 -0.177911
10.1538 -0.181905
10.1553 -0.185941
10.1568 -0.19002
10.1583 -0.19414
10.1598 -0.198302
10.1613 -0.202506
10.1628 -0.206752
10.1643 -0.21104
10.1658 -0.215369
10.1673 -0.219739
10.1688 -0.224151
10.1703 -0.228605
10.1718 -0.2331
10.1733 -0.237636
10.1748 -0.242213
10.1763 -0.246831
10.1778 -0.251491
10.1793 -0.256191
10.1808 -0.260932
10.1823 -0.265714
10.1838 -0.270537
10.1853 -0.2754
10.1868 -0.280304
10.1883 -0.285249
10.1898 -0.290234
10.1913 -0.295259
10.1928 -0.300324
10.1943 -0.30543
10.1958 -0.310576
10.1973 -0.315762
10.1988 -0.320988
10.2004 -0.326253
10.2019 -0.331559
10.2034 -0.336904
10.2049 -0.342288
10.2064 -0.347713
10.2079 -0.353176
10.2094 -0.358679
10.2109 -0.364221
10.2124 -0.369803
10.2139 -0.375423
10.2154 -0.381083
10.2169 -0.386781
10.2184 -0.392518
10.2199 -0.398294
10.2214 -0.404109
10.2229 -0.409962
10.2244 -0.415854
10.2259 -0.421783
10.2274 -0.427752
10.2289 -0.433758
10.2304 -0.439802
10.2319 -0.445885
10.2334 -0.452005
10.2349 -0.458163
10.2364 -0.464359
10.2379 -0.470592
10.2394 -0.476863
10.2409 -0.483171
10.2424 -0.489516
10.2439 -0.495899
10.2454 -0.502318
10.2469 -0.508775
10.2484 -0.515268
10.2499 -0.521799
10.2514 -0.528365
10.2529 -0.534969
10.2544 -0.541609
10.2559 -0.548285
10.2574 -0.554998
10.2589 -0.561746
10.2604 -0.568531
10.2619 -0.575352
10.2634 -0.582208
10.2649 -0.5891
10.2664 -0.596028
10.2679 -0.602991
10.2694 -0.609989
10.2709 -0.617023
10.2724 -0.624092
10.2739 -0.631196
10.2754 -0.638335
10.2769 -0.645508
10.2784 -0.652717
10.2799 -0.65996
10.2814 -0.667237
10.2829 -0.674549
10.2844 -0.681894
10.2859 -0.689274
10.2874 -0.696688
10.2889 -0.704136
10.2904 -0.711617
10.2919 -0.719133
10.2934 -0.726681
10.2949 -0.734263
10.2964 -0.741878
10.2979 -0.749527
10.2994 -0.757208
10.3009 -0.764922
10.3024 -0.772669
10.3039 -0.780449
10.3054 -0.788261
10.3069 -0.796105
10.3084 -0.803982
10.3099 -0.81189
10.3114 -0.819831
10.3129 -0.827804
10.3144 -0.835808
10.3159 -0.843844
10.3174 -0.851911
10.3189 -0.86001
10.3204 -0.868139
10.3219 -0.8763
10.3234 -0.884492
10.3249 -0.892715
10.3264 -0.900968
10.3279 -0.909252
10.3294 -0.917566
10.3309 -0.92591
10.3324 -0.934284
10.3339 -0.942689
10.3354 -0.951123
10.3369 -0.959587
10.3384 -0.96808
10.3399 -0.976603
10.3414 -0.985155
10.3429 -0.993737
10.3444 -1.00235
10.3459 -1.01099
10.3474 -1.01965
10.3489 -1.02835
10.3504 -1.03707
10.3519 -1.04583
10.3534 -1.05461
10.3549 -1.06342
10.3564 -1.07225
10.3579 -1.08112
10.3594 -1.09001
10.3609 -1.09893
10.3624 -1.10788
10.3639 -1.11685
10.3654 -1.12585
10.3669 -1.13488
10.3684 -1.14393
10.3699 -1.15301
10.3714 -1.16212
10.3729 -1.17125
10.3744 -1.18041
10.3759 -1.18959
10.3774 -1.1988
10.3789 -1.20804
10.3804 -1.2173
10.3819 -1.22658
10.3834 -1.2359
10.3849 -1.24523
10.3864 -1.25459
10.3879 -1.26398
10.3894 -1.27339
10.3909 -1.28282
10.3924 -1.29228
10.3939 -1.30176
10.3954 -1.31127
10.3969 -1.32079
10.3984 -1.33035
10.3999 -1.33992
10.4015 -1.34952
10.403 -1.35914
10.4045 -1.36879
10.406 -1.37845
10.4075 -1.38814
10.409 -1.39785
10.4105 -1.40759
10.412 -1.41734
10.4135 -1.42712
10.415 -1.43692
10.4165 -1.44674
10.418 -1.45658
10.4195 -1.46644
10.421 -1.47633
10.4225 -1.48623
10.424 -1.49615
10.4255 -1.5061
10.427 -1.51606
10.4285 -1.52605
10.43 -1.53605
10.4315 -1.54607
10.433 -1.55612
10.4345 -1.56618
10.436 -1.57626
10.4375 -1.58636
10.439 -1.59648
10.4405 -1.60662
10.442 -1.61677
10.4435 -1.62695
10.445 -1.63714
10.4465 -1.64735
10.448 -1.65758
10.4495 -1.66782
10.451 -1.67808
10.4525 -1.68836
10.454 -1.69866
10.4555 -1.70897
10.457 -1.7193
10.4585 -1.72964
10.46 -1.74001
10.4615 -1.75038
10.463 -1.76078
10.4645 -1.77118
10.466 -1.78161
10.4675 -1.79204
10.469 -1.8025
10.4705 -1.81297
10.472 -1.82345
10.4735 -1.83395
10.475 -1.84446
10.4765 -1.85498
10.478 -1.86552
10.4795 -1.87607
10.481 -1.88664
10.4825 -1.89722
10.484 -1.90781
10.4855 -1.91841
10.487 -1.92903
10.4885 -1.93966
10.49 -1.9503
10.4915 -1.96095
10.493 -1.97161
10.4945 -1.98229
10.496 -1.99298
10.4975 -2.00368
10.499 -2.01438
10.5005 -2.0251
10.502 -2.03583
10.5035 -2.04657
10.505 -2.05733
10.5065 -2.06809
10.508 -2.07886
10.5095 -2.08963
10.511 -2.10042
10.5125 -2.11122
10.514 -2.12203
10.5155 -2.13284
10.517 -2.14366
10.5185 -2.15449
10.52 -2.16533
10.5215 -2.17618
10.523 -2.18703
10.5245 -2.1979
10.526 -2.20876
10.5275 -2.21964
10.529 -2.23052
10.5305 -2.24141
10.532 -2.2523
10.5335 -2.2632
10.535 -2.27411
10.5365 -2.28502
10.538 -2.29593
10.5395 -2.30686
10.541 -2.31778
10.5425 -2.32871
10.544 -2.33965
10.5455 -2.35059
10.547 -2.36153
10.5485 -2.37247
10.55 -2.38342
10.5515 -2.39438
10.553 -2.40533
10.5545 -2.41629
10.556 -2.42725
10.5575 -2.43822
10.559 -2.44918
10.5605 -2.46015
10.562 -2.47112
10.5635 -2.48209
10.565 -2.49306
10.5665 -2.50403
10.568 -2.515
10.5695 -2.52598
10.571 -2.53695
10.5725 -2.54792
10.574 -2.5589
10.5755 -2.56987
10.577 -2.58084
10.5785 -2.59181
10.58 -2.60278
10.5815 -2.61375
10.583 -2.62471
10.5845 -2.63567
10.586 -2.64664
10.5875 -2.65759
10.589 -2.66855
10.5905 -2.6795
10.592 -2.69045
10.5935 -2.7014
10.595 -2.71234
10.5965 -2.72328
10.598 -2.73421
10.5995 -2.74514
10.6011 -2.75607
10.6026 -2.76699
10.6041 -2.7779
10.6056 -2.78881
10.6071 -2.79971
10.6086 -2.81061
10.6101 -2.8215
10.6116 -2.83239
10.6131 -2.84326
10.6146 -2.85413
10.6161 -2.865
10.6176 -2.87585
10.6191 -2.8867
10.6206 -2.89754
10.6221 -2.90837
10.6236 -2.91919
10.6251 -2.93001
10.6266 -2.94081
10.6281 -2.95161
10.6296 -2.96239
10.6311 -2.97317
10.6326 -2.98394
10.6341 -2.99469
10.6356 -3.00544
10.6371 -3.01617
10.6386 -3.02689
10.6401 -3.0376
10.6416 -3.0483
10.6431 -3.05899
10.6446 -3.06966
10.6461 -3.08033
10.6476 -3.09098
10.6491 -3.10161
10.6506 -3.11223
10.6521 -3.12284
10.6536 -3.13344
10.6551 -3.14402
10.6566 -3.15459
10.6581 -3.16514
10.6596 -3.17568
10.6611 -3.1862
10.6626 -3.1967
10.6641 -3.20719
10.6656 -3.21767
10.6671 -3.22812
10.6686 -3.23856
10.6701 -3.24899
10.6716 -3.25939
10.6731 -3.26978
10.6746 -3.28016
10.6761 -3.29051
10.6776 -3.30084
10.6791 -3.31116
10.6806 -3.32146
10.6821 -3.33173
10.6836 -3.34199
10.6851 -3.35223
10.6866 -3.36245
10.6881 -3.37265
10.6896 -3.38282
10.6911 -3.39298
10.6926 -3.40312
10.6941 -3.41323
10.6956 -3.42332
10.6971 -3.43339
10.6986 -3.44344
10.7001 -3.45346
10.7016 -3.46347
10.7031 -3.47344
10.7046 -3.4834
10.7061 -3.49333
10.7076 -3.50324
10.7091 -3.51312
10.7106 -3.52298
10.7121 -3.53281
10.7136 -3.54262
10.7151 -3.5524
10.7166 -3.56215
10.7181 -3.57188
10.7196 -3.58158
10.7211 -3.59126
10.7226 -3.60091
10.7241 -3.61053
10.7256 -3.62012
10.7271 -3.62969
10.7286 -3.63923
10.7301 -3.64874
10.7316 -3.65821
10.7331 -3.66766
10.7346 -3.67709
10.7361 -3.68648
10.7376 -3.69584
10.7391 -3.70517
10.7406 -3.71447
10.7421 -3.72373
10.7436 -3.73297
10.7451 -3.74217
10.7466 -3.75135
10.7481 -3.76049
10.7496 -3.7696
10.7511 -3.77867
10.7526 -3.78771
10.7541 -3.79672
10.7556 -3.80569
10.7571 -3.81463
10.7586 -3.82354
10.7601 -3.83241
10.7616 -3.84124
10.7631 -3.85004
10.7646 -3.85881
10.7661 -3.86753
10.7676 -3.87622
10.7691 -3.88488
10.7706 -3.89349
10.7721 -3.90207
10.7736 -3.91061
10.7751 -3.91912
10.7766 -3.92758
10.7781 -3.93601
10.7796 -3.9444
10.7811 -3.95274
10.7826 -3.96105
10.7841 -3.96932
10.7856 -3.97755
10.7871 -3.98574
10.7886 -3.99388
10.7901 -4.00199
10.7916 -4.01005
10.7931 -4.01807
10.7946 -4.02605
10.7961 -4.03398
10.7976 -4.04188
10.7991 -4.04972
10.8007 -4.05753
10.8022 -4.06529
10.8037 -4.07301
10.8052 -4.08068
10.8067 -4.08831
10.8082 -4.09589
10.8097 -4.10343
10.8112 -4.11092
10.8127 -4.11836
10.8142 -4.12576
10.8157 -4.13311
10.8172 -4.14041
10.8187 -4.14767
10.8202 -4.15487
10.8217 -4.16203
10.8232 -4.16914
10.8247 -4.1762
10.8262 -4.18321
10.8277 -4.19017
10.8292 -4.19708
10.8307 -4.20394
10.8322 -4.21075
10.8337 -4.21751
10.8352 -4.22422
10.8367 -4.23087
10.8382 -4.23748
10.8397 -4.24403
10.8412 -4.25052
10.8427 -4.25697
10.8442 -4.26336
10.8457 -4.26969
10.8472 -4.27597
10.8487 -4.2822
10.8502 -4.28837
10.8517 -4.29449
10.8532 -4.30055
10.8547 -4.30655
10.8562 -4.3125
10.8577 -4.31839
10.8592 -4.32423
10.8607 -4.33
10.8622 -4.33572
10.8637 -4.34138
10.8652 -4.34698
10.8667 -4.35253
10.8682 -4.35801
10.8697 -4.36343
10.8712 -4.3688
10.8727 -4.3741
10.8742 -4.37934
10.8757 -4.38452
10.8772 -4.38964
10.8787 -4.3947
10.8802 -4.39969
10.8817 -4.40462
10.8832 -4.40949
10.8847 -4.4143
10.8862 -4.41904
10.8877 -4.42372
10.8892 -4.42833
10.8907 -4.43288
10.8922 -4.43736
10.8937 -4.44178
10.8952 -4.44613
10.8967 -4.45041
10.8982 -4.45463
10.8997 -4.45878
10.9012 -4.46287
10.9027 -4.46688
10.9042 -4.47083
10.9057 -4.47471
10.9072 -4.47852
10.9087 -4.48226
10.9102 -4.48593
10.9117 -4.48953
10.9132 -4.49306
10.9147 -4.49651
10.9162 -4.4999
10.9177 -4.50322
10.9192 -4.50646
10.9207 -4.50963
10.9222 -4.51273
10.9237 -4.51575
10.9252 -4.51871
10.9267 -4.52158
10.9282 -4.52439
10.9297 -4.52711
10.9312 -4.52977
10.9327 -4.53234
10.9342 -4.53484
10.9357 -4.53727
10.9372 -4.53962
10.9387 -4.54189
10.9402 -4.54408
10.9417 -4.5462
10.9432 -4.54823
10.9447 -4.55019
10.9462 -4.55207
10.9477 -4.55387
10.9492 -4.55559
10.9507 -4.55723
10.9522 -4.55879
10.9537 -4.56027
10.9552 -4.56167
10.9567 -4.56298
10.9582 -4.56421
10.9597 -4.56536
10.9612 -4.56643
10.9627 -4.56741
10.9642 -4.56831
10.9657 -4.56913
10.9672 -4.56986
10.9687 -4.5705
10.9702 -4.57106
10.9717 -4.57153
10.9732 -4.57192
10.9747 -4.57222
10.9762 -4.57244
10.9777 -4.57256
10.9792 -4.5726
10.9807 -4.57255
10.9822 -4.57241
10.9837 -4.57218
10.9852 -4.57186
10.9867 -4.57145
10.9882 -4.57096
10.9897 -4.57037
10.9912 -4.56969
10.9927 -4.56891
10.9942 -4.56805
10.9957 -4.56709
10.9972 -4.56604
10.9987 -4.5649
11.0003 -4.56366
11.0018 -4.56233
11.0033 -4.56091
11.0048 -4.55938
11.0063 -4.55777
11.0078 -4.55606
11.0093 -4.55425
11.0108 -4.55234
11.0123 -4.55034
11.0138 -4.54824
11.0153 -4.54604
11.0168 -4.54375
11.0183 -4.54135
11.0198 -4.53886
11.0213 -4.53627
11.0228 -4.53357
11.0243 -4.53078
11.0258 -4.52788
11.0273 -4.52489
11.0288 -4.52179
11.0303 -4.51859
11.0318 -4.51528
11.0333 -4.51188
11.0348 -4.50837
11.0363 -4.50475
11.0378 -4.50104
11.0393 -4.49721
11.0408 -4.49328
11.0423 -4.48925
11.0438 -4.48511
11.0453 -4.48086
11.0468 -4.47651
11.0483 -4.47205
11.0498 -4.46748
11.0513 -4.4628
11.0528 -4.45801
11.0543 -4.45312
11.0558 -4.44811
11.0573 -4.443
11.0588 -4.43777
11.0603 -4.43244
11.0618 -4.42699
11.0633 -4.42143
11.0648 -4.41575
11.0663 -4.40997
11.0678 -4.40407
11.0693 -4.39806
11.0708 -4.39193
11.0723 -4.38569
11.0738 -4.37934
11.0753 -4.37287
11.0768 -4.36628
11.0783 -4.35958
11.0798 -4.35276
11.0813 -4.34582
11.0828 -4.33876
11.0843 -4.33159
11.0858 -4.3243
11.0873 -4.31689
11.0888 -4.30936
11.0903 -4.30171
11.0918 -4.29394
11.0933 -4.28604
11.0948 -4.27803
11.0963 -4.2699
11.0978 -4.26164
11.0993 -4.25326
11.1008 -4.24476
11.1023 -4.23613
11.1038 -4.22738
11.1053 -4.2185
11.1068 -4.2095
11.1083 -4.20038
11.1098 -4.19113
11.1113 -4.18175
11.1128 -4.17224
11.1143 -4.16261
11.1158 -4.15285
11.1173 -4.14296
11.1188 -4.13295
11.1203 -4.1228
11.1218 -4.11252
11.1233 -4.10212
11.1248 -4.09158
11.1263 -4.08091
11.1278 -4.07011
11.1293 -4.05918
11.1308 -4.04812
11.1323 -4.03692
11.1338 -4.02559
11.1353 -4.01413
11.1368 -4.00253
11.1383 -3.99079
11.1398 -3.97892
11.1413 -3.96692
11.1428 -3.95478
11.1443 -3.9425
11.1458 -3.93009
11.1473 -3.91753
11.1488 -3.90484
11.1503 -3.89201
11.1518 -3.87904
11.1533 -3.86593
11.1548 -3.85269
11.1563 -3.8393
11.1578 -3.82577
11.1593 -3.81209
11.1608 -3.79828
11.1623 -3.78432
11.1638 -3.77022
11.1653 -3.75598
11.1668 -3.74159
11.1683 -3.72706
11.1698 -3.71238
11.1713 -3.69756
11.1728 -3.68259
11.1743 -3.66748
11.1758 -3.65222
11.1773 -3.63681
11.1788 -3.62125
11.1803 -3.60554
11.1818 -3.58969
11.1833 -3.57368
11.1848 -3.55753
11.1863 -3.54123
11.1878 -3.52477
11.1893 -3.50816
11.1908 -3.4914
11.1923 -3.47449
11.1938 -3.45743
11.1953 -3.44021
11.1968 -3.42284
11.1983 -3.40531
11.1998 -3.38763
11.2014 -3.3698
11.2029 -3.35181
11.2044 -3.33366
11.2059 -3.31535
11.2074 -3.29689
11.2089 -3.27827
11.2104 -3.25949
11.2119 -3.24055
11.2134 -3.22145
11.2149 -3.2022
11.2164 -3.18278
11.2179 -3.1632
11.2194 -3.14346
11.2209 -3.12356
11.2224 -3.10349
11.2239 -3.08326
11.2254 -3.06287
11.2269 -3.04231
11.2284 -3.02159
11.2299 -3.00071
11.2314 -2.97966
11.2329 -2.95844
11.2344 -2.93706
11.2359 -2.91551
11.2374 -2.89379
11.2389 -2.8719
11.2404 -2.84985
11.2419 -2.82762
11.2434 -2.80523
11.2449 -2.78266
11.2464 -2.75993
11.2479 -2.73702
11.2494 -2.71394
11.2509 -2.69069
11.2524 -2.66727
11.2539 -2.64367
11.2554 -2.6199
11.2569 -2.59596
11.2584 -2.57184
11.2599 -2.54754
11.2614 -2.52307
11.2629 -2.49842
11.2644 -2.4736
11.2659 -2.44859
11.2674 -2.42341
11.2689 -2.39805
11.2704 -2.37251
11.2719 -2.34679
11.2734 -2.3209
11.2749 -2.29482
11.2764 -2.26855
11.2779 -2.24211
11.2794 -2.21549
11.2809 -2.18868
11.2824 -2.16169
11.2839 -2.13451
11.2854 -2.10715
11.2869 -2.07961
11.2884 -2.05188
11.2899 -2.02396
11.2914 -1.99586
11.2929 -1.96756
11.2944 -1.93909
11.2959 -1.91042
11.2974 -1.88156
11.2989 -1.85252
11.3004 -1.82328
11.3019 -1.79386
11.3034 -1.76424
11.3049 -1.73443
11.3064 -1.70443
11.3079 -1.67424
11.3094 -1.64385
11.3109 -1.61327
11.3124 -1.5825
11.3139 -1.55153
11.3154 -1.52037
11.3169 -1.48901
11.3184 -1.45745
11.3199 -1.42569
11.3214 -1.39374
11.3229 -1.36159
11.3244 -1.32924
11.3259 -1.2967
11.3274 -1.26395
11.3289 -1.231
11.3304 -1.19785
11.3319 -1.1645
11.3334 -1.13095
11.3349 -1.09719
11.3364 -1.06324
11.3379 -1.02907
11.3394 -0.994708
11.3409 -0.960136
11.3424 -0.92536
11.3439 -0.890378
11.3454 -0.855188
11.3469 -0.819792
11.3484 -0.784189
11.3499 -0.748377
11.3514 -0.712356
11.3529 -0.676126
11.3544 -0.639686
11.3559 -0.603035
11.3574 -0.566174
11.3589 -0.5291
11.3604 -0.491815
11.3619 -0.454317
11.3634 -0.416605
11.3649 -0.37868
11.3664 -0.34054
11.3679 -0.302185
11.3694 -0.263615
11.3709 -0.224828
11.3724 -0.185825
11.3739 -0.146604
11.3754 -0.107165
11.3769 -0.0675078
11.3784 -0.0276316
11.3799 0.0124643
11.3814 0.0527804
11.3829 0.0933173
11.3844 0.134076
11.3859 0.175056
11.3874 0.216259
11.3889 0.257684
11.3904 0.299334
11.3919 0.341208
11.3934 0.383307
11.3949 0.425631
11.3964 0.468181
11.3979 0.510958
11.3994 0.553962
11.401 0.597193
11.4025 0.640653
11.404 0.684342
11.4055 0.728261
11.407 0.77241
11.4085 0.816789
11.41 0.8614
11.4115 0.906243
11.413 0.951318
11.4145 0.996626
11.416 1.04217
11.4175 1.08794
11.419 1.13395
11.4205 1.1802
11.422 1.22668
11.4235 1.2734
11.425 1.32036
11.4265 1.36755
11.428 1.41499
11.4295 1.46266
11.431 1.51057
11.4325 1.55872
11.434 1.60711
11.4355 1.65575
11.437 1.70462
11.4385 1.75374
11.44 1.8031
11.4415 1.85271
11.443 1.90256
11.4445 1.95265
11.446 2.00299
11.4475 2.05358
11.449 2.10441
11.4505 2.15549
11.452 2.20682
11.4535 2.2584
11.455 2.31023
11.4565 2.3623
11.458 2.41463
11.4595 2.46721
11.461 2.52004
11.4625 2.57312
11.464 2.62646
11.4655 2.68005
11.467 2.73389
11.4685 2.78799
11.47 2.84234
11.4715 2.89695
11.473 2.95182
11.4745 3.00694
11.476 3.06232
11.4775 3.11796
11.479 3.17386
11.4805 3.23002
11.482 3.28644
11.4835 3.34312
11.485 3.40006
11.4865 3.45726
11.488 3.51473
11.4895 3.57246
11.491 3.63045
11.4925 3.68871
11.494 3.74723
11.4955 3.80602
11.497 3.86508
11.4985 3.9244
11.5 3.98399
