-2.74992 0.00913348
-2.64043 0.00456674
-2.53095 0
-2.42146 0.0137002
-2.31197 0.0365339
-2.20249 0.0365339
-2.093 0.0639343
-1.98351 0.0319672
-1.87402 0.0959015
-1.76454 0.0502341
-1.65505 0.0685011
-1.54556 0.0822013
-1.43607 0.0502341
-1.32659 0.0502341
-1.2171 0.00456674
-1.10761 0.0228337
-0.998125 0.0319672
-0.888638 0.0319672
-0.77915 0.0411006
-0.669663 0.0137002
-0.560176 0.0319672
-0.450688 0.0137002
-0.341201 0.0228337
-0.231714 0.0730678
-0.122226 0.264871
-0.0127389 1.80386
0.0967485 1.39286
0.206236 0.310538
0.315723 0.086768
0.42521 0.0502341
0.534698 0.0137002
0.644185 0.018267
0.753672 0.018267
0.86316 0.0228337
0.972647 0.0365339
1.08213 0.0548009
1.19162 0.164403
1.30111 0.18267
1.4106 0.347072
1.52008 0.538875
1.62957 0.516041
1.73906 0.61651
1.84855 0.575409
1.95803 0.520608
2.06752 0.319672
2.17701 0.18267
2.2865 0.127869
2.39598 0.0639343
2.50547 0.00913348
2.61496 0.0137002
