33.6498 0.0190614
33.7022 0.142961
33.7547 0.343106
33.8071 0.752927
33.8596 1.36289
33.9121 1.91567
33.9645 2.39221
34.017 2.56376
34.0694 2.50658
34.1219 2.06817
34.1744 1.61069
34.2268 1.01979
34.2793 0.762458
34.3318 0.53372
34.3842 0.304983
34.4367 0.142961
34.4891 0.114369
34.5416 0.0381229
34.5941 0.0762458
34.6465 0.0762458
34.699 0.0190614
34.7515 0
34.8039 0.00953072
34.8564 0.00953072
34.9088 0
34.9613 0.0285922
35.0138 0
35.0662 0.0190614
35.1187 0
35.1711 0
35.2236 0
35.2761 0
35.3285 0
35.381 0.00953072
35.4335 0
35.4859 0
35.5384 0.00953072
35.5908 0
35.6433 0.0190614
35.6958 0.0190614
35.7482 0.0476536
35.8007 0.0190614
35.8532 0.0190614
35.9056 0.0190614
35.9581 0
36.0105 0.0285922
36.063 0.00953072
36.1155 0.00953072
36.1679 0.00953072
36.2204 0.00953072
