0 0.690241
0.1 0.777095
0.2 0.6814
0.3 0.676363
0.4 0.716818
0.5 0.783357
0.6 0.642324
0.7 0.708769
0.8 0.666415
0.9 0.65166
1 0.590871
1.1 0.718387
1.2 0.756201
1.3 0.671072
1.4 0.698763
1.5 0.670884
1.6 0.675859
1.7 0.71515
1.8 0.763198
1.9 0.712664
2 0.643688
2.1 0.797013
2.2 0.741325
2.3 0.661391
2.4 0.696774
2.5 0.821976
2.6 0.711912
2.7 0.761512
2.8 0.796743
2.9 0.743376
3 0.734126
3.1 0.810016
3.2 0.664612
3.3 0.679325
3.4 0.782472
3.5 0.669012
3.6 0.717307
3.7 0.794361
3.8 0.779907
3.9 0.720326
4 0.726574
4.1 0.738322
4.2 0.743159
4.3 0.646092
4.4 0.758658
4.5 0.634552
4.6 0.703711
4.7 0.794152
4.8 0.723845
4.9 0.834392
5 0.723654
5.1 0.687749
5.2 0.687682
5.3 0.794404
5.4 0.760655
5.5 0.657084
5.6 0.825267
5.7 0.588605
5.8 0.776968
5.9 0.730161
6 0.772573
6.1 0.857217
6.2 0.717664
6.3 0.80838
6.4 0.732063
6.5 0.65557
6.6 0.681725
6.7 0.576238
6.8 0.743283
6.9 0.711592
7 0.708318
7.1 0.7934
7.2 0.784374
7.3 0.739256
7.4 0.780305
7.5 0.745119
7.6 0.703849
7.7 0.726657
7.8 0.790322
7.9 0.705844
8 0.820576
8.1 0.830711
8.2 0.704132
8.3 0.720307
8.4 0.703707
8.5 0.733264
8.6 0.715254
8.7 0.735479
8.8 0.848917
8.9 0.832363
9 0.896184
9.1 0.71674
9.2 0.701537
9.3 0.843759
9.4 0.76665
9.5 0.898054
9.6 0.777717
9.7 0.835443
9.8 0.726944
9.9 0.757215
10 0.762769
10.1 0.746347
10.2 0.650851
10.3 0.847522
10.4 0.718389
10.5 0.750881
10.6 0.694148
10.7 0.672601
10.8 0.762777
10.9 0.709481
11 0.732474
11.1 0.717105
11.2 0.680912
11.3 0.742205
11.4 0.739476
11.5 0.726747
11.6 0.741707
11.7 0.704444
11.8 0.761304
11.9 0.722304
12 0.705788
12.1 0.732939
12.2 0.750456
12.3 0.737701
12.4 0.734938
12.5 0.704718
12.6 0.78498
12.7 0.810035
12.8 0.763964
12.9 0.752671
13 0.733639
13.1 0.79355
13.2 0.782187
13.3 0.656353
13.4 0.62307
13.5 0.765913
13.6 0.67387
13.7 0.788122
13.8 0.782959
13.9 0.685674
14 0.66697
14.1 0.711659
14.2 0.888246
14.3 0.866527
14.4 0.765161
14.5 0.699541
14.6 0.768818
14.7 0.794798
14.8 0.785716
14.9 0.764689
15 0.618599
15.1 0.656708
15.2 0.778469
15.3 0.835657
15.4 0.774961
15.5 0.758843
15.6 0.735585
15.7 0.847166
15.8 0.782509
15.9 0.751916
16 0.794415
16.1 0.759788
16.2 0.753916
16.3 0.7717
16.4 0.705787
16.5 0.661377
16.6 0.721117
16.7 0.797656
16.8 0.711315
16.9 0.730282
17 0.68197
17.1 0.683801
17.2 0.648802
17.3 0.780882
17.4 0.762542
17.5 0.763021
17.6 0.795691
17.7 0.759878
17.8 0.787766
17.9 0.776329
18 0.763862
18.1 0.671649
18.2 0.844204
18.3 0.763985
18.4 0.81475
18.5 0.728549
18.6 0.688323
18.7 0.728358
18.8 0.758328
18.9 0.773045
19 0.760769
19.1 0.855947
19.2 0.652834
19.3 0.828053
19.4 0.667755
19.5 0.90403
19.6 0.848393
19.7 0.878104
19.8 0.746352
19.9 0.74639
20 0.673555
20.1 0.807212
20.2 0.765508
20.3 0.646237
20.4 0.71033
20.5 0.748384
20.6 0.705787
20.7 0.719503
20.8 0.764529
20.9 0.915612
21 0.826974
21.1 0.770405
21.2 0.690642
21.3 0.802459
21.4 0.819895
21.5 0.914742
21.6 0.796274
21.7 0.795808
21.8 0.780505
21.9 0.767546
22 0.69639
22.1 0.813386
22.2 0.813512
22.3 0.779344
22.4 0.716522
22.5 0.798422
22.6 0.736172
22.7 0.780375
22.8 0.788175
22.9 0.839681
23 0.81005
23.1 0.74845
23.2 0.890134
23.3 0.716029
23.4 0.728676
23.5 0.845043
23.6 0.827434
23.7 0.740259
23.8 0.78706
23.9 0.812494
24 0.6923
24.1 0.783193
24.2 0.743073
24.3 0.698274
24.4 0.892353
24.5 0.777081
24.6 0.806535
24.7 0.844019
24.8 0.702248
24.9 0.867714
25 0.803688
25.1 0.712201
25.2 0.776252
25.3 0.842316
25.4 0.675919
25.5 0.663409
25.6 0.682774
25.7 0.742365
25.8 0.807299
25.9 0.733009
26 0.78444
26.1 0.651182
26.2 0.68921
26.3 0.654987
26.4 0.829204
26.5 0.882002
26.6 0.896102
26.7 0.742552
26.8 0.833661
26.9 0.871525
27 0.765678
27.1 0.847025
27.2 0.855151
27.3 0.821023
27.4 0.768903
27.5 0.832394
27.6 0.836476
27.7 0.687368
27.8 0.838934
27.9 0.718329
28 0.873815
28.1 0.771579
28.2 0.7175
28.3 0.799421
28.4 0.88531
28.5 0.771912
28.6 0.799091
28.7 0.758795
28.8 0.802013
28.9 0.713482
29 0.751094
29.1 0.832613
29.2 0.802187
29.3 0.771063
29.4 0.791969
29.5 0.942073
29.6 0.811678
29.7 0.78131
29.8 0.821122
29.9 0.819605
30 0.861621
30.1 0.865379
30.2 0.82317
30.3 0.910987
30.4 0.768182
30.5 0.784655
30.6 0.685
30.7 0.72561
30.8 0.778797
30.9 0.665065
31 0.831015
31.1 0.644715
31.2 0.640138
31.3 0.76986
31.4 0.8979
31.5 0.809151
31.6 0.732844
31.7 0.800938
31.8 0.73213
31.9 0.829596
32 0.851341
32.1 0.784557
32.2 0.744918
32.3 0.664258
32.4 0.746708
32.5 0.724013
32.6 0.77646
32.7 0.872644
32.8 0.802009
32.9 0.803011
33 0.847112
33.1 0.800409
33.2 0.741945
33.3 0.730069
33.4 0.841804
33.5 0.804552
33.6 0.758825
33.7 0.761079
33.8 0.94419
33.9 0.854283
34 0.820943
34.1 0.762951
34.2 0.706275
34.3 0.924751
34.4 0.820302
34.5 0.790867
34.6 0.767419
34.7 0.789759
34.8 0.79684
34.9 0.85363
35 0.94145
35.1 0.742214
35.2 0.816962
35.3 0.933
35.4 0.828612
35.5 0.756518
35.6 0.774313
35.7 0.781079
35.8 0.685679
35.9 0.864149
36 0.737017
36.1 0.865847
36.2 0.82729
36.3 0.818981
36.4 0.783647
36.5 0.856682
36.6 0.711243
36.7 0.815219
36.8 0.806496
36.9 0.752902
37 0.917278
37.1 0.794675
37.2 0.769702
37.3 0.830856
37.4 0.812467
37.5 0.862373
37.6 0.746335
37.7 0.872119
37.8 0.755322
37.9 0.713259
38 0.782371
38.1 0.837419
38.2 0.846416
38.3 0.779389
38.4 0.898955
38.5 0.825648
38.6 0.854906
38.7 0.763421
38.8 0.740002
38.9 0.87015
39 0.903834
39.1 0.932278
39.2 0.912015
39.3 0.657566
39.4 0.672884
39.5 0.910522
39.6 0.71007
39.7 0.873494
39.8 0.894223
39.9 0.901284
40 0.793358
40.1 0.888895
40.2 0.77099
40.3 0.735247
40.4 0.839581
40.5 0.876562
40.6 0.867766
40.7 0.867141
40.8 0.958079
40.9 0.794454
41 0.794031
41.1 0.81455
41.2 0.873091
41.3 0.83726
41.4 0.804819
41.5 0.8934
41.6 0.887293
41.7 0.752767
41.8 1.00117
41.9 0.845175
42 0.836769
42.1 0.732767
42.2 0.793662
42.3 0.89781
42.4 0.813201
42.5 0.80211
42.6 0.822948
42.7 0.842008
42.8 0.847027
42.9 0.869258
43 0.767558
43.1 0.79447
43.2 0.830646
43.3 0.854549
43.4 0.914009
43.5 0.736914
43.6 0.769791
43.7 0.821671
43.8 0.880089
43.9 0.868719
44 0.863259
44.1 0.785675
44.2 0.894794
44.3 0.800258
44.4 0.880202
44.5 0.785437
44.6 0.843074
44.7 0.953128
44.8 0.831869
44.9 0.982505
45 0.956761
45.1 0.757066
45.2 0.779878
45.3 0.896394
45.4 0.782303
45.5 0.721785
45.6 0.80055
45.7 0.670171
45.8 0.869466
45.9 0.928917
46 0.853139
46.1 0.694925
46.2 0.817568
46.3 0.775157
46.4 0.900536
46.5 0.899573
46.6 0.741654
46.7 0.847204
46.8 0.815431
46.9 0.778935
47 0.831741
47.1 0.831181
47.2 0.914927
47.3 0.840077
47.4 0.75152
47.5 0.869891
47.6 0.744773
47.7 0.879726
47.8 0.827474
47.9 0.828612
48 0.908901
48.1 0.851793
48.2 0.768125
48.3 0.809697
48.4 0.81724
48.5 0.812366
48.6 0.758734
48.7 0.918315
48.8 0.843411
48.9 0.845418
49 0.812743
49.1 0.807689
49.2 0.732354
49.3 0.815549
49.4 0.886045
49.5 0.806883
49.6 0.742553
49.7 0.837505
49.8 0.937207
49.9 0.829205
50 0.799224
50.1 0.946571
50.2 0.902829
50.3 0.931928
50.4 0.846215
50.5 0.831985
50.6 0.954563
50.7 0.763586
50.8 0.797695
50.9 0.867303
51 0.801496
51.1 0.974514
51.2 1.01583
51.3 0.865931
51.4 0.766317
51.5 0.749846
51.6 0.863922
51.7 0.881115
51.8 0.860808
51.9 0.873516
52 0.781036
52.1 0.792776
52.2 0.963611
52.3 0.994218
52.4 0.791402
52.5 0.920429
52.6 0.868185
52.7 0.793388
52.8 0.748116
52.9 0.859323
53 0.844989
53.1 0.767068
53.2 0.852969
53.3 0.729033
53.4 0.711256
53.5 0.869251
53.6 0.799343
53.7 0.915609
53.8 0.865983
53.9 0.887346
54 0.816228
54.1 0.829961
54.2 0.912622
54.3 0.815296
54.4 0.861633
54.5 0.908672
54.6 0.915926
54.7 0.838329
54.8 0.837871
54.9 0.785412
55 0.789117
55.1 0.912809
55.2 0.802109
55.3 0.731751
55.4 0.829043
55.5 0.94983
55.6 0.882274
55.7 0.893095
55.8 0.867022
55.9 0.858238
56 0.935394
56.1 0.8678
56.2 0.82967
56.3 1.04742
56.4 0.800051
56.5 0.862159
56.6 0.807732
56.7 0.782999
56.8 0.795555
56.9 0.747376
57 0.750264
57.1 0.853113
57.2 0.867871
57.3 0.799887
57.4 0.876284
57.5 0.813278
57.6 0.742613
57.7 0.799408
57.8 0.900509
57.9 0.797124
58 0.842436
58.1 0.85006
58.2 0.876467
58.3 0.881854
58.4 0.91065
58.5 0.876783
58.6 0.762757
58.7 0.782568
58.8 0.914409
58.9 0.842485
59 0.89714
59.1 0.838687
59.2 0.789941
59.3 0.849179
59.4 0.873898
59.5 0.789682
59.6 0.894836
59.7 0.904031
59.8 1.00849
59.9 0.857806
60 0.868618
60.1 0.772069
60.2 0.831646
60.3 0.818534
60.4 0.835895
60.5 0.72378
60.6 0.793624
60.7 0.811287
60.8 0.784208
60.9 0.780506
61 0.726541
61.1 0.703273
61.2 0.736562
61.3 0.838194
61.4 0.874376
61.5 1.003
61.6 0.825451
61.7 0.976822
61.8 0.923583
61.9 0.936044
62 0.828806
62.1 0.764481
62.2 0.818369
62.3 0.879271
62.4 0.882642
62.5 0.840159
62.6 0.893937
62.7 0.841326
62.8 0.731727
62.9 0.822712
63 0.853533
63.1 0.769065
63.2 0.810169
63.3 0.83801
63.4 0.857715
63.5 0.828976
63.6 0.807908
63.7 0.831357
63.8 0.846864
63.9 0.833769
64 0.971169
64.1 0.764208
64.2 0.827371
64.3 0.848669
64.4 0.862459
64.5 0.844877
64.6 0.724639
64.7 0.857066
64.8 0.966715
64.9 0.825563
65 0.878943
65.1 0.829433
65.2 0.915503
65.3 0.897765
65.4 0.900768
65.5 0.855907
65.6 0.835762
65.7 0.710853
65.8 0.805607
65.9 0.825311
66 0.777901
66.1 0.877879
66.2 0.987982
66.3 0.954792
66.4 0.737374
66.5 0.979386
66.6 0.89536
66.7 0.767251
66.8 0.847514
66.9 0.861106
67 0.8666
67.1 0.790994
67.2 0.815148
67.3 0.809629
67.4 0.867643
67.5 0.878429
67.6 0.878052
67.7 0.947658
67.8 0.860591
67.9 0.866512
68 0.767156
68.1 0.812285
68.2 0.94826
68.3 0.874693
68.4 0.737352
68.5 0.89906
68.6 0.87946
68.7 0.811091
68.8 0.786414
68.9 0.832784
69 0.730425
69.1 0.863088
69.2 0.865594
69.3 0.840726
69.4 0.815865
69.5 0.857422
69.6 0.790536
69.7 0.724117
69.8 0.916736
69.9 0.91881
70 0.893158
70.1 0.999032
70.2 0.844142
70.3 0.729001
70.4 0.991532
70.5 0.787707
70.6 0.853122
70.7 0.94834
70.8 0.874114
70.9 0.947091
71 0.92009
71.1 0.856541
71.2 0.767279
71.3 0.842103
71.4 0.844007
71.5 0.840393
71.6 0.905039
71.7 0.811286
71.8 0.840598
71.9 0.902469
72 0.929816
72.1 0.819691
72.2 0.883004
72.3 0.881956
72.4 0.855332
72.5 0.897787
72.6 0.860832
72.7 0.922811
72.8 0.808433
72.9 0.832697
73 0.871955
73.1 0.83719
73.2 0.811593
73.3 0.906966
73.4 0.912509
73.5 0.806224
73.6 0.817651
73.7 0.837631
73.8 0.865525
73.9 0.703193
74 0.926732
74.1 0.898148
74.2 0.975406
74.3 0.96191
74.4 0.884545
74.5 0.969021
74.6 0.835367
74.7 0.776642
74.8 0.873335
74.9 0.921223
75 0.831531
75.1 0.917916
75.2 0.893275
75.3 1.0216
75.4 0.902432
75.5 0.842098
75.6 0.801144
75.7 0.816759
75.8 0.981098
75.9 0.894844
76 0.729276
76.1 0.789371
76.2 0.849834
76.3 0.823025
76.4 0.929359
76.5 0.878316
76.6 0.877846
76.7 0.960088
76.8 0.87731
76.9 0.86239
77 0.868036
77.1 0.989256
77.2 0.750964
77.3 0.768369
77.4 1.01544
77.5 0.815888
77.6 0.836215
77.7 0.915557
77.8 0.924597
77.9 0.857548
78 0.892393
78.1 0.932433
78.2 0.944336
78.3 0.767927
78.4 0.820397
78.5 0.799724
78.6 0.766577
78.7 0.85758
78.8 0.85485
78.9 0.86163
79 0.833505
79.1 0.870152
79.2 0.887022
79.3 0.916933
79.4 0.783403
79.5 0.764588
79.6 0.887367
79.7 0.819855
79.8 0.992895
79.9 0.740048
80 0.773005
80.1 0.899134
80.2 0.81373
80.3 0.883519
80.4 0.825097
80.5 0.81917
80.6 0.908185
80.7 0.844372
80.8 0.769317
80.9 0.845978
81 0.874998
81.1 0.88187
81.2 0.72297
81.3 0.85114
81.4 0.861534
81.5 0.893234
81.6 0.79536
81.7 0.800779
81.8 0.905134
81.9 0.901835
82 0.76791
82.1 0.934878
82.2 0.995442
82.3 0.874339
82.4 0.901102
82.5 0.9604
82.6 1.05542
82.7 0.828742
82.8 0.947385
82.9 0.779389
83 0.803582
83.1 0.876275
83.2 0.789296
83.3 0.82347
83.4 0.84843
83.5 1.04496
83.6 0.793149
83.7 0.858502
83.8 0.727631
83.9 0.889826
84 0.902712
84.1 0.760287
84.2 0.773235
84.3 0.860178
84.4 0.817621
84.5 0.885386
84.6 0.89905
84.7 0.87702
84.8 0.824435
84.9 0.883946
85 0.909628
85.1 0.7231
85.2 0.781873
85.3 0.946969
85.4 0.814681
85.5 0.757779
85.6 0.799533
85.7 0.926703
85.8 0.942425
85.9 0.771149
86 0.870806
86.1 0.829147
86.2 0.781988
86.3 0.751983
86.4 0.840341
86.5 0.907726
86.6 0.775542
86.7 0.792437
86.8 0.784695
86.9 0.897796
87 0.749335
87.1 0.813068
87.2 0.835929
87.3 1.00919
87.4 0.950497
87.5 1.14273
87.6 0.957637
87.7 0.834868
87.8 0.888716
87.9 0.903226
88 0.978035
88.1 0.854226
88.2 0.981227
88.3 1.00886
88.4 0.908615
88.5 0.827193
88.6 0.902947
88.7 0.888062
88.8 0.822029
88.9 0.867185
89 0.762536
89.1 0.884509
89.2 0.920771
89.3 0.896367
89.4 0.889909
89.5 0.88897
89.6 0.884387
89.7 0.917881
89.8 0.950155
89.9 0.999693
90 0.910415
90.1 0.857203
90.2 0.809321
90.3 0.864086
90.4 0.735284
90.5 0.897942
90.6 0.858355
90.7 0.741379
90.8 0.990113
90.9 0.814139
91 0.904657
91.1 0.8694
91.2 0.927116
91.3 0.913462
91.4 0.88658
91.5 0.729437
91.6 0.70617
91.7 0.842298
91.8 0.867108
91.9 0.872609
92 0.933462
92.1 0.870504
92.2 0.835267
92.3 0.886526
92.4 0.949625
92.5 0.891069
92.6 0.800895
92.7 0.893399
92.8 0.835434
92.9 0.826936
93 0.841327
93.1 0.91584
93.2 0.935068
93.3 0.916928
93.4 0.808237
93.5 0.802085
93.6 0.809438
93.7 0.88297
93.8 0.827682
93.9 0.858886
94 0.829019
94.1 0.900023
94.2 0.861875
94.3 0.843702
94.4 0.889559
94.5 0.928837
94.6 0.871348
94.7 0.85903
94.8 1.02216
94.9 0.918696
95 0.819344
95.1 0.896637
95.2 0.893112
95.3 0.861322
95.4 0.877416
95.5 1.02757
95.6 0.882634
95.7 0.879269
95.8 0.964869
95.9 0.84462
96 0.831752
96.1 0.854573
96.2 0.825949
96.3 0.891131
96.4 0.958755
96.5 0.99519
96.6 0.911504
96.7 0.991813
96.8 0.958964
96.9 0.935951
97 0.898174
97.1 1.01902
97.2 0.819124
97.3 0.746443
97.4 0.805033
97.5 0.928478
97.6 0.803853
97.7 0.853814
97.8 0.867959
97.9 0.821823
98 0.857866
98.1 0.908351
98.2 0.847906
98.3 0.832614
98.4 0.734348
98.5 0.940824
98.6 0.805468
98.7 0.859817
98.8 0.919278
98.9 0.868398
99 0.952992
99.1 0.884411
99.2 0.784255
99.3 0.820251
99.4 0.953275
99.5 0.81967
99.6 0.894167
99.7 0.916186
99.8 0.927825
99.9 0.691686
100 0.654333
