38.5 2.24296
38.5015 2.17746
38.503 2.11225
38.5045 2.04733
38.506 1.98272
38.5075 1.9184
38.509 1.85437
38.5105 1.79065
38.512 1.72721
38.5135 1.66407
38.515 1.60122
38.5165 1.53866
38.518 1.47639
38.5195 1.41442
38.521 1.35273
38.5225 1.29133
38.524 1.23022
38.5255 1.1694
38.527 1.10887
38.5285 1.04862
38.53 0.988658
38.5315 0.928981
38.533 0.869589
38.5345 0.810481
38.536 0.751655
38.5375 0.693112
38.539 0.634851
38.5405 0.576871
38.542 0.519171
38.5435 0.461751
38.545 0.40461
38.5465 0.347748
38.548 0.291163
38.5495 0.234855
38.551 0.178824
38.5525 0.123068
38.554 0.0675879
38.5555 0.0123817
38.557 -0.0425506
38.5585 -0.0972099
38.56 -0.151597
38.5615 -0.205712
38.563 -0.259556
38.5645 -0.313129
38.566 -0.366433
38.5675 -0.419468
38.569 -0.472234
38.5705 -0.524732
38.572 -0.576964
38.5735 -0.628928
38.575 -0.680627
38.5765 -0.732061
38.578 -0.78323
38.5795 -0.834135
38.581 -0.884777
38.5825 -0.935156
38.584 -0.985274
38.5855 -1.03513
38.587 -1.08473
38.5885 -1.13406
38.59 -1.18314
38.5915 -1.23195
38.593 -1.28051
38.5945 -1.32882
38.596 -1.37686
38.5975 -1.42465
38.599 -1.47218
38.6006 -1.51946
38.6021 -1.56649
38.6036 -1.61326
38.6051 -1.65978
38.6066 -1.70604
38.6081 -1.75206
38.6096 -1.79782
38.6111 -1.84333
38.6126 -1.8886
38.6141 -1.93361
38.6156 -1.97838
38.6171 -2.02289
38.6186 -2.06717
38.6201 -2.11119
38.6216 -2.15497
38.6231 -2.1985
38.6246 -2.24179
38.6261 -2.28483
38.6276 -2.32763
38.6291 -2.37019
38.6306 -2.41251
38.6321 -2.45458
38.6336 -2.49642
38.6351 -2.53801
38.6366 -2.57936
38.6381 -2.62048
38.6396 -2.66136
38.6411 -2.70199
38.6426 -2.7424
38.6441 -2.78256
38.6456 -2.82249
38.6471 -2.86218
38.6486 -2.90164
38.6501 -2.94087
38.6516 -2.97986
38.6531 -3.01862
38.6546 -3.05715
38.6561 -3.09544
38.6576 -3.13351
38.6591 -3.17134
38.6606 -3.20895
38.6621 -3.24632
38.6636 -3.28347
38.6651 -3.32039
38.6666 -3.35708
38.6681 -3.39355
38.6696 -3.42979
38.6711 -3.4658
38.6726 -3.50159
38.6741 -3.53715
38.6756 -3.57249
38.6771 -3.60761
38.6786 -3.64251
38.6801 -3.67718
38.6816 -3.71164
38.6831 -3.74587
38.6846 -3.77988
38.6861 -3.81367
38.6876 -3.84725
38.6891 -3.88061
38.6906 -3.91374
38.6921 -3.94667
38.6936 -3.97937
38.6951 -4.01186
38.6966 -4.04414
38.6981 -4.0762
38.6996 -4.10804
38.7011 -4.13968
38.7026 -4.1711
38.7041 -4.2023
38.7056 -4.2333
38.7071 -4.26409
38.7086 -4.29466
38.7101 -4.32503
38.7116 -4.35518
38.7131 -4.38513
38.7146 -4.41487
38.7161 -4.4444
38.7176 -4.47373
38.7191 -4.50285
38.7206 -4.53176
38.7221 -4.56047
38.7236 -4.58897
38.7251 -4.61727
38.7266 -4.64537
38.7281 -4.67326
38.7296 -4.70095
38.7311 -4.72844
38.7326 -4.75573
38.7341 -4.78282
38.7356 -4.80971
38.7371 -4.8364
38.7386 -4.86289
38.7401 -4.88919
38.7416 -4.91528
38.7431 -4.94118
38.7446 -4.96688
38.7461 -4.99239
38.7476 -5.0177
38.7491 -5.04282
38.7506 -5.06774
38.7521 -5.09247
38.7536 -5.117
38.7551 -5.14135
38.7566 -5.1655
38.7581 -5.18946
38.7596 -5.21323
38.7611 -5.23681
38.7626 -5.2602
38.7641 -5.2834
38.7656 -5.30642
38.7671 -5.32924
38.7686 -5.35188
38.7701 -5.37433
38.7716 -5.3966
38.7731 -5.41868
38.7746 -5.44058
38.7761 -5.46229
38.7776 -5.48381
38.7791 -5.50516
38.7806 -5.52632
38.7821 -5.5473
38.7836 -5.5681
38.7851 -5.58871
38.7866 -5.60915
38.7881 -5.6294
38.7896 -5.64948
38.7911 -5.66938
38.7926 -5.6891
38.7941 -5.70864
38.7956 -5.728
38.7971 -5.74719
38.7986 -5.7662
38.8002 -5.78504
38.8017 -5.8037
38.8032 -5.82219
38.8047 -5.8405
38.8062 -5.85864
38.8077 -5.87661
38.8092 -5.89441
38.8107 -5.91203
38.8122 -5.92948
38.8137 -5.94676
38.8152 -5.96387
38.8167 -5.98082
38.8182 -5.99759
38.8197 -6.0142
38.8212 -6.03063
38.8227 -6.0469
38.8242 -6.063
38.8257 -6.07894
38.8272 -6.09471
38.8287 -6.11032
38.8302 -6.12576
38.8317 -6.14104
38.8332 -6.15615
38.8347 -6.1711
38.8362 -6.18589
38.8377 -6.20052
38.8392 -6.21498
38.8407 -6.22928
38.8422 -6.24343
38.8437 -6.25741
38.8452 -6.27124
38.8467 -6.2849
38.8482 -6.29841
38.8497 -6.31176
38.8512 -6.32495
38.8527 -6.33799
38.8542 -6.35087
38.8557 -6.36359
38.8572 -6.37616
38.8587 -6.38858
38.8602 -6.40084
38.8617 -6.41294
38.8632 -6.4249
38.8647 -6.4367
38.8662 -6.44835
38.8677 -6.45985
38.8692 -6.47119
38.8707 -6.48239
38.8722 -6.49344
38.8737 -6.50434
38.8752 -6.51509
38.8767 -6.52569
38.8782 -6.53614
38.8797 -6.54645
38.8812 -6.5566
38.8827 -6.56662
38.8842 -6.57648
38.8857 -6.58621
38.8872 -6.59578
38.8887 -6.60522
38.8902 -6.61451
38.8917 -6.62365
38.8932 -6.63265
38.8947 -6.64152
38.8962 -6.65024
38.8977 -6.65881
38.8992 -6.66725
38.9007 -6.67555
38.9022 -6.68371
38.9037 -6.69173
38.9052 -6.69961
38.9067 -6.70735
38.9082 -6.71495
38.9097 -6.72242
38.9112 -6.72975
38.9127 -6.73695
38.9142 -6.744
38.9157 -6.75093
38.9172 -6.75772
38.9187 -6.76437
38.9202 -6.77089
38.9217 -6.77728
38.9232 -6.78354
38.9247 -6.78966
38.9262 -6.79565
38.9277 -6.80151
38.9292 -6.80724
38.9307 -6.81284
38.9322 -6.81831
38.9337 -6.82365
38.9352 -6.82887
38.9367 -6.83395
38.9382 -6.83891
38.9397 -6.84373
38.9412 -6.84844
38.9427 -6.85301
38.9442 -6.85746
38.9457 -6.86179
38.9472 -6.86599
38.9487 -6.87006
38.9502 -6.87401
38.9517 -6.87784
38.9532 -6.88155
38.9547 -6.88513
38.9562 -6.88859
38.9577 -6.89193
38.9592 -6.89515
38.9607 -6.89825
38.9622 -6.90123
38.9637 -6.90409
38.9652 -6.90683
38.9667 -6.90945
38.9682 -6.91195
38.9697 -6.91433
38.9712 -6.9166
38.9727 -6.91875
38.9742 -6.92079
38.9757 -6.92271
38.9772 -6.92451
38.9787 -6.9262
38.9802 -6.92778
38.9817 -6.92924
38.9832 -6.93058
38.9847 -6.93182
38.9862 -6.93294
38.9877 -6.93395
38.9892 -6.93485
38.9907 -6.93564
38.9922 -6.93631
38.9937 -6.93688
38.9952 -6.93733
38.9967 -6.93768
38.9982 -6.93792
38.9997 -6.93805
39.0013 -6.93807
39.0028 -6.93799
39.0043 -6.9378
39.0058 -6.9375
39.0073 -6.93709
39.0088 -6.93658
39.0103 -6.93597
39.0118 -6.93525
39.0133 -6.93443
39.0148 -6.9335
39.0163 -6.93247
39.0178 -6.93133
39.0193 -6.9301
39.0208 -6.92876
39.0223 -6.92732
39.0238 -6.92578
39.0253 -6.92413
39.0268 -6.92239
39.0283 -6.92055
39.0298 -6.91861
39.0313 -6.91657
39.0328 -6.91443
39.0343 -6.9122
39.0358 -6.90986
39.0373 -6.90743
39.0388 -6.90491
39.0403 -6.90228
39.0418 -6.89956
39.0433 -6.89675
39.0448 -6.89384
39.0463 -6.89084
39.0478 -6.88774
39.0493 -6.88455
39.0508 -6.88126
39.0523 -6.87788
39.0538 -6.87442
39.0553 -6.87085
39.0568 -6.8672
39.0583 -6.86346
39.0598 -6.85962
39.0613 -6.8557
39.0628 -6.85169
39.0643 -6.84758
39.0658 -6.84339
39.0673 -6.83911
39.0688 -6.83474
39.0703 -6.83029
39.0718 -6.82575
39.0733 -6.82112
39.0748 -6.8164
39.0763 -6.8116
39.0778 -6.80671
39.0793 -6.80174
39.0808 -6.79669
39.0823 -6.79154
39.0838 -6.78632
39.0853 -6.78101
39.0868 -6.77562
39.0883 -6.77015
39.0898 -6.7646
39.0913 -6.75896
39.0928 -6.75324
39.0943 -6.74745
39.0958 -6.74157
39.0973 -6.73561
39.0988 -6.72957
39.1003 -6.72345
39.1018 -6.71726
39.1033 -6.71098
39.1048 -6.70463
39.1063 -6.6982
39.1078 -6.6917
39.1093 -6.68511
39.1108 -6.67845
39.1123 -6.67172
39.1138 -6.66491
39.1153 -6.65802
39.1168 -6.65106
39.1183 -6.64403
39.1198 -6.63692
39.1213 -6.62974
39.1228 -6.62248
39.1243 -6.61516
39.1258 -6.60776
39.1273 -6.60029
39.1288 -6.59274
39.1303 -6.58513
39.1318 -6.57745
39.1333 -6.56969
39.1348 -6.56187
39.1363 -6.55398
39.1378 -6.54601
39.1393 -6.53798
39.1408 -6.52988
39.1423 -6.52172
39.1438 -6.51348
39.1453 -6.50518
39.1468 -6.49681
39.1483 -6.48838
39.1498 -6.47988
39.1513 -6.47131
39.1528 -6.46268
39.1543 -6.45399
39.1558 -6.44523
39.1573 -6.4364
39.1588 -6.42752
39.1603 -6.41857
39.1618 -6.40955
39.1633 -6.40048
39.1648 -6.39134
39.1663 -6.38214
39.1678 -6.37288
39.1693 -6.36356
39.1708 -6.35418
39.1723 -6.34474
39.1738 -6.33524
39.1753 -6.32568
39.1768 -6.31606
39.1783 -6.30638
39.1798 -6.29665
39.1813 -6.28685
39.1828 -6.277
39.1843 -6.26709
39.1858 -6.25713
39.1873 -6.24711
39.1888 -6.23703
39.1903 -6.2269
39.1918 -6.21671
39.1933 -6.20647
39.1948 -6.19617
39.1963 -6.18582
39.1978 -6.17541
39.1993 -6.16495
39.2009 -6.15444
39.2024 -6.14388
39.2039 -6.13326
39.2054 -6.12259
39.2069 -6.11188
39.2084 -6.1011
39.2099 -6.09028
39.2114 -6.07941
39.2129 -6.06849
39.2144 -6.05752
39.2159 -6.0465
39.2174 -6.03543
39.2189 -6.02431
39.2204 -6.01314
39.2219 -6.00193
39.2234 -5.99066
39.2249 -5.97936
39.2264 -5.968
39.2279 -5.9566
39.2294 -5.94515
39.2309 -5.93365
39.2324 -5.92211
39.2339 -5.91053
39.2354 -5.8989
39.2369 -5.88722
39.2384 -5.87551
39.2399 -5.86374
39.2414 -5.85194
39.2429 -5.84009
39.2444 -5.8282
39.2459 -5.81627
39.2474 -5.80429
39.2489 -5.79228
39.2504 -5.78022
39.2519 -5.76812
39.2534 -5.75598
39.2549 -5.7438
39.2564 -5.73158
39.2579 -5.71932
39.2594 -5.70703
39.2609 -5.69469
39.2624 -5.68231
39.2639 -5.6699
39.2654 -5.65745
39.2669 -5.64496
39.2684 -5.63243
39.2699 -5.61987
39.2714 -5.60727
39.2729 -5.59464
39.2744 -5.58197
39.2759 -5.56926
39.2774 -5.55652
39.2789 -5.54374
39.2804 -5.53093
39.2819 -5.51809
39.2834 -5.50521
39.2849 -5.49229
39.2864 -5.47935
39.2879 -5.46637
39.2894 -5.45336
39.2909 -5.44032
39.2924 -5.42724
39.2939 -5.41413
39.2954 -5.401
39.2969 -5.38783
39.2984 -5.37463
39.2999 -5.3614
39.3014 -5.34814
39.3029 -5.33485
39.3044 -5.32153
39.3059 -5.30819
39.3074 -5.29481
39.3089 -5.28141
39.3104 -5.26797
39.3119 -5.25451
39.3134 -5.24103
39.3149 -5.22751
39.3164 -5.21397
39.3179 -5.2004
39.3194 -5.18681
39.3209 -5.17319
39.3224 -5.15955
39.3239 -5.14588
39.3254 -5.13218
39.3269 -5.11846
39.3284 -5.10472
39.3299 -5.09095
39.3314 -5.07716
39.3329 -5.06334
39.3344 -5.0495
39.3359 -5.03564
39.3374 -5.02176
39.3389 -5.00786
39.3404 -4.99393
39.3419 -4.97998
39.3434 -4.96601
39.3449 -4.95202
39.3464 -4.93801
39.3479 -4.92398
39.3494 -4.90993
39.3509 -4.89586
39.3524 -4.88177
39.3539 -4.86766
39.3554 -4.85353
39.3569 -4.83938
39.3584 -4.82522
39.3599 -4.81103
39.3614 -4.79683
39.3629 -4.78261
39.3644 -4.76838
39.3659 -4.75413
39.3674 -4.73986
39.3689 -4.72557
39.3704 -4.71127
39.3719 -4.69696
39.3734 -4.68263
39.3749 -4.66828
39.3764 -4.65392
39.3779 -4.63954
39.3794 -4.62515
39.3809 -4.61075
39.3824 -4.59633
39.3839 -4.5819
39.3854 -4.56746
39.3869 -4.553
39.3884 -4.53854
39.3899 -4.52405
39.3914 -4.50956
39.3929 -4.49506
39.3944 -4.48054
39.3959 -4.46602
39.3974 -4.45148
39.3989 -4.43693
39.4005 -4.42237
39.402 -4.4078
39.4035 -4.39322
39.405 -4.37864
39.4065 -4.36404
39.408 -4.34944
39.4095 -4.33482
39.411 -4.3202
39.4125 -4.30557
39.414 -4.29093
39.4155 -4.27629
39.417 -4.26163
39.4185 -4.24697
39.42 -4.23231
39.4215 -4.21763
39.423 -4.20295
39.4245 -4.18827
39.426 -4.17358
39.4275 -4.15888
39.429 -4.14418
39.4305 -4.12947
39.432 -4.11476
39.4335 -4.10005
39.435 -4.08533
39.4365 -4.07061
39.438 -4.05588
39.4395 -4.04115
39.441 -4.02642
39.4425 -4.01168
39.444 -3.99694
39.4455 -3.9822
39.447 -3.96746
39.4485 -3.95271
39.45 -3.93797
39.4515 -3.92322
39.453 -3.90847
39.4545 -3.89372
39.456 -3.87898
39.4575 -3.86423
39.459 -3.84948
39.4605 -3.83473
39.462 -3.81998
39.4635 -3.80523
39.465 -3.79048
39.4665 -3.77574
39.468 -3.76099
39.4695 -3.74625
39.471 -3.73151
39.4725 -3.71677
39.474 -3.70203
39.4755 -3.6873
39.477 -3.67257
39.4785 -3.65784
39.48 -3.64312
39.4815 -3.6284
39.483 -3.61368
39.4845 -3.59897
39.486 -3.58426
39.4875 -3.56956
39.489 -3.55486
39.4905 -3.54016
39.492 -3.52547
39.4935 -3.51079
39.495 -3.49611
39.4965 -3.48144
39.498 -3.46678
39.4995 -3.45212
39.501 -3.43747
39.5025 -3.42282
39.504 -3.40819
39.5055 -3.39356
39.507 -3.37893
39.5085 -3.36432
39.51 -3.34971
39.5115 -3.33511
39.513 -3.32052
39.5145 -3.30594
39.516 -3.29137
39.5175 -3.27681
39.519 -3.26225
39.5205 -3.24771
39.522 -3.23317
39.5235 -3.21865
39.525 -3.20413
39.5265 -3.18963
39.528 -3.17514
39.5295 -3.16065
39.531 -3.14618
39.5325 -3.13172
39.534 -3.11728
39.5355 -3.10284
39.537 -3.08842
39.5385 -3.074
39.54 -3.0596
39.5415 -3.04522
39.543 -3.03084
39.5445 -3.01648
39.546 -3.00213
39.5475 -2.9878
39.549 -2.97348
39.5505 -2.95917
39.552 -2.94488
39.5535 -2.9306
39.555 -2.91634
39.5565 -2.90209
39.558 -2.88785
39.5595 -2.87363
39.561 -2.85943
39.5625 -2.84524
39.564 -2.83107
39.5655 -2.81691
39.567 -2.80277
39.5685 -2.78865
39.57 -2.77454
39.5715 -2.76045
39.573 -2.74637
39.5745 -2.73231
39.576 -2.71827
39.5775 -2.70425
39.579 -2.69025
39.5805 -2.67626
39.582 -2.66229
39.5835 -2.64834
39.585 -2.63441
39.5865 -2.6205
39.588 -2.6066
39.5895 -2.59273
39.591 -2.57887
39.5925 -2.56503
39.594 -2.55121
39.5955 -2.53742
39.597 -2.52364
39.5985 -2.50988
39.6001 -2.49614
39.6016 -2.48243
39.6031 -2.46873
39.6046 -2.45506
39.6061 -2.4414
39.6076 -2.42777
39.6091 -2.41416
39.6106 -2.40057
39.6121 -2.387
39.6136 -2.37345
39.6151 -2.35993
39.6166 -2.34643
39.6181 -2.33295
39.6196 -2.31949
39.6211 -2.30606
39.6226 -2.29265
39.6241 -2.27926
39.6256 -2.2659
39.6271 -2.25255
39.6286 -2.23924
39.6301 -2.22594
39.6316 -2.21268
39.6331 -2.19943
39.6346 -2.18621
39.6361 -2.17301
39.6376 -2.15984
39.6391 -2.1467
39.6406 -2.13358
39.6421 -2.12048
39.6436 -2.10741
39.6451 -2.09436
39.6466 -2.08134
39.6481 -2.06835
39.6496 -2.05538
39.6511 -2.04244
39.6526 -2.02953
39.6541 -2.01664
39.6556 -2.00378
39.6571 -1.99094
39.6586 -1.97813
39.6601 -1.96535
39.6616 -1.9526
39.6631 -1.93987
39.6646 -1.92717
39.6661 -1.9145
39.6676 -1.90186
39.6691 -1.88924
39.6706 -1.87666
39.6721 -1.8641
39.6736 -1.85157
39.6751 -1.83907
39.6766 -1.8266
39.6781 -1.81415
39.6796 -1.80174
39.6811 -1.78935
39.6826 -1.777
39.6841 -1.76467
39.6856 -1.75238
39.6871 -1.74011
39.6886 -1.72787
39.6901 -1.71567
39.6916 -1.70349
39.6931 -1.69135
39.6946 -1.67923
39.6961 -1.66715
39.6976 -1.65509
39.6991 -1.64307
39.7006 -1.63108
39.7021 -1.61912
39.7036 -1.60719
39.7051 -1.59529
39.7066 -1.58343
39.7081 -1.57159
39.7096 -1.55979
39.7111 -1.54802
39.7126 -1.53628
39.7141 -1.52458
39.7156 -1.51291
39.7171 -1.50126
39.7186 -1.48966
39.7201 -1.47808
39.7216 -1.46654
39.7231 -1.45503
39.7246 -1.44356
39.7261 -1.43211
39.7276 -1.42071
39.7291 -1.40933
39.7306 -1.39799
39.7321 -1.38668
39.7336 -1.37541
39.7351 -1.36417
39.7366 -1.35296
39.7381 -1.34179
39.7396 -1.33066
39.7411 -1.31956
39.7426 -1.30849
39.7441 -1.29746
39.7456 -1.28646
39.7471 -1.2755
39.7486 -1.26457
39.7501 -1.25368
39.7516 -1.24282
39.7531 -1.232
39.7546 -1.22122
39.7561 -1.21047
39.7576 -1.19975
39.7591 -1.18908
39.7606 -1.17843
39.7621 -1.16783
39.7636 -1.15726
39.7651 -1.14673
39.7666 -1.13623
39.7681 -1.12577
39.7696 -1.11535
39.7711 -1.10496
39.7726 -1.09461
39.7741 -1.0843
39.7756 -1.07403
39.7771 -1.06379
39.7786 -1.05359
39.7801 -1.04343
39.7816 -1.0333
39.7831 -1.02322
39.7846 -1.01317
39.7861 -1.00315
39.7876 -0.99318
39.7891 -0.983244
39.7906 -0.973346
39.7921 -0.963487
39.7936 -0.953666
39.7951 -0.943883
39.7966 -0.934139
39.7981 -0.924433
39.7996 -0.914766
39.8012 -0.905139
39.8027 -0.895549
39.8042 -0.885999
39.8057 -0.876488
39.8072 -0.867017
39.8087 -0.857584
39.8102 -0.848191
39.8117 -0.838837
39.8132 -0.829523
39.8147 -0.820248
39.8162 -0.811013
39.8177 -0.801818
39.8192 -0.792663
39.8207 -0.783547
39.8222 -0.774472
39.8237 -0.765437
39.8252 -0.756442
39.8267 -0.747487
39.8282 -0.738573
39.8297 -0.729699
39.8312 -0.720865
39.8327 -0.712072
39.8342 -0.70332
39.8357 -0.694608
39.8372 -0.685938
39.8387 -0.677308
39.8402 -0.668719
39.8417 -0.660171
39.8432 -0.651665
39.8447 -0.643199
39.8462 -0.634775
39.8477 -0.626392
39.8492 -0.618051
39.8507 -0.609751
39.8522 -0.601492
39.8537 -0.593275
39.8552 -0.5851
39.8567 -0.576967
39.8582 -0.568875
39.8597 -0.560825
39.8612 -0.552817
39.8627 -0.544852
39.8642 -0.536928
39.8657 -0.529046
39.8672 -0.521207
39.8687 -0.513409
39.8702 -0.505654
39.8717 -0.497942
39.8732 -0.490272
39.8747 -0.482644
39.8762 -0.475059
39.8777 -0.467516
39.8792 -0.460017
39.8807 -0.452559
39.8822 -0.445145
39.8837 -0.437773
39.8852 -0.430445
39.8867 -0.423159
39.8882 -0.415916
39.8897 -0.408716
39.8912 -0.40156
39.8927 -0.394446
39.8942 -0.387376
39.8957 -0.380349
39.8972 -0.373365
39.8987 -0.366424
39.9002 -0.359527
39.9017 -0.352674
39.9032 -0.345863
39.9047 -0.339097
39.9062 -0.332373
39.9077 -0.325694
39.9092 -0.319058
39.9107 -0.312466
39.9122 -0.305917
39.9137 -0.299412
39.9152 -0.292951
39.9167 -0.286534
39.9182 -0.280161
39.9197 -0.273832
39.9212 -0.267546
39.9227 -0.261305
39.9242 -0.255108
39.9257 -0.248954
39.9272 -0.242845
39.9287 -0.23678
39.9302 -0.230759
39.9317 -0.224782
39.9332 -0.21885
39.9347 -0.212962
39.9362 -0.207118
39.9377 -0.201318
39.9392 -0.195563
39.9407 -0.189852
39.9422 -0.184186
39.9437 -0.178564
39.9452 -0.172986
39.9467 -0.167453
39.9482 -0.161964
39.9497 -0.15652
39.9512 -0.151121
39.9527 -0.145766
39.9542 -0.140456
39.9557 -0.13519
39.9572 -0.129969
39.9587 -0.124792
39.9602 -0.119661
39.9617 -0.114574
39.9632 -0.109531
39.9647 -0.104534
39.9662 -0.099581
39.9677 -0.0946729
39.9692 -0.0898097
39.9707 -0.0849912
39.9722 -0.0802175
39.9737 -0.0754887
39.9752 -0.0708047
39.9767 -0.0661656
39.9782 -0.0615713
39.9797 -0.0570219
39.9812 -0.0525173
39.9827 -0.0480577
39.9842 -0.0436429
39.9857 -0.039273
39.9872 -0.0349481
39.9887 -0.0306681
39.9902 -0.026433
39.9917 -0.0222428
39.9932 -0.0180975
39.9947 -0.0139972
39.9962 -0.00994183
39.9977 -0.0059314
39.9992 -0.0019659
40.0008 0.00195466
40.0023 0.00583028
40.0038 0.00966095
40.0053 0.0134467
40.0068 0.0171875
40.0083 0.0208834
40.0098 0.0245343
40.0113 0.0281403
40.0128 0.0317014
40.0143 0.0352176
40.0158 0.0386888
40.0173 0.0421152
40.0188 0.0454966
40.0203 0.0488332
40.0218 0.0521249
40.0233 0.0553717
40.0248 0.0585737
40.0263 0.0617308
40.0278 0.0648431
40.0293 0.0679106
40.0308 0.0709332
40.0323 0.0739111
40.0338 0.0768441
40.0353 0.0797324
40.0368 0.082576
40.0383 0.0853748
40.0398 0.0881289
40.0413 0.0908383
40.0428 0.093503
40.0443 0.0961231
40.0458 0.0986985
40.0473 0.101229
40.0488 0.103715
40.0503 0.106157
40.0518 0.108554
40.0533 0.110907
40.0548 0.113215
40.0563 0.115478
40.0578 0.117697
40.0593 0.119872
40.0608 0.122002
40.0623 0.124088
40.0638 0.12613
40.0653 0.128127
40.0668 0.13008
40.0683 0.131988
40.0698 0.133853
40.0713 0.135673
40.0728 0.137449
40.0743 0.139181
40.0758 0.140869
40.0773 0.142513
40.0788 0.144112
40.0803 0.145668
40.0818 0.14718
40.0833 0.148648
40.0848 0.150072
40.0863 0.151452
40.0878 0.152788
40.0893 0.154081
40.0908 0.15533
40.0923 0.156535
40.0938 0.157696
40.0953 0.158814
40.0968 0.159889
40.0983 0.160919
40.0998 0.161907
40.1013 0.162851
40.1028 0.163751
40.1043 0.164609
40.1058 0.165423
40.1073 0.166193
40.1088 0.166921
40.1103 0.167606
40.1118 0.168247
40.1133 0.168845
40.1148 0.169401
40.1163 0.169913
40.1178 0.170383
40.1193 0.170809
40.1208 0.171193
40.1223 0.171535
40.1238 0.171833
40.1253 0.172089
40.1268 0.172303
40.1283 0.172474
40.1298 0.172602
40.1313 0.172688
40.1328 0.172732
40.1343 0.172734
40.1358 0.172693
40.1373 0.17261
40.1388 0.172486
40.1403 0.172319
40.1418 0.17211
40.1433 0.17186
40.1448 0.171567
40.1463 0.171233
40.1478 0.170858
40.1493 0.17044
40.1508 0.169981
40.1523 0.169481
40.1538 0.168939
40.1553 0.168356
40.1568 0.167732
40.1583 0.167066
40.1598 0.16636
40.1613 0.165612
40.1628 0.164823
40.1643 0.163994
40.1658 0.163123
40.1673 0.162212
40.1688 0.16126
40.1703 0.160268
40.1718 0.159235
40.1733 0.158162
40.1748 0.157048
40.1763 0.155894
40.1778 0.1547
40.1793 0.153466
40.1808 0.152192
40.1823 0.150878
40.1838 0.149524
40.1853 0.14813
40.1868 0.146696
40.1883 0.145223
40.1898 0.14371
40.1913 0.142158
40.1928 0.140567
40.1943 0.138936
40.1958 0.137266
40.1973 0.135557
40.1988 0.133809
40.2004 0.132022
40.2019 0.130197
40.2034 0.128332
40.2049 0.126429
40.2064 0.124488
40.2079 0.122508
40.2094 0.120489
40.2109 0.118433
40.2124 0.116338
40.2139 0.114205
40.2154 0.112035
40.2169 0.109826
40.2184 0.10758
40.2199 0.105296
40.2214 0.102974
40.2229 0.100615
40.2244 0.0982188
40.2259 0.0957852
40.2274 0.0933144
40.2289 0.0908066
40.2304 0.0882618
40.2319 0.0856802
40.2334 0.0830619
40.2349 0.0804069
40.2364 0.0777154
40.2379 0.0749876
40.2394 0.0722234
40.2409 0.069423
40.2424 0.0665866
40.2439 0.0637142
40.2454 0.0608059
40.2469 0.0578619
40.2484 0.0548822
40.2499 0.051867
40.2514 0.0488165
40.2529 0.0457306
40.2544 0.0426096
40.2559 0.0394535
40.2574 0.0362624
40.2589 0.0330366
40.2604 0.029776
40.2619 0.0264809
40.2634 0.0231512
40.2649 0.0197873
40.2664 0.0163891
40.2679 0.0129568
40.2694 0.00949054
40.2709 0.00599041
40.2724 0.00245655
40.2739 -0.00111092
40.2754 -0.00471187
40.2769 -0.00834619
40.2784 -0.0120137
40.2799 -0.0157144
40.2814 -0.019448
40.2829 -0.0232145
40.2844 -0.0270137
40.2859 -0.0308454
40.2874 -0.0347097
40.2889 -0.0386062
40.2904 -0.042535
40.2919 -0.0464958
40.2934 -0.0504885
40.2949 -0.0545131
40.2964 -0.0585693
40.2979 -0.062657
40.2994 -0.0667761
40.3009 -0.0709264
40.3024 -0.0751079
40.3039 -0.0793203
40.3054 -0.0835636
40.3069 -0.0878376
40.3084 -0.0921421
40.3099 -0.0964771
40.3114 -0.100842
40.3129 -0.105238
40.3144 -0.109663
40.3159 -0.114118
40.3174 -0.118603
40.3189 -0.123117
40.3204 -0.127661
40.3219 -0.132234
40.3234 -0.136837
40.3249 -0.141468
40.3264 -0.146128
40.3279 -0.150816
40.3294 -0.155533
40.3309 -0.160279
40.3324 -0.165053
40.3339 -0.169855
40.3354 -0.174684
40.3369 -0.179542
40.3384 -0.184427
40.3399 -0.189339
40.3414 -0.194279
40.3429 -0.199246
40.3444 -0.20424
40.3459 -0.209261
40.3474 -0.214308
40.3489 -0.219382
40.3504 -0.224483
40.3519 -0.229609
40.3534 -0.234762
40.3549 -0.23994
40.3564 -0.245144
40.3579 -0.250374
40.3594 -0.255629
40.3609 -0.260909
40.3624 -0.266214
40.3639 -0.271544
40.3654 -0.276899
40.3669 -0.282278
40.3684 -0.287682
40.3699 -0.29311
40.3714 -0.298562
40.3729 -0.304038
40.3744 -0.309537
40.3759 -0.31506
40.3774 -0.320607
40.3789 -0.326176
40.3804 -0.331769
40.3819 -0.337384
40.3834 -0.343023
40.3849 -0.348683
40.3864 -0.354366
40.3879 -0.360071
40.3894 -0.365798
40.3909 -0.371547
40.3924 -0.377317
40.3939 -0.383109
40.3954 -0.388922
40.3969 -0.394756
40.3984 -0.400611
40.3999 -0.406487
40.4015 -0.412383
40.403 -0.418299
40.4045 -0.424236
40.406 -0.430192
40.4075 -0.436169
40.409 -0.442165
40.4105 -0.44818
40.412 -0.454215
40.4135 -0.460268
40.415 -0.466341
40.4165 -0.472432
40.418 -0.478541
40.4195 -0.484669
40.421 -0.490815
40.4225 -0.496978
40.424 -0.50316
40.4255 -0.509358
40.427 -0.515575
40.4285 -0.521808
40.43 -0.528058
40.4315 -0.534325
40.433 -0.540608
40.4345 -0.546908
40.436 -0.553224
40.4375 -0.559555
40.439 -0.565903
40.4405 -0.572266
40.442 -0.578644
40.4435 -0.585037
40.445 -0.591445
40.4465 -0.597868
40.448 -0.604306
40.4495 -0.610757
40.451 -0.617223
40.4525 -0.623703
40.454 -0.630196
40.4555 -0.636703
40.457 -0.643223
40.4585 -0.649756
40.46 -0.656302
40.4615 -0.662861
40.463 -0.669432
40.4645 -0.676015
40.466 -0.68261
40.4675 -0.689217
40.469 -0.695835
40.4705 -0.702465
40.472 -0.709106
40.4735 -0.715758
40.475 -0.722421
40.4765 -0.729094
40.478 -0.735777
40.4795 -0.74247
40.481 -0.749174
40.4825 -0.755886
40.484 -0.762609
40.4855 -0.76934
40.487 -0.77608
40.4885 -0.782829
40.49 -0.789587
40.4915 -0.796353
40.493 -0.803126
40.4945 -0.809908
40.496 -0.816697
40.4975 -0.823494
40.499 -0.830298
40.5005 -0.837108
40.502 -0.843926
40.5035 -0.850749
40.505 -0.857579
40.5065 -0.864415
40.508 -0.871257
40.5095 -0.878104
40.511 -0.884957
40.5125 -0.891815
40.514 -0.898677
40.5155 -0.905544
40.517 -0.912415
40.5185 -0.919291
40.52 -0.92617
40.5215 -0.933053
40.523 -0.93994
40.5245 -0.946829
40.526 -0.953722
40.5275 -0.960617
40.529 -0.967515
40.5305 -0.974414
40.532 -0.981316
40.5335 -0.98822
40.535 -0.995125
40.5365 -1.00203
40.538 -1.00894
40.5395 -1.01585
40.541 -1.02275
40.5425 -1.02966
40.544 -1.03657
40.5455 -1.04348
40.547 -1.05039
40.5485 -1.05729
40.55 -1.0642
40.5515 -1.07111
40.553 -1.07801
40.5545 -1.08491
40.556 -1.09181
40.5575 -1.09871
40.559 -1.1056
40.5605 -1.11249
40.562 -1.11938
40.5635 -1.12627
40.565 -1.13315
40.5665 -1.14003
40.568 -1.1469
40.5695 -1.15377
40.571 -1.16064
40.5725 -1.1675
40.574 -1.17435
40.5755 -1.1812
40.577 -1.18804
40.5785 -1.19488
40.58 -1.20171
40.5815 -1.20854
40.583 -1.21536
40.5845 -1.22217
40.586 -1.22898
40.5875 -1.23577
40.589 -1.24256
40.5905 -1.24934
40.592 -1.25612
40.5935 -1.26288
40.595 -1.26964
40.5965 -1.27638
40.598 -1.28312
40.5995 -1.28985
40.6011 -1.29656
40.6026 -1.30327
40.6041 -1.30997
40.6056 -1.31665
40.6071 -1.32333
40.6086 -1.32999
40.6101 -1.33664
40.6116 -1.34328
40.6131 -1.34991
40.6146 -1.35652
40.6161 -1.36313
40.6176 -1.36972
40.6191 -1.37629
40.6206 -1.38285
40.6221 -1.3894
40.6236 -1.39594
40.6251 -1.40246
40.6266 -1.40896
40.6281 -1.41545
40.6296 -1.42193
40.6311 -1.42839
40.6326 -1.43483
40.6341 -1.44126
40.6356 -1.44767
40.6371 -1.45406
40.6386 -1.46044
40.6401 -1.4668
40.6416 -1.47314
40.6431 -1.47946
40.6446 -1.48577
40.6461 -1.49206
40.6476 -1.49832
40.6491 -1.50457
40.6506 -1.5108
40.6521 -1.51701
40.6536 -1.5232
40.6551 -1.52937
40.6566 -1.53552
40.6581 -1.54165
40.6596 -1.54776
40.6611 -1.55385
40.6626 -1.55991
40.6641 -1.56595
40.6656 -1.57197
40.6671 -1.57797
40.6686 -1.58394
40.6701 -1.58989
40.6716 -1.59582
40.6731 -1.60172
40.6746 -1.6076
40.6761 -1.61345
40.6776 -1.61928
40.6791 -1.62509
40.6806 -1.63086
40.6821 -1.63662
40.6836 -1.64234
40.6851 -1.64804
40.6866 -1.65372
40.6881 -1.65936
40.6896 -1.66498
40.6911 -1.67057
40.6926 -1.67613
40.6941 -1.68167
40.6956 -1.68718
40.6971 -1.69265
40.6986 -1.6981
40.7001 -1.70352
40.7016 -1.70891
40.7031 -1.71427
40.7046 -1.71959
40.7061 -1.72489
40.7076 -1.73016
40.7091 -1.73539
40.7106 -1.74059
40.7121 -1.74576
40.7136 -1.7509
40.7151 -1.756
40.7166 -1.76107
40.7181 -1.76611
40.7196 -1.77112
40.7211 -1.77609
40.7226 -1.78102
40.7241 -1.78592
40.7256 -1.79079
40.7271 -1.79562
40.7286 -1.80041
40.7301 -1.80517
40.7316 -1.80989
40.7331 -1.81458
40.7346 -1.81922
40.7361 -1.82383
40.7376 -1.82841
40.7391 -1.83294
40.7406 -1.83744
40.7421 -1.84189
40.7436 -1.84631
40.7451 -1.85069
40.7466 -1.85503
40.7481 -1.85932
40.7496 -1.86358
40.7511 -1.8678
40.7526 -1.87197
40.7541 -1.87611
40.7556 -1.8802
40.7571 -1.88425
40.7586 -1.88826
40.7601 -1.89222
40.7616 -1.89614
40.7631 -1.90002
40.7646 -1.90385
40.7661 -1.90764
40.7676 -1.91138
40.7691 -1.91508
40.7706 -1.91873
40.7721 -1.92234
40.7736 -1.9259
40.7751 -1.92942
40.7766 -1.93289
40.7781 -1.93631
40.7796 -1.93968
40.7811 -1.94301
40.7826 -1.94629
40.7841 -1.94951
40.7856 -1.95269
40.7871 -1.95582
40.7886 -1.9589
40.7901 -1.96194
40.7916 -1.96492
40.7931 -1.96785
40.7946 -1.97072
40.7961 -1.97355
40.7976 -1.97633
40.7991 -1.97905
40.8007 -1.98172
40.8022 -1.98434
40.8037 -1.9869
40.8052 -1.98941
40.8067 -1.99187
40.8082 -1.99427
40.8097 -1.99661
40.8112 -1.99891
40.8127 -2.00114
40.8142 -2.00332
40.8157 -2.00545
40.8172 -2.00751
40.8187 -2.00952
40.8202 -2.01148
40.8217 -2.01337
40.8232 -2.01521
40.8247 -2.01699
40.8262 -2.0187
40.8277 -2.02036
40.8292 -2.02197
40.8307 -2.02351
40.8322 -2.02499
40.8337 -2.0264
40.8352 -2.02776
40.8367 -2.02906
40.8382 -2.03029
40.8397 -2.03146
40.8412 -2.03257
40.8427 -2.03362
40.8442 -2.0346
40.8457 -2.03552
40.8472 -2.03637
40.8487 -2.03716
40.8502 -2.03789
40.8517 -2.03855
40.8532 -2.03914
40.8547 -2.03967
40.8562 -2.04013
40.8577 -2.04052
40.8592 -2.04085
40.8607 -2.0411
40.8622 -2.04129
40.8637 -2.04141
40.8652 -2.04147
40.8667 -2.04145
40.8682 -2.04136
40.8697 -2.04121
40.8712 -2.04098
40.8727 -2.04068
40.8742 -2.04031
40.8757 -2.03987
40.8772 -2.03935
40.8787 -2.03877
40.8802 -2.03811
40.8817 -2.03737
40.8832 -2.03657
40.8847 -2.03569
40.8862 -2.03473
40.8877 -2.0337
40.8892 -2.03259
40.8907 -2.03141
40.8922 -2.03015
40.8937 -2.02882
40.8952 -2.02741
40.8967 -2.02592
40.8982 -2.02435
40.8997 -2.0227
40.9012 -2.02098
40.9027 -2.01918
40.9042 -2.01729
40.9057 -2.01533
40.9072 -2.01329
40.9087 -2.01117
40.9102 -2.00896
40.9117 -2.00667
40.9132 -2.0043
40.9147 -2.00185
40.9162 -1.99932
40.9177 -1.9967
40.9192 -1.994
40.9207 -1.99122
40.9222 -1.98835
40.9237 -1.98539
40.9252 -1.98235
40.9267 -1.97923
40.9282 -1.97602
40.9297 -1.97272
40.9312 -1.96933
40.9327 -1.96586
40.9342 -1.9623
40.9357 -1.95865
40.9372 -1.95491
40.9387 -1.95108
40.9402 -1.94717
40.9417 -1.94316
40.9432 -1.93906
40.9447 -1.93487
40.9462 -1.93059
40.9477 -1.92622
40.9492 -1.92176
40.9507 -1.9172
40.9522 -1.91255
40.9537 -1.90781
40.9552 -1.90297
40.9567 -1.89804
40.9582 -1.89301
40.9597 -1.88789
40.9612 -1.88267
40.9627 -1.87736
40.9642 -1.87195
40.9657 -1.86644
40.9672 -1.86083
40.9687 -1.85513
40.9702 -1.84933
40.9717 -1.84343
40.9732 -1.83743
40.9747 -1.83133
40.9762 -1.82513
40.9777 -1.81883
40.9792 -1.81243
40.9807 -1.80593
40.9822 -1.79932
40.9837 -1.79261
40.9852 -1.7858
40.9867 -1.77889
40.9882 -1.77187
40.9897 -1.76475
40.9912 -1.75753
40.9927 -1.7502
40.9942 -1.74276
40.9957 -1.73522
40.9972 -1.72757
40.9987 -1.71981
41.0003 -1.71195
41.0018 -1.70398
41.0033 -1.6959
41.0048 -1.68771
41.0063 -1.67941
41.0078 -1.671
41.0093 -1.66248
41.0108 -1.65386
41.0123 -1.64512
41.0138 -1.63627
41.0153 -1.6273
41.0168 -1.61823
41.0183 -1.60904
41.0198 -1.59974
41.0213 -1.59032
41.0228 -1.58079
41.0243 -1.57115
41.0258 -1.56139
41.0273 -1.55151
41.0288 -1.54152
41.0303 -1.53141
41.0318 -1.52118
41.0333 -1.51084
41.0348 -1.50038
41.0363 -1.4898
41.0378 -1.4791
41.0393 -1.46828
41.0408 -1.45734
41.0423 -1.44628
41.0438 -1.4351
41.0453 -1.42379
41.0468 -1.41237
41.0483 -1.40082
41.0498 -1.38915
41.0513 -1.37736
41.0528 -1.36545
41.0543 -1.3534
41.0558 -1.34124
41.0573 -1.32895
41.0588 -1.31653
41.0603 -1.30399
41.0618 -1.29132
41.0633 -1.27852
41.0648 -1.26559
41.0663 -1.25254
41.0678 -1.23936
41.0693 -1.22605
41.0708 -1.21261
41.0723 -1.19904
41.0738 -1.18533
41.0753 -1.1715
41.0768 -1.15754
41.0783 -1.14344
41.0798 -1.12921
41.0813 -1.11485
41.0828 -1.10035
41.0843 -1.08572
41.0858 -1.07096
41.0873 -1.05606
41.0888 -1.04102
41.0903 -1.02585
41.0918 -1.01054
41.0933 -0.995096
41.0948 -0.979512
41.0963 -0.963791
41.0978 -0.947931
41.0993 -0.931932
41.1008 -0.915793
41.1023 -0.899515
41.1038 -0.883095
41.1053 -0.866535
41.1068 -0.849832
41.1083 -0.832988
41.1098 -0.816001
41.1113 -0.79887
41.1128 -0.781596
41.1143 -0.764178
41.1158 -0.746615
41.1173 -0.728907
41.1188 -0.711053
41.1203 -0.693053
41.1218 -0.674906
41.1233 -0.656612
41.1248 -0.63817
41.1263 -0.61958
41.1278 -0.600841
41.1293 -0.581953
41.1308 -0.562914
41.1323 -0.543726
41.1338 -0.524386
41.1353 -0.504895
41.1368 -0.485252
41.1383 -0.465457
41.1398 -0.445509
41.1413 -0.425407
41.1428 -0.405151
41.1443 -0.384741
41.1458 -0.364176
41.1473 -0.343455
41.1488 -0.322578
41.1503 -0.301544
41.1518 -0.280353
41.1533 -0.259004
41.1548 -0.237498
41.1563 -0.215832
41.1578 -0.194007
41.1593 -0.172022
41.1608 -0.149877
41.1623 -0.127572
41.1638 -0.105104
41.1653 -0.082475
41.1668 -0.0596833
41.1683 -0.0367286
41.1698 -0.0136103
41.1713 0.00967209
41.1728 0.0331191
41.1743 0.0567312
41.1758 0.0805091
41.1773 0.104453
41.1788 0.128564
41.1803 0.152842
41.1818 0.177288
41.1833 0.201903
41.1848 0.226686
41.1863 0.251639
41.1878 0.276762
41.1893 0.302055
41.1908 0.32752
41.1923 0.353156
41.1938 0.378964
41.1953 0.404945
41.1968 0.4311
41.1983 0.457428
41.1998 0.483931
41.2014 0.510608
41.2029 0.537461
41.2044 0.564491
41.2059 0.591696
41.2074 0.619079
41.2089 0.64664
41.2104 0.674379
41.2119 0.702297
41.2134 0.730394
41.2149 0.758671
41.2164 0.787128
41.2179 0.815767
41.2194 0.844587
41.2209 0.873589
41.2224 0.902774
41.2239 0.932142
41.2254 0.961694
41.2269 0.991431
41.2284 1.02135
41.2299 1.05146
41.2314 1.08175
41.2329 1.11223
41.2344 1.1429
41.2359 1.17375
41.2374 1.2048
41.2389 1.23603
41.2404 1.26745
41.2419 1.29906
41.2434 1.33086
41.2449 1.36286
41.2464 1.39504
41.2479 1.42742
41.2494 1.45999
41.2509 1.49275
41.2524 1.52571
41.2539 1.55886
41.2554 1.59221
41.2569 1.62575
41.2584 1.65949
41.2599 1.69343
41.2614 1.72757
41.2629 1.7619
41.2644 1.79643
41.2659 1.83116
41.2674 1.86609
41.2689 1.90122
41.2704 1.93655
41.2719 1.97208
41.2734 2.00782
41.2749 2.04376
41.2764 2.0799
41.2779 2.11624
41.2794 2.15279
41.2809 2.18955
41.2824 2.22651
41.2839 2.26367
41.2854 2.30105
41.2869 2.33863
41.2884 2.37642
41.2899 2.41441
41.2914 2.45262
41.2929 2.49103
41.2944 2.52966
41.2959 2.5685
41.2974 2.60755
41.2989 2.64681
41.3004 2.68628
41.3019 2.72597
41.3034 2.76587
41.3049 2.80599
41.3064 2.84632
41.3079 2.88687
41.3094 2.92763
41.3109 2.96861
41.3124 3.00981
41.3139 3.05122
41.3154 3.09286
41.3169 3.13471
41.3184 3.17678
41.3199 3.21908
41.3214 3.26159
41.3229 3.30433
41.3244 3.34729
41.3259 3.39047
41.3274 3.43388
41.3289 3.47751
41.3304 3.52136
41.3319 3.56544
41.3334 3.60975
41.3349 3.65428
41.3364 3.69904
41.3379 3.74403
41.3394 3.78925
41.3409 3.83469
41.3424 3.88037
41.3439 3.92628
41.3454 3.97241
41.3469 4.01878
41.3484 4.06538
41.3499 4.11221
41.3514 4.15928
41.3529 4.20658
41.3544 4.25412
41.3559 4.30189
41.3574 4.34989
41.3589 4.39814
41.3604 4.44662
41.3619 4.49533
41.3634 4.54429
41.3649 4.59348
41.3664 4.64292
41.3679 4.69259
41.3694 4.74251
41.3709 4.79267
41.3724 4.84307
41.3739 4.89371
41.3754 4.94459
41.3769 4.99572
41.3784 5.0471
41.3799 5.09872
41.3814 5.15058
41.3829 5.20269
41.3844 5.25505
41.3859 5.30766
41.3874 5.36051
41.3889 5.41362
41.3904 5.46697
41.3919 5.52058
41.3934 5.57443
41.3949 5.62854
41.3964 5.6829
41.3979 5.73751
41.3994 5.79238
41.401 5.8475
41.4025 5.90287
41.404 5.9585
41.4055 6.01439
41.407 6.07053
41.4085 6.12693
41.41 6.18359
41.4115 6.24051
41.413 6.29768
41.4145 6.35512
41.416 6.41282
41.4175 6.47078
41.419 6.529
41.4205 6.58748
41.422 6.64623
41.4235 6.70524
41.425 6.76451
41.4265 6.82405
41.428 6.88386
41.4295 6.94393
41.431 7.00427
41.4325 7.06488
41.434 7.12575
41.4355 7.1869
41.437 7.24831
41.4385 7.31
41.44 7.37195
41.4415 7.43418
41.443 7.49668
41.4445 7.55946
41.446 7.6225
41.4475 7.68582
41.449 7.74942
41.4505 7.81329
41.452 7.87744
41.4535 7.94187
41.455 8.00657
41.4565 8.07155
41.458 8.13682
41.4595 8.20236
41.461 8.26818
41.4625 8.33428
41.464 8.40066
41.4655 8.46733
41.467 8.53428
41.4685 8.60151
41.47 8.66903
41.4715 8.73683
41.473 8.80492
41.4745 8.8733
41.476 8.94196
41.4775 9.01091
41.479 9.08015
41.4805 9.14968
41.482 9.21949
41.4835 9.2896
41.485 9.36
41.4865 9.43069
41.488 9.50168
41.4895 9.57295
41.491 9.64452
41.4925 9.71639
41.494 9.78855
41.4955 9.86101
41.497 9.93376
41.4985 10.0068
41.5 10.0802
