0 0.887842
0.1 0.870618
0.2 0.999953
0.3 0.900964
0.4 0.892388
0.5 0.376051
0.6 0.693695
0.7 1.04106
0.8 1.31943
0.9 1.07847
1 0.825862
1.1 0.215079
1.2 0.854939
1.3 1.02411
1.4 0.645518
1.5 0.90817
1.6 0.346692
1.7 0.475442
1.8 1.03176
1.9 0.961011
2 1.11509
2.1 1.1001
2.2 0.951856
2.3 0.48285
2.4 0.806382
2.5 0.574555
2.6 0.617473
2.7 0.956
2.8 0.447385
2.9 1.03846
3 0.893956
3.1 0.95715
3.2 1.15374
3.3 0.841133
3.4 0.752586
3.5 0.864442
3.6 0.731041
3.7 1.13665
3.8 0.771943
3.9 0.577636
4 1.02275
4.1 0.635332
4.2 1.0648
4.3 0.873607
4.4 0.737433
4.5 0.997407
4.6 1.17524
4.7 0.914602
4.8 0.498271
4.9 0.979154
5 0.752491
5.1 1.11089
5.2 0.990136
5.3 0.923912
5.4 0.878229
5.5 1.10589
5.6 1.05776
5.7 0.90598
5.8 1.12254
5.9 0.543628
6 1.1433
6.1 1.01598
6.2 0.881283
6.3 1.07446
6.4 0.560421
6.5 1.10141
6.6 0.643801
6.7 0.868183
6.8 0.878929
6.9 0.685384
7 0.849004
7.1 0.937436
7.2 0.758331
7.3 0.835567
7.4 1.00511
7.5 0.993266
7.6 0.604217
7.7 0.776715
7.8 0.779751
7.9 1.15323
8 1.12812
8.1 0.841383
8.2 0.938743
8.3 0.777258
8.4 0.977508
8.5 0.974943
8.6 0.850817
8.7 0.919392
8.8 0.972342
8.9 0.9476
9 1.03625
9.1 0.951547
9.2 0.95729
9.3 1.02803
9.4 1.00488
9.5 0.728269
9.6 1.02602
9.7 0.868619
9.8 0.6748
9.9 0.714905
10 1.17254
10.1 1.03495
10.2 0.918394
10.3 0.796011
10.4 0.544309
10.5 0.961738
10.6 0.806843
10.7 1.06953
10.8 0.956061
10.9 0.500654
11 -0.362184
11.1 -0.978602
11.2 -0.898586
11.3 -0.806386
11.4 -0.891945
11.5 -0.991392
11.6 -1.12343
11.7 -1.07789
11.8 -1.23361
11.9 -1.06236
12 -0.763833
12.1 -1.11458
12.2 -1.21681
12.3 -1.09598
12.4 -0.963774
12.5 -0.89249
12.6 -0.903097
12.7 -1.02721
12.8 -1.2486
12.9 -1.09409
13 -0.872486
13.1 -0.914261
13.2 -0.912202
13.3 -0.744891
13.4 -1.25032
13.5 -0.983262
13.6 -1.0231
13.7 -1.05371
13.8 -0.715678
13.9 -0.866484
14 -0.614963
14.1 -0.241344
14.2 -0.627692
14.3 -0.646352
14.4 -1.12589
14.5 -0.882704
14.6 -1.03106
14.7 -0.856538
14.8 -0.747418
14.9 -0.864797
15 0.031165
15.1 -0.325282
15.2 -1.11866
15.3 -0.916937
15.4 -1.0283
15.5 -1.13305
15.6 -1.05606
15.7 -0.837302
15.8 -1.15287
15.9 -0.946214
16 -0.901619
16.1 -1.0638
16.2 -0.852946
16.3 -1.0788
16.4 -0.636104
16.5 -1.03878
16.6 -1.07148
16.7 -0.700975
16.8 -1.01095
16.9 -0.551169
17 -0.73152
17.1 -0.831092
17.2 -0.909896
17.3 -1.20645
17.4 -0.889938
17.5 -1.01771
17.6 -1.05691
17.7 -0.992478
17.8 -0.869668
17.9 -1.06235
18 -0.963284
18.1 -0.920421
18.2 -0.898447
18.3 -0.87312
18.4 -1.13741
18.5 -1.11512
18.6 -0.939749
18.7 -1.05233
18.8 -0.923379
18.9 -0.972905
19 -0.918307
19.1 -0.70678
19.2 -0.964014
19.3 -1.06282
19.4 -1.06932
19.5 -0.718226
19.6 -0.721551
19.7 -1.05313
19.8 -0.71369
19.9 -1.45246
20 -1.01294
20.1 -1.00118
20.2 -0.900223
20.3 -0.797413
20.4 -0.876774
20.5 -0.953781
20.6 -1.00815
20.7 -0.971542
20.8 -0.754302
20.9 -1.05045
21 -1.0164
21.1 -0.970233
21.2 -0.862333
21.3 -1.11869
21.4 -0.61813
21.5 -0.628211
21.6 -0.956895
21.7 -0.974919
21.8 -0.848721
21.9 -1.08842
22 -1.0209
22.1 -0.913707
22.2 -0.870075
22.3 -0.741032
22.4 -1.00991
22.5 -0.930957
22.6 -0.949801
22.7 -1.21717
22.8 -0.778896
22.9 -0.843893
23 -1.0288
23.1 -1.10177
23.2 -1.01032
23.3 -0.998924
23.4 -0.771922
23.5 -1.034
23.6 -0.885401
23.7 -1.16428
23.8 -1.23012
23.9 -0.946822
24 -1.06003
24.1 -0.827827
24.2 -1.07695
24.3 -1.13335
24.4 -1.01857
24.5 -0.878124
24.6 -0.707189
24.7 -0.888931
24.8 -0.867939
24.9 -0.942141
25 -0.966163
25.1 -0.981527
25.2 -0.97076
25.3 -1.13391
25.4 -1.17283
25.5 -0.832587
25.6 -0.959558
25.7 -1.13084
25.8 -1.29253
25.9 -0.834526
26 -1.08301
26.1 -1.09745
26.2 -0.843552
26.3 -0.821315
26.4 -1.01107
26.5 -0.964817
26.6 -1.25697
26.7 -0.922707
26.8 -0.7783
26.9 -0.778083
27 -0.900267
27.1 -1.18122
27.2 -0.978992
27.3 -0.768699
27.4 -0.427929
27.5 -0.365891
27.6 -0.469723
27.7 -1.0662
27.8 -1.00229
27.9 -0.815329
28 -0.956928
28.1 -0.79501
28.2 -0.894653
28.3 -1.0304
28.4 -0.803544
28.5 -0.821663
28.6 -1.18722
28.7 -0.997372
28.8 -0.998994
28.9 -0.842101
29 -1.09386
29.1 -1.01267
29.2 -0.950259
29.3 -0.941673
29.4 -1.05981
29.5 -1.07345
29.6 -0.698614
29.7 -0.822965
29.8 -0.800829
29.9 -1.08866
30 -1.10483
30.1 -0.586755
30.2 -0.881059
30.3 -0.938019
30.4 -0.82267
30.5 -0.891354
30.6 -0.994048
30.7 -0.896903
30.8 -0.884886
30.9 -0.918128
31 -0.868324
31.1 -0.700112
31.2 -0.830004
31.3 -1.04485
31.4 -0.793873
31.5 -0.685599
31.6 -0.733807
31.7 -1.01223
31.8 -0.58473
31.9 -1.10259
32 -0.994405
32.1 -1.0654
32.2 -0.939162
32.3 -0.942644
32.4 -0.969927
32.5 -0.803552
32.6 -1.0812
32.7 -1.21766
32.8 -0.933174
32.9 -0.921982
33 -0.976687
33.1 -0.780338
33.2 -0.80554
33.3 -1.00466
33.4 -0.748005
33.5 -1.05507
33.6 -0.982578
33.7 -0.990251
33.8 -0.884385
33.9 -0.877518
34 -1.16189
34.1 -0.92518
34.2 -0.727868
34.3 -0.959707
34.4 -0.846257
34.5 -0.851253
34.6 -0.924563
34.7 -1.00147
34.8 -0.682383
34.9 -0.772009
35 -1.13755
35.1 -0.68184
35.2 -0.655727
35.3 -0.624954
35.4 -0.773667
35.5 -0.730017
35.6 -0.846838
35.7 -0.994937
35.8 -1.15678
35.9 -0.921189
36 -1.16992
36.1 -0.982501
36.2 -0.959387
36.3 -0.817699
36.4 -0.739997
36.5 -1.08491
36.6 -0.919567
36.7 -0.77051
36.8 -0.501648
36.9 -0.763589
37 -1.18357
37.1 -0.967033
37.2 -1.01905
37.3 -0.794795
37.4 -0.586219
37.5 -0.677837
37.6 -1.0149
37.7 -1.02627
37.8 -0.953603
37.9 -0.882113
38 -0.906275
38.1 -1.01226
38.2 -0.997659
38.3 -0.923362
38.4 -0.907529
38.5 -1.09224
38.6 -0.452967
38.7 -0.898363
38.8 -0.940562
38.9 -1.11673
39 -1.30725
39.1 -0.710137
39.2 -0.712395
39.3 -0.993028
39.4 -1.08794
39.5 -1.10125
39.6 -1.00574
39.7 -1.27749
39.8 -0.828119
39.9 -0.878169
40 -0.951808
40.1 -1.2095
40.2 -0.627944
40.3 -0.973968
40.4 -0.995754
40.5 -0.846696
40.6 -1.22096
40.7 -1.04436
40.8 -0.80536
40.9 -0.838966
41 -0.546976
41.1 -1.0629
41.2 -0.957841
41.3 -0.696201
41.4 -0.920424
41.5 -0.977714
41.6 -0.96442
41.7 -0.739558
41.8 -0.846106
41.9 -0.699354
42 -0.827261
42.1 -0.840381
42.2 -1.04842
42.3 -1.12141
42.4 -1.04108
42.5 -0.989817
42.6 -1.00254
42.7 -0.889281
42.8 -0.897378
42.9 -0.907233
43 -1.21032
43.1 -0.915159
43.2 -0.71966
43.3 -1.03184
43.4 -0.874782
43.5 -0.936581
43.6 -1.16064
43.7 -1.07902
43.8 -1.06478
43.9 -0.826591
44 -1.0069
44.1 -0.996807
44.2 -1.18607
44.3 -0.911361
44.4 -0.862542
44.5 -0.958201
44.6 -0.923414
44.7 -0.87599
44.8 -0.921896
44.9 -0.885587
45 -1.00962
45.1 -0.90922
45.2 -1.35912
45.3 -0.881612
45.4 -1.04097
45.5 -0.787299
45.6 -0.938544
45.7 -0.995316
45.8 -1.2067
45.9 -0.945299
46 -1.02696
46.1 -0.60977
46.2 -0.720912
46.3 -0.832374
46.4 -0.740006
46.5 -1.00757
46.6 -1.06017
46.7 -1.14638
46.8 -1.21016
46.9 -1.08552
47 -0.691599
47.1 -1.16405
47.2 -0.991164
47.3 -0.981384
47.4 -1.10952
47.5 -0.854574
47.6 -1.01139
47.7 -0.77514
47.8 -0.470243
47.9 -0.969432
48 -1.25208
48.1 -0.797261
48.2 -0.8272
48.3 -1.00163
48.4 -0.801256
48.5 -0.638214
48.6 -0.780805
48.7 -0.939735
48.8 -1.0771
48.9 -0.887707
49 -0.93548
49.1 -0.767829
49.2 -1.03647
49.3 -0.778905
49.4 -1.23054
49.5 -1.06114
49.6 -1.08329
49.7 -0.75534
49.8 -1.02451
49.9 -0.664368
50 -0.865415
50.1 -0.826653
50.2 -0.812212
50.3 -1.00586
50.4 -1.19794
50.5 -1.0595
50.6 -1.02913
50.7 -0.307663
50.8 -0.883623
50.9 -0.642855
51 -1.02379
51.1 -0.943836
51.2 -0.977639
51.3 -0.67867
51.4 -0.979632
51.5 -0.919108
51.6 -0.948823
51.7 -0.89934
51.8 -0.974104
51.9 -0.99064
52 -0.802092
52.1 -1.04822
52.2 -1.11333
52.3 -0.979734
52.4 -1.17439
52.5 -0.874464
52.6 -0.974845
52.7 -0.858659
52.8 -0.288671
52.9 0.0846635
53 -0.39732
53.1 -0.92179
53.2 -1.05283
53.3 -0.936588
53.4 -0.871669
53.5 -0.914305
53.6 -0.911809
53.7 -0.978829
53.8 -0.887792
53.9 -1.0308
54 -1.1463
54.1 -0.846283
54.2 -0.8428
54.3 -0.921907
54.4 -0.865773
54.5 -0.894256
54.6 -1.10795
54.7 -0.934905
54.8 -1.17522
54.9 -1.02314
55 -1.05914
55.1 -1.03082
55.2 -1.02417
55.3 -1.04088
55.4 -1.05262
55.5 -0.987888
55.6 -1.23855
55.7 -0.801861
55.8 -1.16372
55.9 -0.756226
56 -0.880348
56.1 -1.11476
56.2 -1.00717
56.3 -0.94537
56.4 -0.719648
56.5 -1.12661
56.6 -1.31441
56.7 -0.893575
56.8 -0.93842
56.9 -0.932081
57 -0.862453
57.1 -0.897819
57.2 -1.21325
57.3 -0.972593
57.4 -0.883657
57.5 -1.02736
57.6 -0.725461
57.7 -1.09581
57.8 -0.730114
57.9 -0.770853
58 -0.954801
58.1 -0.718003
58.2 -1.08618
58.3 -1.1471
58.4 -0.583455
58.5 -1.02555
58.6 -1.02338
58.7 -1.13708
58.8 -1.13952
58.9 -0.852746
59 -0.766534
59.1 -1.053
59.2 -0.975769
59.3 -0.949498
59.4 -1.02908
59.5 -0.789053
59.6 -0.982782
59.7 -0.55873
59.8 -0.966749
59.9 -0.863251
60 -1.00983
60.1 -0.944991
60.2 -1.12185
60.3 -0.866665
60.4 -1.02752
60.5 -1.09711
60.6 -0.73085
60.7 -0.957963
60.8 -1.15753
60.9 -1.04477
61 -1.06059
61.1 -1.13909
61.2 -1.19463
61.3 -1.01236
61.4 -0.643698
61.5 -1.04236
61.6 -1.35242
61.7 -0.849573
61.8 -1.18088
61.9 -0.945536
62 -0.958898
62.1 -1.08971
62.2 -1.03939
62.3 -1.08432
62.4 -1.16646
62.5 -1.1343
62.6 -0.838402
62.7 -0.626889
62.8 -0.631123
62.9 -0.662791
63 -1.09373
63.1 -1.16487
63.2 -0.838027
63.3 -0.922434
63.4 -1.14068
63.5 -0.955452
63.6 -1.14355
63.7 -0.881435
63.8 -0.816368
63.9 -0.969351
64 -1.04247
64.1 -1.00215
64.2 -1.13604
64.3 -0.975944
64.4 -0.875797
64.5 -1.06004
64.6 -1.0467
64.7 -0.911652
64.8 -1.01195
64.9 -1.18599
65 -1.03083
65.1 -1.12391
65.2 -0.922095
65.3 -0.908704
65.4 -0.907983
65.5 -0.892156
65.6 -0.780251
65.7 -1.05671
65.8 -1.03087
65.9 -0.878394
66 -0.804305
66.1 -1.01404
66.2 -0.948821
66.3 -1.2254
66.4 -0.979349
66.5 -1.08017
66.6 -1.01179
66.7 -1.02087
66.8 -1.10375
66.9 -1.17163
67 -1.09033
67.1 -1.00466
67.2 -1.04954
67.3 -1.21621
67.4 -0.954673
67.5 -1.25039
67.6 -0.759519
67.7 -0.865686
67.8 -1.01855
67.9 -1.0767
68 -0.946257
68.1 -1.04278
68.2 -1.12147
68.3 -0.834104
68.4 -1.03749
68.5 -1.03988
68.6 -1.04362
68.7 -0.857625
68.8 -0.684914
68.9 -0.92991
69 -1.03149
69.1 -0.661855
69.2 -0.654517
69.3 -1.11373
69.4 -1.14766
69.5 -1.13313
69.6 -0.827441
69.7 -0.793847
69.8 -1.13107
69.9 -1.06088
70 -0.834365
70.1 -1.18305
70.2 -0.874211
70.3 -0.946414
70.4 -1.03563
70.5 -0.895485
70.6 -0.971907
70.7 -0.85595
70.8 -0.704224
70.9 -0.676607
71 -0.881019
71.1 -1.01439
71.2 -0.986879
71.3 -0.961069
71.4 -0.715644
71.5 -0.962968
71.6 -1.05088
71.7 -0.831904
71.8 -0.827869
71.9 -0.669233
72 -0.71915
72.1 -1.08308
72.2 -1.15873
72.3 -1.27885
72.4 -0.785986
72.5 -0.848015
72.6 -1.1093
72.7 -0.896856
72.8 -0.8198
72.9 -0.945994
73 -0.847844
73.1 -0.749683
73.2 -0.748898
73.3 -0.996549
73.4 -0.628609
73.5 -0.865379
73.6 -0.951737
73.7 -1.1111
73.8 -0.970721
73.9 -0.650732
74 -0.742679
74.1 -1.16889
74.2 -0.771456
74.3 -1.00018
74.4 -0.802753
74.5 -0.750541
74.6 -1.09268
74.7 -1.16654
74.8 -1.08963
74.9 -0.814186
75 -0.6032
75.1 -1.1766
75.2 -1.03178
75.3 -1.35515
75.4 -1.24888
75.5 -0.914575
75.6 -1.17082
75.7 -1.02937
75.8 -0.664247
75.9 -0.81953
76 -0.859849
76.1 -1.07635
76.2 -1.02924
76.3 -1.00187
76.4 -1.24412
76.5 -0.913744
76.6 -1.00476
76.7 -1.32399
76.8 -1.22524
76.9 -0.77331
77 -0.559266
77.1 -1.13204
77.2 -0.850257
77.3 -1.10852
77.4 -1.22871
77.5 -1.05133
77.6 -0.993241
77.7 -1.00577
77.8 -1.0082
77.9 -1.21337
78 -0.748754
78.1 -1.28736
78.2 -0.997902
78.3 -0.640655
78.4 -1.02566
78.5 -0.757919
78.6 -0.912374
78.7 -1.17354
78.8 -0.891919
78.9 -0.747627
79 -0.967418
79.1 -0.952414
79.2 -0.959692
79.3 -0.670028
79.4 -1.02464
79.5 -0.995977
79.6 -1.09445
79.7 -0.850366
79.8 -1.016
79.9 -1.27436
80 -1.08924
80.1 -1.006
80.2 -1.03581
80.3 -1.08771
80.4 -1.00368
80.5 -1.06161
80.6 -1.09279
80.7 -0.899533
80.8 -1.09659
80.9 -1.09118
81 -0.885996
81.1 -0.747027
81.2 -0.855028
81.3 -1.2227
81.4 -1.13051
81.5 -0.808972
81.6 -0.842682
81.7 -1.01275
81.8 -1.31718
81.9 -0.859723
82 -1.22404
82.1 -0.968728
82.2 -1.00414
82.3 -0.928967
82.4 -1.09924
82.5 -1.12389
82.6 -0.908707
82.7 -0.947028
82.8 -1.10774
82.9 -1.05618
83 -0.89114
83.1 -0.996726
83.2 -1.035
83.3 -0.792254
83.4 -0.985219
83.5 -0.752128
83.6 -0.957997
83.7 -1.15718
83.8 -0.991769
83.9 -1.23181
84 -1.20365
84.1 -0.934818
84.2 -0.938015
84.3 -1.14347
84.4 -0.869055
84.5 -0.851644
84.6 -0.812577
84.7 -0.773677
84.8 -1.07207
84.9 -1.19456
85 -1.11365
85.1 -1.096
85.2 -0.795395
85.3 -0.715438
85.4 -0.962128
85.5 -0.807777
85.6 -0.932151
85.7 -1.13097
85.8 -0.818374
85.9 -1.05586
86 -0.973155
86.1 -1.37753
86.2 -1.02296
86.3 -0.780929
86.4 -1.00917
86.5 -0.912727
86.6 -0.963578
86.7 -1.1581
86.8 -1.03155
86.9 -1.26745
87 -1.13831
87.1 -1.21774
87.2 -0.874254
87.3 -1.11412
87.4 -0.98786
87.5 -1.18401
87.6 -0.901931
87.7 -1.09201
87.8 -0.951714
87.9 -1.07934
88 -0.988167
88.1 -1.13051
88.2 -0.977567
88.3 -1.06811
88.4 -1.01402
88.5 -0.889577
88.6 -0.911623
88.7 -1.00555
88.8 -0.849739
88.9 -0.992566
89 -0.73041
89.1 -0.947594
89.2 -0.968427
89.3 -0.748827
89.4 -0.94169
89.5 -1.02282
89.6 -1.11903
89.7 -0.897918
89.8 -0.848213
89.9 -0.870975
90 -0.96961
90.1 -1.3352
90.2 -1.19506
90.3 -1.03066
90.4 -0.829205
90.5 -0.977929
90.6 -0.900667
90.7 -0.80532
90.8 -0.645678
90.9 -0.996051
91 -0.817028
91.1 -1.12481
91.2 -0.954785
91.3 -1.05567
91.4 -0.83133
91.5 -0.976877
91.6 -1.09758
91.7 -1.12375
91.8 -0.957447
91.9 -0.733417
92 -0.942069
92.1 -1.1225
92.2 -1.00636
92.3 -1.12129
92.4 -0.77865
92.5 -0.613971
92.6 -0.626544
92.7 -1.03186
92.8 -1.10193
92.9 -0.85988
93 -1.21577
93.1 -1.16962
93.2 -1.16264
93.3 -1.01624
93.4 -1.10551
93.5 -0.965828
93.6 -1.03794
93.7 -1.04884
93.8 -1.02816
93.9 -0.639252
94 -1.00661
94.1 -0.964451
94.2 -0.935771
94.3 -0.980948
94.4 -0.984151
94.5 -1.20965
94.6 -1.15564
94.7 -1.00568
94.8 -0.671192
94.9 -0.806789
95 -0.856962
95.1 -0.738536
95.2 -1.12083
95.3 -1.07408
95.4 -1.15751
95.5 -1.14733
95.6 -1.08913
95.7 -0.952285
95.8 -1.14959
95.9 -1.04036
96 -0.885596
96.1 -1.14185
96.2 -1.18576
96.3 -1.16484
96.4 -0.963662
96.5 -1.16644
96.6 -1.00613
96.7 -0.710124
96.8 -0.666761
96.9 -0.954342
97 -0.699242
97.1 -0.658222
97.2 -1.27567
97.3 -0.870319
97.4 -0.624314
97.5 -0.7298
97.6 -0.947016
97.7 -0.920747
97.8 -0.69904
97.9 -0.98823
98 -0.92803
98.1 -0.776393
98.2 -0.819315
98.3 -0.926112
98.4 -1.03562
98.5 -1.05815
98.6 -0.985948
98.7 -0.833146
98.8 -0.961505
98.9 -1.02837
99 -1.01838
99.1 -0.930797
99.2 -0.496859
99.3 -1.07077
99.4 -0.99273
99.5 -1.13355
99.6 -0.897242
99.7 -0.805022
99.8 -1.00949
99.9 -1.03774
100 -1.12042
100.001 -1.13419
