38.6752 0.0993246
38.7255 0.357568
38.7758 0.794597
38.8262 1.06277
38.8765 1.71832
38.9269 2.07588
38.9772 2.61224
39.0275 2.50298
39.0779 2.21494
39.1282 1.79777
39.1786 1.32102
39.2289 1.11244
39.2792 0.715137
39.3296 0.516488
39.3799 0.288041
39.4303 0.148987
39.4806 0.0695272
39.5309 0.0496623
39.5813 0.0297974
39.6316 0.0397298
39.682 0
39.7323 0
39.7826 0
39.833 0
39.8833 0
39.9337 0
39.984 0
40.0343 0
40.0847 0.00993246
40.135 0
40.1854 0
40.2357 0
40.286 0.00993246
40.3364 0.00993246
40.3867 0.00993246
40.4371 0.0198649
40.4874 0
40.5377 0.0198649
40.5881 0.00993246
40.6384 0
40.6888 0.0297974
40.7391 0.0297974
40.7894 0.0297974
40.8398 0.0198649
40.8901 0.0397298
40.9405 0.0198649
40.9908 0.0198649
41.0411 0.0397298
41.0915 0.00993246
41.1418 0.00993246
