23.5 2.98681
23.5015 2.92437
23.503 2.86221
23.5045 2.80034
23.506 2.73875
23.5075 2.67744
23.509 2.61641
23.5105 2.55566
23.512 2.49518
23.5135 2.43499
23.515 2.37507
23.5165 2.31544
23.518 2.25607
23.5195 2.19699
23.521 2.13817
23.5225 2.07964
23.524 2.02137
23.5255 1.96338
23.527 1.90567
23.5285 1.84822
23.53 1.79105
23.5315 1.73414
23.533 1.67751
23.5345 1.62114
23.536 1.56505
23.5375 1.50922
23.539 1.45366
23.5405 1.39836
23.542 1.34333
23.5435 1.28857
23.545 1.23407
23.5465 1.17984
23.548 1.12587
23.5495 1.07216
23.551 1.01872
23.5525 0.965533
23.554 0.912611
23.5555 0.859949
23.557 0.807546
23.5585 0.755402
23.56 0.703517
23.5615 0.65189
23.563 0.60052
23.5645 0.549406
23.566 0.498548
23.5675 0.447946
23.569 0.397598
23.5705 0.347504
23.572 0.297664
23.5735 0.248077
23.575 0.198741
23.5765 0.149657
23.578 0.100824
23.5795 0.0522414
23.581 0.00390825
23.5825 -0.0441758
23.584 -0.0920115
23.5855 -0.139599
23.587 -0.18694
23.5885 -0.234034
23.59 -0.280883
23.5915 -0.327486
23.593 -0.373844
23.5945 -0.419958
23.596 -0.465829
23.5975 -0.511457
23.599 -0.556842
23.6006 -0.601987
23.6021 -0.64689
23.6036 -0.691552
23.6051 -0.735975
23.6066 -0.780159
23.6081 -0.824104
23.6096 -0.867812
23.6111 -0.911282
23.6126 -0.954515
23.6141 -0.997512
23.6156 -1.04027
23.6171 -1.0828
23.6186 -1.12509
23.6201 -1.16715
23.6216 -1.20898
23.6231 -1.25057
23.6246 -1.29193
23.6261 -1.33306
23.6276 -1.37396
23.6291 -1.41463
23.6306 -1.45507
23.6321 -1.49528
23.6336 -1.53527
23.6351 -1.57502
23.6366 -1.61455
23.6381 -1.65385
23.6396 -1.69293
23.6411 -1.73178
23.6426 -1.7704
23.6441 -1.8088
23.6456 -1.84698
23.6471 -1.88494
23.6486 -1.92267
23.6501 -1.96018
23.6516 -1.99747
23.6531 -2.03454
23.6546 -2.07139
23.6561 -2.10802
23.6576 -2.14444
23.6591 -2.18063
23.6606 -2.21661
23.6621 -2.25237
23.6636 -2.28791
23.6651 -2.32324
23.6666 -2.35835
23.6681 -2.39324
23.6696 -2.42793
23.6711 -2.4624
23.6726 -2.49665
23.6741 -2.5307
23.6756 -2.56453
23.6771 -2.59815
23.6786 -2.63156
23.6801 -2.66477
23.6816 -2.69776
23.6831 -2.73054
23.6846 -2.76311
23.6861 -2.79548
23.6876 -2.82764
23.6891 -2.85959
23.6906 -2.89134
23.6921 -2.92288
23.6936 -2.95422
23.6951 -2.98535
23.6966 -3.01628
23.6981 -3.04701
23.6996 -3.07753
23.7011 -3.10786
23.7026 -3.13798
23.7041 -3.1679
23.7056 -3.19762
23.7071 -3.22714
23.7086 -3.25646
23.7101 -3.28558
23.7116 -3.3145
23.7131 -3.34323
23.7146 -3.37176
23.7161 -3.4001
23.7176 -3.42823
23.7191 -3.45618
23.7206 -3.48392
23.7221 -3.51148
23.7236 -3.53884
23.7251 -3.56601
23.7266 -3.59298
23.7281 -3.61977
23.7296 -3.64636
23.7311 -3.67276
23.7326 -3.69898
23.7341 -3.725
23.7356 -3.75083
23.7371 -3.77648
23.7386 -3.80193
23.7401 -3.8272
23.7416 -3.85229
23.7431 -3.87718
23.7446 -3.90189
23.7461 -3.92642
23.7476 -3.95076
23.7491 -3.97492
23.7506 -3.99889
23.7521 -4.02268
23.7536 -4.04629
23.7551 -4.06972
23.7566 -4.09297
23.7581 -4.11603
23.7596 -4.13892
23.7611 -4.16162
23.7626 -4.18415
23.7641 -4.20649
23.7656 -4.22866
23.7671 -4.25066
23.7686 -4.27247
23.7701 -4.29411
23.7716 -4.31557
23.7731 -4.33686
23.7746 -4.35797
23.7761 -4.37891
23.7776 -4.39967
23.7791 -4.42027
23.7806 -4.44068
23.7821 -4.46093
23.7836 -4.48101
23.7851 -4.50091
23.7866 -4.52064
23.7881 -4.54021
23.7896 -4.5596
23.7911 -4.57883
23.7926 -4.59788
23.7941 -4.61677
23.7956 -4.63549
23.7971 -4.65405
23.7986 -4.67244
23.8002 -4.69066
23.8017 -4.70872
23.8032 -4.72661
23.8047 -4.74434
23.8062 -4.76191
23.8077 -4.77931
23.8092 -4.79655
23.8107 -4.81363
23.8122 -4.83054
23.8137 -4.8473
23.8152 -4.86389
23.8167 -4.88033
23.8182 -4.8966
23.8197 -4.91272
23.8212 -4.92868
23.8227 -4.94448
23.8242 -4.96012
23.8257 -4.9756
23.8272 -4.99093
23.8287 -5.00611
23.8302 -5.02112
23.8317 -5.03599
23.8332 -5.0507
23.8347 -5.06525
23.8362 -5.07965
23.8377 -5.0939
23.8392 -5.108
23.8407 -5.12194
23.8422 -5.13574
23.8437 -5.14938
23.8452 -5.16287
23.8467 -5.17622
23.8482 -5.18941
23.8497 -5.20246
23.8512 -5.21535
23.8527 -5.2281
23.8542 -5.2407
23.8557 -5.25316
23.8572 -5.26547
23.8587 -5.27763
23.8602 -5.28965
23.8617 -5.30152
23.8632 -5.31325
23.8647 -5.32484
23.8662 -5.33628
23.8677 -5.34758
23.8692 -5.35874
23.8707 -5.36976
23.8722 -5.38063
23.8737 -5.39136
23.8752 -5.40196
23.8767 -5.41241
23.8782 -5.42273
23.8797 -5.4329
23.8812 -5.44294
23.8827 -5.45284
23.8842 -5.46261
23.8857 -5.47223
23.8872 -5.48172
23.8887 -5.49108
23.8902 -5.50029
23.8917 -5.50938
23.8932 -5.51833
23.8947 -5.52714
23.8962 -5.53583
23.8977 -5.54437
23.8992 -5.55279
23.9007 -5.56108
23.9022 -5.56923
23.9037 -5.57725
23.9052 -5.58515
23.9067 -5.59291
23.9082 -5.60054
23.9097 -5.60804
23.9112 -5.61542
23.9127 -5.62267
23.9142 -5.62979
23.9157 -5.63678
23.9172 -5.64364
23.9187 -5.65038
23.9202 -5.657
23.9217 -5.66349
23.9232 -5.66985
23.9247 -5.67609
23.9262 -5.68221
23.9277 -5.6882
23.9292 -5.69407
23.9307 -5.69982
23.9322 -5.70544
23.9337 -5.71094
23.9352 -5.71633
23.9367 -5.72159
23.9382 -5.72673
23.9397 -5.73175
23.9412 -5.73666
23.9427 -5.74144
23.9442 -5.74611
23.9457 -5.75066
23.9472 -5.75509
23.9487 -5.75941
23.9502 -5.7636
23.9517 -5.76769
23.9532 -5.77165
23.9547 -5.77551
23.9562 -5.77924
23.9577 -5.78287
23.9592 -5.78638
23.9607 -5.78977
23.9622 -5.79306
23.9637 -5.79623
23.9652 -5.79929
23.9667 -5.80224
23.9682 -5.80508
23.9697 -5.80781
23.9712 -5.81042
23.9727 -5.81293
23.9742 -5.81533
23.9757 -5.81762
23.9772 -5.8198
23.9787 -5.82188
23.9802 -5.82385
23.9817 -5.82571
23.9832 -5.82746
23.9847 -5.82911
23.9862 -5.83065
23.9877 -5.83209
23.9892 -5.83342
23.9907 -5.83465
23.9922 -5.83578
23.9937 -5.8368
23.9952 -5.83772
23.9967 -5.83853
23.9982 -5.83925
23.9997 -5.83986
24.0013 -5.84038
24.0028 -5.84079
24.0043 -5.8411
24.0058 -5.84131
24.0073 -5.84142
24.0088 -5.84144
24.0103 -5.84135
24.0118 -5.84117
24.0133 -5.84089
24.0148 -5.84051
24.0163 -5.84004
24.0178 -5.83947
24.0193 -5.8388
24.0208 -5.83804
24.0223 -5.83718
24.0238 -5.83623
24.0253 -5.83519
24.0268 -5.83405
24.0283 -5.83282
24.0298 -5.83149
24.0313 -5.83007
24.0328 -5.82856
24.0343 -5.82696
24.0358 -5.82527
24.0373 -5.82349
24.0388 -5.82161
24.0403 -5.81965
24.0418 -5.8176
24.0433 -5.81546
24.0448 -5.81323
24.0463 -5.81091
24.0478 -5.8085
24.0493 -5.80601
24.0508 -5.80343
24.0523 -5.80076
24.0538 -5.79801
24.0553 -5.79517
24.0568 -5.79224
24.0583 -5.78923
24.0598 -5.78614
24.0613 -5.78296
24.0628 -5.7797
24.0643 -5.77636
24.0658 -5.77293
24.0673 -5.76942
24.0688 -5.76583
24.0703 -5.76216
24.0718 -5.7584
24.0733 -5.75457
24.0748 -5.75065
24.0763 -5.74666
24.0778 -5.74258
24.0793 -5.73843
24.0808 -5.73419
24.0823 -5.72988
24.0838 -5.72549
24.0853 -5.72103
24.0868 -5.71648
24.0883 -5.71186
24.0898 -5.70717
24.0913 -5.70239
24.0928 -5.69755
24.0943 -5.69262
24.0958 -5.68762
24.0973 -5.68255
24.0988 -5.67741
24.1003 -5.67219
24.1018 -5.66689
24.1033 -5.66153
24.1048 -5.65609
24.1063 -5.65058
24.1078 -5.645
24.1093 -5.63934
24.1108 -5.63362
24.1123 -5.62783
24.1138 -5.62196
24.1153 -5.61603
24.1168 -5.61002
24.1183 -5.60395
24.1198 -5.59781
24.1213 -5.5916
24.1228 -5.58533
24.1243 -5.57898
24.1258 -5.57257
24.1273 -5.5661
24.1288 -5.55955
24.1303 -5.55295
24.1318 -5.54627
24.1333 -5.53953
24.1348 -5.53273
24.1363 -5.52586
24.1378 -5.51893
24.1393 -5.51193
24.1408 -5.50487
24.1423 -5.49775
24.1438 -5.49057
24.1453 -5.48332
24.1468 -5.47602
24.1483 -5.46865
24.1498 -5.46122
24.1513 -5.45373
24.1528 -5.44618
24.1543 -5.43857
24.1558 -5.4309
24.1573 -5.42317
24.1588 -5.41539
24.1603 -5.40754
24.1618 -5.39964
24.1633 -5.39168
24.1648 -5.38366
24.1663 -5.37559
24.1678 -5.36745
24.1693 -5.35927
24.1708 -5.35102
24.1723 -5.34273
24.1738 -5.33437
24.1753 -5.32597
24.1768 -5.3175
24.1783 -5.30899
24.1798 -5.30042
24.1813 -5.2918
24.1828 -5.28312
24.1843 -5.2744
24.1858 -5.26562
24.1873 -5.25678
24.1888 -5.2479
24.1903 -5.23897
24.1918 -5.22998
24.1933 -5.22095
24.1948 -5.21186
24.1963 -5.20273
24.1978 -5.19355
24.1993 -5.18431
24.2009 -5.17503
24.2024 -5.1657
24.2039 -5.15633
24.2054 -5.1469
24.2069 -5.13743
24.2084 -5.12791
24.2099 -5.11835
24.2114 -5.10873
24.2129 -5.09908
24.2144 -5.08938
24.2159 -5.07963
24.2174 -5.06984
24.2189 -5.06
24.2204 -5.05012
24.2219 -5.04019
24.2234 -5.03023
24.2249 -5.02022
24.2264 -5.01016
24.2279 -5.00007
24.2294 -4.98993
24.2309 -4.97975
24.2324 -4.96953
24.2339 -4.95927
24.2354 -4.94897
24.2369 -4.93862
24.2384 -4.92824
24.2399 -4.91782
24.2414 -4.90736
24.2429 -4.89686
24.2444 -4.88632
24.2459 -4.87574
24.2474 -4.86513
24.2489 -4.85447
24.2504 -4.84378
24.2519 -4.83306
24.2534 -4.82229
24.2549 -4.81149
24.2564 -4.80065
24.2579 -4.78978
24.2594 -4.77888
24.2609 -4.76793
24.2624 -4.75696
24.2639 -4.74594
24.2654 -4.7349
24.2669 -4.72382
24.2684 -4.71271
24.2699 -4.70156
24.2714 -4.69038
24.2729 -4.67917
24.2744 -4.66793
24.2759 -4.65665
24.2774 -4.64535
24.2789 -4.63401
24.2804 -4.62264
24.2819 -4.61124
24.2834 -4.59981
24.2849 -4.58835
24.2864 -4.57686
24.2879 -4.56535
24.2894 -4.5538
24.2909 -4.54222
24.2924 -4.53062
24.2939 -4.51899
24.2954 -4.50733
24.2969 -4.49564
24.2984 -4.48392
24.2999 -4.47218
24.3014 -4.46042
24.3029 -4.44862
24.3044 -4.4368
24.3059 -4.42496
24.3074 -4.41309
24.3089 -4.40119
24.3104 -4.38927
24.3119 -4.37732
24.3134 -4.36536
24.3149 -4.35336
24.3164 -4.34135
24.3179 -4.32931
24.3194 -4.31725
24.3209 -4.30516
24.3224 -4.29305
24.3239 -4.28092
24.3254 -4.26877
24.3269 -4.2566
24.3284 -4.24441
24.3299 -4.2322
24.3314 -4.21996
24.3329 -4.20771
24.3344 -4.19543
24.3359 -4.18314
24.3374 -4.17082
24.3389 -4.15849
24.3404 -4.14614
24.3419 -4.13377
24.3434 -4.12138
24.3449 -4.10898
24.3464 -4.09655
24.3479 -4.08411
24.3494 -4.07166
24.3509 -4.05918
24.3524 -4.04669
24.3539 -4.03418
24.3554 -4.02166
24.3569 -4.00912
24.3584 -3.99657
24.3599 -3.984
24.3614 -3.97142
24.3629 -3.95882
24.3644 -3.94621
24.3659 -3.93358
24.3674 -3.92094
24.3689 -3.90829
24.3704 -3.89562
24.3719 -3.88294
24.3734 -3.87025
24.3749 -3.85755
24.3764 -3.84483
24.3779 -3.8321
24.3794 -3.81936
24.3809 -3.80661
24.3824 -3.79385
24.3839 -3.78108
24.3854 -3.7683
24.3869 -3.75551
24.3884 -3.74271
24.3899 -3.72989
24.3914 -3.71707
24.3929 -3.70424
24.3944 -3.69141
24.3959 -3.67856
24.3974 -3.6657
24.3989 -3.65284
24.4005 -3.63997
24.402 -3.62709
24.4035 -3.61421
24.405 -3.60131
24.4065 -3.58842
24.408 -3.57551
24.4095 -3.5626
24.411 -3.54968
24.4125 -3.53676
24.414 -3.52383
24.4155 -3.5109
24.417 -3.49796
24.4185 -3.48502
24.42 -3.47207
24.4215 -3.45912
24.423 -3.44617
24.4245 -3.43321
24.426 -3.42025
24.4275 -3.40728
24.429 -3.39431
24.4305 -3.38134
24.432 -3.36837
24.4335 -3.3554
24.435 -3.34242
24.4365 -3.32944
24.438 -3.31647
24.4395 -3.30349
24.441 -3.2905
24.4425 -3.27752
24.444 -3.26454
24.4455 -3.25156
24.447 -3.23858
24.4485 -3.2256
24.45 -3.21262
24.4515 -3.19964
24.453 -3.18666
24.4545 -3.17368
24.456 -3.16071
24.4575 -3.14773
24.459 -3.13476
24.4605 -3.12179
24.462 -3.10883
24.4635 -3.09586
24.465 -3.0829
24.4665 -3.06995
24.468 -3.05699
24.4695 -3.04404
24.471 -3.0311
24.4725 -3.01815
24.474 -3.00522
24.4755 -2.99228
24.477 -2.97936
24.4785 -2.96643
24.48 -2.95352
24.4815 -2.9406
24.483 -2.9277
24.4845 -2.9148
24.486 -2.9019
24.4875 -2.88902
24.489 -2.87614
24.4905 -2.86326
24.492 -2.8504
24.4935 -2.83754
24.495 -2.82469
24.4965 -2.81184
24.498 -2.79901
24.4995 -2.78618
24.501 -2.77336
24.5025 -2.76055
24.504 -2.74775
24.5055 -2.73496
24.507 -2.72218
24.5085 -2.70941
24.51 -2.69664
24.5115 -2.68389
24.513 -2.67115
24.5145 -2.65841
24.516 -2.64569
24.5175 -2.63298
24.519 -2.62028
24.5205 -2.60759
24.522 -2.59492
24.5235 -2.58225
24.525 -2.5696
24.5265 -2.55696
24.528 -2.54433
24.5295 -2.53171
24.531 -2.51911
24.5325 -2.50652
24.534 -2.49394
24.5355 -2.48138
24.537 -2.46883
24.5385 -2.45629
24.54 -2.44377
24.5415 -2.43126
24.543 -2.41877
24.5445 -2.40629
24.546 -2.39382
24.5475 -2.38137
24.549 -2.36894
24.5505 -2.35652
24.552 -2.34412
24.5535 -2.33173
24.555 -2.31936
24.5565 -2.307
24.558 -2.29466
24.5595 -2.28234
24.561 -2.27003
24.5625 -2.25774
24.564 -2.24547
24.5655 -2.23322
24.567 -2.22098
24.5685 -2.20876
24.57 -2.19656
24.5715 -2.18438
24.573 -2.17221
24.5745 -2.16007
24.576 -2.14794
24.5775 -2.13583
24.579 -2.12374
24.5805 -2.11167
24.582 -2.09962
24.5835 -2.08759
24.585 -2.07557
24.5865 -2.06358
24.588 -2.05161
24.5895 -2.03966
24.591 -2.02773
24.5925 -2.01582
24.594 -2.00393
24.5955 -1.99206
24.597 -1.98021
24.5985 -1.96838
24.6001 -1.95658
24.6016 -1.9448
24.6031 -1.93304
24.6046 -1.9213
24.6061 -1.90958
24.6076 -1.89789
24.6091 -1.88622
24.6106 -1.87457
24.6121 -1.86294
24.6136 -1.85134
24.6151 -1.83976
24.6166 -1.8282
24.6181 -1.81667
24.6196 -1.80516
24.6211 -1.79368
24.6226 -1.78222
24.6241 -1.77078
24.6256 -1.75937
24.6271 -1.74798
24.6286 -1.73662
24.6301 -1.72528
24.6316 -1.71397
24.6331 -1.70268
24.6346 -1.69142
24.6361 -1.68018
24.6376 -1.66897
24.6391 -1.65779
24.6406 -1.64663
24.6421 -1.6355
24.6436 -1.62439
24.6451 -1.61331
24.6466 -1.60226
24.6481 -1.59123
24.6496 -1.58024
24.6511 -1.56926
24.6526 -1.55832
24.6541 -1.5474
24.6556 -1.53651
24.6571 -1.52565
24.6586 -1.51482
24.6601 -1.50401
24.6616 -1.49324
24.6631 -1.48249
24.6646 -1.47177
24.6661 -1.46108
24.6676 -1.45041
24.6691 -1.43978
24.6706 -1.42917
24.6721 -1.4186
24.6736 -1.40805
24.6751 -1.39754
24.6766 -1.38705
24.6781 -1.37659
24.6796 -1.36616
24.6811 -1.35577
24.6826 -1.3454
24.6841 -1.33506
24.6856 -1.32476
24.6871 -1.31448
24.6886 -1.30424
24.6901 -1.29402
24.6916 -1.28384
24.6931 -1.27369
24.6946 -1.26357
24.6961 -1.25348
24.6976 -1.24342
24.6991 -1.2334
24.7006 -1.22341
24.7021 -1.21344
24.7036 -1.20352
24.7051 -1.19362
24.7066 -1.18375
24.7081 -1.17392
24.7096 -1.16412
24.7111 -1.15436
24.7126 -1.14462
24.7141 -1.13492
24.7156 -1.12525
24.7171 -1.11562
24.7186 -1.10602
24.7201 -1.09645
24.7216 -1.08692
24.7231 -1.07742
24.7246 -1.06795
24.7261 -1.05852
24.7276 -1.04912
24.7291 -1.03976
24.7306 -1.03043
24.7321 -1.02113
24.7336 -1.01187
24.7351 -1.00265
24.7366 -0.993459
24.7381 -0.984303
24.7396 -0.975182
24.7411 -0.966097
24.7426 -0.957047
24.7441 -0.948032
24.7456 -0.939053
24.7471 -0.93011
24.7486 -0.921202
24.7501 -0.91233
24.7516 -0.903494
24.7531 -0.894695
24.7546 -0.885931
24.7561 -0.877204
24.7576 -0.868513
24.7591 -0.859859
24.7606 -0.851241
24.7621 -0.84266
24.7636 -0.834116
24.7651 -0.825608
24.7666 -0.817138
24.7681 -0.808705
24.7696 -0.800309
24.7711 -0.791951
24.7726 -0.78363
24.7741 -0.775346
24.7756 -0.7671
24.7771 -0.758892
24.7786 -0.750722
24.7801 -0.742589
24.7816 -0.734495
24.7831 -0.726439
24.7846 -0.718421
24.7861 -0.710441
24.7876 -0.7025
24.7891 -0.694597
24.7906 -0.686733
24.7921 -0.678908
24.7936 -0.671121
24.7951 -0.663373
24.7966 -0.655664
24.7981 -0.647995
24.7996 -0.640364
24.8012 -0.632773
24.8027 -0.62522
24.8042 -0.617708
24.8057 -0.610235
24.8072 -0.602801
24.8087 -0.595407
24.8102 -0.588053
24.8117 -0.580738
24.8132 -0.573464
24.8147 -0.566229
24.8162 -0.559035
24.8177 -0.551881
24.8192 -0.544767
24.8207 -0.537693
24.8222 -0.53066
24.8237 -0.523667
24.8252 -0.516715
24.8267 -0.509803
24.8282 -0.502932
24.8297 -0.496102
24.8312 -0.489313
24.8327 -0.482564
24.8342 -0.475857
24.8357 -0.469191
24.8372 -0.462565
24.8387 -0.455981
24.8402 -0.449439
24.8417 -0.442938
24.8432 -0.436478
24.8447 -0.430059
24.8462 -0.423683
24.8477 -0.417347
24.8492 -0.411054
24.8507 -0.404802
24.8522 -0.398593
24.8537 -0.392425
24.8552 -0.386299
24.8567 -0.380215
24.8582 -0.374173
24.8597 -0.368173
24.8612 -0.362216
24.8627 -0.356301
24.8642 -0.350428
24.8657 -0.344597
24.8672 -0.338809
24.8687 -0.333064
24.8702 -0.327361
24.8717 -0.321701
24.8732 -0.316083
24.8747 -0.310508
24.8762 -0.304976
24.8777 -0.299487
24.8792 -0.294041
24.8807 -0.288638
24.8822 -0.283277
24.8837 -0.27796
24.8852 -0.272686
24.8867 -0.267455
24.8882 -0.262267
24.8897 -0.257123
24.8912 -0.252022
24.8927 -0.246964
24.8942 -0.24195
24.8957 -0.236979
24.8972 -0.232051
24.8987 -0.227167
24.9002 -0.222327
24.9017 -0.217531
24.9032 -0.212778
24.9047 -0.208068
24.9062 -0.203403
24.9077 -0.198781
24.9092 -0.194204
24.9107 -0.18967
24.9122 -0.18518
24.9137 -0.180734
24.9152 -0.176332
24.9167 -0.171974
24.9182 -0.16766
24.9197 -0.16339
24.9212 -0.159164
24.9227 -0.154983
24.9242 -0.150846
24.9257 -0.146753
24.9272 -0.142704
24.9287 -0.1387
24.9302 -0.13474
24.9317 -0.130824
24.9332 -0.126953
24.9347 -0.123126
24.9362 -0.119344
24.9377 -0.115606
24.9392 -0.111913
24.9407 -0.108264
24.9422 -0.10466
24.9437 -0.101101
24.9452 -0.097586
24.9467 -0.0941158
24.9482 -0.0906903
24.9497 -0.0873094
24.9512 -0.0839733
24.9527 -0.0806819
24.9542 -0.0774353
24.9557 -0.0742335
24.9572 -0.0710765
24.9587 -0.0679643
24.9602 -0.064897
24.9617 -0.0618745
24.9632 -0.058897
24.9647 -0.0559643
24.9662 -0.0530765
24.9677 -0.0502336
24.9692 -0.0474357
24.9707 -0.0446828
24.9722 -0.0419748
24.9737 -0.0393118
24.9752 -0.0366937
24.9767 -0.0341207
24.9782 -0.0315927
24.9797 -0.0291098
24.9812 -0.0266718
24.9827 -0.0242789
24.9842 -0.0219311
24.9857 -0.0196283
24.9872 -0.0173706
24.9887 -0.0151579
24.9902 -0.0129903
24.9917 -0.0108678
24.9932 -0.0087904
24.9947 -0.00675807
24.9962 -0.00477082
24.9977 -0.00282867
24.9992 -0.000931618
25.0008 0.000920345
25.0023 0.00272721
25.0038 0.00448899
25.0053 0.00620568
25.0068 0.00787727
25.0083 0.00950378
25.0098 0.0110852
25.0113 0.0126216
25.0128 0.0141128
25.0143 0.015559
25.0158 0.0169602
25.0173 0.0183162
25.0188 0.0196273
25.0203 0.0208933
25.0218 0.0221142
25.0233 0.0232901
25.0248 0.024421
25.0263 0.025507
25.0278 0.0265479
25.0293 0.0275438
25.0308 0.0284948
25.0323 0.0294008
25.0338 0.0302619
25.0353 0.031078
25.0368 0.0318492
25.0383 0.0325756
25.0398 0.033257
25.0413 0.0338936
25.0428 0.0344854
25.0443 0.0350323
25.0458 0.0355344
25.0473 0.0359917
25.0488 0.0364043
25.0503 0.0367721
25.0518 0.0370952
25.0533 0.0373736
25.0548 0.0376073
25.0563 0.0377963
25.0578 0.0379408
25.0593 0.0380406
25.0608 0.0380958
25.0623 0.0381065
25.0638 0.0380727
25.0653 0.0379943
25.0668 0.0378715
25.0683 0.0377042
25.0698 0.0374926
25.0713 0.0372365
25.0728 0.0369361
25.0743 0.0365914
25.0758 0.0362024
25.0773 0.0357691
25.0788 0.0352916
25.0803 0.03477
25.0818 0.0342041
25.0833 0.0335942
25.0848 0.0329402
25.0863 0.0322421
25.0878 0.0315
25.0893 0.030714
25.0908 0.029884
25.0923 0.0290102
25.0938 0.0280925
25.0953 0.0271309
25.0968 0.0261257
25.0983 0.0250767
25.0998 0.023984
25.1013 0.0228476
25.1028 0.0216677
25.1043 0.0204442
25.1058 0.0191773
25.1073 0.0178668
25.1088 0.016513
25.1103 0.0151158
25.1118 0.0136753
25.1133 0.0121915
25.1148 0.0106644
25.1163 0.00909426
25.1178 0.00748097
25.1193 0.0058246
25.1208 0.00412522
25.1223 0.00238288
25.1238 0.000597633
25.1253 -0.00123047
25.1268 -0.00310137
25.1283 -0.00501502
25.1298 -0.00697136
25.1313 -0.00897032
25.1328 -0.0110119
25.1343 -0.0130959
25.1358 -0.0152224
25.1373 -0.0173914
25.1388 -0.0196026
25.1403 -0.0218561
25.1418 -0.0241519
25.1433 -0.0264898
25.1448 -0.0288698
25.1463 -0.0312918
25.1478 -0.0337558
25.1493 -0.0362617
25.1508 -0.0388095
25.1523 -0.041399
25.1538 -0.0440302
25.1553 -0.046703
25.1568 -0.0494174
25.1583 -0.0521734
25.1598 -0.0549707
25.1613 -0.0578094
25.1628 -0.0606894
25.1643 -0.0636106
25.1658 -0.066573
25.1673 -0.0695765
25.1688 -0.0726209
25.1703 -0.0757063
25.1718 -0.0788325
25.1733 -0.0819995
25.1748 -0.0852073
25.1763 -0.0884556
25.1778 -0.0917445
25.1793 -0.0950739
25.1808 -0.0984436
25.1823 -0.101854
25.1838 -0.105304
25.1853 -0.108795
25.1868 -0.112325
25.1883 -0.115896
25.1898 -0.119506
25.1913 -0.123156
25.1928 -0.126846
25.1943 -0.130576
25.1958 -0.134345
25.1973 -0.138154
25.1988 -0.142002
25.2004 -0.14589
25.2019 -0.149817
25.2034 -0.153782
25.2049 -0.157787
25.2064 -0.161831
25.2079 -0.165914
25.2094 -0.170035
25.2109 -0.174196
25.2124 -0.178394
25.2139 -0.182632
25.2154 -0.186908
25.2169 -0.191222
25.2184 -0.195574
25.2199 -0.199964
25.2214 -0.204393
25.2229 -0.208859
25.2244 -0.213363
25.2259 -0.217905
25.2274 -0.222485
25.2289 -0.227102
25.2304 -0.231757
25.2319 -0.236448
25.2334 -0.241178
25.2349 -0.245944
25.2364 -0.250747
25.2379 -0.255588
25.2394 -0.260465
25.2409 -0.265378
25.2424 -0.270329
25.2439 -0.275316
25.2454 -0.280339
25.2469 -0.285399
25.2484 -0.290495
25.2499 -0.295627
25.2514 -0.300795
25.2529 -0.305998
25.2544 -0.311238
25.2559 -0.316513
25.2574 -0.321824
25.2589 -0.32717
25.2604 -0.332551
25.2619 -0.337968
25.2634 -0.343419
25.2649 -0.348906
25.2664 -0.354428
25.2679 -0.359984
25.2694 -0.365575
25.2709 -0.3712
25.2724 -0.37686
25.2739 -0.382554
25.2754 -0.388282
25.2769 -0.394044
25.2784 -0.39984
25.2799 -0.405669
25.2814 -0.411533
25.2829 -0.41743
25.2844 -0.42336
25.2859 -0.429324
25.2874 -0.435321
25.2889 -0.44135
25.2904 -0.447413
25.2919 -0.453509
25.2934 -0.459637
25.2949 -0.465797
25.2964 -0.47199
25.2979 -0.478216
25.2994 -0.484473
25.3009 -0.490762
25.3024 -0.497084
25.3039 -0.503437
25.3054 -0.509821
25.3069 -0.516238
25.3084 -0.522685
25.3099 -0.529164
25.3114 -0.535673
25.3129 -0.542214
25.3144 -0.548785
25.3159 -0.555387
25.3174 -0.56202
25.3189 -0.568683
25.3204 -0.575376
25.3219 -0.582099
25.3234 -0.588853
25.3249 -0.595636
25.3264 -0.602449
25.3279 -0.609291
25.3294 -0.616162
25.3309 -0.623063
25.3324 -0.629993
25.3339 -0.636952
25.3354 -0.64394
25.3369 -0.650956
25.3384 -0.658001
25.3399 -0.665075
25.3414 -0.672176
25.3429 -0.679306
25.3444 -0.686463
25.3459 -0.693648
25.3474 -0.700861
25.3489 -0.708102
25.3504 -0.715369
25.3519 -0.722664
25.3534 -0.729986
25.3549 -0.737334
25.3564 -0.74471
25.3579 -0.752112
25.3594 -0.75954
25.3609 -0.766994
25.3624 -0.774475
25.3639 -0.781981
25.3654 -0.789514
25.3669 -0.797071
25.3684 -0.804654
25.3699 -0.812263
25.3714 -0.819897
25.3729 -0.827555
25.3744 -0.835238
25.3759 -0.842946
25.3774 -0.850679
25.3789 -0.858435
25.3804 -0.866216
25.3819 -0.874021
25.3834 -0.881849
25.3849 -0.889701
25.3864 -0.897577
25.3879 -0.905475
25.3894 -0.913397
25.3909 -0.921342
25.3924 -0.92931
25.3939 -0.9373
25.3954 -0.945313
25.3969 -0.953348
25.3984 -0.961405
25.3999 -0.969484
25.4015 -0.977584
25.403 -0.985706
25.4045 -0.99385
25.406 -1.00201
25.4075 -1.0102
25.409 -1.01841
25.4105 -1.02663
25.412 -1.03488
25.4135 -1.04315
25.415 -1.05144
25.4165 -1.05975
25.418 -1.06807
25.4195 -1.07642
25.421 -1.08479
25.4225 -1.09317
25.424 -1.10158
25.4255 -1.11
25.427 -1.11845
25.4285 -1.12691
25.43 -1.13539
25.4315 -1.14388
25.433 -1.1524
25.4345 -1.16093
25.436 -1.16948
25.4375 -1.17805
25.439 -1.18664
25.4405 -1.19524
25.442 -1.20386
25.4435 -1.21249
25.445 -1.22114
25.4465 -1.22981
25.448 -1.23849
25.4495 -1.24719
25.451 -1.25591
25.4525 -1.26464
25.454 -1.27338
25.4555 -1.28215
25.457 -1.29092
25.4585 -1.29971
25.46 -1.30852
25.4615 -1.31733
25.463 -1.32617
25.4645 -1.33501
25.466 -1.34387
25.4675 -1.35275
25.469 -1.36163
25.4705 -1.37053
25.472 -1.37944
25.4735 -1.38837
25.475 -1.39731
25.4765 -1.40626
25.478 -1.41522
25.4795 -1.42419
25.481 -1.43317
25.4825 -1.44217
25.484 -1.45118
25.4855 -1.46019
25.487 -1.46922
25.4885 -1.47826
25.49 -1.48731
25.4915 -1.49637
25.493 -1.50544
25.4945 -1.51452
25.496 -1.5236
25.4975 -1.5327
25.499 -1.54181
25.5005 -1.55092
25.502 -1.56005
25.5035 -1.56918
25.505 -1.57832
25.5065 -1.58746
25.508 -1.59662
25.5095 -1.60578
25.511 -1.61495
25.5125 -1.62413
25.514 -1.63331
25.5155 -1.6425
25.517 -1.6517
25.5185 -1.6609
25.52 -1.67011
25.5215 -1.67932
25.523 -1.68854
25.5245 -1.69776
25.526 -1.70699
25.5275 -1.71622
25.529 -1.72546
25.5305 -1.7347
25.532 -1.74395
25.5335 -1.7532
25.535 -1.76245
25.5365 -1.77171
25.538 -1.78097
25.5395 -1.79023
25.541 -1.7995
25.5425 -1.80876
25.544 -1.81803
25.5455 -1.82731
25.547 -1.83658
25.5485 -1.84585
25.55 -1.85513
25.5515 -1.8644
25.553 -1.87368
25.5545 -1.88296
25.556 -1.89224
25.5575 -1.90151
25.559 -1.91079
25.5605 -1.92007
25.562 -1.92934
25.5635 -1.93862
25.565 -1.94789
25.5665 -1.95717
25.568 -1.96644
25.5695 -1.9757
25.571 -1.98497
25.5725 -1.99423
25.574 -2.00349
25.5755 -2.01275
25.577 -2.02201
25.5785 -2.03126
25.58 -2.0405
25.5815 -2.04975
25.583 -2.05898
25.5845 -2.06822
25.586 -2.07745
25.5875 -2.08667
25.589 -2.09589
25.5905 -2.1051
25.592 -2.11431
25.5935 -2.12351
25.595 -2.13271
25.5965 -2.1419
25.598 -2.15108
25.5995 -2.16025
25.6011 -2.16942
25.6026 -2.17858
25.6041 -2.18773
25.6056 -2.19687
25.6071 -2.20601
25.6086 -2.21513
25.6101 -2.22425
25.6116 -2.23336
25.6131 -2.24245
25.6146 -2.25154
25.6161 -2.26062
25.6176 -2.26969
25.6191 -2.27874
25.6206 -2.28779
25.6221 -2.29683
25.6236 -2.30585
25.6251 -2.31486
25.6266 -2.32386
25.6281 -2.33285
25.6296 -2.34182
25.6311 -2.35079
25.6326 -2.35973
25.6341 -2.36867
25.6356 -2.37759
25.6371 -2.3865
25.6386 -2.3954
25.6401 -2.40427
25.6416 -2.41314
25.6431 -2.42199
25.6446 -2.43082
25.6461 -2.43964
25.6476 -2.44845
25.6491 -2.45723
25.6506 -2.466
25.6521 -2.47476
25.6536 -2.48349
25.6551 -2.49221
25.6566 -2.50092
25.6581 -2.5096
25.6596 -2.51826
25.6611 -2.52691
25.6626 -2.53554
25.6641 -2.54415
25.6656 -2.55274
25.6671 -2.56131
25.6686 -2.56986
25.6701 -2.57839
25.6716 -2.5869
25.6731 -2.59539
25.6746 -2.60386
25.6761 -2.61231
25.6776 -2.62073
25.6791 -2.62913
25.6806 -2.63752
25.6821 -2.64587
25.6836 -2.65421
25.6851 -2.66252
25.6866 -2.67081
25.6881 -2.67907
25.6896 -2.68732
25.6911 -2.69553
25.6926 -2.70372
25.6941 -2.71189
25.6956 -2.72003
25.6971 -2.72815
25.6986 -2.73624
25.7001 -2.7443
25.7016 -2.75234
25.7031 -2.76035
25.7046 -2.76833
25.7061 -2.77629
25.7076 -2.78422
25.7091 -2.79212
25.7106 -2.79999
25.7121 -2.80783
25.7136 -2.81565
25.7151 -2.82343
25.7166 -2.83119
25.7181 -2.83891
25.7196 -2.84661
25.7211 -2.85427
25.7226 -2.86191
25.7241 -2.86951
25.7256 -2.87708
25.7271 -2.88462
25.7286 -2.89213
25.7301 -2.8996
25.7316 -2.90704
25.7331 -2.91445
25.7346 -2.92183
25.7361 -2.92917
25.7376 -2.93648
25.7391 -2.94375
25.7406 -2.95099
25.7421 -2.95819
25.7436 -2.96536
25.7451 -2.97249
25.7466 -2.97959
25.7481 -2.98665
25.7496 -2.99367
25.7511 -3.00066
25.7526 -3.00761
25.7541 -3.01452
25.7556 -3.02139
25.7571 -3.02823
25.7586 -3.03502
25.7601 -3.04178
25.7616 -3.0485
25.7631 -3.05518
25.7646 -3.06182
25.7661 -3.06841
25.7676 -3.07497
25.7691 -3.08149
25.7706 -3.08796
25.7721 -3.0944
25.7736 -3.10079
25.7751 -3.10714
25.7766 -3.11345
25.7781 -3.11971
25.7796 -3.12593
25.7811 -3.13211
25.7826 -3.13824
25.7841 -3.14433
25.7856 -3.15037
25.7871 -3.15637
25.7886 -3.16232
25.7901 -3.16823
25.7916 -3.17409
25.7931 -3.1799
25.7946 -3.18567
25.7961 -3.19139
25.7976 -3.19707
25.7991 -3.20269
25.8007 -3.20827
25.8022 -3.2138
25.8037 -3.21928
25.8052 -3.22471
25.8067 -3.23009
25.8082 -3.23542
25.8097 -3.2407
25.8112 -3.24593
25.8127 -3.25111
25.8142 -3.25624
25.8157 -3.26131
25.8172 -3.26633
25.8187 -3.27131
25.8202 -3.27622
25.8217 -3.28109
25.8232 -3.2859
25.8247 -3.29066
25.8262 -3.29536
25.8277 -3.30001
25.8292 -3.30461
25.8307 -3.30914
25.8322 -3.31363
25.8337 -3.31805
25.8352 -3.32242
25.8367 -3.32674
25.8382 -3.33099
25.8397 -3.33519
25.8412 -3.33933
25.8427 -3.34342
25.8442 -3.34744
25.8457 -3.35141
25.8472 -3.35531
25.8487 -3.35916
25.8502 -3.36294
25.8517 -3.36667
25.8532 -3.37033
25.8547 -3.37394
25.8562 -3.37748
25.8577 -3.38096
25.8592 -3.38438
25.8607 -3.38773
25.8622 -3.39102
25.8637 -3.39425
25.8652 -3.39742
25.8667 -3.40052
25.8682 -3.40355
25.8697 -3.40652
25.8712 -3.40943
25.8727 -3.41226
25.8742 -3.41504
25.8757 -3.41774
25.8772 -3.42038
25.8787 -3.42296
25.8802 -3.42546
25.8817 -3.4279
25.8832 -3.43026
25.8847 -3.43256
25.8862 -3.43479
25.8877 -3.43695
25.8892 -3.43904
25.8907 -3.44106
25.8922 -3.44301
25.8937 -3.44489
25.8952 -3.4467
25.8967 -3.44843
25.8982 -3.45009
25.8997 -3.45168
25.9012 -3.4532
25.9027 -3.45464
25.9042 -3.45601
25.9057 -3.4573
25.9072 -3.45852
25.9087 -3.45967
25.9102 -3.46074
25.9117 -3.46173
25.9132 -3.46264
25.9147 -3.46348
25.9162 -3.46425
25.9177 -3.46493
25.9192 -3.46554
25.9207 -3.46607
25.9222 -3.46652
25.9237 -3.46689
25.9252 -3.46718
25.9267 -3.46739
25.9282 -3.46752
25.9297 -3.46757
25.9312 -3.46754
25.9327 -3.46743
25.9342 -3.46724
25.9357 -3.46696
25.9372 -3.4666
25.9387 -3.46616
25.9402 -3.46563
25.9417 -3.46502
25.9432 -3.46433
25.9447 -3.46355
25.9462 -3.46268
25.9477 -3.46173
25.9492 -3.46069
25.9507 -3.45957
25.9522 -3.45836
25.9537 -3.45706
25.9552 -3.45568
25.9567 -3.4542
25.9582 -3.45264
25.9597 -3.45099
25.9612 -3.44925
25.9627 -3.44742
25.9642 -3.4455
25.9657 -3.44349
25.9672 -3.44138
25.9687 -3.43919
25.9702 -3.4369
25.9717 -3.43452
25.9732 -3.43205
25.9747 -3.42949
25.9762 -3.42683
25.9777 -3.42408
25.9792 -3.42123
25.9807 -3.41829
25.9822 -3.41525
25.9837 -3.41211
25.9852 -3.40888
25.9867 -3.40556
25.9882 -3.40213
25.9897 -3.39861
25.9912 -3.39499
25.9927 -3.39128
25.9942 -3.38746
25.9957 -3.38354
25.9972 -3.37953
25.9987 -3.37541
26.0003 -3.3712
26.0018 -3.36688
26.0033 -3.36246
26.0048 -3.35794
26.0063 -3.35332
26.0078 -3.34859
26.0093 -3.34376
26.0108 -3.33883
26.0123 -3.33379
26.0138 -3.32865
26.0153 -3.3234
26.0168 -3.31805
26.0183 -3.31259
26.0198 -3.30703
26.0213 -3.30136
26.0228 -3.29558
26.0243 -3.28969
26.0258 -3.2837
26.0273 -3.27759
26.0288 -3.27138
26.0303 -3.26506
26.0318 -3.25863
26.0333 -3.25209
26.0348 -3.24543
26.0363 -3.23867
26.0378 -3.23179
26.0393 -3.22481
26.0408 -3.2177
26.0423 -3.21049
26.0438 -3.20316
26.0453 -3.19572
26.0468 -3.18816
26.0483 -3.18049
26.0498 -3.17271
26.0513 -3.1648
26.0528 -3.15679
26.0543 -3.14865
26.0558 -3.1404
26.0573 -3.13203
26.0588 -3.12354
26.0603 -3.11493
26.0618 -3.1062
26.0633 -3.09736
26.0648 -3.08839
26.0663 -3.0793
26.0678 -3.0701
26.0693 -3.06077
26.0708 -3.05132
26.0723 -3.04174
26.0738 -3.03205
26.0753 -3.02223
26.0768 -3.01228
26.0783 -3.00222
26.0798 -2.99202
26.0813 -2.98171
26.0828 -2.97126
26.0843 -2.96069
26.0858 -2.95
26.0873 -2.93917
26.0888 -2.92822
26.0903 -2.91714
26.0918 -2.90593
26.0933 -2.8946
26.0948 -2.88313
26.0963 -2.87154
26.0978 -2.85981
26.0993 -2.84795
26.1008 -2.83596
26.1023 -2.82384
26.1038 -2.81159
26.1053 -2.7992
26.1068 -2.78668
26.1083 -2.77403
26.1098 -2.76124
26.1113 -2.74832
26.1128 -2.73526
26.1143 -2.72207
26.1158 -2.70874
26.1173 -2.69527
26.1188 -2.68167
26.1203 -2.66792
26.1218 -2.65404
26.1233 -2.64002
26.1248 -2.62587
26.1263 -2.61157
26.1278 -2.59713
26.1293 -2.58255
26.1308 -2.56783
26.1323 -2.55297
26.1338 -2.53797
26.1353 -2.52282
26.1368 -2.50753
26.1383 -2.4921
26.1398 -2.47652
26.1413 -2.4608
26.1428 -2.44493
26.1443 -2.42892
26.1458 -2.41276
26.1473 -2.39645
26.1488 -2.38
26.1503 -2.3634
26.1518 -2.34665
26.1533 -2.32975
26.1548 -2.3127
26.1563 -2.29551
26.1578 -2.27816
26.1593 -2.26066
26.1608 -2.24301
26.1623 -2.22521
26.1638 -2.20726
26.1653 -2.18915
26.1668 -2.17089
26.1683 -2.15248
26.1698 -2.13391
26.1713 -2.11519
26.1728 -2.09631
26.1743 -2.07728
26.1758 -2.05809
26.1773 -2.03875
26.1788 -2.01924
26.1803 -1.99958
26.1818 -1.97976
26.1833 -1.95978
26.1848 -1.93964
26.1863 -1.91934
26.1878 -1.89888
26.1893 -1.87826
26.1908 -1.85748
26.1923 -1.83654
26.1938 -1.81543
26.1953 -1.79416
26.1968 -1.77273
26.1983 -1.75113
26.1998 -1.72937
26.2014 -1.70745
26.2029 -1.68535
26.2044 -1.66309
26.2059 -1.64067
26.2074 -1.61808
26.2089 -1.59531
26.2104 -1.57239
26.2119 -1.54929
26.2134 -1.52602
26.2149 -1.50258
26.2164 -1.47897
26.2179 -1.45519
26.2194 -1.43124
26.2209 -1.40712
26.2224 -1.38283
26.2239 -1.35836
26.2254 -1.33372
26.2269 -1.3089
26.2284 -1.28391
26.2299 -1.25874
26.2314 -1.2334
26.2329 -1.20788
26.2344 -1.18218
26.2359 -1.15631
26.2374 -1.13026
26.2389 -1.10403
26.2404 -1.07762
26.2419 -1.05103
26.2434 -1.02426
26.2449 -0.997314
26.2464 -0.970183
26.2479 -0.94287
26.2494 -0.915375
26.2509 -0.887697
26.2524 -0.859836
26.2539 -0.83179
26.2554 -0.80356
26.2569 -0.775145
26.2584 -0.746544
26.2599 -0.717757
26.2614 -0.688784
26.2629 -0.659623
26.2644 -0.630274
26.2659 -0.600736
26.2674 -0.57101
26.2689 -0.541094
26.2704 -0.510988
26.2719 -0.480691
26.2734 -0.450203
26.2749 -0.419523
26.2764 -0.388651
26.2779 -0.357586
26.2794 -0.326328
26.2809 -0.294875
26.2824 -0.263228
26.2839 -0.231386
26.2854 -0.199348
26.2869 -0.167114
26.2884 -0.134683
26.2899 -0.102055
26.2914 -0.0692289
26.2929 -0.0362041
26.2944 -0.00298029
26.2959 0.0304432
26.2974 0.0640669
26.2989 0.0978915
26.3004 0.131917
26.3019 0.166145
26.3034 0.200575
26.3049 0.235209
26.3064 0.270046
26.3079 0.305087
26.3094 0.340333
26.3109 0.375784
26.3124 0.411442
26.3139 0.447306
26.3154 0.483377
26.3169 0.519655
26.3184 0.556142
26.3199 0.592838
26.3214 0.629743
26.3229 0.666858
26.3244 0.704183
26.3259 0.74172
26.3274 0.779468
26.3289 0.817429
26.3304 0.855603
26.3319 0.89399
26.3334 0.932591
26.3349 0.971407
26.3364 1.01044
26.3379 1.04968
26.3394 1.08915
26.3409 1.12883
26.3424 1.16873
26.3439 1.20884
26.3454 1.24918
26.3469 1.28973
26.3484 1.3305
26.3499 1.3715
26.3514 1.41271
26.3529 1.45415
26.3544 1.49581
26.3559 1.53769
26.3574 1.5798
26.3589 1.62213
26.3604 1.66468
26.3619 1.70746
26.3634 1.75047
26.3649 1.7937
26.3664 1.83716
26.3679 1.88085
26.3694 1.92476
26.3709 1.96891
26.3724 2.01328
26.3739 2.05788
26.3754 2.10272
26.3769 2.14778
26.3784 2.19308
26.3799 2.23861
26.3814 2.28437
26.3829 2.33037
26.3844 2.3766
26.3859 2.42306
26.3874 2.46976
26.3889 2.5167
26.3904 2.56388
26.3919 2.61129
26.3934 2.65894
26.3949 2.70682
26.3964 2.75495
26.3979 2.80332
26.3994 2.85192
26.401 2.90077
26.4025 2.94986
26.404 2.99919
26.4055 3.04877
26.407 3.09859
26.4085 3.14865
26.41 3.19896
26.4115 3.24951
26.413 3.30031
26.4145 3.35135
26.416 3.40264
26.4175 3.45418
26.419 3.50597
26.4205 3.55801
26.422 3.61029
26.4235 3.66283
26.425 3.71562
26.4265 3.76866
26.428 3.82195
26.4295 3.87549
26.431 3.92929
26.4325 3.98334
26.434 4.03765
26.4355 4.09221
26.437 4.14703
26.4385 4.2021
26.44 4.25743
26.4415 4.31302
26.443 4.36887
26.4445 4.42498
26.446 4.48134
26.4475 4.53797
26.449 4.59486
26.4505 4.65201
26.452 4.70942
26.4535 4.76709
26.455 4.82503
26.4565 4.88323
26.458 4.9417
26.4595 5.00043
26.461 5.05943
26.4625 5.11869
26.464 5.17823
26.4655 5.23803
26.467 5.2981
26.4685 5.35843
26.47 5.41904
26.4715 5.47992
26.473 5.54107
26.4745 5.60249
26.476 5.66419
26.4775 5.72615
26.479 5.78839
26.4805 5.85091
26.482 5.9137
26.4835 5.97677
26.485 6.04011
26.4865 6.10373
26.488 6.16763
26.4895 6.2318
26.491 6.29626
26.4925 6.36099
26.494 6.42601
26.4955 6.4913
26.497 6.55688
26.4985 6.62274
26.5 6.68888
