43.5793 0.00916091
43.6338 0.0183218
43.6884 0.0824482
43.743 0.311471
43.7976 0.668746
43.8522 1.32833
43.9067 1.77722
43.9613 1.96043
44.0159 2.14365
44.0705 2.17114
44.1251 1.6398
44.1796 1.35581
44.2342 0.989378
44.2888 0.632103
44.3434 0.467206
44.398 0.219862
44.4525 0.128253
44.5071 0.146575
44.5617 0.0366436
44.6163 0
44.6709 0.0458045
44.7254 0.0274827
44.78 0
44.8346 0.0274827
44.8892 0.00916091
44.9438 0.00916091
44.9983 0.0183218
45.0529 0.0274827
45.1075 0.0274827
45.1621 0.00916091
45.2167 0.00916091
45.2712 0.00916091
45.3258 0.00916091
45.3804 0.00916091
45.435 0.0274827
45.4896 0.0458045
45.5441 0.0549655
45.5987 0.0824482
45.6533 0.0824482
45.7079 0.119092
45.7625 0.164896
45.817 0.20154
45.8716 0.238184
45.9262 0.247345
45.9808 0.219862
46.0354 0.174057
46.0899 0.146575
46.1445 0.10077
46.1991 0.0366436
46.2537 0.0549655
