0 -4.33535
0.1 -4.33166
0.2 -4.25479
0.3 -4.3368
0.4 -4.29459
0.5 -4.26249
0.6 -4.26608
0.7 -4.27517
0.8 -4.26904
0.9 -4.32608
1 -4.26129
1.1 -4.2807
1.2 -4.26868
1.3 -4.31962
1.4 -4.29262
1.5 -4.22488
1.6 -4.26547
1.7 -4.26296
1.8 -4.27845
1.9 -4.339
2 -4.23285
2.1 -4.27893
2.2 -4.32144
2.3 -4.3163
2.4 -4.2616
2.5 -4.24444
2.6 -4.29692
2.7 -4.26839
2.8 -4.2757
2.9 -4.2716
3 -4.32088
3.1 -4.26019
3.2 -4.25528
3.3 -4.33223
3.4 -4.26546
3.5 -4.26749
3.6 -4.23887
3.7 -4.26308
3.8 -4.26969
3.9 -4.26872
4 -4.24227
4.1 -4.25203
4.2 -4.28868
4.3 -4.26134
4.4 -4.2507
4.5 -4.24794
4.6 -4.26153
4.7 -4.25223
4.8 -4.24525
4.9 -4.25848
5 -4.27143
5.1 -4.24053
5.2 -4.27863
5.3 -4.25536
5.4 -4.27182
5.5 -4.26348
5.6 -4.26017
5.7 -4.27427
5.8 -4.29403
5.9 -4.24885
6 -4.29377
6.1 -4.21353
6.2 -4.2408
6.3 -4.24978
6.4 -4.23852
6.5 -4.29762
6.6 -4.22865
6.7 -4.27306
6.8 -4.26863
6.9 -4.24923
7 -4.28878
7.1 -4.25628
7.2 -4.25618
7.3 -4.21755
7.4 -4.22399
7.5 -4.24164
7.6 -4.20798
7.7 -4.20698
7.8 -4.21192
7.9 -4.22938
8 -4.22558
8.1 -4.24225
8.2 -4.23262
8.3 -4.23618
8.4 -4.24923
8.5 -4.27453
8.6 -4.22892
8.7 -4.21196
8.8 -4.23245
8.9 -4.18714
9 -4.20009
9.1 -4.23057
9.2 -4.21502
9.3 -4.24972
9.4 -4.1875
9.5 -4.20848
9.6 -4.22048
9.7 -4.20022
9.8 -4.22264
9.9 -4.20614
10 -4.20254
10.1 -4.22722
10.2 -4.23991
10.3 -4.18319
10.4 -4.19295
10.5 -4.15298
10.6 -4.15023
10.7 -4.19587
10.8 -4.17209
10.9 -4.21337
11 -4.15344
11.1 -4.18112
11.2 -4.13536
11.3 -4.17039
11.4 -4.19661
11.5 -4.20587
11.6 -4.18633
11.7 -4.12367
11.8 -4.14644
11.9 -4.1499
12 -4.1704
12.1 -4.13496
12.2 -4.15155
12.3 -4.1555
12.4 -4.1372
12.5 -4.12378
12.6 -4.10547
12.7 -4.11675
12.8 -4.15191
12.9 -4.14659
13 -4.16773
13.1 -4.11058
13.2 -4.09206
13.3 -4.09407
13.4 -4.11644
13.5 -4.1384
13.6 -4.13314
13.7 -4.12001
13.8 -4.10988
13.9 -4.10039
14 -4.12249
14.1 -4.14171
14.2 -4.13755
14.3 -4.15461
14.4 -4.08569
14.5 -4.11459
14.6 -4.08981
14.7 -4.158
14.8 -4.11315
14.9 -4.12049
15 -4.05694
15.1 -4.09484
15.2 -4.07784
15.3 -4.09417
15.4 -4.11302
15.5 -4.08078
15.6 -4.08477
15.7 -4.05532
15.8 -4.07243
15.9 -4.12199
16 -4.12354
16.1 -4.10134
16.2 -4.07341
16.3 -4.12855
16.4 -4.06464
16.5 -4.07774
16.6 -4.08526
16.7 -4.1147
16.8 -4.08356
16.9 -4.06426
17 -4.11628
17.1 -4.06202
17.2 -4.07249
17.3 -4.05685
17.4 -4.10624
17.5 -4.05269
17.6 -4.10849
17.7 -4.09071
17.8 -4.02939
17.9 -4.08777
18 -4.07862
18.1 -4.07608
18.2 -4.02479
18.3 -4.05548
18.4 -4.05577
18.5 -4.06177
18.6 -4.09477
18.7 -4.063
18.8 -4.04594
18.9 -4.0613
19 -4.07846
19.1 -4.03641
19.2 -4.10688
19.3 -4.11333
19.4 -4.07319
19.5 -4.03049
19.6 -4.07893
19.7 -4.05558
19.8 -4.05268
19.9 -4.13195
20 -4.04187
20.1 -4.05733
20.2 -4.06735
20.3 -4.02481
20.4 -4.0148
20.5 -4.02276
20.6 -4.04313
20.7 -4.02942
20.8 -4.03278
20.9 -4.02677
21 -4.02783
21.1 -4.02232
21.2 -4.03451
21.3 -4.05116
21.4 -4.03127
21.5 -3.99519
21.6 -4.02962
21.7 -4.02216
21.8 -4.0469
21.9 -4.08233
22 -4.06525
22.1 -4.02395
22.2 -3.98565
22.3 -4.03488
22.4 -4.02548
22.5 -4.00668
22.6 -3.99708
22.7 -4.05758
22.8 -4.02735
22.9 -3.99337
23 -4.0239
23.1 -4.0616
23.2 -3.96285
23.3 -3.97801
23.4 -4.02533
23.5 -4.03336
23.6 -4.04156
23.7 -4.0054
23.8 -4.02662
23.9 -4.08425
24 -4.01862
24.1 -4.03136
24.2 -4.03426
24.3 -3.99358
24.4 -4.04138
24.5 -3.97142
24.6 -3.99832
24.7 -4.00717
24.8 -4.00848
24.9 -4.08769
25 -4.05596
25.1 -4.02933
25.2 -4.03486
25.3 -4.03189
25.4 -4.04255
25.5 -4.04082
25.6 -4.06135
25.7 -3.99672
25.8 -4.00714
25.9 -4.05695
26 -4.00991
26.1 -4.02236
26.2 -4.01661
26.3 -4.03427
26.4 -4.03517
26.5 -3.98752
26.6 -4.00719
26.7 -4.01057
26.8 -4.0474
26.9 -4.04372
27 -4.04388
27.1 -3.99384
27.2 -3.98583
27.3 -4.02028
27.4 -4.04023
27.5 -4.03868
27.6 -4.05365
27.7 -3.99182
27.8 -4.03389
27.9 -4.03031
28 -3.99821
28.1 -4.02843
28.2 -4.07296
28.3 -4.06553
28.4 -3.9973
28.5 -3.98898
28.6 -4.02494
28.7 -4.04044
28.8 -4.01588
28.9 -4.01695
29 -4.01157
29.1 -4.07392
29.2 -4.00075
29.3 -4.01963
29.4 -4.00382
29.5 -4.03414
29.6 -4.02646
29.7 -4.04676
29.8 -4.04186
29.9 -3.99552
30 -4.09424
30.1 -4.05347
30.2 -4.03399
30.3 -4.07174
30.4 -4.0852
30.5 -4.05955
30.6 -4.04263
30.7 -4.03603
30.8 -4.02433
30.9 -4.06439
31 -4.01131
31.1 -4.04883
31.2 -4.07098
31.3 -4.03948
31.4 -4.04401
31.5 -4.04867
31.6 -4.04354
31.7 -4.07392
31.8 -4.04013
31.9 -4.00273
32 -4.01249
32.1 -4.063
32.2 -3.99729
32.3 -4.02397
32.4 -4.0473
32.5 -4.04861
32.6 -4.06576
32.7 -4.02262
32.8 -4.03897
32.9 -4.0788
33 -4.02392
33.1 -4.05864
33.2 -4.04524
33.3 -4.00916
33.4 -4.05281
33.5 -4.04613
33.6 -4.04235
33.7 -4.00777
33.8 -4.04299
33.9 -4.04746
34 -4.04825
34.1 -4.10295
34.2 -4.08276
34.3 -4.10863
34.4 -4.04103
34.5 -4.04965
34.6 -4.02361
34.7 -4.07223
34.8 -4.02356
34.9 -4.04281
35 -4.08404
35.1 -4.05056
35.2 -4.01809
35.3 -4.04837
35.4 -4.07707
35.5 -4.04413
35.6 -4.07042
35.7 -4.09379
35.8 -4.07372
35.9 -4.09666
36 -4.00899
36.1 -4.10432
36.2 -4.05505
36.3 -4.07302
36.4 -4.0266
36.5 -4.07587
36.6 -4.05099
36.7 -4.03663
36.8 -4.05477
36.9 -4.06976
37 -4.04842
37.1 -4.07939
37.2 -4.06365
37.3 -4.06558
37.4 -4.10561
37.5 -4.04279
37.6 -4.03273
37.7 -4.02345
37.8 -4.07195
37.9 -4.06949
38 -4.05732
38.1 -4.10078
38.2 -4.09022
38.3 -4.05029
38.4 -4.08472
38.5 -4.08669
38.6 -4.02927
38.7 -4.11229
38.8 -4.08471
38.9 -4.06378
39 -4.09044
39.1 -4.08581
39.2 -4.06975
39.3 -4.09899
39.4 -4.09029
39.5 -4.10872
39.6 -4.07741
39.7 -4.08427
39.8 -4.09929
39.9 -4.06687
40 -4.13619
40.1 -4.10161
40.2 -4.02095
40.3 -4.11857
40.4 -4.07103
40.5 -4.09
40.6 -4.07008
40.7 -4.12124
40.8 -4.06949
40.9 -4.08728
41 -4.09886
41.1 -4.09923
41.2 -4.07506
41.3 -4.09605
41.4 -4.16408
41.5 -4.0936
41.6 -4.10345
41.7 -4.12439
41.8 -4.13233
41.9 -4.09525
42 -4.09638
42.1 -4.13827
42.2 -4.08892
42.3 -4.10643
42.4 -4.09927
42.5 -4.12354
42.6 -4.08132
42.7 -4.07186
42.8 -4.09541
42.9 -4.12447
43 -4.09826
43.1 -4.11785
43.2 -4.10414
43.3 -4.12435
43.4 -4.10977
43.5 -4.09666
43.6 -4.10578
43.7 -4.08949
43.8 -4.08358
43.9 -4.11162
44 -4.12275
44.1 -4.12036
44.2 -4.13404
44.3 -4.08321
44.4 -4.06673
44.5 -4.05621
44.6 -4.09491
44.7 -4.10153
44.8 -4.12968
44.9 -4.1077
45 -4.15152
45.1 -4.14076
45.2 -4.13378
45.3 -4.12675
45.4 -4.15012
45.5 -4.16568
45.6 -4.10924
45.7 -4.14996
45.8 -4.10621
45.9 -4.12477
46 -4.15372
46.1 -4.14717
46.2 -4.11795
46.3 -4.1792
46.4 -4.09337
46.5 -4.1613
46.6 -4.13255
46.7 -4.12911
46.8 -4.15571
46.9 -4.12925
47 -4.17778
47.1 -4.14252
47.2 -4.15766
47.3 -4.12643
47.4 -4.14893
47.5 -4.16732
47.6 -4.16426
47.7 -4.12098
47.8 -4.12522
47.9 -4.18026
48 -4.17993
48.1 -4.16673
48.2 -4.13411
48.3 -4.09659
48.4 -4.10893
48.5 -4.15329
48.6 -4.16147
48.7 -4.13309
48.8 -4.13104
48.9 -4.15018
49 -4.1947
49.1 -4.19176
49.2 -4.15754
49.3 -4.16422
49.4 -4.14904
49.5 -4.21028
49.6 -4.15861
49.7 -4.19573
49.8 -4.12768
49.9 -4.15662
50 -4.1323
50.1 -4.17977
50.2 -4.1786
50.3 -4.19783
50.4 -4.18563
50.5 -4.16731
50.6 -4.18956
50.7 -4.20019
50.8 -4.17386
50.9 -4.19948
51 -4.19069
51.1 -4.15709
51.2 -4.14433
51.3 -4.20986
51.4 -4.22261
51.5 -4.16782
51.6 -4.18362
51.7 -4.21831
51.8 -4.18271
51.9 -4.18683
52 -4.23225
52.1 -4.22633
52.2 -4.16791
52.3 -4.23311
52.4 -4.2253
52.5 -4.19359
52.6 -4.22886
52.7 -4.2372
52.8 -4.19555
52.9 -4.22628
53 -4.22726
53.1 -4.14567
53.2 -4.19488
53.3 -4.20613
53.4 -4.19948
53.5 -4.22501
53.6 -4.22818
53.7 -4.22461
53.8 -4.22908
53.9 -4.21915
54 -4.16165
54.1 -4.23386
54.2 -4.19898
54.3 -4.24391
54.4 -4.24378
54.5 -4.22315
54.6 -4.2504
54.7 -4.24919
54.8 -4.26917
54.9 -4.21881
55 -4.24276
55.1 -4.24497
55.2 -4.22672
55.3 -4.2565
55.4 -4.27298
55.5 -4.22619
55.6 -4.23431
55.7 -4.26951
55.8 -4.29851
55.9 -4.29729
56 -4.29206
56.1 -4.25957
56.2 -4.31706
56.3 -4.28169
56.4 -4.27493
56.5 -4.28728
56.6 -4.28545
56.7 -4.26702
56.8 -4.30619
56.9 -4.31721
57 -4.31038
57.1 -4.29994
57.2 -4.22864
57.3 -4.31882
57.4 -4.28059
57.5 -4.28756
57.6 -4.27709
57.7 -4.32301
57.8 -4.32119
57.9 -4.35848
58 -4.34495
58.1 -4.27485
58.2 -4.32195
58.3 -4.33828
58.4 -4.37448
58.5 -4.36312
58.6 -4.37772
58.7 -4.35497
58.8 -4.41164
58.9 -4.34421
59 -4.31075
59.1 -4.35579
59.2 -4.37981
59.3 -4.34205
59.4 -4.41449
59.5 -4.38348
59.6 -4.39664
59.7 -4.42632
59.8 -4.39868
59.9 -4.37462
60 -4.41455
60.1 -4.41552
60.2 -4.44109
60.3 -4.42684
60.4 -4.40011
60.5 -4.43116
60.6 -4.41074
60.7 -4.41286
60.8 -4.40698
60.9 -4.41725
61 -4.49013
61.1 -4.46174
61.2 -4.45887
61.3 -4.42588
61.4 -4.45569
61.5 -4.46956
61.6 -4.46356
61.7 -4.4626
61.8 -4.45329
61.9 -4.4622
62 -4.47791
62.1 -4.48349
62.2 -4.5149
62.3 -4.4918
62.4 -4.50505
62.5 -4.51526
62.6 -4.45394
62.7 -4.51939
62.8 -4.53971
62.9 -4.51661
63 -4.55058
63.1 -4.56008
63.2 -4.52883
63.3 -4.53109
63.4 -4.55436
63.5 -4.58982
63.6 -4.60838
63.7 -4.60697
63.8 -4.57066
63.9 -4.62713
64 -4.56652
64.1 -4.5494
64.2 -4.62886
64.3 -4.62446
64.4 -4.61778
64.5 -4.59177
64.6 -4.57568
64.7 -4.6259
64.8 -4.61031
64.9 -4.61677
65 -4.62231
65.1 -4.63485
65.2 -4.67909
65.3 -4.64598
65.4 -4.65562
65.5 -4.63071
65.6 -4.57757
65.7 -4.58255
65.8 -4.6456
65.9 -4.62014
66 -4.66416
66.1 -4.65121
66.2 -4.65852
66.3 -4.67175
66.4 -4.64665
66.5 -4.68135
66.6 -4.67914
66.7 -4.6574
66.8 -4.67141
66.9 -4.67871
67 -4.73321
67.1 -4.72477
67.2 -4.6931
67.3 -4.72737
67.4 -4.74008
67.5 -4.73336
67.6 -4.76116
67.7 -4.74987
67.8 -4.76796
67.9 -4.7353
68 -4.77847
68.1 -4.75247
68.2 -4.78767
68.3 -4.80292
68.4 -4.80585
68.5 -4.75528
68.6 -4.76633
68.7 -4.79357
68.8 -4.83626
68.9 -4.79541
69 -4.74053
69.1 -4.76821
69.2 -4.76716
69.3 -4.79532
69.4 -4.83393
69.5 -4.83557
69.6 -4.80797
69.7 -4.813
69.8 -4.84166
69.9 -4.79397
70 -4.82987
70.1 -4.80705
70.2 -4.81658
70.3 -4.85821
70.4 -4.86619
70.5 -4.88755
70.6 -4.88579
70.7 -4.90923
70.8 -4.87402
70.9 -4.86652
71 -4.8899
71.1 -4.91379
71.2 -4.90933
71.3 -4.90351
71.4 -4.9473
71.5 -4.90521
71.6 -4.96598
71.7 -4.94699
71.8 -4.90821
71.9 -4.9334
72 -4.9062
72.1 -4.93822
72.2 -4.9391
72.3 -4.96762
72.4 -4.96924
72.5 -4.94204
72.6 -5.00007
72.7 -4.94366
72.8 -4.94389
72.9 -4.92158
73 -4.99153
73.1 -4.98075
73.2 -4.98346
73.3 -4.97472
73.4 -4.98288
73.5 -5.00285
73.6 -4.9728
73.7 -4.96133
73.8 -5.00038
73.9 -5.01983
74 -5.01174
74.1 -5.00724
74.2 -4.98953
74.3 -4.99978
74.4 -5.0248
74.5 -5.01108
74.6 -5.06573
74.7 -5.0728
74.8 -5.02555
74.9 -5.02348
75 -5.04653
75.1 -5.07512
75.2 -5.06537
75.3 -5.0703
75.4 -5.08152
75.5 -5.04969
75.6 -5.06195
75.7 -4.99354
75.8 -5.06655
75.9 -5.06634
76 -5.06877
76.1 -5.09024
76.2 -5.11177
76.3 -5.13674
76.4 -5.155
76.5 -5.11001
76.6 -5.1542
76.7 -5.12092
76.8 -5.14344
76.9 -5.11442
77 -5.14801
77.1 -5.17359
77.2 -5.21173
77.3 -5.16197
77.4 -5.14721
77.5 -5.18682
77.6 -5.20925
77.7 -5.15971
77.8 -5.18936
77.9 -5.16627
78 -5.21816
78.1 -5.20771
78.2 -5.23338
78.3 -5.22496
78.4 -5.23183
78.5 -5.22798
78.6 -5.22075
78.7 -5.19173
78.8 -5.21354
78.9 -5.25622
79 -5.22662
79.1 -5.24211
79.2 -5.20313
79.3 -5.24235
79.4 -5.25507
79.5 -5.27936
79.6 -5.3092
79.7 -5.27147
79.8 -5.24488
79.9 -5.2673
80 -5.26768
80.1 -5.2901
80.2 -5.27212
80.3 -5.22715
80.4 -5.27278
80.5 -5.27026
80.6 -5.28823
80.7 -5.29328
80.8 -5.32681
80.9 -5.28322
81 -5.2738
81.1 -5.28077
81.2 -5.30483
81.3 -5.3563
81.4 -5.3307
81.5 -5.35227
81.6 -5.33327
81.7 -5.33101
81.8 -5.35003
81.9 -5.33869
82 -5.37111
82.1 -5.39034
82.2 -5.35008
82.3 -5.35177
82.4 -5.37852
82.5 -5.37424
82.6 -5.34984
82.7 -5.34915
82.8 -5.40091
82.9 -5.38421
83 -5.32759
83.1 -5.31769
83.2 -5.39358
83.3 -5.40492
83.4 -5.35126
83.5 -5.3615
83.6 -5.40548
83.7 -5.42445
83.8 -5.38426
83.9 -5.38615
84 -5.39899
84.1 -5.38934
84.2 -5.38005
84.3 -5.40461
84.4 -5.44296
84.5 -5.41709
84.6 -5.40775
84.7 -5.42101
84.8 -5.45392
84.9 -5.44432
85 -5.44987
85.1 -5.48693
85.2 -5.44182
85.3 -5.44467
85.4 -5.42052
85.5 -5.4726
85.6 -5.48419
85.7 -5.49624
85.8 -5.49473
85.9 -5.50877
86 -5.47469
86.1 -5.44978
86.2 -5.47782
86.3 -5.48627
86.4 -5.47592
86.5 -5.4749
86.6 -5.47527
86.7 -5.49035
86.8 -5.46167
86.9 -5.46034
87 -5.49826
87.1 -5.48999
87.2 -5.49179
87.3 -5.48616
87.4 -5.46141
87.5 -5.46682
87.6 -5.44117
87.7 -5.46132
87.8 -5.47166
87.9 -5.45512
88 -5.50154
88.1 -5.50037
88.2 -5.52441
88.3 -5.46553
88.4 -5.51674
88.5 -5.44805
88.6 -5.42979
88.7 -5.43228
88.8 -5.43112
88.9 -5.47998
89 -5.44343
89.1 -5.50369
89.2 -5.54685
89.3 -5.54889
89.4 -5.50779
89.5 -5.51052
89.6 -5.50822
89.7 -5.54338
89.8 -5.54854
89.9 -5.51633
90 -5.46136
90.1 -5.49535
90.2 -5.49098
90.3 -5.50732
90.4 -5.51563
90.5 -5.49254
90.6 -5.53193
90.7 -5.52781
90.8 -5.55085
90.9 -5.52211
91 -5.55125
91.1 -5.52711
91.2 -5.50034
91.3 -5.51147
91.4 -5.52539
91.5 -5.55768
91.6 -5.52614
91.7 -5.59278
91.8 -5.55317
91.9 -5.58954
92 -5.5873
92.1 -5.5504
92.2 -5.57564
92.3 -5.57464
92.4 -5.59282
92.5 -5.5894
92.6 -5.55955
92.7 -5.55322
92.8 -5.56677
92.9 -5.58028
93 -5.56711
93.1 -5.58817
93.2 -5.59928
93.3 -5.55097
93.4 -5.57062
93.5 -5.58384
93.6 -5.59934
93.7 -5.60474
93.8 -5.56416
93.9 -5.59081
94 -5.5784
94.1 -5.56784
94.2 -5.52866
94.3 -5.55219
94.4 -5.56707
94.5 -5.55116
94.6 -5.55615
94.7 -5.54597
94.8 -5.59639
94.9 -5.65583
95 -5.59077
95.1 -5.62797
95.2 -5.60243
95.3 -5.56274
95.4 -5.63034
95.5 -5.64181
95.6 -5.60993
95.7 -5.59409
95.8 -5.59165
95.9 -5.60279
96 -5.58842
96.1 -5.62331
96.2 -5.59223
96.3 -5.58235
96.4 -5.65466
96.5 -5.6059
96.6 -5.53745
96.7 -5.61643
96.8 -5.57564
96.9 -5.58735
97 -5.64504
97.1 -5.63089
97.2 -5.60578
97.3 -5.57958
97.4 -5.62927
97.5 -5.62594
97.6 -5.58465
97.7 -5.56625
97.8 -5.59895
97.9 -5.60882
98 -5.58006
98.1 -5.62587
98.2 -5.56738
98.3 -5.58805
98.4 -5.60296
98.5 -5.61374
98.6 -5.6054
98.7 -5.62831
98.8 -5.63051
98.9 -5.61744
99 -5.61746
99.1 -5.63692
99.2 -5.61879
99.3 -5.65688
99.4 -5.67574
99.5 -5.60391
99.6 -5.6422
99.7 -5.64988
99.8 -5.65679
99.9 -5.62686
100 -4.46376
