43.5 1.66411
43.5015 1.60135
43.503 1.53888
43.5045 1.4767
43.506 1.41481
43.5075 1.3532
43.509 1.29188
43.5105 1.23084
43.512 1.17009
43.5135 1.10963
43.515 1.04944
43.5165 0.989542
43.518 0.929923
43.5195 0.870585
43.521 0.811529
43.5225 0.752752
43.524 0.694255
43.5255 0.636036
43.527 0.578096
43.5285 0.520433
43.53 0.463046
43.5315 0.405936
43.533 0.349102
43.5345 0.292542
43.536 0.236256
43.5375 0.180244
43.539 0.124504
43.5405 0.0690371
43.542 0.0138415
43.5435 -0.0410832
43.545 -0.0957377
43.5465 -0.150123
43.548 -0.204238
43.5495 -0.258086
43.551 -0.311666
43.5525 -0.364979
43.554 -0.418025
43.5555 -0.470806
43.557 -0.523322
43.5585 -0.575573
43.56 -0.62756
43.5615 -0.679285
43.563 -0.730746
43.5645 -0.781946
43.566 -0.832885
43.5675 -0.883563
43.569 -0.933981
43.5705 -0.98414
43.572 -1.03404
43.5735 -1.08368
43.575 -1.13307
43.5765 -1.18219
43.578 -1.23107
43.5795 -1.27968
43.581 -1.32804
43.5825 -1.37615
43.584 -1.424
43.5855 -1.4716
43.587 -1.51895
43.5885 -1.56605
43.59 -1.61289
43.5915 -1.65949
43.593 -1.70583
43.5945 -1.75193
43.596 -1.79777
43.5975 -1.84337
43.599 -1.88872
43.6006 -1.93383
43.6021 -1.97869
43.6036 -2.0233
43.6051 -2.06767
43.6066 -2.11179
43.6081 -2.15567
43.6096 -2.19931
43.6111 -2.24271
43.6126 -2.28586
43.6141 -2.32877
43.6156 -2.37144
43.6171 -2.41388
43.6186 -2.45607
43.6201 -2.49802
43.6216 -2.53974
43.6231 -2.58122
43.6246 -2.62246
43.6261 -2.66346
43.6276 -2.70423
43.6291 -2.74477
43.6306 -2.78507
43.6321 -2.82513
43.6336 -2.86497
43.6351 -2.90457
43.6366 -2.94394
43.6381 -2.98307
43.6396 -3.02198
43.6411 -3.06066
43.6426 -3.0991
43.6441 -3.13732
43.6456 -3.17531
43.6471 -3.21307
43.6486 -3.25061
43.6501 -3.28792
43.6516 -3.325
43.6531 -3.36186
43.6546 -3.39849
43.6561 -3.4349
43.6576 -3.47108
43.6591 -3.50704
43.6606 -3.54278
43.6621 -3.5783
43.6636 -3.6136
43.6651 -3.64867
43.6666 -3.68353
43.6681 -3.71817
43.6696 -3.75258
43.6711 -3.78678
43.6726 -3.82077
43.6741 -3.85453
43.6756 -3.88808
43.6771 -3.92141
43.6786 -3.95453
43.6801 -3.98743
43.6816 -4.02012
43.6831 -4.0526
43.6846 -4.08486
43.6861 -4.11691
43.6876 -4.14875
43.6891 -4.18038
43.6906 -4.2118
43.6921 -4.243
43.6936 -4.274
43.6951 -4.30479
43.6966 -4.33537
43.6981 -4.36575
43.6996 -4.39591
43.7011 -4.42587
43.7026 -4.45563
43.7041 -4.48517
43.7056 -4.51452
43.7071 -4.54366
43.7086 -4.57259
43.7101 -4.60133
43.7116 -4.62986
43.7131 -4.65819
43.7146 -4.68631
43.7161 -4.71424
43.7176 -4.74197
43.7191 -4.7695
43.7206 -4.79682
43.7221 -4.82395
43.7236 -4.85089
43.7251 -4.87762
43.7266 -4.90416
43.7281 -4.9305
43.7296 -4.95665
43.7311 -4.9826
43.7326 -5.00836
43.7341 -5.03392
43.7356 -5.05929
43.7371 -5.08446
43.7386 -5.10945
43.7401 -5.13424
43.7416 -5.15884
43.7431 -5.18326
43.7446 -5.20748
43.7461 -5.23151
43.7476 -5.25535
43.7491 -5.27901
43.7506 -5.30247
43.7521 -5.32575
43.7536 -5.34885
43.7551 -5.37176
43.7566 -5.39448
43.7581 -5.41701
43.7596 -5.43937
43.7611 -5.46154
43.7626 -5.48352
43.7641 -5.50532
43.7656 -5.52694
43.7671 -5.54838
43.7686 -5.56964
43.7701 -5.59072
43.7716 -5.61161
43.7731 -5.63233
43.7746 -5.65287
43.7761 -5.67323
43.7776 -5.69341
43.7791 -5.71342
43.7806 -5.73325
43.7821 -5.7529
43.7836 -5.77238
43.7851 -5.79168
43.7866 -5.81081
43.7881 -5.82976
43.7896 -5.84854
43.7911 -5.86715
43.7926 -5.88558
43.7941 -5.90384
43.7956 -5.92193
43.7971 -5.93985
43.7986 -5.9576
43.8002 -5.97518
43.8017 -5.9926
43.8032 -6.00984
43.8047 -6.02691
43.8062 -6.04382
43.8077 -6.06056
43.8092 -6.07713
43.8107 -6.09354
43.8122 -6.10978
43.8137 -6.12586
43.8152 -6.14177
43.8167 -6.15752
43.8182 -6.1731
43.8197 -6.18853
43.8212 -6.20379
43.8227 -6.21889
43.8242 -6.23382
43.8257 -6.2486
43.8272 -6.26321
43.8287 -6.27767
43.8302 -6.29197
43.8317 -6.30611
43.8332 -6.32009
43.8347 -6.33391
43.8362 -6.34758
43.8377 -6.36109
43.8392 -6.37444
43.8407 -6.38764
43.8422 -6.40068
43.8437 -6.41357
43.8452 -6.4263
43.8467 -6.43888
43.8482 -6.45131
43.8497 -6.46359
43.8512 -6.47571
43.8527 -6.48768
43.8542 -6.4995
43.8557 -6.51117
43.8572 -6.52269
43.8587 -6.53407
43.8602 -6.54529
43.8617 -6.55636
43.8632 -6.56729
43.8647 -6.57807
43.8662 -6.5887
43.8677 -6.59919
43.8692 -6.60953
43.8707 -6.61972
43.8722 -6.62977
43.8737 -6.63968
43.8752 -6.64944
43.8767 -6.65906
43.8782 -6.66853
43.8797 -6.67786
43.8812 -6.68706
43.8827 -6.69611
43.8842 -6.70502
43.8857 -6.71378
43.8872 -6.72241
43.8887 -6.7309
43.8902 -6.73925
43.8917 -6.74747
43.8932 -6.75554
43.8947 -6.76348
43.8962 -6.77128
43.8977 -6.77894
43.8992 -6.78647
43.9007 -6.79386
43.9022 -6.80112
43.9037 -6.80825
43.9052 -6.81524
43.9067 -6.82209
43.9082 -6.82881
43.9097 -6.8354
43.9112 -6.84186
43.9127 -6.84819
43.9142 -6.85439
43.9157 -6.86045
43.9172 -6.86639
43.9187 -6.87219
43.9202 -6.87787
43.9217 -6.88342
43.9232 -6.88884
43.9247 -6.89413
43.9262 -6.8993
43.9277 -6.90434
43.9292 -6.90925
43.9307 -6.91404
43.9322 -6.9187
43.9337 -6.92323
43.9352 -6.92765
43.9367 -6.93193
43.9382 -6.9361
43.9397 -6.94014
43.9412 -6.94406
43.9427 -6.94786
43.9442 -6.95154
43.9457 -6.95509
43.9472 -6.95853
43.9487 -6.96184
43.9502 -6.96504
43.9517 -6.96811
43.9532 -6.97107
43.9547 -6.97391
43.9562 -6.97663
43.9577 -6.97923
43.9592 -6.98172
43.9607 -6.98409
43.9622 -6.98635
43.9637 -6.98849
43.9652 -6.99051
43.9667 -6.99242
43.9682 -6.99422
43.9697 -6.9959
43.9712 -6.99747
43.9727 -6.99893
43.9742 -7.00027
43.9757 -7.00151
43.9772 -7.00263
43.9787 -7.00364
43.9802 -7.00454
43.9817 -7.00533
43.9832 -7.00601
43.9847 -7.00659
43.9862 -7.00705
43.9877 -7.0074
43.9892 -7.00765
43.9907 -7.00779
43.9922 -7.00783
43.9937 -7.00775
43.9952 -7.00758
43.9967 -7.00729
43.9982 -7.0069
43.9997 -7.00641
44.0013 -7.00581
44.0028 -7.00511
44.0043 -7.00431
44.0058 -7.0034
44.0073 -7.00239
44.0088 -7.00128
44.0103 -7.00007
44.0118 -6.99876
44.0133 -6.99734
44.0148 -6.99583
44.0163 -6.99421
44.0178 -6.9925
44.0193 -6.99069
44.0208 -6.98878
44.0223 -6.98677
44.0238 -6.98467
44.0253 -6.98246
44.0268 -6.98016
44.0283 -6.97777
44.0298 -6.97528
44.0313 -6.97269
44.0328 -6.97001
44.0343 -6.96723
44.0358 -6.96437
44.0373 -6.9614
44.0388 -6.95835
44.0403 -6.9552
44.0418 -6.95196
44.0433 -6.94862
44.0448 -6.9452
44.0463 -6.94168
44.0478 -6.93808
44.0493 -6.93438
44.0508 -6.93059
44.0523 -6.92672
44.0538 -6.92275
44.0553 -6.9187
44.0568 -6.91456
44.0583 -6.91033
44.0598 -6.90601
44.0613 -6.90161
44.0628 -6.89712
44.0643 -6.89255
44.0658 -6.88789
44.0673 -6.88314
44.0688 -6.87831
44.0703 -6.87339
44.0718 -6.8684
44.0733 -6.86331
44.0748 -6.85815
44.0763 -6.8529
44.0778 -6.84757
44.0793 -6.84216
44.0808 -6.83667
44.0823 -6.83109
44.0838 -6.82544
44.0853 -6.8197
44.0868 -6.81389
44.0883 -6.80799
44.0898 -6.80202
44.0913 -6.79597
44.0928 -6.78984
44.0943 -6.78363
44.0958 -6.77734
44.0973 -6.77098
44.0988 -6.76454
44.1003 -6.75803
44.1018 -6.75144
44.1033 -6.74477
44.1048 -6.73803
44.1063 -6.73121
44.1078 -6.72432
44.1093 -6.71736
44.1108 -6.71032
44.1123 -6.70321
44.1138 -6.69603
44.1153 -6.68878
44.1168 -6.68145
44.1183 -6.67405
44.1198 -6.66658
44.1213 -6.65904
44.1228 -6.65144
44.1243 -6.64376
44.1258 -6.63601
44.1273 -6.62819
44.1288 -6.6203
44.1303 -6.61235
44.1318 -6.60433
44.1333 -6.59624
44.1348 -6.58808
44.1363 -6.57985
44.1378 -6.57156
44.1393 -6.56321
44.1408 -6.55479
44.1423 -6.5463
44.1438 -6.53775
44.1453 -6.52913
44.1468 -6.52045
44.1483 -6.51171
44.1498 -6.5029
44.1513 -6.49403
44.1528 -6.4851
44.1543 -6.4761
44.1558 -6.46705
44.1573 -6.45793
44.1588 -6.44875
44.1603 -6.43951
44.1618 -6.43021
44.1633 -6.42085
44.1648 -6.41143
44.1663 -6.40195
44.1678 -6.39242
44.1693 -6.38282
44.1708 -6.37317
44.1723 -6.36345
44.1738 -6.35369
44.1753 -6.34386
44.1768 -6.33398
44.1783 -6.32404
44.1798 -6.31405
44.1813 -6.304
44.1828 -6.29389
44.1843 -6.28373
44.1858 -6.27352
44.1873 -6.26325
44.1888 -6.25293
44.1903 -6.24255
44.1918 -6.23213
44.1933 -6.22165
44.1948 -6.21111
44.1963 -6.20053
44.1978 -6.18989
44.1993 -6.17921
44.2009 -6.16847
44.2024 -6.15768
44.2039 -6.14684
44.2054 -6.13595
44.2069 -6.12502
44.2084 -6.11403
44.2099 -6.10299
44.2114 -6.09191
44.2129 -6.08078
44.2144 -6.0696
44.2159 -6.05837
44.2174 -6.0471
44.2189 -6.03578
44.2204 -6.02442
44.2219 -6.013
44.2234 -6.00155
44.2249 -5.99004
44.2264 -5.9785
44.2279 -5.96691
44.2294 -5.95527
44.2309 -5.94359
44.2324 -5.93187
44.2339 -5.9201
44.2354 -5.90829
44.2369 -5.89644
44.2384 -5.88455
44.2399 -5.87261
44.2414 -5.86063
44.2429 -5.84862
44.2444 -5.83656
44.2459 -5.82446
44.2474 -5.81232
44.2489 -5.80014
44.2504 -5.78792
44.2519 -5.77567
44.2534 -5.76337
44.2549 -5.75104
44.2564 -5.73867
44.2579 -5.72626
44.2594 -5.71381
44.2609 -5.70132
44.2624 -5.6888
44.2639 -5.67625
44.2654 -5.66365
44.2669 -5.65102
44.2684 -5.63836
44.2699 -5.62566
44.2714 -5.61292
44.2729 -5.60015
44.2744 -5.58735
44.2759 -5.57451
44.2774 -5.56164
44.2789 -5.54874
44.2804 -5.5358
44.2819 -5.52283
44.2834 -5.50983
44.2849 -5.4968
44.2864 -5.48374
44.2879 -5.47064
44.2894 -5.45751
44.2909 -5.44436
44.2924 -5.43117
44.2939 -5.41795
44.2954 -5.4047
44.2969 -5.39143
44.2984 -5.37812
44.2999 -5.36479
44.3014 -5.35142
44.3029 -5.33803
44.3044 -5.32461
44.3059 -5.31117
44.3074 -5.29769
44.3089 -5.28419
44.3104 -5.27067
44.3119 -5.25711
44.3134 -5.24353
44.3149 -5.22993
44.3164 -5.2163
44.3179 -5.20264
44.3194 -5.18897
44.3209 -5.17526
44.3224 -5.16153
44.3239 -5.14778
44.3254 -5.13401
44.3269 -5.12021
44.3284 -5.10639
44.3299 -5.09254
44.3314 -5.07867
44.3329 -5.06479
44.3344 -5.05088
44.3359 -5.03694
44.3374 -5.02299
44.3389 -5.00902
44.3404 -4.99502
44.3419 -4.98101
44.3434 -4.96697
44.3449 -4.95292
44.3464 -4.93885
44.3479 -4.92475
44.3494 -4.91064
44.3509 -4.89651
44.3524 -4.88237
44.3539 -4.8682
44.3554 -4.85402
44.3569 -4.83981
44.3584 -4.8256
44.3599 -4.81136
44.3614 -4.79711
44.3629 -4.78284
44.3644 -4.76856
44.3659 -4.75426
44.3674 -4.73995
44.3689 -4.72562
44.3704 -4.71127
44.3719 -4.69692
44.3734 -4.68254
44.3749 -4.66816
44.3764 -4.65376
44.3779 -4.63934
44.3794 -4.62491
44.3809 -4.61048
44.3824 -4.59602
44.3839 -4.58156
44.3854 -4.56708
44.3869 -4.55259
44.3884 -4.53809
44.3899 -4.52358
44.3914 -4.50906
44.3929 -4.49453
44.3944 -4.47998
44.3959 -4.46543
44.3974 -4.45087
44.3989 -4.4363
44.4005 -4.42171
44.402 -4.40712
44.4035 -4.39252
44.405 -4.37792
44.4065 -4.3633
44.408 -4.34868
44.4095 -4.33404
44.411 -4.3194
44.4125 -4.30476
44.414 -4.2901
44.4155 -4.27544
44.417 -4.26078
44.4185 -4.2461
44.42 -4.23143
44.4215 -4.21674
44.423 -4.20205
44.4245 -4.18736
44.426 -4.17266
44.4275 -4.15795
44.429 -4.14325
44.4305 -4.12853
44.432 -4.11382
44.4335 -4.0991
44.435 -4.08437
44.4365 -4.06965
44.438 -4.05492
44.4395 -4.04019
44.441 -4.02545
44.4425 -4.01072
44.444 -3.99598
44.4455 -3.98124
44.447 -3.9665
44.4485 -3.95175
44.45 -3.93701
44.4515 -3.92227
44.453 -3.90752
44.4545 -3.89278
44.456 -3.87804
44.4575 -3.86329
44.459 -3.84855
44.4605 -3.83381
44.462 -3.81907
44.4635 -3.80433
44.465 -3.78959
44.4665 -3.77486
44.468 -3.76012
44.4695 -3.74539
44.471 -3.73066
44.4725 -3.71593
44.474 -3.70121
44.4755 -3.68649
44.477 -3.67177
44.4785 -3.65706
44.48 -3.64235
44.4815 -3.62765
44.483 -3.61295
44.4845 -3.59825
44.486 -3.58356
44.4875 -3.56887
44.489 -3.55419
44.4905 -3.53952
44.492 -3.52485
44.4935 -3.51019
44.495 -3.49553
44.4965 -3.48088
44.498 -3.46623
44.4995 -3.4516
44.501 -3.43697
44.5025 -3.42234
44.504 -3.40773
44.5055 -3.39312
44.507 -3.37852
44.5085 -3.36393
44.51 -3.34935
44.5115 -3.33478
44.513 -3.32021
44.5145 -3.30566
44.516 -3.29111
44.5175 -3.27657
44.519 -3.26204
44.5205 -3.24753
44.522 -3.23302
44.5235 -3.21852
44.525 -3.20404
44.5265 -3.18956
44.528 -3.1751
44.5295 -3.16064
44.531 -3.1462
44.5325 -3.13177
44.534 -3.11735
44.5355 -3.10295
44.537 -3.08855
44.5385 -3.07417
44.54 -3.0598
44.5415 -3.04545
44.543 -3.03111
44.5445 -3.01678
44.546 -3.00246
44.5475 -2.98816
44.549 -2.97387
44.5505 -2.9596
44.552 -2.94534
44.5535 -2.93109
44.555 -2.91686
44.5565 -2.90264
44.558 -2.88844
44.5595 -2.87426
44.561 -2.86009
44.5625 -2.84593
44.564 -2.8318
44.5655 -2.81767
44.567 -2.80357
44.5685 -2.78948
44.57 -2.77541
44.5715 -2.76135
44.573 -2.74731
44.5745 -2.73329
44.576 -2.71929
44.5775 -2.7053
44.579 -2.69133
44.5805 -2.67738
44.582 -2.66345
44.5835 -2.64953
44.585 -2.63564
44.5865 -2.62176
44.588 -2.6079
44.5895 -2.59406
44.591 -2.58024
44.5925 -2.56644
44.594 -2.55266
44.5955 -2.5389
44.597 -2.52516
44.5985 -2.51144
44.6001 -2.49774
44.6016 -2.48406
44.6031 -2.4704
44.6046 -2.45676
44.6061 -2.44315
44.6076 -2.42955
44.6091 -2.41598
44.6106 -2.40242
44.6121 -2.38889
44.6136 -2.37538
44.6151 -2.3619
44.6166 -2.34843
44.6181 -2.33499
44.6196 -2.32157
44.6211 -2.30817
44.6226 -2.2948
44.6241 -2.28145
44.6256 -2.26812
44.6271 -2.25482
44.6286 -2.24154
44.6301 -2.22828
44.6316 -2.21505
44.6331 -2.20184
44.6346 -2.18866
44.6361 -2.1755
44.6376 -2.16236
44.6391 -2.14925
44.6406 -2.13617
44.6421 -2.12311
44.6436 -2.11007
44.6451 -2.09706
44.6466 -2.08408
44.6481 -2.07112
44.6496 -2.05819
44.6511 -2.04528
44.6526 -2.0324
44.6541 -2.01955
44.6556 -2.00672
44.6571 -1.99392
44.6586 -1.98115
44.6601 -1.9684
44.6616 -1.95568
44.6631 -1.94299
44.6646 -1.93033
44.6661 -1.91769
44.6676 -1.90508
44.6691 -1.8925
44.6706 -1.87995
44.6721 -1.86742
44.6736 -1.85492
44.6751 -1.84246
44.6766 -1.83002
44.6781 -1.8176
44.6796 -1.80522
44.6811 -1.79287
44.6826 -1.78054
44.6841 -1.76825
44.6856 -1.75598
44.6871 -1.74375
44.6886 -1.73154
44.6901 -1.71937
44.6916 -1.70722
44.6931 -1.69511
44.6946 -1.68302
44.6961 -1.67096
44.6976 -1.65894
44.6991 -1.64695
44.7006 -1.63498
44.7021 -1.62305
44.7036 -1.61115
44.7051 -1.59928
44.7066 -1.58744
44.7081 -1.57564
44.7096 -1.56386
44.7111 -1.55212
44.7126 -1.54041
44.7141 -1.52873
44.7156 -1.51708
44.7171 -1.50546
44.7186 -1.49388
44.7201 -1.48233
44.7216 -1.47081
44.7231 -1.45933
44.7246 -1.44788
44.7261 -1.43646
44.7276 -1.42507
44.7291 -1.41372
44.7306 -1.4024
44.7321 -1.39111
44.7336 -1.37986
44.7351 -1.36864
44.7366 -1.35746
44.7381 -1.34631
44.7396 -1.33519
44.7411 -1.32411
44.7426 -1.31306
44.7441 -1.30205
44.7456 -1.29107
44.7471 -1.28013
44.7486 -1.26922
44.7501 -1.25834
44.7516 -1.2475
44.7531 -1.2367
44.7546 -1.22593
44.7561 -1.2152
44.7576 -1.2045
44.7591 -1.19384
44.7606 -1.18321
44.7621 -1.17262
44.7636 -1.16206
44.7651 -1.15154
44.7666 -1.14106
44.7681 -1.13061
44.7696 -1.1202
44.7711 -1.10983
44.7726 -1.09949
44.7741 -1.08919
44.7756 -1.07892
44.7771 -1.06869
44.7786 -1.0585
44.7801 -1.04835
44.7816 -1.03823
44.7831 -1.02815
44.7846 -1.01811
44.7861 -1.0081
44.7876 -0.998137
44.7891 -0.988207
44.7906 -0.978314
44.7921 -0.96846
44.7936 -0.958643
44.7951 -0.948864
44.7966 -0.939123
44.7981 -0.929421
44.7996 -0.919756
44.8012 -0.91013
44.8027 -0.900542
44.8042 -0.890993
44.8057 -0.881482
44.8072 -0.87201
44.8087 -0.862577
44.8102 -0.853183
44.8117 -0.843827
44.8132 -0.834511
44.8147 -0.825233
44.8162 -0.815995
44.8177 -0.806796
44.8192 -0.797636
44.8207 -0.788516
44.8222 -0.779435
44.8237 -0.770394
44.8252 -0.761392
44.8267 -0.75243
44.8282 -0.743508
44.8297 -0.734626
44.8312 -0.725784
44.8327 -0.716982
44.8342 -0.70822
44.8357 -0.699498
44.8372 -0.690816
44.8387 -0.682175
44.8402 -0.673574
44.8417 -0.665014
44.8432 -0.656494
44.8447 -0.648015
44.8462 -0.639576
44.8477 -0.631178
44.8492 -0.622821
44.8507 -0.614505
44.8522 -0.60623
44.8537 -0.597996
44.8552 -0.589803
44.8567 -0.581651
44.8582 -0.57354
44.8597 -0.565471
44.8612 -0.557443
44.8627 -0.549456
44.8642 -0.541511
44.8657 -0.533607
44.8672 -0.525745
44.8687 -0.517925
44.8702 -0.510146
44.8717 -0.502409
44.8732 -0.494714
44.8747 -0.48706
44.8762 -0.479449
44.8777 -0.47188
44.8792 -0.464352
44.8807 -0.456867
44.8822 -0.449424
44.8837 -0.442023
44.8852 -0.434665
44.8867 -0.427348
44.8882 -0.420074
44.8897 -0.412843
44.8912 -0.405654
44.8927 -0.398507
44.8942 -0.391403
44.8957 -0.384342
44.8972 -0.377323
44.8987 -0.370347
44.9002 -0.363413
44.9017 -0.356523
44.9032 -0.349675
44.9047 -0.34287
44.9062 -0.336108
44.9077 -0.329389
44.9092 -0.322713
44.9107 -0.31608
44.9122 -0.30949
44.9137 -0.302944
44.9152 -0.29644
44.9167 -0.28998
44.9182 -0.283562
44.9197 -0.277189
44.9212 -0.270858
44.9227 -0.264571
44.9242 -0.258327
44.9257 -0.252126
44.9272 -0.245969
44.9287 -0.239856
44.9302 -0.233786
44.9317 -0.227759
44.9332 -0.221776
44.9347 -0.215837
44.9362 -0.209941
44.9377 -0.204089
44.9392 -0.19828
44.9407 -0.192516
44.9422 -0.186795
44.9437 -0.181118
44.9452 -0.175484
44.9467 -0.169895
44.9482 -0.164349
44.9497 -0.158847
44.9512 -0.153389
44.9527 -0.147975
44.9542 -0.142605
44.9557 -0.137279
44.9572 -0.131997
44.9587 -0.126758
44.9602 -0.121564
44.9617 -0.116414
44.9632 -0.111308
44.9647 -0.106246
44.9662 -0.101228
44.9677 -0.0962536
44.9692 -0.0913238
44.9707 -0.0864381
44.9722 -0.0815965
44.9737 -0.0767991
44.9752 -0.0720458
44.9767 -0.0673367
44.9782 -0.0626718
44.9797 -0.0580511
44.9812 -0.0534746
44.9827 -0.0489422
44.9842 -0.0444541
44.9857 -0.0400102
44.9872 -0.0356106
44.9887 -0.0312552
44.9902 -0.026944
44.9917 -0.0226771
44.9932 -0.0184544
44.9947 -0.014276
44.9962 -0.0101418
44.9977 -0.00605188
44.9992 -0.00200623
45.0008 0.00199516
45.0023 0.00595229
45.0038 0.00986517
45.0053 0.0137338
45.0068 0.0175581
45.0083 0.0213382
45.0098 0.0250741
45.0113 0.0287657
45.0128 0.0324131
45.0143 0.0360162
45.0158 0.0395751
45.0173 0.0430898
45.0188 0.0465602
45.0203 0.0499865
45.0218 0.0533685
45.0233 0.0567064
45.0248 0.0600001
45.0263 0.0632496
45.0278 0.066455
45.0293 0.0696162
45.0308 0.0727332
45.0323 0.0758062
45.0338 0.078835
45.0353 0.0818198
45.0368 0.0847605
45.0383 0.0876571
45.0398 0.0905097
45.0413 0.0933183
45.0428 0.0960828
45.0443 0.0988034
45.0458 0.10148
45.0473 0.104113
45.0488 0.106701
45.0503 0.109246
45.0518 0.111747
45.0533 0.114204
45.0548 0.116617
45.0563 0.118987
45.0578 0.121312
45.0593 0.123594
45.0608 0.125832
45.0623 0.128027
45.0638 0.130177
45.0653 0.132284
45.0668 0.134348
45.0683 0.136368
45.0698 0.138344
45.0713 0.140277
45.0728 0.142166
45.0743 0.144012
45.0758 0.145814
45.0773 0.147573
45.0788 0.149288
45.0803 0.15096
45.0818 0.152589
45.0833 0.154175
45.0848 0.155717
45.0863 0.157216
45.0878 0.158672
45.0893 0.160085
45.0908 0.161455
45.0923 0.162782
45.0938 0.164066
45.0953 0.165306
45.0968 0.166504
45.0983 0.167659
45.0998 0.168772
45.1013 0.169841
45.1028 0.170868
45.1043 0.171852
45.1058 0.172793
45.1073 0.173692
45.1088 0.174548
45.1103 0.175362
45.1118 0.176133
45.1133 0.176862
45.1148 0.177548
45.1163 0.178192
45.1178 0.178794
45.1193 0.179354
45.1208 0.179872
45.1223 0.180347
45.1238 0.180781
45.1253 0.181172
45.1268 0.181521
45.1283 0.181829
45.1298 0.182095
45.1313 0.182319
45.1328 0.182501
45.1343 0.182642
45.1358 0.182741
45.1373 0.182799
45.1388 0.182815
45.1403 0.182789
45.1418 0.182723
45.1433 0.182615
45.1448 0.182466
45.1463 0.182276
45.1478 0.182044
45.1493 0.181772
45.1508 0.181459
45.1523 0.181104
45.1538 0.180709
45.1553 0.180273
45.1568 0.179797
45.1583 0.17928
45.1598 0.178722
45.1613 0.178124
45.1628 0.177486
45.1643 0.176807
45.1658 0.176088
45.1673 0.175329
45.1688 0.174529
45.1703 0.17369
45.1718 0.17281
45.1733 0.171891
45.1748 0.170932
45.1763 0.169933
45.1778 0.168895
45.1793 0.167817
45.1808 0.166699
45.1823 0.165542
45.1838 0.164346
45.1853 0.163111
45.1868 0.161836
45.1883 0.160522
45.1898 0.159169
45.1913 0.157778
45.1928 0.156347
45.1943 0.154878
45.1958 0.15337
45.1973 0.151824
45.1988 0.150239
45.2004 0.148615
45.2019 0.146954
45.2034 0.145254
45.2049 0.143516
45.2064 0.14174
45.2079 0.139926
45.2094 0.138074
45.2109 0.136184
45.2124 0.134257
45.2139 0.132292
45.2154 0.13029
45.2169 0.12825
45.2184 0.126173
45.2199 0.124059
45.2214 0.121908
45.2229 0.119719
45.2244 0.117494
45.2259 0.115232
45.2274 0.112933
45.2289 0.110598
45.2304 0.108226
45.2319 0.105818
45.2334 0.103374
45.2349 0.100893
45.2364 0.0983764
45.2379 0.0958237
45.2394 0.0932351
45.2409 0.0906108
45.2424 0.0879508
45.2439 0.0852553
45.2454 0.0825243
45.2469 0.079758
45.2484 0.0769564
45.2499 0.0741198
45.2514 0.0712481
45.2529 0.0683416
45.2544 0.0654002
45.2559 0.0624242
45.2574 0.0594137
45.2589 0.0563687
45.2604 0.0532894
45.2619 0.0501758
45.2634 0.0470282
45.2649 0.0438466
45.2664 0.0406312
45.2679 0.037382
45.2694 0.0340992
45.2709 0.0307829
45.2724 0.0274332
45.2739 0.0240503
45.2754 0.0206342
45.2769 0.0171851
45.2784 0.0137031
45.2799 0.0101883
45.2814 0.00664089
45.2829 0.00306096
45.2844 -0.000551371
45.2859 -0.00419597
45.2874 -0.00787271
45.2889 -0.0115815
45.2904 -0.0153221
45.2919 -0.0190945
45.2934 -0.0228985
45.2949 -0.026734
45.2964 -0.0306009
45.2979 -0.0344991
45.2994 -0.0384283
45.3009 -0.0423885
45.3024 -0.0463795
45.3039 -0.0504013
45.3054 -0.0544536
45.3069 -0.0585363
45.3084 -0.0626493
45.3099 -0.0667925
45.3114 -0.0709657
45.3129 -0.0751688
45.3144 -0.0794016
45.3159 -0.0836641
45.3174 -0.087956
45.3189 -0.0922772
45.3204 -0.0966276
45.3219 -0.101007
45.3234 -0.105415
45.3249 -0.109853
45.3264 -0.114318
45.3279 -0.118812
45.3294 -0.123335
45.3309 -0.127886
45.3324 -0.132464
45.3339 -0.137071
45.3354 -0.141705
45.3369 -0.146367
45.3384 -0.151056
45.3399 -0.155773
45.3414 -0.160517
45.3429 -0.165287
45.3444 -0.170085
45.3459 -0.174909
45.3474 -0.17976
45.3489 -0.184637
45.3504 -0.18954
45.3519 -0.194469
45.3534 -0.199424
45.3549 -0.204405
45.3564 -0.209412
45.3579 -0.214444
45.3594 -0.219501
45.3609 -0.224584
45.3624 -0.229691
45.3639 -0.234823
45.3654 -0.23998
45.3669 -0.245161
45.3684 -0.250366
45.3699 -0.255596
45.3714 -0.260849
45.3729 -0.266127
45.3744 -0.271428
45.3759 -0.276752
45.3774 -0.2821
45.3789 -0.287471
45.3804 -0.292865
45.3819 -0.298282
45.3834 -0.303721
45.3849 -0.309183
45.3864 -0.314667
45.3879 -0.320173
45.3894 -0.325701
45.3909 -0.331251
45.3924 -0.336823
45.3939 -0.342416
45.3954 -0.34803
45.3969 -0.353665
45.3984 -0.359321
45.3999 -0.364998
45.4015 -0.370696
45.403 -0.376413
45.4045 -0.382151
45.406 -0.387909
45.4075 -0.393687
45.409 -0.399485
45.4105 -0.405302
45.412 -0.411138
45.4135 -0.416993
45.415 -0.422867
45.4165 -0.42876
45.418 -0.434672
45.4195 -0.440602
45.421 -0.44655
45.4225 -0.452516
45.424 -0.4585
45.4255 -0.464501
45.427 -0.47052
45.4285 -0.476556
45.43 -0.482609
45.4315 -0.488679
45.433 -0.494766
45.4345 -0.500869
45.436 -0.506988
45.4375 -0.513124
45.439 -0.519275
45.4405 -0.525442
45.442 -0.531625
45.4435 -0.537822
45.445 -0.544035
45.4465 -0.550263
45.448 -0.556506
45.4495 -0.562763
45.451 -0.569034
45.4525 -0.57532
45.454 -0.581619
45.4555 -0.587932
45.457 -0.594259
45.4585 -0.600599
45.46 -0.606952
45.4615 -0.613317
45.463 -0.619696
45.4645 -0.626087
45.466 -0.63249
45.4675 -0.638906
45.469 -0.645333
45.4705 -0.651772
45.472 -0.658222
45.4735 -0.664684
45.475 -0.671156
45.4765 -0.67764
45.478 -0.684134
45.4795 -0.690638
45.481 -0.697153
45.4825 -0.703677
45.484 -0.710211
45.4855 -0.716755
45.487 -0.723308
45.4885 -0.72987
45.49 -0.736441
45.4915 -0.743021
45.493 -0.749609
45.4945 -0.756206
45.496 -0.76281
45.4975 -0.769422
45.499 -0.776042
45.5005 -0.782669
45.502 -0.789303
45.5035 -0.795944
45.505 -0.802592
45.5065 -0.809246
45.508 -0.815907
45.5095 -0.822573
45.511 -0.829246
45.5125 -0.835923
45.514 -0.842607
45.5155 -0.849295
45.517 -0.855988
45.5185 -0.862685
45.52 -0.869387
45.5215 -0.876094
45.523 -0.882804
45.5245 -0.889518
45.526 -0.896235
45.5275 -0.902956
45.529 -0.909679
45.5305 -0.916406
45.532 -0.923135
45.5335 -0.929866
45.535 -0.936599
45.5365 -0.943334
45.538 -0.950071
45.5395 -0.956809
45.541 -0.963548
45.5425 -0.970288
45.544 -0.977028
45.5455 -0.983769
45.547 -0.99051
45.5485 -0.997251
45.55 -1.00399
45.5515 -1.01073
45.553 -1.01747
45.5545 -1.02421
45.556 -1.03095
45.5575 -1.03768
45.559 -1.04441
45.5605 -1.05115
45.562 -1.05788
45.5635 -1.0646
45.565 -1.07133
45.5665 -1.07805
45.568 -1.08476
45.5695 -1.09148
45.571 -1.09819
45.5725 -1.10489
45.574 -1.11159
45.5755 -1.11829
45.577 -1.12498
45.5785 -1.13167
45.58 -1.13835
45.5815 -1.14503
45.583 -1.1517
45.5845 -1.15836
45.586 -1.16502
45.5875 -1.17167
45.589 -1.17831
45.5905 -1.18495
45.592 -1.19158
45.5935 -1.1982
45.595 -1.20481
45.5965 -1.21142
45.598 -1.21801
45.5995 -1.2246
45.6011 -1.23118
45.6026 -1.23775
45.6041 -1.24431
45.6056 -1.25086
45.6071 -1.2574
45.6086 -1.26393
45.6101 -1.27045
45.6116 -1.27696
45.6131 -1.28346
45.6146 -1.28994
45.6161 -1.29642
45.6176 -1.30288
45.6191 -1.30933
45.6206 -1.31576
45.6221 -1.32219
45.6236 -1.3286
45.6251 -1.335
45.6266 -1.34138
45.6281 -1.34775
45.6296 -1.35411
45.6311 -1.36045
45.6326 -1.36677
45.6341 -1.37309
45.6356 -1.37938
45.6371 -1.38566
45.6386 -1.39193
45.6401 -1.39818
45.6416 -1.40441
45.6431 -1.41062
45.6446 -1.41682
45.6461 -1.423
45.6476 -1.42916
45.6491 -1.43531
45.6506 -1.44144
45.6521 -1.44754
45.6536 -1.45363
45.6551 -1.45971
45.6566 -1.46576
45.6581 -1.47179
45.6596 -1.4778
45.6611 -1.48379
45.6626 -1.48976
45.6641 -1.49571
45.6656 -1.50164
45.6671 -1.50755
45.6686 -1.51343
45.6701 -1.5193
45.6716 -1.52514
45.6731 -1.53096
45.6746 -1.53675
45.6761 -1.54253
45.6776 -1.54828
45.6791 -1.554
45.6806 -1.5597
45.6821 -1.56538
45.6836 -1.57103
45.6851 -1.57666
45.6866 -1.58226
45.6881 -1.58784
45.6896 -1.59339
45.6911 -1.59891
45.6926 -1.60441
45.6941 -1.60988
45.6956 -1.61532
45.6971 -1.62074
45.6986 -1.62613
45.7001 -1.63149
45.7016 -1.63682
45.7031 -1.64212
45.7046 -1.6474
45.7061 -1.65264
45.7076 -1.65786
45.7091 -1.66304
45.7106 -1.66819
45.7121 -1.67332
45.7136 -1.67841
45.7151 -1.68347
45.7166 -1.6885
45.7181 -1.6935
45.7196 -1.69847
45.7211 -1.7034
45.7226 -1.7083
45.7241 -1.71317
45.7256 -1.71801
45.7271 -1.72281
45.7286 -1.72757
45.7301 -1.7323
45.7316 -1.737
45.7331 -1.74166
45.7346 -1.74629
45.7361 -1.75088
45.7376 -1.75543
45.7391 -1.75995
45.7406 -1.76443
45.7421 -1.76888
45.7436 -1.77329
45.7451 -1.77766
45.7466 -1.78199
45.7481 -1.78628
45.7496 -1.79053
45.7511 -1.79475
45.7526 -1.79893
45.7541 -1.80306
45.7556 -1.80716
45.7571 -1.81121
45.7586 -1.81523
45.7601 -1.8192
45.7616 -1.82313
45.7631 -1.82702
45.7646 -1.83087
45.7661 -1.83468
45.7676 -1.83844
45.7691 -1.84216
45.7706 -1.84584
45.7721 -1.84947
45.7736 -1.85306
45.7751 -1.85661
45.7766 -1.86011
45.7781 -1.86356
45.7796 -1.86697
45.7811 -1.87033
45.7826 -1.87365
45.7841 -1.87692
45.7856 -1.88014
45.7871 -1.88332
45.7886 -1.88645
45.7901 -1.88953
45.7916 -1.89256
45.7931 -1.89554
45.7946 -1.89848
45.7961 -1.90136
45.7976 -1.9042
45.7991 -1.90699
45.8007 -1.90972
45.8022 -1.9124
45.8037 -1.91504
45.8052 -1.91762
45.8067 -1.92015
45.8082 -1.92263
45.8097 -1.92505
45.8112 -1.92742
45.8127 -1.92974
45.8142 -1.93201
45.8157 -1.93422
45.8172 -1.93638
45.8187 -1.93848
45.8202 -1.94052
45.8217 -1.94252
45.8232 -1.94445
45.8247 -1.94633
45.8262 -1.94815
45.8277 -1.94992
45.8292 -1.95163
45.8307 -1.95328
45.8322 -1.95487
45.8337 -1.95641
45.8352 -1.95788
45.8367 -1.9593
45.8382 -1.96066
45.8397 -1.96195
45.8412 -1.96319
45.8427 -1.96437
45.8442 -1.96548
45.8457 -1.96653
45.8472 -1.96753
45.8487 -1.96846
45.8502 -1.96932
45.8517 -1.97013
45.8532 -1.97087
45.8547 -1.97155
45.8562 -1.97216
45.8577 -1.97271
45.8592 -1.97319
45.8607 -1.97361
45.8622 -1.97397
45.8637 -1.97425
45.8652 -1.97447
45.8667 -1.97463
45.8682 -1.97472
45.8697 -1.97474
45.8712 -1.97469
45.8727 -1.97457
45.8742 -1.97439
45.8757 -1.97413
45.8772 -1.97381
45.8787 -1.97342
45.8802 -1.97295
45.8817 -1.97242
45.8832 -1.97181
45.8847 -1.97114
45.8862 -1.97039
45.8877 -1.96957
45.8892 -1.96867
45.8907 -1.96771
45.8922 -1.96667
45.8937 -1.96556
45.8952 -1.96437
45.8967 -1.96311
45.8982 -1.96177
45.8997 -1.96036
45.9012 -1.95887
45.9027 -1.95731
45.9042 -1.95567
45.9057 -1.95395
45.9072 -1.95215
45.9087 -1.95028
45.9102 -1.94833
45.9117 -1.9463
45.9132 -1.94419
45.9147 -1.942
45.9162 -1.93974
45.9177 -1.93739
45.9192 -1.93496
45.9207 -1.93245
45.9222 -1.92986
45.9237 -1.92719
45.9252 -1.92443
45.9267 -1.9216
45.9282 -1.91867
45.9297 -1.91567
45.9312 -1.91258
45.9327 -1.90941
45.9342 -1.90615
45.9357 -1.90281
45.9372 -1.89938
45.9387 -1.89587
45.9402 -1.89227
45.9417 -1.88858
45.9432 -1.88481
45.9447 -1.88095
45.9462 -1.877
45.9477 -1.87296
45.9492 -1.86883
45.9507 -1.86462
45.9522 -1.86031
45.9537 -1.85591
45.9552 -1.85143
45.9567 -1.84685
45.9582 -1.84218
45.9597 -1.83742
45.9612 -1.83256
45.9627 -1.82762
45.9642 -1.82258
45.9657 -1.81744
45.9672 -1.81222
45.9687 -1.8069
45.9702 -1.80148
45.9717 -1.79597
45.9732 -1.79036
45.9747 -1.78466
45.9762 -1.77886
45.9777 -1.77296
45.9792 -1.76696
45.9807 -1.76087
45.9822 -1.75468
45.9837 -1.74839
45.9852 -1.742
45.9867 -1.73551
45.9882 -1.72892
45.9897 -1.72223
45.9912 -1.71544
45.9927 -1.70855
45.9942 -1.70156
45.9957 -1.69446
45.9972 -1.68726
45.9987 -1.67996
46.0003 -1.67256
46.0018 -1.66505
46.0033 -1.65743
46.0048 -1.64971
46.0063 -1.64189
46.0078 -1.63396
46.0093 -1.62592
46.0108 -1.61778
46.0123 -1.60953
46.0138 -1.60117
46.0153 -1.5927
46.0168 -1.58413
46.0183 -1.57544
46.0198 -1.56665
46.0213 -1.55775
46.0228 -1.54873
46.0243 -1.53961
46.0258 -1.53037
46.0273 -1.52102
46.0288 -1.51156
46.0303 -1.50199
46.0318 -1.49231
46.0333 -1.48251
46.0348 -1.47259
46.0363 -1.46257
46.0378 -1.45242
46.0393 -1.44217
46.0408 -1.43179
46.0423 -1.4213
46.0438 -1.4107
46.0453 -1.39997
46.0468 -1.38913
46.0483 -1.37817
46.0498 -1.36709
46.0513 -1.35589
46.0528 -1.34457
46.0543 -1.33314
46.0558 -1.32158
46.0573 -1.3099
46.0588 -1.2981
46.0603 -1.28618
46.0618 -1.27413
46.0633 -1.26196
46.0648 -1.24967
46.0663 -1.23726
46.0678 -1.22472
46.0693 -1.21205
46.0708 -1.19926
46.0723 -1.18635
46.0738 -1.17331
46.0753 -1.16014
46.0768 -1.14684
46.0783 -1.13342
46.0798 -1.11987
46.0813 -1.10619
46.0828 -1.09238
46.0843 -1.07844
46.0858 -1.06437
46.0873 -1.05017
46.0888 -1.03584
46.0903 -1.02138
46.0918 -1.00679
46.0933 -0.992064
46.0948 -0.977205
46.0963 -0.962212
46.0978 -0.947086
46.0993 -0.931826
46.1008 -0.91643
46.1023 -0.900899
46.1038 -0.885232
46.1053 -0.869429
46.1068 -0.853489
46.1083 -0.837411
46.1098 -0.821196
46.1113 -0.804842
46.1128 -0.78835
46.1143 -0.771718
46.1158 -0.754946
46.1173 -0.738034
46.1188 -0.720981
46.1203 -0.703787
46.1218 -0.686451
46.1233 -0.668973
46.1248 -0.651352
46.1263 -0.633587
46.1278 -0.615679
46.1293 -0.597626
46.1308 -0.579429
46.1323 -0.561086
46.1338 -0.542597
46.1353 -0.523962
46.1368 -0.505181
46.1383 -0.486251
46.1398 -0.467174
46.1413 -0.447949
46.1428 -0.428575
46.1443 -0.409051
46.1458 -0.389378
46.1473 -0.369554
46.1488 -0.349579
46.1503 -0.329453
46.1518 -0.309175
46.1533 -0.288744
46.1548 -0.26816
46.1563 -0.247423
46.1578 -0.226532
46.1593 -0.205487
46.1608 -0.184287
46.1623 -0.16293
46.1638 -0.141418
46.1653 -0.11975
46.1668 -0.0979241
46.1683 -0.0759407
46.1698 -0.0537993
46.1713 -0.0314992
46.1728 -0.00904
46.1743 0.0135789
46.1758 0.036358
46.1773 0.0592979
46.1788 0.082399
46.1803 0.105662
46.1818 0.129087
46.1833 0.152675
46.1848 0.176426
46.1863 0.200342
46.1878 0.224421
46.1893 0.248666
46.1908 0.273076
46.1923 0.297652
46.1938 0.322394
46.1953 0.347304
46.1968 0.372381
46.1983 0.397627
46.1998 0.423041
46.2014 0.448624
46.2029 0.474377
46.2044 0.5003
46.2059 0.526394
46.2074 0.552659
46.2089 0.579096
46.2104 0.605705
46.2119 0.632488
46.2134 0.659444
46.2149 0.686574
46.2164 0.713878
46.2179 0.741358
46.2194 0.769013
46.2209 0.796845
46.2224 0.824853
46.2239 0.853038
46.2254 0.881401
46.2269 0.909943
46.2284 0.938663
46.2299 0.967563
46.2314 0.996643
46.2329 1.0259
46.2344 1.05535
46.2359 1.08497
46.2374 1.11477
46.2389 1.14476
46.2404 1.17493
46.2419 1.20529
46.2434 1.23583
46.2449 1.26655
46.2464 1.29746
46.2479 1.32856
46.2494 1.35984
46.2509 1.39131
46.2524 1.42297
46.2539 1.45482
46.2554 1.48685
46.2569 1.51908
46.2584 1.55149
46.2599 1.58409
46.2614 1.61689
46.2629 1.64988
46.2644 1.68306
46.2659 1.71643
46.2674 1.75
46.2689 1.78375
46.2704 1.81771
46.2719 1.85186
46.2734 1.8862
46.2749 1.92074
46.2764 1.95548
46.2779 1.99042
46.2794 2.02555
46.2809 2.06088
46.2824 2.09641
46.2839 2.13214
46.2854 2.16807
46.2869 2.2042
46.2884 2.24053
46.2899 2.27706
46.2914 2.3138
46.2929 2.35074
46.2944 2.38788
46.2959 2.42523
46.2974 2.46278
46.2989 2.50054
46.3004 2.5385
46.3019 2.57667
46.3034 2.61505
46.3049 2.65363
46.3064 2.69242
46.3079 2.73142
46.3094 2.77063
46.3109 2.81005
46.3124 2.84968
46.3139 2.88952
46.3154 2.92958
46.3169 2.96984
46.3184 3.01032
46.3199 3.05101
46.3214 3.09192
46.3229 3.13304
46.3244 3.17438
46.3259 3.21593
46.3274 3.2577
46.3289 3.29968
46.3304 3.34188
46.3319 3.3843
46.3334 3.42694
46.3349 3.4698
46.3364 3.51288
46.3379 3.55618
46.3394 3.5997
46.3409 3.64344
46.3424 3.68741
46.3439 3.7316
46.3454 3.77601
46.3469 3.82064
46.3484 3.8655
46.3499 3.91059
46.3514 3.9559
46.3529 4.00144
46.3544 4.0472
46.3559 4.09319
46.3574 4.13941
46.3589 4.18586
46.3604 4.23254
46.3619 4.27945
46.3634 4.32659
46.3649 4.37396
46.3664 4.42157
46.3679 4.4694
46.3694 4.51747
46.3709 4.56578
46.3724 4.61431
46.3739 4.66309
46.3754 4.71209
46.3769 4.76134
46.3784 4.81082
46.3799 4.86054
46.3814 4.91049
46.3829 4.96069
46.3844 5.01112
46.3859 5.0618
46.3874 5.11271
46.3889 5.16387
46.3904 5.21527
46.3919 5.26691
46.3934 5.31879
46.3949 5.37092
46.3964 5.42329
46.3979 5.4759
46.3994 5.52877
46.401 5.58187
46.4025 5.63523
46.404 5.68883
46.4055 5.74268
46.407 5.79678
46.4085 5.85113
46.41 5.90572
46.4115 5.96057
46.413 6.01567
46.4145 6.07102
46.416 6.12662
46.4175 6.18248
46.419 6.23859
46.4205 6.29495
46.422 6.35157
46.4235 6.40845
46.425 6.46558
46.4265 6.52296
46.428 6.58061
46.4295 6.63851
46.431 6.69667
46.4325 6.75509
46.434 6.81377
46.4355 6.87272
46.437 6.93192
46.4385 6.99138
46.44 7.05111
46.4415 7.1111
46.443 7.17135
46.4445 7.23187
46.446 7.29266
46.4475 7.35371
46.449 7.41502
46.4505 7.4766
46.452 7.53845
46.4535 7.60057
46.455 7.66296
46.4565 7.72562
46.458 7.78855
46.4595 7.85174
46.461 7.91521
46.4625 7.97896
46.464 8.04297
46.4655 8.10726
46.467 8.17182
46.4685 8.23666
46.47 8.30177
46.4715 8.36716
46.473 8.43283
46.4745 8.49877
46.476 8.56499
46.4775 8.63149
46.479 8.69827
46.4805 8.76533
46.482 8.83267
46.4835 8.90029
46.485 8.9682
46.4865 9.03638
46.488 9.10485
46.4895 9.17361
46.491 9.24264
46.4925 9.31197
46.494 9.38158
46.4955 9.45147
46.497 9.52166
46.4985 9.59213
46.5 9.66289
