43.5005 0.000587205
43.503 0.000645243
43.5055 0.000708504
43.508 0.000777404
43.5105 0.000852391
43.513 0.000933942
43.5155 0.00102256
43.518 0.0011188
43.5205 0.00122323
43.523 0.00133645
43.5255 0.00145914
43.528 0.00159197
43.5305 0.00173568
43.533 0.00189106
43.5355 0.00205891
43.538 0.00224013
43.5405 0.00243562
43.543 0.00264636
43.5455 0.00287338
43.548 0.00311777
43.5505 0.00338065
43.553 0.00366324
43.5555 0.00396679
43.558 0.00429263
43.5605 0.00464216
43.563 0.00501682
43.5655 0.00541816
43.568 0.00584776
43.5705 0.00630731
43.573 0.00679855
43.5755 0.00732331
43.578 0.00788348
43.5805 0.00848106
43.583 0.00911809
43.5855 0.00979674
43.588 0.0105192
43.5905 0.0112879
43.593 0.012105
43.5955 0.0129733
43.598 0.0138951
43.6006 0.0148732
43.6031 0.0159103
43.6056 0.0170092
43.6081 0.018173
43.6106 0.0194045
43.6131 0.0207068
43.6156 0.0220832
43.6181 0.023537
43.6206 0.0250714
43.6231 0.0266898
43.6256 0.0283959
43.6281 0.0301932
43.6306 0.0320853
43.6331 0.034076
43.6356 0.036169
43.6381 0.0383683
43.6406 0.0406778
43.6431 0.0431015
43.6456 0.0456434
43.6481 0.0483077
43.6506 0.0510983
43.6531 0.0540196
43.6556 0.0570758
43.6581 0.0602711
43.6606 0.0636097
43.6631 0.067096
43.6656 0.0707342
43.6681 0.0745287
43.6706 0.0784836
43.6731 0.0826034
43.6756 0.0868923
43.6781 0.0913544
43.6806 0.0959941
43.6831 0.100815
43.6856 0.105822
43.6881 0.111019
43.6906 0.11641
43.6931 0.121998
43.6956 0.127787
43.6981 0.133782
43.7006 0.139985
43.7031 0.146401
43.7056 0.153032
43.7081 0.159881
43.7106 0.166953
43.7131 0.174249
43.7156 0.181772
43.7181 0.189525
43.7206 0.197511
43.7231 0.205731
43.7256 0.214187
43.7281 0.222881
43.7306 0.231816
43.7331 0.24099
43.7356 0.250407
43.7381 0.260067
43.7406 0.26997
43.7431 0.280116
43.7456 0.290506
43.7481 0.301139
43.7506 0.312015
43.7531 0.323133
43.7556 0.334491
43.7581 0.346089
43.7606 0.357924
43.7631 0.369994
43.7656 0.382298
43.7681 0.394831
43.7706 0.407592
43.7731 0.420577
43.7756 0.433782
43.7781 0.447203
43.7806 0.460836
43.7831 0.474676
43.7856 0.488718
43.7881 0.502958
43.7906 0.517388
43.7931 0.532004
43.7956 0.546799
43.7981 0.561767
43.8007 0.5769
43.8032 0.592192
43.8057 0.607635
43.8082 0.623222
43.8107 0.638944
43.8132 0.654793
43.8157 0.670761
43.8182 0.686838
43.8207 0.703016
43.8232 0.719286
43.8257 0.735638
43.8282 0.752062
43.8307 0.768549
43.8332 0.785088
43.8357 0.801669
43.8382 0.818282
43.8407 0.834916
43.8432 0.85156
43.8457 0.868205
43.8482 0.884838
43.8507 0.901449
43.8532 0.918026
43.8557 0.934559
43.8582 0.951036
43.8607 0.967446
43.8632 0.983779
43.8657 1.00002
43.8682 1.01616
43.8707 1.03219
43.8732 1.0481
43.8757 1.06387
43.8782 1.0795
43.8807 1.09497
43.8832 1.11028
43.8857 1.12541
43.8882 1.14034
43.8907 1.15508
43.8932 1.16961
43.8957 1.18393
43.8982 1.19801
43.9007 1.21185
43.9032 1.22545
43.9057 1.23879
43.9082 1.25186
43.9107 1.26465
43.9132 1.27716
43.9157 1.28938
43.9182 1.3013
43.9207 1.31291
43.9232 1.3242
43.9257 1.33517
43.9282 1.34582
43.9307 1.35612
43.9332 1.36608
43.9357 1.3757
43.9382 1.38496
43.9407 1.39386
43.9432 1.40239
43.9457 1.41056
43.9482 1.41836
43.9507 1.42577
43.9532 1.43281
43.9557 1.43947
43.9582 1.44574
43.9607 1.45162
43.9632 1.45711
43.9657 1.4622
43.9682 1.46691
43.9707 1.47122
43.9732 1.47513
43.9757 1.47865
43.9782 1.48177
43.9807 1.4845
43.9832 1.48683
43.9857 1.48877
43.9882 1.49032
43.9907 1.49147
43.9932 1.49224
43.9957 1.49262
43.9982 1.49262
44.0008 1.49223
44.0033 1.49147
44.0058 1.49033
44.0083 1.48883
44.0108 1.48695
44.0133 1.48472
44.0158 1.48212
44.0183 1.47917
44.0208 1.47587
44.0233 1.47223
44.0258 1.46825
44.0283 1.46394
44.0308 1.4593
44.0333 1.45434
44.0358 1.44906
44.0383 1.44348
44.0408 1.43759
44.0433 1.4314
44.0458 1.42493
44.0483 1.41817
44.0508 1.41114
44.0533 1.40384
44.0558 1.39628
44.0583 1.38846
44.0608 1.38039
44.0633 1.37209
44.0658 1.36355
44.0683 1.35478
44.0708 1.3458
44.0733 1.33661
44.0758 1.32721
44.0783 1.31762
44.0808 1.30784
44.0833 1.29788
44.0858 1.28775
44.0883 1.27745
44.0908 1.26699
44.0933 1.25638
44.0958 1.24563
44.0983 1.23474
44.1008 1.22372
44.1033 1.21259
44.1058 1.20133
44.1083 1.18997
44.1108 1.17851
44.1133 1.16696
44.1158 1.15532
44.1183 1.1436
44.1208 1.13181
44.1233 1.11995
44.1258 1.10803
44.1283 1.09606
44.1308 1.08404
44.1333 1.07198
44.1358 1.05989
44.1383 1.04776
44.1408 1.03562
44.1433 1.02345
44.1458 1.01128
44.1483 0.999094
44.1508 0.986911
44.1533 0.974733
44.1558 0.962563
44.1583 0.950408
44.1608 0.938272
44.1633 0.92616
44.1658 0.914076
44.1683 0.902024
44.1708 0.89001
44.1733 0.878037
44.1758 0.86611
44.1783 0.854231
44.1808 0.842405
44.1833 0.830636
44.1858 0.818927
44.1883 0.807282
44.1908 0.795703
44.1933 0.784193
44.1958 0.772757
44.1983 0.761396
44.2009 0.750113
44.2034 0.738911
44.2059 0.727793
44.2084 0.71676
44.2109 0.705816
44.2134 0.694962
44.2159 0.6842
44.2184 0.673532
44.2209 0.66296
44.2234 0.652485
44.2259 0.64211
44.2284 0.631835
44.2309 0.621663
44.2334 0.611594
44.2359 0.601629
44.2384 0.59177
44.2409 0.582017
44.2434 0.572372
44.2459 0.562835
44.2484 0.553407
44.2509 0.544089
44.2534 0.534881
44.2559 0.525784
44.2584 0.516798
44.2609 0.507923
44.2634 0.49916
44.2659 0.490509
44.2684 0.481969
44.2709 0.473542
44.2734 0.465226
44.2759 0.457023
44.2784 0.448931
44.2809 0.440951
44.2834 0.433082
44.2859 0.425324
44.2884 0.417676
44.2909 0.410139
44.2934 0.402712
44.2959 0.395394
44.2984 0.388184
44.3009 0.381083
44.3034 0.37409
44.3059 0.367203
44.3084 0.360422
44.3109 0.353747
44.3134 0.347177
44.3159 0.34071
44.3184 0.334347
44.3209 0.328086
44.3234 0.321926
44.3259 0.315867
44.3284 0.309907
44.3309 0.304046
44.3334 0.298283
44.3359 0.292616
44.3384 0.287045
44.3409 0.281569
44.3434 0.276186
44.3459 0.270896
44.3484 0.265697
44.3509 0.260589
44.3534 0.255571
44.3559 0.250641
44.3584 0.245798
44.3609 0.241042
44.3634 0.23637
44.3659 0.231783
44.3684 0.227278
44.3709 0.222856
44.3734 0.218514
44.3759 0.214252
44.3784 0.210068
44.3809 0.205961
44.3834 0.201931
44.3859 0.197976
44.3884 0.194096
44.3909 0.190288
44.3934 0.186552
44.3959 0.182887
44.3984 0.179291
44.401 0.175765
44.4035 0.172305
44.406 0.168913
44.4085 0.165586
44.411 0.162323
44.4135 0.159123
44.416 0.155986
44.4185 0.15291
44.421 0.149895
44.4235 0.146938
44.426 0.14404
44.4285 0.141199
44.431 0.138415
44.4335 0.135685
44.436 0.13301
44.4385 0.130389
44.441 0.12782
44.4435 0.125302
44.446 0.122835
44.4485 0.120418
44.451 0.118049
44.4535 0.115729
44.456 0.113455
44.4585 0.111228
44.461 0.109046
44.4635 0.106908
44.466 0.104814
44.4685 0.102763
44.471 0.100754
44.4735 0.0987858
44.476 0.0968583
44.4785 0.0949704
44.481 0.0931215
44.4835 0.0913106
44.486 0.0895372
44.4885 0.0878005
44.491 0.0860997
44.4935 0.0844342
44.496 0.0828033
44.4985 0.0812063
44.501 0.0796424
44.5035 0.0781112
44.506 0.0766118
44.5085 0.0751438
44.511 0.0737063
44.5135 0.0722989
44.516 0.0709209
44.5185 0.0695718
44.521 0.0682509
44.5235 0.0669577
44.526 0.0656915
44.5285 0.064452
44.531 0.0632384
44.5335 0.0620503
44.536 0.0608872
44.5385 0.0597485
44.541 0.0586338
44.5435 0.0575424
44.546 0.0564741
44.5485 0.0554282
44.551 0.0544043
44.5535 0.0534019
44.556 0.0524207
44.5585 0.0514601
44.561 0.0505197
44.5635 0.0495991
44.566 0.0486979
44.5685 0.0478157
44.571 0.0469521
44.5735 0.0461066
44.576 0.0452789
44.5785 0.0444687
44.581 0.0436755
44.5835 0.0428989
44.586 0.0421387
44.5885 0.0413946
44.591 0.040666
44.5935 0.0399528
44.596 0.0392545
44.5985 0.0385709
44.6011 0.0379017
44.6036 0.0372465
44.6061 0.0366051
44.6086 0.0359771
44.6111 0.0353623
44.6136 0.0347604
44.6161 0.034171
44.6186 0.0335941
44.6211 0.0330292
44.6236 0.0324761
44.6261 0.0319345
44.6286 0.0314043
44.6311 0.0308852
44.6336 0.0303769
44.6361 0.0298792
44.6386 0.0293918
44.6411 0.0289147
44.6436 0.0284474
44.6461 0.0279899
44.6486 0.0275419
44.6511 0.0271032
44.6536 0.0266736
44.6561 0.026253
44.6586 0.025841
44.6611 0.0254376
44.6636 0.0250426
44.6661 0.0246557
44.6686 0.0242769
44.6711 0.0239058
44.6736 0.0235425
44.6761 0.0231866
44.6786 0.0228381
44.6811 0.0224968
44.6836 0.0221625
44.6861 0.0218351
44.6886 0.0215144
44.6911 0.0212003
44.6936 0.0208927
44.6961 0.0205914
44.6986 0.0202963
44.7011 0.0200073
44.7036 0.0197242
44.7061 0.0194469
44.7086 0.0191752
44.7111 0.0189092
44.7136 0.0186486
44.7161 0.0183933
44.7186 0.0181432
44.7211 0.0178983
44.7236 0.0176583
44.7261 0.0174233
44.7286 0.0171931
44.7311 0.0169675
44.7336 0.0167466
44.7361 0.0165302
44.7386 0.0163182
44.7411 0.0161105
44.7436 0.0159071
44.7461 0.0157079
44.7486 0.0155127
44.7511 0.0153214
44.7536 0.0151341
44.7561 0.0149507
44.7586 0.0147709
44.7611 0.0145949
44.7636 0.0144224
44.7661 0.0142535
44.7686 0.014088
44.7711 0.0139259
44.7736 0.0137672
44.7761 0.0136117
44.7786 0.0134594
44.7811 0.0133102
44.7836 0.0131641
44.7861 0.013021
44.7886 0.0128809
44.7911 0.0127437
44.7936 0.0126093
44.7961 0.0124777
44.7986 0.0123488
44.8012 0.0122226
44.8037 0.012099
44.8062 0.011978
44.8087 0.0118596
44.8112 0.0117436
44.8137 0.0116301
44.8162 0.011519
44.8187 0.0114102
44.8212 0.0113037
44.8237 0.0111995
44.8262 0.0110975
44.8287 0.0109978
44.8312 0.0109001
44.8337 0.0108046
44.8362 0.0107111
44.8387 0.0106197
44.8412 0.0105303
44.8437 0.0104428
44.8462 0.0103573
44.8487 0.0102737
44.8512 0.0101919
44.8537 0.010112
44.8562 0.0100339
44.8587 0.00995761
44.8612 0.00988304
44.8637 0.00981018
44.8662 0.00973902
44.8687 0.00966953
44.8712 0.00960168
44.8737 0.00953545
44.8762 0.00947081
44.8787 0.00940773
44.8812 0.0093462
44.8837 0.00928619
44.8862 0.00922769
44.8887 0.00917065
44.8912 0.00911508
44.8937 0.00906094
44.8962 0.00900822
44.8987 0.0089569
44.9012 0.00890695
44.9037 0.00885837
44.9062 0.00881113
44.9087 0.00876521
44.9112 0.0087206
44.9137 0.00867729
44.9162 0.00863526
44.9187 0.00859448
44.9212 0.00855496
44.9237 0.00851667
44.9262 0.0084796
44.9287 0.00844373
44.9312 0.00840906
44.9337 0.00837557
44.9362 0.00834325
44.9387 0.00831209
44.9412 0.00828208
44.9437 0.0082532
44.9462 0.00822545
44.9487 0.00819881
44.9512 0.00817328
44.9537 0.00814885
44.9562 0.00812551
44.9587 0.00810325
44.9612 0.00808206
44.9637 0.00806194
44.9662 0.00804287
44.9687 0.00802486
44.9712 0.00800789
44.9737 0.00799197
44.9762 0.00797707
44.9787 0.00796321
44.9812 0.00795037
44.9837 0.00793854
44.9862 0.00792773
44.9887 0.00791794
44.9912 0.00790915
44.9937 0.00790136
44.9962 0.00789457
44.9987 0.00788879
45.0013 0.007884
45.0038 0.0078802
45.0063 0.0078774
45.0088 0.00787559
45.0113 0.00787477
45.0138 0.00787494
45.0163 0.00787611
45.0188 0.00787826
45.0213 0.00788141
45.0238 0.00788555
45.0263 0.00789068
45.0288 0.00789681
45.0313 0.00790393
45.0338 0.00791205
45.0363 0.00792118
45.0388 0.00793131
45.0413 0.00794245
45.0438 0.0079546
45.0463 0.00796777
45.0488 0.00798195
45.0513 0.00799716
45.0538 0.0080134
45.0563 0.00803068
45.0588 0.008049
45.0613 0.00806836
45.0638 0.00808878
45.0663 0.00811025
45.0688 0.00813279
45.0713 0.00815641
45.0738 0.00818111
45.0763 0.0082069
45.0788 0.00823379
45.0813 0.00826179
45.0838 0.00829091
45.0863 0.00832116
45.0888 0.00835254
45.0913 0.00838507
45.0938 0.00841876
45.0963 0.00845362
45.0988 0.00848967
45.1013 0.00852691
45.1038 0.00856536
45.1063 0.00860503
45.1088 0.00864593
45.1113 0.00868809
45.1138 0.00873151
45.1163 0.0087762
45.1188 0.00882219
45.1213 0.00886949
45.1238 0.00891812
45.1263 0.00896809
45.1288 0.00901942
45.1313 0.00907213
45.1338 0.00912623
45.1363 0.00918175
45.1388 0.00923871
45.1413 0.00929712
45.1438 0.00935701
45.1463 0.00941839
45.1488 0.0094813
45.1513 0.00954574
45.1538 0.00961175
45.1563 0.00967935
45.1588 0.00974856
45.1613 0.00981941
45.1638 0.00989192
45.1663 0.00996611
45.1688 0.010042
45.1713 0.0101197
45.1738 0.0101991
45.1763 0.0102803
45.1788 0.0103634
45.1813 0.0104483
45.1838 0.0105351
45.1863 0.0106238
45.1888 0.0107145
45.1913 0.0108072
45.1938 0.0109019
45.1963 0.0109986
45.1988 0.0110974
45.2014 0.0111984
45.2039 0.0113015
45.2064 0.0114069
45.2089 0.0115145
45.2114 0.0116243
45.2139 0.0117365
45.2164 0.0118511
45.2189 0.0119681
45.2214 0.0120875
45.2239 0.0122095
45.2264 0.0123339
45.2289 0.012461
45.2314 0.0125907
45.2339 0.0127232
45.2364 0.0128583
45.2389 0.0129963
45.2414 0.0131371
45.2439 0.0132808
45.2464 0.0134275
45.2489 0.0135771
45.2514 0.0137299
45.2539 0.0138858
45.2564 0.0140449
45.2589 0.0142072
45.2614 0.0143729
45.2639 0.0145419
45.2664 0.0147144
45.2689 0.0148904
45.2714 0.01507
45.2739 0.0152533
45.2764 0.0154403
45.2789 0.0156311
45.2814 0.0158258
45.2839 0.0160244
45.2864 0.0162271
45.2889 0.0164339
45.2914 0.0166449
45.2939 0.0168602
45.2964 0.0170798
45.2989 0.017304
45.3014 0.0175327
45.3039 0.017766
45.3064 0.018004
45.3089 0.018247
45.3114 0.0184948
45.3139 0.0187477
45.3164 0.0190057
45.3189 0.0192689
45.3214 0.0195375
45.3239 0.0198116
45.3264 0.0200912
45.3289 0.0203766
45.3314 0.0206677
45.3339 0.0209647
45.3364 0.0212678
45.3389 0.0215771
45.3414 0.0218927
45.3439 0.0222147
45.3464 0.0225432
45.3489 0.0228785
45.3514 0.0232206
45.3539 0.0235696
45.3564 0.0239258
45.3589 0.0242893
45.3614 0.0246601
45.3639 0.0250386
45.3664 0.0254248
45.3689 0.0258188
45.3714 0.0262209
45.3739 0.0266313
45.3764 0.02705
45.3789 0.0274773
45.3814 0.0279133
45.3839 0.0283582
45.3864 0.0288123
45.3889 0.0292756
45.3914 0.0297485
45.3939 0.030231
45.3964 0.0307234
45.3989 0.0312258
45.4015 0.0317386
45.404 0.0322619
45.4065 0.0327959
45.409 0.0333409
45.4115 0.033897
45.414 0.0344645
45.4165 0.0350436
45.419 0.0356346
45.4215 0.0362378
45.424 0.0368533
45.4265 0.0374814
45.429 0.0381223
45.4315 0.0387764
45.434 0.0394439
45.4365 0.0401251
45.439 0.0408202
45.4415 0.0415296
45.444 0.0422535
45.4465 0.0429921
45.449 0.0437459
45.4515 0.0445151
45.454 0.0453
45.4565 0.046101
45.459 0.0469183
45.4615 0.0477522
45.464 0.0486032
45.4665 0.0494716
45.469 0.0503576
45.4715 0.0512617
45.474 0.0521841
45.4765 0.0531253
45.479 0.0540857
45.4815 0.0550655
45.484 0.0560652
45.4865 0.0570851
45.489 0.0581257
45.4915 0.0591874
45.494 0.0602704
45.4965 0.0613754
45.499 0.0625026
45.5015 0.0636525
45.504 0.0648255
45.5065 0.0660221
45.509 0.0672427
45.5115 0.0684877
45.514 0.0697576
45.5165 0.0710529
45.519 0.072374
45.5215 0.0737214
45.524 0.0750956
45.5265 0.0764971
45.529 0.0779263
45.5315 0.0793838
45.534 0.08087
45.5365 0.0823855
45.539 0.0839308
45.5415 0.0855064
45.544 0.0871128
45.5465 0.0887507
45.549 0.0904204
45.5515 0.0921226
45.554 0.0938578
45.5565 0.0956266
45.559 0.0974295
45.5615 0.0992671
45.564 0.10114
45.5665 0.103049
45.569 0.104994
45.5715 0.106976
45.574 0.108996
45.5765 0.111054
45.579 0.113151
45.5815 0.115287
45.584 0.117463
45.5865 0.11968
45.589 0.121938
45.5915 0.124239
45.594 0.126581
45.5965 0.128967
45.599 0.131396
45.6016 0.13387
45.6041 0.136389
45.6066 0.138953
45.6091 0.141564
45.6116 0.144221
45.6141 0.146926
45.6166 0.149679
45.6191 0.152481
45.6216 0.155333
45.6241 0.158234
45.6266 0.161186
45.6291 0.164189
45.6316 0.167244
45.6341 0.170352
45.6366 0.173513
45.6391 0.176727
45.6416 0.179996
45.6441 0.183319
45.6466 0.186698
45.6491 0.190133
45.6516 0.193624
45.6541 0.197173
45.6566 0.200779
45.6591 0.204444
45.6616 0.208167
45.6641 0.21195
45.6666 0.215792
45.6691 0.219695
45.6716 0.223658
45.6741 0.227682
45.6766 0.231768
45.6791 0.235916
45.6816 0.240126
45.6841 0.244399
45.6866 0.248736
45.6891 0.253135
45.6916 0.257599
45.6941 0.262126
45.6966 0.266718
45.6991 0.271375
45.7016 0.276096
45.7041 0.280882
45.7066 0.285733
45.7091 0.29065
45.7116 0.295632
45.7141 0.300679
45.7166 0.305792
45.7191 0.31097
45.7216 0.316214
45.7241 0.321523
45.7266 0.326897
45.7291 0.332336
45.7316 0.337839
45.7341 0.343408
45.7366 0.34904
45.7391 0.354737
45.7416 0.360497
45.7441 0.36632
45.7466 0.372206
45.7491 0.378154
45.7516 0.384163
45.7541 0.390233
45.7566 0.396364
45.7591 0.402554
45.7616 0.408802
45.7641 0.415108
45.7666 0.421472
45.7691 0.427891
45.7716 0.434364
45.7741 0.440892
45.7766 0.447472
45.7791 0.454103
45.7816 0.460785
45.7841 0.467515
45.7866 0.474292
45.7891 0.481115
45.7916 0.487982
45.7941 0.494892
45.7966 0.501842
45.7991 0.508831
45.8017 0.515858
45.8042 0.52292
45.8067 0.530014
45.8092 0.53714
45.8117 0.544295
45.8142 0.551477
45.8167 0.558683
45.8192 0.565911
45.8217 0.573158
45.8242 0.580423
45.8267 0.587702
45.8292 0.594993
45.8317 0.602292
45.8342 0.609598
45.8367 0.616907
45.8392 0.624216
45.8417 0.631523
45.8442 0.638823
45.8467 0.646114
45.8492 0.653393
45.8517 0.660656
45.8542 0.667899
45.8567 0.67512
45.8592 0.682315
45.8617 0.68948
45.8642 0.696611
45.8667 0.703705
45.8692 0.710757
45.8717 0.717765
45.8742 0.724724
45.8767 0.73163
45.8792 0.738479
45.8817 0.745268
45.8842 0.751991
45.8867 0.758645
45.8892 0.765226
45.8917 0.771729
45.8942 0.77815
45.8967 0.784486
45.8992 0.79073
45.9017 0.79688
45.9042 0.802931
45.9067 0.808879
45.9092 0.814718
45.9117 0.820446
45.9142 0.826057
45.9167 0.831546
45.9192 0.836911
45.9217 0.842146
45.9242 0.847246
45.9267 0.852209
45.9292 0.857028
45.9317 0.861701
45.9342 0.866223
45.9367 0.870589
45.9392 0.874796
45.9417 0.878839
45.9442 0.882715
45.9467 0.886419
45.9492 0.889947
45.9517 0.893297
45.9542 0.896463
45.9567 0.899442
45.9592 0.902232
45.9617 0.904827
45.9642 0.907226
45.9667 0.909424
45.9692 0.911418
45.9717 0.913206
45.9742 0.914785
45.9767 0.916151
45.9792 0.917302
45.9817 0.918236
45.9842 0.91895
45.9867 0.919441
45.9892 0.919709
45.9917 0.91975
45.9942 0.919564
45.9967 0.919148
45.9992 0.918502
46.0018 0.917623
46.0043 0.916511
46.0068 0.915165
46.0093 0.913584
46.0118 0.911768
46.0143 0.909716
46.0168 0.907428
46.0193 0.904905
46.0218 0.902146
46.0243 0.899152
46.0268 0.895923
46.0293 0.892461
46.0318 0.888767
46.0343 0.884842
46.0368 0.880687
46.0393 0.876303
46.0418 0.871694
46.0443 0.86686
46.0468 0.861805
46.0493 0.856531
46.0518 0.85104
46.0543 0.845335
46.0568 0.83942
46.0593 0.833297
46.0618 0.826971
46.0643 0.820445
46.0668 0.813722
46.0693 0.806807
46.0718 0.799705
46.0743 0.792418
46.0768 0.784953
46.0793 0.777313
46.0818 0.769505
46.0843 0.761531
46.0868 0.753399
46.0893 0.745113
46.0918 0.736679
46.0943 0.728102
46.0968 0.719389
46.0993 0.710544
46.1018 0.701574
46.1043 0.692486
46.1068 0.683284
46.1093 0.673976
46.1118 0.664568
46.1143 0.655065
46.1168 0.645476
46.1193 0.635805
46.1218 0.626061
46.1243 0.616248
46.1268 0.606375
46.1293 0.596447
46.1318 0.586471
46.1343 0.576454
46.1368 0.566402
46.1393 0.556323
46.1418 0.546223
46.1443 0.536107
46.1468 0.525984
46.1493 0.515859
46.1518 0.505739
46.1543 0.495629
46.1568 0.485538
46.1593 0.475469
46.1618 0.465431
46.1643 0.455428
46.1668 0.445467
46.1693 0.435553
46.1718 0.425692
46.1743 0.41589
46.1768 0.406152
46.1793 0.396483
46.1818 0.386889
46.1843 0.377374
46.1868 0.367943
46.1893 0.358601
46.1918 0.349353
46.1943 0.340202
46.1968 0.331153
46.1993 0.32221
46.2019 0.313377
46.2044 0.304657
46.2069 0.296054
46.2094 0.287571
46.2119 0.279211
46.2144 0.270977
46.2169 0.262871
46.2194 0.254897
46.2219 0.247056
46.2244 0.239351
46.2269 0.231783
46.2294 0.224354
46.2319 0.217066
46.2344 0.209921
46.2369 0.202918
46.2394 0.19606
46.2419 0.189347
46.2444 0.18278
46.2469 0.176359
46.2494 0.170084
46.2519 0.163956
46.2544 0.157975
46.2569 0.15214
46.2594 0.146451
46.2619 0.140908
46.2644 0.135509
46.2669 0.130255
46.2694 0.125144
46.2719 0.120175
46.2744 0.115347
46.2769 0.110658
46.2794 0.106108
46.2819 0.101694
46.2844 0.0974158
46.2869 0.0932705
46.2894 0.0892567
46.2919 0.0853724
46.2944 0.0816157
46.2969 0.0779844
46.2994 0.0744765
46.3019 0.0710897
46.3044 0.0678218
46.3069 0.0646705
46.3094 0.0616333
46.3119 0.058708
46.3144 0.0558919
46.3169 0.0531827
46.3194 0.0505779
46.3219 0.0480749
46.3244 0.0456712
46.3269 0.0433643
46.3294 0.0411515
46.3319 0.0390303
46.3344 0.0369982
46.3369 0.0350526
46.3394 0.0331909
46.3419 0.0314107
46.3444 0.0297093
46.3469 0.0280844
46.3494 0.0265334
46.3519 0.0250538
46.3544 0.0236434
46.3569 0.0222995
46.3594 0.02102
46.3619 0.0198026
46.3644 0.0186448
46.3669 0.0175445
46.3694 0.0164995
46.3719 0.0155077
46.3744 0.0145669
46.3769 0.013675
46.3794 0.0128302
46.3819 0.0120303
46.3844 0.0112736
46.3869 0.0105581
46.3894 0.00988204
46.3919 0.00924365
46.3944 0.00864122
46.3969 0.00807311
46.3994 0.0075377
46.402 0.00703346
46.4045 0.00655887
46.407 0.0061125
46.4095 0.00569294
46.412 0.00529884
46.4145 0.00492891
46.417 0.0045819
46.4195 0.00425662
46.422 0.00395189
46.4245 0.00366663
46.427 0.00339976
46.4295 0.00315028
46.432 0.0029172
46.4345 0.00269961
46.437 0.00249661
46.4395 0.00230735
46.442 0.00213103
46.4445 0.00196688
46.447 0.00181416
46.4495 0.00167218
46.452 0.00154028
46.4545 0.00141782
46.457 0.00130422
46.4595 0.0011989
46.462 0.00110133
46.4645 0.00101101
46.467 0.000927461
46.4695 0.000850225
46.472 0.00077888
46.4745 0.000713025
46.477 0.000652281
46.4795 0.000596293
46.482 0.000544726
46.4845 0.000497266
46.487 0.000453618
46.4895 0.000413506
46.492 0.000376671
46.4945 0.00034287
46.497 0.000311877
46.4995 0.00028348
