13.6117 0.0176759
13.6683 0.123731
13.7249 0.247463
13.7814 0.556792
13.838 0.945662
13.8946 1.36105
13.9512 1.61735
14.0077 1.70573
14.0643 1.69689
14.1209 1.36105
14.1774 1.17545
14.234 0.671685
14.2906 0.574468
14.3472 0.291653
14.4037 0.282815
14.4603 0.0972176
14.5169 0.0883796
14.5735 0.0265139
14.63 0.0176759
14.6866 0.0265139
14.7432 0.0265139
14.7998 0
14.8563 0
14.9129 0
14.9695 0.0176759
15.0261 0
15.0826 0.0176759
15.1392 0.0265139
15.1958 0
15.2524 0
15.3089 0.00883796
15.3655 0.00883796
15.4221 0.0530278
15.4787 0.0883796
15.5352 0.0795417
15.5918 0.0795417
15.6484 0.150245
15.7049 0.194435
15.7615 0.265139
15.8181 0.494926
15.8747 0.539116
15.9312 0.662847
15.9878 0.627495
16.0444 0.56563
16.101 0.397708
16.1575 0.229787
16.2141 0.150245
16.2707 0.0618657
16.3273 0.0176759
16.3838 0.0265139
