0 -0.906307
0.1 -0.886869
0.2 -0.866451
0.3 -0.865451
0.4 -0.858857
0.5 -0.855941
0.6 -0.843917
0.7 -0.840536
0.8 -0.822669
0.9 -0.831502
1 -0.829969
1.1 -0.824442
1.2 -0.816626
1.3 -0.81364
1.4 -0.805703
1.5 -0.799009
1.6 -0.801347
1.7 -0.805725
1.8 -0.802137
1.9 -0.783733
2 -0.770522
2.1 -0.77289
2.2 -0.76583
2.3 -0.759043
2.4 -0.749166
2.5 -0.749486
2.6 -0.743582
2.7 -0.731275
2.8 -0.730419
2.9 -0.722941
3 -0.70635
3.1 -0.707541
3.2 -0.706704
3.3 -0.724339
3.4 -0.709478
3.5 -0.687935
3.6 -0.684854
3.7 -0.68383
3.8 -0.685978
3.9 -0.673926
4 -0.669633
4.1 -0.669941
4.2 -0.671678
4.3 -0.652599
4.4 -0.660101
4.5 -0.656071
4.6 -0.656835
4.7 -0.655397
4.8 -0.652246
4.9 -0.666486
5 -0.646502
5.1 -0.644281
5.2 -0.630379
5.3 -0.625396
5.4 -0.633438
5.5 -0.627666
5.6 -0.622931
5.7 -0.632891
5.8 -0.61909
5.9 -0.607769
6 -0.605627
6.1 -0.59415
6.2 -0.600902
6.3 -0.594441
6.4 -0.597003
6.5 -0.604493
6.6 -0.587835
6.7 -0.587475
6.8 -0.573906
6.9 -0.572417
7 -0.567731
7.1 -0.569185
7.2 -0.55521
7.3 -0.552488
7.4 -0.547412
7.5 -0.555676
7.6 -0.554389
7.7 -0.544123
7.8 -0.543151
7.9 -0.547931
8 -0.538512
8.1 -0.542892
8.2 -0.53464
8.3 -0.541916
8.4 -0.533422
8.5 -0.529958
8.6 -0.537346
8.7 -0.527985
8.8 -0.512504
8.9 -0.507409
9 -0.517151
9.1 -0.49542
9.2 -0.491084
9.3 -0.510467
9.4 -0.508793
9.5 -0.510494
9.6 -0.494921
9.7 -0.500373
9.8 -0.508233
9.9 -0.501305
10 -0.500579
10.1 -0.492155
10.2 -0.484537
10.3 -0.475046
10.4 -0.492281
10.5 -0.482278
10.6 -0.475706
10.7 -0.457078
10.8 -0.441562
10.9 -0.444389
11 -0.450094
11.1 -0.439448
11.2 -0.441196
11.3 -0.436631
11.4 -0.438271
11.5 -0.435452
11.6 -0.432264
11.7 -0.42207
11.8 -0.427537
11.9 -0.426628
12 -0.415619
12.1 -0.393162
12.2 -0.409688
12.3 -0.395236
12.4 -0.385508
12.5 -0.397627
12.6 -0.383344
12.7 -0.38752
12.8 -0.382029
12.9 -0.383042
13 -0.380417
13.1 -0.390418
13.2 -0.380197
13.3 -0.379432
13.4 -0.38497
13.5 -0.382012
13.6 -0.372565
13.7 -0.374122
13.8 -0.382098
13.9 -0.368288
14 -0.369804
14.1 -0.372694
14.2 -0.366641
14.3 -0.358738
14.4 -0.363039
14.5 -0.355722
14.6 -0.351521
14.7 -0.356705
14.8 -0.358984
14.9 -0.343702
15 -0.3464
15.1 -0.34401
15.2 -0.34175
15.3 -0.334106
15.4 -0.335102
15.5 -0.345549
15.6 -0.336651
15.7 -0.33466
15.8 -0.321896
15.9 -0.318056
16 -0.322525
16.1 -0.327707
16.2 -0.319479
16.3 -0.336736
16.4 -0.324534
16.5 -0.328667
16.6 -0.3286
16.7 -0.322982
16.8 -0.33718
16.9 -0.327695
17 -0.326725
17.1 -0.32214
17.2 -0.322013
17.3 -0.325573
17.4 -0.323103
17.5 -0.326874
17.6 -0.317191
17.7 -0.318776
17.8 -0.319448
17.9 -0.314349
18 -0.297606
18.1 -0.30574
18.2 -0.296469
18.3 -0.282583
18.4 -0.292878
18.5 -0.293484
18.6 -0.302478
18.7 -0.296296
18.8 -0.297269
18.9 -0.295512
19 -0.300056
19.1 -0.28845
19.2 -0.291285
19.3 -0.280869
19.4 -0.283924
19.5 -0.271739
19.6 -0.255527
19.7 -0.260527
19.8 -0.249615
19.9 -0.255865
20 -0.244942
20.1 -0.260314
20.2 -0.260278
20.3 -0.257147
20.4 -0.250106
20.5 -0.256474
20.6 -0.251686
20.7 -0.256096
20.8 -0.262533
20.9 -0.255742
21 -0.258372
21.1 -0.265385
21.2 -0.259883
21.3 -0.253928
21.4 -0.251035
21.5 -0.249381
21.6 -0.240158
21.7 -0.255609
21.8 -0.25654
21.9 -0.245488
22 -0.250854
22.1 -0.237523
22.2 -0.247594
22.3 -0.247234
22.4 -0.26381
22.5 -0.259051
22.6 -0.259642
22.7 -0.246099
22.8 -0.237781
22.9 -0.245494
23 -0.237404
23.1 -0.23289
23.2 -0.238194
23.3 -0.239175
23.4 -0.251274
23.5 -0.240027
23.6 -0.245074
23.7 -0.242291
23.8 -0.240823
23.9 -0.230035
24 -0.238062
24.1 -0.228872
24.2 -0.230476
24.3 -0.231619
24.4 -0.229203
24.5 -0.243568
24.6 -0.244964
24.7 -0.229802
24.8 -0.232926
24.9 -0.233072
25 -0.235208
25.1 -0.235071
25.2 -0.22803
25.3 -0.223241
25.4 -0.229099
25.5 -0.229385
25.6 -0.230344
25.7 -0.225313
25.8 -0.232796
25.9 -0.235738
26 -0.231437
26.1 -0.251548
26.2 -0.236414
26.3 -0.233577
26.4 -0.228531
26.5 -0.231142
26.6 -0.236236
26.7 -0.236637
26.8 -0.228352
26.9 -0.227228
27 -0.224463
27.1 -0.223611
27.2 -0.223634
27.3 -0.23186
27.4 -0.242647
27.5 -0.239914
27.6 -0.227878
27.7 -0.23197
27.8 -0.231822
27.9 -0.231265
28 -0.233893
28.1 -0.233549
28.2 -0.228992
28.3 -0.245043
28.4 -0.256346
28.5 -0.255158
28.6 -0.256391
28.7 -0.269754
28.8 -0.279388
28.9 -0.271699
29 -0.288974
29.1 -0.281522
29.2 -0.27889
29.3 -0.292513
29.4 -0.283895
29.5 -0.280475
29.6 -0.289183
29.7 -0.288493
29.8 -0.297496
29.9 -0.291694
30 -0.29101
30.1 -0.282367
30.2 -0.285863
30.3 -0.288867
30.4 -0.287174
30.5 -0.285851
30.6 -0.298873
30.7 -0.297917
30.8 -0.292746
30.9 -0.287769
31 -0.28487
31.1 -0.290525
31.2 -0.29515
31.3 -0.318144
31.4 -0.311628
31.5 -0.318841
31.6 -0.320287
31.7 -0.334994
31.8 -0.316029
31.9 -0.324602
32 -0.314295
32.1 -0.321669
32.2 -0.321734
32.3 -0.318908
32.4 -0.329076
32.5 -0.33001
32.6 -0.331947
32.7 -0.322892
32.8 -0.335605
32.9 -0.336763
33 -0.34316
33.1 -0.338336
33.2 -0.354603
33.3 -0.344379
33.4 -0.341023
33.5 -0.33106
33.6 -0.330219
33.7 -0.326662
33.8 -0.331022
33.9 -0.330384
34 -0.336221
34.1 -0.330765
34.2 -0.335747
34.3 -0.356331
34.4 -0.338627
34.5 -0.332429
34.6 -0.346592
34.7 -0.337771
34.8 -0.333949
34.9 -0.344525
35 -0.350669
35.1 -0.357054
35.2 -0.357172
35.3 -0.339503
35.4 -0.357564
35.5 -0.35839
35.6 -0.359759
35.7 -0.362614
35.8 -0.364663
35.9 -0.372795
36 -0.368421
36.1 -0.361128
36.2 -0.370539
36.3 -0.358212
36.4 -0.364175
36.5 -0.35693
36.6 -0.36991
36.7 -0.37281
36.8 -0.375489
36.9 -0.360748
37 -0.363713
37.1 -0.364761
37.2 -0.366256
37.3 -0.369569
37.4 -0.377373
37.5 -0.359564
37.6 -0.348084
37.7 -0.352237
37.8 -0.357491
37.9 -0.363633
38 -0.359674
38.1 -0.355252
38.2 -0.372719
38.3 -0.359183
38.4 -0.366695
38.5 -0.368657
38.6 -0.381135
38.7 -0.380067
38.8 -0.394896
38.9 -0.387492
39 -0.400263
39.1 -0.406304
39.2 -0.407078
39.3 -0.399985
39.4 -0.407594
39.5 -0.416665
39.6 -0.410758
39.7 -0.406497
39.8 -0.405221
39.9 -0.409412
40 -0.416152
40.1 -0.415352
40.2 -0.425084
40.3 -0.430513
40.4 -0.439069
40.5 -0.434481
40.6 -0.43614
40.7 -0.451027
40.8 -0.448635
40.9 -0.45701
41 -0.447379
41.1 -0.44914
41.2 -0.454362
41.3 -0.453872
41.4 -0.451658
41.5 -0.457655
41.6 -0.453221
41.7 -0.46735
41.8 -0.474265
41.9 -0.464422
42 -0.47758
42.1 -0.478457
42.2 -0.473099
42.3 -0.476653
42.4 -0.471628
42.5 -0.484387
42.6 -0.477084
42.7 -0.464677
42.8 -0.479353
42.9 -0.480312
43 -0.48634
43.1 -0.486397
43.2 -0.483987
43.3 -0.486252
43.4 -0.498087
43.5 -0.505052
43.6 -0.506292
43.7 -0.496677
43.8 -0.498754
43.9 -0.5149
44 -0.510138
44.1 -0.497813
44.2 -0.500673
44.3 -0.49521
44.4 -0.504336
44.5 -0.508278
44.6 -0.503663
44.7 -0.512554
44.8 -0.509248
44.9 -0.51648
45 -0.509618
45.1 -0.511412
45.2 -0.508197
45.3 -0.512244
45.4 -0.518542
45.5 -0.511273
45.6 -0.506123
45.7 -0.500762
45.8 -0.507844
45.9 -0.501642
46 -0.510143
46.1 -0.512335
46.2 -0.513948
46.3 -0.520861
46.4 -0.509226
46.5 -0.510461
46.6 -0.512275
46.7 -0.511289
46.8 -0.503289
46.9 -0.502218
47 -0.519753
47.1 -0.515676
47.2 -0.531247
47.3 -0.520851
47.4 -0.526392
47.5 -0.524319
47.6 -0.536572
47.7 -0.540706
47.8 -0.542711
47.9 -0.550632
48 -0.539371
48.1 -0.557641
48.2 -0.548893
48.3 -0.554727
48.4 -0.566945
48.5 -0.553332
48.6 -0.544729
48.7 -0.544735
48.8 -0.544398
48.9 -0.552161
49 -0.561434
49.1 -0.554717
49.2 -0.55606
49.3 -0.555392
49.4 -0.558777
49.5 -0.55603
49.6 -0.555767
49.7 -0.563751
49.8 -0.560424
49.9 -0.565328
50 -0.570116
50.1 -0.57367
50.2 -0.580321
50.3 -0.576171
50.4 -0.582502
50.5 -0.57416
50.6 -0.575295
50.7 -0.588692
50.8 -0.588538
50.9 -0.590035
51 -0.60003
51.1 -0.595507
51.2 -0.592837
51.3 -0.607004
51.4 -0.594452
51.5 -0.596466
51.6 -0.589912
51.7 -0.592475
51.8 -0.598125
51.9 -0.603625
52 -0.599864
52.1 -0.598621
52.2 -0.60364
52.3 -0.611003
52.4 -0.615486
52.5 -0.618286
52.6 -0.621622
52.7 -0.613858
52.8 -0.627465
52.9 -0.619724
53 -0.613381
53.1 -0.611355
53.2 -0.603815
53.3 -0.610753
53.4 -0.594422
53.5 -0.618224
53.6 -0.609741
53.7 -0.605916
53.8 -0.610433
53.9 -0.623567
54 -0.606455
54.1 -0.595404
54.2 -0.608205
54.3 -0.612942
54.4 -0.608019
54.5 -0.608081
54.6 -0.610109
54.7 -0.616633
54.8 -0.61748
54.9 -0.608296
55 -0.609687
55.1 -0.603636
55.2 -0.61132
55.3 -0.611892
55.4 -0.603268
55.5 -0.613187
55.6 -0.608868
55.7 -0.622345
55.8 -0.605975
55.9 -0.604483
56 -0.605423
56.1 -0.598302
56.2 -0.604346
56.3 -0.607983
56.4 -0.618604
56.5 -0.61534
56.6 -0.615439
56.7 -0.62025
56.8 -0.623407
56.9 -0.624607
57 -0.624659
57.1 -0.625517
57.2 -0.629813
57.3 -0.619657
57.4 -0.622544
57.5 -0.628746
57.6 -0.646407
57.7 -0.635124
57.8 -0.631749
57.9 -0.646202
58 -0.650964
58.1 -0.639777
58.2 -0.642013
58.3 -0.65076
58.4 -0.654296
58.5 -0.650385
58.6 -0.649257
58.7 -0.659562
58.8 -0.662972
58.9 -0.666146
59 -0.673041
59.1 -0.671276
59.2 -0.684375
59.3 -0.671883
59.4 -0.681265
59.5 -0.675942
59.6 -0.665166
59.7 -0.677949
59.8 -0.675664
59.9 -0.665357
60 -0.678657
60.1 -0.679569
60.2 -0.671566
60.3 -0.674896
60.4 -0.669276
60.5 -0.673862
60.6 -0.677307
60.7 -0.663188
60.8 -0.667112
60.9 -0.67788
61 -0.66919
61.1 -0.672625
61.2 -0.66821
61.3 -0.677366
61.4 -0.685353
61.5 -0.684519
61.6 -0.684482
61.7 -0.679907
61.8 -0.676382
61.9 -0.670859
62 -0.678489
62.1 -0.680818
62.2 -0.681093
62.3 -0.669755
62.4 -0.668099
62.5 -0.68096
62.6 -0.671484
62.7 -0.692698
62.8 -0.686805
62.9 -0.687111
63 -0.689751
63.1 -0.681325
63.2 -0.68681
63.3 -0.689466
63.4 -0.687513
63.5 -0.69591
63.6 -0.690151
63.7 -0.677462
63.8 -0.692823
63.9 -0.692314
64 -0.68496
64.1 -0.709415
64.2 -0.701777
64.3 -0.699054
64.4 -0.71397
64.5 -0.705613
64.6 -0.703091
64.7 -0.705031
64.8 -0.699173
64.9 -0.699949
65 -0.704295
65.1 -0.708658
65.2 -0.709612
65.3 -0.69699
65.4 -0.711382
65.5 -0.71458
65.6 -0.709804
65.7 -0.711796
65.8 -0.712299
65.9 -0.722583
66 -0.711141
66.1 -0.723239
66.2 -0.716859
66.3 -0.733975
66.4 -0.725194
66.5 -0.719719
66.6 -0.720538
66.7 -0.722712
66.8 -0.733021
66.9 -0.717964
67 -0.721273
67.1 -0.720574
67.2 -0.723795
67.3 -0.720209
67.4 -0.718728
67.5 -0.727689
67.6 -0.727517
67.7 -0.728066
67.8 -0.735246
67.9 -0.725284
68 -0.735124
68.1 -0.724825
68.2 -0.730895
68.3 -0.725948
68.4 -0.73984
68.5 -0.732329
68.6 -0.729513
68.7 -0.727681
68.8 -0.723748
68.9 -0.72695
69 -0.725097
69.1 -0.722032
69.2 -0.725121
69.3 -0.718325
69.4 -0.712759
69.5 -0.71684
69.6 -0.722412
69.7 -0.722874
69.8 -0.726401
69.9 -0.718684
70 -0.726513
70.1 -0.726211
70.2 -0.715875
70.3 -0.721493
70.4 -0.711751
70.5 -0.705357
70.6 -0.725559
70.7 -0.707882
70.8 -0.731044
70.9 -0.715892
71 -0.732706
71.1 -0.722847
71.2 -0.72711
71.3 -0.73458
71.4 -0.73497
71.5 -0.725942
71.6 -0.733347
71.7 -0.723917
71.8 -0.716511
71.9 -0.722721
72 -0.737675
72.1 -0.731671
72.2 -0.733301
72.3 -0.726718
72.4 -0.748054
72.5 -0.73729
72.6 -0.736291
72.7 -0.738855
72.8 -0.757792
72.9 -0.760148
73 -0.763472
73.1 -0.762964
73.2 -0.77078
73.3 -0.76904
73.4 -0.766545
73.5 -0.768229
73.6 -0.772645
73.7 -0.773771
73.8 -0.777545
73.9 -0.779432
74 -0.767866
74.1 -0.772845
74.2 -0.77159
74.3 -0.772657
74.4 -0.767982
74.5 -0.775716
74.6 -0.765172
74.7 -0.777635
74.8 -0.777677
74.9 -0.78302
75 -0.781366
75.1 -0.777106
75.2 -0.776562
75.3 -0.784279
75.4 -0.780909
75.5 -0.77764
75.6 -0.780642
75.7 -0.77899
75.8 -0.779919
75.9 -0.785147
76 -0.799005
76.1 -0.787458
76.2 -0.7817
76.3 -0.786859
76.4 -0.783047
76.5 -0.78136
76.6 -0.78824
76.7 -0.79393
76.8 -0.782639
76.9 -0.790656
77 -0.796697
77.1 -0.793701
77.2 -0.799441
77.3 -0.806171
77.4 -0.795114
77.5 -0.805549
77.6 -0.812338
77.7 -0.806214
77.8 -0.805269
77.9 -0.803347
78 -0.808955
78.1 -0.813492
78.2 -0.813213
78.3 -0.819271
78.4 -0.829806
78.5 -0.813255
78.6 -0.820372
78.7 -0.819398
78.8 -0.824968
78.9 -0.815487
79 -0.832581
79.1 -0.821048
79.2 -0.820894
79.3 -0.828536
79.4 -0.835643
79.5 -0.838932
79.6 -0.838919
79.7 -0.840504
79.8 -0.847073
79.9 -0.852566
80 -0.853121
80.1 -0.833547
80.2 -0.850627
80.3 -0.848744
80.4 -0.851761
80.5 -0.850869
80.6 -0.849531
80.7 -0.856406
80.8 -0.856178
80.9 -0.853667
81 -0.855062
81.1 -0.861866
81.2 -0.863823
81.3 -0.86598
81.4 -0.865163
81.5 -0.853898
81.6 -0.86754
81.7 -0.855542
81.8 -0.861784
81.9 -0.867351
82 -0.85502
82.1 -0.863513
82.2 -0.859457
82.3 -0.867119
82.4 -0.874005
82.5 -0.8696
82.6 -0.886216
82.7 -0.879453
82.8 -0.878032
82.9 -0.87796
83 -0.880112
83.1 -0.881421
83.2 -0.878434
83.3 -0.883246
83.4 -0.882629
83.5 -0.876833
83.6 -0.882794
83.7 -0.890849
83.8 -0.88469
83.9 -0.889226
84 -0.885822
84.1 -0.885223
84.2 -0.887821
84.3 -0.900292
84.4 -0.894286
84.5 -0.895521
84.6 -0.889813
84.7 -0.899736
84.8 -0.902745
84.9 -0.891995
85 -0.904412
85.1 -0.904656
85.2 -0.90271
85.3 -0.904342
85.4 -0.911696
85.5 -0.908039
85.6 -0.906597
85.7 -0.91265
85.8 -0.913744
85.9 -0.907799
86 -0.921694
86.1 -0.920532
86.2 -0.922191
86.3 -0.918521
86.4 -0.936352
86.5 -0.926375
86.6 -0.932294
86.7 -0.938177
86.8 -0.923927
86.9 -0.939815
87 -0.932394
87.1 -0.939919
87.2 -0.930792
87.3 -0.94786
87.4 -0.934213
87.5 -0.945143
87.6 -0.947329
87.7 -0.942202
87.8 -0.939593
87.9 -0.934598
88 -0.941263
88.1 -0.949386
88.2 -0.938646
88.3 -0.942174
88.4 -0.92905
88.5 -0.939928
88.6 -0.939957
88.7 -0.940263
88.8 -0.938975
88.9 -0.939222
89 -0.93794
89.1 -0.949711
89.2 -0.932189
89.3 -0.939917
89.4 -0.938237
89.5 -0.942697
89.6 -0.94769
89.7 -0.948588
89.8 -0.946159
89.9 -0.936945
90 -0.939144
90.1 -0.95112
90.2 -0.941836
90.3 -0.938026
90.4 -0.950253
90.5 -0.935245
90.6 -0.945104
90.7 -0.952205
90.8 -0.939235
90.9 -0.954824
91 -0.951246
91.1 -0.94652
91.2 -0.954751
91.3 -0.944703
91.4 -0.955156
91.5 -0.950274
91.6 -0.948618
91.7 -0.95432
91.8 -0.95416
91.9 -0.953378
92 -0.955791
92.1 -0.952127
92.2 -0.953322
92.3 -0.957965
92.4 -0.962281
92.5 -0.94882
92.6 -0.953876
92.7 -0.969228
92.8 -0.946813
92.9 -0.960211
93 -0.952804
93.1 -0.953254
93.2 -0.958168
93.3 -0.955876
93.4 -0.966508
93.5 -0.952726
93.6 -0.952013
93.7 -0.95592
93.8 -0.958538
93.9 -0.960704
94 -0.954269
94.1 -0.958964
94.2 -0.963162
94.3 -0.960879
94.4 -0.974882
94.5 -0.962175
94.6 -0.957935
94.7 -0.97019
94.8 -0.958715
94.9 -0.968313
95 -0.969879
95.1 -0.95666
95.2 -0.96665
95.3 -0.96337
95.4 -0.965911
95.5 -0.964961
95.6 -0.966669
95.7 -0.96611
95.8 -0.966205
95.9 -0.969439
96 -0.964492
96.1 -0.977399
96.2 -0.965453
96.3 -0.962643
96.4 -0.965349
96.5 -0.960569
96.6 -0.961705
96.7 -0.96326
96.8 -0.965852
96.9 -0.974337
97 -0.964098
97.1 -0.973072
97.2 -0.972986
97.3 -0.957637
97.4 -0.964562
97.5 -0.967038
97.6 -0.964097
97.7 -0.967694
97.8 -0.964407
97.9 -0.975163
98 -0.978184
98.1 -0.968995
98.2 -0.979053
98.3 -0.972072
98.4 -0.970248
98.5 -0.974445
98.6 -0.975621
98.7 -0.96808
98.8 -0.973118
98.9 -0.972828
99 -0.974971
99.1 -0.97788
99.2 -0.983705
99.3 -0.9779
99.4 -0.976093
99.5 -0.974884
99.6 -0.964541
99.7 -0.986421
99.8 -0.974852
99.9 -0.973347
100 -0.968488
