43.6273 0.0619369
43.6758 0.103228
43.7242 0.278716
43.7727 0.629692
43.8211 1.10454
43.8695 1.54842
43.918 2.13682
43.9664 2.31231
44.0148 2.67361
44.0633 2.53941
44.1117 2.02327
44.1601 1.46584
44.2086 1.37294
44.257 0.794857
44.3055 0.454204
44.3539 0.289039
44.4023 0.247748
44.4508 0.154842
44.4992 0.0825826
44.5476 0.0516141
44.5961 0.0309685
44.6445 0.0206456
44.6929 0.0309685
44.7414 0
44.7898 0.0103228
44.8383 0.0103228
44.8867 0
44.9351 0
44.9836 0
45.032 0.0103228
45.0804 0.0103228
45.1289 0
45.1773 0.0103228
45.2257 0
45.2742 0
45.3226 0
45.3711 0
45.4195 0
45.4679 0
45.5164 0.0103228
45.5648 0
45.6132 0.0103228
45.6617 0
45.7101 0.0412913
45.7585 0.0412913
45.807 0.0206456
45.8554 0.0309685
45.9039 0
45.9523 0
46.0007 0.0309685
