0 0.539366
0.1 0.53934
0.2 0.539316
0.3 0.539291
0.4 0.539267
0.5 0.539242
0.6 0.539218
0.7 0.539193
0.8 0.539169
0.9 0.539145
1 0.53912
1.1 0.539096
1.2 0.539072
1.3 0.539047
1.4 0.539023
1.5 0.538999
1.6 0.538975
1.7 0.538951
1.8 0.538926
1.9 0.538903
2 0.538879
2.1 0.538855
2.2 0.538831
2.3 0.538808
2.4 0.538784
2.5 0.53876
2.6 0.538736
2.7 0.538713
2.8 0.538689
2.9 0.538665
3 0.538641
3.1 0.538618
3.2 0.538595
3.3 0.538571
3.4 0.538547
3.5 0.538524
3.6 0.5385
3.7 0.538477
3.8 0.538453
3.9 0.53843
4 0.538406
4.1 0.538383
4.2 0.53836
4.3 0.538337
4.4 0.538314
4.5 0.538291
4.6 0.538268
4.7 0.538245
4.8 0.538221
4.9 0.538198
5 0.538175
5.1 0.538152
5.2 0.538129
5.3 0.538106
5.4 0.538083
5.5 0.538059
5.6 0.538036
5.7 0.538013
5.8 0.53799
5.9 0.537967
6 0.537944
6.1 0.53792
6.2 0.537898
6.3 0.537875
6.4 0.537852
6.5 0.53783
6.6 0.537807
6.7 0.537784
6.8 0.537762
6.9 0.537739
7 0.537716
7.1 0.537693
7.2 0.53767
7.3 0.537647
7.4 0.537624
7.5 0.537601
7.6 0.537579
7.7 0.537556
7.8 0.537533
7.9 0.53751
8 0.537487
8.1 0.537464
8.2 0.537442
8.3 0.537419
8.4 0.537396
8.5 0.537373
8.6 0.53735
8.7 0.537328
8.8 0.537305
8.9 0.537283
9 0.53726
9.1 0.537238
9.2 0.537215
9.3 0.537192
9.4 0.537169
9.5 0.537147
9.6 0.537124
9.7 0.537101
9.8 0.537078
9.9 0.537054
10 0.537032
10.1 0.537009
10.2 0.536986
10.3 0.536963
10.4 0.536941
10.5 0.536918
10.6 0.536895
10.7 0.536873
10.8 0.53685
10.9 0.536827
11 0.536805
11.1 0.536782
11.2 0.53676
11.3 0.536737
11.4 0.536714
11.5 0.536692
11.6 0.536669
11.7 0.536647
11.8 0.536624
11.9 0.536602
12 0.536579
12.1 0.536556
12.2 0.536534
12.3 0.536511
12.4 0.536489
12.5 0.536467
12.6 0.536445
12.7 0.536423
12.8 0.536401
12.9 0.536378
13 0.536356
13.1 0.536334
13.2 0.536312
13.3 0.53629
13.4 0.536268
13.5 0.536246
13.6 0.536224
13.7 0.536202
13.8 0.536179
13.9 0.536157
14 0.536135
14.1 0.536113
14.2 0.536091
14.3 0.536069
14.4 0.536047
14.5 0.536025
14.6 0.536003
14.7 0.535981
14.8 0.535959
14.9 0.535937
15 0.535915
15.1 0.535893
15.2 0.535871
15.3 0.535849
15.4 0.535827
15.5 0.535805
15.6 0.535784
15.7 0.535762
15.8 0.535741
15.9 0.535719
16 0.535698
16.1 0.535677
16.2 0.535656
16.3 0.535635
16.4 0.535613
16.5 0.535592
16.6 0.53557
16.7 0.535549
16.8 0.535528
16.9 0.535507
17 0.535486
17.1 0.535464
17.2 0.535443
17.3 0.535421
17.4 0.5354
17.5 0.53538
17.6 0.535359
17.7 0.535339
17.8 0.535318
17.9 0.535298
18 0.535277
18.1 0.535257
18.2 0.535237
18.3 0.535217
18.4 0.535198
18.5 0.535178
18.6 0.535159
18.7 0.535139
18.8 0.53512
18.9 0.5351
19 0.535081
19.1 0.535062
19.2 0.535043
19.3 0.535024
19.4 0.535005
19.5 0.534987
19.6 0.534968
19.7 0.53495
19.8 0.534931
19.9 0.534912
20 0.534894
20.1 0.534877
20.2 0.53486
20.3 0.534842
20.4 0.534825
20.5 0.534808
20.6 0.53479
20.7 0.534772
20.8 0.534754
20.9 0.534737
21 0.534721
21.1 0.534705
21.2 0.534688
21.3 0.534672
21.4 0.534656
21.5 0.53464
21.6 0.534624
21.7 0.534608
21.8 0.534592
21.9 0.534576
22 0.53456
22.1 0.534545
22.2 0.53453
22.3 0.534515
22.4 0.5345
22.5 0.534485
22.6 0.53447
22.7 0.534456
22.8 0.534441
22.9 0.534427
23 0.534413
23.1 0.534399
23.2 0.534385
23.3 0.534372
23.4 0.534359
23.5 0.534345
23.6 0.534332
23.7 0.534319
23.8 0.534307
23.9 0.534295
24 0.534284
24.1 0.534273
24.2 0.534261
24.3 0.53425
24.4 0.53424
24.5 0.534229
24.6 0.534219
24.7 0.534209
24.8 0.5342
24.9 0.53419
25 0.534181
25.1 0.534173
25.2 0.534164
25.3 0.534156
25.4 0.534147
25.5 0.534139
25.6 0.534131
25.7 0.534123
25.8 0.534116
25.9 0.534109
26 0.534103
26.1 0.534097
26.2 0.534092
26.3 0.534087
26.4 0.534082
26.5 0.534077
26.6 0.534073
26.7 0.53407
26.8 0.534067
26.9 0.534063
27 0.53406
27.1 0.534058
27.2 0.534055
27.3 0.534053
27.4 0.534052
27.5 0.534051
27.6 0.53405
27.7 0.534049
27.8 0.53405
27.9 0.53405
28 0.534052
28.1 0.534053
28.2 0.534055
28.3 0.534057
28.4 0.53406
28.5 0.534063
28.6 0.534067
28.7 0.534072
28.8 0.534076
28.9 0.534081
29 0.534087
29.1 0.534093
29.2 0.5341
29.3 0.534107
29.4 0.534115
29.5 0.534123
29.6 0.534132
29.7 0.534141
29.8 0.534151
29.9 0.534161
30 0.534172
30.1 0.534184
30.2 0.534196
30.3 0.534209
30.4 0.534223
30.5 0.534237
30.6 0.534252
30.7 0.534267
30.8 0.534284
30.9 0.534301
31 0.534318
31.1 0.534337
31.2 0.534356
31.3 0.534376
31.4 0.534397
31.5 0.534419
31.6 0.534441
31.7 0.534465
31.8 0.534489
31.9 0.534514
32 0.53454
32.1 0.534568
32.2 0.534596
32.3 0.534624
32.4 0.534654
32.5 0.534685
32.6 0.534718
32.7 0.53475
32.8 0.534783
32.9 0.534817
33 0.534852
33.1 0.534889
33.2 0.534927
33.3 0.534967
33.4 0.535007
33.5 0.535047
33.6 0.53509
33.7 0.535135
33.8 0.535178
33.9 0.535224
34 0.535271
34.1 0.535318
34.2 0.535366
34.3 0.535415
34.4 0.535467
34.5 0.535517
34.6 0.53557
34.7 0.535624
34.8 0.535681
34.9 0.535738
35 0.535799
35.1 0.535861
35.2 0.535924
35.3 0.535989
35.4 0.536058
35.5 0.536124
35.6 0.536191
35.7 0.536262
35.8 0.536336
35.9 0.536413
36 0.536494
36.1 0.536577
36.2 0.536661
36.3 0.536746
36.4 0.536838
36.5 0.53693
36.6 0.537023
36.7 0.537124
36.8 0.537225
36.9 0.537327
37 0.537434
37.1 0.537534
37.2 0.537643
37.3 0.53775
37.4 0.537863
37.5 0.537982
37.6 0.538094
37.7 0.538207
37.8 0.53833
37.9 0.538457
38 0.538587
38.1 0.53872
38.2 0.538853
38.3 0.538988
38.4 0.539134
38.5 0.539284
38.6 0.539443
38.7 0.539591
38.8 0.539754
38.9 0.539915
39 0.540064
39.1 0.540224
39.2 0.540387
39.3 0.540562
39.4 0.540757
39.5 0.540944
39.6 0.541157
39.7 0.541358
39.8 0.541551
39.9 0.541763
40 0.541966
40.1 0.542159
40.2 0.54238
40.3 0.542613
40.4 0.542829
40.5 0.543066
40.6 0.543298
40.7 0.543537
40.8 0.543765
40.9 0.543992
41 0.544257
41.1 0.544516
41.2 0.544808
41.3 0.545101
41.4 0.545407
41.5 0.5457
41.6 0.546015
41.7 0.54637
41.8 0.546732
41.9 0.547118
42 0.547524
42.1 0.547957
42.2 0.548445
42.3 0.548922
42.4 0.549447
42.5 0.549952
42.6 0.550518
42.7 0.551149
42.8 0.551733
42.9 0.552354
43 0.552987
43.1 0.553724
43.2 0.554475
43.3 0.555228
43.4 0.555941
43.5 0.556797
43.6 0.557733
43.7 0.558699
43.8 0.559717
43.9 0.560791
44 0.561984
44.1 0.563233
44.2 0.56452
44.3 0.565906
44.4 0.567359
44.5 0.568935
44.6 0.570626
44.7 0.572353
44.8 0.574132
44.9 0.576115
45 0.578222
45.1 0.580415
45.2 0.582845
45.3 0.585466
45.4 0.588282
45.5 0.59117
45.6 0.594369
45.7 0.597717
45.8 0.601278
45.9 0.605128
46 0.609156
46.1 0.613438
46.2 0.618049
46.3 0.623064
46.4 0.628453
46.5 0.633997
46.6 0.639827
46.7 0.645815
46.8 0.652188
46.9 0.658898
47 0.665723
47.1 0.672684
47.2 0.679955
47.3 0.687568
47.4 0.695325
47.5 0.702981
47.6 0.710691
47.7 0.718367
47.8 0.726081
47.9 0.733887
48 0.74182
48.1 0.749523
48.2 0.756887
48.3 0.764203
48.4 0.771431
48.5 0.778325
48.6 0.785216
48.7 0.791877
48.8 0.798219
48.9 0.804282
49 0.810228
49.1 0.816073
49.2 0.821722
49.3 0.827064
49.4 0.832403
49.5 0.837641
49.6 0.842587
49.7 0.847438
49.8 0.85228
49.9 0.85694
50 0.861356
50.1 0.865532
50.2 0.8695
50.3 0.873212
50.4 0.876574
50.5 0.879629
50.6 0.882529
50.7 0.884977
50.8 0.887049
50.9 0.888763
51 0.890146
51.1 0.891205
51.2 0.891957
51.3 0.892402
51.4 0.89259
51.5 0.892544
51.6 0.89228
51.7 0.891797
51.8 0.891145
51.9 0.890304
52 0.889289
52.1 0.888169
52.2 0.886935
52.3 0.885612
52.4 0.884186
52.5 0.882733
52.6 0.881219
52.7 0.879682
52.8 0.878099
52.9 0.87651
53 0.874913
53.1 0.873314
53.2 0.87171
53.3 0.870115
53.4 0.86858
53.5 0.867069
53.6 0.865577
53.7 0.864114
53.8 0.862701
53.9 0.861344
54 0.86004
54.1 0.858772
54.2 0.857558
54.3 0.85637
54.4 0.855238
54.5 0.85416
54.6 0.853111
54.7 0.852118
54.8 0.851149
54.9 0.850211
55 0.849314
55.1 0.848469
55.2 0.847654
55.3 0.846865
55.4 0.846112
55.5 0.845393
55.6 0.844685
55.7 0.844008
55.8 0.843364
55.9 0.842729
56 0.842131
56.1 0.841545
56.2 0.840983
56.3 0.84044
56.4 0.83991
56.5 0.839404
56.6 0.838914
56.7 0.838443
56.8 0.837987
56.9 0.83754
57 0.837115
57.1 0.836707
57.2 0.836315
57.3 0.835925
57.4 0.835549
57.5 0.835185
57.6 0.834828
57.7 0.834478
57.8 0.834145
57.9 0.833824
58 0.833511
58.1 0.833208
58.2 0.832918
58.3 0.832631
58.4 0.832347
58.5 0.83207
58.6 0.831799
58.7 0.831536
58.8 0.831278
58.9 0.831028
59 0.830786
59.1 0.83055
59.2 0.830315
59.3 0.830082
59.4 0.829865
59.5 0.829652
59.6 0.829441
59.7 0.82923
59.8 0.829025
59.9 0.828823
60 0.828625
60.1 0.828432
60.2 0.828243
60.3 0.828062
60.4 0.827884
60.5 0.827709
60.6 0.827536
60.7 0.827368
60.8 0.827201
60.9 0.827037
61 0.826878
61.1 0.826719
61.2 0.826565
61.3 0.826414
61.4 0.826266
61.5 0.82612
61.6 0.825976
61.7 0.825834
61.8 0.825695
61.9 0.825559
62 0.825424
62.1 0.825292
62.2 0.825161
62.3 0.825033
62.4 0.824907
62.5 0.824782
62.6 0.82466
62.7 0.824539
62.8 0.824421
62.9 0.824306
63 0.824194
63.1 0.824081
63.2 0.823972
63.3 0.823864
63.4 0.823757
63.5 0.823652
63.6 0.823549
63.7 0.823446
63.8 0.823346
63.9 0.823247
64 0.823148
64.1 0.82305
64.2 0.822954
64.3 0.822861
64.4 0.822769
64.5 0.822678
64.6 0.822589
64.7 0.8225
64.8 0.822414
64.9 0.822327
65 0.822243
65.1 0.822159
65.2 0.822076
65.3 0.821994
65.4 0.821912
65.5 0.821833
65.6 0.821755
65.7 0.821676
65.8 0.8216
65.9 0.821525
66 0.821451
66.1 0.821378
66.2 0.821305
66.3 0.821233
66.4 0.821162
66.5 0.821092
66.6 0.821023
66.7 0.820954
66.8 0.820886
66.9 0.820818
67 0.820752
67.1 0.820687
67.2 0.820622
67.3 0.820559
67.4 0.820496
67.5 0.820433
67.6 0.820372
67.7 0.820311
67.8 0.820251
67.9 0.820192
68 0.820133
68.1 0.820074
68.2 0.820017
68.3 0.81996
68.4 0.819904
68.5 0.819849
68.6 0.819794
68.7 0.819741
68.8 0.819687
68.9 0.819633
69 0.81958
69.1 0.819528
69.2 0.819476
69.3 0.819424
69.4 0.819373
69.5 0.819322
69.6 0.819272
69.7 0.819222
69.8 0.819173
69.9 0.819124
70 0.819075
70.1 0.819026
70.2 0.818978
70.3 0.81893
70.4 0.818882
70.5 0.818834
70.6 0.818787
70.7 0.818739
70.8 0.818692
70.9 0.818645
71 0.818599
71.1 0.818552
71.2 0.818506
71.3 0.81846
71.4 0.818414
71.5 0.818368
71.6 0.818322
71.7 0.818275
71.8 0.81823
71.9 0.818184
72 0.818137
72.1 0.818091
72.2 0.818046
72.3 0.818
72.4 0.817955
72.5 0.81791
72.6 0.817865
72.7 0.817819
72.8 0.817773
72.9 0.817728
73 0.817683
73.1 0.817637
73.2 0.817591
73.3 0.817545
73.4 0.817498
73.5 0.817451
73.6 0.817406
73.7 0.81736
73.8 0.817314
73.9 0.817269
74 0.817224
74.1 0.81718
74.2 0.817135
74.3 0.81709
74.4 0.817045
74.5 0.817
74.6 0.816954
74.7 0.816907
74.8 0.81686
74.9 0.816812
75 0.816764
75.1 0.816715
75.2 0.816666
75.3 0.816616
75.4 0.816565
75.5 0.816514
75.6 0.816463
75.7 0.816412
75.8 0.816362
75.9 0.816311
76 0.81626
76.1 0.816211
76.2 0.816161
76.3 0.81611
76.4 0.816059
76.5 0.816007
76.6 0.815956
76.7 0.815904
76.8 0.815852
76.9 0.815799
77 0.815746
77.1 0.815693
77.2 0.81564
77.3 0.815588
77.4 0.815534
77.5 0.815481
77.6 0.815426
77.7 0.815372
77.8 0.815317
77.9 0.815262
78 0.815207
78.1 0.815152
78.2 0.815097
78.3 0.815042
78.4 0.814986
78.5 0.814931
78.6 0.814875
78.7 0.814818
78.8 0.814763
78.9 0.814707
79 0.814651
79.1 0.814592
79.2 0.814534
79.3 0.814476
79.4 0.814418
79.5 0.81436
79.6 0.814304
79.7 0.814247
79.8 0.814191
79.9 0.814134
80 0.814078
80.1 0.814022
80.2 0.813966
80.3 0.813908
80.4 0.81385
80.5 0.813794
80.6 0.813738
80.7 0.813683
80.8 0.813627
80.9 0.813572
81 0.813516
81.1 0.813462
81.2 0.813407
81.3 0.813352
81.4 0.813297
81.5 0.813242
81.6 0.813187
81.7 0.813132
81.8 0.813077
81.9 0.813022
82 0.812968
82.1 0.812913
82.2 0.81286
82.3 0.812807
82.4 0.812754
82.5 0.812703
82.6 0.812652
82.7 0.812601
82.8 0.812551
82.9 0.812501
83 0.812452
83.1 0.812404
83.2 0.812356
83.3 0.812308
83.4 0.812259
83.5 0.812212
83.6 0.812164
83.7 0.812118
83.8 0.812072
83.9 0.812026
84 0.811981
84.1 0.811936
84.2 0.811891
84.3 0.811847
84.4 0.811803
84.5 0.811759
84.6 0.811716
84.7 0.811673
84.8 0.811631
84.9 0.811589
85 0.811548
85.1 0.811506
85.2 0.811465
85.3 0.811425
85.4 0.811384
85.5 0.811343
85.6 0.811303
85.7 0.811263
85.8 0.811224
85.9 0.811185
86 0.811145
86.1 0.811106
86.2 0.811068
86.3 0.811029
86.4 0.810991
86.5 0.810954
86.6 0.810916
86.7 0.81088
86.8 0.810843
86.9 0.810807
87 0.810772
87.1 0.810736
87.2 0.810702
87.3 0.810667
87.4 0.810632
87.5 0.810598
87.6 0.810564
87.7 0.810531
87.8 0.810498
87.9 0.810465
88 0.810433
88.1 0.810401
88.2 0.810369
88.3 0.810339
88.4 0.810308
88.5 0.810277
88.6 0.810247
88.7 0.810217
88.8 0.810188
88.9 0.810158
89 0.810129
89.1 0.8101
89.2 0.81007
89.3 0.810041
89.4 0.810012
89.5 0.809984
89.6 0.809955
89.7 0.809927
89.8 0.8099
89.9 0.809872
90 0.809845
90.1 0.809818
90.2 0.809792
90.3 0.809765
90.4 0.809739
90.5 0.809713
90.6 0.809688
90.7 0.809662
90.8 0.809637
90.9 0.809612
91 0.809587
91.1 0.809563
91.2 0.809538
91.3 0.809514
91.4 0.80949
91.5 0.809465
91.6 0.809442
91.7 0.809418
91.8 0.809394
91.9 0.809371
92 0.809348
92.1 0.809325
92.2 0.809302
92.3 0.80928
92.4 0.809258
92.5 0.809235
92.6 0.809213
92.7 0.809192
92.8 0.80917
92.9 0.809149
93 0.809127
93.1 0.809106
93.2 0.809085
93.3 0.809064
93.4 0.809043
93.5 0.809023
93.6 0.809002
93.7 0.808982
93.8 0.808962
93.9 0.808941
94 0.808922
94.1 0.808902
94.2 0.808882
94.3 0.808863
94.4 0.808844
94.5 0.808825
94.6 0.808806
94.7 0.808787
94.8 0.808768
94.9 0.80875
95 0.808732
95.1 0.808713
95.2 0.808695
95.3 0.808677
95.4 0.80866
95.5 0.808642
95.6 0.808624
95.7 0.808607
95.8 0.80859
95.9 0.808573
96 0.808555
96.1 0.808539
96.2 0.808522
96.3 0.808505
96.4 0.808488
96.5 0.808472
96.6 0.808456
96.7 0.808439
96.8 0.808423
96.9 0.808407
97 0.808391
97.1 0.808375
97.2 0.808359
97.3 0.808343
97.4 0.808328
97.5 0.808312
97.6 0.808297
97.7 0.808281
97.8 0.808266
97.9 0.808251
98 0.808236
98.1 0.808221
98.2 0.808206
98.3 0.808192
98.4 0.808177
98.5 0.808162
98.6 0.808148
98.7 0.808134
98.8 0.808119
98.9 0.808105
99 0.808091
99.1 0.808077
99.2 0.808063
99.3 0.808049
99.4 0.808035
99.5 0.808022
99.6 0.808008
99.7 0.807995
99.8 0.807981
99.9 0.807968
100 1.48965
