18.5631 0.00878427
18.62 0.0702741
18.6769 0.149333
18.7338 0.351371
18.7907 0.685173
18.8477 1.37913
18.9046 1.99403
18.9615 1.96768
19.0184 2.03795
19.0753 1.79199
19.1323 1.29129
19.1892 0.834505
19.2461 0.693957
19.303 0.351371
19.3599 0.245959
19.4169 0.202038
19.4738 0.131764
19.5307 0.0439213
19.5876 0.0263528
19.6445 0.0263528
19.7015 0.0263528
19.7584 0.0351371
19.8153 0.00878427
19.8722 0
19.9291 0.0175685
19.9861 0.00878427
20.043 0.0175685
20.0999 0.00878427
20.1568 0.0175685
20.2137 0
20.2707 0.00878427
20.3276 0.0175685
20.3845 0.0175685
20.4414 0.0527056
20.4983 0.0351371
20.5553 0.0527056
20.6122 0.114195
20.6691 0.149333
20.726 0.228391
20.7829 0.263528
20.8399 0.272312
20.8968 0.430429
20.9537 0.377724
21.0106 0.342586
21.0675 0.342586
21.1245 0.114195
21.1814 0.228391
21.2383 0.0614899
21.2952 0.0263528
21.3521 0.00878427
