0 0.0291991
0.1 0.02919
0.2 0.0291809
0.3 0.0291719
0.4 0.0291632
0.5 0.0291542
0.6 0.0291454
0.7 0.0291366
0.8 0.0291274
0.9 0.0291192
1 0.029111
1.1 0.0291024
1.2 0.029094
1.3 0.0290864
1.4 0.0290781
1.5 0.0290693
1.6 0.0290607
1.7 0.0290525
1.8 0.0290438
1.9 0.0290359
2 0.0290281
2.1 0.0290201
2.2 0.0290117
2.3 0.029004
2.4 0.0289963
2.5 0.0289891
2.6 0.0289821
2.7 0.0289751
2.8 0.028968
2.9 0.0289609
3 0.0289542
3.1 0.0289473
3.2 0.0289406
3.3 0.0289331
3.4 0.028926
3.5 0.0289191
3.6 0.0289127
3.7 0.028906
3.8 0.0288996
3.9 0.0288929
4 0.0288858
4.1 0.02888
4.2 0.0288741
4.3 0.0288682
4.4 0.0288625
4.5 0.0288571
4.6 0.028851
4.7 0.0288455
4.8 0.02884
4.9 0.0288339
5 0.0288275
5.1 0.0288219
5.2 0.0288164
5.3 0.0288106
5.4 0.0288049
5.5 0.028799
5.6 0.0287933
5.7 0.0287877
5.8 0.0287823
5.9 0.0287777
6 0.0287729
6.1 0.0287681
6.2 0.0287632
6.3 0.0287583
6.4 0.0287536
6.5 0.0287491
6.6 0.0287445
6.7 0.02874
6.8 0.0287353
6.9 0.0287311
7 0.0287265
7.1 0.0287229
7.2 0.0287196
7.3 0.0287155
7.4 0.0287113
7.5 0.0287076
7.6 0.0287037
7.7 0.0286997
7.8 0.0286961
7.9 0.028693
8 0.0286894
8.1 0.0286858
8.2 0.0286827
8.3 0.0286797
8.4 0.0286762
8.5 0.0286734
8.6 0.0286712
8.7 0.0286695
8.8 0.028667
8.9 0.0286644
9 0.0286611
9.1 0.0286586
9.2 0.0286564
9.3 0.0286537
9.4 0.0286512
9.5 0.0286488
9.6 0.0286456
9.7 0.0286427
9.8 0.0286399
9.9 0.0286373
10 0.0286349
10.1 0.0286328
10.2 0.0286307
10.3 0.0286281
10.4 0.0286265
10.5 0.0286247
10.6 0.0286226
10.7 0.0286207
10.8 0.0286188
10.9 0.0286172
11 0.0286146
11.1 0.0286131
11.2 0.0286129
11.3 0.028611
11.4 0.0286097
11.5 0.028608
11.6 0.0286064
11.7 0.0286053
11.8 0.0286039
11.9 0.0286024
12 0.0286008
12.1 0.0285993
12.2 0.0285985
12.3 0.028598
12.4 0.0285973
12.5 0.0285957
12.6 0.0285948
12.7 0.0285939
12.8 0.0285932
12.9 0.0285925
13 0.0285913
13.1 0.0285912
13.2 0.0285911
13.3 0.0285907
13.4 0.0285908
13.5 0.028591
13.6 0.0285915
13.7 0.0285918
13.8 0.028592
13.9 0.0285916
14 0.0285917
14.1 0.0285928
14.2 0.0285935
14.3 0.0285941
14.4 0.0285953
14.5 0.0285967
14.6 0.0285972
14.7 0.0285981
14.8 0.0285988
14.9 0.0286
15 0.0286011
15.1 0.0286021
15.2 0.0286033
15.3 0.0286041
15.4 0.0286055
15.5 0.0286067
15.6 0.0286091
15.7 0.0286109
15.8 0.0286119
15.9 0.0286134
16 0.028615
16.1 0.0286161
16.2 0.0286176
16.3 0.0286197
16.4 0.028622
16.5 0.0286241
16.6 0.028625
16.7 0.0286276
16.8 0.0286302
16.9 0.0286333
17 0.028637
17.1 0.0286383
17.2 0.0286406
17.3 0.0286435
17.4 0.0286457
17.5 0.0286469
17.6 0.0286503
17.7 0.028654
17.8 0.028657
17.9 0.0286598
18 0.0286615
18.1 0.028664
18.2 0.0286675
18.3 0.028671
18.4 0.0286738
18.5 0.0286768
18.6 0.02868
18.7 0.0286832
18.8 0.0286862
18.9 0.028689
19 0.028692
19.1 0.0286957
19.2 0.0286994
19.3 0.0287046
19.4 0.02871
19.5 0.0287154
19.6 0.028721
19.7 0.0287263
19.8 0.0287317
19.9 0.028738
20 0.0287424
20.1 0.0287488
20.2 0.028755
20.3 0.0287601
20.4 0.028766
20.5 0.0287728
20.6 0.0287796
20.7 0.0287863
20.8 0.0287936
20.9 0.0287991
21 0.0288042
21.1 0.02881
21.2 0.028816
21.3 0.0288231
21.4 0.02883
21.5 0.0288362
21.6 0.0288441
21.7 0.0288516
21.8 0.0288596
21.9 0.0288671
22 0.0288751
22.1 0.0288846
22.2 0.0288931
22.3 0.028902
22.4 0.028911
22.5 0.0289192
22.6 0.0289278
22.7 0.0289361
22.8 0.0289452
22.9 0.0289545
23 0.0289654
23.1 0.028975
23.2 0.0289839
23.3 0.0289933
23.4 0.0290045
23.5 0.0290167
23.6 0.0290287
23.7 0.0290398
23.8 0.0290498
23.9 0.0290624
24 0.0290748
24.1 0.0290866
24.2 0.0290988
24.3 0.0291124
24.4 0.0291244
24.5 0.0291374
24.6 0.0291503
24.7 0.0291626
24.8 0.0291776
24.9 0.0291933
25 0.0292089
25.1 0.0292235
25.2 0.0292395
25.3 0.0292548
25.4 0.0292708
25.5 0.0292877
25.6 0.029303
25.7 0.0293211
25.8 0.0293382
25.9 0.0293558
26 0.0293745
26.1 0.0293931
26.2 0.0294118
26.3 0.0294309
26.4 0.0294505
26.5 0.0294721
26.6 0.0294963
26.7 0.0295174
26.8 0.0295399
26.9 0.0295618
27 0.0295837
27.1 0.0296081
27.2 0.0296321
27.3 0.0296531
27.4 0.0296774
27.5 0.0297032
27.6 0.0297294
27.7 0.0297559
27.8 0.0297823
27.9 0.0298093
28 0.0298366
28.1 0.0298634
28.2 0.0298907
28.3 0.0299205
28.4 0.0299487
28.5 0.0299789
28.6 0.0300128
28.7 0.0300458
28.8 0.0300777
28.9 0.0301132
29 0.030149
29.1 0.0301886
29.2 0.0302257
29.3 0.0302628
29.4 0.0303011
29.5 0.0303437
29.6 0.030388
29.7 0.0304337
29.8 0.0304795
29.9 0.0305274
30 0.0305719
30.1 0.0306173
30.2 0.030665
30.3 0.030714
30.4 0.0307692
30.5 0.0308277
30.6 0.030885
30.7 0.0309426
30.8 0.0310037
30.9 0.0310641
31 0.0311262
31.1 0.0311866
31.2 0.0312507
31.3 0.0313162
31.4 0.031387
31.5 0.0314585
31.6 0.0315319
31.7 0.0316087
31.8 0.0316898
31.9 0.0317693
32 0.0318528
32.1 0.0319329
32.2 0.0320183
32.3 0.0321084
32.4 0.0322007
32.5 0.0322939
32.6 0.0323913
32.7 0.0324893
32.8 0.0325914
32.9 0.0326944
33 0.0327993
33.1 0.032913
33.2 0.0330248
33.3 0.033141
33.4 0.0332547
33.5 0.033371
33.6 0.0334895
33.7 0.0336097
33.8 0.0337352
33.9 0.0338641
34 0.033999
34.1 0.034135
34.2 0.034271
34.3 0.0344138
34.4 0.0345586
34.5 0.0347052
34.6 0.0348542
34.7 0.0350145
34.8 0.0351796
34.9 0.0353482
35 0.0355162
35.1 0.0356871
35.2 0.0358655
35.3 0.0360427
35.4 0.036224
35.5 0.0364149
35.6 0.0366084
35.7 0.0368063
35.8 0.0370098
35.9 0.0372136
36 0.0374284
36.1 0.037644
36.2 0.0378683
36.3 0.0380923
36.4 0.0383235
36.5 0.0385577
36.6 0.0387928
36.7 0.0390403
36.8 0.0392879
36.9 0.0395449
37 0.0398088
37.1 0.0400826
37.2 0.0403573
37.3 0.0406441
37.4 0.0409299
37.5 0.0412193
37.6 0.04152
37.7 0.041832
37.8 0.0421502
37.9 0.0424765
38 0.0427986
38.1 0.0431267
38.2 0.0434734
38.3 0.0438243
38.4 0.0441892
38.5 0.044554
38.6 0.0449346
38.7 0.0453121
38.8 0.0456928
38.9 0.0461007
39 0.0465244
39.1 0.0469503
39.2 0.0473853
39.3 0.0478246
39.4 0.0482866
39.5 0.0487522
39.6 0.049221
39.7 0.0496989
39.8 0.0501824
39.9 0.0506692
40 0.0511597
40.1 0.0516714
40.2 0.0522076
40.3 0.0527478
40.4 0.0532764
40.5 0.0538237
40.6 0.0543784
40.7 0.0549458
40.8 0.0555122
40.9 0.0560929
41 0.056681
41.1 0.0572862
41.2 0.0578989
41.3 0.0585042
41.4 0.0591185
41.5 0.0597295
41.6 0.0603492
41.7 0.0609784
41.8 0.0616178
41.9 0.0622857
42 0.0629697
42.1 0.0636549
42.2 0.0643531
42.3 0.0650763
42.4 0.0658131
42.5 0.0665599
42.6 0.0672906
42.7 0.0680258
42.8 0.068772
42.9 0.0695288
43 0.0702762
43.1 0.0710367
43.2 0.0717643
43.3 0.0724857
43.4 0.0732353
43.5 0.0740085
43.6 0.0747782
43.7 0.0755533
43.8 0.0763351
43.9 0.0771149
44 0.0779143
44.1 0.0787267
44.2 0.0795444
44.3 0.0803704
44.4 0.081204
44.5 0.082039
44.6 0.082891
44.7 0.0837643
44.8 0.0846392
44.9 0.0855093
45 0.0863617
45.1 0.0872372
45.2 0.0881112
45.3 0.0889926
45.4 0.0898529
45.5 0.0907118
45.6 0.0915753
45.7 0.0924403
45.8 0.0933076
45.9 0.0941825
46 0.0950656
46.1 0.0959404
46.2 0.0968164
46.3 0.097718
46.4 0.0986281
46.5 0.0995254
46.6 0.100419
46.7 0.101302
46.8 0.102186
46.9 0.10309
47 0.103995
47.1 0.104897
47.2 0.105769
47.3 0.106659
47.4 0.107558
47.5 0.108463
47.6 0.109345
47.7 0.110224
47.8 0.111106
47.9 0.111979
48 0.112835
48.1 0.113688
48.2 0.114567
48.3 0.115401
48.4 0.116232
48.5 0.117058
48.6 0.117919
48.7 0.118748
48.8 0.119546
48.9 0.120358
49 0.121139
49.1 0.121945
49.2 0.122747
49.3 0.123501
49.4 0.124271
49.5 0.125043
49.6 0.125798
49.7 0.126568
49.8 0.127344
49.9 0.128092
50 0.128828
50.1 0.129555
50.2 0.130255
50.3 0.130975
50.4 0.131698
50.5 0.13238
50.6 0.133055
50.7 0.133729
50.8 0.134356
50.9 0.135001
51 0.135619
51.1 0.136259
51.2 0.136917
51.3 0.13752
51.4 0.13812
51.5 0.138686
51.6 0.139273
51.7 0.139851
51.8 0.140446
51.9 0.141018
52 0.141588
52.1 0.142159
52.2 0.142737
52.3 0.14331
52.4 0.143899
52.5 0.144478
52.6 0.145063
52.7 0.145649
52.8 0.146215
52.9 0.146775
53 0.147334
53.1 0.147892
53.2 0.148458
53.3 0.149042
53.4 0.149621
53.5 0.150187
53.6 0.150733
53.7 0.1513
53.8 0.151864
53.9 0.152423
54 0.152978
54.1 0.153553
54.2 0.154107
54.3 0.154661
54.4 0.155204
54.5 0.15573
54.6 0.15627
54.7 0.156805
54.8 0.157317
54.9 0.157841
55 0.158366
55.1 0.158862
55.2 0.159364
55.3 0.159855
55.4 0.160368
55.5 0.160874
55.6 0.161377
55.7 0.161903
55.8 0.162421
55.9 0.162939
56 0.163463
56.1 0.163995
56.2 0.164524
56.3 0.16503
56.4 0.165545
56.5 0.166061
56.6 0.166592
56.7 0.16713
56.8 0.167687
56.9 0.168226
57 0.168764
57.1 0.16933
57.2 0.169862
57.3 0.170385
57.4 0.170895
57.5 0.171407
57.6 0.171897
57.7 0.17242
57.8 0.172931
57.9 0.173439
58 0.173967
58.1 0.174485
58.2 0.175025
58.3 0.175521
58.4 0.176008
58.5 0.176524
58.6 0.177042
58.7 0.177543
58.8 0.178055
58.9 0.178554
59 0.179072
59.1 0.179587
59.2 0.180084
59.3 0.180591
59.4 0.181111
59.5 0.181618
59.6 0.182102
59.7 0.182589
59.8 0.183079
59.9 0.183563
60 0.184047
60.1 0.184529
60.2 0.185006
60.3 0.185486
60.4 0.185964
60.5 0.186418
60.6 0.186868
60.7 0.18731
60.8 0.187753
60.9 0.188194
61 0.188617
61.1 0.189051
61.2 0.189487
61.3 0.189909
61.4 0.190311
61.5 0.190709
61.6 0.191106
61.7 0.191467
61.8 0.191831
61.9 0.192213
62 0.192586
62.1 0.192976
62.2 0.193339
62.3 0.193708
62.4 0.194069
62.5 0.194434
62.6 0.194784
62.7 0.195116
62.8 0.195446
62.9 0.195779
63 0.196087
63.1 0.196405
63.2 0.196714
63.3 0.19703
63.4 0.197346
63.5 0.197664
63.6 0.197975
63.7 0.198264
63.8 0.198559
63.9 0.198835
64 0.199098
64.1 0.199353
64.2 0.19962
64.3 0.199892
64.4 0.200152
64.5 0.200422
64.6 0.200691
64.7 0.200953
64.8 0.2012
64.9 0.201455
65 0.201692
65.1 0.201915
65.2 0.202131
65.3 0.202369
65.4 0.202606
65.5 0.202828
65.6 0.203043
65.7 0.203258
65.8 0.203461
65.9 0.203643
66 0.203831
66.1 0.204023
66.2 0.204209
66.3 0.204398
66.4 0.204583
66.5 0.204774
66.6 0.204956
66.7 0.205119
66.8 0.205278
66.9 0.205449
67 0.205619
67.1 0.205787
67.2 0.205946
67.3 0.206103
67.4 0.206245
67.5 0.206391
67.6 0.206555
67.7 0.206712
67.8 0.206853
67.9 0.206992
68 0.207113
68.1 0.207249
68.2 0.20738
68.3 0.207511
68.4 0.207646
68.5 0.207777
68.6 0.207897
68.7 0.208007
68.8 0.208111
68.9 0.208215
69 0.208326
69.1 0.208432
69.2 0.208519
69.3 0.208619
69.4 0.208729
69.5 0.208836
69.6 0.208942
69.7 0.209027
69.8 0.209104
69.9 0.209186
70 0.209269
70.1 0.209355
70.2 0.209433
70.3 0.209514
70.4 0.209596
70.5 0.209664
70.6 0.209739
70.7 0.20981
70.8 0.209884
70.9 0.209957
71 0.210021
71.1 0.210087
71.2 0.210147
71.3 0.210209
71.4 0.210272
71.5 0.210336
71.6 0.2104
71.7 0.210459
71.8 0.210513
71.9 0.210564
72 0.210616
72.1 0.21066
72.2 0.210699
72.3 0.210748
72.4 0.210799
72.5 0.210845
72.6 0.210886
72.7 0.210929
72.8 0.210969
72.9 0.211012
73 0.211059
73.1 0.2111
73.2 0.211136
73.3 0.21117
73.4 0.211202
73.5 0.211232
73.6 0.211263
73.7 0.211296
73.8 0.211335
73.9 0.211371
74 0.211413
74.1 0.211448
74.2 0.211477
74.3 0.211506
74.4 0.211532
74.5 0.211558
74.6 0.211586
74.7 0.211615
74.8 0.211638
74.9 0.211662
75 0.211695
75.1 0.21172
75.2 0.211751
75.3 0.211783
75.4 0.211813
75.5 0.211841
75.6 0.211871
75.7 0.211897
75.8 0.21192
75.9 0.211938
76 0.211962
76.1 0.211986
76.2 0.212009
76.3 0.21203
76.4 0.21205
76.5 0.21207
76.6 0.212093
76.7 0.212112
76.8 0.212131
76.9 0.212147
77 0.212169
77.1 0.21219
77.2 0.21221
77.3 0.212228
77.4 0.212249
77.5 0.212262
77.6 0.212279
77.7 0.212295
77.8 0.212312
77.9 0.212328
78 0.212344
78.1 0.212352
78.2 0.212364
78.3 0.212373
78.4 0.212385
78.5 0.212397
78.6 0.212411
78.7 0.212425
78.8 0.212438
78.9 0.212452
79 0.212468
79.1 0.212484
79.2 0.212497
79.3 0.21251
79.4 0.212521
79.5 0.21253
79.6 0.212542
79.7 0.212554
79.8 0.212564
79.9 0.212576
80 0.212582
80.1 0.21259
80.2 0.212601
80.3 0.21261
80.4 0.212619
80.5 0.212627
80.6 0.212635
80.7 0.212642
80.8 0.212646
80.9 0.212651
81 0.212657
81.1 0.212663
81.2 0.212665
81.3 0.212672
81.4 0.212677
81.5 0.212683
81.6 0.212686
81.7 0.212688
81.8 0.212691
81.9 0.212693
82 0.212699
82.1 0.212704
82.2 0.212712
82.3 0.212716
82.4 0.212719
82.5 0.212722
82.6 0.212726
82.7 0.21273
82.8 0.212734
82.9 0.21274
83 0.212746
83.1 0.212751
83.2 0.212755
83.3 0.21276
83.4 0.212765
83.5 0.212771
83.6 0.212774
83.7 0.212776
83.8 0.212778
83.9 0.212779
84 0.212784
84.1 0.212787
84.2 0.212788
84.3 0.21279
84.4 0.212791
84.5 0.212794
84.6 0.212795
84.7 0.212798
84.8 0.212802
84.9 0.212803
85 0.212805
85.1 0.212809
85.2 0.212812
85.3 0.212814
85.4 0.212814
85.5 0.212813
85.6 0.212815
85.7 0.212816
85.8 0.212819
85.9 0.212824
86 0.212826
86.1 0.212831
86.2 0.212837
86.3 0.21284
86.4 0.212843
86.5 0.212845
86.6 0.212846
86.7 0.21285
86.8 0.212855
86.9 0.212857
87 0.212859
87.1 0.212863
87.2 0.212867
87.3 0.212871
87.4 0.212872
87.5 0.212878
87.6 0.212881
87.7 0.212882
87.8 0.212886
87.9 0.21289
88 0.212894
88.1 0.212899
88.2 0.212899
88.3 0.212902
88.4 0.212904
88.5 0.212908
88.6 0.212908
88.7 0.212911
88.8 0.212912
88.9 0.212912
89 0.212914
89.1 0.212916
89.2 0.21292
89.3 0.212923
89.4 0.212925
89.5 0.212926
89.6 0.212927
89.7 0.21293
89.8 0.212932
89.9 0.212932
90 0.212932
90.1 0.212935
90.2 0.212938
90.3 0.212938
90.4 0.212941
90.5 0.212942
90.6 0.212943
90.7 0.212944
90.8 0.212946
90.9 0.212949
91 0.212949
91.1 0.212949
91.2 0.212949
91.3 0.212947
91.4 0.212947
91.5 0.212946
91.6 0.212948
91.7 0.212949
91.8 0.212948
91.9 0.212949
92 0.212949
92.1 0.21295
92.2 0.212952
92.3 0.212953
92.4 0.212955
92.5 0.212956
92.6 0.212955
92.7 0.212956
92.8 0.212955
92.9 0.212956
93 0.212959
93.1 0.21296
93.2 0.212962
93.3 0.212962
93.4 0.212962
93.5 0.212963
93.6 0.212966
93.7 0.212968
93.8 0.212968
93.9 0.212967
94 0.212966
94.1 0.212965
94.2 0.212963
94.3 0.212963
94.4 0.212963
94.5 0.212961
94.6 0.212962
94.7 0.212964
94.8 0.212966
94.9 0.212966
95 0.212969
95.1 0.212971
95.2 0.212973
95.3 0.212974
95.4 0.212975
95.5 0.212976
95.6 0.212977
95.7 0.212978
95.8 0.212976
95.9 0.212977
96 0.212977
96.1 0.212978
96.2 0.212979
96.3 0.212975
96.4 0.212975
96.5 0.212976
96.6 0.212976
96.7 0.212975
96.8 0.212972
96.9 0.212973
97 0.212972
97.1 0.212972
97.2 0.212971
97.3 0.212973
97.4 0.212971
97.5 0.212972
97.6 0.212972
97.7 0.212973
97.8 0.212975
97.9 0.212978
98 0.212979
98.1 0.21298
98.2 0.212981
98.3 0.21298
98.4 0.21298
98.5 0.212979
98.6 0.212979
98.7 0.21298
98.8 0.21298
98.9 0.212981
99 0.21298
99.1 0.212981
99.2 0.212984
99.3 0.212987
99.4 0.212987
99.5 0.212988
99.6 0.212987
99.7 0.212988
99.8 0.212989
99.9 0.212988
100 0.618995
