13.5005 0.000338023
13.503 0.000374184
13.5055 0.000413898
13.508 0.000457479
13.5105 0.000505266
13.513 0.000557623
13.5155 0.000614945
13.518 0.000677652
13.5205 0.000746196
13.523 0.000821064
13.5255 0.000902776
13.528 0.00099189
13.5305 0.001089
13.533 0.00119474
13.5355 0.0013098
13.538 0.0014349
13.5405 0.00157082
13.543 0.00171837
13.5455 0.00187843
13.548 0.00205194
13.5505 0.00223989
13.553 0.00244332
13.5555 0.00266334
13.558 0.00290115
13.5605 0.00315798
13.563 0.00343515
13.5655 0.00373407
13.568 0.00405619
13.5705 0.00440307
13.573 0.00477634
13.5755 0.00517772
13.578 0.00560902
13.5805 0.00607214
13.583 0.00656907
13.5855 0.00710191
13.588 0.00767283
13.5905 0.00828414
13.593 0.00893824
13.5955 0.00963761
13.598 0.0103849
13.6006 0.0111828
13.6031 0.0120342
13.6056 0.0129419
13.6081 0.0139092
13.6106 0.0149392
13.6131 0.0160351
13.6156 0.0172005
13.6181 0.0184389
13.6206 0.019754
13.6231 0.0211495
13.6256 0.0226294
13.6281 0.0241978
13.6306 0.0258588
13.6331 0.0276167
13.6356 0.029476
13.6381 0.0314412
13.6406 0.0335169
13.6431 0.035708
13.6456 0.0380193
13.6481 0.0404558
13.6506 0.0430227
13.6531 0.0457251
13.6556 0.0485684
13.6581 0.0515579
13.6606 0.0546993
13.6631 0.057998
13.6656 0.0614598
13.6681 0.0650904
13.6706 0.0688956
13.6731 0.0728812
13.6756 0.0770533
13.6781 0.0814177
13.6806 0.0859804
13.6831 0.0907476
13.6856 0.0957251
13.6881 0.100919
13.6906 0.106336
13.6931 0.111981
13.6956 0.11786
13.6981 0.123981
13.7006 0.130347
13.7031 0.136966
13.7056 0.143843
13.7081 0.150984
13.7106 0.158394
13.7131 0.16608
13.7156 0.174045
13.7181 0.182296
13.7206 0.190837
13.7231 0.199675
13.7256 0.208812
13.7281 0.218254
13.7306 0.228005
13.7331 0.238069
13.7356 0.248451
13.7381 0.259153
13.7406 0.270179
13.7431 0.281532
13.7456 0.293216
13.7481 0.305231
13.7506 0.317581
13.7531 0.330268
13.7556 0.343292
13.7581 0.356656
13.7606 0.370359
13.7631 0.384403
13.7656 0.398787
13.7681 0.41351
13.7706 0.428573
13.7731 0.443974
13.7756 0.45971
13.7781 0.475781
13.7806 0.492184
13.7831 0.508915
13.7856 0.525972
13.7881 0.543351
13.7906 0.561046
13.7931 0.579054
13.7956 0.597369
13.7981 0.615986
13.8007 0.634899
13.8032 0.6541
13.8057 0.673583
13.8082 0.693341
13.8107 0.713365
13.8132 0.733647
13.8157 0.754178
13.8182 0.774949
13.8207 0.79595
13.8232 0.817171
13.8257 0.838601
13.8282 0.86023
13.8307 0.882046
13.8332 0.904037
13.8357 0.926192
13.8382 0.948498
13.8407 0.970942
13.8432 0.99351
13.8457 1.01619
13.8482 1.03897
13.8507 1.06183
13.8532 1.08476
13.8557 1.10775
13.8582 1.13078
13.8607 1.15383
13.8632 1.17689
13.8657 1.19995
13.8682 1.22298
13.8707 1.24599
13.8732 1.26893
13.8757 1.29182
13.8782 1.31462
13.8807 1.33731
13.8832 1.3599
13.8857 1.38235
13.8882 1.40466
13.8907 1.42681
13.8932 1.44877
13.8957 1.47055
13.8982 1.49211
13.9007 1.51345
13.9032 1.53455
13.9057 1.55539
13.9082 1.57597
13.9107 1.59626
13.9132 1.61625
13.9157 1.63593
13.9182 1.65528
13.9207 1.67429
13.9232 1.69295
13.9257 1.71124
13.9282 1.72915
13.9307 1.74667
13.9332 1.76378
13.9357 1.78048
13.9382 1.79676
13.9407 1.81259
13.9432 1.82798
13.9457 1.84292
13.9482 1.85738
13.9507 1.87137
13.9532 1.88488
13.9557 1.89789
13.9582 1.91041
13.9607 1.92242
13.9632 1.93391
13.9657 1.94488
13.9682 1.95533
13.9707 1.96525
13.9732 1.97464
13.9757 1.98349
13.9782 1.99179
13.9807 1.99955
13.9832 2.00676
13.9857 2.01342
13.9882 2.01953
13.9907 2.02508
13.9932 2.03008
13.9957 2.03453
13.9982 2.03843
14.0008 2.04177
14.0033 2.04456
14.0058 2.0468
14.0083 2.0485
14.0108 2.04965
14.0133 2.05026
14.0158 2.05033
14.0183 2.04986
14.0208 2.04887
14.0233 2.04735
14.0258 2.04532
14.0283 2.04277
14.0308 2.03971
14.0333 2.03614
14.0358 2.03209
14.0383 2.02754
14.0408 2.02251
14.0433 2.01701
14.0458 2.01104
14.0483 2.00461
14.0508 1.99773
14.0533 1.99042
14.0558 1.98266
14.0583 1.97449
14.0608 1.9659
14.0633 1.9569
14.0658 1.94751
14.0683 1.93773
14.0708 1.92758
14.0733 1.91706
14.0758 1.90618
14.0783 1.89496
14.0808 1.8834
14.0833 1.87151
14.0858 1.85931
14.0883 1.84681
14.0908 1.83401
14.0933 1.82093
14.0958 1.80757
14.0983 1.79396
14.1008 1.78009
14.1033 1.76598
14.1058 1.75164
14.1083 1.73708
14.1108 1.72231
14.1133 1.70734
14.1158 1.69218
14.1183 1.67685
14.1208 1.66135
14.1233 1.64568
14.1258 1.62987
14.1283 1.61393
14.1308 1.59785
14.1333 1.58166
14.1358 1.56535
14.1383 1.54895
14.1408 1.53245
14.1433 1.51588
14.1458 1.49923
14.1483 1.48252
14.1508 1.46576
14.1533 1.44895
14.1558 1.4321
14.1583 1.41522
14.1608 1.39832
14.1633 1.3814
14.1658 1.36449
14.1683 1.34757
14.1708 1.33066
14.1733 1.31376
14.1758 1.29689
14.1783 1.28005
14.1808 1.26325
14.1833 1.24649
14.1858 1.22977
14.1883 1.21311
14.1908 1.19652
14.1933 1.17998
14.1958 1.16352
14.1983 1.14714
14.2009 1.13084
14.2034 1.11462
14.2059 1.0985
14.2084 1.08247
14.2109 1.06654
14.2134 1.05072
14.2159 1.035
14.2184 1.0194
14.2209 1.00391
14.2234 0.98854
14.2259 0.973293
14.2284 0.958172
14.2309 0.943179
14.2334 0.928318
14.2359 0.913589
14.2384 0.898998
14.2409 0.884544
14.2434 0.870231
14.2459 0.856061
14.2484 0.842035
14.2509 0.828156
14.2534 0.814424
14.2559 0.800841
14.2584 0.787409
14.2609 0.774128
14.2634 0.761001
14.2659 0.748027
14.2684 0.735207
14.2709 0.722543
14.2734 0.710034
14.2759 0.697682
14.2784 0.685487
14.2809 0.673448
14.2834 0.661566
14.2859 0.649842
14.2884 0.638275
14.2909 0.626865
14.2934 0.615612
14.2959 0.604515
14.2984 0.593575
14.3009 0.582791
14.3034 0.572162
14.3059 0.561688
14.3084 0.551368
14.3109 0.541202
14.3134 0.531188
14.3159 0.521326
14.3184 0.511615
14.3209 0.502055
14.3234 0.492643
14.3259 0.48338
14.3284 0.474263
14.3309 0.465292
14.3334 0.456467
14.3359 0.447784
14.3384 0.439244
14.3409 0.430845
14.3434 0.422586
14.3459 0.414465
14.3484 0.406481
14.3509 0.398633
14.3534 0.390919
14.3559 0.383338
14.3584 0.375888
14.3609 0.368568
14.3634 0.361376
14.3659 0.354312
14.3684 0.347372
14.3709 0.340557
14.3734 0.333864
14.3759 0.327291
14.3784 0.320838
14.3809 0.314503
14.3834 0.308284
14.3859 0.302179
14.3884 0.296187
14.3909 0.290306
14.3934 0.284536
14.3959 0.278873
14.3984 0.273318
14.401 0.267867
14.4035 0.26252
14.406 0.257275
14.4085 0.252131
14.411 0.247085
14.4135 0.242137
14.416 0.237284
14.4185 0.232526
14.421 0.227861
14.4235 0.223287
14.426 0.218802
14.4285 0.214407
14.431 0.210098
14.4335 0.205874
14.436 0.201734
14.4385 0.197677
14.441 0.193702
14.4435 0.189805
14.446 0.185987
14.4485 0.182247
14.451 0.178581
14.4535 0.17499
14.456 0.171472
14.4585 0.168026
14.461 0.16465
14.4635 0.161342
14.466 0.158103
14.4685 0.15493
14.471 0.151823
14.4735 0.148779
14.476 0.145798
14.4785 0.142879
14.481 0.140021
14.4835 0.137222
14.486 0.134481
14.4885 0.131797
14.491 0.129169
14.4935 0.126596
14.496 0.124077
14.4985 0.121611
14.501 0.119196
14.5035 0.116833
14.506 0.114518
14.5085 0.112253
14.511 0.110035
14.5135 0.107865
14.516 0.10574
14.5185 0.10366
14.521 0.101624
14.5235 0.0996306
14.526 0.09768
14.5285 0.0957708
14.531 0.0939021
14.5335 0.0920731
14.536 0.090283
14.5385 0.088531
14.541 0.0868163
14.5435 0.0851381
14.546 0.0834957
14.5485 0.0818883
14.551 0.0803152
14.5535 0.0787757
14.556 0.077269
14.5585 0.0757946
14.561 0.0743516
14.5635 0.0729394
14.566 0.0715574
14.5685 0.070205
14.571 0.0688814
14.5735 0.0675862
14.576 0.0663187
14.5785 0.0650782
14.581 0.0638643
14.5835 0.0626763
14.586 0.0615138
14.5885 0.060376
14.591 0.0592627
14.5935 0.0581731
14.596 0.0571067
14.5985 0.0560632
14.6011 0.0550419
14.6036 0.0540425
14.6061 0.0530644
14.6086 0.0521072
14.6111 0.0511704
14.6136 0.0502535
14.6161 0.0493562
14.6186 0.0484781
14.6211 0.0476186
14.6236 0.0467774
14.6261 0.0459542
14.6286 0.0451484
14.6311 0.0443598
14.6336 0.0435879
14.6361 0.0428325
14.6386 0.042093
14.6411 0.0413693
14.6436 0.0406608
14.6461 0.0399674
14.6486 0.0392887
14.6511 0.0386243
14.6536 0.037974
14.6561 0.0373374
14.6586 0.0367143
14.6611 0.0361043
14.6636 0.0355072
14.6661 0.0349226
14.6686 0.0343504
14.6711 0.0337902
14.6736 0.0332417
14.6761 0.0327048
14.6786 0.0321792
14.6811 0.0316646
14.6836 0.0311608
14.6861 0.0306675
14.6886 0.0301845
14.6911 0.0297116
14.6936 0.0292487
14.6961 0.0287953
14.6986 0.0283515
14.7011 0.0279169
14.7036 0.0274913
14.7061 0.0270746
14.7086 0.0266665
14.7111 0.026267
14.7136 0.0258757
14.7161 0.0254925
14.7186 0.0251173
14.7211 0.0247499
14.7236 0.02439
14.7261 0.0240376
14.7286 0.0236925
14.7311 0.0233545
14.7336 0.0230235
14.7361 0.0226994
14.7386 0.0223819
14.7411 0.0220709
14.7436 0.0217664
14.7461 0.0214681
14.7486 0.0211759
14.7511 0.0208898
14.7536 0.0206095
14.7561 0.020335
14.7586 0.0200661
14.7611 0.0198028
14.7636 0.0195448
14.7661 0.0192922
14.7686 0.0190447
14.7711 0.0188023
14.7736 0.0185648
14.7761 0.0183323
14.7786 0.0181045
14.7811 0.0178813
14.7836 0.0176628
14.7861 0.0174487
14.7886 0.017239
14.7911 0.0170336
14.7936 0.0168324
14.7961 0.0166354
14.7986 0.0164424
14.8012 0.0162533
14.8037 0.0160682
14.8062 0.0158868
14.8087 0.0157092
14.8112 0.0155353
14.8137 0.0153649
14.8162 0.015198
14.8187 0.0150346
14.8212 0.0148746
14.8237 0.0147179
14.8262 0.0145644
14.8287 0.0144142
14.8312 0.014267
14.8337 0.014123
14.8362 0.0139819
14.8387 0.0138438
14.8412 0.0137086
14.8437 0.0135762
14.8462 0.0134466
14.8487 0.0133198
14.8512 0.0131956
14.8537 0.0130741
14.8562 0.0129552
14.8587 0.0128388
14.8612 0.0127249
14.8637 0.0126135
14.8662 0.0125045
14.8687 0.0123979
14.8712 0.0122936
14.8737 0.0121915
14.8762 0.0120918
14.8787 0.0119942
14.8812 0.0118988
14.8837 0.0118055
14.8862 0.0117144
14.8887 0.0116253
14.8912 0.0115382
14.8937 0.0114531
14.8962 0.01137
14.8987 0.0112888
14.9012 0.0112096
14.9037 0.0111322
14.9062 0.0110566
14.9087 0.0109829
14.9112 0.0109109
14.9137 0.0108408
14.9162 0.0107723
14.9187 0.0107056
14.9212 0.0106405
14.9237 0.0105771
14.9262 0.0105154
14.9287 0.0104552
14.9312 0.0103967
14.9337 0.0103397
14.9362 0.0102843
14.9387 0.0102304
14.9412 0.010178
14.9437 0.0101271
14.9462 0.0100777
14.9487 0.0100297
14.9512 0.0099832
14.9537 0.00993809
14.9562 0.00989439
14.9587 0.00985207
14.9612 0.00981113
14.9637 0.00977155
14.9662 0.00973331
14.9687 0.00969639
14.9712 0.0096608
14.9737 0.00962651
14.9762 0.00959351
14.9787 0.00956178
14.9812 0.00953133
14.9837 0.00950213
14.9862 0.00947418
14.9887 0.00944746
14.9912 0.00942197
14.9937 0.0093977
14.9962 0.00937463
14.9987 0.00935276
15.0013 0.00933208
15.0038 0.00931259
15.0063 0.00929427
15.0088 0.00927712
15.0113 0.00926113
15.0138 0.0092463
15.0163 0.00923262
15.0188 0.00922009
15.0213 0.00920869
15.0238 0.00919843
15.0263 0.00918931
15.0288 0.00918131
15.0313 0.00917444
15.0338 0.00916868
15.0363 0.00916405
15.0388 0.00916053
15.0413 0.00915813
15.0438 0.00915684
15.0463 0.00915666
15.0488 0.0091576
15.0513 0.00915964
15.0538 0.00916279
15.0563 0.00916706
15.0588 0.00917243
15.0613 0.00917892
15.0638 0.00918652
15.0663 0.00919523
15.0688 0.00920506
15.0713 0.00921601
15.0738 0.00922808
15.0763 0.00924128
15.0788 0.0092556
15.0813 0.00927106
15.0838 0.00928765
15.0863 0.00930539
15.0888 0.00932426
15.0913 0.00934429
15.0938 0.00936548
15.0963 0.00938782
15.0988 0.00941134
15.1013 0.00943603
15.1038 0.0094619
15.1063 0.00948896
15.1088 0.00951722
15.1113 0.00954669
15.1138 0.00957737
15.1163 0.00960927
15.1188 0.0096424
15.1213 0.00967678
15.1238 0.00971241
15.1263 0.0097493
15.1288 0.00978747
15.1313 0.00982692
15.1338 0.00986767
15.1363 0.00990973
15.1388 0.00995311
15.1413 0.00999782
15.1438 0.0100439
15.1463 0.0100913
15.1488 0.0101401
15.1513 0.0101903
15.1538 0.0102419
15.1563 0.0102949
15.1588 0.0103494
15.1613 0.0104053
15.1638 0.0104627
15.1663 0.0105216
15.1688 0.010582
15.1713 0.0106439
15.1738 0.0107073
15.1763 0.0107724
15.1788 0.010839
15.1813 0.0109072
15.1838 0.0109771
15.1863 0.0110486
15.1888 0.0111217
15.1913 0.0111966
15.1938 0.0112732
15.1963 0.0113515
15.1988 0.0114316
15.2014 0.0115135
15.2039 0.0115971
15.2064 0.0116827
15.2089 0.0117701
15.2114 0.0118594
15.2139 0.0119506
15.2164 0.0120438
15.2189 0.012139
15.2214 0.0122362
15.2239 0.0123354
15.2264 0.0124368
15.2289 0.0125402
15.2314 0.0126458
15.2339 0.0127535
15.2364 0.0128635
15.2389 0.0129757
15.2414 0.0130902
15.2439 0.013207
15.2464 0.0133261
15.2489 0.0134477
15.2514 0.0135717
15.2539 0.0136981
15.2564 0.0138271
15.2589 0.0139587
15.2614 0.0140928
15.2639 0.0142296
15.2664 0.0143691
15.2689 0.0145113
15.2714 0.0146563
15.2739 0.0148041
15.2764 0.0149547
15.2789 0.0151084
15.2814 0.0152649
15.2839 0.0154245
15.2864 0.0155872
15.2889 0.015753
15.2914 0.015922
15.2939 0.0160943
15.2964 0.0162698
15.2989 0.0164487
15.3014 0.016631
15.3039 0.0168167
15.3064 0.017006
15.3089 0.0171989
15.3114 0.0173955
15.3139 0.0175957
15.3164 0.0177998
15.3189 0.0180077
15.3214 0.0182195
15.3239 0.0184354
15.3264 0.0186552
15.3289 0.0188793
15.3314 0.0191075
15.3339 0.01934
15.3364 0.0195769
15.3389 0.0198182
15.3414 0.020064
15.3439 0.0203144
15.3464 0.0205695
15.3489 0.0208294
15.3514 0.0210941
15.3539 0.0213637
15.3564 0.0216383
15.3589 0.0219181
15.3614 0.022203
15.3639 0.0224933
15.3664 0.0227889
15.3689 0.02309
15.3714 0.0233967
15.3739 0.0237091
15.3764 0.0240272
15.3789 0.0243513
15.3814 0.0246813
15.3839 0.0250174
15.3864 0.0253597
15.3889 0.0257083
15.3914 0.0260633
15.3939 0.0264249
15.3964 0.0267931
15.3989 0.0271681
15.4015 0.0275499
15.404 0.0279388
15.4065 0.0283348
15.409 0.028738
15.4115 0.0291486
15.414 0.0295667
15.4165 0.0299924
15.419 0.0304259
15.4215 0.0308673
15.424 0.0313167
15.4265 0.0317743
15.429 0.0322402
15.4315 0.0327146
15.434 0.0331975
15.4365 0.0336892
15.439 0.0341897
15.4415 0.0346993
15.444 0.0352181
15.4465 0.0357463
15.449 0.0362839
15.4515 0.0368312
15.454 0.0373882
15.4565 0.0379553
15.459 0.0385325
15.4615 0.03912
15.464 0.039718
15.4665 0.0403266
15.469 0.040946
15.4715 0.0415764
15.474 0.0422179
15.4765 0.0428708
15.479 0.0435352
15.4815 0.0442113
15.484 0.0448992
15.4865 0.0455992
15.489 0.0463115
15.4915 0.0470362
15.494 0.0477735
15.4965 0.0485236
15.499 0.0492867
15.5015 0.050063
15.504 0.0508527
15.5065 0.0516559
15.509 0.052473
15.5115 0.053304
15.514 0.0541492
15.5165 0.0550088
15.519 0.055883
15.5215 0.056772
15.524 0.0576759
15.5265 0.0585951
15.529 0.0595296
15.5315 0.0604798
15.534 0.0614458
15.5365 0.0624278
15.539 0.063426
15.5415 0.0644407
15.544 0.065472
15.5465 0.0665202
15.549 0.0675854
15.5515 0.0686679
15.554 0.0697679
15.5565 0.0708856
15.559 0.0720211
15.5615 0.0731748
15.564 0.0743468
15.5665 0.0755372
15.569 0.0767464
15.5715 0.0779745
15.574 0.0792217
15.5765 0.0804882
15.579 0.0817742
15.5815 0.0830799
15.584 0.0844055
15.5865 0.0857512
15.589 0.0871171
15.5915 0.0885034
15.594 0.0899104
15.5965 0.0913382
15.599 0.0927869
15.6016 0.0942568
15.6041 0.0957479
15.6066 0.0972606
15.6091 0.0987948
15.6116 0.100351
15.6141 0.101929
15.6166 0.103529
15.6191 0.105151
15.6216 0.106795
15.6241 0.108462
15.6266 0.110151
15.6291 0.111863
15.6316 0.113598
15.6341 0.115355
15.6366 0.117136
15.6391 0.118939
15.6416 0.120766
15.6441 0.122615
15.6466 0.124488
15.6491 0.126384
15.6516 0.128303
15.6541 0.130245
15.6566 0.13221
15.6591 0.134199
15.6616 0.136211
15.6641 0.138246
15.6666 0.140304
15.6691 0.142385
15.6716 0.144489
15.6741 0.146616
15.6766 0.148766
15.6791 0.150938
15.6816 0.153133
15.6841 0.15535
15.6866 0.15759
15.6891 0.159852
15.6916 0.162135
15.6941 0.16444
15.6966 0.166767
15.6991 0.169115
15.7016 0.171483
15.7041 0.173872
15.7066 0.176282
15.7091 0.178711
15.7116 0.181161
15.7141 0.183629
15.7166 0.186116
15.7191 0.188622
15.7216 0.191146
15.7241 0.193687
15.7266 0.196246
15.7291 0.198821
15.7316 0.201412
15.7341 0.204019
15.7366 0.206641
15.7391 0.209277
15.7416 0.211927
15.7441 0.21459
15.7466 0.217266
15.7491 0.219953
15.7516 0.222652
15.7541 0.225361
15.7566 0.228079
15.7591 0.230807
15.7616 0.233542
15.7641 0.236284
15.7666 0.239033
15.7691 0.241787
15.7716 0.244546
15.7741 0.247308
15.7766 0.250072
15.7791 0.252839
15.7816 0.255605
15.7841 0.258372
15.7866 0.261136
15.7891 0.263898
15.7916 0.266656
15.7941 0.269409
15.7966 0.272157
15.7991 0.274896
15.8017 0.277628
15.8042 0.280349
15.8067 0.283059
15.8092 0.285757
15.8117 0.288442
15.8142 0.291111
15.8167 0.293765
15.8192 0.2964
15.8217 0.299016
15.8242 0.301612
15.8267 0.304186
15.8292 0.306737
15.8317 0.309263
15.8342 0.311762
15.8367 0.314234
15.8392 0.316677
15.8417 0.319088
15.8442 0.321468
15.8467 0.323813
15.8492 0.326123
15.8517 0.328396
15.8542 0.330631
15.8567 0.332826
15.8592 0.334979
15.8617 0.337089
15.8642 0.339154
15.8667 0.341173
15.8692 0.343144
15.8717 0.345065
15.8742 0.346936
15.8767 0.348754
15.8792 0.350518
15.8817 0.352226
15.8842 0.353878
15.8867 0.35547
15.8892 0.357003
15.8917 0.358474
15.8942 0.359882
15.8967 0.361225
15.8992 0.362503
15.9017 0.363714
15.9042 0.364856
15.9067 0.365928
15.9092 0.366929
15.9117 0.367858
15.9142 0.368712
15.9167 0.369492
15.9192 0.370196
15.9217 0.370823
15.9242 0.371372
15.9267 0.371842
15.9292 0.372231
15.9317 0.372539
15.9342 0.372765
15.9367 0.372908
15.9392 0.372968
15.9417 0.372943
15.9442 0.372833
15.9467 0.372638
15.9492 0.372356
15.9517 0.371988
15.9542 0.371532
15.9567 0.370989
15.9592 0.370358
15.9617 0.369639
15.9642 0.368831
15.9667 0.367936
15.9692 0.366951
15.9717 0.365879
15.9742 0.364718
15.9767 0.363468
15.9792 0.362131
15.9817 0.360706
15.9842 0.359194
15.9867 0.357595
15.9892 0.35591
15.9917 0.354139
15.9942 0.352283
15.9967 0.350343
15.9992 0.34832
16.0018 0.346213
16.0043 0.344026
16.0068 0.341757
16.0093 0.339409
16.0118 0.336983
16.0143 0.33448
16.0168 0.331901
16.0193 0.329248
16.0218 0.326522
16.0243 0.323725
16.0268 0.320857
16.0293 0.317922
16.0318 0.31492
16.0343 0.311853
16.0368 0.308724
16.0393 0.305534
16.0418 0.302284
16.0443 0.298977
16.0468 0.295616
16.0493 0.292201
16.0518 0.288736
16.0543 0.285222
16.0568 0.281661
16.0593 0.278056
16.0618 0.274409
16.0643 0.270723
16.0668 0.266999
16.0693 0.26324
16.0718 0.259449
16.0743 0.255627
16.0768 0.251778
16.0793 0.247903
16.0818 0.244006
16.0843 0.240088
16.0868 0.236153
16.0893 0.232202
16.0918 0.228237
16.0943 0.224263
16.0968 0.22028
16.0993 0.216292
16.1018 0.2123
16.1043 0.208308
16.1068 0.204317
16.1093 0.200331
16.1118 0.19635
16.1143 0.192379
16.1168 0.188418
16.1193 0.18447
16.1218 0.180538
16.1243 0.176623
16.1268 0.172729
16.1293 0.168856
16.1318 0.165006
16.1343 0.161183
16.1368 0.157388
16.1393 0.153622
16.1418 0.149888
16.1443 0.146187
16.1468 0.142521
16.1493 0.138892
16.1518 0.135302
16.1543 0.131751
16.1568 0.128241
16.1593 0.124775
16.1618 0.121352
16.1643 0.117975
16.1668 0.114644
16.1693 0.111361
16.1718 0.108127
16.1743 0.104943
16.1768 0.10181
16.1793 0.0987276
16.1818 0.0956982
16.1843 0.0927218
16.1868 0.0897993
16.1893 0.0869311
16.1918 0.0841177
16.1943 0.0813598
16.1968 0.0786575
16.1993 0.0760113
16.2019 0.0734213
16.2044 0.0708878
16.2069 0.0684109
16.2094 0.0659906
16.2119 0.0636269
16.2144 0.0613199
16.2169 0.0590693
16.2194 0.056875
16.2219 0.0547367
16.2244 0.0526542
16.2269 0.0506271
16.2294 0.0486551
16.2319 0.0467377
16.2344 0.0448745
16.2369 0.0430648
16.2394 0.0413083
16.2419 0.0396042
16.2444 0.0379519
16.2469 0.0363507
16.2494 0.0348
16.2519 0.0332989
16.2544 0.0318468
16.2569 0.0304428
16.2594 0.0290861
16.2619 0.0277759
16.2644 0.0265112
16.2669 0.0252912
16.2694 0.0241151
16.2719 0.0229818
16.2744 0.0218904
16.2769 0.0208401
16.2794 0.0198298
16.2819 0.0188586
16.2844 0.0179255
16.2869 0.0170295
16.2894 0.0161698
16.2919 0.0153452
16.2944 0.0145549
16.2969 0.0137978
16.2994 0.013073
16.3019 0.0123796
16.3044 0.0117165
16.3069 0.0110828
16.3094 0.0104776
16.3119 0.00990001
16.3144 0.00934901
16.3169 0.00882373
16.3194 0.00832327
16.3219 0.00784677
16.3244 0.00739334
16.3269 0.00696214
16.3294 0.00655234
16.3319 0.0061631
16.3344 0.00579363
16.3369 0.00544315
16.3394 0.00511089
16.3419 0.0047961
16.3444 0.00449804
16.3469 0.00421601
16.3494 0.00394932
16.3519 0.00369729
16.3544 0.00345927
16.3569 0.00323462
16.3594 0.00302273
16.3619 0.002823
16.3644 0.00263487
16.3669 0.00245776
16.3694 0.00229115
16.3719 0.00213451
16.3744 0.00198735
16.3769 0.00184917
16.3794 0.00171953
16.3819 0.00159797
16.3844 0.00148406
16.3869 0.0013774
16.3894 0.00127759
16.3919 0.00118426
16.3944 0.00109703
16.3969 0.00101558
16.3994 0.000939563
16.402 0.00086867
16.4045 0.000802601
16.407 0.000741071
16.4095 0.000683806
16.412 0.000630549
16.4145 0.000581053
16.417 0.000535084
16.4195 0.000492422
16.422 0.000452856
16.4245 0.000416187
16.427 0.000382228
16.4295 0.000350801
16.432 0.000321737
16.4345 0.000294878
16.437 0.000270075
16.4395 0.000247187
16.442 0.000226081
16.4445 0.000206632
16.447 0.000188724
16.4495 0.000172247
16.452 0.000157097
16.4545 0.000143178
16.457 0.000130399
16.4595 0.000118676
16.462 0.000107929
16.4645 9.80838e-05
16.467 8.90725e-05
16.4695 8.08303e-05
16.472 7.32971e-05
16.4745 6.64173e-05
16.477 6.01389e-05
16.4795 5.44138e-05
16.482 4.91972e-05
16.4845 4.44475e-05
16.487 4.01264e-05
16.4895 3.61981e-05
16.492 3.26298e-05
16.4945 2.9391e-05
16.497 2.64536e-05
16.4995 2.37916e-05
