0 0.000830284
0.1 0.00083024
0.2 0.000830196
0.3 0.000830155
0.4 0.000830117
0.5 0.000830075
0.6 0.000830035
0.7 0.000829993
0.8 0.000829952
0.9 0.000829912
1 0.000829872
1.1 0.000829835
1.2 0.000829796
1.3 0.000829757
1.4 0.00082972
1.5 0.000829684
1.6 0.000829645
1.7 0.000829606
1.8 0.000829566
1.9 0.000829529
2 0.000829495
2.1 0.000829459
2.2 0.000829423
2.3 0.00082939
2.4 0.000829355
2.5 0.000829322
2.6 0.000829286
2.7 0.000829251
2.8 0.000829218
2.9 0.000829186
3 0.000829154
3.1 0.00082912
3.2 0.000829088
3.3 0.000829053
3.4 0.000829019
3.5 0.000828985
3.6 0.00082895
3.7 0.000828916
3.8 0.000828881
3.9 0.000828851
4 0.000828823
4.1 0.000828792
4.2 0.000828758
4.3 0.000828729
4.4 0.0008287
4.5 0.000828675
4.6 0.000828648
4.7 0.000828616
4.8 0.000828589
4.9 0.000828558
5 0.00082853
5.1 0.000828502
5.2 0.000828473
5.3 0.000828446
5.4 0.000828416
5.5 0.000828389
5.6 0.000828361
5.7 0.000828333
5.8 0.000828305
5.9 0.000828276
6 0.000828249
6.1 0.000828223
6.2 0.000828197
6.3 0.000828172
6.4 0.000828146
6.5 0.000828118
6.6 0.000828093
6.7 0.000828067
6.8 0.00082804
6.9 0.000828015
7 0.000827987
7.1 0.000827962
7.2 0.000827938
7.3 0.000827912
7.4 0.000827887
7.5 0.00082786
7.6 0.000827838
7.7 0.000827815
7.8 0.000827792
7.9 0.00082777
8 0.000827746
8.1 0.000827721
8.2 0.000827693
8.3 0.000827666
8.4 0.00082764
8.5 0.000827613
8.6 0.000827587
8.7 0.000827559
8.8 0.00082753
8.9 0.0008275
9 0.000827472
9.1 0.000827447
9.2 0.000827419
9.3 0.000827393
9.4 0.000827365
9.5 0.000827338
9.6 0.000827312
9.7 0.000827283
9.8 0.000827259
9.9 0.000827232
10 0.000827207
10.1 0.000827184
10.2 0.000827158
10.3 0.000827133
10.4 0.000827108
10.5 0.000827083
10.6 0.000827056
10.7 0.00082703
10.8 0.000827003
10.9 0.000826979
11 0.000826954
11.1 0.000826932
11.2 0.000826911
11.3 0.000826887
11.4 0.000826861
11.5 0.000826835
11.6 0.000826808
11.7 0.000826784
11.8 0.000826763
11.9 0.000826741
12 0.000826716
12.1 0.000826692
12.2 0.000826668
12.3 0.000826645
12.4 0.000826622
12.5 0.0008266
12.6 0.000826577
12.7 0.000826553
12.8 0.000826528
12.9 0.000826503
13 0.000826481
13.1 0.000826457
13.2 0.000826433
13.3 0.000826415
13.4 0.000826395
13.5 0.000826372
13.6 0.00082635
13.7 0.000826329
13.8 0.000826306
13.9 0.000826284
14 0.000826267
14.1 0.000826248
14.2 0.000826229
14.3 0.000826212
14.4 0.000826193
14.5 0.000826171
14.6 0.000826151
14.7 0.000826134
14.8 0.000826116
14.9 0.000826098
15 0.00082608
15.1 0.000826063
15.2 0.000826045
15.3 0.000826028
15.4 0.000826013
15.5 0.000825998
15.6 0.000825982
15.7 0.000825967
15.8 0.000825952
15.9 0.000825935
16 0.00082592
16.1 0.000825904
16.2 0.000825884
16.3 0.00082587
16.4 0.000825858
16.5 0.000825842
16.6 0.000825824
16.7 0.000825808
16.8 0.000825795
16.9 0.00082578
17 0.000825763
17.1 0.000825744
17.2 0.000825726
17.3 0.00082571
17.4 0.000825692
17.5 0.000825678
17.6 0.000825662
17.7 0.000825646
17.8 0.000825628
17.9 0.000825609
18 0.000825592
18.1 0.000825578
18.2 0.00082556
18.3 0.000825543
18.4 0.000825526
18.5 0.00082551
18.6 0.000825492
18.7 0.000825474
18.8 0.000825458
18.9 0.00082544
19 0.000825425
19.1 0.000825408
19.2 0.000825391
19.3 0.000825374
19.4 0.000825359
19.5 0.000825342
19.6 0.000825323
19.7 0.000825306
19.8 0.00082529
19.9 0.000825274
20 0.000825257
20.1 0.000825241
20.2 0.000825222
20.3 0.000825205
20.4 0.000825189
20.5 0.000825172
20.6 0.000825155
20.7 0.000825137
20.8 0.000825121
20.9 0.000825107
21 0.000825089
21.1 0.000825072
21.2 0.000825054
21.3 0.000825039
21.4 0.000825023
21.5 0.000825005
21.6 0.000824988
21.7 0.000824972
21.8 0.00082496
21.9 0.000824942
22 0.000824923
22.1 0.000824907
22.2 0.000824895
22.3 0.00082488
22.4 0.000824861
22.5 0.000824846
22.6 0.00082483
22.7 0.000824817
22.8 0.000824805
22.9 0.000824794
23 0.000824781
23.1 0.000824766
23.2 0.000824753
23.3 0.000824742
23.4 0.000824727
23.5 0.000824714
23.6 0.000824701
23.7 0.000824689
23.8 0.000824677
23.9 0.00082467
24 0.000824661
24.1 0.000824648
24.2 0.000824637
24.3 0.000824628
24.4 0.000824615
24.5 0.000824602
24.6 0.000824589
24.7 0.000824577
24.8 0.000824566
24.9 0.000824556
25 0.000824547
25.1 0.000824538
25.2 0.000824526
25.3 0.000824516
25.4 0.000824504
25.5 0.000824494
25.6 0.000824484
25.7 0.000824475
25.8 0.000824465
25.9 0.000824454
26 0.000824441
26.1 0.00082443
26.2 0.000824421
26.3 0.000824414
26.4 0.000824405
26.5 0.000824394
26.6 0.000824382
26.7 0.000824369
26.8 0.000824356
26.9 0.000824345
27 0.000824335
27.1 0.000824327
27.2 0.000824316
27.3 0.000824303
27.4 0.000824289
27.5 0.000824277
27.6 0.000824266
27.7 0.000824255
27.8 0.000824247
27.9 0.000824242
28 0.000824234
28.1 0.000824225
28.2 0.000824218
28.3 0.000824209
28.4 0.0008242
28.5 0.00082419
28.6 0.00082418
28.7 0.00082417
28.8 0.000824159
28.9 0.000824151
29 0.000824142
29.1 0.000824135
29.2 0.000824125
29.3 0.000824116
29.4 0.000824104
29.5 0.000824093
29.6 0.000824082
29.7 0.000824072
29.8 0.000824061
29.9 0.000824047
30 0.000824036
30.1 0.000824022
30.2 0.000824011
30.3 0.000824004
30.4 0.000824001
30.5 0.000823994
30.6 0.000823987
30.7 0.000823979
30.8 0.000823972
30.9 0.000823964
31 0.000823958
31.1 0.000823952
31.2 0.000823945
31.3 0.000823941
31.4 0.000823933
31.5 0.000823927
31.6 0.000823921
31.7 0.000823919
31.8 0.000823914
31.9 0.000823908
32 0.000823903
32.1 0.000823899
32.2 0.000823896
32.3 0.000823891
32.4 0.000823886
32.5 0.000823883
32.6 0.000823877
32.7 0.000823874
32.8 0.000823867
32.9 0.000823862
33 0.00082386
33.1 0.000823857
33.2 0.000823858
33.3 0.000823856
33.4 0.000823853
33.5 0.000823848
33.6 0.000823844
33.7 0.000823839
33.8 0.000823833
33.9 0.000823828
34 0.000823821
34.1 0.000823815
34.2 0.000823804
34.3 0.000823797
34.4 0.000823792
34.5 0.000823786
34.6 0.000823781
34.7 0.000823777
34.8 0.00082377
34.9 0.000823763
35 0.000823757
35.1 0.000823752
35.2 0.000823747
35.3 0.000823741
35.4 0.000823736
35.5 0.000823736
35.6 0.000823731
35.7 0.000823727
35.8 0.000823725
35.9 0.000823721
36 0.000823717
36.1 0.00082371
36.2 0.000823706
36.3 0.000823703
36.4 0.000823699
36.5 0.000823695
36.6 0.000823692
36.7 0.000823692
36.8 0.000823691
36.9 0.00082369
37 0.000823687
37.1 0.000823685
37.2 0.000823685
37.3 0.000823681
37.4 0.000823679
37.5 0.000823679
37.6 0.000823677
37.7 0.000823674
37.8 0.000823671
37.9 0.000823667
38 0.000823663
38.1 0.00082366
38.2 0.000823656
38.3 0.000823652
38.4 0.000823652
38.5 0.00082365
38.6 0.000823646
38.7 0.000823643
38.8 0.000823639
38.9 0.000823638
39 0.000823636
39.1 0.000823632
39.2 0.000823628
39.3 0.000823624
39.4 0.000823623
39.5 0.000823622
39.6 0.000823618
39.7 0.000823612
39.8 0.000823607
39.9 0.000823603
40 0.000823601
40.1 0.000823599
40.2 0.000823593
40.3 0.000823586
40.4 0.000823579
40.5 0.000823572
40.6 0.000823564
40.7 0.000823555
40.8 0.000823545
40.9 0.000823539
41 0.000823534
41.1 0.000823531
41.2 0.000823525
41.3 0.00082352
41.4 0.000823516
41.5 0.000823509
41.6 0.000823502
41.7 0.000823496
41.8 0.000823488
41.9 0.000823482
42 0.000823476
42.1 0.00082347
42.2 0.000823463
42.3 0.000823453
42.4 0.000823447
42.5 0.000823441
42.6 0.000823434
42.7 0.000823423
42.8 0.000823413
42.9 0.000823406
43 0.000823401
43.1 0.000823392
43.2 0.000823384
43.3 0.000823375
43.4 0.000823368
43.5 0.000823361
43.6 0.000823353
43.7 0.000823346
43.8 0.000823339
43.9 0.000823331
44 0.000823324
44.1 0.000823323
44.2 0.000823317
44.3 0.000823312
44.4 0.00082331
44.5 0.000823307
44.6 0.000823301
44.7 0.000823292
44.8 0.000823286
44.9 0.000823278
45 0.000823272
45.1 0.000823264
45.2 0.000823257
45.3 0.000823252
45.4 0.000823249
45.5 0.000823245
45.6 0.000823243
45.7 0.000823241
45.8 0.000823237
45.9 0.000823236
46 0.000823237
46.1 0.000823235
46.2 0.000823233
46.3 0.00082323
46.4 0.000823228
46.5 0.000823225
46.6 0.000823223
46.7 0.000823223
46.8 0.00082322
46.9 0.000823219
47 0.000823221
47.1 0.00082322
47.2 0.000823215
47.3 0.00082321
47.4 0.000823207
47.5 0.000823203
47.6 0.000823201
47.7 0.000823196
47.8 0.000823192
47.9 0.000823186
48 0.000823182
48.1 0.000823179
48.2 0.000823175
48.3 0.000823171
48.4 0.000823167
48.5 0.000823161
48.6 0.000823155
48.7 0.000823149
48.8 0.000823144
48.9 0.00082314
49 0.000823137
49.1 0.000823133
49.2 0.000823129
49.3 0.000823123
49.4 0.000823119
49.5 0.000823115
49.6 0.000823111
49.7 0.000823104
49.8 0.000823095
49.9 0.000823088
50 0.000823083
50.1 0.000823078
50.2 0.000823073
50.3 0.000823068
50.4 0.000823063
50.5 0.000823062
50.6 0.000823058
50.7 0.000823053
50.8 0.000823044
50.9 0.00082304
51 0.000823034
51.1 0.000823029
51.2 0.000823028
51.3 0.000823024
51.4 0.000823018
51.5 0.000823011
51.6 0.000823005
51.7 0.000822998
51.8 0.000822994
51.9 0.000822989
52 0.000822984
52.1 0.000822978
52.2 0.000822974
52.3 0.00082297
52.4 0.000822967
52.5 0.000822962
52.6 0.000822958
52.7 0.000822952
52.8 0.000822948
52.9 0.000822947
53 0.000822946
53.1 0.000822942
53.2 0.000822937
53.3 0.000822932
53.4 0.000822933
53.5 0.00082293
53.6 0.000822928
53.7 0.000822929
53.8 0.000822924
53.9 0.000822919
54 0.000822914
54.1 0.000822913
54.2 0.000822913
54.3 0.000822912
54.4 0.000822912
54.5 0.00082291
54.6 0.000822908
54.7 0.000822908
54.8 0.000822908
54.9 0.000822909
55 0.000822909
55.1 0.000822907
55.2 0.000822907
55.3 0.000822904
55.4 0.000822902
55.5 0.0008229
55.6 0.000822896
55.7 0.000822894
55.8 0.000822888
55.9 0.000822885
56 0.000822881
56.1 0.000822876
56.2 0.000822874
56.3 0.000822873
56.4 0.000822875
56.5 0.000822874
56.6 0.000822871
56.7 0.00082287
56.8 0.000822868
56.9 0.000822867
57 0.000822866
57.1 0.000822865
57.2 0.000822864
57.3 0.000822864
57.4 0.000822863
57.5 0.000822859
57.6 0.000822858
57.7 0.000822858
57.8 0.000822858
57.9 0.000822857
58 0.000822856
58.1 0.000822857
58.2 0.00082286
58.3 0.000822859
58.4 0.000822858
58.5 0.000822855
58.6 0.000822857
58.7 0.000822858
58.8 0.000822858
58.9 0.000822859
59 0.000822858
59.1 0.000822857
59.2 0.000822858
59.3 0.000822857
59.4 0.000822857
59.5 0.000822856
59.6 0.000822859
59.7 0.000822865
59.8 0.000822869
59.9 0.000822871
60 0.000822872
60.1 0.000822874
60.2 0.000822875
60.3 0.000822878
60.4 0.00082288
60.5 0.000822882
60.6 0.000822883
60.7 0.000822883
60.8 0.000822885
60.9 0.000822887
61 0.000822888
61.1 0.000822891
61.2 0.000822898
61.3 0.000822906
61.4 0.000822915
61.5 0.000822923
61.6 0.000822928
61.7 0.000822934
61.8 0.000822942
61.9 0.000822949
62 0.000822953
62.1 0.000822955
62.2 0.000822961
62.3 0.000822968
62.4 0.000822973
62.5 0.000822979
62.6 0.000822983
62.7 0.000822989
62.8 0.000822994
62.9 0.000822999
63 0.000823005
63.1 0.000823011
63.2 0.000823012
63.3 0.000823015
63.4 0.000823016
63.5 0.000823021
63.6 0.000823025
63.7 0.000823031
63.8 0.000823035
63.9 0.00082304
64 0.000823046
64.1 0.000823053
64.2 0.000823059
64.3 0.000823066
64.4 0.000823073
64.5 0.000823081
64.6 0.000823083
64.7 0.000823086
64.8 0.000823092
64.9 0.000823098
65 0.000823099
65.1 0.000823103
65.2 0.000823108
65.3 0.000823114
65.4 0.000823119
65.5 0.000823123
65.6 0.000823126
65.7 0.000823131
65.8 0.000823138
65.9 0.000823142
66 0.000823146
66.1 0.00082315
66.2 0.000823155
66.3 0.000823161
66.4 0.000823169
66.5 0.000823173
66.6 0.000823183
66.7 0.000823191
66.8 0.000823197
66.9 0.000823203
67 0.000823206
67.1 0.000823207
67.2 0.000823212
67.3 0.000823219
67.4 0.000823222
67.5 0.000823225
67.6 0.000823228
67.7 0.000823231
67.8 0.000823235
67.9 0.000823237
68 0.000823242
68.1 0.000823243
68.2 0.000823243
68.3 0.000823244
68.4 0.000823244
68.5 0.000823244
68.6 0.000823244
68.7 0.000823243
68.8 0.000823245
68.9 0.000823246
69 0.000823248
69.1 0.000823251
69.2 0.000823254
69.3 0.000823256
69.4 0.000823261
69.5 0.000823264
69.6 0.000823263
69.7 0.000823267
69.8 0.000823268
69.9 0.000823273
70 0.000823278
70.1 0.00082328
70.2 0.000823284
70.3 0.000823287
70.4 0.000823291
70.5 0.000823297
70.6 0.000823301
70.7 0.000823305
70.8 0.000823309
70.9 0.000823313
71 0.000823317
71.1 0.000823319
71.2 0.000823322
71.3 0.000823325
71.4 0.00082333
71.5 0.000823334
71.6 0.000823337
71.7 0.00082334
71.8 0.000823346
71.9 0.000823352
72 0.000823356
72.1 0.000823358
72.2 0.000823361
72.3 0.000823366
72.4 0.000823369
72.5 0.000823369
72.6 0.000823372
72.7 0.000823375
72.8 0.000823379
72.9 0.00082338
73 0.00082338
73.1 0.000823381
73.2 0.000823382
73.3 0.000823382
73.4 0.000823384
73.5 0.000823385
73.6 0.000823386
73.7 0.00082339
73.8 0.000823391
73.9 0.000823395
74 0.000823396
74.1 0.000823398
74.2 0.000823399
74.3 0.000823399
74.4 0.000823402
74.5 0.000823404
74.6 0.000823401
74.7 0.000823401
74.8 0.000823403
74.9 0.000823408
75 0.000823407
75.1 0.000823406
75.2 0.000823402
75.3 0.0008234
75.4 0.000823398
75.5 0.000823394
75.6 0.000823393
75.7 0.000823393
75.8 0.000823391
75.9 0.000823387
76 0.000823383
76.1 0.000823385
76.2 0.000823384
76.3 0.000823385
76.4 0.000823387
76.5 0.000823388
76.6 0.000823388
76.7 0.000823386
76.8 0.000823389
76.9 0.00082339
77 0.00082339
77.1 0.000823389
77.2 0.000823386
77.3 0.000823383
77.4 0.000823387
77.5 0.000823389
77.6 0.000823389
77.7 0.000823389
77.8 0.000823394
77.9 0.000823397
78 0.000823402
78.1 0.000823405
78.2 0.000823407
78.3 0.000823407
78.4 0.00082341
78.5 0.000823411
78.6 0.000823412
78.7 0.000823412
78.8 0.000823413
78.9 0.000823412
79 0.000823412
79.1 0.000823413
79.2 0.000823411
79.3 0.000823414
79.4 0.000823417
79.5 0.000823422
79.6 0.000823427
79.7 0.000823429
79.8 0.000823431
79.9 0.000823433
80 0.000823438
80.1 0.000823441
80.2 0.000823443
80.3 0.000823446
80.4 0.00082345
80.5 0.000823454
80.6 0.000823454
80.7 0.000823456
80.8 0.00082346
80.9 0.000823466
81 0.000823471
81.1 0.000823477
81.2 0.000823484
81.3 0.000823489
81.4 0.000823494
81.5 0.000823501
81.6 0.000823508
81.7 0.000823512
81.8 0.000823516
81.9 0.000823518
82 0.000823523
82.1 0.000823526
82.2 0.000823528
82.3 0.000823533
82.4 0.000823537
82.5 0.00082354
82.6 0.000823542
82.7 0.000823545
82.8 0.00082355
82.9 0.000823558
83 0.000823565
83.1 0.000823575
83.2 0.000823581
83.3 0.000823584
83.4 0.000823587
83.5 0.000823591
83.6 0.000823599
83.7 0.000823603
83.8 0.000823611
83.9 0.000823616
84 0.000823621
84.1 0.000823625
84.2 0.00082363
84.3 0.000823634
84.4 0.000823641
84.5 0.000823649
84.6 0.000823656
84.7 0.000823659
84.8 0.000823663
84.9 0.000823665
85 0.000823669
85.1 0.000823676
85.2 0.000823682
85.3 0.000823686
85.4 0.000823694
85.5 0.000823699
85.6 0.0008237
85.7 0.000823705
85.8 0.000823709
85.9 0.000823716
86 0.000823721
86.1 0.000823723
86.2 0.000823725
86.3 0.000823726
86.4 0.000823727
86.5 0.000823732
86.6 0.000823737
86.7 0.000823742
86.8 0.000823746
86.9 0.000823752
87 0.000823758
87.1 0.000823763
87.2 0.000823764
87.3 0.000823768
87.4 0.000823771
87.5 0.000823773
87.6 0.000823776
87.7 0.00082378
87.8 0.000823785
87.9 0.00082379
88 0.000823791
88.1 0.000823794
88.2 0.000823799
88.3 0.000823807
88.4 0.000823813
88.5 0.000823818
88.6 0.000823824
88.7 0.000823829
88.8 0.000823834
88.9 0.000823842
89 0.000823848
89.1 0.000823854
89.2 0.00082386
89.3 0.000823863
89.4 0.000823868
89.5 0.000823872
89.6 0.000823877
89.7 0.000823881
89.8 0.000823889
89.9 0.000823898
90 0.000823908
90.1 0.000823918
90.2 0.000823933
90.3 0.000823947
90.4 0.000823959
90.5 0.000823971
90.6 0.000823981
90.7 0.000823993
90.8 0.000824004
90.9 0.000824012
91 0.000824024
91.1 0.000824036
91.2 0.000824048
91.3 0.000824059
91.4 0.00082407
91.5 0.00082408
91.6 0.00082409
91.7 0.000824101
91.8 0.000824111
91.9 0.000824121
92 0.000824132
92.1 0.000824143
92.2 0.000824149
92.3 0.000824158
92.4 0.000824167
92.5 0.000824179
92.6 0.000824188
92.7 0.000824198
92.8 0.000824206
92.9 0.000824215
93 0.000824225
93.1 0.000824237
93.2 0.000824249
93.3 0.000824259
93.4 0.000824266
93.5 0.000824273
93.6 0.000824283
93.7 0.000824293
93.8 0.0008243
93.9 0.000824304
94 0.000824313
94.1 0.000824324
94.2 0.000824332
94.3 0.000824341
94.4 0.000824351
94.5 0.000824361
94.6 0.000824366
94.7 0.000824374
94.8 0.000824384
94.9 0.000824392
95 0.0008244
95.1 0.000824409
95.2 0.000824417
95.3 0.000824426
95.4 0.000824433
95.5 0.000824442
95.6 0.00082445
95.7 0.000824459
95.8 0.00082447
95.9 0.00082448
96 0.000824491
96.1 0.000824503
96.2 0.000824517
96.3 0.000824528
96.4 0.000824538
96.5 0.000824551
96.6 0.000824562
96.7 0.000824572
96.8 0.000824584
96.9 0.000824597
97 0.000824609
97.1 0.000824619
97.2 0.000824629
97.3 0.000824638
97.4 0.000824648
97.5 0.000824658
97.6 0.000824666
97.7 0.000824675
97.8 0.00082468
97.9 0.000824687
98 0.000824696
98.1 0.000824703
98.2 0.000824711
98.3 0.000824721
98.4 0.000824732
98.5 0.000824739
98.6 0.000824748
98.7 0.000824756
98.8 0.000824768
98.9 0.000824777
99 0.000824787
99.1 0.000824798
99.2 0.000824811
99.3 0.000824821
99.4 0.000824832
99.5 0.00082484
99.6 0.000824849
99.7 0.000824857
99.8 0.000824868
99.9 0.000824876
100 0.0099354
