43.5 1.13604
43.5015 1.0737
43.503 1.01165
43.5045 0.949883
43.506 0.888409
43.5075 0.827224
43.509 0.766326
43.5105 0.705715
43.512 0.64539
43.5135 0.585351
43.515 0.525596
43.5165 0.466125
43.518 0.406938
43.5195 0.348033
43.521 0.289411
43.5225 0.23107
43.524 0.17301
43.5255 0.115229
43.527 0.0577287
43.5285 0.000506813
43.53 -0.056437
43.5315 -0.113103
43.533 -0.169493
43.5345 -0.225606
43.536 -0.281444
43.5375 -0.337007
43.539 -0.392296
43.5405 -0.447311
43.542 -0.502053
43.5435 -0.556524
43.545 -0.610722
43.5465 -0.66465
43.548 -0.718308
43.5495 -0.771695
43.551 -0.824814
43.5525 -0.877665
43.554 -0.930248
43.5555 -0.982564
43.557 -1.03461
43.5585 -1.0864
43.56 -1.13792
43.5615 -1.18917
43.563 -1.24016
43.5645 -1.29089
43.566 -1.34135
43.5675 -1.39156
43.569 -1.4415
43.5705 -1.49118
43.572 -1.5406
43.5735 -1.58976
43.575 -1.63867
43.5765 -1.68731
43.578 -1.7357
43.5795 -1.78383
43.581 -1.83171
43.5825 -1.87933
43.584 -1.92669
43.5855 -1.9738
43.587 -2.02066
43.5885 -2.06726
43.59 -2.11362
43.5915 -2.15972
43.593 -2.20557
43.5945 -2.25117
43.596 -2.29651
43.5975 -2.34161
43.599 -2.38647
43.6006 -2.43107
43.6021 -2.47543
43.6036 -2.51954
43.6051 -2.5634
43.6066 -2.60702
43.6081 -2.65039
43.6096 -2.69352
43.6111 -2.73641
43.6126 -2.77905
43.6141 -2.82145
43.6156 -2.86361
43.6171 -2.90553
43.6186 -2.94721
43.6201 -2.98865
43.6216 -3.02985
43.6231 -3.07081
43.6246 -3.11153
43.6261 -3.15202
43.6276 -3.19227
43.6291 -3.23228
43.6306 -3.27206
43.6321 -3.3116
43.6336 -3.35091
43.6351 -3.38998
43.6366 -3.42882
43.6381 -3.46743
43.6396 -3.50581
43.6411 -3.54396
43.6426 -3.58187
43.6441 -3.61956
43.6456 -3.65702
43.6471 -3.69424
43.6486 -3.73124
43.6501 -3.76802
43.6516 -3.80456
43.6531 -3.84088
43.6546 -3.87697
43.6561 -3.91284
43.6576 -3.94849
43.6591 -3.98391
43.6606 -4.0191
43.6621 -4.05408
43.6636 -4.08883
43.6651 -4.12336
43.6666 -4.15767
43.6681 -4.19176
43.6696 -4.22563
43.6711 -4.25928
43.6726 -4.29271
43.6741 -4.32592
43.6756 -4.35892
43.6771 -4.3917
43.6786 -4.42426
43.6801 -4.45661
43.6816 -4.48875
43.6831 -4.52066
43.6846 -4.55237
43.6861 -4.58386
43.6876 -4.61514
43.6891 -4.64621
43.6906 -4.67706
43.6921 -4.70771
43.6936 -4.73815
43.6951 -4.76837
43.6966 -4.79839
43.6981 -4.8282
43.6996 -4.8578
43.7011 -4.88719
43.7026 -4.91637
43.7041 -4.94535
43.7056 -4.97413
43.7071 -5.0027
43.7086 -5.03106
43.7101 -5.05922
43.7116 -5.08718
43.7131 -5.11494
43.7146 -5.14249
43.7161 -5.16984
43.7176 -5.19699
43.7191 -5.22394
43.7206 -5.25069
43.7221 -5.27725
43.7236 -5.3036
43.7251 -5.32975
43.7266 -5.35571
43.7281 -5.38147
43.7296 -5.40704
43.7311 -5.4324
43.7326 -5.45758
43.7341 -5.48255
43.7356 -5.50734
43.7371 -5.53193
43.7386 -5.55633
43.7401 -5.58053
43.7416 -5.60455
43.7431 -5.62837
43.7446 -5.652
43.7461 -5.67544
43.7476 -5.6987
43.7491 -5.72176
43.7506 -5.74463
43.7521 -5.76732
43.7536 -5.78982
43.7551 -5.81213
43.7566 -5.83426
43.7581 -5.8562
43.7596 -5.87796
43.7611 -5.89953
43.7626 -5.92091
43.7641 -5.94212
43.7656 -5.96314
43.7671 -5.98398
43.7686 -6.00463
43.7701 -6.02511
43.7716 -6.04541
43.7731 -6.06552
43.7746 -6.08546
43.7761 -6.10521
43.7776 -6.12479
43.7791 -6.14419
43.7806 -6.16341
43.7821 -6.18246
43.7836 -6.20133
43.7851 -6.22002
43.7866 -6.23854
43.7881 -6.25689
43.7896 -6.27506
43.7911 -6.29305
43.7926 -6.31088
43.7941 -6.32853
43.7956 -6.34601
43.7971 -6.36332
43.7986 -6.38045
43.8002 -6.39742
43.8017 -6.41422
43.8032 -6.43085
43.8047 -6.4473
43.8062 -6.4636
43.8077 -6.47972
43.8092 -6.49568
43.8107 -6.51147
43.8122 -6.52709
43.8137 -6.54255
43.8152 -6.55784
43.8167 -6.57297
43.8182 -6.58794
43.8197 -6.60274
43.8212 -6.61738
43.8227 -6.63185
43.8242 -6.64617
43.8257 -6.66032
43.8272 -6.67431
43.8287 -6.68815
43.8302 -6.70182
43.8317 -6.71533
43.8332 -6.72869
43.8347 -6.74189
43.8362 -6.75493
43.8377 -6.76781
43.8392 -6.78054
43.8407 -6.79311
43.8422 -6.80552
43.8437 -6.81778
43.8452 -6.82989
43.8467 -6.84184
43.8482 -6.85363
43.8497 -6.86528
43.8512 -6.87677
43.8527 -6.88811
43.8542 -6.8993
43.8557 -6.91034
43.8572 -6.92123
43.8587 -6.93197
43.8602 -6.94256
43.8617 -6.953
43.8632 -6.96329
43.8647 -6.97344
43.8662 -6.98343
43.8677 -6.99328
43.8692 -7.00299
43.8707 -7.01255
43.8722 -7.02196
43.8737 -7.03123
43.8752 -7.04035
43.8767 -7.04933
43.8782 -7.05817
43.8797 -7.06687
43.8812 -7.07542
43.8827 -7.08383
43.8842 -7.0921
43.8857 -7.10023
43.8872 -7.10822
43.8887 -7.11607
43.8902 -7.12378
43.8917 -7.13135
43.8932 -7.13878
43.8947 -7.14608
43.8962 -7.15323
43.8977 -7.16026
43.8992 -7.16714
43.9007 -7.17389
43.9022 -7.18051
43.9037 -7.18698
43.9052 -7.19333
43.9067 -7.19954
43.9082 -7.20562
43.9097 -7.21157
43.9112 -7.21738
43.9127 -7.22306
43.9142 -7.22861
43.9157 -7.23403
43.9172 -7.23932
43.9187 -7.24448
43.9202 -7.24951
43.9217 -7.25441
43.9232 -7.25918
43.9247 -7.26383
43.9262 -7.26834
43.9277 -7.27273
43.9292 -7.277
43.9307 -7.28114
43.9322 -7.28515
43.9337 -7.28904
43.9352 -7.2928
43.9367 -7.29644
43.9382 -7.29995
43.9397 -7.30334
43.9412 -7.30661
43.9427 -7.30976
43.9442 -7.31279
43.9457 -7.31569
43.9472 -7.31847
43.9487 -7.32114
43.9502 -7.32368
43.9517 -7.3261
43.9532 -7.32841
43.9547 -7.3306
43.9562 -7.33267
43.9577 -7.33462
43.9592 -7.33645
43.9607 -7.33817
43.9622 -7.33977
43.9637 -7.34126
43.9652 -7.34263
43.9667 -7.34389
43.9682 -7.34503
43.9697 -7.34606
43.9712 -7.34697
43.9727 -7.34777
43.9742 -7.34846
43.9757 -7.34904
43.9772 -7.34951
43.9787 -7.34987
43.9802 -7.35011
43.9817 -7.35025
43.9832 -7.35027
43.9847 -7.35019
43.9862 -7.35
43.9877 -7.3497
43.9892 -7.34929
43.9907 -7.34877
43.9922 -7.34815
43.9937 -7.34742
43.9952 -7.34659
43.9967 -7.34565
43.9982 -7.3446
43.9997 -7.34345
44.0013 -7.3422
44.0028 -7.34084
44.0043 -7.33938
44.0058 -7.33781
44.0073 -7.33615
44.0088 -7.33438
44.0103 -7.33251
44.0118 -7.33054
44.0133 -7.32847
44.0148 -7.3263
44.0163 -7.32403
44.0178 -7.32166
44.0193 -7.31919
44.0208 -7.31662
44.0223 -7.31395
44.0238 -7.31119
44.0253 -7.30833
44.0268 -7.30537
44.0283 -7.30232
44.0298 -7.29917
44.0313 -7.29593
44.0328 -7.29259
44.0343 -7.28915
44.0358 -7.28563
44.0373 -7.28201
44.0388 -7.27829
44.0403 -7.27448
44.0418 -7.27058
44.0433 -7.26659
44.0448 -7.26251
44.0463 -7.25834
44.0478 -7.25407
44.0493 -7.24972
44.0508 -7.24527
44.0523 -7.24074
44.0538 -7.23612
44.0553 -7.23141
44.0568 -7.22661
44.0583 -7.22172
44.0598 -7.21675
44.0613 -7.21169
44.0628 -7.20654
44.0643 -7.20131
44.0658 -7.19599
44.0673 -7.19059
44.0688 -7.1851
44.0703 -7.17952
44.0718 -7.17387
44.0733 -7.16813
44.0748 -7.16231
44.0763 -7.1564
44.0778 -7.15041
44.0793 -7.14434
44.0808 -7.13819
44.0823 -7.13196
44.0838 -7.12565
44.0853 -7.11926
44.0868 -7.11279
44.0883 -7.10624
44.0898 -7.09961
44.0913 -7.0929
44.0928 -7.08611
44.0943 -7.07925
44.0958 -7.07231
44.0973 -7.06529
44.0988 -7.05819
44.1003 -7.05102
44.1018 -7.04378
44.1033 -7.03645
44.1048 -7.02906
44.1063 -7.02159
44.1078 -7.01404
44.1093 -7.00642
44.1108 -6.99873
44.1123 -6.99097
44.1138 -6.98313
44.1153 -6.97522
44.1168 -6.96724
44.1183 -6.95919
44.1198 -6.95107
44.1213 -6.94287
44.1228 -6.93461
44.1243 -6.92628
44.1258 -6.91787
44.1273 -6.9094
44.1288 -6.90086
44.1303 -6.89226
44.1318 -6.88358
44.1333 -6.87484
44.1348 -6.86603
44.1363 -6.85715
44.1378 -6.84821
44.1393 -6.8392
44.1408 -6.83013
44.1423 -6.82099
44.1438 -6.81179
44.1453 -6.80252
44.1468 -6.79319
44.1483 -6.78379
44.1498 -6.77434
44.1513 -6.76482
44.1528 -6.75523
44.1543 -6.74559
44.1558 -6.73588
44.1573 -6.72612
44.1588 -6.71629
44.1603 -6.7064
44.1618 -6.69645
44.1633 -6.68644
44.1648 -6.67638
44.1663 -6.66625
44.1678 -6.65606
44.1693 -6.64582
44.1708 -6.63552
44.1723 -6.62516
44.1738 -6.61475
44.1753 -6.60427
44.1768 -6.59375
44.1783 -6.58316
44.1798 -6.57252
44.1813 -6.56183
44.1828 -6.55108
44.1843 -6.54027
44.1858 -6.52941
44.1873 -6.5185
44.1888 -6.50754
44.1903 -6.49652
44.1918 -6.48545
44.1933 -6.47432
44.1948 -6.46315
44.1963 -6.45192
44.1978 -6.44064
44.1993 -6.42931
44.2009 -6.41793
44.2024 -6.4065
44.2039 -6.39502
44.2054 -6.3835
44.2069 -6.37192
44.2084 -6.36029
44.2099 -6.34862
44.2114 -6.33689
44.2129 -6.32512
44.2144 -6.3133
44.2159 -6.30144
44.2174 -6.28953
44.2189 -6.27757
44.2204 -6.26557
44.2219 -6.25352
44.2234 -6.24142
44.2249 -6.22929
44.2264 -6.2171
44.2279 -6.20487
44.2294 -6.1926
44.2309 -6.18029
44.2324 -6.16793
44.2339 -6.15553
44.2354 -6.14309
44.2369 -6.1306
44.2384 -6.11807
44.2399 -6.10551
44.2414 -6.0929
44.2429 -6.08025
44.2444 -6.06756
44.2459 -6.05483
44.2474 -6.04206
44.2489 -6.02925
44.2504 -6.0164
44.2519 -6.00351
44.2534 -5.99059
44.2549 -5.97762
44.2564 -5.96462
44.2579 -5.95158
44.2594 -5.93851
44.2609 -5.9254
44.2624 -5.91225
44.2639 -5.89906
44.2654 -5.88584
44.2669 -5.87259
44.2684 -5.8593
44.2699 -5.84597
44.2714 -5.83261
44.2729 -5.81922
44.2744 -5.80579
44.2759 -5.79233
44.2774 -5.77884
44.2789 -5.76531
44.2804 -5.75175
44.2819 -5.73816
44.2834 -5.72454
44.2849 -5.71089
44.2864 -5.6972
44.2879 -5.68349
44.2894 -5.66974
44.2909 -5.65596
44.2924 -5.64216
44.2939 -5.62832
44.2954 -5.61446
44.2969 -5.60056
44.2984 -5.58664
44.2999 -5.57269
44.3014 -5.55871
44.3029 -5.5447
44.3044 -5.53067
44.3059 -5.51661
44.3074 -5.50252
44.3089 -5.48841
44.3104 -5.47427
44.3119 -5.4601
44.3134 -5.44591
44.3149 -5.4317
44.3164 -5.41745
44.3179 -5.40319
44.3194 -5.3889
44.3209 -5.37458
44.3224 -5.36025
44.3239 -5.34589
44.3254 -5.3315
44.3269 -5.3171
44.3284 -5.30267
44.3299 -5.28822
44.3314 -5.27374
44.3329 -5.25925
44.3344 -5.24473
44.3359 -5.2302
44.3374 -5.21564
44.3389 -5.20106
44.3404 -5.18647
44.3419 -5.17185
44.3434 -5.15721
44.3449 -5.14256
44.3464 -5.12788
44.3479 -5.11319
44.3494 -5.09848
44.3509 -5.08375
44.3524 -5.069
44.3539 -5.05424
44.3554 -5.03946
44.3569 -5.02466
44.3584 -5.00985
44.3599 -4.99502
44.3614 -4.98017
44.3629 -4.96531
44.3644 -4.95043
44.3659 -4.93554
44.3674 -4.92063
44.3689 -4.90571
44.3704 -4.89077
44.3719 -4.87582
44.3734 -4.86086
44.3749 -4.84588
44.3764 -4.83089
44.3779 -4.81589
44.3794 -4.80087
44.3809 -4.78584
44.3824 -4.7708
44.3839 -4.75575
44.3854 -4.74069
44.3869 -4.72561
44.3884 -4.71053
44.3899 -4.69543
44.3914 -4.68033
44.3929 -4.66521
44.3944 -4.65008
44.3959 -4.63495
44.3974 -4.6198
44.3989 -4.60465
44.4005 -4.58949
44.402 -4.57432
44.4035 -4.55914
44.405 -4.54395
44.4065 -4.52876
44.408 -4.51356
44.4095 -4.49835
44.411 -4.48313
44.4125 -4.46791
44.414 -4.45268
44.4155 -4.43745
44.417 -4.42221
44.4185 -4.40696
44.42 -4.39171
44.4215 -4.37645
44.423 -4.36119
44.4245 -4.34593
44.426 -4.33066
44.4275 -4.31539
44.429 -4.30011
44.4305 -4.28483
44.432 -4.26954
44.4335 -4.25426
44.435 -4.23897
44.4365 -4.22368
44.438 -4.20838
44.4395 -4.19309
44.441 -4.17779
44.4425 -4.16249
44.444 -4.14719
44.4455 -4.13189
44.447 -4.11659
44.4485 -4.10129
44.45 -4.08598
44.4515 -4.07068
44.453 -4.05538
44.4545 -4.04008
44.456 -4.02478
44.4575 -4.00948
44.459 -3.99418
44.4605 -3.97888
44.462 -3.96359
44.4635 -3.9483
44.465 -3.933
44.4665 -3.91772
44.468 -3.90243
44.4695 -3.88715
44.471 -3.87187
44.4725 -3.85659
44.474 -3.84132
44.4755 -3.82605
44.477 -3.81079
44.4785 -3.79553
44.48 -3.78028
44.4815 -3.76503
44.483 -3.74978
44.4845 -3.73454
44.486 -3.71931
44.4875 -3.70408
44.489 -3.68886
44.4905 -3.67364
44.492 -3.65843
44.4935 -3.64323
44.495 -3.62804
44.4965 -3.61285
44.498 -3.59767
44.4995 -3.58249
44.501 -3.56733
44.5025 -3.55217
44.504 -3.53702
44.5055 -3.52188
44.507 -3.50675
44.5085 -3.49162
44.51 -3.47651
44.5115 -3.46141
44.513 -3.44631
44.5145 -3.43123
44.516 -3.41615
44.5175 -3.40109
44.519 -3.38603
44.5205 -3.37099
44.522 -3.35596
44.5235 -3.34093
44.525 -3.32592
44.5265 -3.31093
44.528 -3.29594
44.5295 -3.28096
44.531 -3.266
44.5325 -3.25105
44.534 -3.23611
44.5355 -3.22119
44.537 -3.20628
44.5385 -3.19138
44.54 -3.17649
44.5415 -3.16162
44.543 -3.14677
44.5445 -3.13192
44.546 -3.11709
44.5475 -3.10228
44.549 -3.08748
44.5505 -3.07269
44.552 -3.05792
44.5535 -3.04317
44.555 -3.02843
44.5565 -3.01371
44.558 -2.999
44.5595 -2.98431
44.561 -2.96963
44.5625 -2.95497
44.564 -2.94033
44.5655 -2.92571
44.567 -2.9111
44.5685 -2.89651
44.57 -2.88193
44.5715 -2.86738
44.573 -2.85284
44.5745 -2.83832
44.576 -2.82382
44.5775 -2.80933
44.579 -2.79487
44.5805 -2.78042
44.582 -2.766
44.5835 -2.75159
44.585 -2.7372
44.5865 -2.72283
44.588 -2.70848
44.5895 -2.69415
44.591 -2.67984
44.5925 -2.66555
44.594 -2.65129
44.5955 -2.63704
44.597 -2.62281
44.5985 -2.60861
44.6001 -2.59442
44.6016 -2.58026
44.6031 -2.56612
44.6046 -2.552
44.6061 -2.5379
44.6076 -2.52382
44.6091 -2.50977
44.6106 -2.49574
44.6121 -2.48173
44.6136 -2.46774
44.6151 -2.45378
44.6166 -2.43984
44.6181 -2.42592
44.6196 -2.41203
44.6211 -2.39816
44.6226 -2.38431
44.6241 -2.37049
44.6256 -2.35669
44.6271 -2.34292
44.6286 -2.32917
44.6301 -2.31545
44.6316 -2.30175
44.6331 -2.28807
44.6346 -2.27442
44.6361 -2.2608
44.6376 -2.2472
44.6391 -2.23363
44.6406 -2.22008
44.6421 -2.20656
44.6436 -2.19307
44.6451 -2.1796
44.6466 -2.16616
44.6481 -2.15274
44.6496 -2.13935
44.6511 -2.12599
44.6526 -2.11265
44.6541 -2.09935
44.6556 -2.08607
44.6571 -2.07281
44.6586 -2.05959
44.6601 -2.04639
44.6616 -2.03322
44.6631 -2.02008
44.6646 -2.00697
44.6661 -1.99389
44.6676 -1.98083
44.6691 -1.9678
44.6706 -1.9548
44.6721 -1.94184
44.6736 -1.9289
44.6751 -1.91599
44.6766 -1.90311
44.6781 -1.89025
44.6796 -1.87743
44.6811 -1.86464
44.6826 -1.85188
44.6841 -1.83915
44.6856 -1.82645
44.6871 -1.81378
44.6886 -1.80114
44.6901 -1.78853
44.6916 -1.77595
44.6931 -1.7634
44.6946 -1.75089
44.6961 -1.7384
44.6976 -1.72595
44.6991 -1.71353
44.7006 -1.70114
44.7021 -1.68878
44.7036 -1.67646
44.7051 -1.66416
44.7066 -1.6519
44.7081 -1.63967
44.7096 -1.62748
44.7111 -1.61531
44.7126 -1.60318
44.7141 -1.59108
44.7156 -1.57902
44.7171 -1.56699
44.7186 -1.55499
44.7201 -1.54302
44.7216 -1.53109
44.7231 -1.51919
44.7246 -1.50733
44.7261 -1.4955
44.7276 -1.4837
44.7291 -1.47194
44.7306 -1.46021
44.7321 -1.44852
44.7336 -1.43686
44.7351 -1.42524
44.7366 -1.41365
44.7381 -1.40209
44.7396 -1.39057
44.7411 -1.37909
44.7426 -1.36764
44.7441 -1.35623
44.7456 -1.34485
44.7471 -1.33351
44.7486 -1.3222
44.7501 -1.31093
44.7516 -1.29969
44.7531 -1.28849
44.7546 -1.27733
44.7561 -1.26621
44.7576 -1.25512
44.7591 -1.24406
44.7606 -1.23304
44.7621 -1.22206
44.7636 -1.21112
44.7651 -1.20021
44.7666 -1.18934
44.7681 -1.17851
44.7696 -1.16772
44.7711 -1.15696
44.7726 -1.14624
44.7741 -1.13555
44.7756 -1.12491
44.7771 -1.1143
44.7786 -1.10373
44.7801 -1.0932
44.7816 -1.08271
44.7831 -1.07225
44.7846 -1.06183
44.7861 -1.05145
44.7876 -1.04111
44.7891 -1.03081
44.7906 -1.02055
44.7921 -1.01032
44.7936 -1.00014
44.7951 -0.98999
44.7966 -0.979882
44.7981 -0.969813
44.7996 -0.959783
44.8012 -0.949792
44.8027 -0.939841
44.8042 -0.929929
44.8057 -0.920057
44.8072 -0.910224
44.8087 -0.900431
44.8102 -0.890678
44.8117 -0.880965
44.8132 -0.871291
44.8147 -0.861658
44.8162 -0.852065
44.8177 -0.842512
44.8192 -0.832999
44.8207 -0.823527
44.8222 -0.814095
44.8237 -0.804704
44.8252 -0.795353
44.8267 -0.786043
44.8282 -0.776774
44.8297 -0.767545
44.8312 -0.758358
44.8327 -0.749211
44.8342 -0.740106
44.8357 -0.731042
44.8372 -0.722019
44.8387 -0.713037
44.8402 -0.704097
44.8417 -0.695198
44.8432 -0.68634
44.8447 -0.677525
44.8462 -0.668751
44.8477 -0.660018
44.8492 -0.651327
44.8507 -0.642679
44.8522 -0.634072
44.8537 -0.625507
44.8552 -0.616984
44.8567 -0.608504
44.8582 -0.600065
44.8597 -0.591669
44.8612 -0.583315
44.8627 -0.575003
44.8642 -0.566734
44.8657 -0.558508
44.8672 -0.550324
44.8687 -0.542182
44.8702 -0.534084
44.8717 -0.526028
44.8732 -0.518014
44.8747 -0.510044
44.8762 -0.502117
44.8777 -0.494232
44.8792 -0.486391
44.8807 -0.478593
44.8822 -0.470837
44.8837 -0.463125
44.8852 -0.455457
44.8867 -0.447831
44.8882 -0.440249
44.8897 -0.43271
44.8912 -0.425215
44.8927 -0.417763
44.8942 -0.410355
44.8957 -0.40299
44.8972 -0.395669
44.8987 -0.388392
44.9002 -0.381158
44.9017 -0.373968
44.9032 -0.366822
44.9047 -0.35972
44.9062 -0.352661
44.9077 -0.345647
44.9092 -0.338677
44.9107 -0.33175
44.9122 -0.324868
44.9137 -0.31803
44.9152 -0.311236
44.9167 -0.304486
44.9182 -0.29778
44.9197 -0.291119
44.9212 -0.284502
44.9227 -0.277929
44.9242 -0.271401
44.9257 -0.264917
44.9272 -0.258477
44.9287 -0.252082
44.9302 -0.245731
44.9317 -0.239425
44.9332 -0.233164
44.9347 -0.226947
44.9362 -0.220775
44.9377 -0.214647
44.9392 -0.208564
44.9407 -0.202526
44.9422 -0.196532
44.9437 -0.190583
44.9452 -0.184679
44.9467 -0.17882
44.9482 -0.173006
44.9497 -0.167236
44.9512 -0.161512
44.9527 -0.155832
44.9542 -0.150197
44.9557 -0.144608
44.9572 -0.139063
44.9587 -0.133563
44.9602 -0.128108
44.9617 -0.122698
44.9632 -0.117333
44.9647 -0.112014
44.9662 -0.106739
44.9677 -0.101509
44.9692 -0.0963248
44.9707 -0.0911854
44.9722 -0.0860911
44.9737 -0.081042
44.9752 -0.0760381
44.9767 -0.0710793
44.9782 -0.0661657
44.9797 -0.0612973
44.9812 -0.0564741
44.9827 -0.051696
44.9842 -0.0469632
44.9857 -0.0422757
44.9872 -0.0376333
44.9887 -0.0330362
44.9902 -0.0284843
44.9917 -0.0239776
44.9932 -0.0195163
44.9947 -0.0151001
44.9962 -0.0107292
44.9977 -0.00640359
44.9992 -0.00212322
45.0008 0.0021119
45.0023 0.00630176
45.0038 0.0104464
45.0053 0.0145457
45.0068 0.0185998
45.0083 0.0226087
45.0098 0.0265722
45.0113 0.0304906
45.0128 0.0343637
45.0143 0.0381916
45.0158 0.0419742
45.0173 0.0457117
45.0188 0.0494039
45.0203 0.0530509
45.0218 0.0566527
45.0233 0.0602094
45.0248 0.0637208
45.0263 0.0671871
45.0278 0.0706082
45.0293 0.0739842
45.0308 0.0773151
45.0323 0.0806008
45.0338 0.0838415
45.0353 0.087037
45.0368 0.0901875
45.0383 0.0932929
45.0398 0.0963533
45.0413 0.0993687
45.0428 0.102339
45.0443 0.105264
45.0458 0.108145
45.0473 0.11098
45.0488 0.113771
45.0503 0.116516
45.0518 0.119217
45.0533 0.121873
45.0548 0.124484
45.0563 0.12705
45.0578 0.129572
45.0593 0.132049
45.0608 0.134481
45.0623 0.136868
45.0638 0.13921
45.0653 0.141508
45.0668 0.143762
45.0683 0.145971
45.0698 0.148135
45.0713 0.150254
45.0728 0.152329
45.0743 0.15436
45.0758 0.156346
45.0773 0.158288
45.0788 0.160186
45.0803 0.162039
45.0818 0.163848
45.0833 0.165612
45.0848 0.167333
45.0863 0.169009
45.0878 0.170641
45.0893 0.172229
45.0908 0.173773
45.0923 0.175273
45.0938 0.176728
45.0953 0.17814
45.0968 0.179508
45.0983 0.180832
45.0998 0.182113
45.1013 0.183349
45.1028 0.184542
45.1043 0.185691
45.1058 0.186797
45.1073 0.187859
45.1088 0.188877
45.1103 0.189852
45.1118 0.190784
45.1133 0.191672
45.1148 0.192517
45.1163 0.193318
45.1178 0.194076
45.1193 0.194791
45.1208 0.195463
45.1223 0.196092
45.1238 0.196678
45.1253 0.197221
45.1268 0.19772
45.1283 0.198178
45.1298 0.198592
45.1313 0.198963
45.1328 0.199292
45.1343 0.199578
45.1358 0.199822
45.1373 0.200023
45.1388 0.200182
45.1403 0.200298
45.1418 0.200372
45.1433 0.200404
45.1448 0.200394
45.1463 0.200341
45.1478 0.200246
45.1493 0.20011
45.1508 0.199931
45.1523 0.199711
45.1538 0.199449
45.1553 0.199145
45.1568 0.198799
45.1583 0.198412
45.1598 0.197983
45.1613 0.197513
45.1628 0.197002
45.1643 0.196449
45.1658 0.195855
45.1673 0.19522
45.1688 0.194544
45.1703 0.193826
45.1718 0.193068
45.1733 0.192269
45.1748 0.19143
45.1763 0.190549
45.1778 0.189628
45.1793 0.188666
45.1808 0.187664
45.1823 0.186622
45.1838 0.185539
45.1853 0.184416
45.1868 0.183253
45.1883 0.18205
45.1898 0.180807
45.1913 0.179524
45.1928 0.178201
45.1943 0.176839
45.1958 0.175437
45.1973 0.173995
45.1988 0.172514
45.2004 0.170994
45.2019 0.169434
45.2034 0.167835
45.2049 0.166197
45.2064 0.164521
45.2079 0.162805
45.2094 0.16105
45.2109 0.159257
45.2124 0.157425
45.2139 0.155554
45.2154 0.153646
45.2169 0.151698
45.2184 0.149713
45.2199 0.147689
45.2214 0.145628
45.2229 0.143528
45.2244 0.141391
45.2259 0.139216
45.2274 0.137003
45.2289 0.134753
45.2304 0.132465
45.2319 0.13014
45.2334 0.127778
45.2349 0.125378
45.2364 0.122942
45.2379 0.120468
45.2394 0.117958
45.2409 0.115411
45.2424 0.112828
45.2439 0.110208
45.2454 0.107552
45.2469 0.104859
45.2484 0.10213
45.2499 0.0993655
45.2514 0.0965648
45.2529 0.0937282
45.2544 0.090856
45.2559 0.0879481
45.2574 0.0850048
45.2589 0.0820262
45.2604 0.0790122
45.2619 0.0759632
45.2634 0.0728791
45.2649 0.0697601
45.2664 0.0666064
45.2679 0.063418
45.2694 0.060195
45.2709 0.0569376
45.2724 0.053646
45.2739 0.0503201
45.2754 0.0469602
45.2769 0.0435664
45.2784 0.0401387
45.2799 0.0366774
45.2814 0.0331825
45.2829 0.0296542
45.2844 0.0260926
45.2859 0.0224978
45.2874 0.01887
45.2889 0.0152092
45.2904 0.0115156
45.2919 0.00778941
45.2934 0.00403066
45.2949 0.000239499
45.2964 -0.00358393
45.2979 -0.00743949
45.2994 -0.0113271
45.3009 -0.0152465
45.3024 -0.0191977
45.3039 -0.0231805
45.3054 -0.0271947
45.3069 -0.0312403
45.3084 -0.035317
45.3099 -0.0394248
45.3114 -0.0435635
45.3129 -0.047733
45.3144 -0.0519332
45.3159 -0.0561638
45.3174 -0.0604248
45.3189 -0.064716
45.3204 -0.0690372
45.3219 -0.0733884
45.3234 -0.0777694
45.3249 -0.08218
45.3264 -0.0866201
45.3279 -0.0910895
45.3294 -0.0955881
45.3309 -0.100116
45.3324 -0.104672
45.3339 -0.109258
45.3354 -0.113872
45.3369 -0.118514
45.3384 -0.123185
45.3399 -0.127884
45.3414 -0.132611
45.3429 -0.137365
45.3444 -0.142148
45.3459 -0.146958
45.3474 -0.151795
45.3489 -0.15666
45.3504 -0.161551
45.3519 -0.16647
45.3534 -0.171415
45.3549 -0.176387
45.3564 -0.181385
45.3579 -0.18641
45.3594 -0.191461
45.3609 -0.196537
45.3624 -0.20164
45.3639 -0.206768
45.3654 -0.211922
45.3669 -0.217101
45.3684 -0.222305
45.3699 -0.227534
45.3714 -0.232788
45.3729 -0.238066
45.3744 -0.24337
45.3759 -0.248697
45.3774 -0.254048
45.3789 -0.259424
45.3804 -0.264823
45.3819 -0.270246
45.3834 -0.275693
45.3849 -0.281162
45.3864 -0.286655
45.3879 -0.292171
45.3894 -0.29771
45.3909 -0.303271
45.3924 -0.308854
45.3939 -0.31446
45.3954 -0.320088
45.3969 -0.325738
45.3984 -0.33141
45.3999 -0.337103
45.4015 -0.342817
45.403 -0.348553
45.4045 -0.35431
45.406 -0.360087
45.4075 -0.365885
45.409 -0.371704
45.4105 -0.377543
45.412 -0.383402
45.4135 -0.389281
45.415 -0.39518
45.4165 -0.401098
45.418 -0.407035
45.4195 -0.412992
45.421 -0.418968
45.4225 -0.424962
45.424 -0.430975
45.4255 -0.437007
45.427 -0.443056
45.4285 -0.449124
45.43 -0.45521
45.4315 -0.461313
45.433 -0.467434
45.4345 -0.473572
45.436 -0.479727
45.4375 -0.485899
45.439 -0.492087
45.4405 -0.498292
45.442 -0.504514
45.4435 -0.510751
45.445 -0.517004
45.4465 -0.523273
45.448 -0.529558
45.4495 -0.535857
45.451 -0.542172
45.4525 -0.548502
45.454 -0.554846
45.4555 -0.561205
45.457 -0.567578
45.4585 -0.573966
45.46 -0.580367
45.4615 -0.586781
45.463 -0.59321
45.4645 -0.599651
45.466 -0.606106
45.4675 -0.612573
45.469 -0.619053
45.4705 -0.625545
45.472 -0.63205
45.4735 -0.638566
45.475 -0.645094
45.4765 -0.651634
45.478 -0.658185
45.4795 -0.664748
45.481 -0.671321
45.4825 -0.677905
45.484 -0.684499
45.4855 -0.691104
45.487 -0.697719
45.4885 -0.704344
45.49 -0.710978
45.4915 -0.717621
45.493 -0.724274
45.4945 -0.730936
45.496 -0.737606
45.4975 -0.744286
45.499 -0.750973
45.5005 -0.757668
45.502 -0.764371
45.5035 -0.771082
45.505 -0.777801
45.5065 -0.784526
45.508 -0.791258
45.5095 -0.797997
45.511 -0.804743
45.5125 -0.811495
45.514 -0.818253
45.5155 -0.825016
45.517 -0.831785
45.5185 -0.83856
45.52 -0.84534
45.5215 -0.852124
45.523 -0.858913
45.5245 -0.865707
45.526 -0.872505
45.5275 -0.879306
45.529 -0.886112
45.5305 -0.89292
45.532 -0.899733
45.5335 -0.906548
45.535 -0.913365
45.5365 -0.920186
45.538 -0.927008
45.5395 -0.933833
45.541 -0.940659
45.5425 -0.947487
45.544 -0.954316
45.5455 -0.961147
45.547 -0.967978
45.5485 -0.974809
45.55 -0.981641
45.5515 -0.988473
45.553 -0.995305
45.5545 -1.00214
45.556 -1.00897
45.5575 -1.0158
45.559 -1.02263
45.5605 -1.02945
45.562 -1.03628
45.5635 -1.0431
45.565 -1.04992
45.5665 -1.05674
45.568 -1.06356
45.5695 -1.07037
45.571 -1.07718
45.5725 -1.08399
45.574 -1.09079
45.5755 -1.09759
45.577 -1.10439
45.5785 -1.11118
45.58 -1.11796
45.5815 -1.12474
45.583 -1.13152
45.5845 -1.13829
45.586 -1.14505
45.5875 -1.15181
45.589 -1.15856
45.5905 -1.16531
45.592 -1.17205
45.5935 -1.17878
45.595 -1.1855
45.5965 -1.19222
45.598 -1.19893
45.5995 -1.20563
45.6011 -1.21232
45.6026 -1.219
45.6041 -1.22568
45.6056 -1.23234
45.6071 -1.239
45.6086 -1.24565
45.6101 -1.25228
45.6116 -1.25891
45.6131 -1.26552
45.6146 -1.27213
45.6161 -1.27872
45.6176 -1.2853
45.6191 -1.29187
45.6206 -1.29843
45.6221 -1.30497
45.6236 -1.31151
45.6251 -1.31803
45.6266 -1.32453
45.6281 -1.33103
45.6296 -1.33751
45.6311 -1.34397
45.6326 -1.35042
45.6341 -1.35686
45.6356 -1.36328
45.6371 -1.36969
45.6386 -1.37608
45.6401 -1.38246
45.6416 -1.38882
45.6431 -1.39516
45.6446 -1.40149
45.6461 -1.4078
45.6476 -1.4141
45.6491 -1.42037
45.6506 -1.42663
45.6521 -1.43287
45.6536 -1.4391
45.6551 -1.4453
45.6566 -1.45149
45.6581 -1.45765
45.6596 -1.4638
45.6611 -1.46993
45.6626 -1.47603
45.6641 -1.48212
45.6656 -1.48818
45.6671 -1.49423
45.6686 -1.50025
45.6701 -1.50626
45.6716 -1.51224
45.6731 -1.5182
45.6746 -1.52413
45.6761 -1.53005
45.6776 -1.53594
45.6791 -1.5418
45.6806 -1.54765
45.6821 -1.55347
45.6836 -1.55926
45.6851 -1.56503
45.6866 -1.57078
45.6881 -1.5765
45.6896 -1.58219
45.6911 -1.58786
45.6926 -1.59351
45.6941 -1.59912
45.6956 -1.60472
45.6971 -1.61028
45.6986 -1.61582
45.7001 -1.62132
45.7016 -1.6268
45.7031 -1.63226
45.7046 -1.63768
45.7061 -1.64308
45.7076 -1.64844
45.7091 -1.65378
45.7106 -1.65908
45.7121 -1.66436
45.7136 -1.6696
45.7151 -1.67482
45.7166 -1.68
45.7181 -1.68516
45.7196 -1.69028
45.7211 -1.69536
45.7226 -1.70042
45.7241 -1.70544
45.7256 -1.71043
45.7271 -1.71539
45.7286 -1.72031
45.7301 -1.7252
45.7316 -1.73006
45.7331 -1.73488
45.7346 -1.73966
45.7361 -1.74441
45.7376 -1.74913
45.7391 -1.75381
45.7406 -1.75845
45.7421 -1.76305
45.7436 -1.76762
45.7451 -1.77215
45.7466 -1.77664
45.7481 -1.7811
45.7496 -1.78552
45.7511 -1.78989
45.7526 -1.79423
45.7541 -1.79853
45.7556 -1.80279
45.7571 -1.80701
45.7586 -1.81119
45.7601 -1.81533
45.7616 -1.81943
45.7631 -1.82349
45.7646 -1.8275
45.7661 -1.83147
45.7676 -1.8354
45.7691 -1.83929
45.7706 -1.84314
45.7721 -1.84694
45.7736 -1.8507
45.7751 -1.85441
45.7766 -1.85808
45.7781 -1.8617
45.7796 -1.86528
45.7811 -1.86881
45.7826 -1.8723
45.7841 -1.87574
45.7856 -1.87914
45.7871 -1.88248
45.7886 -1.88578
45.7901 -1.88904
45.7916 -1.89224
45.7931 -1.8954
45.7946 -1.89851
45.7961 -1.90156
45.7976 -1.90457
45.7991 -1.90753
45.8007 -1.91044
45.8022 -1.9133
45.8037 -1.91611
45.8052 -1.91887
45.8067 -1.92157
45.8082 -1.92422
45.8097 -1.92683
45.8112 -1.92937
45.8127 -1.93187
45.8142 -1.93431
45.8157 -1.9367
45.8172 -1.93903
45.8187 -1.94131
45.8202 -1.94354
45.8217 -1.94571
45.8232 -1.94782
45.8247 -1.94988
45.8262 -1.95188
45.8277 -1.95383
45.8292 -1.95571
45.8307 -1.95755
45.8322 -1.95932
45.8337 -1.96103
45.8352 -1.96269
45.8367 -1.96429
45.8382 -1.96582
45.8397 -1.9673
45.8412 -1.96872
45.8427 -1.97008
45.8442 -1.97138
45.8457 -1.97261
45.8472 -1.97379
45.8487 -1.9749
45.8502 -1.97595
45.8517 -1.97694
45.8532 -1.97786
45.8547 -1.97872
45.8562 -1.97952
45.8577 -1.98025
45.8592 -1.98092
45.8607 -1.98152
45.8622 -1.98206
45.8637 -1.98253
45.8652 -1.98294
45.8667 -1.98328
45.8682 -1.98355
45.8697 -1.98375
45.8712 -1.98389
45.8727 -1.98396
45.8742 -1.98396
45.8757 -1.98389
45.8772 -1.98376
45.8787 -1.98355
45.8802 -1.98327
45.8817 -1.98293
45.8832 -1.98251
45.8847 -1.98202
45.8862 -1.98146
45.8877 -1.98082
45.8892 -1.98012
45.8907 -1.97934
45.8922 -1.97849
45.8937 -1.97756
45.8952 -1.97656
45.8967 -1.97549
45.8982 -1.97434
45.8997 -1.97312
45.9012 -1.97182
45.9027 -1.97044
45.9042 -1.96899
45.9057 -1.96746
45.9072 -1.96585
45.9087 -1.96417
45.9102 -1.96241
45.9117 -1.96057
45.9132 -1.95865
45.9147 -1.95665
45.9162 -1.95457
45.9177 -1.95241
45.9192 -1.95017
45.9207 -1.94785
45.9222 -1.94545
45.9237 -1.94297
45.9252 -1.94041
45.9267 -1.93776
45.9282 -1.93503
45.9297 -1.93221
45.9312 -1.92932
45.9327 -1.92633
45.9342 -1.92327
45.9357 -1.92011
45.9372 -1.91688
45.9387 -1.91355
45.9402 -1.91014
45.9417 -1.90665
45.9432 -1.90306
45.9447 -1.89939
45.9462 -1.89563
45.9477 -1.89179
45.9492 -1.88785
45.9507 -1.88382
45.9522 -1.87971
45.9537 -1.8755
45.9552 -1.8712
45.9567 -1.86682
45.9582 -1.86234
45.9597 -1.85777
45.9612 -1.8531
45.9627 -1.84835
45.9642 -1.8435
45.9657 -1.83856
45.9672 -1.83352
45.9687 -1.82839
45.9702 -1.82316
45.9717 -1.81784
45.9732 -1.81242
45.9747 -1.80691
45.9762 -1.8013
45.9777 -1.79559
45.9792 -1.78979
45.9807 -1.78389
45.9822 -1.77789
45.9837 -1.77179
45.9852 -1.76559
45.9867 -1.75929
45.9882 -1.75289
45.9897 -1.74639
45.9912 -1.73979
45.9927 -1.73309
45.9942 -1.72628
45.9957 -1.71938
45.9972 -1.71237
45.9987 -1.70526
46.0003 -1.69804
46.0018 -1.69072
46.0033 -1.68329
46.0048 -1.67576
46.0063 -1.66813
46.0078 -1.66039
46.0093 -1.65254
46.0108 -1.64458
46.0123 -1.63652
46.0138 -1.62835
46.0153 -1.62007
46.0168 -1.61169
46.0183 -1.60319
46.0198 -1.59459
46.0213 -1.58587
46.0228 -1.57704
46.0243 -1.56811
46.0258 -1.55906
46.0273 -1.5499
46.0288 -1.54062
46.0303 -1.53124
46.0318 -1.52174
46.0333 -1.51213
46.0348 -1.5024
46.0363 -1.49256
46.0378 -1.4826
46.0393 -1.47253
46.0408 -1.46234
46.0423 -1.45204
46.0438 -1.44162
46.0453 -1.43108
46.0468 -1.42042
46.0483 -1.40964
46.0498 -1.39875
46.0513 -1.38774
46.0528 -1.3766
46.0543 -1.36535
46.0558 -1.35397
46.0573 -1.34248
46.0588 -1.33086
46.0603 -1.31912
46.0618 -1.30726
46.0633 -1.29527
46.0648 -1.28317
46.0663 -1.27093
46.0678 -1.25857
46.0693 -1.24609
46.0708 -1.23348
46.0723 -1.22075
46.0738 -1.20789
46.0753 -1.1949
46.0768 -1.18179
46.0783 -1.16854
46.0798 -1.15517
46.0813 -1.14167
46.0828 -1.12804
46.0843 -1.11428
46.0858 -1.10039
46.0873 -1.08637
46.0888 -1.07222
46.0903 -1.05794
46.0918 -1.04352
46.0933 -1.02897
46.0948 -1.01429
46.0963 -0.999477
46.0978 -0.984527
46.0993 -0.969443
46.1008 -0.954223
46.1023 -0.938867
46.1038 -0.923376
46.1053 -0.907747
46.1068 -0.891982
46.1083 -0.876078
46.1098 -0.860037
46.1113 -0.843856
46.1128 -0.827537
46.1143 -0.811078
46.1158 -0.794479
46.1173 -0.777739
46.1188 -0.760857
46.1203 -0.743834
46.1218 -0.726669
46.1233 -0.709362
46.1248 -0.691911
46.1263 -0.674316
46.1278 -0.656577
46.1293 -0.638694
46.1308 -0.620665
46.1323 -0.60249
46.1338 -0.584169
46.1353 -0.565702
46.1368 -0.547087
46.1383 -0.528325
46.1398 -0.509414
46.1413 -0.490354
46.1428 -0.471145
46.1443 -0.451787
46.1458 -0.432278
46.1473 -0.412618
46.1488 -0.392807
46.1503 -0.372844
46.1518 -0.352729
46.1533 -0.33246
46.1548 -0.312039
46.1563 -0.291463
46.1578 -0.270733
46.1593 -0.249848
46.1608 -0.228808
46.1623 -0.207611
46.1638 -0.186258
46.1653 -0.164749
46.1668 -0.143081
46.1683 -0.121255
46.1698 -0.0992711
46.1713 -0.0771277
46.1728 -0.0548247
46.1743 -0.0323615
46.1758 -0.00973758
46.1773 0.0130476
46.1788 0.0359945
46.1803 0.0591037
46.1818 0.0823757
46.1833 0.105811
46.1848 0.12941
46.1863 0.153174
46.1878 0.177103
46.1893 0.201197
46.1908 0.225457
46.1923 0.249883
46.1938 0.274477
46.1953 0.299238
46.1968 0.324168
46.1983 0.349266
46.1998 0.374533
46.2014 0.39997
46.2029 0.425578
46.2044 0.451356
46.2059 0.477305
46.2074 0.503427
46.2089 0.529721
46.2104 0.556188
46.2119 0.582828
46.2134 0.609643
46.2149 0.636632
46.2164 0.663796
46.2179 0.691136
46.2194 0.718653
46.2209 0.746346
46.2224 0.774216
46.2239 0.802265
46.2254 0.830491
46.2269 0.858897
46.2284 0.887482
46.2299 0.916248
46.2314 0.945194
46.2329 0.974321
46.2344 1.00363
46.2359 1.03312
46.2374 1.0628
46.2389 1.09265
46.2404 1.12269
46.2419 1.15292
46.2434 1.18333
46.2449 1.21393
46.2464 1.24471
46.2479 1.27568
46.2494 1.30684
46.2509 1.33818
46.2524 1.36972
46.2539 1.40144
46.2554 1.43335
46.2569 1.46545
46.2584 1.49775
46.2599 1.53023
46.2614 1.56291
46.2629 1.59577
46.2644 1.62883
46.2659 1.66209
46.2674 1.69554
46.2689 1.72918
46.2704 1.76302
46.2719 1.79705
46.2734 1.83128
46.2749 1.86571
46.2764 1.90034
46.2779 1.93516
46.2794 1.97018
46.2809 2.0054
46.2824 2.04082
46.2839 2.07644
46.2854 2.11227
46.2869 2.14829
46.2884 2.18452
46.2899 2.22094
46.2914 2.25758
46.2929 2.29441
46.2944 2.33145
46.2959 2.36869
46.2974 2.40614
46.2989 2.4438
46.3004 2.48166
46.3019 2.51973
46.3034 2.55801
46.3049 2.5965
46.3064 2.6352
46.3079 2.6741
46.3094 2.71322
46.3109 2.75254
46.3124 2.79208
46.3139 2.83183
46.3154 2.87179
46.3169 2.91197
46.3184 2.95236
46.3199 2.99296
46.3214 3.03378
46.3229 3.07481
46.3244 3.11606
46.3259 3.15753
46.3274 3.19922
46.3289 3.24112
46.3304 3.28324
46.3319 3.32558
46.3334 3.36814
46.3349 3.41092
46.3364 3.45392
46.3379 3.49714
46.3394 3.54058
46.3409 3.58425
46.3424 3.62814
46.3439 3.67225
46.3454 3.71659
46.3469 3.76116
46.3484 3.80595
46.3499 3.85096
46.3514 3.8962
46.3529 3.94167
46.3544 3.98737
46.3559 4.0333
46.3574 4.07946
46.3589 4.12584
46.3604 4.17246
46.3619 4.21931
46.3634 4.26639
46.3649 4.3137
46.3664 4.36124
46.3679 4.40902
46.3694 4.45703
46.3709 4.50528
46.3724 4.55376
46.3739 4.60248
46.3754 4.65144
46.3769 4.70063
46.3784 4.75006
46.3799 4.79973
46.3814 4.84964
46.3829 4.89979
46.3844 4.95018
46.3859 5.00081
46.3874 5.05168
46.3889 5.10279
46.3904 5.15415
46.3919 5.20575
46.3934 5.25759
46.3949 5.30968
46.3964 5.36202
46.3979 5.4146
46.3994 5.46742
46.401 5.5205
46.4025 5.57382
46.404 5.62739
46.4055 5.68121
46.407 5.73528
46.4085 5.7896
46.41 5.84417
46.4115 5.89899
46.413 5.95407
46.4145 6.00939
46.416 6.06498
46.4175 6.12081
46.419 6.1769
46.4205 6.23325
46.422 6.28985
46.4235 6.34671
46.425 6.40382
46.4265 6.4612
46.428 6.51883
46.4295 6.57672
46.431 6.63487
46.4325 6.69328
46.434 6.75196
46.4355 6.81089
46.437 6.87009
46.4385 6.92955
46.44 6.98928
46.4415 7.04926
46.443 7.10952
46.4445 7.17004
46.446 7.23082
46.4475 7.29188
46.449 7.3532
46.4505 7.41479
46.452 7.47665
46.4535 7.53877
46.455 7.60117
46.4565 7.66384
46.458 7.72678
46.4595 7.78999
46.461 7.85348
46.4625 7.91724
46.464 7.98127
46.4655 8.04558
46.467 8.11016
46.4685 8.17502
46.47 8.24016
46.4715 8.30557
46.473 8.37127
46.4745 8.43724
46.476 8.50349
46.4775 8.57002
46.479 8.63683
46.4805 8.70392
46.482 8.7713
46.4835 8.83895
46.485 8.90689
46.4865 8.97512
46.488 9.04363
46.4895 9.11242
46.491 9.18151
46.4925 9.25087
46.494 9.32053
46.4955 9.39047
46.497 9.46071
46.4985 9.53123
46.5 9.60204
