23.6328 0.0372337
23.6865 0.148935
23.7402 0.288561
23.7939 0.567813
23.8477 1.2194
23.9014 1.62897
23.9551 2.24333
24.0088 2.58774
24.0625 2.37365
24.1162 2.24333
24.17 1.45211
24.2237 1.15424
24.2774 0.772598
24.3311 0.465421
24.3848 0.335103
24.4385 0.17686
24.4922 0.121009
24.546 0.0465421
24.5997 0.0372337
24.6534 0.0279252
24.7071 0.00930841
24.7608 0.00930841
24.8145 0.0279252
24.8682 0.0186168
24.922 0.00930841
24.9757 0
25.0294 0
25.0831 0.0186168
25.1368 0
25.1905 0
25.2442 0
25.298 0
25.3517 0.00930841
25.4054 0.00930841
25.4591 0.0186168
25.5128 0.0279252
25.5665 0.0186168
25.6203 0.0186168
25.674 0.0186168
25.7277 0.0465421
25.7814 0.0372337
25.8351 0.0651589
25.8888 0.0465421
25.9425 0.0744673
25.9963 0.0744673
26.05 0.0651589
26.1037 0.0372337
26.1574 0.00930841
26.2111 0.00930841
26.2648 0.00930841
