-1.82794 0.00311054
-1.75244 0.00288434
-1.67695 0
-1.60145 0
-1.52595 0.0114988
-1.45045 0.00426505
-1.37496 0.0217519
-1.29946 0.0220038
-1.22396 0.027205
-1.14846 0.0441467
-1.07296 0.0453225
-0.997466 0.040671
-0.921968 0.0414849
-0.84647 0.0384682
-0.770973 0.0313471
-0.695475 0.00701631
-0.619977 0.00929443
-0.544479 0.00689484
-0.468981 0.00799183
-0.393483 0.0118571
-0.317986 0.0109949
-0.242488 0.0108325
-0.16699 0.0165444
-0.0914921 0.0531467
-0.0159943 0.223547
0.0595036 0.0890409
0.135001 0.03058
0.210499 0.0166087
0.285997 0.00375632
0.361495 0.00522476
0.436993 0.00710574
0.512491 0.00329451
0.587988 0.00444355
0.663486 0.00875589
0.738984 0.00955198
0.814482 0.0104074
0.88998 0.0125253
0.965478 0.0177073
1.04098 0.0164196
1.11647 0.0157168
1.19197 0.0126003
1.26747 0.0101356
1.34297 0.00717942
1.41846 0.00314711
1.49396 0.00202033
1.56946 0.00156118
1.64496 0.000675572
1.72046 0.000178985
1.79595 0.000165969
1.87145 7.695e-05
