48.6006 0.0185871
48.6544 0.120816
48.7082 0.399623
48.762 0.706311
48.8158 1.27322
48.8696 1.79366
48.9234 2.23975
48.9772 2.56502
49.031 2.48138
49.0848 2.08176
49.1386 1.86801
49.1924 0.985117
49.2462 0.743485
49.3 0.353155
49.3538 0.315981
49.4076 0.195165
49.4614 0.139403
49.5152 0.0464678
49.569 0.0464678
49.6228 0.0185871
49.6766 0.00929356
49.7304 0.0278807
49.7842 0.00929356
49.838 0
49.8918 0
49.9457 0
49.9995 0
50.0533 0
50.1071 0
50.1609 0
50.2147 0
50.2685 0
50.3223 0
50.3761 0.00929356
50.4299 0
50.4837 0
50.5375 0.00929356
50.5913 0.00929356
50.6451 0
50.6989 0.00929356
50.7527 0.0185871
50.8065 0.0278807
50.8603 0.0185871
50.9141 0.0185871
50.9679 0.0185871
51.0217 0
51.0755 0
51.1293 0
51.1831 0
51.2369 0.00929356
