13.5 3.16381
13.5015 3.1044
13.503 3.04526
13.5045 2.98638
13.506 2.92778
13.5075 2.86944
13.509 2.81137
13.5105 2.75356
13.512 2.69603
13.5135 2.63875
13.515 2.58174
13.5165 2.525
13.518 2.46852
13.5195 2.4123
13.521 2.35634
13.5225 2.30065
13.524 2.24522
13.5255 2.19004
13.527 2.13513
13.5285 2.08047
13.53 2.02608
13.5315 1.97194
13.533 1.91806
13.5345 1.86443
13.536 1.81106
13.5375 1.75795
13.539 1.70509
13.5405 1.65248
13.542 1.60013
13.5435 1.54803
13.545 1.49619
13.5465 1.44459
13.548 1.39325
13.5495 1.34216
13.551 1.29131
13.5525 1.24072
13.554 1.19037
13.5555 1.14027
13.557 1.09042
13.5585 1.04082
13.56 0.991463
13.5615 0.942351
13.563 0.893484
13.5645 0.844861
13.566 0.796483
13.5675 0.748347
13.569 0.700454
13.5705 0.652803
13.572 0.605393
13.5735 0.558224
13.575 0.511295
13.5765 0.464606
13.578 0.418156
13.5795 0.371944
13.581 0.325969
13.5825 0.280232
13.584 0.234732
13.5855 0.189467
13.587 0.144438
13.5885 0.0996434
13.59 0.0550832
13.5915 0.0107565
13.593 -0.0333371
13.5945 -0.0771984
13.596 -0.120828
13.5975 -0.164226
13.599 -0.207394
13.6006 -0.250331
13.6021 -0.293039
13.6036 -0.335518
13.6051 -0.377769
13.6066 -0.419792
13.6081 -0.461588
13.6096 -0.503158
13.6111 -0.544501
13.6126 -0.58562
13.6141 -0.626513
13.6156 -0.667182
13.6171 -0.707628
13.6186 -0.747851
13.6201 -0.787851
13.6216 -0.827629
13.6231 -0.867186
13.6246 -0.906522
13.6261 -0.945638
13.6276 -0.984535
13.6291 -1.02321
13.6306 -1.06167
13.6321 -1.09991
13.6336 -1.13794
13.6351 -1.17574
13.6366 -1.21334
13.6381 -1.25071
13.6396 -1.28787
13.6411 -1.32482
13.6426 -1.36155
13.6441 -1.39807
13.6456 -1.43438
13.6471 -1.47047
13.6486 -1.50635
13.6501 -1.54203
13.6516 -1.57749
13.6531 -1.61274
13.6546 -1.64778
13.6561 -1.68262
13.6576 -1.71724
13.6591 -1.75166
13.6606 -1.78587
13.6621 -1.81988
13.6636 -1.85367
13.6651 -1.88727
13.6666 -1.92066
13.6681 -1.95384
13.6696 -1.98682
13.6711 -2.0196
13.6726 -2.05217
13.6741 -2.08455
13.6756 -2.11672
13.6771 -2.14869
13.6786 -2.18046
13.6801 -2.21203
13.6816 -2.2434
13.6831 -2.27458
13.6846 -2.30555
13.6861 -2.33633
13.6876 -2.36691
13.6891 -2.39729
13.6906 -2.42748
13.6921 -2.45747
13.6936 -2.48727
13.6951 -2.51688
13.6966 -2.54629
13.6981 -2.5755
13.6996 -2.60453
13.7011 -2.63336
13.7026 -2.662
13.7041 -2.69045
13.7056 -2.71871
13.7071 -2.74678
13.7086 -2.77466
13.7101 -2.80235
13.7116 -2.82985
13.7131 -2.85717
13.7146 -2.8843
13.7161 -2.91124
13.7176 -2.938
13.7191 -2.96457
13.7206 -2.99095
13.7221 -3.01715
13.7236 -3.04317
13.7251 -3.069
13.7266 -3.09465
13.7281 -3.12012
13.7296 -3.14541
13.7311 -3.17051
13.7326 -3.19544
13.7341 -3.22018
13.7356 -3.24475
13.7371 -3.26913
13.7386 -3.29334
13.7401 -3.31737
13.7416 -3.34122
13.7431 -3.3649
13.7446 -3.3884
13.7461 -3.41172
13.7476 -3.43486
13.7491 -3.45784
13.7506 -3.48063
13.7521 -3.50326
13.7536 -3.52571
13.7551 -3.54799
13.7566 -3.57009
13.7581 -3.59203
13.7596 -3.61379
13.7611 -3.63538
13.7626 -3.6568
13.7641 -3.67805
13.7656 -3.69914
13.7671 -3.72005
13.7686 -3.7408
13.7701 -3.76137
13.7716 -3.78179
13.7731 -3.80203
13.7746 -3.82211
13.7761 -3.84202
13.7776 -3.86177
13.7791 -3.88136
13.7806 -3.90078
13.7821 -3.92003
13.7836 -3.93913
13.7851 -3.95806
13.7866 -3.97683
13.7881 -3.99543
13.7896 -4.01388
13.7911 -4.03217
13.7926 -4.05029
13.7941 -4.06826
13.7956 -4.08607
13.7971 -4.10372
13.7986 -4.12121
13.8002 -4.13855
13.8017 -4.15572
13.8032 -4.17274
13.8047 -4.18961
13.8062 -4.20632
13.8077 -4.22288
13.8092 -4.23928
13.8107 -4.25552
13.8122 -4.27162
13.8137 -4.28756
13.8152 -4.30335
13.8167 -4.31899
13.8182 -4.33447
13.8197 -4.34981
13.8212 -4.36499
13.8227 -4.38002
13.8242 -4.39491
13.8257 -4.40965
13.8272 -4.42423
13.8287 -4.43867
13.8302 -4.45297
13.8317 -4.46711
13.8332 -4.48111
13.8347 -4.49496
13.8362 -4.50867
13.8377 -4.52224
13.8392 -4.53565
13.8407 -4.54893
13.8422 -4.56206
13.8437 -4.57505
13.8452 -4.58789
13.8467 -4.6006
13.8482 -4.61316
13.8497 -4.62558
13.8512 -4.63786
13.8527 -4.65
13.8542 -4.662
13.8557 -4.67386
13.8572 -4.68559
13.8587 -4.69717
13.8602 -4.70862
13.8617 -4.71993
13.8632 -4.7311
13.8647 -4.74214
13.8662 -4.75304
13.8677 -4.76381
13.8692 -4.77444
13.8707 -4.78493
13.8722 -4.7953
13.8737 -4.80553
13.8752 -4.81562
13.8767 -4.82559
13.8782 -4.83542
13.8797 -4.84512
13.8812 -4.85469
13.8827 -4.86413
13.8842 -4.87344
13.8857 -4.88262
13.8872 -4.89167
13.8887 -4.90059
13.8902 -4.90938
13.8917 -4.91805
13.8932 -4.92659
13.8947 -4.935
13.8962 -4.94328
13.8977 -4.95144
13.8992 -4.95948
13.9007 -4.96739
13.9022 -4.97517
13.9037 -4.98283
13.9052 -4.99037
13.9067 -4.99778
13.9082 -5.00507
13.9097 -5.01224
13.9112 -5.01929
13.9127 -5.02621
13.9142 -5.03302
13.9157 -5.0397
13.9172 -5.04627
13.9187 -5.05271
13.9202 -5.05904
13.9217 -5.06525
13.9232 -5.07134
13.9247 -5.07731
13.9262 -5.08316
13.9277 -5.0889
13.9292 -5.09452
13.9307 -5.10003
13.9322 -5.10542
13.9337 -5.11069
13.9352 -5.11586
13.9367 -5.1209
13.9382 -5.12584
13.9397 -5.13066
13.9412 -5.13536
13.9427 -5.13996
13.9442 -5.14444
13.9457 -5.14881
13.9472 -5.15308
13.9487 -5.15723
13.9502 -5.16127
13.9517 -5.1652
13.9532 -5.16902
13.9547 -5.17273
13.9562 -5.17634
13.9577 -5.17983
13.9592 -5.18322
13.9607 -5.18651
13.9622 -5.18968
13.9637 -5.19275
13.9652 -5.19572
13.9667 -5.19858
13.9682 -5.20133
13.9697 -5.20398
13.9712 -5.20653
13.9727 -5.20897
13.9742 -5.21131
13.9757 -5.21355
13.9772 -5.21568
13.9787 -5.21771
13.9802 -5.21964
13.9817 -5.22147
13.9832 -5.2232
13.9847 -5.22483
13.9862 -5.22636
13.9877 -5.2278
13.9892 -5.22913
13.9907 -5.23036
13.9922 -5.2315
13.9937 -5.23254
13.9952 -5.23348
13.9967 -5.23432
13.9982 -5.23507
13.9997 -5.23573
14.0013 -5.23628
14.0028 -5.23675
14.0043 -5.23711
14.0058 -5.23739
14.0073 -5.23757
14.0088 -5.23765
14.0103 -5.23765
14.0118 -5.23755
14.0133 -5.23736
14.0148 -5.23708
14.0163 -5.2367
14.0178 -5.23624
14.0193 -5.23568
14.0208 -5.23504
14.0223 -5.2343
14.0238 -5.23348
14.0253 -5.23257
14.0268 -5.23157
14.0283 -5.23048
14.0298 -5.2293
14.0313 -5.22804
14.0328 -5.22669
14.0343 -5.22525
14.0358 -5.22373
14.0373 -5.22212
14.0388 -5.22043
14.0403 -5.21865
14.0418 -5.21679
14.0433 -5.21485
14.0448 -5.21282
14.0463 -5.2107
14.0478 -5.20851
14.0493 -5.20623
14.0508 -5.20387
14.0523 -5.20143
14.0538 -5.19891
14.0553 -5.19631
14.0568 -5.19363
14.0583 -5.19087
14.0598 -5.18802
14.0613 -5.1851
14.0628 -5.1821
14.0643 -5.17902
14.0658 -5.17587
14.0673 -5.17264
14.0688 -5.16933
14.0703 -5.16594
14.0718 -5.16247
14.0733 -5.15893
14.0748 -5.15532
14.0763 -5.15163
14.0778 -5.14786
14.0793 -5.14402
14.0808 -5.14011
14.0823 -5.13612
14.0838 -5.13206
14.0853 -5.12793
14.0868 -5.12372
14.0883 -5.11945
14.0898 -5.1151
14.0913 -5.11068
14.0928 -5.10619
14.0943 -5.10162
14.0958 -5.09699
14.0973 -5.09229
14.0988 -5.08752
14.1003 -5.08268
14.1018 -5.07777
14.1033 -5.07279
14.1048 -5.06774
14.1063 -5.06263
14.1078 -5.05745
14.1093 -5.0522
14.1108 -5.04689
14.1123 -5.04151
14.1138 -5.03606
14.1153 -5.03055
14.1168 -5.02498
14.1183 -5.01934
14.1198 -5.01363
14.1213 -5.00787
14.1228 -5.00204
14.1243 -4.99614
14.1258 -4.99018
14.1273 -4.98416
14.1288 -4.97808
14.1303 -4.97194
14.1318 -4.96574
14.1333 -4.95947
14.1348 -4.95315
14.1363 -4.94676
14.1378 -4.94031
14.1393 -4.93381
14.1408 -4.92725
14.1423 -4.92062
14.1438 -4.91394
14.1453 -4.9072
14.1468 -4.90041
14.1483 -4.89355
14.1498 -4.88664
14.1513 -4.87968
14.1528 -4.87265
14.1543 -4.86557
14.1558 -4.85844
14.1573 -4.85125
14.1588 -4.844
14.1603 -4.8367
14.1618 -4.82935
14.1633 -4.82195
14.1648 -4.81449
14.1663 -4.80697
14.1678 -4.79941
14.1693 -4.79179
14.1708 -4.78412
14.1723 -4.7764
14.1738 -4.76862
14.1753 -4.7608
14.1768 -4.75293
14.1783 -4.745
14.1798 -4.73703
14.1813 -4.729
14.1828 -4.72093
14.1843 -4.71281
14.1858 -4.70464
14.1873 -4.69642
14.1888 -4.68816
14.1903 -4.67984
14.1918 -4.67148
14.1933 -4.66307
14.1948 -4.65462
14.1963 -4.64612
14.1978 -4.63757
14.1993 -4.62898
14.2009 -4.62035
14.2024 -4.61166
14.2039 -4.60294
14.2054 -4.59417
14.2069 -4.58536
14.2084 -4.5765
14.2099 -4.5676
14.2114 -4.55866
14.2129 -4.54967
14.2144 -4.54064
14.2159 -4.53158
14.2174 -4.52247
14.2189 -4.51331
14.2204 -4.50412
14.2219 -4.49489
14.2234 -4.48562
14.2249 -4.4763
14.2264 -4.46695
14.2279 -4.45756
14.2294 -4.44813
14.2309 -4.43866
14.2324 -4.42915
14.2339 -4.41961
14.2354 -4.41003
14.2369 -4.40041
14.2384 -4.39075
14.2399 -4.38106
14.2414 -4.37133
14.2429 -4.36157
14.2444 -4.35177
14.2459 -4.34193
14.2474 -4.33206
14.2489 -4.32215
14.2504 -4.31221
14.2519 -4.30224
14.2534 -4.29223
14.2549 -4.28219
14.2564 -4.27212
14.2579 -4.26201
14.2594 -4.25187
14.2609 -4.2417
14.2624 -4.2315
14.2639 -4.22126
14.2654 -4.211
14.2669 -4.2007
14.2684 -4.19037
14.2699 -4.18002
14.2714 -4.16963
14.2729 -4.15921
14.2744 -4.14877
14.2759 -4.13829
14.2774 -4.12779
14.2789 -4.11725
14.2804 -4.10669
14.2819 -4.0961
14.2834 -4.08549
14.2849 -4.07484
14.2864 -4.06417
14.2879 -4.05347
14.2894 -4.04275
14.2909 -4.032
14.2924 -4.02123
14.2939 -4.01042
14.2954 -3.9996
14.2969 -3.98875
14.2984 -3.97787
14.2999 -3.96697
14.3014 -3.95605
14.3029 -3.9451
14.3044 -3.93413
14.3059 -3.92314
14.3074 -3.91212
14.3089 -3.90108
14.3104 -3.89002
14.3119 -3.87894
14.3134 -3.86783
14.3149 -3.85671
14.3164 -3.84556
14.3179 -3.83439
14.3194 -3.8232
14.3209 -3.81199
14.3224 -3.80076
14.3239 -3.78952
14.3254 -3.77825
14.3269 -3.76696
14.3284 -3.75565
14.3299 -3.74433
14.3314 -3.73299
14.3329 -3.72163
14.3344 -3.71025
14.3359 -3.69886
14.3374 -3.68744
14.3389 -3.67601
14.3404 -3.66457
14.3419 -3.65311
14.3434 -3.64163
14.3449 -3.63013
14.3464 -3.61863
14.3479 -3.6071
14.3494 -3.59556
14.3509 -3.58401
14.3524 -3.57244
14.3539 -3.56086
14.3554 -3.54926
14.3569 -3.53765
14.3584 -3.52603
14.3599 -3.51439
14.3614 -3.50275
14.3629 -3.49108
14.3644 -3.47941
14.3659 -3.46773
14.3674 -3.45603
14.3689 -3.44432
14.3704 -3.4326
14.3719 -3.42087
14.3734 -3.40913
14.3749 -3.39738
14.3764 -3.38562
14.3779 -3.37385
14.3794 -3.36207
14.3809 -3.35028
14.3824 -3.33848
14.3839 -3.32667
14.3854 -3.31486
14.3869 -3.30303
14.3884 -3.2912
14.3899 -3.27936
14.3914 -3.26751
14.3929 -3.25566
14.3944 -3.2438
14.3959 -3.23193
14.3974 -3.22006
14.3989 -3.20818
14.4005 -3.19629
14.402 -3.1844
14.4035 -3.1725
14.405 -3.1606
14.4065 -3.14869
14.408 -3.13678
14.4095 -3.12486
14.411 -3.11294
14.4125 -3.10101
14.414 -3.08908
14.4155 -3.07715
14.417 -3.06522
14.4185 -3.05328
14.42 -3.04134
14.4215 -3.02939
14.423 -3.01745
14.4245 -3.0055
14.426 -2.99355
14.4275 -2.9816
14.429 -2.96965
14.4305 -2.95769
14.432 -2.94574
14.4335 -2.93379
14.435 -2.92183
14.4365 -2.90988
14.438 -2.89792
14.4395 -2.88597
14.441 -2.87401
14.4425 -2.86206
14.444 -2.85011
14.4455 -2.83816
14.447 -2.82621
14.4485 -2.81426
14.45 -2.80232
14.4515 -2.79038
14.453 -2.77843
14.4545 -2.7665
14.456 -2.75456
14.4575 -2.74263
14.459 -2.7307
14.4605 -2.71878
14.462 -2.70686
14.4635 -2.69494
14.465 -2.68303
14.4665 -2.67113
14.468 -2.65922
14.4695 -2.64733
14.471 -2.63543
14.4725 -2.62355
14.474 -2.61167
14.4755 -2.59979
14.477 -2.58792
14.4785 -2.57606
14.48 -2.5642
14.4815 -2.55235
14.483 -2.54051
14.4845 -2.52868
14.486 -2.51685
14.4875 -2.50503
14.489 -2.49322
14.4905 -2.48141
14.492 -2.46962
14.4935 -2.45783
14.495 -2.44605
14.4965 -2.43428
14.498 -2.42252
14.4995 -2.41077
14.501 -2.39903
14.5025 -2.3873
14.504 -2.37557
14.5055 -2.36386
14.507 -2.35216
14.5085 -2.34047
14.51 -2.32879
14.5115 -2.31712
14.513 -2.30547
14.5145 -2.29382
14.516 -2.28218
14.5175 -2.27056
14.519 -2.25895
14.5205 -2.24735
14.522 -2.23577
14.5235 -2.22419
14.525 -2.21263
14.5265 -2.20109
14.528 -2.18955
14.5295 -2.17803
14.531 -2.16652
14.5325 -2.15503
14.534 -2.14355
14.5355 -2.13209
14.537 -2.12064
14.5385 -2.1092
14.54 -2.09778
14.5415 -2.08637
14.543 -2.07498
14.5445 -2.06361
14.546 -2.05225
14.5475 -2.0409
14.549 -2.02957
14.5505 -2.01826
14.552 -2.00697
14.5535 -1.99569
14.555 -1.98443
14.5565 -1.97318
14.558 -1.96195
14.5595 -1.95074
14.561 -1.93955
14.5625 -1.92837
14.564 -1.91721
14.5655 -1.90607
14.567 -1.89495
14.5685 -1.88385
14.57 -1.87276
14.5715 -1.8617
14.573 -1.85065
14.5745 -1.83962
14.576 -1.82861
14.5775 -1.81762
14.579 -1.80665
14.5805 -1.7957
14.582 -1.78477
14.5835 -1.77386
14.585 -1.76297
14.5865 -1.75211
14.588 -1.74126
14.5895 -1.73043
14.591 -1.71962
14.5925 -1.70884
14.594 -1.69808
14.5955 -1.68733
14.597 -1.67661
14.5985 -1.66591
14.6001 -1.65524
14.6016 -1.64458
14.6031 -1.63395
14.6046 -1.62334
14.6061 -1.61276
14.6076 -1.60219
14.6091 -1.59165
14.6106 -1.58113
14.6121 -1.57064
14.6136 -1.56017
14.6151 -1.54972
14.6166 -1.5393
14.6181 -1.5289
14.6196 -1.51853
14.6211 -1.50818
14.6226 -1.49785
14.6241 -1.48755
14.6256 -1.47728
14.6271 -1.46702
14.6286 -1.4568
14.6301 -1.4466
14.6316 -1.43642
14.6331 -1.42627
14.6346 -1.41615
14.6361 -1.40605
14.6376 -1.39598
14.6391 -1.38594
14.6406 -1.37592
14.6421 -1.36592
14.6436 -1.35596
14.6451 -1.34602
14.6466 -1.33611
14.6481 -1.32622
14.6496 -1.31636
14.6511 -1.30653
14.6526 -1.29673
14.6541 -1.28696
14.6556 -1.27721
14.6571 -1.26749
14.6586 -1.2578
14.6601 -1.24814
14.6616 -1.2385
14.6631 -1.2289
14.6646 -1.21932
14.6661 -1.20977
14.6676 -1.20026
14.6691 -1.19077
14.6706 -1.18131
14.6721 -1.17187
14.6736 -1.16247
14.6751 -1.1531
14.6766 -1.14376
14.6781 -1.13445
14.6796 -1.12517
14.6811 -1.11592
14.6826 -1.10669
14.6841 -1.0975
14.6856 -1.08834
14.6871 -1.07921
14.6886 -1.07012
14.6901 -1.06105
14.6916 -1.05201
14.6931 -1.04301
14.6946 -1.03404
14.6961 -1.02509
14.6976 -1.01618
14.6991 -1.00731
14.7006 -0.99846
14.7021 -0.989646
14.7036 -0.980864
14.7051 -0.972115
14.7066 -0.963398
14.7081 -0.954713
14.7096 -0.946062
14.7111 -0.937443
14.7126 -0.928857
14.7141 -0.920304
14.7156 -0.911784
14.7171 -0.903297
14.7186 -0.894844
14.7201 -0.886425
14.7216 -0.878039
14.7231 -0.869687
14.7246 -0.861369
14.7261 -0.853084
14.7276 -0.844834
14.7291 -0.836619
14.7306 -0.828437
14.7321 -0.82029
14.7336 -0.812178
14.7351 -0.8041
14.7366 -0.796057
14.7381 -0.788049
14.7396 -0.780076
14.7411 -0.772138
14.7426 -0.764235
14.7441 -0.756368
14.7456 -0.748536
14.7471 -0.74074
14.7486 -0.73298
14.7501 -0.725255
14.7516 -0.717566
14.7531 -0.709913
14.7546 -0.702296
14.7561 -0.694715
14.7576 -0.687171
14.7591 -0.679663
14.7606 -0.672192
14.7621 -0.664757
14.7636 -0.657359
14.7651 -0.649997
14.7666 -0.642673
14.7681 -0.635385
14.7696 -0.628135
14.7711 -0.620922
14.7726 -0.613746
14.7741 -0.606608
14.7756 -0.599507
14.7771 -0.592443
14.7786 -0.585418
14.7801 -0.57843
14.7816 -0.571479
14.7831 -0.564567
14.7846 -0.557693
14.7861 -0.550857
14.7876 -0.544059
14.7891 -0.5373
14.7906 -0.530579
14.7921 -0.523896
14.7936 -0.517252
14.7951 -0.510647
14.7966 -0.50408
14.7981 -0.497553
14.7996 -0.491064
14.8012 -0.484614
14.8027 -0.478203
14.8042 -0.471832
14.8057 -0.465499
14.8072 -0.459206
14.8087 -0.452953
14.8102 -0.446739
14.8117 -0.440564
14.8132 -0.434429
14.8147 -0.428334
14.8162 -0.422279
14.8177 -0.416263
14.8192 -0.410288
14.8207 -0.404353
14.8222 -0.398457
14.8237 -0.392602
14.8252 -0.386787
14.8267 -0.381013
14.8282 -0.375279
14.8297 -0.369585
14.8312 -0.363932
14.8327 -0.35832
14.8342 -0.352748
14.8357 -0.347217
14.8372 -0.341727
14.8387 -0.336278
14.8402 -0.33087
14.8417 -0.325503
14.8432 -0.320177
14.8447 -0.314892
14.8462 -0.309648
14.8477 -0.304446
14.8492 -0.299285
14.8507 -0.294166
14.8522 -0.289088
14.8537 -0.284051
14.8552 -0.279057
14.8567 -0.274104
14.8582 -0.269192
14.8597 -0.264323
14.8612 -0.259495
14.8627 -0.254709
14.8642 -0.249966
14.8657 -0.245264
14.8672 -0.240604
14.8687 -0.235987
14.8702 -0.231412
14.8717 -0.226878
14.8732 -0.222388
14.8747 -0.217939
14.8762 -0.213534
14.8777 -0.20917
14.8792 -0.204849
14.8807 -0.200571
14.8822 -0.196335
14.8837 -0.192142
14.8852 -0.187992
14.8867 -0.183885
14.8882 -0.17982
14.8897 -0.175798
14.8912 -0.171819
14.8927 -0.167883
14.8942 -0.16399
14.8957 -0.160141
14.8972 -0.156334
14.8987 -0.15257
14.9002 -0.14885
14.9017 -0.145173
14.9032 -0.141539
14.9047 -0.137948
14.9062 -0.134401
14.9077 -0.130897
14.9092 -0.127436
14.9107 -0.124019
14.9122 -0.120646
14.9137 -0.117316
14.9152 -0.11403
14.9167 -0.110787
14.9182 -0.107588
14.9197 -0.104432
14.9212 -0.101321
14.9227 -0.0982527
14.9242 -0.0952285
14.9257 -0.0922482
14.9272 -0.0893117
14.9287 -0.0864191
14.9302 -0.0835704
14.9317 -0.0807657
14.9332 -0.0780049
14.9347 -0.0752881
14.9362 -0.0726153
14.9377 -0.0699866
14.9392 -0.067402
14.9407 -0.0648614
14.9422 -0.062365
14.9437 -0.0599128
14.9452 -0.0575047
14.9467 -0.0551408
14.9482 -0.0528212
14.9497 -0.0505458
14.9512 -0.0483146
14.9527 -0.0461278
14.9542 -0.0439853
14.9557 -0.041887
14.9572 -0.0398332
14.9587 -0.0378237
14.9602 -0.0358586
14.9617 -0.0339379
14.9632 -0.0320616
14.9647 -0.0302297
14.9662 -0.0284423
14.9677 -0.0266993
14.9692 -0.0250008
14.9707 -0.0233468
14.9722 -0.0217373
14.9737 -0.0201724
14.9752 -0.0186519
14.9767 -0.017176
14.9782 -0.0157446
14.9797 -0.0143578
14.9812 -0.0130155
14.9827 -0.0117179
14.9842 -0.0104647
14.9857 -0.00925623
14.9872 -0.0080923
14.9887 -0.00697298
14.9902 -0.00589825
14.9917 -0.00486814
14.9932 -0.00388263
14.9947 -0.00294174
14.9962 -0.00204547
14.9977 -0.00119382
14.9992 -0.000386784
15.0008 0.000375628
15.0023 0.00109342
15.0038 0.00176659
15.0053 0.00239514
15.0068 0.00297907
15.0083 0.00351839
15.0098 0.0040131
15.0113 0.0044632
15.0128 0.0048687
15.0143 0.0052296
15.0158 0.0055459
15.0173 0.00581762
15.0188 0.00604476
15.0203 0.00622733
15.0218 0.00636533
15.0233 0.00645878
15.0248 0.00650768
15.0263 0.00651205
15.0278 0.0064719
15.0293 0.00638723
15.0308 0.00625806
15.0323 0.0060844
15.0338 0.00586626
15.0353 0.00560367
15.0368 0.00529662
15.0383 0.00494515
15.0398 0.00454926
15.0413 0.00410897
15.0428 0.00362429
15.0443 0.00309525
15.0458 0.00252187
15.0473 0.00190415
15.0488 0.00124213
15.0503 0.000535821
15.0518 -0.000214757
15.0533 -0.00100958
15.0548 -0.00184863
15.0563 -0.00273188
15.0578 -0.0036593
15.0593 -0.00463088
15.0608 -0.00564659
15.0623 -0.00670641
15.0638 -0.0078103
15.0653 -0.00895824
15.0668 -0.0101502
15.0683 -0.0113862
15.0698 -0.0126661
15.0713 -0.01399
15.0728 -0.0153578
15.0743 -0.0167694
15.0758 -0.0182249
15.0773 -0.0197243
15.0788 -0.0212674
15.0803 -0.0228543
15.0818 -0.0244848
15.0833 -0.0261591
15.0848 -0.027877
15.0863 -0.0296386
15.0878 -0.0314437
15.0893 -0.0332923
15.0908 -0.0351845
15.0923 -0.0371201
15.0938 -0.0390992
15.0953 -0.0411216
15.0968 -0.0431874
15.0983 -0.0452966
15.0998 -0.0474489
15.1013 -0.0496445
15.1028 -0.0518833
15.1043 -0.0541653
15.1058 -0.0564903
15.1073 -0.0588584
15.1088 -0.0612695
15.1103 -0.0637235
15.1118 -0.0662205
15.1133 -0.0687604
15.1148 -0.071343
15.1163 -0.0739685
15.1178 -0.0766367
15.1193 -0.0793475
15.1208 -0.082101
15.1223 -0.0848971
15.1238 -0.0877357
15.1253 -0.0906167
15.1268 -0.0935402
15.1283 -0.0965061
15.1298 -0.0995143
15.1313 -0.102565
15.1328 -0.105657
15.1343 -0.108792
15.1358 -0.111969
15.1373 -0.115188
15.1388 -0.118449
15.1403 -0.121752
15.1418 -0.125096
15.1433 -0.128483
15.1448 -0.131911
15.1463 -0.135381
15.1478 -0.138893
15.1493 -0.142446
15.1508 -0.146041
15.1523 -0.149677
15.1538 -0.153354
15.1553 -0.157073
15.1568 -0.160833
15.1583 -0.164634
15.1598 -0.168476
15.1613 -0.17236
15.1628 -0.176284
15.1643 -0.180249
15.1658 -0.184255
15.1673 -0.188302
15.1688 -0.19239
15.1703 -0.196518
15.1718 -0.200687
15.1733 -0.204896
15.1748 -0.209145
15.1763 -0.213435
15.1778 -0.217766
15.1793 -0.222136
15.1808 -0.226547
15.1823 -0.230997
15.1838 -0.235488
15.1853 -0.240018
15.1868 -0.244589
15.1883 -0.249199
15.1898 -0.253848
15.1913 -0.258538
15.1928 -0.263266
15.1943 -0.268035
15.1958 -0.272842
15.1973 -0.277689
15.1988 -0.282575
15.2004 -0.2875
15.2019 -0.292464
15.2034 -0.297467
15.2049 -0.302508
15.2064 -0.307589
15.2079 -0.312708
15.2094 -0.317866
15.2109 -0.323062
15.2124 -0.328297
15.2139 -0.33357
15.2154 -0.338881
15.2169 -0.34423
15.2184 -0.349618
15.2199 -0.355043
15.2214 -0.360506
15.2229 -0.366007
15.2244 -0.371546
15.2259 -0.377122
15.2274 -0.382735
15.2289 -0.388386
15.2304 -0.394075
15.2319 -0.3998
15.2334 -0.405563
15.2349 -0.411362
15.2364 -0.417199
15.2379 -0.423072
15.2394 -0.428982
15.2409 -0.434929
15.2424 -0.440912
15.2439 -0.446932
15.2454 -0.452987
15.2469 -0.459079
15.2484 -0.465208
15.2499 -0.471372
15.2514 -0.477572
15.2529 -0.483807
15.2544 -0.490079
15.2559 -0.496386
15.2574 -0.502728
15.2589 -0.509106
15.2604 -0.515519
15.2619 -0.521967
15.2634 -0.52845
15.2649 -0.534969
15.2664 -0.541521
15.2679 -0.548109
15.2694 -0.554731
15.2709 -0.561388
15.2724 -0.568079
15.2739 -0.574804
15.2754 -0.581563
15.2769 -0.588357
15.2784 -0.595184
15.2799 -0.602045
15.2814 -0.60894
15.2829 -0.615868
15.2844 -0.62283
15.2859 -0.629825
15.2874 -0.636853
15.2889 -0.643914
15.2904 -0.651008
15.2919 -0.658135
15.2934 -0.665295
15.2949 -0.672487
15.2964 -0.679712
15.2979 -0.686969
15.2994 -0.694258
15.3009 -0.701579
15.3024 -0.708932
15.3039 -0.716317
15.3054 -0.723734
15.3069 -0.731183
15.3084 -0.738662
15.3099 -0.746173
15.3114 -0.753716
15.3129 -0.761289
15.3144 -0.768893
15.3159 -0.776528
15.3174 -0.784194
15.3189 -0.79189
15.3204 -0.799617
15.3219 -0.807373
15.3234 -0.81516
15.3249 -0.822977
15.3264 -0.830824
15.3279 -0.838701
15.3294 -0.846607
15.3309 -0.854542
15.3324 -0.862507
15.3339 -0.870501
15.3354 -0.878524
15.3369 -0.886576
15.3384 -0.894656
15.3399 -0.902765
15.3414 -0.910903
15.3429 -0.919069
15.3444 -0.927263
15.3459 -0.935485
15.3474 -0.943735
15.3489 -0.952013
15.3504 -0.960318
15.3519 -0.968651
15.3534 -0.977011
15.3549 -0.985398
15.3564 -0.993812
15.3579 -1.00225
15.3594 -1.01072
15.3609 -1.01922
15.3624 -1.02774
15.3639 -1.03628
15.3654 -1.04486
15.3669 -1.05345
15.3684 -1.06208
15.3699 -1.07073
15.3714 -1.07941
15.3729 -1.08811
15.3744 -1.09683
15.3759 -1.10558
15.3774 -1.11436
15.3789 -1.12316
15.3804 -1.13199
15.3819 -1.14084
15.3834 -1.14971
15.3849 -1.15861
15.3864 -1.16753
15.3879 -1.17647
15.3894 -1.18544
15.3909 -1.19444
15.3924 -1.20345
15.3939 -1.21249
15.3954 -1.22155
15.3969 -1.23064
15.3984 -1.23974
15.3999 -1.24887
15.4015 -1.25802
15.403 -1.2672
15.4045 -1.27639
15.406 -1.28561
15.4075 -1.29485
15.409 -1.30411
15.4105 -1.31339
15.412 -1.32269
15.4135 -1.33202
15.415 -1.34136
15.4165 -1.35073
15.418 -1.36011
15.4195 -1.36952
15.421 -1.37894
15.4225 -1.38839
15.424 -1.39785
15.4255 -1.40733
15.427 -1.41684
15.4285 -1.42636
15.43 -1.4359
15.4315 -1.44546
15.433 -1.45504
15.4345 -1.46464
15.436 -1.47425
15.4375 -1.48389
15.439 -1.49354
15.4405 -1.50321
15.442 -1.51289
15.4435 -1.52259
15.445 -1.53232
15.4465 -1.54205
15.448 -1.55181
15.4495 -1.56158
15.451 -1.57137
15.4525 -1.58117
15.454 -1.59099
15.4555 -1.60082
15.457 -1.61067
15.4585 -1.62054
15.46 -1.63042
15.4615 -1.64032
15.463 -1.65023
15.4645 -1.66015
15.466 -1.67009
15.4675 -1.68005
15.469 -1.69002
15.4705 -1.7
15.472 -1.70999
15.4735 -1.72
15.475 -1.73003
15.4765 -1.74006
15.478 -1.75011
15.4795 -1.76017
15.481 -1.77025
15.4825 -1.78033
15.484 -1.79043
15.4855 -1.80054
15.487 -1.81066
15.4885 -1.82079
15.49 -1.83094
15.4915 -1.84109
15.493 -1.85126
15.4945 -1.86143
15.496 -1.87162
15.4975 -1.88182
15.499 -1.89202
15.5005 -1.90224
15.502 -1.91247
15.5035 -1.9227
15.505 -1.93295
15.5065 -1.9432
15.508 -1.95346
15.5095 -1.96373
15.511 -1.97401
15.5125 -1.9843
15.514 -1.9946
15.5155 -2.0049
15.517 -2.01521
15.5185 -2.02553
15.52 -2.03585
15.5215 -2.04618
15.523 -2.05652
15.5245 -2.06686
15.526 -2.07722
15.5275 -2.08757
15.529 -2.09793
15.5305 -2.1083
15.532 -2.11867
15.5335 -2.12905
15.535 -2.13943
15.5365 -2.14982
15.538 -2.16021
15.5395 -2.17061
15.541 -2.18101
15.5425 -2.19141
15.544 -2.20181
15.5455 -2.21222
15.547 -2.22264
15.5485 -2.23305
15.55 -2.24347
15.5515 -2.25389
15.553 -2.26431
15.5545 -2.27474
15.556 -2.28516
15.5575 -2.29559
15.559 -2.30602
15.5605 -2.31644
15.562 -2.32687
15.5635 -2.3373
15.565 -2.34773
15.5665 -2.35816
15.568 -2.36859
15.5695 -2.37902
15.571 -2.38945
15.5725 -2.39988
15.574 -2.41031
15.5755 -2.42073
15.577 -2.43115
15.5785 -2.44157
15.58 -2.45199
15.5815 -2.46241
15.583 -2.47282
15.5845 -2.48323
15.586 -2.49364
15.5875 -2.50404
15.589 -2.51444
15.5905 -2.52484
15.592 -2.53523
15.5935 -2.54562
15.595 -2.556
15.5965 -2.56638
15.598 -2.57675
15.5995 -2.58712
15.6011 -2.59748
15.6026 -2.60784
15.6041 -2.61819
15.6056 -2.62853
15.6071 -2.63887
15.6086 -2.6492
15.6101 -2.65952
15.6116 -2.66984
15.6131 -2.68014
15.6146 -2.69044
15.6161 -2.70073
15.6176 -2.71102
15.6191 -2.72129
15.6206 -2.73155
15.6221 -2.74181
15.6236 -2.75206
15.6251 -2.76229
15.6266 -2.77252
15.6281 -2.78273
15.6296 -2.79294
15.6311 -2.80313
15.6326 -2.81332
15.6341 -2.82349
15.6356 -2.83365
15.6371 -2.8438
15.6386 -2.85393
15.6401 -2.86406
15.6416 -2.87417
15.6431 -2.88427
15.6446 -2.89435
15.6461 -2.90442
15.6476 -2.91448
15.6491 -2.92452
15.6506 -2.93455
15.6521 -2.94456
15.6536 -2.95456
15.6551 -2.96455
15.6566 -2.97452
15.6581 -2.98447
15.6596 -2.99441
15.6611 -3.00433
15.6626 -3.01423
15.6641 -3.02412
15.6656 -3.03399
15.6671 -3.04384
15.6686 -3.05368
15.6701 -3.0635
15.6716 -3.0733
15.6731 -3.08308
15.6746 -3.09284
15.6761 -3.10258
15.6776 -3.11231
15.6791 -3.12201
15.6806 -3.13169
15.6821 -3.14136
15.6836 -3.151
15.6851 -3.16062
15.6866 -3.17022
15.6881 -3.1798
15.6896 -3.18936
15.6911 -3.1989
15.6926 -3.20841
15.6941 -3.21791
15.6956 -3.22738
15.6971 -3.23682
15.6986 -3.24624
15.7001 -3.25564
15.7016 -3.26502
15.7031 -3.27437
15.7046 -3.28369
15.7061 -3.293
15.7076 -3.30227
15.7091 -3.31152
15.7106 -3.32075
15.7121 -3.32995
15.7136 -3.33912
15.7151 -3.34826
15.7166 -3.35738
15.7181 -3.36647
15.7196 -3.37554
15.7211 -3.38457
15.7226 -3.39358
15.7241 -3.40256
15.7256 -3.41151
15.7271 -3.42044
15.7286 -3.42933
15.7301 -3.43819
15.7316 -3.44702
15.7331 -3.45583
15.7346 -3.4646
15.7361 -3.47334
15.7376 -3.48205
15.7391 -3.49073
15.7406 -3.49937
15.7421 -3.50799
15.7436 -3.51657
15.7451 -3.52512
15.7466 -3.53363
15.7481 -3.54212
15.7496 -3.55057
15.7511 -3.55898
15.7526 -3.56736
15.7541 -3.57571
15.7556 -3.58402
15.7571 -3.59229
15.7586 -3.60053
15.7601 -3.60874
15.7616 -3.61691
15.7631 -3.62504
15.7646 -3.63313
15.7661 -3.64119
15.7676 -3.64921
15.7691 -3.65719
15.7706 -3.66513
15.7721 -3.67304
15.7736 -3.6809
15.7751 -3.68873
15.7766 -3.69652
15.7781 -3.70427
15.7796 -3.71198
15.7811 -3.71964
15.7826 -3.72727
15.7841 -3.73486
15.7856 -3.7424
15.7871 -3.7499
15.7886 -3.75736
15.7901 -3.76478
15.7916 -3.77215
15.7931 -3.77949
15.7946 -3.78678
15.7961 -3.79402
15.7976 -3.80122
15.7991 -3.80838
15.8007 -3.81549
15.8022 -3.82256
15.8037 -3.82958
15.8052 -3.83655
15.8067 -3.84348
15.8082 -3.85036
15.8097 -3.8572
15.8112 -3.86399
15.8127 -3.87073
15.8142 -3.87742
15.8157 -3.88407
15.8172 -3.89067
15.8187 -3.89721
15.8202 -3.90371
15.8217 -3.91016
15.8232 -3.91656
15.8247 -3.92291
15.8262 -3.92921
15.8277 -3.93546
15.8292 -3.94165
15.8307 -3.9478
15.8322 -3.95389
15.8337 -3.95993
15.8352 -3.96592
15.8367 -3.97186
15.8382 -3.97774
15.8397 -3.98357
15.8412 -3.98934
15.8427 -3.99506
15.8442 -4.00072
15.8457 -4.00633
15.8472 -4.01189
15.8487 -4.01739
15.8502 -4.02283
15.8517 -4.02822
15.8532 -4.03354
15.8547 -4.03882
15.8562 -4.04403
15.8577 -4.04919
15.8592 -4.05428
15.8607 -4.05932
15.8622 -4.0643
15.8637 -4.06922
15.8652 -4.07408
15.8667 -4.07889
15.8682 -4.08363
15.8697 -4.0883
15.8712 -4.09292
15.8727 -4.09748
15.8742 -4.10197
15.8757 -4.10641
15.8772 -4.11078
15.8787 -4.11508
15.8802 -4.11933
15.8817 -4.1235
15.8832 -4.12762
15.8847 -4.13167
15.8862 -4.13566
15.8877 -4.13958
15.8892 -4.14343
15.8907 -4.14722
15.8922 -4.15094
15.8937 -4.1546
15.8952 -4.15819
15.8967 -4.16171
15.8982 -4.16516
15.8997 -4.16854
15.9012 -4.17186
15.9027 -4.17511
15.9042 -4.17828
15.9057 -4.18139
15.9072 -4.18443
15.9087 -4.1874
15.9102 -4.19029
15.9117 -4.19312
15.9132 -4.19587
15.9147 -4.19855
15.9162 -4.20116
15.9177 -4.20369
15.9192 -4.20616
15.9207 -4.20855
15.9222 -4.21086
15.9237 -4.2131
15.9252 -4.21527
15.9267 -4.21736
15.9282 -4.21937
15.9297 -4.22131
15.9312 -4.22317
15.9327 -4.22496
15.9342 -4.22667
15.9357 -4.2283
15.9372 -4.22985
15.9387 -4.23133
15.9402 -4.23272
15.9417 -4.23404
15.9432 -4.23528
15.9447 -4.23643
15.9462 -4.23751
15.9477 -4.23851
15.9492 -4.23942
15.9507 -4.24026
15.9522 -4.24101
15.9537 -4.24168
15.9552 -4.24227
15.9567 -4.24277
15.9582 -4.24319
15.9597 -4.24353
15.9612 -4.24378
15.9627 -4.24395
15.9642 -4.24403
15.9657 -4.24403
15.9672 -4.24394
15.9687 -4.24377
15.9702 -4.2435
15.9717 -4.24316
15.9732 -4.24272
15.9747 -4.24219
15.9762 -4.24158
15.9777 -4.24088
15.9792 -4.24009
15.9807 -4.23921
15.9822 -4.23824
15.9837 -4.23718
15.9852 -4.23603
15.9867 -4.23479
15.9882 -4.23345
15.9897 -4.23203
15.9912 -4.23051
15.9927 -4.2289
15.9942 -4.22719
15.9957 -4.22539
15.9972 -4.2235
15.9987 -4.22151
16.0003 -4.21943
16.0018 -4.21725
16.0033 -4.21498
16.0048 -4.21261
16.0063 -4.21014
16.0078 -4.20758
16.0093 -4.20492
16.0108 -4.20216
16.0123 -4.1993
16.0138 -4.19635
16.0153 -4.19329
16.0168 -4.19014
16.0183 -4.18688
16.0198 -4.18353
16.0213 -4.18007
16.0228 -4.17651
16.0243 -4.17285
16.0258 -4.16909
16.0273 -4.16523
16.0288 -4.16126
16.0303 -4.15719
16.0318 -4.15301
16.0333 -4.14874
16.0348 -4.14435
16.0363 -4.13986
16.0378 -4.13527
16.0393 -4.13057
16.0408 -4.12576
16.0423 -4.12084
16.0438 -4.11582
16.0453 -4.11069
16.0468 -4.10546
16.0483 -4.10011
16.0498 -4.09465
16.0513 -4.08909
16.0528 -4.08341
16.0543 -4.07763
16.0558 -4.07173
16.0573 -4.06572
16.0588 -4.0596
16.0603 -4.05337
16.0618 -4.04702
16.0633 -4.04057
16.0648 -4.03399
16.0663 -4.02731
16.0678 -4.02051
16.0693 -4.01359
16.0708 -4.00656
16.0723 -3.99941
16.0738 -3.99215
16.0753 -3.98477
16.0768 -3.97728
16.0783 -3.96966
16.0798 -3.96193
16.0813 -3.95408
16.0828 -3.94611
16.0843 -3.93802
16.0858 -3.92981
16.0873 -3.92148
16.0888 -3.91303
16.0903 -3.90446
16.0918 -3.89576
16.0933 -3.88695
16.0948 -3.87801
16.0963 -3.86895
16.0978 -3.85976
16.0993 -3.85045
16.1008 -3.84102
16.1023 -3.83146
16.1038 -3.82178
16.1053 -3.81197
16.1068 -3.80203
16.1083 -3.79197
16.1098 -3.78178
16.1113 -3.77146
16.1128 -3.76101
16.1143 -3.75044
16.1158 -3.73973
16.1173 -3.7289
16.1188 -3.71793
16.1203 -3.70684
16.1218 -3.69561
16.1233 -3.68426
16.1248 -3.67277
16.1263 -3.66115
16.1278 -3.64939
16.1293 -3.6375
16.1308 -3.62548
16.1323 -3.61333
16.1338 -3.60104
16.1353 -3.58861
16.1368 -3.57605
16.1383 -3.56335
16.1398 -3.55052
16.1413 -3.53754
16.1428 -3.52443
16.1443 -3.51119
16.1458 -3.4978
16.1473 -3.48427
16.1488 -3.47061
16.1503 -3.4568
16.1518 -3.44286
16.1533 -3.42877
16.1548 -3.41454
16.1563 -3.40017
16.1578 -3.38566
16.1593 -3.371
16.1608 -3.3562
16.1623 -3.34126
16.1638 -3.32617
16.1653 -3.31094
16.1668 -3.29556
16.1683 -3.28004
16.1698 -3.26437
16.1713 -3.24855
16.1728 -3.23258
16.1743 -3.21647
16.1758 -3.20021
16.1773 -3.1838
16.1788 -3.16724
16.1803 -3.15053
16.1818 -3.13367
16.1833 -3.11666
16.1848 -3.0995
16.1863 -3.08219
16.1878 -3.06472
16.1893 -3.0471
16.1908 -3.02933
16.1923 -3.0114
16.1938 -2.99332
16.1953 -2.97509
16.1968 -2.9567
16.1983 -2.93815
16.1998 -2.91945
16.2014 -2.90059
16.2029 -2.88157
16.2044 -2.8624
16.2059 -2.84306
16.2074 -2.82357
16.2089 -2.80392
16.2104 -2.78411
16.2119 -2.76414
16.2134 -2.74401
16.2149 -2.72371
16.2164 -2.70326
16.2179 -2.68264
16.2194 -2.66186
16.2209 -2.64091
16.2224 -2.6198
16.2239 -2.59853
16.2254 -2.57709
16.2269 -2.55549
16.2284 -2.53372
16.2299 -2.51178
16.2314 -2.48968
16.2329 -2.46741
16.2344 -2.44497
16.2359 -2.42236
16.2374 -2.39958
16.2389 -2.37664
16.2404 -2.35352
16.2419 -2.33023
16.2434 -2.30677
16.2449 -2.28314
16.2464 -2.25934
16.2479 -2.23537
16.2494 -2.21122
16.2509 -2.1869
16.2524 -2.1624
16.2539 -2.13773
16.2554 -2.11288
16.2569 -2.08786
16.2584 -2.06266
16.2599 -2.03728
16.2614 -2.01173
16.2629 -1.986
16.2644 -1.96008
16.2659 -1.934
16.2674 -1.90773
16.2689 -1.88128
16.2704 -1.85465
16.2719 -1.82783
16.2734 -1.80084
16.2749 -1.77367
16.2764 -1.74631
16.2779 -1.71877
16.2794 -1.69104
16.2809 -1.66313
16.2824 -1.63503
16.2839 -1.60675
16.2854 -1.57829
16.2869 -1.54963
16.2884 -1.52079
16.2899 -1.49177
16.2914 -1.46255
16.2929 -1.43314
16.2944 -1.40355
16.2959 -1.37377
16.2974 -1.34379
16.2989 -1.31362
16.3004 -1.28327
16.3019 -1.25272
16.3034 -1.22198
16.3049 -1.19104
16.3064 -1.15991
16.3079 -1.12859
16.3094 -1.09707
16.3109 -1.06536
16.3124 -1.03345
16.3139 -1.00135
16.3154 -0.969043
16.3169 -0.936544
16.3184 -0.903846
16.3199 -0.870949
16.3214 -0.837854
16.3229 -0.804558
16.3244 -0.771062
16.3259 -0.737366
16.3274 -0.703468
16.3289 -0.669368
16.3304 -0.635065
16.3319 -0.60056
16.3334 -0.565851
16.3349 -0.530937
16.3364 -0.495819
16.3379 -0.460495
16.3394 -0.424966
16.3409 -0.38923
16.3424 -0.353287
16.3439 -0.317137
16.3454 -0.280778
16.3469 -0.244211
16.3484 -0.207434
16.3499 -0.170448
16.3514 -0.133251
16.3529 -0.0958432
16.3544 -0.0582239
16.3559 -0.0203924
16.3574 0.0176518
16.3589 0.0559092
16.3604 0.0943804
16.3619 0.133066
16.3634 0.171967
16.3649 0.211083
16.3664 0.250415
16.3679 0.289964
16.3694 0.32973
16.3709 0.369714
16.3724 0.409916
16.3739 0.450338
16.3754 0.490979
16.3769 0.53184
16.3784 0.572922
16.3799 0.614225
16.3814 0.65575
16.3829 0.697497
16.3844 0.739467
16.3859 0.781661
16.3874 0.82408
16.3889 0.866723
16.3904 0.909591
16.3919 0.952686
16.3934 0.996006
16.3949 1.03955
16.3964 1.08333
16.3979 1.12733
16.3994 1.17157
16.401 1.21603
16.4025 1.26072
16.404 1.30564
16.4055 1.3508
16.407 1.39619
16.4085 1.4418
16.41 1.48765
16.4115 1.53374
16.413 1.58006
16.4145 1.62661
16.416 1.6734
16.4175 1.72043
16.419 1.76769
16.4205 1.81519
16.422 1.86293
16.4235 1.9109
16.425 1.95912
16.4265 2.00757
16.428 2.05626
16.4295 2.1052
16.431 2.15437
16.4325 2.20379
16.434 2.25345
16.4355 2.30336
16.437 2.3535
16.4385 2.40389
16.44 2.45453
16.4415 2.50541
16.443 2.55654
16.4445 2.60792
16.446 2.65954
16.4475 2.71141
16.449 2.76353
16.4505 2.8159
16.452 2.86852
16.4535 2.92138
16.455 2.9745
16.4565 3.02787
16.458 3.0815
16.4595 3.13537
16.461 3.1895
16.4625 3.24389
16.464 3.29853
16.4655 3.35342
16.467 3.40857
16.4685 3.46398
16.47 3.51964
16.4715 3.57556
16.473 3.63174
16.4745 3.68818
16.476 3.74488
16.4775 3.80184
16.479 3.85906
16.4805 3.91654
16.482 3.97428
16.4835 4.03229
16.485 4.09056
16.4865 4.14909
16.488 4.20789
16.4895 4.26695
16.491 4.32628
16.4925 4.38588
16.494 4.44574
16.4955 4.50587
16.497 4.56627
16.4985 4.62694
16.5 4.68787
