0 0.903907
0.1 1.31158
0.2 1.04445
0.3 0.67638
0.4 1.08513
0.5 1.23463
0.6 1.10211
0.7 1.18129
0.8 0.880654
0.9 0.963757
1 0.835203
1.1 0.459816
1.2 0.693981
1.3 1.16635
1.4 0.842388
1.5 0.81425
1.6 0.979406
1.7 0.718591
1.8 1.04363
1.9 0.906327
2 0.838035
2.1 0.873612
2.2 0.736239
2.3 0.834309
2.4 1.21502
2.5 1.04613
2.6 1.11814
2.7 1.19183
2.8 0.929858
2.9 0.966103
3 0.961557
3.1 0.818606
3.2 0.762541
3.3 1.08283
3.4 0.974624
3.5 1.15088
3.6 1.0615
3.7 0.922477
3.8 0.845863
3.9 0.749263
4 1.12603
4.1 0.965075
4.2 0.953982
4.3 -0.612631
4.4 -1.18733
4.5 -0.68517
4.6 -0.862694
4.7 -0.990516
4.8 -1.30769
4.9 -1.15333
5 -0.990788
5.1 -1.14387
5.2 -1.01203
5.3 -0.872629
5.4 -0.985196
5.5 -0.842677
5.6 -0.975076
5.7 -0.938147
5.8 -1.04834
5.9 -0.96047
6 -0.923362
6.1 -0.746938
6.2 -0.94524
6.3 -0.940431
6.4 -0.832671
6.5 -1.07214
6.6 -0.698918
6.7 0.354288
6.8 0.549939
6.9 1.26291
7 1.00258
7.1 0.956015
7.2 0.86221
7.3 0.953519
7.4 0.881125
7.5 0.775915
7.6 1.02283
7.7 1.03652
7.8 0.61505
7.9 1.15482
8 1.16044
8.1 0.892817
8.2 0.890074
8.3 0.970617
8.4 1.32764
8.5 1.13739
8.6 0.686442
8.7 1.03398
8.8 0.489041
8.9 1.03521
9 0.932206
9.1 0.836032
9.2 0.717497
9.3 0.834904
9.4 0.973847
9.5 1.11193
9.6 1.25841
9.7 0.679153
9.8 0.902096
9.9 1.09737
10 0.893501
10.1 0.93484
10.2 0.961845
10.3 0.925658
10.4 0.906719
10.5 1.13709
10.6 1.09499
10.7 0.988809
10.8 0.761935
10.9 0.568231
11 0.884052
11.1 1.12011
11.2 0.916586
11.3 1.13795
11.4 1.06475
11.5 0.7067
11.6 1.08053
11.7 0.899019
11.8 0.809117
11.9 1.02161
12 0.830536
12.1 0.919755
12.2 0.979143
12.3 0.419386
12.4 0.937232
12.5 1.08123
12.6 1.07554
12.7 0.710751
12.8 0.866413
12.9 1.15985
13 1.05946
13.1 0.753238
13.2 1.0976
13.3 0.691869
13.4 0.812287
13.5 0.782936
13.6 0.888234
13.7 0.969944
13.8 0.842375
13.9 0.983488
14 0.874832
14.1 0.947626
14.2 0.842271
14.3 0.744085
14.4 0.959787
14.5 0.805564
14.6 1.01468
14.7 1.08834
14.8 1.11346
14.9 1.10674
15 1.07897
15.1 1.08035
15.2 0.96015
15.3 0.980533
15.4 1.02625
15.5 0.718748
15.6 0.686825
15.7 1.14196
15.8 0.846048
15.9 0.95784
16 0.725424
16.1 0.675132
16.2 0.953673
16.3 1.17533
16.4 0.774853
16.5 1.20053
16.6 0.986257
16.7 1.20727
16.8 0.757729
16.9 0.830017
17 0.358717
17.1 0.605581
17.2 0.857918
17.3 0.832225
17.4 0.859063
17.5 0.801481
17.6 1.24542
17.7 0.908613
17.8 0.860185
17.9 0.789383
18 1.0174
18.1 1.07769
18.2 0.713305
18.3 1.12093
18.4 0.841359
18.5 1.16872
18.6 0.966931
18.7 0.975409
18.8 0.896568
18.9 0.991738
19 0.823398
19.1 0.77777
19.2 0.770882
19.3 0.943651
19.4 1.13782
19.5 0.906553
19.6 0.810967
19.7 1.20588
19.8 1.00487
19.9 0.980024
20 0.799676
20.1 0.915482
20.2 0.982638
20.3 0.647896
20.4 1.03056
20.5 0.92701
20.6 1.16071
20.7 0.909219
20.8 0.830102
20.9 0.877568
21 0.789821
21.1 1.00547
21.2 0.985073
21.3 0.974498
21.4 0.899535
21.5 1.1742
21.6 1.0366
21.7 0.983508
21.8 0.864173
21.9 1.03591
22 1.00699
22.1 0.944242
22.2 0.759105
22.3 1.11043
22.4 0.728616
22.5 0.788652
22.6 0.66798
22.7 0.928033
22.8 0.873302
22.9 0.733101
23 0.985741
23.1 1.12199
23.2 0.947805
23.3 0.754216
23.4 1.10848
23.5 0.972137
23.6 1.00229
23.7 1.20952
23.8 0.55132
23.9 0.993369
24 0.833131
24.1 1.2028
24.2 0.869865
24.3 0.26691
24.4 -0.327548
24.5 -1.01191
24.6 -0.764306
24.7 -0.976903
24.8 -0.762372
24.9 -1.14414
25 -1.12581
25.1 -1.30693
25.2 -1.16317
25.3 -0.683026
25.4 -0.9473
25.5 -1.16444
25.6 -0.823981
25.7 -0.848676
25.8 -1.18485
25.9 -0.802941
26 -1.0593
26.1 -0.597715
26.2 -0.918812
26.3 -1.21163
26.4 -0.891847
26.5 -0.949375
26.6 -0.892579
26.7 -1.02287
26.8 -1.07418
26.9 -0.751691
27 -1.05083
27.1 -0.828489
27.2 -0.765548
27.3 -0.803566
27.4 -0.890148
27.5 -1.22308
27.6 -1.09322
27.7 -1.02154
27.8 -1.15093
27.9 -1.08457
28 -0.995098
28.1 -1.05777
28.2 -1.11697
28.3 -0.688892
28.4 -1.02274
28.5 -0.942726
28.6 -0.903012
28.7 -0.985339
28.8 -0.982544
28.9 -0.915554
29 -1.14835
29.1 -0.809974
29.2 -0.998607
29.3 -0.730467
29.4 -0.985395
29.5 -1.1898
29.6 -0.768409
29.7 -0.944109
29.8 -0.86603
29.9 -0.941564
30 -0.988714
30.1 -0.956109
30.2 -0.845037
30.3 -0.888605
30.4 -1.01693
30.5 -1.1537
30.6 -0.932885
30.7 -1.15263
30.8 -0.769403
30.9 -0.693092
31 -0.911822
31.1 -1.02573
31.2 -0.704187
31.3 -0.909826
31.4 -1.02335
31.5 -0.999876
31.6 -1.09861
31.7 -0.807971
31.8 -0.952287
31.9 -0.732877
32 -0.576201
32.1 -0.96357
32.2 -0.996155
32.3 -1.08595
32.4 -0.862931
32.5 -0.928964
32.6 -1.05989
32.7 -1.0717
32.8 -1.00656
32.9 -0.908461
33 -1.12758
33.1 -0.672305
33.2 -1.32595
33.3 -0.978742
33.4 -0.953286
33.5 -0.871816
33.6 -0.436663
33.7 -0.980036
33.8 -0.93287
33.9 -0.886167
34 -0.790295
34.1 -1.05238
34.2 -1.04133
34.3 -0.352814
34.4 -1.11045
34.5 -0.727251
34.6 -0.833239
34.7 -0.781703
34.8 -0.80311
34.9 -1.35967
35 -0.848224
35.1 -0.925794
35.2 -1.11684
35.3 -0.95331
35.4 -1.26497
35.5 -1.24772
35.6 -0.942988
35.7 -0.872123
35.8 -1.06787
35.9 -1.13892
36 -0.994446
36.1 -0.81671
36.2 -0.970017
36.3 -0.754333
36.4 -0.973495
36.5 -0.854982
36.6 -1.0242
36.7 -0.663835
36.8 -1.07206
36.9 -0.794219
37 -1.08052
37.1 -0.983039
37.2 -0.791268
37.3 -0.63056
37.4 -0.877529
37.5 -1.1547
37.6 -0.97389
37.7 -0.778176
37.8 -1.00587
37.9 -0.816325
38 -1.13312
38.1 -1.3669
38.2 -0.944932
38.3 -0.927241
38.4 -1.05891
38.5 -0.920847
38.6 -1.10431
38.7 -0.732012
38.8 -0.940371
38.9 -0.721889
39 -0.961554
39.1 -0.856229
39.2 -0.845546
39.3 -0.990003
39.4 -1.31162
39.5 -1.08119
39.6 -0.843843
39.7 -0.893476
39.8 -0.884154
39.9 -0.920659
40 -0.8282
40.1 -1.12937
40.2 -0.942387
40.3 -0.932003
40.4 -0.993201
40.5 -0.878446
40.6 -0.951197
40.7 -0.97501
40.8 -0.941061
40.9 -0.79257
41 -1.16375
41.1 -0.855229
41.2 -0.971002
41.3 -1.08439
41.4 -0.768646
41.5 -0.803024
41.6 -0.716784
41.7 -1.07344
41.8 -1.01542
41.9 -0.751972
42 -1.07945
42.1 -1.15045
42.2 -0.87569
42.3 -0.946657
42.4 -1.03804
42.5 -0.801977
42.6 -0.963791
42.7 -1.10704
42.8 -1.10322
42.9 -1.05385
43 -1.27013
43.1 -0.906454
43.2 -0.71584
43.3 -0.942656
43.4 -1.01367
43.5 -0.959605
43.6 -0.92757
43.7 -0.803809
43.8 -0.888468
43.9 -1.11437
44 -0.723004
44.1 -1.04142
44.2 -0.948683
44.3 -0.732969
44.4 -0.641739
44.5 -0.345358
44.6 -0.511023
44.7 -0.890191
44.8 -1.10336
44.9 -0.87071
45 -0.865595
45.1 -0.873848
45.2 -1.20614
45.3 -0.88125
45.4 -1.23351
45.5 -1.13489
45.6 -1.09393
45.7 -0.934533
45.8 -0.945816
45.9 -1.13853
46 -1.14509
46.1 -0.721585
46.2 -0.488802
46.3 -0.787829
46.4 -0.974279
46.5 -0.987941
46.6 -0.930203
46.7 -1.15864
46.8 -0.855282
46.9 -1.08002
47 -1.00045
47.1 -0.89101
47.2 -1.14677
47.3 -1.04242
47.4 -0.978876
47.5 -1.02566
47.6 -0.575521
47.7 -1.01869
47.8 -1.12516
47.9 -1.13947
48 -0.948456
48.1 -1.06793
48.2 -1.07167
48.3 -1.04189
48.4 -1.15476
48.5 -0.806612
48.6 -0.93917
48.7 -0.737716
48.8 -0.953736
48.9 -1.14742
49 -1.2248
49.1 -0.441116
49.2 -0.70512
49.3 -0.844096
49.4 -0.917594
49.5 -1.09077
49.6 -1.17624
49.7 -0.721381
49.8 -0.918891
49.9 -1.10186
50 -1.0953
50.1 -0.901647
50.2 -0.779464
50.3 -0.818148
50.4 -0.750192
50.5 -0.885261
50.6 -0.880802
50.7 -0.954106
50.8 -1.26521
50.9 -1.01694
51 -1.13209
51.1 -0.665171
51.2 -0.828768
51.3 -0.840281
51.4 -0.573204
51.5 -0.792585
51.6 -0.992736
51.7 -0.895693
51.8 -1.05028
51.9 -1.16687
52 -1.00047
52.1 -0.977744
52.2 -1.00422
52.3 -0.924068
52.4 -0.962236
52.5 -0.93861
52.6 -0.73862
52.7 -0.985988
52.8 -0.795254
52.9 -0.851987
53 -0.93666
53.1 -0.811931
53.2 -0.988764
53.3 -0.981246
53.4 -1.10737
53.5 -0.990516
53.6 -0.647274
53.7 -1.0689
53.8 -1.13832
53.9 -0.920688
54 -1.08192
54.1 -1.01161
54.2 -1.13048
54.3 -0.725614
54.4 -0.813628
54.5 -1.08291
54.6 -0.900514
54.7 -0.97117
54.8 -0.855733
54.9 -0.828786
55 -0.641704
55.1 -1.01897
55.2 -0.96507
55.3 -0.999795
55.4 -1.09743
55.5 -0.876761
55.6 -0.992733
55.7 -0.64732
55.8 -1.06769
55.9 -0.700932
56 -0.881746
56.1 -1.04481
56.2 -0.845098
56.3 -0.887828
56.4 -1.24405
56.5 -1.09666
56.6 -1.18106
56.7 -1.04667
56.8 -1.02751
56.9 -0.802776
57 -1.05871
57.1 -0.842236
57.2 -0.880273
57.3 -1.08337
57.4 -1.02047
57.5 -0.945568
57.6 -0.86953
57.7 -0.765111
57.8 -0.802316
57.9 -1.00297
58 -0.753982
58.1 -1.14734
58.2 -0.679939
58.3 -0.997516
58.4 -1.01889
58.5 -0.963772
58.6 -0.234806
58.7 -0.922504
58.8 -0.888299
58.9 -1.02257
59 -0.956979
59.1 -0.956221
59.2 -0.875792
59.3 -0.768064
59.4 -1.33847
59.5 -0.900648
59.6 -0.803874
59.7 -0.957624
59.8 -1.16102
59.9 -0.891565
60 -0.866632
60.1 -0.852519
60.2 -1.04323
60.3 -1.01787
60.4 -1.08095
60.5 -1.03445
60.6 -1.16958
60.7 -0.726094
60.8 -0.855693
60.9 -0.858125
61 -1.18912
61.1 -1.11104
61.2 -0.97299
61.3 -0.925902
61.4 -0.838561
61.5 -0.893696
61.6 -0.969538
61.7 -0.932135
61.8 -0.957472
61.9 -0.984291
62 -1.03941
62.1 -1.13825
62.2 -0.775756
62.3 -1.09438
62.4 -0.697307
62.5 -0.760713
62.6 -1.17891
62.7 -0.611352
62.8 -0.460759
62.9 1.04758
63 0.591849
63.1 0.525156
63.2 1.02686
63.3 0.828969
63.4 1.11202
63.5 0.982867
63.6 0.985226
63.7 0.851801
63.8 1.00469
63.9 0.593302
64 1.0015
64.1 0.403053
64.2 0.635555
64.3 1.04544
64.4 0.816306
64.5 0.375282
64.6 0.690089
64.7 0.795498
64.8 1.06467
64.9 0.93504
65 0.756493
65.1 0.922881
65.2 0.776932
65.3 0.6506
65.4 0.955964
65.5 0.930389
65.6 0.439633
65.7 0.107716
65.8 -0.94488
65.9 -0.678626
66 -1.15894
66.1 -0.919791
66.2 -0.953744
66.3 -0.922379
66.4 -1.08219
66.5 -1.08636
66.6 -0.810334
66.7 -0.959612
66.8 -0.929023
66.9 -0.771209
67 -0.88974
67.1 -0.950123
67.2 -0.943848
67.3 -0.923692
67.4 -0.839161
67.5 -0.71128
67.6 -0.902882
67.7 -0.973295
67.8 -0.724885
67.9 -0.696726
68 -1.08985
68.1 -0.991778
68.2 -1.0943
68.3 -0.845823
68.4 -0.885989
68.5 -0.852203
68.6 -0.953759
68.7 -1.07454
68.8 -1.01737
68.9 -0.973763
69 -0.897976
69.1 -0.764972
69.2 -0.750952
69.3 -1.03853
69.4 -0.839315
69.5 -0.75341
69.6 -0.913754
69.7 -1.22283
69.8 -0.858859
69.9 -1.06119
70 -1.16493
70.1 -0.827533
70.2 -0.86333
70.3 -0.704083
70.4 -0.996502
70.5 -0.62385
70.6 -0.928304
70.7 -0.907925
70.8 -0.785699
70.9 -0.99124
71 -1.02638
71.1 -1.20184
71.2 -1.03325
71.3 -1.02635
71.4 -1.12819
71.5 -0.986505
71.6 -1.23541
71.7 -0.890069
71.8 -1.21937
71.9 -0.941425
72 -0.962056
72.1 -0.300523
72.2 -0.815846
72.3 -1.12428
72.4 -0.972635
72.5 -1.09331
72.6 -1.01181
72.7 -1.17155
72.8 -0.894373
72.9 -1.1001
73 -1.10722
73.1 -0.988005
73.2 -0.762872
73.3 -1.13845
73.4 -1.08921
73.5 -1.09984
73.6 -1.11724
73.7 -1.02296
73.8 -0.764001
73.9 -0.962841
74 -0.837934
74.1 -0.798406
74.2 -1.09479
74.3 -0.908399
74.4 -1.05477
74.5 -0.658963
74.6 -0.545345
74.7 -1.09159
74.8 -0.927741
74.9 -0.70375
75 -0.923495
75.1 -0.931894
75.2 -0.592199
75.3 -1.0325
75.4 -1.22642
75.5 -1.0077
75.6 -0.850529
75.7 -0.878648
75.8 -0.936801
75.9 -0.995252
76 -0.983676
76.1 -1.02828
76.2 -0.837309
76.3 -1.07716
76.4 -0.904405
76.5 -0.757956
76.6 -0.618174
76.7 -0.952698
76.8 -0.77405
76.9 -0.961049
77 -0.721902
77.1 -0.91208
77.2 -1.06207
77.3 -1.02058
77.4 -1.07048
77.5 -0.971327
77.6 -1.02121
77.7 -0.489692
77.8 -0.800827
77.9 -1.02032
78 -0.885457
78.1 -1.00865
78.2 -1.11128
78.3 -0.92531
78.4 -1.07968
78.5 -1.17308
78.6 -0.829134
78.7 -0.822887
78.8 -1.02441
78.9 -0.865889
79 -0.943534
79.1 -1.01749
79.2 -0.962096
79.3 -0.942906
79.4 -0.843729
79.5 -0.849319
79.6 -1.02654
79.7 -0.954662
79.8 -0.957728
79.9 -1.09605
80 -0.679947
80.1 -1.10962
80.2 -0.991194
80.3 -1.0974
80.4 -0.918213
80.5 -1.11385
80.6 -0.99418
80.7 -0.98179
80.8 -0.823561
80.9 -1.01995
81 -1.14904
81.1 -0.96659
81.2 -0.862953
81.3 -0.317737
81.4 -0.92236
81.5 -1.10786
81.6 -0.888809
81.7 -0.695116
81.8 -0.947828
81.9 -0.904353
82 -1.06131
82.1 -1.02707
82.2 -1.10803
82.3 -1.02765
82.4 -0.76674
82.5 -1.06059
82.6 -1.23248
82.7 -1.0609
82.8 -1.1606
82.9 -0.948033
83 -1.08532
83.1 -1.31543
83.2 -0.986256
83.3 -1.0568
83.4 -0.919763
83.5 -1.04067
83.6 -0.751328
83.7 -0.871252
83.8 -1.0056
83.9 -1.00465
84 -0.795579
84.1 -0.691838
84.2 -0.913393
84.3 -1.24287
84.4 -0.734825
84.5 -1.17063
84.6 -0.932157
84.7 -0.813928
84.8 -1.03087
84.9 -0.938709
85 -0.922389
85.1 -0.751651
85.2 -1.30061
85.3 -0.880624
85.4 -0.98917
85.5 -0.91159
85.6 -0.93991
85.7 -0.870762
85.8 -0.720476
85.9 -0.399758
86 -0.861827
86.1 -0.95501
86.2 -1.00414
86.3 -0.944738
86.4 -1.00548
86.5 -0.811954
86.6 -1.01854
86.7 -0.902318
86.8 -0.940023
86.9 -1.05224
87 -0.994337
87.1 -0.867113
87.2 -0.3849
87.3 -1.10049
87.4 -0.941151
87.5 -1.0017
87.6 -1.00639
87.7 -1.07053
87.8 -1.13179
87.9 -0.888595
88 -0.66508
88.1 -0.623782
88.2 -0.780911
88.3 -1.09958
88.4 -0.923849
88.5 -1.05964
88.6 -0.730382
88.7 -1.045
88.8 -1.05146
88.9 -1.15225
89 -1.02866
89.1 -1.01272
89.2 -0.863064
89.3 -1.00363
89.4 -0.849691
89.5 -0.988987
89.6 -1.1738
89.7 -0.920715
89.8 -0.941154
89.9 -0.856378
90 -1.00726
90.1 -1.11976
90.2 -0.932852
90.3 -1.35835
90.4 -0.647852
90.5 -1.16201
90.6 -0.906673
90.7 -1.11588
90.8 -0.946532
90.9 -0.596698
91 -0.819431
91.1 -1.01584
91.2 -1.09035
91.3 -0.978349
91.4 -1.07185
91.5 -0.957481
91.6 -0.519047
91.7 -0.980553
91.8 -0.925633
91.9 -1.15222
92 -0.993349
92.1 -1.0019
92.2 -0.641304
92.3 -1.0029
92.4 -1.06921
92.5 -0.763754
92.6 -0.980913
92.7 -0.954177
92.8 -1.1145
92.9 -1.12345
93 -1.44086
93.1 -0.95419
93.2 -0.940793
93.3 -0.822582
93.4 -1.16853
93.5 -1.04002
93.6 -0.930263
93.7 -1.0191
93.8 -0.74446
93.9 -0.482531
94 -0.919653
94.1 -0.886452
94.2 -1.11244
94.3 -0.890968
94.4 -1.08195
94.5 -0.972168
94.6 -1.16177
94.7 -1.05507
94.8 -1.09384
94.9 -0.80931
95 -1.21258
95.1 -0.918155
95.2 -0.822462
95.3 -0.899986
95.4 -1.06302
95.5 -0.930492
95.6 -1.07868
95.7 -0.842269
95.8 -0.962908
95.9 -1.07641
96 -1.23708
96.1 -1.30477
96.2 -1.00339
96.3 -1.03845
96.4 -0.816571
96.5 -1.02928
96.6 -0.829027
96.7 -0.865627
96.8 -1.12701
96.9 -0.978003
97 -1.04859
97.1 -1.26249
97.2 -1.15452
97.3 -1.06234
97.4 -0.753831
97.5 -0.938206
97.6 -1.22284
97.7 -1.07937
97.8 -1.03479
97.9 -1.17866
98 -1.19576
98.1 -0.870814
98.2 -1.06413
98.3 -1.12823
98.4 -1.21687
98.5 -0.815179
98.6 -0.744867
98.7 -0.691039
98.8 -0.901583
98.9 -0.443728
99 -0.873203
99.1 -1.0837
99.2 -1.01887
99.3 -0.902377
99.4 -0.96532
99.5 -0.849926
99.6 -0.751702
99.7 -1.09442
99.8 -0.911234
99.9 -1.27281
100 -0.531702
100.001 -0.529461
