0 0.0945745
0.1 0.103598
0.2 0.113569
0.3 0.127866
0.4 0.145821
0.5 0.169089
0.6 0.175683
0.7 0.191855
0.8 0.212845
0.9 0.220299
1 0.236731
1.1 0.245655
1.2 0.270253
1.3 0.275326
1.4 0.296555
1.5 0.308542
1.6 0.328183
1.7 0.346037
1.8 0.349008
1.9 0.358524
2 0.357765
2.1 0.382359
2.2 0.406819
2.3 0.385174
2.4 0.40857
2.5 0.402403
2.6 0.408988
2.7 0.42122
2.8 0.450236
2.9 0.481582
3 0.488214
3.1 0.495546
3.2 0.487686
3.3 0.489473
3.4 0.491823
3.5 0.501164
3.6 0.500273
3.7 0.513157
3.8 0.541195
3.9 0.536603
4 0.547646
4.1 0.542216
4.2 0.547291
4.3 0.563894
4.4 0.568888
4.5 0.576818
4.6 0.587096
4.7 0.58783
4.8 0.58269
4.9 0.59232
5 0.58988
5.1 0.597104
5.2 0.619516
5.3 0.597337
5.4 0.620076
5.5 0.619493
5.6 0.648402
5.7 0.63147
5.8 0.670177
5.9 0.662743
6 0.650491
6.1 0.670358
6.2 0.671855
6.3 0.685583
6.4 0.672098
6.5 0.690275
6.6 0.690776
6.7 0.708839
6.8 0.716054
6.9 0.728423
7 0.723934
7.1 0.711415
7.2 0.733206
7.3 0.734419
7.4 0.749498
7.5 0.743318
7.6 0.75617
7.7 0.752329
7.8 0.749021
7.9 0.758226
8 0.766694
8.1 0.772162
8.2 0.789005
8.3 0.785736
8.4 0.769478
8.5 0.773992
8.6 0.792379
8.7 0.792268
8.8 0.804397
8.9 0.806067
9 0.803294
9.1 0.817411
9.2 0.820688
9.3 0.820657
9.4 0.819882
9.5 0.808684
9.6 0.83945
9.7 0.828863
9.8 0.817579
9.9 0.846291
10 0.844724
10.1 0.831998
10.2 0.838111
10.3 0.841048
10.4 0.855441
10.5 0.839295
10.6 0.826404
10.7 0.864273
10.8 0.848707
10.9 0.854649
11 0.84516
11.1 0.857187
11.2 0.869058
11.3 0.863137
11.4 0.839359
11.5 0.864189
11.6 0.858654
11.7 0.873714
11.8 0.862417
11.9 0.862974
12 0.851078
12.1 0.870386
12.2 0.886588
12.3 0.872991
12.4 0.871559
12.5 0.877963
12.6 0.883838
12.7 0.896254
12.8 0.877203
12.9 0.894221
13 0.864058
13.1 0.867226
13.2 0.902218
13.3 0.880396
13.4 0.881039
13.5 0.879637
13.6 0.887154
13.7 0.878331
13.8 0.885151
13.9 0.886793
14 0.872152
14.1 0.867616
14.2 0.874933
14.3 0.882186
14.4 0.890383
14.5 0.893337
14.6 0.8995
14.7 0.886668
14.8 0.891924
14.9 0.908665
15 0.900299
15.1 0.889458
15.2 0.89636
15.3 0.894526
15.4 0.879586
15.5 0.874869
15.6 0.901481
15.7 0.905408
15.8 0.918136
15.9 0.893719
16 0.89086
16.1 0.888593
16.2 0.889355
16.3 0.898944
16.4 0.90234
16.5 0.881181
16.6 0.887536
16.7 0.89279
16.8 0.891732
16.9 0.908039
17 0.907173
17.1 0.88311
17.2 0.909492
17.3 0.889186
17.4 0.894447
17.5 0.901787
17.6 0.879476
17.7 0.896766
17.8 0.902294
17.9 0.897698
18 0.884683
18.1 0.898845
18.2 0.897835
18.3 0.88543
18.4 0.897683
18.5 0.904061
18.6 0.909405
18.7 0.895544
18.8 0.905265
18.9 0.878455
19 0.896899
19.1 0.896187
19.2 0.890631
19.3 0.875365
19.4 0.892615
19.5 0.891843
19.6 0.887442
19.7 0.911449
19.8 0.892605
19.9 0.884012
20 0.883347
20.1 0.87419
20.2 0.884719
20.3 0.867323
20.4 0.878304
20.5 0.904763
20.6 0.887995
20.7 0.908726
20.8 0.899622
20.9 0.899069
21 0.892655
21.1 0.886541
21.2 0.885517
21.3 0.900519
21.4 0.88063
21.5 0.906825
21.6 0.887985
21.7 0.883737
21.8 0.889124
21.9 0.863551
22 0.888102
22.1 0.871045
22.2 0.879956
22.3 0.878681
22.4 0.894106
22.5 0.871877
22.6 0.869218
22.7 0.88937
22.8 0.869524
22.9 0.878975
23 0.878594
23.1 0.860707
23.2 0.879232
23.3 0.873686
23.4 0.872324
23.5 0.874471
23.6 0.855121
23.7 0.845867
23.8 0.872829
23.9 0.8656
24 0.856183
24.1 0.867525
24.2 0.86656
24.3 0.852227
24.4 0.850637
24.5 0.866781
24.6 0.863614
24.7 0.865843
24.8 0.880855
24.9 0.878793
25 0.851563
25.1 0.86347
25.2 0.862881
25.3 0.848687
25.4 0.857451
25.5 0.862184
25.6 0.874428
25.7 0.872919
25.8 0.866265
25.9 0.841981
26 0.845022
26.1 0.855562
26.2 0.851647
26.3 0.847042
26.4 0.854566
26.5 0.832499
26.6 0.859817
26.7 0.860365
26.8 0.858122
26.9 0.853727
27 0.854101
27.1 0.832082
27.2 0.863545
27.3 0.851017
27.4 0.860977
27.5 0.854261
27.6 0.849214
27.7 0.852655
27.8 0.872432
27.9 0.842405
28 0.849547
28.1 0.847944
28.2 0.835067
28.3 0.865434
28.4 0.858744
28.5 0.834583
28.6 0.842493
28.7 0.837073
28.8 0.845276
28.9 0.857011
29 0.825805
29.1 0.82932
29.2 0.829436
29.3 0.825171
29.4 0.846454
29.5 0.823037
29.6 0.846801
29.7 0.836291
29.8 0.822548
29.9 0.852753
30 0.854839
30.1 0.866512
30.2 0.847831
30.3 0.842907
30.4 0.858109
30.5 0.861023
30.6 0.841433
30.7 0.836891
30.8 0.842255
30.9 0.848795
31 0.824527
31.1 0.841371
31.2 0.847968
31.3 0.841471
31.4 0.81183
31.5 0.807988
31.6 0.815584
31.7 0.817837
31.8 0.818245
31.9 0.824043
32 0.812073
32.1 0.816049
32.2 0.829652
32.3 0.824652
32.4 0.829846
32.5 0.8169
32.6 0.827328
32.7 0.831738
32.8 0.804736
32.9 0.828859
33 0.8179
33.1 0.817454
33.2 0.826082
33.3 0.807342
33.4 0.839213
33.5 0.803467
33.6 0.810632
33.7 0.805996
33.8 0.810019
33.9 0.809457
34 0.788672
34.1 0.817389
34.2 0.847639
34.3 0.817413
34.4 0.822501
34.5 0.812217
34.6 0.806185
34.7 0.83101
34.8 0.834017
34.9 0.832733
35 0.840102
35.1 0.823358
35.2 0.817248
35.3 0.825571
35.4 0.813528
35.5 0.81371
35.6 0.816387
35.7 0.834054
35.8 0.820681
35.9 0.819886
36 0.819553
36.1 0.791961
36.2 0.805762
36.3 0.792534
36.4 0.808569
36.5 0.811725
36.6 0.830544
36.7 0.811557
36.8 0.824306
36.9 0.811025
37 0.823989
37.1 0.808297
37.2 0.809846
37.3 0.805863
37.4 0.802316
37.5 0.829373
37.6 0.809151
37.7 0.804339
37.8 0.811333
37.9 0.808079
38 0.806829
38.1 0.830232
38.2 0.820423
38.3 0.824066
38.4 0.792058
38.5 0.786969
38.6 0.798239
38.7 0.794249
38.8 0.797594
38.9 0.806634
39 0.816918
39.1 0.793682
39.2 0.7842
39.3 0.804376
39.4 0.797786
39.5 0.791894
39.6 0.783847
39.7 0.801508
39.8 0.801988
39.9 0.81347
40 0.797895
40.1 0.800236
40.2 0.803459
40.3 0.803069
40.4 0.797227
40.5 0.796352
40.6 0.797797
40.7 0.811226
40.8 0.799799
40.9 0.791933
41 0.787294
41.1 0.79144
41.2 0.781848
41.3 0.792269
41.4 0.788193
41.5 0.790319
41.6 0.793625
41.7 0.79292
41.8 0.784802
41.9 0.797329
42 0.788246
42.1 0.780678
42.2 0.79965
42.3 0.77177
42.4 0.769697
42.5 0.786733
42.6 0.779152
42.7 0.802152
42.8 0.79786
42.9 0.81353
43 0.792973
43.1 0.792717
43.2 0.788876
43.3 0.795999
43.4 0.797378
43.5 0.791103
43.6 0.802988
43.7 0.806905
43.8 0.817134
43.9 0.804558
44 0.784946
44.1 0.787974
44.2 0.799566
44.3 0.815408
44.4 0.791201
44.5 0.807068
44.6 0.813707
44.7 0.784053
44.8 0.792788
44.9 0.78994
45 0.794826
45.1 0.791095
45.2 0.8191
45.3 0.798734
45.4 0.79583
45.5 0.808133
45.6 0.814275
45.7 0.817669
45.8 0.803556
45.9 0.803679
46 0.814621
46.1 0.823119
46.2 0.80971
46.3 0.819143
46.4 0.792703
46.5 0.804298
46.6 0.812789
46.7 0.793714
46.8 0.790546
46.9 0.810222
47 0.781565
47.1 0.790388
47.2 0.796941
47.3 0.795516
47.4 0.789996
47.5 0.814382
47.6 0.799196
47.7 0.811758
47.8 0.827606
47.9 0.827154
48 0.791276
48.1 0.803971
48.2 0.826211
48.3 0.810108
48.4 0.797732
48.5 0.811108
48.6 0.786955
48.7 0.800296
48.8 0.788909
48.9 0.785775
49 0.793824
49.1 0.784341
49.2 0.796768
49.3 0.781408
49.4 0.791783
49.5 0.769554
49.6 0.778438
49.7 0.774927
49.8 0.777956
49.9 0.781014
50 0.776971
50.1 0.78596
50.2 0.782983
50.3 0.773373
50.4 0.769064
50.5 0.77872
50.6 0.792069
50.7 0.786487
50.8 0.78647
50.9 0.785973
51 0.785002
51.1 0.772017
51.2 0.775602
51.3 0.774301
51.4 0.76809
51.5 0.764224
51.6 0.770824
51.7 0.774532
51.8 0.765795
51.9 0.776543
52 0.772813
52.1 0.771633
52.2 0.775782
52.3 0.756919
52.4 0.772882
52.5 0.770516
52.6 0.786771
52.7 0.784496
52.8 0.785744
52.9 0.77986
53 0.790187
53.1 0.778884
53.2 0.788682
53.3 0.774912
53.4 0.799303
53.5 0.790543
53.6 0.773252
53.7 0.793835
53.8 0.776432
53.9 0.779798
54 0.781339
54.1 0.781166
54.2 0.770779
54.3 0.777114
54.4 0.789158
54.5 0.755404
54.6 0.782546
54.7 0.756149
54.8 0.762432
54.9 0.761508
55 0.759276
55.1 0.756743
55.2 0.770186
55.3 0.749652
55.4 0.761486
55.5 0.76538
55.6 0.768056
55.7 0.767877
55.8 0.751431
55.9 0.748667
56 0.751195
56.1 0.745986
56.2 0.749792
56.3 0.73424
56.4 0.731931
56.5 0.74291
56.6 0.748745
56.7 0.76012
56.8 0.740568
56.9 0.746425
57 0.749886
57.1 0.749796
57.2 0.758353
57.3 0.764973
57.4 0.764013
57.5 0.730122
57.6 0.748076
57.7 0.757033
57.8 0.761416
57.9 0.747131
58 0.733987
58.1 0.737907
58.2 0.738815
58.3 0.751496
58.4 0.753026
58.5 0.74158
58.6 0.735406
58.7 0.749856
58.8 0.735989
58.9 0.730724
59 0.740688
59.1 0.748388
59.2 0.756623
59.3 0.75623
59.4 0.74395
59.5 0.747029
59.6 0.738857
59.7 0.742998
59.8 0.744516
59.9 0.733613
60 0.72873
60.1 0.733183
60.2 0.747616
60.3 0.743143
60.4 0.727964
60.5 0.738998
60.6 0.731292
60.7 0.740658
60.8 0.750366
60.9 0.733466
61 0.743458
61.1 0.749543
61.2 0.750643
61.3 0.736201
61.4 0.728016
61.5 0.721456
61.6 0.736213
61.7 0.737313
61.8 0.759764
61.9 0.740084
62 0.714168
62.1 0.746053
62.2 0.736074
62.3 0.731549
62.4 0.728661
62.5 0.747967
62.6 0.741548
62.7 0.752536
62.8 0.738489
62.9 0.729296
63 0.762049
63.1 0.754187
63.2 0.739107
63.3 0.74326
63.4 0.764259
63.5 0.748985
63.6 0.750695
63.7 0.744096
63.8 0.744665
63.9 0.739825
64 0.737057
64.1 0.746617
64.2 0.758924
64.3 0.75606
64.4 0.744871
64.5 0.758883
64.6 0.746887
64.7 0.759684
64.8 0.759268
64.9 0.769771
65 0.750521
65.1 0.748398
65.2 0.765194
65.3 0.751841
65.4 0.763265
65.5 0.743419
65.6 0.740837
65.7 0.754024
65.8 0.770566
65.9 0.753938
66 0.759297
66.1 0.752599
66.2 0.751064
66.3 0.753659
66.4 0.766875
66.5 0.752127
66.6 0.752649
66.7 0.753425
66.8 0.760502
66.9 0.735831
67 0.746619
67.1 0.73931
67.2 0.752107
67.3 0.743245
67.4 0.764512
67.5 0.749548
67.6 0.753087
67.7 0.741607
67.8 0.757119
67.9 0.735344
68 0.757057
68.1 0.771471
68.2 0.745093
68.3 0.747887
68.4 0.749818
68.5 0.761691
68.6 0.758737
68.7 0.757024
68.8 0.737164
68.9 0.757783
69 0.760131
69.1 0.779957
69.2 0.777707
69.3 0.771672
69.4 0.761932
69.5 0.764593
69.6 0.744974
69.7 0.742351
69.8 0.753981
69.9 0.754541
70 0.755194
70.1 0.762409
70.2 0.750497
70.3 0.75104
70.4 0.741072
70.5 0.755288
70.6 0.732121
70.7 0.747561
70.8 0.761177
70.9 0.738956
71 0.755884
71.1 0.752463
71.2 0.761309
71.3 0.755988
71.4 0.741418
71.5 0.766258
71.6 0.759038
71.7 0.766162
71.8 0.758464
71.9 0.731847
72 0.750158
72.1 0.740629
72.2 0.749462
72.3 0.778472
72.4 0.740137
72.5 0.749045
72.6 0.721967
72.7 0.731131
72.8 0.743877
72.9 0.744357
73 0.742154
73.1 0.736052
73.2 0.740282
73.3 0.750275
73.4 0.753407
73.5 0.758387
73.6 0.762242
73.7 0.751873
73.8 0.75166
73.9 0.745567
74 0.757615
74.1 0.755676
74.2 0.754043
74.3 0.744601
74.4 0.759247
74.5 0.772751
74.6 0.752052
74.7 0.764317
74.8 0.748028
74.9 0.76183
75 0.752917
75.1 0.768036
75.2 0.774642
75.3 0.771307
75.4 0.7481
75.5 0.764708
75.6 0.778063
75.7 0.750051
75.8 0.772144
75.9 0.759709
76 0.744793
76.1 0.755654
76.2 0.753514
76.3 0.77168
76.4 0.767482
76.5 0.759741
76.6 0.777058
76.7 0.751132
76.8 0.756463
76.9 0.770315
77 0.774998
77.1 0.779094
77.2 0.795615
77.3 0.757288
77.4 0.785717
77.5 0.784106
77.6 0.767461
77.7 0.780057
77.8 0.78238
77.9 0.779656
78 0.771952
78.1 0.75232
78.2 0.782451
78.3 0.780139
78.4 0.761414
78.5 0.778499
78.6 0.775255
78.7 0.759367
78.8 0.751268
78.9 0.763792
79 0.792291
79.1 0.774999
79.2 0.794652
79.3 0.78098
79.4 0.769055
79.5 0.792167
79.6 0.777318
79.7 0.770048
79.8 0.762498
79.9 0.768704
80 0.777238
80.1 0.757622
80.2 0.758709
80.3 0.770976
80.4 0.774537
80.5 0.784497
80.6 0.787758
80.7 0.78528
80.8 0.764772
80.9 0.784419
81 0.781358
81.1 0.757484
81.2 0.779009
81.3 0.780255
81.4 0.793895
81.5 0.781039
81.6 0.767574
81.7 0.76518
81.8 0.774635
81.9 0.798284
82 0.787337
82.1 0.811168
82.2 0.769663
82.3 0.781294
82.4 0.776606
82.5 0.776704
82.6 0.795646
82.7 0.778762
82.8 0.783252
82.9 0.771169
83 0.758397
83.1 0.77898
83.2 0.762782
83.3 0.763063
83.4 0.7762
83.5 0.762811
83.6 0.773869
83.7 0.765735
83.8 0.753389
83.9 0.776705
84 0.770772
84.1 0.785107
84.2 0.762372
84.3 0.764128
84.4 0.757313
84.5 0.756239
84.6 0.755414
84.7 0.752297
84.8 0.763914
84.9 0.776078
85 0.763801
85.1 0.767412
85.2 0.774293
85.3 0.754529
85.4 0.757828
85.5 0.759314
85.6 0.761021
85.7 0.773109
85.8 0.730686
85.9 0.760264
86 0.773806
86.1 0.760897
86.2 0.755833
86.3 0.746212
86.4 0.75086
86.5 0.745597
86.6 0.755437
86.7 0.74973
86.8 0.769883
86.9 0.752757
87 0.742728
87.1 0.741525
87.2 0.753545
87.3 0.763869
87.4 0.744374
87.5 0.755064
87.6 0.7588
87.7 0.73486
87.8 0.777047
87.9 0.7817
88 0.790786
88.1 0.773962
88.2 0.756476
88.3 0.756745
88.4 0.752421
88.5 0.769262
88.6 0.755337
88.7 0.762712
88.8 0.769814
88.9 0.764714
89 0.773329
89.1 0.763925
89.2 0.766341
89.3 0.778599
89.4 0.778723
89.5 0.762595
89.6 0.759677
89.7 0.772798
89.8 0.779617
89.9 0.77874
90 0.770482
90.1 0.769721
90.2 0.764217
90.3 0.764525
90.4 0.7903
90.5 0.778162
90.6 0.794032
90.7 0.794753
90.8 0.793018
90.9 0.773108
91 0.77495
91.1 0.771798
91.2 0.769969
91.3 0.775925
91.4 0.773442
91.5 0.777021
91.6 0.767497
91.7 0.767053
91.8 0.769689
91.9 0.766712
92 0.759295
92.1 0.765288
92.2 0.746284
92.3 0.773022
92.4 0.763035
92.5 0.753817
92.6 0.757829
92.7 0.750552
92.8 0.747356
92.9 0.766332
93 0.754405
93.1 0.749605
93.2 0.748682
93.3 0.758934
93.4 0.769952
93.5 0.750216
93.6 0.774739
93.7 0.769032
93.8 0.766351
93.9 0.778266
94 0.778949
94.1 0.779721
94.2 0.75662
94.3 0.781743
94.4 0.768429
94.5 0.765528
94.6 0.787827
94.7 0.770756
94.8 0.765201
94.9 0.765196
95 0.763399
95.1 0.768705
95.2 0.765156
95.3 0.757944
95.4 0.776343
95.5 0.75933
95.6 0.780744
95.7 0.765386
95.8 0.779404
95.9 0.788678
96 0.787481
96.1 0.767515
96.2 0.775049
96.3 0.782161
96.4 0.76689
96.5 0.772694
96.6 0.761997
96.7 0.773439
96.8 0.747942
96.9 0.774086
97 0.782306
97.1 0.759205
97.2 0.779985
97.3 0.773936
97.4 0.751156
97.5 0.771453
97.6 0.772484
97.7 0.762889
97.8 0.762992
97.9 0.760289
98 0.748436
98.1 0.758772
98.2 0.76164
98.3 0.758393
98.4 0.761548
98.5 0.78102
98.6 0.782825
98.7 0.778005
98.8 0.765727
98.9 0.768659
99 0.763957
99.1 0.751095
99.2 0.752026
99.3 0.74543
99.4 0.754143
99.5 0.743555
99.6 0.728269
99.7 0.743793
99.8 0.752244
99.9 0.744207
100 0.754336
