3.5005 0.000148326
3.503 0.00016472
3.5055 0.000182783
3.508 0.00020267
3.51051 0.000224548
3.51301 0.000248597
3.51551 0.000275011
3.51801 0.000304
3.52051 0.00033579
3.52301 0.000370623
3.52551 0.000408763
3.52801 0.000450489
3.53052 0.000496104
3.53302 0.000545931
3.53552 0.000600318
3.53802 0.000659636
3.54052 0.000724282
3.54302 0.000794683
3.54552 0.00087129
3.54802 0.000954589
3.55053 0.0010451
3.55303 0.00114336
3.55553 0.00124996
3.55803 0.00136553
3.56053 0.00149072
3.56303 0.00162624
3.56553 0.00177283
3.56803 0.00193127
3.57054 0.00210239
3.57304 0.00228709
3.57554 0.00248628
3.57804 0.00270095
3.58054 0.00293214
3.58304 0.00318094
3.58554 0.00344849
3.58804 0.003736
3.59055 0.00404475
3.59305 0.00437605
3.59555 0.00473132
3.59805 0.00511201
3.60055 0.00551965
3.60305 0.00595585
3.60555 0.00642227
3.60805 0.00692068
3.61056 0.00745288
3.61306 0.00802078
3.61556 0.00862635
3.61806 0.00927165
3.62056 0.00995881
3.62306 0.01069
3.62556 0.0114677
3.62806 0.012294
3.63057 0.0131716
3.63307 0.014103
3.63557 0.0150907
3.63807 0.0161375
3.64057 0.0172463
3.64307 0.0184198
3.64557 0.0196611
3.64807 0.0209731
3.65058 0.022359
3.65308 0.0238221
3.65558 0.0253655
3.65808 0.0269927
3.66058 0.028707
3.66308 0.0305121
3.66558 0.0324113
3.66808 0.0344084
3.67059 0.036507
3.67309 0.038711
3.67559 0.041024
3.67809 0.0434501
3.68059 0.045993
3.68309 0.0486567
3.68559 0.0514452
3.68809 0.0543626
3.6906 0.0574127
3.6931 0.0605998
3.6956 0.0639279
3.6981 0.0674009
3.7006 0.0710232
3.7031 0.0747985
3.7056 0.0787312
3.7081 0.0828251
3.71061 0.0870843
3.71311 0.0915127
3.71561 0.0961142
3.71811 0.100893
3.72061 0.105852
3.72311 0.110996
3.72561 0.116328
3.72811 0.121852
3.73062 0.127571
3.73312 0.133489
3.73562 0.139608
3.73812 0.145933
3.74062 0.152465
3.74312 0.159207
3.74562 0.166164
3.74812 0.173336
3.75063 0.180726
3.75313 0.188336
3.75563 0.196169
3.75813 0.204226
3.76063 0.212508
3.76313 0.221018
3.76563 0.229755
3.76813 0.238721
3.77064 0.247917
3.77314 0.257343
3.77564 0.266998
3.77814 0.276884
3.78064 0.286999
3.78314 0.297343
3.78564 0.307915
3.78814 0.318713
3.79065 0.329736
3.79315 0.340983
3.79565 0.35245
3.79815 0.364137
3.80065 0.376039
3.80315 0.388154
3.80565 0.400479
3.80815 0.413009
3.81066 0.425742
3.81316 0.438672
3.81566 0.451796
3.81816 0.465107
3.82066 0.478602
3.82316 0.492275
3.82566 0.506119
3.82816 0.520129
3.83067 0.534298
3.83317 0.54862
3.83567 0.563088
3.83817 0.577695
3.84067 0.592433
3.84317 0.607294
3.84567 0.622271
3.84817 0.637355
3.85068 0.652538
3.85318 0.667812
3.85568 0.683167
3.85818 0.698594
3.86068 0.714084
3.86318 0.729628
3.86568 0.745216
3.86818 0.760838
3.87069 0.776485
3.87319 0.792146
3.87569 0.807811
3.87819 0.82347
3.88069 0.839113
3.88319 0.854729
3.88569 0.870308
3.88819 0.885839
3.8907 0.901311
3.8932 0.916715
3.8957 0.932039
3.8982 0.947273
3.9007 0.962406
3.9032 0.977428
3.9057 0.992329
3.9082 1.0071
3.91071 1.02172
3.91321 1.0362
3.91571 1.05051
3.91821 1.06464
3.92071 1.0786
3.92321 1.09236
3.92571 1.10592
3.92821 1.11927
3.93072 1.1324
3.93322 1.1453
3.93572 1.15796
3.93822 1.17037
3.94072 1.18253
3.94322 1.19443
3.94572 1.20605
3.94822 1.21739
3.95073 1.22845
3.95323 1.23922
3.95573 1.24968
3.95823 1.25984
3.96073 1.26968
3.96323 1.27921
3.96573 1.28841
3.96823 1.29728
3.97074 1.30582
3.97324 1.31402
3.97574 1.32187
3.97824 1.32938
3.98074 1.33653
3.98324 1.34333
3.98574 1.34977
3.98824 1.35585
3.99075 1.36157
3.99325 1.36692
3.99575 1.37191
3.99825 1.37653
4.00075 1.38078
4.00325 1.38466
4.00575 1.38817
4.00825 1.39131
4.01076 1.39407
4.01326 1.39647
4.01576 1.3985
4.01826 1.40017
4.02076 1.40146
4.02326 1.4024
4.02576 1.40297
4.02826 1.40318
4.03077 1.40303
4.03327 1.40253
4.03577 1.40168
4.03827 1.40048
4.04077 1.39893
4.04327 1.39705
4.04577 1.39482
4.04827 1.39227
4.05078 1.38939
4.05328 1.38618
4.05578 1.38266
4.05828 1.37882
4.06078 1.37468
4.06328 1.37023
4.06578 1.36549
4.06828 1.36046
4.07079 1.35514
4.07329 1.34954
4.07579 1.34367
4.07829 1.33753
4.08079 1.33114
4.08329 1.32449
4.08579 1.31759
4.08829 1.31045
4.0908 1.30307
4.0933 1.29547
4.0958 1.28765
4.0983 1.27962
4.1008 1.27138
4.1033 1.26294
4.1058 1.25431
4.1083 1.24549
4.11081 1.23649
4.11331 1.22732
4.11581 1.21799
4.11831 1.2085
4.12081 1.19886
4.12331 1.18907
4.12581 1.17915
4.12831 1.16909
4.13082 1.15892
4.13332 1.14862
4.13582 1.13822
4.13832 1.12771
4.14082 1.11711
4.14332 1.10642
4.14582 1.09564
4.14832 1.08478
4.15083 1.07386
4.15333 1.06287
4.15583 1.05182
4.15833 1.04071
4.16083 1.02956
4.16333 1.01837
4.16583 1.00714
4.16833 0.995881
4.17084 0.984598
4.17334 0.973295
4.17584 0.961979
4.17834 0.950653
4.18084 0.939322
4.18334 0.927993
4.18584 0.916669
4.18834 0.905356
4.19085 0.894057
4.19335 0.882777
4.19585 0.871521
4.19835 0.860292
4.20085 0.849094
4.20335 0.837932
4.20585 0.82681
4.20835 0.81573
4.21086 0.804696
4.21336 0.793713
4.21586 0.782782
4.21836 0.771908
4.22086 0.761093
4.22336 0.750341
4.22586 0.739653
4.22836 0.729034
4.23087 0.718485
4.23337 0.708008
4.23587 0.697607
4.23837 0.687284
4.24087 0.67704
4.24337 0.666878
4.24587 0.656799
4.24837 0.646805
4.25088 0.636899
4.25338 0.627082
4.25588 0.617355
4.25838 0.607719
4.26088 0.598176
4.26338 0.588728
4.26588 0.579375
4.26838 0.570119
4.27089 0.56096
4.27339 0.551899
4.27589 0.542937
4.27839 0.534075
4.28089 0.525314
4.28339 0.516653
4.28589 0.508094
4.28839 0.499637
4.2909 0.491282
4.2934 0.48303
4.2959 0.47488
4.2984 0.466834
4.3009 0.45889
4.3034 0.45105
4.3059 0.443312
4.3084 0.435677
4.31091 0.428145
4.31341 0.420716
4.31591 0.413389
4.31841 0.406164
4.32091 0.399041
4.32341 0.392019
4.32591 0.385098
4.32841 0.378278
4.33092 0.371557
4.33342 0.364936
4.33592 0.358414
4.33842 0.35199
4.34092 0.345663
4.34342 0.339434
4.34592 0.333301
4.34842 0.327263
4.35093 0.32132
4.35343 0.315471
4.35593 0.309715
4.35843 0.304052
4.36093 0.29848
4.36343 0.292999
4.36593 0.287608
4.36843 0.282306
4.37094 0.277091
4.37344 0.271964
4.37594 0.266923
4.37844 0.261968
4.38094 0.257096
4.38344 0.252308
4.38594 0.247602
4.38844 0.242978
4.39095 0.238434
4.39345 0.233969
4.39595 0.229583
4.39845 0.225274
4.40095 0.221042
4.40345 0.216885
4.40595 0.212803
4.40845 0.208793
4.41096 0.204857
4.41346 0.200991
4.41596 0.197196
4.41846 0.19347
4.42096 0.189813
4.42346 0.186223
4.42596 0.1827
4.42846 0.179241
4.43097 0.175848
4.43347 0.172517
4.43597 0.169249
4.43847 0.166043
4.44097 0.162897
4.44347 0.159811
4.44597 0.156783
4.44847 0.153813
4.45098 0.1509
4.45348 0.148042
4.45598 0.145239
4.45848 0.142491
4.46098 0.139795
4.46348 0.137151
4.46598 0.134559
4.46848 0.132017
4.47099 0.129525
4.47349 0.127082
4.47599 0.124686
4.47849 0.122337
4.48099 0.120034
4.48349 0.117777
4.48599 0.115565
4.48849 0.113396
4.491 0.11127
4.4935 0.109186
4.496 0.107143
4.4985 0.105142
4.501 0.10318
4.5035 0.101257
4.506 0.0993727
4.5085 0.0975261
4.51101 0.0957166
4.51351 0.0939434
4.51601 0.0922058
4.51851 0.0905032
4.52101 0.0888349
4.52351 0.0872003
4.52601 0.0855986
4.52851 0.0840293
4.53102 0.0824917
4.53352 0.0809853
4.53602 0.0795094
4.53852 0.0780634
4.54102 0.0766468
4.54352 0.0752589
4.54602 0.0738993
4.54852 0.0725673
4.55103 0.0712624
4.55353 0.0699841
4.55603 0.0687318
4.55853 0.067505
4.56103 0.0663033
4.56353 0.065126
4.56603 0.0639728
4.56853 0.0628432
4.57104 0.0617366
4.57354 0.0606526
4.57604 0.0595908
4.57854 0.0585506
4.58104 0.0575318
4.58354 0.0565337
4.58604 0.0555561
4.58854 0.0545984
4.59105 0.0536604
4.59355 0.0527415
4.59605 0.0518414
4.59855 0.0509598
4.60105 0.0500961
4.60355 0.0492502
4.60605 0.0484215
4.60855 0.0476097
4.61106 0.0468146
4.61356 0.0460357
4.61606 0.0452728
4.61856 0.0445254
4.62106 0.0437933
4.62356 0.0430762
4.62606 0.0423737
4.62856 0.0416855
4.63107 0.0410114
4.63357 0.040351
4.63607 0.0397041
4.63857 0.0390704
4.64107 0.0384497
4.64357 0.0378415
4.64607 0.0372458
4.64857 0.0366622
4.65108 0.0360905
4.65358 0.0355304
4.65608 0.0349817
4.65858 0.0344441
4.66108 0.0339175
4.66358 0.0334016
4.66608 0.0328961
4.66858 0.032401
4.67109 0.0319158
4.67359 0.0314405
4.67609 0.0309749
4.67859 0.0305187
4.68109 0.0300717
4.68359 0.0296338
4.68609 0.0292047
4.68859 0.0287843
4.6911 0.0283725
4.6936 0.0279689
4.6961 0.0275736
4.6986 0.0271862
4.7011 0.0268066
4.7036 0.0264347
4.7061 0.0260703
4.7086 0.0257133
4.71111 0.0253635
4.71361 0.0250207
4.71611 0.0246849
4.71861 0.0243558
4.72111 0.0240334
4.72361 0.0237174
4.72611 0.0234079
4.72861 0.0231046
4.73112 0.0228073
4.73362 0.0225161
4.73612 0.0222308
4.73862 0.0219512
4.74112 0.0216773
4.74362 0.0214089
4.74612 0.0211459
4.74862 0.0208882
4.75113 0.0206357
4.75363 0.0203884
4.75613 0.020146
4.75863 0.0199085
4.76113 0.0196759
4.76363 0.0194479
4.76613 0.0192246
4.76863 0.0190058
4.77114 0.0187914
4.77364 0.0185814
4.77614 0.0183757
4.77864 0.0181742
4.78114 0.0179768
4.78364 0.0177834
4.78614 0.017594
4.78864 0.0174084
4.79115 0.0172267
4.79365 0.0170487
4.79615 0.0168744
4.79865 0.0167037
4.80115 0.0165365
4.80365 0.0163727
4.80615 0.0162124
4.80865 0.0160554
4.81116 0.0159017
4.81366 0.0157513
4.81616 0.015604
4.81866 0.0154598
4.82116 0.0153186
4.82366 0.0151805
4.82616 0.0150452
4.82866 0.0149129
4.83117 0.0147835
4.83367 0.0146568
4.83617 0.0145329
4.83867 0.0144117
4.84117 0.0142931
4.84367 0.0141771
4.84617 0.0140637
4.84867 0.0139529
4.85118 0.0138445
4.85368 0.0137386
4.85618 0.013635
4.85868 0.0135339
4.86118 0.013435
4.86368 0.0133385
4.86618 0.0132442
4.86868 0.0131521
4.87119 0.0130623
4.87369 0.0129746
4.87619 0.012889
4.87869 0.0128055
4.88119 0.012724
4.88369 0.0126446
4.88619 0.0125672
4.88869 0.0124918
4.8912 0.0124183
4.8937 0.0123468
4.8962 0.0122771
4.8987 0.0122093
4.9012 0.0121434
4.9037 0.0120793
4.9062 0.012017
4.9087 0.0119565
4.91121 0.0118977
4.91371 0.0118407
4.91621 0.0117853
4.91871 0.0117317
4.92121 0.0116798
4.92371 0.0116295
4.92621 0.0115809
4.92871 0.0115339
4.93122 0.0114885
4.93372 0.0114447
4.93622 0.0114024
4.93872 0.0113618
4.94122 0.0113227
4.94372 0.0112851
4.94622 0.011249
4.94872 0.0112145
4.95123 0.0111814
4.95373 0.0111499
4.95623 0.0111198
4.95873 0.0110912
4.96123 0.011064
4.96373 0.0110383
4.96623 0.011014
4.96873 0.0109911
4.97124 0.0109697
4.97374 0.0109497
4.97624 0.010931
4.97874 0.0109138
4.98124 0.010898
4.98374 0.0108836
4.98624 0.0108705
4.98874 0.0108588
4.99125 0.0108485
4.99375 0.0108396
4.99625 0.010832
4.99875 0.0108258
5.00125 0.010821
5.00375 0.0108175
5.00625 0.0108154
5.00875 0.0108146
5.01126 0.0108152
5.01376 0.0108171
5.01626 0.0108204
5.01876 0.0108251
5.02126 0.0108311
5.02376 0.0108385
5.02626 0.0108473
5.02876 0.0108574
5.03127 0.0108689
5.03377 0.0108817
5.03627 0.010896
5.03877 0.0109116
5.04127 0.0109286
5.04377 0.010947
5.04627 0.0109668
5.04877 0.010988
5.05128 0.0110106
5.05378 0.0110347
5.05628 0.0110601
5.05878 0.011087
5.06128 0.0111154
5.06378 0.0111452
5.06628 0.0111765
5.06878 0.0112092
5.07129 0.0112434
5.07379 0.0112792
5.07629 0.0113164
5.07879 0.0113551
5.08129 0.0113954
5.08379 0.0114373
5.08629 0.0114807
5.08879 0.0115257
5.0913 0.0115722
5.0938 0.0116204
5.0963 0.0116702
5.0988 0.0117216
5.1013 0.0117748
5.1038 0.0118295
5.1063 0.011886
5.1088 0.0119442
5.11131 0.0120041
5.11381 0.0120658
5.11631 0.0121292
5.11881 0.0121945
5.12131 0.0122616
5.12381 0.0123305
5.12631 0.0124013
5.12881 0.0124739
5.13132 0.0125485
5.13382 0.0126251
5.13632 0.0127036
5.13882 0.0127841
5.14132 0.0128666
5.14382 0.0129512
5.14632 0.0130378
5.14882 0.0131266
5.15133 0.0132176
5.15383 0.0133107
5.15633 0.013406
5.15883 0.0135035
5.16133 0.0136034
5.16383 0.0137055
5.16633 0.01381
5.16883 0.0139169
5.17134 0.0140262
5.17384 0.014138
5.17634 0.0142523
5.17884 0.0143692
5.18134 0.0144886
5.18384 0.0146107
5.18634 0.0147354
5.18884 0.0148629
5.19135 0.0149931
5.19385 0.0151261
5.19635 0.0152621
5.19885 0.0154009
5.20135 0.0155427
5.20385 0.0156875
5.20635 0.0158354
5.20885 0.0159864
5.21136 0.0161406
5.21386 0.016298
5.21636 0.0164588
5.21886 0.0166229
5.22136 0.0167904
5.22386 0.0169614
5.22636 0.0171359
5.22886 0.0173141
5.23137 0.0174959
5.23387 0.0176815
5.23637 0.0178709
5.23887 0.0180642
5.24137 0.0182614
5.24387 0.0184627
5.24637 0.0186681
5.24887 0.0188777
5.25138 0.0190916
5.25388 0.0193098
5.25638 0.0195325
5.25888 0.0197597
5.26138 0.0199915
5.26388 0.020228
5.26638 0.0204693
5.26888 0.0207155
5.27139 0.0209667
5.27389 0.0212229
5.27639 0.0214844
5.27889 0.0217511
5.28139 0.0220232
5.28389 0.0223008
5.28639 0.022584
5.28889 0.0228729
5.2914 0.0231676
5.2939 0.0234683
5.2964 0.023775
5.2989 0.0240879
5.3014 0.0244071
5.3039 0.0247328
5.3064 0.025065
5.3089 0.0254039
5.31141 0.0257496
5.31391 0.0261023
5.31641 0.0264621
5.31891 0.0268291
5.32141 0.0272035
5.32391 0.0275855
5.32641 0.0279751
5.32891 0.0283726
5.33142 0.0287782
5.33392 0.0291918
5.33642 0.0296138
5.33892 0.0300444
5.34142 0.0304836
5.34392 0.0309316
5.34642 0.0313887
5.34892 0.031855
5.35143 0.0323306
5.35393 0.0328159
5.35643 0.033311
5.35893 0.033816
5.36143 0.0343313
5.36393 0.0348569
5.36643 0.0353931
5.36893 0.0359402
5.37144 0.0364982
5.37394 0.0370676
5.37644 0.0376484
5.37894 0.0382409
5.38144 0.0388454
5.38394 0.0394621
5.38644 0.0400913
5.38894 0.0407331
5.39145 0.0413879
5.39395 0.0420559
5.39645 0.0427374
5.39895 0.0434326
5.40145 0.0441419
5.40395 0.0448654
5.40645 0.0456035
5.40895 0.0463565
5.41146 0.0471247
5.41396 0.0479084
5.41646 0.0487078
5.41896 0.0495234
5.42146 0.0503553
5.42396 0.0512041
5.42646 0.0520698
5.42896 0.052953
5.43147 0.053854
5.43397 0.054773
5.43647 0.0557105
5.43897 0.0566668
5.44147 0.0576423
5.44397 0.0586373
5.44647 0.0596522
5.44897 0.0606875
5.45148 0.0617435
5.45398 0.0628206
5.45648 0.0639192
5.45898 0.0650397
5.46148 0.0661825
5.46398 0.0673481
5.46648 0.0685369
5.46898 0.0697494
5.47149 0.0709859
5.47399 0.0722469
5.47649 0.0735329
5.47899 0.0748443
5.48149 0.0761817
5.48399 0.0775455
5.48649 0.0789361
5.48899 0.0803541
5.4915 0.0818
5.494 0.0832742
5.4965 0.0847773
5.499 0.0863098
5.5015 0.0878722
5.504 0.0894651
5.5065 0.091089
5.509 0.0927444
5.51151 0.0944319
5.51401 0.0961521
5.51651 0.0979055
5.51901 0.0996926
5.52151 0.101514
5.52401 0.103371
5.52651 0.105262
5.52901 0.107191
5.53152 0.109155
5.53402 0.111157
5.53652 0.113197
5.53902 0.115276
5.54152 0.117394
5.54402 0.119551
5.54652 0.121749
5.54902 0.123988
5.55153 0.126269
5.55403 0.128592
5.55653 0.130958
5.55903 0.133368
5.56153 0.135822
5.56403 0.138321
5.56653 0.140866
5.56903 0.143457
5.57154 0.146095
5.57404 0.14878
5.57654 0.151514
5.57904 0.154296
5.58154 0.157129
5.58404 0.160011
5.58654 0.162945
5.58904 0.16593
5.59155 0.168967
5.59405 0.172058
5.59655 0.175202
5.59905 0.1784
5.60155 0.181654
5.60405 0.184962
5.60655 0.188327
5.60905 0.191749
5.61156 0.195229
5.61406 0.198767
5.61656 0.202363
5.61906 0.206019
5.62156 0.209735
5.62406 0.213511
5.62656 0.217349
5.62906 0.221248
5.63157 0.22521
5.63407 0.229235
5.63657 0.233323
5.63907 0.237475
5.64157 0.241692
5.64407 0.245973
5.64657 0.25032
5.64907 0.254733
5.65158 0.259212
5.65408 0.263758
5.65658 0.268372
5.65908 0.273053
5.66158 0.277801
5.66408 0.282618
5.66658 0.287504
5.66908 0.292458
5.67159 0.297482
5.67409 0.302575
5.67659 0.307737
5.67909 0.312969
5.68159 0.318271
5.68409 0.323643
5.68659 0.329084
5.68909 0.334596
5.6916 0.340178
5.6941 0.345829
5.6966 0.351551
5.6991 0.357342
5.7016 0.363202
5.7041 0.369132
5.7066 0.375131
5.7091 0.381199
5.71161 0.387335
5.71411 0.393538
5.71661 0.39981
5.71911 0.406148
5.72161 0.412553
5.72411 0.419023
5.72661 0.425558
5.72911 0.432158
5.73162 0.438821
5.73412 0.445547
5.73662 0.452335
5.73912 0.459183
5.74162 0.466091
5.74412 0.473058
5.74662 0.480081
5.74912 0.487161
5.75163 0.494296
5.75413 0.501484
5.75663 0.508724
5.75913 0.516014
5.76163 0.523353
5.76413 0.530739
5.76663 0.538171
5.76913 0.545645
5.77164 0.553162
5.77414 0.560717
5.77664 0.56831
5.77914 0.575939
5.78164 0.5836
5.78414 0.591292
5.78664 0.599012
5.78914 0.606758
5.79165 0.614528
5.79415 0.622318
5.79665 0.630125
5.79915 0.637948
5.80165 0.645783
5.80415 0.653626
5.80665 0.661476
5.80915 0.669329
5.81166 0.677182
5.81416 0.685031
5.81666 0.692873
5.81916 0.700704
5.82166 0.708522
5.82416 0.716322
5.82666 0.724101
5.82916 0.731854
5.83167 0.739579
5.83417 0.747271
5.83667 0.754926
5.83917 0.76254
5.84167 0.77011
5.84417 0.77763
5.84667 0.785097
5.84917 0.792507
5.85168 0.799855
5.85418 0.807136
5.85668 0.814346
5.85918 0.821482
5.86168 0.828537
5.86418 0.835509
5.86668 0.842391
5.86918 0.84918
5.87169 0.85587
5.87419 0.862458
5.87669 0.868938
5.87919 0.875306
5.88169 0.881556
5.88419 0.887685
5.88669 0.893687
5.88919 0.899558
5.8917 0.905293
5.8942 0.910887
5.8967 0.916336
5.8992 0.921635
5.9017 0.926779
5.9042 0.931763
5.9067 0.936583
5.9092 0.941235
5.91171 0.945714
5.91421 0.950016
5.91671 0.954136
5.91921 0.95807
5.92171 0.961813
5.92421 0.965362
5.92671 0.968712
5.92921 0.97186
5.93172 0.974802
5.93422 0.977534
5.93672 0.980052
5.93922 0.982352
5.94172 0.984432
5.94422 0.986288
5.94672 0.987916
5.94922 0.989315
5.95173 0.99048
5.95423 0.99141
5.95673 0.992101
5.95923 0.992551
5.96173 0.992759
5.96423 0.992721
5.96673 0.992436
5.96923 0.991903
5.97174 0.991119
5.97424 0.990084
5.97674 0.988796
5.97924 0.987255
5.98174 0.985459
5.98424 0.983408
5.98674 0.981102
5.98924 0.97854
5.99175 0.975723
5.99425 0.972651
5.99675 0.969324
5.99925 0.965744
6.00175 0.961911
6.00425 0.957826
6.00675 0.953491
6.00925 0.948908
6.01176 0.944077
6.01426 0.939003
6.01676 0.933686
6.01926 0.928129
6.02176 0.922335
6.02426 0.916307
6.02676 0.910048
6.02926 0.903562
6.03177 0.896852
6.03427 0.889922
6.03677 0.882776
6.03927 0.875418
6.04177 0.867853
6.04427 0.860086
6.04677 0.852121
6.04927 0.843963
6.05178 0.835618
6.05428 0.827091
6.05678 0.818387
6.05928 0.809512
6.06178 0.800472
6.06428 0.791274
6.06678 0.781922
6.06928 0.772424
6.07179 0.762786
6.07429 0.753014
6.07679 0.743116
6.07929 0.733097
6.08179 0.722965
6.08429 0.712726
6.08679 0.702388
6.08929 0.691958
6.0918 0.681443
6.0943 0.67085
6.0968 0.660185
6.0993 0.649458
6.1018 0.638673
6.1043 0.62784
6.1068 0.616965
6.1093 0.606056
6.11181 0.595119
6.11431 0.584162
6.11681 0.573192
6.11931 0.562217
6.12181 0.551242
6.12431 0.540276
6.12681 0.529325
6.12931 0.518396
6.13182 0.507496
6.13432 0.496631
6.13682 0.485807
6.13932 0.475033
6.14182 0.464312
6.14432 0.453653
6.14682 0.44306
6.14932 0.432539
6.15183 0.422097
6.15433 0.411739
6.15683 0.40147
6.15933 0.391295
6.16183 0.381219
6.16433 0.371248
6.16683 0.361386
6.16933 0.351637
6.17184 0.342005
6.17434 0.332495
6.17684 0.323111
6.17934 0.313856
6.18184 0.304734
6.18434 0.295747
6.18684 0.2869
6.18934 0.278194
6.19185 0.269633
6.19435 0.261218
6.19685 0.252953
6.19935 0.244838
6.20185 0.236877
6.20435 0.22907
6.20685 0.221418
6.20935 0.213924
6.21186 0.206587
6.21436 0.199409
6.21686 0.192391
6.21936 0.185532
6.22186 0.178833
6.22436 0.172294
6.22686 0.165914
6.22936 0.159694
6.23187 0.153633
6.23437 0.147731
6.23687 0.141986
6.23937 0.136397
6.24187 0.130964
6.24437 0.125685
6.24687 0.120558
6.24937 0.115583
6.25188 0.110757
6.25438 0.10608
6.25688 0.101548
6.25938 0.0971602
6.26188 0.0929143
6.26438 0.0888082
6.26688 0.0848395
6.26938 0.081006
6.27189 0.0773053
6.27439 0.0737348
6.27689 0.0702921
6.27939 0.0669746
6.28189 0.0637796
6.28439 0.0607045
6.28689 0.0577465
6.28939 0.0549029
6.2919 0.052171
6.2944 0.0495479
6.2969 0.0470309
6.2994 0.0446171
6.3019 0.0423037
6.3044 0.040088
6.3069 0.037967
6.3094 0.0359381
6.31191 0.0339983
6.31441 0.0321451
6.31691 0.0303755
6.31941 0.0286869
6.32191 0.0270766
6.32441 0.0255419
6.32691 0.0240802
6.32941 0.0226889
6.33192 0.0213655
6.33442 0.0201074
6.33692 0.0189122
6.33942 0.0177775
6.34192 0.0167009
6.34442 0.0156801
6.34692 0.0147129
6.34942 0.0137969
6.35193 0.0129301
6.35443 0.0121104
6.35693 0.0113357
6.35943 0.010604
6.36193 0.00991339
6.36443 0.00926202
6.36693 0.00864804
6.36943 0.00806971
6.37194 0.00752531
6.37444 0.00701321
6.37694 0.0065318
6.37944 0.00607956
6.38194 0.005655
6.38444 0.00525671
6.38694 0.00488332
6.38944 0.00453351
6.39195 0.00420601
6.39445 0.00389961
6.39695 0.00361316
6.39945 0.00334555
6.40195 0.0030957
6.40445 0.0028626
6.40695 0.00264528
6.40945 0.00244282
6.41196 0.00225434
6.41446 0.00207899
6.41696 0.00191598
6.41946 0.00176454
6.42196 0.00162396
6.42446 0.00149355
6.42696 0.00137266
6.42946 0.00126068
6.43197 0.00115703
6.43447 0.00106116
6.43697 0.000972548
6.43947 0.000890707
6.44197 0.000815174
6.44447 0.000745517
6.44697 0.000681324
6.44947 0.000622212
6.45198 0.00056782
6.45448 0.000517807
6.45698 0.000471857
6.45948 0.000429671
6.46198 0.00039097
6.46448 0.000355494
6.46698 0.000322998
6.46948 0.000293255
6.47199 0.000266053
6.47449 0.000241195
6.47699 0.000218494
6.47949 0.000197782
6.48199 0.000178897
6.48449 0.000161693
6.48699 0.000146032
6.48949 0.000131788
6.492 0.000118841
6.4945 0.000107084
6.497 9.64148e-05
6.4995 8.67416e-05
