0 0
0.1 0.524371
0.2 0.524521
0.3 0.524776
0.4 0.524931
0.5 0.525117
0.6 0.525364
0.7 0.525632
0.8 0.525925
0.9 0.526282
1 0.526564
1.1 0.526952
1.2 0.527195
1.3 0.52739
1.4 0.527542
1.5 0.527774
1.6 0.527953
1.7 0.528209
1.8 0.528482
1.9 0.528619
2 0.5289
2.1 0.529179
2.2 0.529371
2.3 0.529515
2.4 0.529664
2.5 0.529893
2.6 0.530162
2.7 0.530371
2.8 0.530683
2.9 0.531011
3 0.531355
3.1 0.531709
3.2 0.531954
3.3 0.532265
3.4 0.532419
3.5 0.532452
3.6 0.532536
3.7 0.532729
3.8 0.533017
3.9 0.533226
4 0.533578
4.1 0.533884
4.2 0.534147
4.3 0.53456
4.4 0.534843
4.5 0.535164
4.6 0.535518
4.7 0.535788
4.8 0.535958
4.9 0.536248
5 0.536519
5.1 0.536939
5.2 0.537301
5.3 0.537643
5.4 0.537936
5.5 0.538177
5.6 0.538463
5.7 0.538837
5.8 0.539183
5.9 0.539425
6 0.539808
6.1 0.540086
6.2 0.540546
6.3 0.540905
6.4 0.541151
6.5 0.541408
6.6 0.541624
6.7 0.541943
6.8 0.542334
6.9 0.542627
7 0.542871
7.1 0.543281
7.2 0.543656
7.3 0.543933
7.4 0.544359
7.5 0.544764
7.6 0.54506
7.7 0.545324
7.8 0.54562
7.9 0.545832
8 0.546054
8.1 0.546289
8.2 0.546687
8.3 0.546986
8.4 0.547241
8.5 0.547495
8.6 0.547736
8.7 0.548048
8.8 0.54842
8.9 0.548794
9 0.549165
9.1 0.54933
9.2 0.549618
9.3 0.549794
9.4 0.550074
9.5 0.550403
9.6 0.550806
9.7 0.551028
9.8 0.551399
9.9 0.551744
10 0.552152
10.1 0.552541
10.2 0.552838
10.3 0.553166
10.4 0.553427
10.5 0.553724
10.6 0.554046
10.7 0.554367
10.8 0.554735
10.9 0.554924
11 0.555001
11.1 0.555328
11.2 0.555738
11.3 0.556141
11.4 0.556572
11.5 0.556899
11.6 0.557241
11.7 0.557552
11.8 0.557799
11.9 0.558119
12 0.558454
12.1 0.558943
12.2 0.5593
12.3 0.559637
12.4 0.560155
12.5 0.560412
12.6 0.560814
12.7 0.560998
12.8 0.561472
12.9 0.561875
13 0.562114
13.1 0.562598
13.2 0.562929
13.3 0.563237
13.4 0.563501
13.5 0.564023
13.6 0.564387
13.7 0.564863
13.8 0.565288
13.9 0.565744
14 0.566099
14.1 0.566463
14.2 0.566702
14.3 0.567048
14.4 0.567414
14.5 0.567834
14.6 0.56833
14.7 0.568856
14.8 0.569228
14.9 0.569629
15 0.570154
15.1 0.570534
15.2 0.570982
15.3 0.571481
15.4 0.571932
15.5 0.572252
15.6 0.572786
15.7 0.573152
15.8 0.573582
15.9 0.574017
16 0.574253
16.1 0.574611
16.2 0.574925
16.3 0.575403
16.4 0.575894
16.5 0.576324
16.6 0.576722
16.7 0.577214
16.8 0.577593
16.9 0.578146
17 0.578661
17.1 0.579013
17.2 0.579447
17.3 0.580063
17.4 0.580505
17.5 0.580931
17.6 0.581359
17.7 0.581654
17.8 0.582266
17.9 0.582873
18 0.583231
18.1 0.583793
18.2 0.584397
18.3 0.584945
18.4 0.585444
18.5 0.585805
18.6 0.586284
18.7 0.586883
18.8 0.587277
18.9 0.587766
19 0.588315
19.1 0.588875
19.2 0.58926
19.3 0.58944
19.4 0.589896
19.5 0.59045
19.6 0.590836
19.7 0.591061
19.8 0.591574
19.9 0.592245
20 0.592825
20.1 0.593413
20.2 0.593913
20.3 0.594614
20.4 0.595251
20.5 0.595589
20.6 0.596068
20.7 0.597024
20.8 0.597772
20.9 0.598295
21 0.598795
21.1 0.599371
21.2 0.600334
21.3 0.600839
21.4 0.601305
21.5 0.601558
21.6 0.601836
21.7 0.602827
21.8 0.603591
21.9 0.604452
22 0.605134
22.1 0.605473
22.2 0.60598
22.3 0.606844
22.4 0.607473
22.5 0.608133
22.6 0.60859
22.7 0.609301
22.8 0.610021
22.9 0.610735
23 0.611548
23.1 0.612511
23.2 0.613724
23.3 0.614765
23.4 0.6157
23.5 0.616414
23.6 0.617254
23.7 0.617997
23.8 0.619139
23.9 0.619858
24 0.620668
24.1 0.621489
24.2 0.622344
24.3 0.623234
24.4 0.623983
24.5 0.625112
24.6 0.626091
24.7 0.626893
24.8 0.627617
24.9 0.628631
25 0.629916
25.1 0.630782
25.2 0.631872
25.3 0.632731
25.4 0.634013
25.5 0.635179
25.6 0.63607
25.7 0.63699
25.8 0.638438
25.9 0.639249
26 0.640209
26.1 0.641393
26.2 0.64244
26.3 0.643481
26.4 0.644513
26.5 0.645711
26.6 0.646761
26.7 0.64758
26.8 0.64861
26.9 0.649478
27 0.650575
27.1 0.652082
27.2 0.653503
27.3 0.654852
27.4 0.656111
27.5 0.657647
27.6 0.658397
27.7 0.659947
27.8 0.661591
27.9 0.662973
28 0.664551
28.1 0.666045
28.2 0.667439
28.3 0.669289
28.4 0.670646
28.5 0.672577
28.6 0.674162
28.7 0.675891
28.8 0.678166
28.9 0.680124
29 0.681464
29.1 0.683504
29.2 0.685583
29.3 0.68777
29.4 0.689553
29.5 0.691849
29.6 0.694129
29.7 0.696059
29.8 0.697829
29.9 0.700186
30 0.702714
30.1 0.704512
30.2 0.706876
30.3 0.709212
30.4 0.712078
30.5 0.714742
30.6 0.717323
30.7 0.719862
30.8 0.721225
30.9 0.722467
31 0.724981
31.1 0.727897
31.2 0.730345
31.3 0.73341
31.4 0.736421
31.5 0.739324
31.6 0.742876
31.7 0.746698
31.8 0.749537
31.9 0.752336
32 0.755662
32.1 0.758956
32.2 0.76243
32.3 0.765699
32.4 0.768886
32.5 0.772149
32.6 0.775584
32.7 0.7792
32.8 0.783854
32.9 0.78871
33 0.792559
33.1 0.795666
33.2 0.800339
33.3 0.805054
33.4 0.809908
33.5 0.814747
33.6 0.818413
33.7 0.822015
33.8 0.826575
33.9 0.830738
34 0.836187
34.1 0.841619
34.2 0.84671
34.3 0.850196
34.4 0.855071
34.5 0.859652
34.6 0.865436
34.7 0.871581
34.8 0.877571
34.9 0.882522
35 0.887811
35.1 0.893579
35.2 0.899985
35.3 0.904451
35.4 0.909916
35.5 0.916679
35.6 0.922406
35.7 0.92722
35.8 0.932673
35.9 0.935003
36 0.94175
36.1 0.947645
36.2 0.951688
36.3 0.955089
36.4 0.961083
36.5 0.967469
36.6 0.973771
36.7 0.979628
36.8 0.986122
36.9 0.991015
37 0.997152
37.1 1.00195
37.2 1.00684
37.3 1.01161
37.4 1.01653
37.5 1.02206
37.6 1.02772
37.7 1.03247
37.8 1.03824
37.9 1.04407
38 1.05001
38.1 1.05488
38.2 1.06021
38.3 1.0666
38.4 1.0724
38.5 1.07874
38.6 1.08458
38.7 1.08812
38.8 1.09324
38.9 1.09854
39 1.1035
39.1 1.10839
39.2 1.11367
39.3 1.11883
39.4 1.12363
39.5 1.12664
39.6 1.13181
39.7 1.13761
39.8 1.14241
39.9 1.14601
40 1.15079
40.1 1.15582
40.2 1.16042
40.3 1.16442
40.4 1.17045
40.5 1.17442
40.6 1.17904
40.7 1.18421
40.8 1.18926
40.9 1.1953
41 1.20069
41.1 1.2045
41.2 1.20872
41.3 1.21443
41.4 1.2202
41.5 1.22612
41.6 1.23222
41.7 1.23798
41.8 1.24343
41.9 1.24932
42 1.25545
42.1 1.26209
42.2 1.26758
42.3 1.27209
42.4 1.277
42.5 1.28304
42.6 1.28831
42.7 1.29453
42.8 1.30075
42.9 1.30751
43 1.31329
43.1 1.31992
43.2 1.32497
43.3 1.33202
43.4 1.33962
43.5 1.34682
43.6 1.35285
43.7 1.35894
43.8 1.36659
43.9 1.37246
44 1.37856
44.1 1.38407
44.2 1.39013
44.3 1.39687
44.4 1.40453
44.5 1.41182
44.6 1.41947
44.7 1.42686
44.8 1.434
44.9 1.4406
45 1.44717
45.1 1.45315
45.2 1.45908
45.3 1.46567
45.4 1.47343
45.5 1.47938
45.6 1.48513
45.7 1.49096
45.8 1.49645
45.9 1.50279
46 1.50904
46.1 1.51622
46.2 1.52152
46.3 1.52738
46.4 1.53391
46.5 1.54076
46.6 1.54686
46.7 1.55433
46.8 1.56128
46.9 1.56845
47 1.57507
47.1 1.58115
47.2 1.58802
47.3 1.59475
47.4 1.60054
47.5 1.60719
47.6 1.61382
47.7 1.61839
47.8 1.62454
47.9 1.63051
48 1.63588
48.1 1.64167
48.2 1.64852
48.3 1.65435
48.4 1.66061
48.5 1.66636
48.6 1.67187
48.7 1.67537
48.8 1.68142
48.9 1.68772
49 1.69301
49.1 1.69821
49.2 1.70152
49.3 1.70639
49.4 1.71056
49.5 1.71499
49.6 1.72078
49.7 1.72533
49.8 1.72891
49.9 1.73282
50 1.73479
50.1 1.73519
50.2 1.73924
50.3 1.74452
50.4 1.75006
50.5 1.75547
50.6 1.75987
50.7 1.76388
50.8 1.76874
50.9 1.77342
51 1.77792
51.1 1.78248
51.2 1.7877
51.3 1.79271
51.4 1.79806
51.5 1.80244
51.6 1.80726
51.7 1.80616
51.8 1.80258
51.9 1.79886
52 1.79532
52.1 1.79159
52.2 1.78791
52.3 1.78403
52.4 1.78057
52.5 1.77687
52.6 1.77376
52.7 1.77081
52.8 1.7677
52.9 1.76523
53 1.76273
53.1 1.75982
53.2 1.75742
53.3 1.75465
53.4 1.75145
53.5 1.74899
53.6 1.74586
53.7 1.7427
53.8 1.73983
53.9 1.73703
54 1.73422
54.1 1.73145
54.2 1.72978
54.3 1.7276
54.4 1.72486
54.5 1.72241
54.6 1.71963
54.7 1.71698
54.8 1.71461
54.9 1.71253
55 1.7103
55.1 1.7081
55.2 1.70579
55.3 1.70379
55.4 1.70193
55.5 1.69952
55.6 1.69773
55.7 1.69583
55.8 1.69361
55.9 1.69161
56 1.6896
56.1 1.68793
56.2 1.68707
56.3 1.68556
56.4 1.68366
56.5 1.68238
56.6 1.68076
56.7 1.67885
56.8 1.67684
56.9 1.67485
57 1.67298
57.1 1.67117
57.2 1.66943
57.3 1.66781
57.4 1.6661
57.5 1.66435
57.6 1.66267
57.7 1.66093
57.8 1.65921
57.9 1.65764
58 1.65628
58.1 1.65472
58.2 1.65313
58.3 1.65194
58.4 1.65057
58.5 1.64912
58.6 1.6478
58.7 1.64674
58.8 1.6456
58.9 1.64422
59 1.64276
59.1 1.64128
59.2 1.64003
59.3 1.63861
59.4 1.63726
59.5 1.63607
59.6 1.63509
59.7 1.63395
59.8 1.63291
59.9 1.63179
60 1.63068
60.1 1.62965
60.2 1.62843
60.3 1.62711
60.4 1.62594
60.5 1.62474
60.6 1.62354
60.7 1.62236
60.8 1.6214
60.9 1.62002
61 1.61897
61.1 1.61784
61.2 1.61665
61.3 1.61557
61.4 1.61461
61.5 1.61365
61.6 1.61264
61.7 1.61154
61.8 1.61062
61.9 1.60959
62 1.6087
62.1 1.60792
62.2 1.60712
62.3 1.60615
62.4 1.60507
62.5 1.60413
62.6 1.60336
62.7 1.60277
62.8 1.60217
62.9 1.60125
63 1.60042
63.1 1.59963
63.2 1.59883
63.3 1.59793
63.4 1.59705
63.5 1.59631
63.6 1.59553
63.7 1.59471
63.8 1.59405
63.9 1.59321
64 1.59255
64.1 1.59186
64.2 1.59109
64.3 1.59034
64.4 1.58965
64.5 1.58891
64.6 1.58824
64.7 1.58758
64.8 1.58696
64.9 1.58636
65 1.5857
65.1 1.58502
65.2 1.58432
65.3 1.58376
65.4 1.58326
65.5 1.58279
65.6 1.58206
65.7 1.58142
65.8 1.5807
65.9 1.58003
66 1.57952
66.1 1.57894
66.2 1.57848
66.3 1.57808
66.4 1.57741
66.5 1.5769
66.6 1.57648
66.7 1.57607
66.8 1.57556
66.9 1.57486
67 1.5744
67.1 1.57415
67.2 1.57357
67.3 1.57291
67.4 1.57238
67.5 1.57189
67.6 1.5714
67.7 1.57074
67.8 1.57043
67.9 1.57001
68 1.56948
68.1 1.56902
68.2 1.56848
68.3 1.56786
68.4 1.56743
68.5 1.56692
68.6 1.56639
68.7 1.56591
68.8 1.56545
68.9 1.56508
69 1.56461
69.1 1.56424
69.2 1.56382
69.3 1.56343
69.4 1.56315
69.5 1.56263
69.6 1.5622
69.7 1.56176
69.8 1.5614
69.9 1.56107
70 1.56069
70.1 1.56036
70.2 1.55996
70.3 1.55952
70.4 1.55911
70.5 1.55887
70.6 1.55847
70.7 1.5581
70.8 1.55782
70.9 1.55737
71 1.55698
71.1 1.55677
71.2 1.5564
71.3 1.55606
71.4 1.55562
71.5 1.55524
71.6 1.55504
71.7 1.55472
71.8 1.55435
71.9 1.55392
72 1.55351
72.1 1.55311
72.2 1.55281
72.3 1.55239
72.4 1.55206
72.5 1.55177
72.6 1.55145
72.7 1.55109
72.8 1.55083
72.9 1.55053
73 1.5502
73.1 1.54989
73.2 1.54974
73.3 1.54955
73.4 1.54913
73.5 1.54877
73.6 1.5485
73.7 1.54827
73.8 1.54801
73.9 1.54767
74 1.54743
74.1 1.54695
74.2 1.5466
74.3 1.54636
74.4 1.54605
74.5 1.54579
74.6 1.54556
74.7 1.5452
74.8 1.54497
74.9 1.54467
75 1.54432
75.1 1.54401
75.2 1.5438
75.3 1.54359
75.4 1.54329
75.5 1.543
75.6 1.54283
75.7 1.54268
75.8 1.54241
75.9 1.54211
76 1.54178
76.1 1.54146
76.2 1.54114
76.3 1.54084
76.4 1.54058
76.5 1.54031
76.6 1.53996
76.7 1.53977
76.8 1.53954
76.9 1.5393
77 1.53903
77.1 1.53872
77.2 1.53838
77.3 1.53817
77.4 1.53798
77.5 1.53776
77.6 1.53764
77.7 1.53742
77.8 1.53724
77.9 1.53702
78 1.53678
78.1 1.53657
78.2 1.53641
78.3 1.53627
78.4 1.5361
78.5 1.53583
78.6 1.53561
78.7 1.53546
78.8 1.53531
78.9 1.5352
79 1.53496
79.1 1.53467
79.2 1.53449
79.3 1.53436
79.4 1.53417
79.5 1.53394
79.6 1.53382
79.7 1.53365
79.8 1.53341
79.9 1.53324
80 1.533
80.1 1.5328
80.2 1.53263
80.3 1.5324
80.4 1.53214
80.5 1.53195
80.6 1.53177
80.7 1.53154
80.8 1.53138
80.9 1.53117
81 1.53099
81.1 1.53073
81.2 1.53052
81.3 1.53032
81.4 1.5301
81.5 1.5299
81.6 1.52961
81.7 1.52942
81.8 1.52922
81.9 1.52902
82 1.52878
82.1 1.52872
82.2 1.52861
82.3 1.52847
82.4 1.52824
82.5 1.52809
82.6 1.5279
82.7 1.52768
82.8 1.52742
82.9 1.52732
83 1.52719
83.1 1.52696
83.2 1.5267
83.3 1.52651
83.4 1.52636
83.5 1.52617
83.6 1.52602
83.7 1.52596
83.8 1.52576
83.9 1.52558
84 1.52545
84.1 1.52539
84.2 1.52522
84.3 1.52508
84.4 1.52491
84.5 1.52475
84.6 1.52462
84.7 1.52448
84.8 1.52426
84.9 1.52415
85 1.52396
85.1 1.5238
85.2 1.52367
85.3 1.52352
85.4 1.5234
85.5 1.52332
85.6 1.5232
85.7 1.52304
85.8 1.52294
85.9 1.52286
86 1.52269
86.1 1.52249
86.2 1.52233
86.3 1.52216
86.4 1.52198
86.5 1.52187
86.6 1.52175
86.7 1.52156
86.8 1.52134
86.9 1.52124
87 1.52109
87.1 1.52096
87.2 1.52084
87.3 1.52065
87.4 1.52054
87.5 1.52044
87.6 1.52033
87.7 1.52016
87.8 1.52004
87.9 1.51997
88 1.51989
88.1 1.51978
88.2 1.51965
88.3 1.51951
88.4 1.51945
88.5 1.51929
88.6 1.51916
88.7 1.5191
88.8 1.51899
88.9 1.51882
89 1.51874
89.1 1.51872
89.2 1.51862
89.3 1.51851
89.4 1.51832
89.5 1.51818
89.6 1.51804
89.7 1.51788
89.8 1.51773
89.9 1.51762
90 1.51751
90.1 1.51737
90.2 1.51727
90.3 1.51709
90.4 1.51691
90.5 1.51681
90.6 1.51672
90.7 1.51659
90.8 1.51651
90.9 1.51639
91 1.51629
91.1 1.51619
91.2 1.51605
91.3 1.51589
91.4 1.51577
91.5 1.51562
91.6 1.51549
91.7 1.51536
91.8 1.51521
91.9 1.51509
92 1.51498
92.1 1.51488
92.2 1.51478
92.3 1.51465
92.4 1.51452
92.5 1.51438
92.6 1.5142
92.7 1.51408
92.8 1.51399
92.9 1.51386
93 1.51375
93.1 1.51368
93.2 1.51361
93.3 1.51355
93.4 1.5134
93.5 1.51332
93.6 1.51324
93.7 1.51315
93.8 1.51307
93.9 1.51295
94 1.51284
94.1 1.51273
94.2 1.51265
94.3 1.51259
94.4 1.5125
94.5 1.51244
94.6 1.51239
94.7 1.51234
94.8 1.51223
94.9 1.51213
95 1.51208
95.1 1.51201
95.2 1.51195
95.3 1.5119
95.4 1.51181
95.5 1.51169
95.6 1.5116
95.7 1.51148
95.8 1.51136
95.9 1.5113
96 1.5112
96.1 1.51113
96.2 1.51103
96.3 1.51094
96.4 1.51084
96.5 1.51075
96.6 1.51065
96.7 1.51061
96.8 1.51052
96.9 1.51043
97 1.51038
97.1 1.51027
97.2 1.51016
97.3 1.5101
97.4 1.51004
97.5 1.50995
97.6 1.50984
97.7 1.50974
97.8 1.5096
97.9 1.50949
98 1.5094
98.1 1.50933
98.2 1.50926
98.3 1.50919
98.4 1.50906
98.5 1.509
98.6 1.50889
98.7 1.50882
98.8 1.50875
98.9 1.50866
99 1.50861
99.1 1.50852
99.2 1.50843
99.3 1.50835
99.4 1.50825
99.5 1.50818
99.6 1.50807
99.7 1.50793
99.8 1.50787
99.9 1.50778
100 1.50765
100.001 2.9157
