18.5005 0.000139686
18.503 0.00015568
18.5055 0.000173368
18.508 0.000192912
18.5105 0.00021449
18.513 0.000238293
18.5155 0.000264531
18.518 0.000293429
18.5205 0.00032523
18.523 0.000360199
18.5255 0.000398619
18.528 0.000440799
18.5305 0.000487069
18.533 0.000537785
18.5355 0.000593331
18.538 0.00065412
18.5405 0.000720592
18.543 0.000793225
18.5455 0.000872525
18.548 0.000959038
18.5505 0.00105335
18.553 0.00115608
18.5555 0.00126789
18.558 0.0013895
18.5605 0.00152167
18.563 0.00166519
18.5655 0.00182094
18.568 0.00198981
18.5705 0.00217278
18.573 0.00237089
18.5755 0.00258521
18.578 0.00281691
18.5805 0.0030672
18.583 0.00333739
18.5855 0.00362884
18.588 0.00394298
18.5905 0.00428134
18.593 0.00464553
18.5955 0.00503722
18.598 0.00545819
18.6006 0.0059103
18.6031 0.0063955
18.6056 0.00691586
18.6081 0.0074735
18.6106 0.00807069
18.6131 0.00870976
18.6156 0.00939318
18.6181 0.0101235
18.6206 0.0109034
18.6231 0.0117357
18.6256 0.0126232
18.6281 0.013569
18.6306 0.0145762
18.6331 0.0156481
18.6356 0.016788
18.6381 0.0179993
18.6406 0.0192858
18.6431 0.020651
18.6456 0.022099
18.6481 0.0236336
18.6506 0.0252589
18.6531 0.0269791
18.6556 0.0287986
18.6581 0.0307219
18.6606 0.0327533
18.6631 0.0348977
18.6656 0.0371598
18.6681 0.0395445
18.6706 0.0420568
18.6731 0.0447018
18.6756 0.0474847
18.6781 0.0504107
18.6806 0.0534853
18.6831 0.0567138
18.6856 0.0601018
18.6881 0.063655
18.6906 0.0673788
18.6931 0.0712792
18.6956 0.0753618
18.6981 0.0796324
18.7006 0.0840968
18.7031 0.088761
18.7056 0.0936307
18.7081 0.0987119
18.7106 0.10401
18.7131 0.109532
18.7156 0.115283
18.7181 0.121268
18.7206 0.127494
18.7231 0.133965
18.7256 0.140689
18.7281 0.14767
18.7306 0.154913
18.7331 0.162424
18.7356 0.170208
18.7381 0.178271
18.7406 0.186616
18.7431 0.195248
18.7456 0.204173
18.7481 0.213394
18.7506 0.222916
18.7531 0.232742
18.7556 0.242876
18.7581 0.253322
18.7606 0.264082
18.7631 0.27516
18.7656 0.286557
18.7681 0.298277
18.7706 0.310321
18.7731 0.322691
18.7756 0.335388
18.7781 0.348413
18.7806 0.361767
18.7831 0.37545
18.7856 0.389461
18.7881 0.403801
18.7906 0.418468
18.7931 0.433461
18.7956 0.448778
18.7981 0.464417
18.8007 0.480375
18.8032 0.496649
18.8057 0.513236
18.8082 0.530132
18.8107 0.547332
18.8132 0.564832
18.8157 0.582626
18.8182 0.600709
18.8207 0.619075
18.8232 0.637716
18.8257 0.656626
18.8282 0.675798
18.8307 0.695223
18.8332 0.714893
18.8357 0.734799
18.8382 0.754933
18.8407 0.775283
18.8432 0.795842
18.8457 0.816597
18.8482 0.837539
18.8507 0.858656
18.8532 0.879936
18.8557 0.901368
18.8582 0.92294
18.8607 0.944638
18.8632 0.966451
18.8657 0.988364
18.8682 1.01037
18.8707 1.03244
18.8732 1.05458
18.8757 1.07676
18.8782 1.09897
18.8807 1.1212
18.8832 1.14343
18.8857 1.16565
18.8882 1.18784
18.8907 1.20999
18.8932 1.23208
18.8957 1.2541
18.8982 1.27603
18.9007 1.29785
18.9032 1.31956
18.9057 1.34113
18.9082 1.36256
18.9107 1.38382
18.9132 1.40489
18.9157 1.42578
18.9182 1.44645
18.9207 1.4669
18.9232 1.48711
18.9257 1.50707
18.9282 1.52676
18.9307 1.54617
18.9332 1.56528
18.9357 1.58409
18.9382 1.60257
18.9407 1.62071
18.9432 1.63851
18.9457 1.65595
18.9482 1.67302
18.9507 1.6897
18.9532 1.70599
18.9557 1.72187
18.9582 1.73734
18.9607 1.75238
18.9632 1.76698
18.9657 1.78114
18.9682 1.79485
18.9707 1.80809
18.9732 1.82086
18.9757 1.83316
18.9782 1.84497
18.9807 1.85629
18.9832 1.86711
18.9857 1.87743
18.9882 1.88724
18.9907 1.89654
18.9932 1.90532
18.9957 1.91358
18.9982 1.92132
19.0008 1.92853
19.0033 1.93522
19.0058 1.94137
19.0083 1.94699
19.0108 1.95209
19.0133 1.95664
19.0158 1.96067
19.0183 1.96417
19.0208 1.96713
19.0233 1.96957
19.0258 1.97148
19.0283 1.97286
19.0308 1.97373
19.0333 1.97407
19.0358 1.97391
19.0383 1.97323
19.0408 1.97204
19.0433 1.97035
19.0458 1.96817
19.0483 1.9655
19.0508 1.96234
19.0533 1.9587
19.0558 1.95459
19.0583 1.95002
19.0608 1.94499
19.0633 1.9395
19.0658 1.93357
19.0683 1.92721
19.0708 1.92042
19.0733 1.91321
19.0758 1.90559
19.0783 1.89757
19.0808 1.88916
19.0833 1.88036
19.0858 1.87118
19.0883 1.86164
19.0908 1.85175
19.0933 1.84151
19.0958 1.83093
19.0983 1.82003
19.1008 1.80881
19.1033 1.79728
19.1058 1.78546
19.1083 1.77335
19.1108 1.76097
19.1133 1.74832
19.1158 1.73541
19.1183 1.72225
19.1208 1.70887
19.1233 1.69525
19.1258 1.68142
19.1283 1.66738
19.1308 1.65315
19.1333 1.63874
19.1358 1.62414
19.1383 1.60939
19.1408 1.59447
19.1433 1.57941
19.1458 1.56422
19.1483 1.54889
19.1508 1.53345
19.1533 1.5179
19.1558 1.50224
19.1583 1.4865
19.1608 1.47068
19.1633 1.45478
19.1658 1.43882
19.1683 1.4228
19.1708 1.40673
19.1733 1.39062
19.1758 1.37448
19.1783 1.35831
19.1808 1.34213
19.1833 1.32594
19.1858 1.30975
19.1883 1.29356
19.1908 1.27738
19.1933 1.26122
19.1958 1.24508
19.1983 1.22898
19.2009 1.21291
19.2034 1.19689
19.2059 1.18092
19.2084 1.165
19.2109 1.14914
19.2134 1.13334
19.2159 1.11762
19.2184 1.10197
19.2209 1.0864
19.2234 1.07092
19.2259 1.05552
19.2284 1.04022
19.2309 1.02501
19.2334 1.00991
19.2359 0.994909
19.2384 0.980017
19.2409 0.965237
19.2434 0.950572
19.2459 0.936025
19.2484 0.921598
19.2509 0.907295
19.2534 0.893117
19.2559 0.879068
19.2584 0.865149
19.2609 0.851363
19.2634 0.837711
19.2659 0.824196
19.2684 0.810819
19.2709 0.797582
19.2734 0.784486
19.2759 0.771532
19.2784 0.758723
19.2809 0.746058
19.2834 0.733538
19.2859 0.721165
19.2884 0.70894
19.2909 0.696862
19.2934 0.684933
19.2959 0.673153
19.2984 0.661522
19.3009 0.65004
19.3034 0.638707
19.3059 0.627525
19.3084 0.616491
19.3109 0.605608
19.3134 0.594873
19.3159 0.584287
19.3184 0.57385
19.3209 0.563561
19.3234 0.553419
19.3259 0.543425
19.3284 0.533577
19.3309 0.523874
19.3334 0.514317
19.3359 0.504904
19.3384 0.495634
19.3409 0.486507
19.3434 0.477521
19.3459 0.468676
19.3484 0.45997
19.3509 0.451402
19.3534 0.442972
19.3559 0.434678
19.3584 0.426519
19.3609 0.418494
19.3634 0.410602
19.3659 0.40284
19.3684 0.395209
19.3709 0.387706
19.3734 0.38033
19.3759 0.373081
19.3784 0.365956
19.3809 0.358954
19.3834 0.352074
19.3859 0.345314
19.3884 0.338673
19.3909 0.33215
19.3934 0.325742
19.3959 0.31945
19.3984 0.31327
19.401 0.307201
19.4035 0.301243
19.406 0.295394
19.4085 0.289651
19.411 0.284015
19.4135 0.278482
19.416 0.273052
19.4185 0.267724
19.421 0.262495
19.4235 0.257364
19.426 0.25233
19.4285 0.247392
19.431 0.242547
19.4335 0.237795
19.436 0.233134
19.4385 0.228562
19.441 0.224078
19.4435 0.219682
19.446 0.21537
19.4485 0.211142
19.451 0.206997
19.4535 0.202933
19.456 0.198949
19.4585 0.195043
19.461 0.191214
19.4635 0.187461
19.466 0.183783
19.4685 0.180178
19.471 0.176644
19.4735 0.173182
19.476 0.169788
19.4785 0.166463
19.481 0.163205
19.4835 0.160012
19.486 0.156884
19.4885 0.153819
19.491 0.150816
19.4935 0.147875
19.496 0.144993
19.4985 0.14217
19.501 0.139405
19.5035 0.136696
19.506 0.134043
19.5085 0.131444
19.511 0.128898
19.5135 0.126405
19.516 0.123964
19.5185 0.121572
19.521 0.11923
19.5235 0.116937
19.526 0.114691
19.5285 0.112491
19.531 0.110338
19.5335 0.108228
19.536 0.106163
19.5385 0.104141
19.541 0.102161
19.5435 0.100222
19.546 0.0983234
19.5485 0.0964645
19.551 0.0946445
19.5535 0.0928625
19.556 0.0911178
19.5585 0.0894095
19.561 0.0877371
19.5635 0.0860996
19.566 0.0844965
19.5685 0.0829269
19.571 0.0813903
19.5735 0.0798859
19.576 0.078413
19.5785 0.0769711
19.581 0.0755594
19.5835 0.0741774
19.586 0.0728243
19.5885 0.0714997
19.591 0.0702029
19.5935 0.0689333
19.596 0.0676904
19.5985 0.0664736
19.6011 0.0652824
19.6036 0.0641161
19.6061 0.0629744
19.6086 0.0618566
19.6111 0.0607623
19.6136 0.0596909
19.6161 0.0586421
19.6186 0.0576152
19.6211 0.0566098
19.6236 0.0556256
19.6261 0.054662
19.6286 0.0537185
19.6311 0.0527948
19.6336 0.0518905
19.6361 0.0510051
19.6386 0.0501382
19.6411 0.0492894
19.6436 0.0484584
19.6461 0.0476448
19.6486 0.0468481
19.6511 0.0460681
19.6536 0.0453043
19.6561 0.0445564
19.6586 0.0438242
19.6611 0.0431072
19.6636 0.0424051
19.6661 0.0417176
19.6686 0.0410445
19.6711 0.0403853
19.6736 0.0397398
19.6761 0.0391077
19.6786 0.0384887
19.6811 0.0378825
19.6836 0.0372889
19.6861 0.0367076
19.6886 0.0361383
19.6911 0.0355808
19.6936 0.0350348
19.6961 0.0345001
19.6986 0.0339764
19.7011 0.0334635
19.7036 0.0329612
19.7061 0.0324692
19.7086 0.0319873
19.7111 0.0315154
19.7136 0.0310532
19.7161 0.0306004
19.7186 0.030157
19.7211 0.0297227
19.7236 0.0292972
19.7261 0.0288805
19.7286 0.0284723
19.7311 0.0280725
19.7336 0.0276809
19.7361 0.0272973
19.7386 0.0269215
19.7411 0.0265534
19.7436 0.0261928
19.7461 0.0258396
19.7486 0.0254936
19.7511 0.0251546
19.7536 0.0248226
19.7561 0.0244973
19.7586 0.0241787
19.7611 0.0238666
19.7636 0.0235608
19.7661 0.0232613
19.7686 0.0229679
19.7711 0.0226804
19.7736 0.0223988
19.7761 0.022123
19.7786 0.0218527
19.7811 0.021588
19.7836 0.0213287
19.7861 0.0210747
19.7886 0.0208258
19.7911 0.0205821
19.7936 0.0203433
19.7961 0.0201094
19.7986 0.0198803
19.8012 0.0196558
19.8037 0.019436
19.8062 0.0192207
19.8087 0.0190098
19.8112 0.0188032
19.8137 0.0186009
19.8162 0.0184027
19.8187 0.0182087
19.8212 0.0180186
19.8237 0.0178325
19.8262 0.0176502
19.8287 0.0174718
19.8312 0.017297
19.8337 0.0171259
19.8362 0.0169583
19.8387 0.0167943
19.8412 0.0166337
19.8437 0.0164765
19.8462 0.0163226
19.8487 0.016172
19.8512 0.0160246
19.8537 0.0158803
19.8562 0.0157391
19.8587 0.015601
19.8612 0.0154658
19.8637 0.0153335
19.8662 0.0152042
19.8687 0.0150776
19.8712 0.0149538
19.8737 0.0148328
19.8762 0.0147144
19.8787 0.0145987
19.8812 0.0144856
19.8837 0.014375
19.8862 0.014267
19.8887 0.0141614
19.8912 0.0140582
19.8937 0.0139575
19.8962 0.0138591
19.8987 0.013763
19.9012 0.0136692
19.9037 0.0135776
19.9062 0.0134883
19.9087 0.0134011
19.9112 0.0133161
19.9137 0.0132332
19.9162 0.0131524
19.9187 0.0130736
19.9212 0.0129969
19.9237 0.0129222
19.9262 0.0128494
19.9287 0.0127786
19.9312 0.0127097
19.9337 0.0126427
19.9362 0.0125776
19.9387 0.0125143
19.9412 0.0124528
19.9437 0.0123932
19.9462 0.0123353
19.9487 0.0122792
19.9512 0.0122248
19.9537 0.0121721
19.9562 0.0121212
19.9587 0.0120719
19.9612 0.0120243
19.9637 0.0119783
19.9662 0.011934
19.9687 0.0118912
19.9712 0.0118501
19.9737 0.0118106
19.9762 0.0117726
19.9787 0.0117362
19.9812 0.0117013
19.9837 0.011668
19.9862 0.0116361
19.9887 0.0116058
19.9912 0.011577
19.9937 0.0115497
19.9962 0.0115238
19.9987 0.0114994
20.0013 0.0114765
20.0038 0.011455
20.0063 0.0114349
20.0088 0.0114163
20.0113 0.0113991
20.0138 0.0113833
20.0163 0.011369
20.0188 0.011356
20.0213 0.0113444
20.0238 0.0113343
20.0263 0.0113255
20.0288 0.0113182
20.0313 0.0113122
20.0338 0.0113076
20.0363 0.0113043
20.0388 0.0113025
20.0413 0.011302
20.0438 0.0113029
20.0463 0.0113052
20.0488 0.0113089
20.0513 0.0113139
20.0538 0.0113203
20.0563 0.0113281
20.0588 0.0113372
20.0613 0.0113478
20.0638 0.0113597
20.0663 0.011373
20.0688 0.0113877
20.0713 0.0114038
20.0738 0.0114213
20.0763 0.0114402
20.0788 0.0114605
20.0813 0.0114822
20.0838 0.0115053
20.0863 0.0115299
20.0888 0.0115559
20.0913 0.0115833
20.0938 0.0116122
20.0963 0.0116425
20.0988 0.0116743
20.1013 0.0117076
20.1038 0.0117423
20.1063 0.0117786
20.1088 0.0118163
20.1113 0.0118556
20.1138 0.0118964
20.1163 0.0119387
20.1188 0.0119826
20.1213 0.012028
20.1238 0.012075
20.1263 0.0121236
20.1288 0.0121738
20.1313 0.0122257
20.1338 0.0122791
20.1363 0.0123343
20.1388 0.0123911
20.1413 0.0124496
20.1438 0.0125097
20.1463 0.0125717
20.1488 0.0126353
20.1513 0.0127007
20.1538 0.0127679
20.1563 0.0128369
20.1588 0.0129077
20.1613 0.0129804
20.1638 0.013055
20.1663 0.0131314
20.1688 0.0132097
20.1713 0.01329
20.1738 0.0133723
20.1763 0.0134565
20.1788 0.0135428
20.1813 0.013631
20.1838 0.0137214
20.1863 0.0138139
20.1888 0.0139085
20.1913 0.0140052
20.1938 0.0141042
20.1963 0.0142053
20.1988 0.0143087
20.2014 0.0144144
20.2039 0.0145224
20.2064 0.0146328
20.2089 0.0147455
20.2114 0.0148607
20.2139 0.0149783
20.2164 0.0150985
20.2189 0.0152211
20.2214 0.0153464
20.2239 0.0154742
20.2264 0.0156047
20.2289 0.0157379
20.2314 0.0158738
20.2339 0.0160126
20.2364 0.0161541
20.2389 0.0162985
20.2414 0.0164459
20.2439 0.0165962
20.2464 0.0167495
20.2489 0.0169059
20.2514 0.0170654
20.2539 0.0172281
20.2564 0.017394
20.2589 0.0175631
20.2614 0.0177356
20.2639 0.0179115
20.2664 0.0180908
20.2689 0.0182737
20.2714 0.0184601
20.2739 0.0186501
20.2764 0.0188437
20.2789 0.0190412
20.2814 0.0192424
20.2839 0.0194476
20.2864 0.0196566
20.2889 0.0198697
20.2914 0.0200869
20.2939 0.0203082
20.2964 0.0205337
20.2989 0.0207636
20.3014 0.0209978
20.3039 0.0212364
20.3064 0.0214796
20.3089 0.0217274
20.3114 0.0219799
20.3139 0.0222372
20.3164 0.0224993
20.3189 0.0227664
20.3214 0.0230385
20.3239 0.0233157
20.3264 0.0235981
20.3289 0.0238858
20.3314 0.0241789
20.3339 0.0244775
20.3364 0.0247817
20.3389 0.0250916
20.3414 0.0254073
20.3439 0.0257289
20.3464 0.0260564
20.3489 0.0263901
20.3514 0.02673
20.3539 0.0270762
20.3564 0.0274288
20.3589 0.027788
20.3614 0.0281538
20.3639 0.0285265
20.3664 0.028906
20.3689 0.0292925
20.3714 0.0296862
20.3739 0.0300872
20.3764 0.0304956
20.3789 0.0309115
20.3814 0.031335
20.3839 0.0317664
20.3864 0.0322057
20.3889 0.0326531
20.3914 0.0331086
20.3939 0.0335726
20.3964 0.034045
20.3989 0.0345261
20.4015 0.035016
20.404 0.0355149
20.4065 0.0360228
20.409 0.03654
20.4115 0.0370667
20.414 0.0376029
20.4165 0.0381489
20.419 0.0387048
20.4215 0.0392707
20.424 0.039847
20.4265 0.0404336
20.429 0.0410309
20.4315 0.0416389
20.434 0.0422579
20.4365 0.042888
20.439 0.0435295
20.4415 0.0441824
20.444 0.0448471
20.4465 0.0455237
20.449 0.0462123
20.4515 0.0469132
20.454 0.0476267
20.4565 0.0483528
20.459 0.0490918
20.4615 0.0498438
20.464 0.0506092
20.4665 0.0513881
20.469 0.0521807
20.4715 0.0529872
20.474 0.0538079
20.4765 0.054643
20.479 0.0554926
20.4815 0.0563571
20.484 0.0572366
20.4865 0.0581313
20.489 0.0590416
20.4915 0.0599675
20.494 0.0609094
20.4965 0.0618675
20.499 0.062842
20.5015 0.0638332
20.504 0.0648412
20.5065 0.0658663
20.509 0.0669089
20.5115 0.067969
20.514 0.0690469
20.5165 0.070143
20.519 0.0712573
20.5215 0.0723903
20.524 0.0735421
20.5265 0.0747129
20.529 0.075903
20.5315 0.0771127
20.534 0.0783422
20.5365 0.0795917
20.539 0.0808615
20.5415 0.0821519
20.544 0.083463
20.5465 0.0847951
20.549 0.0861485
20.5515 0.0875234
20.554 0.0889201
20.5565 0.0903387
20.559 0.0917795
20.5615 0.0932428
20.564 0.0947288
20.5665 0.0962376
20.569 0.0977697
20.5715 0.099325
20.574 0.100904
20.5765 0.102507
20.579 0.104134
20.5815 0.105785
20.584 0.10746
20.5865 0.10916
20.589 0.110885
20.5915 0.112635
20.594 0.11441
20.5965 0.116211
20.599 0.118037
20.6016 0.119889
20.6041 0.121766
20.6066 0.12367
20.6091 0.1256
20.6116 0.127556
20.6141 0.129539
20.6166 0.131549
20.6191 0.133585
20.6216 0.135648
20.6241 0.137738
20.6266 0.139854
20.6291 0.141998
20.6316 0.144169
20.6341 0.146367
20.6366 0.148593
20.6391 0.150845
20.6416 0.153125
20.6441 0.155432
20.6466 0.157767
20.6491 0.160128
20.6516 0.162517
20.6541 0.164933
20.6566 0.167376
20.6591 0.169846
20.6616 0.172343
20.6641 0.174866
20.6666 0.177417
20.6691 0.179993
20.6716 0.182596
20.6741 0.185225
20.6766 0.18788
20.6791 0.19056
20.6816 0.193266
20.6841 0.195996
20.6866 0.198752
20.6891 0.201532
20.6916 0.204336
20.6941 0.207164
20.6966 0.210016
20.6991 0.21289
20.7016 0.215787
20.7041 0.218706
20.7066 0.221646
20.7091 0.224608
20.7116 0.22759
20.7141 0.230591
20.7166 0.233613
20.7191 0.236653
20.7216 0.239711
20.7241 0.242787
20.7266 0.245879
20.7291 0.248987
20.7316 0.252111
20.7341 0.255248
20.7366 0.2584
20.7391 0.261564
20.7416 0.26474
20.7441 0.267927
20.7466 0.271124
20.7491 0.27433
20.7516 0.277545
20.7541 0.280766
20.7566 0.283993
20.7591 0.287225
20.7616 0.290461
20.7641 0.293699
20.7666 0.296938
20.7691 0.300178
20.7716 0.303417
20.7741 0.306653
20.7766 0.309886
20.7791 0.313113
20.7816 0.316335
20.7841 0.319548
20.7866 0.322752
20.7891 0.325946
20.7916 0.329127
20.7941 0.332295
20.7966 0.335448
20.7991 0.338584
20.8017 0.341701
20.8042 0.344799
20.8067 0.347875
20.8092 0.350928
20.8117 0.353956
20.8142 0.356958
20.8167 0.359931
20.8192 0.362874
20.8217 0.365786
20.8242 0.368663
20.8267 0.371506
20.8292 0.374311
20.8317 0.377078
20.8342 0.379803
20.8367 0.382487
20.8392 0.385125
20.8417 0.387718
20.8442 0.390262
20.8467 0.392756
20.8492 0.395199
20.8517 0.397588
20.8542 0.399921
20.8567 0.402197
20.8592 0.404414
20.8617 0.40657
20.8642 0.408663
20.8667 0.410691
20.8692 0.412652
20.8717 0.414546
20.8742 0.416369
20.8767 0.418121
20.8792 0.419799
20.8817 0.421402
20.8842 0.422928
20.8867 0.424375
20.8892 0.425742
20.8917 0.427028
20.8942 0.42823
20.8967 0.429347
20.8992 0.430379
20.9017 0.431322
20.9042 0.432177
20.9067 0.43294
20.9092 0.433613
20.9117 0.434192
20.9142 0.434677
20.9167 0.435067
20.9192 0.435361
20.9217 0.435557
20.9242 0.435655
20.9267 0.435654
20.9292 0.435552
20.9317 0.43535
20.9342 0.435047
20.9367 0.434641
20.9392 0.434133
20.9417 0.433521
20.9442 0.432806
20.9467 0.431987
20.9492 0.431065
20.9517 0.430037
20.9542 0.428906
20.9567 0.42767
20.9592 0.42633
20.9617 0.424886
20.9642 0.423338
20.9667 0.421687
20.9692 0.419933
20.9717 0.418076
20.9742 0.416117
20.9767 0.414057
20.9792 0.411896
20.9817 0.409636
20.9842 0.407277
20.9867 0.404821
20.9892 0.402268
20.9917 0.399619
20.9942 0.396877
20.9967 0.394042
20.9992 0.391116
21.0018 0.3881
21.0043 0.384996
21.0068 0.381806
21.0093 0.378532
21.0118 0.375174
21.0143 0.371736
21.0168 0.36822
21.0193 0.364626
21.0218 0.360959
21.0243 0.357218
21.0268 0.353408
21.0293 0.349531
21.0318 0.345588
21.0343 0.341582
21.0368 0.337516
21.0393 0.333392
21.0418 0.329213
21.0443 0.324982
21.0468 0.320701
21.0493 0.316373
21.0518 0.312001
21.0543 0.307587
21.0568 0.303135
21.0593 0.298647
21.0618 0.294126
21.0643 0.289575
21.0668 0.284997
21.0693 0.280395
21.0718 0.275772
21.0743 0.27113
21.0768 0.266474
21.0793 0.261804
21.0818 0.257126
21.0843 0.25244
21.0868 0.247751
21.0893 0.243061
21.0918 0.238373
21.0943 0.23369
21.0968 0.229015
21.0993 0.22435
21.1018 0.219697
21.1043 0.215061
21.1068 0.210443
21.1093 0.205846
21.1118 0.201273
21.1143 0.196725
21.1168 0.192206
21.1193 0.187718
21.1218 0.183263
21.1243 0.178843
21.1268 0.174461
21.1293 0.170118
21.1318 0.165817
21.1343 0.16156
21.1368 0.157348
21.1393 0.153184
21.1418 0.149069
21.1443 0.145004
21.1468 0.140992
21.1493 0.137034
21.1518 0.133132
21.1543 0.129285
21.1568 0.125497
21.1593 0.121768
21.1618 0.118099
21.1643 0.114491
21.1668 0.110946
21.1693 0.107463
21.1718 0.104044
21.1743 0.100689
21.1768 0.0973999
21.1793 0.0941759
21.1818 0.0910179
21.1843 0.0879261
21.1868 0.084901
21.1893 0.0819426
21.1918 0.0790512
21.1943 0.0762267
21.1968 0.0734691
21.1993 0.0707784
21.2019 0.0681544
21.2044 0.0655969
21.2069 0.0631055
21.2094 0.06068
21.2119 0.0583198
21.2144 0.0560246
21.2169 0.0537937
21.2194 0.0516267
21.2219 0.0495228
21.2244 0.0474814
21.2269 0.0455018
21.2294 0.0435831
21.2319 0.0417246
21.2344 0.0399254
21.2369 0.0381846
21.2394 0.0365013
21.2419 0.0348745
21.2444 0.0333032
21.2469 0.0317864
21.2494 0.0303231
21.2519 0.0289121
21.2544 0.0275525
21.2569 0.0262431
21.2594 0.0249828
21.2619 0.0237705
21.2644 0.0226051
21.2669 0.0214853
21.2694 0.02041
21.2719 0.0193782
21.2744 0.0183885
21.2769 0.0174399
21.2794 0.0165313
21.2819 0.0156613
21.2844 0.014829
21.2869 0.0140331
21.2894 0.0132726
21.2919 0.0125463
21.2944 0.011853
21.2969 0.0111918
21.2994 0.0105614
21.3019 0.00996087
21.3044 0.0093891
21.3069 0.00884507
21.3094 0.00832775
21.3119 0.00783614
21.3144 0.00736924
21.3169 0.00692611
21.3194 0.0065058
21.3219 0.00610738
21.3244 0.00572995
21.3269 0.00537265
21.3294 0.0050346
21.3319 0.00471499
21.3344 0.00441299
21.3369 0.00412783
21.3394 0.00385874
21.3419 0.00360499
21.3444 0.00336584
21.3469 0.00314062
21.3494 0.00292865
21.3519 0.00272928
21.3544 0.00254189
21.3569 0.00236587
21.3594 0.00220065
21.3619 0.00204567
21.3644 0.00190039
21.3669 0.0017643
21.3694 0.0016369
21.3719 0.00151772
21.3744 0.0014063
21.3769 0.00130221
21.3794 0.00120504
21.3819 0.00111439
21.3844 0.00102987
21.3869 0.000951134
21.3894 0.000877832
21.3919 0.000809638
21.3944 0.000746239
21.3969 0.000687341
21.3994 0.000632663
21.402 0.000581939
21.4045 0.000534915
21.407 0.000491354
21.4095 0.00045103
21.412 0.000413729
21.4145 0.000379248
21.417 0.000347399
21.4195 0.000318002
21.422 0.000290888
21.4245 0.000265897
21.427 0.000242882
21.4295 0.0002217
21.432 0.000202221
21.4345 0.000184321
21.437 0.000167885
21.4395 0.000152803
21.442 0.000138975
21.4445 0.000126306
21.447 0.000114708
21.4495 0.000104099
21.452 9.44007e-05
21.4545 8.55426e-05
21.457 7.7458e-05
21.4595 7.00851e-05
21.462 6.33663e-05
21.4645 5.72485e-05
21.467 5.16822e-05
21.4695 4.66217e-05
21.472 4.20247e-05
21.4745 3.78519e-05
21.477 3.40672e-05
21.4795 3.06373e-05
21.482 2.75314e-05
21.4845 2.47211e-05
21.487 2.21804e-05
21.4895 1.98851e-05
21.492 1.78134e-05
21.4945 1.59449e-05
21.497 1.42611e-05
21.4995 1.27449e-05
