18.6595 0.0279843
18.7131 0.0932809
18.7667 0.19589
18.8203 0.457076
18.8739 0.746247
18.9275 1.32459
18.9811 1.47384
19.0347 1.7257
19.0883 1.90293
19.1419 1.46451
19.1955 1.21265
19.2491 1.01676
19.3027 0.624982
19.3563 0.419764
19.4099 0.186562
19.4635 0.261186
19.5171 0.186562
19.5707 0.0932809
19.6243 0.0373124
19.6779 0.0279843
19.7315 0.00932809
19.7852 0.0186562
19.8388 0.0186562
19.8924 0.0186562
19.946 0.0186562
19.9996 0.0279843
20.0532 0.0186562
20.1068 0.00932809
20.1604 0.0186562
20.214 0.0186562
20.2676 0.00932809
20.3212 0.0279843
20.3748 0.0186562
20.4284 0.0466404
20.482 0.149249
20.5356 0.121265
20.5892 0.130593
20.6428 0.186562
20.6964 0.410436
20.75 0.382452
20.8036 0.494389
20.8572 0.578341
20.9108 0.652966
20.9644 0.643638
21.018 0.513045
21.0716 0.289171
21.1252 0.19589
21.1788 0.102609
21.2324 0.0373124
21.286 0.00932809
