0 0.0781911
0.1 0.0782219
0.2 0.0782505
0.3 0.0782788
0.4 0.0783074
0.5 0.0783352
0.6 0.078363
0.7 0.078392
0.8 0.0784211
0.9 0.0784492
1 0.0784778
1.1 0.0785062
1.2 0.0785338
1.3 0.0785589
1.4 0.0785843
1.5 0.0786091
1.6 0.0786332
1.7 0.078658
1.8 0.0786823
1.9 0.0787081
2 0.0787322
2.1 0.0787557
2.2 0.0787798
2.3 0.0788033
2.4 0.0788271
2.5 0.0788523
2.6 0.0788769
2.7 0.0789006
2.8 0.0789235
2.9 0.0789458
3 0.078969
3.1 0.0789928
3.2 0.0790168
3.3 0.0790403
3.4 0.0790648
3.5 0.0790875
3.6 0.0791124
3.7 0.0791372
3.8 0.0791615
3.9 0.0791832
4 0.0792054
4.1 0.0792295
4.2 0.0792521
4.3 0.0792749
4.4 0.0792971
4.5 0.0793213
4.6 0.079345
4.7 0.0793699
4.8 0.0793934
4.9 0.0794177
5 0.0794397
5.1 0.0794611
5.2 0.0794827
5.3 0.0795044
5.4 0.0795274
5.5 0.0795508
5.6 0.0795734
5.7 0.0795945
5.8 0.0796174
5.9 0.0796393
6 0.0796613
6.1 0.0796805
6.2 0.0797013
6.3 0.0797218
6.4 0.0797431
6.5 0.079763
6.6 0.0797822
6.7 0.0798016
6.8 0.079823
6.9 0.0798441
7 0.0798659
7.1 0.0798868
7.2 0.0799064
7.3 0.0799275
7.4 0.0799489
7.5 0.0799712
7.6 0.0799935
7.7 0.0800154
7.8 0.0800368
7.9 0.080058
8 0.0800783
8.1 0.0800992
8.2 0.0801193
8.3 0.0801398
8.4 0.0801595
8.5 0.0801788
8.6 0.0801982
8.7 0.0802172
8.8 0.0802356
8.9 0.0802544
9 0.0802735
9.1 0.0802908
9.2 0.080308
9.3 0.0803276
9.4 0.0803476
9.5 0.0803674
9.6 0.0803879
9.7 0.0804071
9.8 0.0804238
9.9 0.0804415
10 0.0804582
10.1 0.0804753
10.2 0.0804926
10.3 0.0805083
10.4 0.0805225
10.5 0.0805384
10.6 0.080555
10.7 0.0805702
10.8 0.0805852
10.9 0.0806008
11 0.080616
11.1 0.0806311
11.2 0.0806466
11.3 0.0806642
11.4 0.0806806
11.5 0.0806969
11.6 0.0807146
11.7 0.0807315
11.8 0.0807476
11.9 0.0807633
12 0.0807786
12.1 0.0807938
12.2 0.0808097
12.3 0.0808265
12.4 0.0808406
12.5 0.0808543
12.6 0.0808693
12.7 0.0808832
12.8 0.0808979
12.9 0.0809125
13 0.0809252
13.1 0.0809377
13.2 0.0809514
13.3 0.0809629
13.4 0.0809752
13.5 0.0809875
13.6 0.0809999
13.7 0.0810113
13.8 0.0810234
13.9 0.0810359
14 0.0810493
14.1 0.0810609
14.2 0.0810728
14.3 0.0810828
14.4 0.0810925
14.5 0.0811035
14.6 0.0811145
14.7 0.0811256
14.8 0.0811375
14.9 0.0811487
15 0.0811601
15.1 0.0811721
15.2 0.0811847
15.3 0.0811972
15.4 0.0812094
15.5 0.0812214
15.6 0.0812317
15.7 0.0812419
15.8 0.0812522
15.9 0.0812627
16 0.0812721
16.1 0.0812829
16.2 0.0812934
16.3 0.0813037
16.4 0.0813135
16.5 0.0813236
16.6 0.0813345
16.7 0.0813448
16.8 0.0813549
16.9 0.081366
17 0.0813762
17.1 0.0813868
17.2 0.0813974
17.3 0.0814084
17.4 0.0814187
17.5 0.0814291
17.6 0.0814399
17.7 0.0814498
17.8 0.0814605
17.9 0.0814703
18 0.0814796
18.1 0.0814897
18.2 0.0814995
18.3 0.0815077
18.4 0.0815165
18.5 0.0815258
18.6 0.0815356
18.7 0.0815452
18.8 0.0815549
18.9 0.0815648
19 0.081575
19.1 0.0815847
19.2 0.0815942
19.3 0.081605
19.4 0.0816138
19.5 0.0816219
19.6 0.0816307
19.7 0.0816391
19.8 0.0816469
19.9 0.0816558
20 0.0816635
20.1 0.0816728
20.2 0.0816821
20.3 0.0816896
20.4 0.081697
20.5 0.0817047
20.6 0.0817116
20.7 0.0817179
20.8 0.0817248
20.9 0.0817325
21 0.0817398
21.1 0.0817475
21.2 0.0817548
21.3 0.0817624
21.4 0.0817697
21.5 0.0817778
21.6 0.0817845
21.7 0.0817911
21.8 0.0817981
21.9 0.0818056
22 0.081813
22.1 0.0818209
22.2 0.081829
22.3 0.0818373
22.4 0.0818463
22.5 0.081854
22.6 0.0818609
22.7 0.0818669
22.8 0.0818725
22.9 0.0818784
23 0.081884
23.1 0.0818887
23.2 0.0818952
23.3 0.0819006
23.4 0.0819067
23.5 0.0819112
23.6 0.0819159
23.7 0.0819216
23.8 0.0819265
23.9 0.0819314
24 0.0819371
24.1 0.0819426
24.2 0.0819479
24.3 0.0819529
24.4 0.0819577
24.5 0.0819635
24.6 0.0819709
24.7 0.0819779
24.8 0.0819846
24.9 0.0819917
25 0.0819992
25.1 0.0820054
25.2 0.0820123
25.3 0.08202
25.4 0.082027
25.5 0.0820341
25.6 0.0820402
25.7 0.0820456
25.8 0.0820505
25.9 0.0820548
26 0.0820586
26.1 0.0820615
26.2 0.0820657
26.3 0.0820697
26.4 0.0820726
26.5 0.0820757
26.6 0.0820782
26.7 0.0820827
26.8 0.0820872
26.9 0.0820921
27 0.0820963
27.1 0.0821001
27.2 0.0821039
27.3 0.0821076
27.4 0.0821116
27.5 0.0821164
27.6 0.0821217
27.7 0.0821254
27.8 0.0821289
27.9 0.0821329
28 0.082138
28.1 0.0821432
28.2 0.0821479
28.3 0.0821529
28.4 0.082158
28.5 0.0821627
28.6 0.082169
28.7 0.0821749
28.8 0.0821811
28.9 0.0821881
29 0.0821943
29.1 0.082201
29.2 0.082207
29.3 0.082214
29.4 0.0822206
29.5 0.0822267
29.6 0.082233
29.7 0.0822395
29.8 0.0822459
29.9 0.0822524
30 0.0822588
30.1 0.0822648
30.2 0.0822706
30.3 0.0822777
30.4 0.0822846
30.5 0.082291
30.6 0.0822976
30.7 0.0823045
30.8 0.0823116
30.9 0.0823177
31 0.0823237
31.1 0.0823311
31.2 0.0823393
31.3 0.0823454
31.4 0.082352
31.5 0.0823573
31.6 0.0823643
31.7 0.0823713
31.8 0.0823787
31.9 0.0823864
32 0.0823933
32.1 0.0824008
32.2 0.0824078
32.3 0.0824154
32.4 0.0824241
32.5 0.0824342
32.6 0.0824441
32.7 0.0824523
32.8 0.0824626
32.9 0.0824716
33 0.0824816
33.1 0.0824924
33.2 0.082504
33.3 0.0825147
33.4 0.0825255
33.5 0.0825365
33.6 0.082548
33.7 0.0825597
33.8 0.0825713
33.9 0.082583
34 0.0825939
34.1 0.0826012
34.2 0.08261
34.3 0.0826195
34.4 0.0826289
34.5 0.0826381
34.6 0.0826474
34.7 0.0826561
34.8 0.0826655
34.9 0.0826753
35 0.0826853
35.1 0.082696
35.2 0.0827072
35.3 0.0827183
35.4 0.0827295
35.5 0.0827394
35.6 0.0827491
35.7 0.0827574
35.8 0.0827665
35.9 0.0827764
36 0.0827862
36.1 0.0827964
36.2 0.0828073
36.3 0.082818
36.4 0.0828289
36.5 0.0828406
36.6 0.0828517
36.7 0.0828618
36.8 0.0828731
36.9 0.0828847
37 0.0828952
37.1 0.0829043
37.2 0.0829147
37.3 0.0829244
37.4 0.0829353
37.5 0.0829463
37.6 0.0829579
37.7 0.0829677
37.8 0.0829782
37.9 0.0829879
38 0.0829995
38.1 0.0830118
38.2 0.0830252
38.3 0.0830374
38.4 0.08305
38.5 0.0830616
38.6 0.0830737
38.7 0.0830825
38.8 0.083089
38.9 0.083094
39 0.083099
39.1 0.0831053
39.2 0.0831117
39.3 0.0831194
39.4 0.0831258
39.5 0.0831317
39.6 0.0831386
39.7 0.0831451
39.8 0.0831519
39.9 0.0831589
40 0.083165
40.1 0.0831719
40.2 0.0831779
40.3 0.0831841
40.4 0.0831913
40.5 0.0831995
40.6 0.083206
40.7 0.0832131
40.8 0.0832198
40.9 0.0832274
41 0.0832332
41.1 0.0832407
41.2 0.0832488
41.3 0.0832555
41.4 0.0832634
41.5 0.0832699
41.6 0.0832768
41.7 0.0832848
41.8 0.0832923
41.9 0.0832999
42 0.0833067
42.1 0.0833142
42.2 0.0833233
42.3 0.083333
42.4 0.0833417
42.5 0.08335
42.6 0.0833587
42.7 0.0833669
42.8 0.0833763
42.9 0.0833851
43 0.0833953
43.1 0.0834053
43.2 0.0834169
43.3 0.0834289
43.4 0.0834401
43.5 0.0834509
43.6 0.0834616
43.7 0.0834725
43.8 0.0834837
43.9 0.0834939
44 0.0835037
44.1 0.0835141
44.2 0.0835247
44.3 0.0835334
44.4 0.0835421
44.5 0.083551
44.6 0.0835596
44.7 0.0835694
44.8 0.0835786
44.9 0.083587
45 0.0835951
45.1 0.0836027
45.2 0.0836103
45.3 0.0836197
45.4 0.0836279
45.5 0.0836365
45.6 0.0836451
45.7 0.0836551
45.8 0.0836654
45.9 0.0836753
46 0.0836832
46.1 0.0836938
46.2 0.0837051
46.3 0.0837151
46.4 0.0837246
46.5 0.0837336
46.6 0.0837426
46.7 0.0837508
46.8 0.0837594
46.9 0.0837676
47 0.0837767
47.1 0.0837852
47.2 0.0837944
47.3 0.0838026
47.4 0.0838103
47.5 0.0838169
47.6 0.083822
47.7 0.0838275
47.8 0.0838319
47.9 0.0838372
48 0.0838423
48.1 0.0838474
48.2 0.0838524
48.3 0.0838576
48.4 0.0838631
48.5 0.0838682
48.6 0.0838724
48.7 0.0838771
48.8 0.0838816
48.9 0.0838861
49 0.0838909
49.1 0.0838951
49.2 0.0838999
49.3 0.0839045
49.4 0.0839095
49.5 0.0839142
49.6 0.0839185
49.7 0.0839236
49.8 0.083928
49.9 0.0839316
50 0.083935
50.1 0.0839384
50.2 0.0839415
50.3 0.0839447
50.4 0.0839476
50.5 0.0839498
50.6 0.0839525
50.7 0.0839557
50.8 0.0839592
50.9 0.0839626
51 0.0839661
51.1 0.0839699
51.2 0.0839731
51.3 0.083977
51.4 0.0839811
51.5 0.0839849
51.6 0.0839883
51.7 0.0839908
51.8 0.0839937
51.9 0.083997
52 0.084
52.1 0.0840038
52.2 0.0840078
52.3 0.0840111
52.4 0.0840143
52.5 0.0840177
52.6 0.0840202
52.7 0.0840237
52.8 0.0840269
52.9 0.0840305
53 0.0840347
53.1 0.0840389
53.2 0.0840445
53.3 0.0840505
53.4 0.0840559
53.5 0.0840613
53.6 0.0840674
53.7 0.0840731
53.8 0.0840792
53.9 0.0840867
54 0.0840927
54.1 0.0840992
54.2 0.0841062
54.3 0.084112
54.4 0.0841185
54.5 0.0841252
54.6 0.0841321
54.7 0.0841391
54.8 0.0841454
54.9 0.0841502
55 0.0841549
55.1 0.0841603
55.2 0.0841651
55.3 0.0841711
55.4 0.0841765
55.5 0.0841817
55.6 0.0841885
55.7 0.0841952
55.8 0.0842012
55.9 0.0842074
56 0.0842128
56.1 0.0842172
56.2 0.0842216
56.3 0.0842244
56.4 0.0842262
56.5 0.0842284
56.6 0.0842302
56.7 0.0842325
56.8 0.0842345
56.9 0.0842364
57 0.0842389
57.1 0.0842412
57.2 0.0842434
57.3 0.0842456
57.4 0.0842477
57.5 0.0842495
57.6 0.0842515
57.7 0.0842541
57.8 0.0842573
57.9 0.0842608
58 0.0842645
58.1 0.0842681
58.2 0.0842713
58.3 0.0842745
58.4 0.0842785
58.5 0.0842826
58.6 0.0842864
58.7 0.08429
58.8 0.0842941
58.9 0.0842971
59 0.0843002
59.1 0.0843035
59.2 0.0843068
59.3 0.0843107
59.4 0.0843148
59.5 0.0843182
59.6 0.0843221
59.7 0.0843269
59.8 0.0843312
59.9 0.0843355
60 0.0843394
60.1 0.084343
60.2 0.0843467
60.3 0.0843506
60.4 0.0843547
60.5 0.0843582
60.6 0.0843621
60.7 0.0843659
60.8 0.0843695
60.9 0.0843737
61 0.0843769
61.1 0.0843803
61.2 0.0843843
61.3 0.0843888
61.4 0.0843943
61.5 0.0844002
61.6 0.0844063
61.7 0.0844127
61.8 0.0844191
61.9 0.0844257
62 0.0844318
62.1 0.0844377
62.2 0.0844429
62.3 0.0844487
62.4 0.0844547
62.5 0.0844607
62.6 0.0844663
62.7 0.0844721
62.8 0.0844773
62.9 0.0844825
63 0.084487
63.1 0.0844928
63.2 0.0844979
63.3 0.0845028
63.4 0.0845078
63.5 0.0845133
63.6 0.0845189
63.7 0.0845239
63.8 0.0845286
63.9 0.0845335
64 0.0845389
64.1 0.0845439
64.2 0.0845482
64.3 0.0845511
64.4 0.0845546
64.5 0.0845578
64.6 0.0845614
64.7 0.0845646
64.8 0.0845673
64.9 0.0845698
65 0.084573
65.1 0.0845757
65.2 0.0845789
65.3 0.0845819
65.4 0.0845849
65.5 0.0845877
65.6 0.0845902
65.7 0.0845925
65.8 0.0845957
65.9 0.0845988
66 0.0846023
66.1 0.0846051
66.2 0.0846074
66.3 0.0846102
66.4 0.0846121
66.5 0.0846144
66.6 0.0846173
66.7 0.0846204
66.8 0.0846231
66.9 0.084626
67 0.0846287
67.1 0.0846308
67.2 0.0846335
67.3 0.0846363
67.4 0.0846397
67.5 0.084643
67.6 0.0846465
67.7 0.0846508
67.8 0.0846547
67.9 0.0846581
68 0.0846619
68.1 0.0846654
68.2 0.0846686
68.3 0.0846723
68.4 0.0846761
68.5 0.0846791
68.6 0.0846829
68.7 0.0846864
68.8 0.0846902
68.9 0.0846943
69 0.0846978
69.1 0.0847008
69.2 0.0847051
69.3 0.0847092
69.4 0.0847127
69.5 0.0847158
69.6 0.0847188
69.7 0.0847223
69.8 0.0847257
69.9 0.084729
70 0.0847318
70.1 0.0847347
70.2 0.0847372
70.3 0.0847394
70.4 0.0847421
70.5 0.084745
70.6 0.0847472
70.7 0.0847497
70.8 0.0847523
70.9 0.0847546
71 0.0847568
71.1 0.084759
71.2 0.0847615
71.3 0.0847639
71.4 0.0847665
71.5 0.0847696
71.6 0.0847727
71.7 0.0847755
71.8 0.0847784
71.9 0.0847807
72 0.0847831
72.1 0.0847863
72.2 0.0847892
72.3 0.0847922
72.4 0.0847952
72.5 0.0847979
72.6 0.0848007
72.7 0.0848032
72.8 0.0848059
72.9 0.0848083
73 0.0848105
73.1 0.0848127
73.2 0.0848152
73.3 0.0848179
73.4 0.0848206
73.5 0.0848232
73.6 0.0848259
73.7 0.0848282
73.8 0.0848301
73.9 0.0848329
74 0.0848355
74.1 0.0848376
74.2 0.0848394
74.3 0.0848409
74.4 0.0848421
74.5 0.0848435
74.6 0.0848447
74.7 0.084846
74.8 0.0848477
74.9 0.0848491
75 0.0848507
75.1 0.0848523
75.2 0.0848539
75.3 0.0848554
75.4 0.0848572
75.5 0.0848591
75.6 0.0848606
75.7 0.0848619
75.8 0.0848632
75.9 0.084864
76 0.0848646
76.1 0.0848654
76.2 0.0848666
76.3 0.0848678
76.4 0.0848685
76.5 0.0848693
76.6 0.0848702
76.7 0.084871
76.8 0.0848715
76.9 0.0848721
77 0.0848726
77.1 0.0848733
77.2 0.0848739
77.3 0.0848746
77.4 0.0848754
77.5 0.0848757
77.6 0.0848761
77.7 0.0848766
77.8 0.084877
77.9 0.0848774
78 0.0848783
78.1 0.0848791
78.2 0.0848799
78.3 0.0848809
78.4 0.0848819
78.5 0.0848829
78.6 0.0848839
78.7 0.0848848
78.8 0.0848856
78.9 0.0848865
79 0.0848874
79.1 0.0848882
79.2 0.084889
79.3 0.0848898
79.4 0.0848906
79.5 0.0848915
79.6 0.0848923
79.7 0.084893
79.8 0.0848939
79.9 0.0848946
80 0.0848954
80.1 0.0848961
80.2 0.0848967
80.3 0.0848974
80.4 0.0848981
80.5 0.0848985
80.6 0.0848991
80.7 0.0848998
80.8 0.0849005
80.9 0.0849012
81 0.0849019
81.1 0.0849023
81.2 0.0849031
81.3 0.0849035
81.4 0.084904
81.5 0.0849044
81.6 0.0849051
81.7 0.0849056
81.8 0.0849062
81.9 0.0849071
82 0.0849078
82.1 0.0849084
82.2 0.084909
82.3 0.0849096
82.4 0.0849103
82.5 0.0849111
82.6 0.0849117
82.7 0.0849123
82.8 0.0849129
82.9 0.0849135
83 0.084914
83.1 0.0849147
83.2 0.0849151
83.3 0.0849158
83.4 0.0849164
83.5 0.0849169
83.6 0.0849176
83.7 0.0849183
83.8 0.0849193
83.9 0.0849202
84 0.0849211
84.1 0.0849221
84.2 0.084923
84.3 0.0849239
84.4 0.0849249
84.5 0.0849257
84.6 0.0849265
84.7 0.0849273
84.8 0.0849279
84.9 0.0849285
85 0.084929
85.1 0.0849295
85.2 0.0849299
85.3 0.0849307
85.4 0.0849312
85.5 0.0849319
85.6 0.0849324
85.7 0.0849332
85.8 0.0849338
85.9 0.0849345
86 0.0849348
86.1 0.0849349
86.2 0.0849353
86.3 0.0849357
86.4 0.0849361
86.5 0.0849367
86.6 0.0849372
86.7 0.0849378
86.8 0.0849385
86.9 0.0849391
87 0.0849396
87.1 0.08494
87.2 0.0849408
87.3 0.0849413
87.4 0.0849418
87.5 0.0849423
87.6 0.084943
87.7 0.0849436
87.8 0.0849441
87.9 0.0849447
88 0.0849452
88.1 0.0849459
88.2 0.0849466
88.3 0.0849471
88.4 0.0849477
88.5 0.0849483
88.6 0.0849488
88.7 0.0849493
88.8 0.0849499
88.9 0.0849504
89 0.0849509
89.1 0.0849515
89.2 0.084952
89.3 0.0849523
89.4 0.0849527
89.5 0.0849532
89.6 0.0849537
89.7 0.084954
89.8 0.0849545
89.9 0.0849548
90 0.0849551
90.1 0.0849555
90.2 0.0849559
90.3 0.0849562
90.4 0.0849565
90.5 0.0849568
90.6 0.0849571
90.7 0.0849574
90.8 0.0849577
90.9 0.084958
91 0.0849583
91.1 0.0849586
91.2 0.0849589
91.3 0.0849591
91.4 0.0849593
91.5 0.0849594
91.6 0.0849595
91.7 0.0849597
91.8 0.0849598
91.9 0.08496
92 0.0849602
92.1 0.0849603
92.2 0.0849605
92.3 0.0849607
92.4 0.0849609
92.5 0.084961
92.6 0.0849612
92.7 0.0849613
92.8 0.0849614
92.9 0.0849616
93 0.0849619
93.1 0.0849621
93.2 0.0849624
93.3 0.0849627
93.4 0.0849629
93.5 0.0849632
93.6 0.0849634
93.7 0.0849637
93.8 0.0849638
93.9 0.0849639
94 0.0849639
94.1 0.084964
94.2 0.0849641
94.3 0.0849642
94.4 0.0849643
94.5 0.0849643
94.6 0.0849643
94.7 0.0849644
94.8 0.0849644
94.9 0.0849644
95 0.0849645
95.1 0.0849646
95.2 0.0849646
95.3 0.0849647
95.4 0.0849648
95.5 0.0849648
95.6 0.0849649
95.7 0.084965
95.8 0.0849651
95.9 0.0849651
96 0.0849651
96.1 0.084965
96.2 0.0849649
96.3 0.0849649
96.4 0.0849647
96.5 0.0849647
96.6 0.0849646
96.7 0.0849646
96.8 0.0849645
96.9 0.0849645
97 0.0849645
97.1 0.0849644
97.2 0.0849644
97.3 0.0849643
97.4 0.0849643
97.5 0.0849642
97.6 0.0849641
97.7 0.084964
97.8 0.0849639
97.9 0.0849639
98 0.0849638
98.1 0.0849638
98.2 0.0849637
98.3 0.0849636
98.4 0.0849635
98.5 0.0849635
98.6 0.0849634
98.7 0.0849633
98.8 0.0849632
98.9 0.0849632
99 0.0849631
99.1 0.084963
99.2 0.0849629
99.3 0.0849629
99.4 0.0849628
99.5 0.0849627
99.6 0.0849626
99.7 0.0849625
99.8 0.0849624
99.9 0.0849623
100 0.527739
