0 -4.0624
0.1 -4.08624
0.2 -4.10702
0.3 -4.09275
0.4 -4.12928
0.5 -4.08474
0.6 -4.09007
0.7 -4.08308
0.8 -4.07527
0.9 -4.14731
1 -4.08419
1.1 -4.07687
1.2 -4.09913
1.3 -4.09267
1.4 -4.11893
1.5 -4.05987
1.6 -4.08188
1.7 -4.14829
1.8 -4.10904
1.9 -4.07605
2 -4.08315
2.1 -4.10083
2.2 -4.08595
2.3 -4.11103
2.4 -4.10022
2.5 -4.1035
2.6 -4.07617
2.7 -4.09992
2.8 -4.08805
2.9 -4.06421
3 -4.05728
3.1 -4.02948
3.2 -4.09409
3.3 -4.07524
3.4 -4.08204
3.5 -4.08529
3.6 -4.08764
3.7 -4.06785
3.8 -4.10351
3.9 -4.08779
4 -4.08835
4.1 -4.09618
4.2 -4.08771
4.3 -4.04937
4.4 -4.09444
4.5 -4.05586
4.6 -4.06083
4.7 -4.07661
4.8 -4.08544
4.9 -4.07589
5 -4.05465
5.1 -4.12227
5.2 -4.10813
5.3 -4.10122
5.4 -4.02063
5.5 -4.0953
5.6 -4.08919
5.7 -4.06983
5.8 -4.07915
5.9 -4.09136
6 -4.06948
6.1 -4.09018
6.2 -4.03226
6.3 -4.04268
6.4 -4.06081
6.5 -4.05964
6.6 -4.06682
6.7 -4.04117
6.8 -4.07116
6.9 -4.08511
7 -4.05442
7.1 -4.04967
7.2 -4.07827
7.3 -4.01753
7.4 -4.03706
7.5 -4.07215
7.6 -4.09587
7.7 -4.05686
7.8 -4.02291
7.9 -4.03198
8 -4.08779
8.1 -4.05808
8.2 -4.07585
8.3 -4.00239
8.4 -4.06758
8.5 -4.04914
8.6 -4.02665
8.7 -4.08072
8.8 -4.06695
8.9 -4.05629
9 -4.01812
9.1 -4.08566
9.2 -4.09662
9.3 -4.04466
9.4 -4.0522
9.5 -4.06656
9.6 -4.05088
9.7 -4.06747
9.8 -4.02765
9.9 -3.98057
10 -4.03666
10.1 -4.05001
10.2 -4.01971
10.3 -4.04399
10.4 -4.02065
10.5 -4.07363
10.6 -4.0691
10.7 -4.07003
10.8 -4.07566
10.9 -4.08794
11 -4.08477
11.1 -4.05131
11.2 -4.02661
11.3 -4.07118
11.4 -4.05199
11.5 -4.07919
11.6 -4.04283
11.7 -4.02337
11.8 -4.0479
11.9 -4.04727
12 -4.05993
12.1 -4.05634
12.2 -4.07231
12.3 -4.00529
12.4 -4.02533
12.5 -4.08098
12.6 -4.04195
12.7 -4.04511
12.8 -4.04138
12.9 -4.04641
13 -4.07826
13.1 -4.013
13.2 -4.04
13.3 -4.01713
13.4 -3.9826
13.5 -4.02509
13.6 -4.07539
13.7 -4.09663
13.8 -4.08471
13.9 -4.06498
14 -4.06381
14.1 -4.00457
14.2 -4.08086
14.3 -4.06818
14.4 -4.06554
14.5 -4.06367
14.6 -4.07382
14.7 -4.04653
14.8 -4.05602
14.9 -4.02871
15 -3.99735
15.1 -4.06343
15.2 -4.01658
15.3 -4.04238
15.4 -4.04639
15.5 -4.05211
15.6 -4.05643
15.7 -4.02741
15.8 -4.0234
15.9 -4.03616
16 -4.0685
16.1 -4.08124
16.2 -4.02854
16.3 -4.02902
16.4 -4.0797
16.5 -4.06344
16.6 -4.04122
16.7 -4.04457
16.8 -4.06422
16.9 -4.05633
17 -4.05608
17.1 -4.06066
17.2 -4.02061
17.3 -4.01271
17.4 -4.06439
17.5 -4.01344
17.6 -4.03024
17.7 -4.06854
17.8 -4.06947
17.9 -4.02773
18 -4.05094
18.1 -4.07786
18.2 -4.07258
18.3 -4.04116
18.4 -4.02198
18.5 -4.01964
18.6 -4.04335
18.7 -4.07752
18.8 -4.06347
18.9 -4.08271
19 -4.09496
19.1 -4.08686
19.2 -4.08226
19.3 -4.03274
19.4 -4.02004
19.5 -4.05465
19.6 -4.11041
19.7 -4.09905
19.8 -4.0412
19.9 -4.09939
20 -4.07696
20.1 -4.01645
20.2 -4.06679
20.3 -4.08938
20.4 -4.12721
20.5 -4.06864
20.6 -4.08737
20.7 -4.0805
20.8 -4.07077
20.9 -4.03456
21 -4.07712
21.1 -4.0897
21.2 -4.08937
21.3 -4.08138
21.4 -4.0763
21.5 -4.10602
21.6 -4.08521
21.7 -4.09117
21.8 -4.10874
21.9 -4.09265
22 -4.08117
22.1 -4.05673
22.2 -4.10402
22.3 -4.09677
22.4 -4.044
22.5 -4.09278
22.6 -4.13015
22.7 -4.12134
22.8 -4.0915
22.9 -4.06956
23 -4.0832
23.1 -4.09551
23.2 -4.05003
23.3 -4.10793
23.4 -4.07016
23.5 -4.08853
23.6 -4.13288
23.7 -4.15072
23.8 -4.06224
23.9 -4.09547
24 -4.1019
24.1 -4.05148
24.2 -4.09536
24.3 -4.08949
24.4 -4.08815
24.5 -4.12245
24.6 -4.11065
24.7 -4.12187
24.8 -4.14818
24.9 -4.09059
25 -4.10741
25.1 -4.08387
25.2 -4.12225
25.3 -4.10923
25.4 -4.0808
25.5 -4.07967
25.6 -4.09645
25.7 -4.07403
25.8 -4.13535
25.9 -4.10661
26 -4.12478
26.1 -4.12451
26.2 -4.16225
26.3 -4.12215
26.4 -4.16482
26.5 -4.11842
26.6 -4.14927
26.7 -4.12569
26.8 -4.13881
26.9 -4.12514
27 -4.17578
27.1 -4.13464
27.2 -4.17363
27.3 -4.14473
27.4 -4.15296
27.5 -4.14243
27.6 -4.12078
27.7 -4.15834
27.8 -4.09873
27.9 -4.15587
28 -4.19356
28.1 -4.21529
28.2 -4.22583
28.3 -4.15031
28.4 -4.13712
28.5 -4.15614
28.6 -4.15203
28.7 -4.17698
28.8 -4.16151
28.9 -4.15886
29 -4.19214
29.1 -4.15732
29.2 -4.14975
29.3 -4.14781
29.4 -4.16784
29.5 -4.15786
29.6 -4.20465
29.7 -4.13077
29.8 -4.16419
29.9 -4.16484
30 -4.17686
30.1 -4.16651
30.2 -4.16968
30.3 -4.19808
30.4 -4.22245
30.5 -4.22593
30.6 -4.19789
30.7 -4.1728
30.8 -4.17681
30.9 -4.21898
31 -4.19959
31.1 -4.11927
31.2 -4.22027
31.3 -4.22065
31.4 -4.16462
31.5 -4.19337
31.6 -4.20793
31.7 -4.2089
31.8 -4.21226
31.9 -4.23883
32 -4.20372
32.1 -4.20405
32.2 -4.22298
32.3 -4.21721
32.4 -4.19546
32.5 -4.21794
32.6 -4.22295
32.7 -4.23522
32.8 -4.25919
32.9 -4.20838
33 -4.21447
33.1 -4.25455
33.2 -4.25264
33.3 -4.26052
33.4 -4.27497
33.5 -4.25857
33.6 -4.30058
33.7 -4.28007
33.8 -4.2623
33.9 -4.25404
34 -4.28338
34.1 -4.27547
34.2 -4.26433
34.3 -4.2645
34.4 -4.2491
34.5 -4.27
34.6 -4.30309
34.7 -4.26748
34.8 -4.29435
34.9 -4.27814
35 -4.25648
35.1 -4.27841
35.2 -4.3441
35.3 -4.29028
35.4 -4.30158
35.5 -4.33889
35.6 -4.35177
35.7 -4.32055
35.8 -4.34016
35.9 -4.32618
36 -4.34812
36.1 -4.36102
36.2 -4.34114
36.3 -4.34668
36.4 -4.32203
36.5 -4.34592
36.6 -4.33504
36.7 -4.32616
36.8 -4.34161
36.9 -4.31631
37 -4.348
37.1 -4.35653
37.2 -4.36032
37.3 -4.33725
37.4 -4.34953
37.5 -4.40177
37.6 -4.39372
37.7 -4.37985
37.8 -4.33229
37.9 -4.4011
38 -4.38112
38.1 -4.37557
38.2 -4.42153
38.3 -4.38306
38.4 -4.4325
38.5 -4.41579
38.6 -4.37734
38.7 -4.43437
38.8 -4.44059
38.9 -4.42154
39 -4.42525
39.1 -4.45502
39.2 -4.40672
39.3 -4.38929
39.4 -4.43577
39.5 -4.45226
39.6 -4.44936
39.7 -4.4242
39.8 -4.45657
39.9 -4.48012
40 -4.47285
40.1 -4.51406
40.2 -4.51834
40.3 -4.49884
40.4 -4.47937
40.5 -4.4947
40.6 -4.46819
40.7 -4.49828
40.8 -4.47459
40.9 -4.5075
41 -4.48758
41.1 -4.57411
41.2 -4.53438
41.3 -4.56855
41.4 -4.55563
41.5 -4.54405
41.6 -4.58768
41.7 -4.55359
41.8 -4.53737
41.9 -4.60409
42 -4.58919
42.1 -4.60739
42.2 -4.57095
42.3 -4.58664
42.4 -4.56691
42.5 -4.62971
42.6 -4.61866
42.7 -4.58656
42.8 -4.57677
42.9 -4.64654
43 -4.64935
43.1 -4.60764
43.2 -4.64161
43.3 -4.66355
43.4 -4.64455
43.5 -4.66841
43.6 -4.64454
43.7 -4.66824
43.8 -4.7238
43.9 -4.64126
44 -4.65978
44.1 -4.63851
44.2 -4.6593
44.3 -4.6787
44.4 -4.65494
44.5 -4.69213
44.6 -4.68953
44.7 -4.72857
44.8 -4.71638
44.9 -4.71715
45 -4.71727
45.1 -4.73952
45.2 -4.73283
45.3 -4.73337
45.4 -4.7423
45.5 -4.7487
45.6 -4.7955
45.7 -4.74897
45.8 -4.77517
45.9 -4.81719
46 -4.8323
46.1 -4.77668
46.2 -4.81136
46.3 -4.83629
46.4 -4.81674
46.5 -4.85741
46.6 -4.84561
46.7 -4.84372
46.8 -4.85968
46.9 -4.82561
47 -4.82602
47.1 -4.81841
47.2 -4.86237
47.3 -4.8072
47.4 -4.86219
47.5 -4.86957
47.6 -4.85285
47.7 -4.87558
47.8 -4.88375
47.9 -4.90308
48 -4.86886
48.1 -4.89788
48.2 -4.90992
48.3 -4.8842
48.4 -4.86162
48.5 -4.91025
48.6 -4.92985
48.7 -4.91651
48.8 -4.91774
48.9 -4.89405
49 -4.88889
49.1 -4.95072
49.2 -4.96764
49.3 -4.96494
49.4 -4.99552
49.5 -5.00944
49.6 -4.97169
49.7 -4.99189
49.8 -5.00596
49.9 -5.02365
50 -5.00577
50.1 -4.98756
50.2 -5.00827
50.3 -5.04203
50.4 -5.02858
50.5 -5.04536
50.6 -5.03274
50.7 -5.0111
50.8 -5.05974
50.9 -5.08915
51 -5.07464
51.1 -5.11046
51.2 -5.13166
51.3 -5.13715
51.4 -5.15923
51.5 -5.17077
51.6 -5.13525
51.7 -5.14428
51.8 -5.15279
51.9 -5.12988
52 -5.17082
52.1 -5.15598
52.2 -5.1751
52.3 -5.1775
52.4 -5.18401
52.5 -5.16985
52.6 -5.15136
52.7 -5.20705
52.8 -5.15941
52.9 -5.16883
53 -5.18058
53.1 -5.25018
53.2 -5.26385
53.3 -5.23315
53.4 -5.25506
53.5 -5.22302
53.6 -5.2493
53.7 -5.2645
53.8 -5.21381
53.9 -5.26754
54 -5.26469
54.1 -5.26794
54.2 -5.28372
54.3 -5.23899
54.4 -5.22092
54.5 -5.28161
54.6 -5.30548
54.7 -5.27931
54.8 -5.28421
54.9 -5.30715
55 -5.31607
55.1 -5.30662
55.2 -5.33545
55.3 -5.26511
55.4 -5.3273
55.5 -5.31668
55.6 -5.31699
55.7 -5.34697
55.8 -5.34361
55.9 -5.35982
56 -5.40498
56.1 -5.38997
56.2 -5.37675
56.3 -5.43356
56.4 -5.37519
56.5 -5.43384
56.6 -5.42691
56.7 -5.38457
56.8 -5.40109
56.9 -5.4446
57 -5.43669
57.1 -5.44699
57.2 -5.43344
57.3 -5.44166
57.4 -5.46259
57.5 -5.47602
57.6 -5.47887
57.7 -5.50627
57.8 -5.44056
57.9 -5.53103
58 -5.43821
58.1 -5.51818
58.2 -5.47932
58.3 -5.52433
58.4 -5.54186
58.5 -5.55051
58.6 -5.54504
58.7 -5.53134
58.8 -5.57041
58.9 -5.54804
59 -5.56088
59.1 -5.60909
59.2 -5.56911
59.3 -5.52003
59.4 -5.56571
59.5 -5.50582
59.6 -5.57319
59.7 -5.5342
59.8 -5.51791
59.9 -5.57301
60 -5.56358
60.1 -5.59126
60.2 -5.58223
60.3 -5.5496
60.4 -5.597
60.5 -5.57989
60.6 -5.56732
60.7 -5.57804
60.8 -5.5365
60.9 -5.55378
61 -5.59318
61.1 -5.61526
61.2 -5.58098
61.3 -5.61327
61.4 -5.6286
61.5 -5.65592
61.6 -5.61111
61.7 -5.61444
61.8 -5.6002
61.9 -5.65482
62 -5.64129
62.1 -5.64476
62.2 -5.65739
62.3 -5.64715
62.4 -5.67906
62.5 -5.65681
62.6 -5.65311
62.7 -5.64587
62.8 -5.62179
62.9 -5.58583
63 -5.70814
63.1 -5.7047
63.2 -5.68702
63.3 -5.69749
63.4 -5.69699
63.5 -5.6762
63.6 -5.68594
63.7 -5.68188
63.8 -5.69839
63.9 -5.7296
64 -5.71828
64.1 -5.68895
64.2 -5.6938
64.3 -5.70327
64.4 -5.68314
64.5 -5.73891
64.6 -5.69429
64.7 -5.69548
64.8 -5.76257
64.9 -5.79036
65 -5.7619
65.1 -5.72765
65.2 -5.76953
65.3 -5.76954
65.4 -5.7137
65.5 -5.75487
65.6 -5.7989
65.7 -5.75814
65.8 -5.76557
65.9 -5.76256
66 -5.7756
66.1 -5.80292
66.2 -5.79757
66.3 -5.81337
66.4 -5.79598
66.5 -5.83228
66.6 -5.76509
66.7 -5.80136
66.8 -5.8413
66.9 -5.85407
67 -5.83898
67.1 -5.80777
67.2 -5.85038
67.3 -5.81846
67.4 -5.83376
67.5 -5.81465
67.6 -5.79361
67.7 -5.77963
67.8 -5.85774
67.9 -5.82667
68 -5.84935
68.1 -5.81849
68.2 -5.81561
68.3 -5.84915
68.4 -5.86153
68.5 -5.83661
68.6 -5.83918
68.7 -5.84081
68.8 -5.85499
68.9 -5.84288
69 -5.88214
69.1 -5.90415
69.2 -5.82591
69.3 -5.86237
69.4 -5.90313
69.5 -5.87094
69.6 -5.87617
69.7 -5.87058
69.8 -5.86011
69.9 -5.85371
70 -5.85506
70.1 -5.92796
70.2 -5.83168
70.3 -5.8755
70.4 -5.92926
70.5 -5.87834
70.6 -5.88895
70.7 -5.93015
70.8 -5.88652
70.9 -5.88832
71 -5.88774
71.1 -5.88699
71.2 -5.87738
71.3 -5.86595
71.4 -5.89474
71.5 -5.95114
71.6 -5.95627
71.7 -5.94518
71.8 -5.91114
71.9 -5.93119
72 -5.93741
72.1 -5.87172
72.2 -5.94642
72.3 -5.96334
72.4 -5.93567
72.5 -5.93634
72.6 -5.9116
72.7 -5.95303
72.8 -5.93948
72.9 -5.90734
73 -5.92824
73.1 -5.93656
73.2 -5.94873
73.3 -5.97008
73.4 -5.92034
73.5 -5.89249
73.6 -5.94816
73.7 -5.96905
73.8 -5.94016
73.9 -5.93799
74 -5.91113
74.1 -5.9846
74.2 -5.97052
74.3 -5.9604
74.4 -5.95173
74.5 -5.9835
74.6 -5.93104
74.7 -5.97792
74.8 -5.93571
74.9 -5.92242
75 -5.91752
75.1 -5.91934
75.2 -5.94869
75.3 -5.93136
75.4 -5.95644
75.5 -5.87736
75.6 -5.95401
75.7 -5.96814
75.8 -5.91606
75.9 -5.86349
76 -5.92342
76.1 -5.95033
76.2 -5.91317
76.3 -5.96312
76.4 -5.94577
76.5 -6.00159
76.6 -5.92449
76.7 -5.88841
76.8 -5.92294
76.9 -5.93718
77 -5.90502
77.1 -5.95138
77.2 -5.96081
77.3 -5.94568
77.4 -5.93565
77.5 -5.97189
77.6 -5.93862
77.7 -5.96022
77.8 -5.91288
77.9 -5.95704
78 -5.9412
78.1 -5.96741
78.2 -5.98549
78.3 -5.94911
78.4 -5.97694
78.5 -6.00425
78.6 -5.95323
78.7 -5.97124
78.8 -6.01314
78.9 -5.96792
79 -5.95402
79.1 -5.98183
79.2 -5.9608
79.3 -6.00219
79.4 -5.97923
79.5 -5.90107
79.6 -5.91577
79.7 -5.95144
79.8 -5.92736
79.9 -5.96078
80 -5.95311
80.1 -5.93185
80.2 -5.98344
80.3 -5.97167
80.4 -5.92337
80.5 -5.93618
80.6 -5.91176
80.7 -5.94774
80.8 -5.92217
80.9 -5.92357
81 -5.94137
81.1 -6.01397
81.2 -5.95513
81.3 -5.95643
81.4 -5.98097
81.5 -5.93403
81.6 -5.97423
81.7 -5.95192
81.8 -6.00535
81.9 -6.03126
82 -6.00675
82.1 -5.96465
82.2 -5.95674
82.3 -6.03736
82.4 -6.00144
82.5 -6.01271
82.6 -6.03693
82.7 -5.97158
82.8 -5.96986
82.9 -6.02587
83 -6.02074
83.1 -6.00044
83.2 -5.95381
83.3 -5.9692
83.4 -5.96082
83.5 -6.00626
83.6 -5.99679
83.7 -5.9916
83.8 -5.98875
83.9 -6.01416
84 -5.97259
84.1 -6.03261
84.2 -6.03129
84.3 -6.04361
84.4 -6.0351
84.5 -5.99711
84.6 -6.07772
84.7 -6.00528
84.8 -5.99407
84.9 -6.02923
85 -5.97745
85.1 -5.98735
85.2 -5.95214
85.3 -5.99857
85.4 -5.99238
85.5 -5.98329
85.6 -6.03713
85.7 -6.00281
85.8 -5.98144
85.9 -5.99209
86 -6.00252
86.1 -6.01151
86.2 -6.00947
86.3 -6.01881
86.4 -6.03455
86.5 -6.02198
86.6 -6.03619
86.7 -6.00933
86.8 -5.98434
86.9 -5.96809
87 -6.01313
87.1 -6.02994
87.2 -5.94107
87.3 -6.0073
87.4 -6.00322
87.5 -6.0634
87.6 -6.03351
87.7 -6.00267
87.8 -5.97674
87.9 -6.00547
88 -6.02983
88.1 -5.98381
88.2 -6.00393
88.3 -6.01414
88.4 -6.011
88.5 -6.03141
88.6 -6.01538
88.7 -6.01683
88.8 -5.99668
88.9 -5.98338
89 -6.02145
89.1 -6.00678
89.2 -6.06141
89.3 -6.0495
89.4 -6.00055
89.5 -6.02504
89.6 -6.00301
89.7 -6.00963
89.8 -6.00832
89.9 -6.0327
90 -6.0327
90.1 -5.98103
90.2 -6.01865
90.3 -6.00993
90.4 -5.99161
90.5 -5.96733
90.6 -6.03296
90.7 -5.9978
90.8 -6.0082
90.9 -5.98274
91 -6.01307
91.1 -6.06153
91.2 -6.02085
91.3 -6.05636
91.4 -6.09261
91.5 -6.01526
91.6 -6.03496
91.7 -6.01653
91.8 -5.99751
91.9 -6.0031
92 -6.03554
92.1 -6.02866
92.2 -6.00797
92.3 -6.00753
92.4 -6.00695
92.5 -5.99113
92.6 -5.98795
92.7 -6.01441
92.8 -6.03662
92.9 -6.03171
93 -6.0486
93.1 -6.02248
93.2 -6.0048
93.3 -5.98724
93.4 -6.05951
93.5 -6.02373
93.6 -6.04787
93.7 -6.02947
93.8 -6.01712
93.9 -6.05692
94 -6.09767
94.1 -6.05393
94.2 -6.0727
94.3 -6.04915
94.4 -6.05479
94.5 -6.03544
94.6 -6.05013
94.7 -6.03784
94.8 -6.04955
94.9 -6.02231
95 -6.06238
95.1 -6.02619
95.2 -6.0196
95.3 -6.01844
95.4 -6.07312
95.5 -6.01099
95.6 -6.06115
95.7 -6.05769
95.8 -6.08307
95.9 -6.01346
96 -6.06073
96.1 -6.04838
96.2 -6.03042
96.3 -6.05958
96.4 -6.06221
96.5 -6.03831
96.6 -6.00996
96.7 -5.99054
96.8 -6.07709
96.9 -6.03223
97 -6.06626
97.1 -6.07026
97.2 -6.08272
97.3 -6.06736
97.4 -6.06636
97.5 -6.07005
97.6 -6.06564
97.7 -6.07319
97.8 -6.04582
97.9 -6.073
98 -6.00962
98.1 -6.05919
98.2 -6.06496
98.3 -6.05714
98.4 -6.04791
98.5 -6.07276
98.6 -6.10898
98.7 -6.07706
98.8 -6.09416
98.9 -6.07587
99 -6.12638
99.1 -6.10618
99.2 -6.10511
99.3 -6.04345
99.4 -6.08638
99.5 -6.08866
99.6 -6.10772
99.7 -6.11467
99.8 -6.09323
99.9 -6.09783
100 -4.50554
