38.6446 0.0837287
38.6984 0.260489
38.7521 0.400037
38.8059 0.893106
38.8596 1.54433
38.9134 1.78621
38.9671 2.17695
39.0209 2.35371
39.0746 2.17695
39.1283 1.80482
39.1821 1.20011
39.2358 0.772164
39.2896 0.595404
39.3433 0.539585
39.3971 0.427947
39.4508 0.195367
39.5046 0.102335
39.5583 0.102335
39.612 0.0465159
39.6658 0.0744255
39.7195 0.0465159
39.7733 0.00930319
39.827 0.0372127
39.8808 0.00930319
39.9345 0
39.9883 0
40.042 0
40.0958 0
40.1495 0.00930319
40.2032 0.0186064
40.257 0.00930319
40.3107 0.0186064
40.3645 0
40.4182 0
40.472 0.0558191
40.5257 0.0279096
40.5795 0.0558191
40.6332 0.0186064
40.6869 0.0465159
40.7407 0.0651223
40.7944 0.0744255
40.8482 0.0837287
40.9019 0.111638
40.9557 0.130245
41.0094 0.0837287
41.0632 0.0837287
41.1169 0.0279096
41.1707 0.0186064
41.2244 0.0186064
41.2781 0.00930319
