3.57642 0.00882735
3.63306 0.026482
3.68971 0.141238
3.74635 0.30013
3.80299 0.679706
3.85963 0.86508
3.91628 1.3241
3.97292 1.50948
4.02956 1.45651
4.0862 1.50065
4.14284 1.05045
4.19949 0.662051
4.25613 0.529641
4.31277 0.308957
4.36941 0.194202
4.42606 0.150065
4.4827 0.0971008
4.53934 0.0706188
4.59598 0.026482
4.65262 0.0176547
4.70927 0.026482
4.76591 0.026482
4.82255 0
4.87919 0.0176547
4.93583 0.0353094
4.99248 0.00882735
5.04912 0
5.10576 0.00882735
5.1624 0.00882735
5.21905 0.026482
5.27569 0.026482
5.33233 0.0176547
5.38897 0.0176547
5.44561 0.0441367
5.50226 0.0971008
5.5589 0.105928
5.61554 0.203029
5.67218 0.247166
5.72882 0.370749
5.78547 0.538468
5.84211 0.609087
5.89875 0.69736
5.95539 0.962181
6.01204 0.935699
6.06868 0.794461
6.12532 0.441367
6.18196 0.26482
6.2386 0.105928
6.29525 0.0706188
6.35189 0.026482
