0 0.0825302
0.1 0.0825645
0.2 0.082586
0.3 0.0826028
0.4 0.0826212
0.5 0.0826396
0.6 0.0826668
0.7 0.0826903
0.8 0.0827135
0.9 0.0827312
1 0.082749
1.1 0.0827714
1.2 0.0827968
1.3 0.082823
1.4 0.0828478
1.5 0.0828726
1.6 0.0829007
1.7 0.0829271
1.8 0.0829584
1.9 0.0829895
2 0.0830205
2.1 0.0830457
2.2 0.0830681
2.3 0.0830907
2.4 0.0831115
2.5 0.0831326
2.6 0.0831578
2.7 0.0831785
2.8 0.0831988
2.9 0.0832255
3 0.0832513
3.1 0.0832732
3.2 0.083297
3.3 0.0833191
3.4 0.0833409
3.5 0.0833647
3.6 0.0833857
3.7 0.0834114
3.8 0.0834278
3.9 0.0834464
4 0.0834645
4.1 0.0834847
4.2 0.0835034
4.3 0.0835265
4.4 0.083554
4.5 0.0835739
4.6 0.0836003
4.7 0.0836266
4.8 0.0836541
4.9 0.0836832
5 0.083716
5.1 0.0837568
5.2 0.0837935
5.3 0.0838351
5.4 0.0838773
5.5 0.0839281
5.6 0.0839758
5.7 0.0840306
5.8 0.0840873
5.9 0.0841468
6 0.0842057
6.1 0.0842635
6.2 0.0843188
6.3 0.0843828
6.4 0.0844399
6.5 0.0844989
6.6 0.084571
6.7 0.0846428
6.8 0.0847172
6.9 0.0848034
7 0.0848909
7.1 0.0849835
7.2 0.0850812
7.3 0.0851742
7.4 0.0852713
7.5 0.0853726
7.6 0.08548
7.7 0.0855798
7.8 0.0856832
7.9 0.0857839
8 0.0858884
8.1 0.0859968
8.2 0.0861146
8.3 0.0862314
8.4 0.0863457
8.5 0.0864554
8.6 0.0865776
8.7 0.0866847
8.8 0.0867985
8.9 0.0869157
9 0.0870455
9.1 0.0871614
9.2 0.0872803
9.3 0.087403
9.4 0.0875319
9.5 0.0876695
9.6 0.087805
9.7 0.0879405
9.8 0.0880824
9.9 0.0882263
10 0.0883572
10.1 0.0884881
10.2 0.0886289
10.3 0.0887787
10.4 0.0889276
10.5 0.0890836
10.6 0.089246
10.7 0.089423
10.8 0.0896167
10.9 0.0898036
11 0.0899895
11.1 0.090182
11.2 0.0903846
11.3 0.0905861
11.4 0.0907815
11.5 0.0909906
11.6 0.0912051
11.7 0.0914321
11.8 0.0916594
11.9 0.0918901
12 0.092124
12.1 0.0923663
12.2 0.092607
12.3 0.09287
12.4 0.0931217
12.5 0.0933731
12.6 0.0936278
12.7 0.0938801
12.8 0.0941526
12.9 0.0944254
13 0.094709
13.1 0.0949911
13.2 0.0952729
13.3 0.095572
13.4 0.0958702
13.5 0.0961886
13.6 0.0965265
13.7 0.0968597
13.8 0.0971876
13.9 0.0975358
14 0.0978804
14.1 0.0982387
14.2 0.0985982
14.3 0.0989624
14.4 0.0993234
14.5 0.0996965
14.6 0.100062
14.7 0.100437
14.8 0.100816
14.9 0.101198
15 0.101575
15.1 0.101944
15.2 0.102319
15.3 0.102694
15.4 0.103078
15.5 0.103475
15.6 0.103863
15.7 0.104248
15.8 0.104622
15.9 0.104992
16 0.105364
16.1 0.10574
16.2 0.106122
16.3 0.106503
16.4 0.106884
16.5 0.107275
16.6 0.107656
16.7 0.108046
16.8 0.108441
16.9 0.108828
17 0.10921
17.1 0.109579
17.2 0.10994
17.3 0.110307
17.4 0.110668
17.5 0.111043
17.6 0.11142
17.7 0.11179
17.8 0.112153
17.9 0.112523
18 0.112895
18.1 0.113291
18.2 0.113675
18.3 0.114062
18.4 0.114447
18.5 0.114843
18.6 0.11523
18.7 0.115621
18.8 0.116015
18.9 0.116418
19 0.116811
19.1 0.117207
19.2 0.117594
19.3 0.117972
19.4 0.118358
19.5 0.118743
19.6 0.119135
19.7 0.119533
19.8 0.119938
19.9 0.120346
20 0.120762
20.1 0.121179
20.2 0.121582
20.3 0.121989
20.4 0.122389
20.5 0.122814
20.6 0.123239
20.7 0.123664
20.8 0.124094
20.9 0.124501
21 0.124917
21.1 0.125333
21.2 0.125759
21.3 0.126184
21.4 0.1266
21.5 0.127005
21.6 0.127404
21.7 0.12781
21.8 0.128224
21.9 0.128637
22 0.129049
22.1 0.129462
22.2 0.129881
22.3 0.130303
22.4 0.130729
22.5 0.131159
22.6 0.131577
22.7 0.131994
22.8 0.132402
22.9 0.132821
23 0.133245
23.1 0.133661
23.2 0.134088
23.3 0.134521
23.4 0.134945
23.5 0.135362
23.6 0.135779
23.7 0.136181
23.8 0.136581
23.9 0.136965
24 0.137338
24.1 0.13772
24.2 0.138092
24.3 0.138461
24.4 0.13884
24.5 0.139218
24.6 0.139592
24.7 0.139967
24.8 0.140345
24.9 0.140729
25 0.141117
25.1 0.141496
25.2 0.141878
25.3 0.142261
25.4 0.142651
25.5 0.143034
25.6 0.143412
25.7 0.143787
25.8 0.144157
25.9 0.144527
26 0.14491
26.1 0.145296
26.2 0.145687
26.3 0.146084
26.4 0.146484
26.5 0.146885
26.6 0.147297
26.7 0.147713
26.8 0.148123
26.9 0.148529
27 0.148934
27.1 0.149341
27.2 0.149748
27.3 0.150155
27.4 0.150586
27.5 0.151027
27.6 0.151467
27.7 0.151902
27.8 0.152328
27.9 0.152756
28 0.153181
28.1 0.153605
28.2 0.154034
28.3 0.154459
28.4 0.154889
28.5 0.15532
28.6 0.155764
28.7 0.156204
28.8 0.156635
28.9 0.157071
29 0.157501
29.1 0.157943
29.2 0.158392
29.3 0.158843
29.4 0.159285
29.5 0.159724
29.6 0.160155
29.7 0.160584
29.8 0.16102
29.9 0.161468
30 0.161927
30.1 0.162385
30.2 0.162849
30.3 0.1633
30.4 0.163755
30.5 0.164216
30.6 0.164686
30.7 0.16515
30.8 0.165619
30.9 0.166095
31 0.166557
31.1 0.167004
31.2 0.167445
31.3 0.167897
31.4 0.168341
31.5 0.168786
31.6 0.16924
31.7 0.169703
31.8 0.170151
31.9 0.170584
32 0.171017
32.1 0.171452
32.2 0.171891
32.3 0.172339
32.4 0.172788
32.5 0.173237
32.6 0.17369
32.7 0.174147
32.8 0.17461
32.9 0.17507
33 0.175543
33.1 0.176018
33.2 0.176498
33.3 0.176968
33.4 0.177447
33.5 0.177939
33.6 0.178414
33.7 0.178882
33.8 0.179371
33.9 0.179839
34 0.180297
34.1 0.180752
34.2 0.181223
34.3 0.181694
34.4 0.182181
34.5 0.182669
34.6 0.18316
34.7 0.183638
34.8 0.184109
34.9 0.184596
35 0.18508
35.1 0.185576
35.2 0.186055
35.3 0.186547
35.4 0.187041
35.5 0.187548
35.6 0.188049
35.7 0.18853
35.8 0.18899
35.9 0.189452
36 0.189924
36.1 0.190405
36.2 0.190897
36.3 0.191384
36.4 0.191865
36.5 0.192362
36.6 0.192855
36.7 0.193344
36.8 0.193825
36.9 0.194315
37 0.194799
37.1 0.195279
37.2 0.195761
37.3 0.196265
37.4 0.196744
37.5 0.197213
37.6 0.197693
37.7 0.198154
37.8 0.198617
37.9 0.199085
38 0.199562
38.1 0.200034
38.2 0.20049
38.3 0.20096
38.4 0.201442
38.5 0.20192
38.6 0.20239
38.7 0.202859
38.8 0.203346
38.9 0.203841
39 0.204332
39.1 0.204807
39.2 0.205286
39.3 0.205757
39.4 0.206246
39.5 0.20674
39.6 0.207234
39.7 0.207708
39.8 0.208171
39.9 0.208629
40 0.209086
40.1 0.209539
40.2 0.209995
40.3 0.210453
40.4 0.210916
40.5 0.211375
40.6 0.211837
40.7 0.212299
40.8 0.212776
40.9 0.213237
41 0.213693
41.1 0.214157
41.2 0.214616
41.3 0.215057
41.4 0.21549
41.5 0.215927
41.6 0.216395
41.7 0.216828
41.8 0.217261
41.9 0.217707
42 0.218133
42.1 0.218561
42.2 0.218994
42.3 0.21945
42.4 0.219917
42.5 0.220387
42.6 0.220856
42.7 0.221318
42.8 0.221789
42.9 0.222251
43 0.222719
43.1 0.223208
43.2 0.223683
43.3 0.22416
43.4 0.224631
43.5 0.22512
43.6 0.225593
43.7 0.22606
43.8 0.226518
43.9 0.226992
44 0.227473
44.1 0.227936
44.2 0.228392
44.3 0.228841
44.4 0.229289
44.5 0.229726
44.6 0.230164
44.7 0.230603
44.8 0.231013
44.9 0.231412
45 0.2318
45.1 0.232206
45.2 0.232603
45.3 0.232996
45.4 0.233409
45.5 0.233838
45.6 0.23424
45.7 0.234625
45.8 0.235011
45.9 0.235388
46 0.235774
46.1 0.23616
46.2 0.236552
46.3 0.236952
46.4 0.237331
46.5 0.237737
46.6 0.238157
46.7 0.238592
46.8 0.239002
46.9 0.239372
47 0.239729
47.1 0.240075
47.2 0.240425
47.3 0.240783
47.4 0.241142
47.5 0.241503
47.6 0.241875
47.7 0.242284
47.8 0.242679
47.9 0.243074
48 0.243476
48.1 0.243884
48.2 0.244286
48.3 0.24468
48.4 0.245076
48.5 0.245467
48.6 0.245879
48.7 0.246295
48.8 0.246743
48.9 0.247176
49 0.247613
49.1 0.248073
49.2 0.248546
49.3 0.249022
49.4 0.249506
49.5 0.249973
49.6 0.250475
49.7 0.250961
49.8 0.251425
49.9 0.251884
50 0.252356
50.1 0.252862
50.2 0.253369
50.3 0.253844
50.4 0.254323
50.5 0.25483
50.6 0.255312
50.7 0.25577
50.8 0.256245
50.9 0.256746
51 0.257256
51.1 0.257783
51.2 0.25834
51.3 0.25888
51.4 0.259406
51.5 0.259944
51.6 0.260486
51.7 0.261007
51.8 0.261549
51.9 0.262102
52 0.262648
52.1 0.263219
52.2 0.263793
52.3 0.264317
52.4 0.264819
52.5 0.265349
52.6 0.265882
52.7 0.266414
52.8 0.266974
52.9 0.267526
53 0.2681
53.1 0.268705
53.2 0.269244
53.3 0.269778
53.4 0.270338
53.5 0.270909
53.6 0.271493
53.7 0.272078
53.8 0.27264
53.9 0.273228
54 0.273763
54.1 0.274289
54.2 0.274806
54.3 0.275344
54.4 0.275886
54.5 0.276433
54.6 0.276981
54.7 0.27753
54.8 0.278047
54.9 0.278549
55 0.279079
55.1 0.279603
55.2 0.280121
55.3 0.280637
55.4 0.281169
55.5 0.281698
55.6 0.282241
55.7 0.282778
55.8 0.28329
55.9 0.283742
56 0.28422
56.1 0.284729
56.2 0.285227
56.3 0.285761
56.4 0.286319
56.5 0.286863
56.6 0.287381
56.7 0.287925
56.8 0.288433
56.9 0.288948
57 0.289457
57.1 0.289956
57.2 0.290492
57.3 0.291038
57.4 0.291589
57.5 0.292114
57.6 0.292659
57.7 0.293233
57.8 0.293802
57.9 0.294408
58 0.295003
58.1 0.295595
58.2 0.296197
58.3 0.296801
58.4 0.297421
58.5 0.29809
58.6 0.298834
58.7 0.299573
58.8 0.300314
58.9 0.30105
59 0.301749
59.1 0.302464
59.2 0.303179
59.3 0.303863
59.4 0.304563
59.5 0.305213
59.6 0.305885
59.7 0.30651
59.8 0.307196
59.9 0.307833
60 0.308497
60.1 0.309151
60.2 0.309814
60.3 0.310478
60.4 0.311138
60.5 0.311782
60.6 0.312454
60.7 0.313058
60.8 0.313701
60.9 0.314338
61 0.314916
61.1 0.315539
61.2 0.316116
61.3 0.316668
61.4 0.317269
61.5 0.317862
61.6 0.31846
61.7 0.319051
61.8 0.31963
61.9 0.320272
62 0.320913
62.1 0.321559
62.2 0.322185
62.3 0.322835
62.4 0.323452
62.5 0.324068
62.6 0.324677
62.7 0.325264
62.8 0.325836
62.9 0.326355
63 0.326833
63.1 0.327323
63.2 0.327825
63.3 0.328324
63.4 0.328833
63.5 0.329315
63.6 0.329822
63.7 0.330275
63.8 0.330724
63.9 0.331249
64 0.33177
64.1 0.332231
64.2 0.332677
64.3 0.333113
64.4 0.333507
64.5 0.333885
64.6 0.334285
64.7 0.334689
64.8 0.335094
64.9 0.335532
65 0.335964
65.1 0.336376
65.2 0.33682
65.3 0.337221
65.4 0.337586
65.5 0.33804
65.6 0.338466
65.7 0.33893
65.8 0.339307
65.9 0.339746
66 0.340207
66.1 0.340689
66.2 0.341187
66.3 0.341676
66.4 0.3421
66.5 0.342596
66.6 0.343072
66.7 0.343544
66.8 0.344017
66.9 0.344463
67 0.344946
67.1 0.345422
67.2 0.345906
67.3 0.346329
67.4 0.346709
67.5 0.347148
67.6 0.347517
67.7 0.34792
67.8 0.348296
67.9 0.348634
68 0.348984
68.1 0.34932
68.2 0.349705
68.3 0.350053
68.4 0.350405
68.5 0.350768
68.6 0.351157
68.7 0.351533
68.8 0.351921
68.9 0.352299
69 0.352644
69.1 0.353021
69.2 0.353433
69.3 0.353802
69.4 0.354198
69.5 0.354608
69.6 0.354987
69.7 0.355365
69.8 0.355744
69.9 0.356105
70 0.356511
70.1 0.356961
70.2 0.357293
70.3 0.357592
70.4 0.357911
70.5 0.358182
70.6 0.358439
70.7 0.358677
70.8 0.358968
70.9 0.35924
71 0.359466
71.1 0.359727
71.2 0.359981
71.3 0.360201
71.4 0.360427
71.5 0.36068
71.6 0.360891
71.7 0.361066
71.8 0.361288
71.9 0.36148
72 0.361753
72.1 0.361972
72.2 0.36218
72.3 0.362352
72.4 0.362532
72.5 0.36281
72.6 0.363052
72.7 0.363287
72.8 0.36353
72.9 0.363761
73 0.363896
73.1 0.364049
73.2 0.364261
73.3 0.364374
73.4 0.364566
73.5 0.364735
73.6 0.36489
73.7 0.365098
73.8 0.365287
73.9 0.365465
74 0.365674
74.1 0.365878
74.2 0.366054
74.3 0.366236
74.4 0.366418
74.5 0.366633
74.6 0.366809
74.7 0.366992
74.8 0.367179
74.9 0.367294
75 0.367416
75.1 0.367552
75.2 0.367731
75.3 0.367865
75.4 0.367986
75.5 0.368152
75.6 0.368267
75.7 0.368418
75.8 0.368538
75.9 0.368694
76 0.368832
76.1 0.368925
76.2 0.369071
76.3 0.369227
76.4 0.369391
76.5 0.369536
76.6 0.369639
76.7 0.369797
76.8 0.369919
76.9 0.370056
77 0.370201
77.1 0.370297
77.2 0.370422
77.3 0.37056
77.4 0.370653
77.5 0.370757
77.6 0.370853
77.7 0.370923
77.8 0.371055
77.9 0.371169
78 0.371272
78.1 0.371341
78.2 0.371432
78.3 0.371532
78.4 0.371616
78.5 0.371714
78.6 0.371811
78.7 0.371886
78.8 0.371978
78.9 0.372043
79 0.372071
79.1 0.37215
79.2 0.372218
79.3 0.372259
79.4 0.372316
79.5 0.372361
79.6 0.372408
79.7 0.372442
79.8 0.372482
79.9 0.372555
80 0.372585
80.1 0.372609
80.2 0.372654
80.3 0.372701
80.4 0.372725
80.5 0.37276
80.6 0.37282
80.7 0.372867
80.8 0.372904
80.9 0.372991
81 0.37305
81.1 0.37312
81.2 0.373173
81.3 0.373211
81.4 0.373229
81.5 0.373282
81.6 0.373328
81.7 0.373386
81.8 0.373409
81.9 0.373411
82 0.373446
82.1 0.37348
82.2 0.373502
82.3 0.373539
82.4 0.373563
82.5 0.373592
82.6 0.373624
82.7 0.373662
82.8 0.373671
82.9 0.373709
83 0.373713
83.1 0.373726
83.2 0.373747
83.3 0.373743
83.4 0.373765
83.5 0.37376
83.6 0.37379
83.7 0.373827
83.8 0.37388
83.9 0.373895
84 0.373918
84.1 0.373953
84.2 0.37395
84.3 0.373972
84.4 0.373978
84.5 0.373985
84.6 0.373968
84.7 0.37397
84.8 0.373983
84.9 0.374
85 0.374032
85.1 0.374007
85.2 0.374016
85.3 0.373998
85.4 0.373999
85.5 0.373975
85.6 0.373985
85.7 0.373988
85.8 0.373988
85.9 0.373989
86 0.374005
86.1 0.374031
86.2 0.37405
86.3 0.37405
86.4 0.37406
86.5 0.374066
86.6 0.374066
86.7 0.374094
86.8 0.374113
86.9 0.374128
87 0.374138
87.1 0.374169
87.2 0.374197
87.3 0.374193
87.4 0.374182
87.5 0.374194
87.6 0.374192
87.7 0.374219
87.8 0.374237
87.9 0.374238
88 0.374247
88.1 0.374258
88.2 0.374266
88.3 0.374273
88.4 0.374279
88.5 0.374293
88.6 0.374296
88.7 0.37431
88.8 0.374287
88.9 0.374291
89 0.374304
89.1 0.374303
89.2 0.374305
89.3 0.374335
89.4 0.374348
89.5 0.374347
89.6 0.374353
89.7 0.374359
89.8 0.374362
89.9 0.374365
90 0.374376
90.1 0.374382
90.2 0.374397
90.3 0.374402
90.4 0.374414
90.5 0.374408
90.6 0.374405
90.7 0.37442
90.8 0.374432
90.9 0.374439
91 0.374446
91.1 0.374455
91.2 0.37445
91.3 0.374435
91.4 0.374449
91.5 0.374455
91.6 0.374457
91.7 0.374472
91.8 0.374481
91.9 0.374494
92 0.374497
92.1 0.374511
92.2 0.374516
92.3 0.374524
92.4 0.374531
92.5 0.374539
92.6 0.374539
92.7 0.374537
92.8 0.374534
92.9 0.37453
93 0.37453
93.1 0.374543
93.2 0.374578
93.3 0.374582
93.4 0.374581
93.5 0.374592
93.6 0.374577
93.7 0.374582
93.8 0.374574
93.9 0.374582
94 0.37459
94.1 0.374593
94.2 0.374591
94.3 0.374574
94.4 0.374576
94.5 0.374575
94.6 0.374582
94.7 0.374597
94.8 0.374595
94.9 0.374585
95 0.374578
95.1 0.374586
95.2 0.374598
95.3 0.374592
95.4 0.374587
95.5 0.374599
95.6 0.374611
95.7 0.374608
95.8 0.374609
95.9 0.374617
96 0.37461
96.1 0.374603
96.2 0.374596
96.3 0.374585
96.4 0.374569
96.5 0.374575
96.6 0.37458
96.7 0.374593
96.8 0.374603
96.9 0.374625
97 0.374628
97.1 0.374629
97.2 0.37465
97.3 0.374653
97.4 0.374651
97.5 0.374649
97.6 0.374651
97.7 0.374643
97.8 0.37464
97.9 0.37464
98 0.374643
98.1 0.374643
98.2 0.374635
98.3 0.374631
98.4 0.374642
98.5 0.374641
98.6 0.374637
98.7 0.374647
98.8 0.374655
98.9 0.374659
99 0.37465
99.1 0.374649
99.2 0.374656
99.3 0.374651
99.4 0.37465
99.5 0.374645
99.6 0.374644
99.7 0.374644
99.8 0.374648
99.9 0.374653
100 0.563446
