0 0.928538
0.1 0.84308
0.2 1.09043
0.3 0.986054
0.4 1.09254
0.5 1.03227
0.6 0.904776
0.7 0.938441
0.8 0.57793
0.9 1.15688
1 1.05305
1.1 1.14523
1.2 1.24081
1.3 0.970383
1.4 1.04528
1.5 1.16322
1.6 0.793983
1.7 0.858431
1.8 0.987904
1.9 1.16436
2 1.08155
2.1 1.08961
2.2 1.0084
2.3 0.629028
2.4 0.792977
2.5 1.06567
2.6 1.0489
2.7 1.06278
2.8 1.08114
2.9 0.972094
3 0.774202
3.1 1.03821
3.2 0.855148
3.3 0.665751
3.4 0.761682
3.5 0.990275
3.6 0.851532
3.7 0.958139
3.8 0.855504
3.9 0.545027
4 0.961478
4.1 1.30572
4.2 0.790231
4.3 0.880823
4.4 0.509769
4.5 1.15729
4.6 0.938688
4.7 0.815282
4.8 1.09574
4.9 0.980014
5 1.01746
5.1 1.08396
5.2 0.788375
5.3 0.832562
5.4 1.035
5.5 1.00214
5.6 0.925584
5.7 1.20691
5.8 1.12315
5.9 0.830464
6 0.99494
6.1 1.04931
6.2 1.0414
6.3 0.994529
6.4 1.00382
6.5 0.856282
6.6 1.00833
6.7 1.02309
6.8 0.745065
6.9 0.881873
7 0.790637
7.1 0.700316
7.2 0.850405
7.3 0.958327
7.4 0.599476
7.5 -0.382343
7.6 -0.557977
7.7 -1.30845
7.8 -0.927036
7.9 -1.30914
8 -0.987861
8.1 -1.13767
8.2 -0.705771
8.3 -0.871914
8.4 -1.06513
8.5 -0.710486
8.6 -0.961148
8.7 -0.956024
8.8 -0.917851
8.9 -0.889766
9 -1.0788
9.1 -1.13337
9.2 -0.793262
9.3 -1.03121
9.4 -0.878362
9.5 -0.957029
9.6 -0.632678
9.7 -1.15134
9.8 -0.918927
9.9 -1.05291
10 -0.942949
10.1 -0.613319
10.2 -0.905412
10.3 -1.09009
10.4 -0.704621
10.5 -0.941956
10.6 -0.958509
10.7 -1.16526
10.8 -0.870409
10.9 -1.09487
11 -0.986938
11.1 -0.986577
11.2 -0.807326
11.3 -1.03325
11.4 -0.907091
11.5 -1.17022
11.6 -1.03097
11.7 -1.20866
11.8 -0.604294
11.9 -1.15684
12 -1.07866
12.1 -0.680931
12.2 -1.01414
12.3 -0.885461
12.4 -1.14043
12.5 -1.02158
12.6 -1.06281
12.7 -0.883658
12.8 -0.944669
12.9 -1.03768
13 -1.07473
13.1 -0.780454
13.2 -1.14209
13.3 -1.17481
13.4 -0.976219
13.5 -0.648793
13.6 -0.89184
13.7 -1.22171
13.8 -0.954336
13.9 -1.16534
14 -0.928355
14.1 -0.650326
14.2 -0.727172
14.3 -0.622132
14.4 -0.742727
14.5 -0.928864
14.6 -0.963561
14.7 -1.01527
14.8 -0.8131
14.9 -1.0167
15 -0.732187
15.1 -1.06682
15.2 -1.00518
15.3 -1.10986
15.4 -0.902312
15.5 -0.775984
15.6 -1.03429
15.7 -1.12156
15.8 -0.6263
15.9 -1.13063
16 -1.00865
16.1 -0.799156
16.2 -0.913964
16.3 -0.949504
16.4 -1.02822
16.5 -0.983386
16.6 -1.02696
16.7 -1.17715
16.8 -0.970034
16.9 -0.511034
17 -0.912614
17.1 -1.04181
17.2 -0.774404
17.3 -1.06542
17.4 -1.14688
17.5 -1.17591
17.6 -0.746977
17.7 -1.19024
17.8 -0.601814
17.9 -1.13741
18 -0.842664
18.1 -0.713298
18.2 -0.943272
18.3 -0.879294
18.4 -1.04009
18.5 -0.443253
18.6 -0.848961
18.7 -0.887896
18.8 -1.04688
18.9 -0.972773
19 -1.05771
19.1 -1.0702
19.2 -1.2295
19.3 -0.960833
19.4 -0.717211
19.5 -0.87886
19.6 -1.1114
19.7 -0.849138
19.8 -1.15479
19.9 -1.11536
20 -1.05204
20.1 -1.04749
20.2 -1.02936
20.3 -0.962487
20.4 -0.95396
20.5 -0.931786
20.6 -0.984118
20.7 -1.16858
20.8 -0.968935
20.9 -1.08309
21 -0.93491
21.1 -0.988177
21.2 -0.82724
21.3 -1.06222
21.4 -0.854802
21.5 -0.967575
21.6 -1.10422
21.7 -0.919186
21.8 -1.07509
21.9 -1.23798
22 -0.933664
22.1 -1.0703
22.2 -1.00776
22.3 -0.970737
22.4 -1.11333
22.5 -0.928693
22.6 -1.05726
22.7 -0.951639
22.8 -0.767388
22.9 -0.961012
23 -0.727061
23.1 -1.10124
23.2 -0.927484
23.3 -0.854023
23.4 -0.7275
23.5 -0.988192
23.6 -0.947014
23.7 -1.07818
23.8 -0.818511
23.9 -0.989424
24 -0.648985
24.1 -1.02557
24.2 -0.935302
24.3 -0.997748
24.4 -1.19281
24.5 -1.02027
24.6 -0.758563
24.7 -1.1392
24.8 -0.870171
24.9 -1.13137
25 -1.03653
25.1 -1.00085
25.2 -0.794416
25.3 -1.16559
25.4 -0.956524
25.5 -0.926749
25.6 -0.685929
25.7 -1.12664
25.8 -0.774861
25.9 -1.07335
26 -0.91284
26.1 -0.728084
26.2 -1.05108
26.3 -0.999651
26.4 -1.04902
26.5 -0.922995
26.6 -0.860632
26.7 -0.908964
26.8 -0.926073
26.9 -1.18901
27 -1.18996
27.1 -1.09086
27.2 -1.0642
27.3 -1.11143
27.4 -0.896051
27.5 -1.25937
27.6 -1.17805
27.7 -1.16912
27.8 -1.0874
27.9 -1.01359
28 -0.995733
28.1 -0.885717
28.2 -0.900658
28.3 -0.753135
28.4 -1.09239
28.5 -0.889505
28.6 -0.759134
28.7 -0.782153
28.8 -0.924865
28.9 -1.20181
29 -1.32225
29.1 -1.08926
29.2 -0.934656
29.3 -0.960028
29.4 -1.12823
29.5 -0.609361
29.6 -0.989324
29.7 -1.13493
29.8 -0.987071
29.9 -0.739555
30 -1.13689
30.1 -0.915571
30.2 -0.802933
30.3 -1.17808
30.4 -0.983616
30.5 -0.970498
30.6 -0.634654
30.7 -0.852871
30.8 -1.16894
30.9 -0.90939
31 -1.35207
31.1 -0.53336
31.2 -0.575189
31.3 -0.836185
31.4 -0.570566
31.5 -0.544542
31.6 -0.891144
31.7 -0.562029
31.8 -0.820854
31.9 -1.233
32 -1.20291
32.1 -1.02607
32.2 -1.0931
32.3 -1.10606
32.4 -1.03101
32.5 -0.380221
32.6 -0.719153
32.7 -1.04117
32.8 -1.11287
32.9 -0.343451
33 0.533497
33.1 0.574406
33.2 1.09124
33.3 0.921208
33.4 0.844129
33.5 1.11832
33.6 0.686188
33.7 0.561071
33.8 1.07421
33.9 0.955692
34 1.0463
34.1 1.03731
34.2 1.04198
34.3 0.937497
34.4 1.04141
34.5 1.23236
34.6 1.00313
34.7 1.04836
34.8 1.14194
34.9 0.914506
35 0.871853
35.1 0.711055
35.2 0.866795
35.3 0.796049
35.4 1.29814
35.5 1.12618
35.6 1.12006
35.7 0.753244
35.8 0.369142
35.9 0.746448
36 0.893007
36.1 1.1354
36.2 1.11155
36.3 0.892321
36.4 0.0221998
36.5 -0.218787
36.6 -1.27256
36.7 -1.01398
36.8 -1.12794
36.9 -0.873319
37 -1.02366
37.1 -1.07596
37.2 -0.724517
37.3 -1.11426
37.4 -1.06366
37.5 -0.743372
37.6 -0.93589
37.7 -0.980423
37.8 -1.03222
37.9 -0.857178
38 -0.95696
38.1 -0.820434
38.2 -0.853411
38.3 -1.04657
38.4 -1.02055
38.5 -0.741707
38.6 -0.957168
38.7 -0.815741
38.8 -1.17077
38.9 -0.68347
39 -0.918831
39.1 -1.0735
39.2 -0.958839
39.3 -1.21921
39.4 -1.07235
39.5 -0.995497
39.6 -0.84703
39.7 -1.10793
39.8 -0.969339
39.9 -0.73383
40 -1.03044
40.1 -0.815747
40.2 -0.75269
40.3 -0.997828
40.4 -1.01333
40.5 -0.944559
40.6 -0.983124
40.7 -0.958258
40.8 -0.60079
40.9 -1.02612
41 -1.00651
41.1 -1.13001
41.2 -0.826037
41.3 -0.65605
41.4 -1.07639
41.5 -0.929966
41.6 -0.780065
41.7 -1.05904
41.8 -1.24268
41.9 -0.882672
42 -0.958618
42.1 -0.949015
42.2 -1.00097
42.3 -0.663777
42.4 -0.590319
42.5 -1.07986
42.6 -0.965795
42.7 -1.11744
42.8 -1.06689
42.9 -0.963685
43 -0.992215
43.1 -0.769188
43.2 -0.924998
43.3 -0.728513
43.4 -0.825243
43.5 -1.34883
43.6 -0.731686
43.7 -0.756437
43.8 -1.06289
43.9 -1.13281
44 -1.13232
44.1 -1.21615
44.2 -0.989851
44.3 -0.806236
44.4 -1.13487
44.5 -0.874119
44.6 -1.14356
44.7 -0.517999
44.8 -0.585838
44.9 -0.664707
45 -1.20104
45.1 -1.1131
45.2 -0.810356
45.3 -1.00827
45.4 -1.17574
45.5 -0.905283
45.6 -1.02117
45.7 -1.19276
45.8 -0.73352
45.9 -0.20368
46 0.658008
46.1 0.58476
46.2 0.941282
46.3 0.988991
46.4 0.297206
46.5 0.903232
46.6 0.820662
46.7 1.13183
46.8 1.14508
46.9 0.84471
47 0.698104
47.1 0.848624
47.2 1.06017
47.3 1.21885
47.4 0.90093
47.5 0.914908
47.6 0.828428
47.7 0.821481
47.8 0.668854
47.9 0.808753
48 0.801716
48.1 0.837411
48.2 1.22656
48.3 0.955416
48.4 1.17635
48.5 0.95159
48.6 1.03472
48.7 1.05541
48.8 1.08608
48.9 1.24952
49 0.879647
49.1 0.860817
49.2 1.00455
49.3 0.840522
49.4 1.07851
49.5 1.23698
49.6 0.801973
49.7 0.973247
49.8 0.996505
49.9 1.02001
50 1.06725
50.1 1.01429
50.2 0.991828
50.3 0.838472
50.4 0.964765
50.5 1.14714
50.6 0.760901
50.7 0.944831
50.8 0.883842
50.9 0.896122
51 0.988373
51.1 0.989751
51.2 0.868885
51.3 1.21118
51.4 0.242043
51.5 -0.536134
51.6 -1.09415
51.7 -0.937061
51.8 -1.17508
51.9 -1.07742
52 -0.0876122
52.1 -0.389078
52.2 -0.942495
52.3 -0.83946
52.4 -0.94603
52.5 -1.02596
52.6 -1.02148
52.7 -1.01631
52.8 -0.769615
52.9 -0.874831
53 -0.553379
53.1 -1.05387
53.2 -0.914054
53.3 -0.98984
53.4 -1.04898
53.5 -1.20196
53.6 -0.663477
53.7 -0.988189
53.8 -0.96054
53.9 -0.924934
54 -1.11121
54.1 -0.892537
54.2 -0.951603
54.3 -0.977484
54.4 -1.19162
54.5 -0.925574
54.6 -0.945615
54.7 -0.676384
54.8 -0.822163
54.9 -0.991727
55 -0.33976
55.1 -1.10367
55.2 -1.19838
55.3 -0.829735
55.4 -1.13237
55.5 -0.977831
55.6 -0.918901
55.7 -1.12483
55.8 -1.05821
55.9 -0.807374
56 -1.08274
56.1 -0.770802
56.2 -1.02615
56.3 -0.697405
56.4 -1.04055
56.5 -1.06877
56.6 -1.18004
56.7 -0.951063
56.8 -0.930945
56.9 -1.09833
57 -0.875468
57.1 -0.960069
57.2 -1.1155
57.3 -0.981397
57.4 -0.689452
57.5 -0.803937
57.6 -1.0381
57.7 -1.01332
57.8 -1.03416
57.9 -1.12958
58 -0.797499
58.1 -0.556658
58.2 -0.777084
58.3 -1.10332
58.4 -0.821355
58.5 -0.795802
58.6 -0.647379
58.7 -0.702295
58.8 -1.10433
58.9 -0.852126
59 -0.921656
59.1 -0.919691
59.2 -1.15398
59.3 -0.860009
59.4 -0.447701
59.5 -0.831318
59.6 -1.26803
59.7 -1.12437
59.8 -1.03493
59.9 -0.975814
60 -1.00029
60.1 -1.22695
60.2 -1.09924
60.3 -0.848422
60.4 -0.243069
60.5 0.397993
60.6 0.761856
60.7 -0.716083
60.8 -1.17102
60.9 -0.936878
61 -1.03606
61.1 -0.870657
61.2 -1.12444
61.3 -1.00799
61.4 -1.01705
61.5 -1.03431
61.6 -0.959869
61.7 -1.02265
61.8 -1.09203
61.9 -1.06893
62 -0.801389
62.1 -0.872344
62.2 -1.01251
62.3 -0.635514
62.4 -0.920367
62.5 -0.786983
62.6 -1.05564
62.7 -1.09383
62.8 -1.06774
62.9 -0.70798
63 -0.919498
63.1 -0.988951
63.2 -1.11668
63.3 -0.957576
63.4 -1.14553
63.5 -0.570934
63.6 -0.893096
63.7 -1.06204
63.8 -0.74176
63.9 -1.22919
64 -1.13037
64.1 -0.783255
64.2 -1.39907
64.3 -0.65311
64.4 -1.27882
64.5 -0.774016
64.6 -1.12104
64.7 -0.571972
64.8 -0.90586
64.9 -1.02706
65 -0.698798
65.1 -0.709587
65.2 -1.01564
65.3 -0.829247
65.4 -0.831812
65.5 -1.02931
65.6 -1.03099
65.7 -0.864053
65.8 -0.785202
65.9 -1.1728
66 -1.11973
66.1 -0.855639
66.2 -0.94341
66.3 -0.99725
66.4 -1.07946
66.5 -0.679415
66.6 -0.796056
66.7 -0.885431
66.8 -0.997904
66.9 -1.02845
67 -0.901119
67.1 -1.03129
67.2 -1.06777
67.3 -0.922772
67.4 -0.802176
67.5 -1.02434
67.6 -0.675802
67.7 -0.403544
67.8 -1.00903
67.9 -1.13256
68 -0.917272
68.1 -1.21462
68.2 -1.15798
68.3 -0.835087
68.4 -0.656844
68.5 -0.765057
68.6 -0.99977
68.7 -1.21155
68.8 -0.771425
68.9 -1.11668
69 -0.735032
69.1 -0.8556
69.2 -0.949186
69.3 -0.628579
69.4 -0.961926
69.5 -0.980449
69.6 -1.02857
69.7 -1.30044
69.8 -1.01338
69.9 -0.961256
70 -1.22927
70.1 -1.08086
70.2 -0.851364
70.3 -1.2124
70.4 -0.939449
70.5 -1.08109
70.6 -1.08366
70.7 -1.20861
70.8 -0.846785
70.9 -0.957094
71 -1.1698
71.1 -0.939707
71.2 -0.777971
71.3 -1.07443
71.4 -1.18818
71.5 -0.690864
71.6 -0.967097
71.7 -0.888716
71.8 -1.17392
71.9 -0.993537
72 -0.94283
72.1 -0.96931
72.2 -1.02042
72.3 -1.11686
72.4 -0.796071
72.5 -1.00223
72.6 -1.09251
72.7 -0.973327
72.8 -0.889233
72.9 -1.06695
73 -1.03588
73.1 -0.814582
73.2 -0.959346
73.3 -0.977379
73.4 -1.11598
73.5 -1.11343
73.6 -0.930368
73.7 -0.582645
73.8 -0.967727
73.9 -1.18554
74 -0.726527
74.1 -0.619668
74.2 -1.00549
74.3 -0.685453
74.4 -1.16952
74.5 -0.787191
74.6 -0.970614
74.7 -0.922235
74.8 -0.95645
74.9 -1.06209
75 -1.1994
75.1 -1.01343
75.2 -0.836076
75.3 -1.16903
75.4 -1.08703
75.5 -1.15633
75.6 -1.06728
75.7 -0.966899
75.8 -1.00189
75.9 -1.09998
76 -0.724053
76.1 -0.978353
76.2 -1.31146
76.3 -1.21276
76.4 -1.10228
76.5 -0.967486
76.6 -1.20995
76.7 -0.843363
76.8 -1.1085
76.9 -0.910446
77 -0.966199
77.1 -0.782434
77.2 -0.73403
77.3 -1.05321
77.4 -0.922947
77.5 -1.07046
77.6 -0.957538
77.7 -0.944455
77.8 -1.0733
77.9 -1.11792
78 -1.03279
78.1 -1.1297
78.2 -0.635569
78.3 -0.878469
78.4 -1.13142
78.5 -0.992474
78.6 -1.06859
78.7 -1.06081
78.8 -1.11175
78.9 -1.25965
79 -0.919196
79.1 -0.422674
79.2 -0.437515
79.3 -1.0833
79.4 -0.730796
79.5 -1.07781
79.6 -0.795813
79.7 -0.923256
79.8 -0.893402
79.9 -0.899879
80 -1.09261
80.1 -1.19705
80.2 -1.17427
80.3 -0.926851
80.4 -1.23124
80.5 -0.809014
80.6 -0.94097
80.7 -1.16516
80.8 -0.944557
80.9 -1.13208
81 -1.11344
81.1 -1.09229
81.2 -1.0146
81.3 -1.20052
81.4 -0.855757
81.5 -0.898116
81.6 -0.890625
81.7 -0.840059
81.8 -0.939896
81.9 -1.15204
82 -0.778119
82.1 -1.07597
82.2 -0.953134
82.3 -0.971728
82.4 -1.19398
82.5 -0.391223
82.6 -1.11037
82.7 -0.398901
82.8 -0.949496
82.9 -1.07803
83 -1.05702
83.1 -0.853324
83.2 -0.993367
83.3 -1.11162
83.4 -0.867521
83.5 -0.703052
83.6 -0.991015
83.7 -1.0087
83.8 -1.22138
83.9 -1.12793
84 -1.07793
84.1 -0.986675
84.2 -0.835484
84.3 -0.916314
84.4 -1.03871
84.5 -1.00958
84.6 -1.14163
84.7 -1.05088
84.8 -0.950245
84.9 -0.819253
85 -1.01901
85.1 -0.664224
85.2 -1.06864
85.3 -1.07841
85.4 -0.980914
85.5 -0.855256
85.6 -0.749882
85.7 -1.07302
85.8 -1.03992
85.9 -0.850851
86 -0.985496
86.1 -1.08789
86.2 -1.29155
86.3 -0.973713
86.4 -1.07474
86.5 -0.996243
86.6 -1.01202
86.7 -0.96668
86.8 -0.997461
86.9 -1.10158
87 -1.08546
87.1 -0.898118
87.2 -0.884491
87.3 -0.993432
87.4 -0.70085
87.5 -0.854375
87.6 -1.18504
87.7 -0.848875
87.8 -1.20276
87.9 -1.17353
88 -0.752416
88.1 -1.08396
88.2 -1.01442
88.3 -0.939582
88.4 -0.960918
88.5 -1.02483
88.6 -0.557011
88.7 -0.822709
88.8 -0.977175
88.9 -0.869933
89 -0.863283
89.1 -0.985759
89.2 -1.05849
89.3 -0.872883
89.4 -1.09346
89.5 -1.01953
89.6 -0.909191
89.7 -0.976138
89.8 -0.989701
89.9 -0.953547
90 -1.12444
90.1 -1.11815
90.2 -0.662475
90.3 -1.05866
90.4 -1.05704
90.5 -0.869385
90.6 -1.21623
90.7 -1.08552
90.8 -0.893067
90.9 -1.23304
91 -1.01429
91.1 -0.929839
91.2 -0.934924
91.3 -0.917135
91.4 -0.738547
91.5 -0.811763
91.6 -0.908209
91.7 -1.30885
91.8 -1.00149
91.9 -0.907168
92 -0.744325
92.1 -0.727872
92.2 -1.03678
92.3 -1.14876
92.4 -1.16138
92.5 -1.18592
92.6 -1.29367
92.7 -1.00905
92.8 -1.01628
92.9 -1.24322
93 -0.954606
93.1 -0.706735
93.2 -0.918755
93.3 -0.950727
93.4 -1.09756
93.5 -0.958053
93.6 -0.980291
93.7 -1.26773
93.8 -0.768385
93.9 -1.07871
94 -0.880555
94.1 -1.01646
94.2 -0.814629
94.3 -1.01615
94.4 -0.559871
94.5 -0.888712
94.6 -1.1522
94.7 -0.983238
94.8 -0.872853
94.9 -1.24895
95 -1.08756
95.1 -1.05729
95.2 -1.14683
95.3 -0.899992
95.4 -0.751789
95.5 -0.65573
95.6 -1.14431
95.7 -1.06846
95.8 -1.19815
95.9 -0.994839
96 -1.20939
96.1 -0.90406
96.2 -0.664351
96.3 -1.11221
96.4 -1.17038
96.5 -0.99812
96.6 -0.769014
96.7 -1.0091
96.8 -1.06817
96.9 -1.04747
97 -1.14398
97.1 -1.178
97.2 -0.906615
97.3 -0.97701
97.4 -0.647614
97.5 -1.00768
97.6 -1.03838
97.7 -0.988291
97.8 -0.742054
97.9 -0.710041
98 -0.772331
98.1 -0.407091
98.2 0.0398367
98.3 -0.91835
98.4 -1.03154
98.5 -1.04423
98.6 -0.984375
98.7 -1.19963
98.8 -0.751525
98.9 -1.33125
99 -0.977165
99.1 -1.08409
99.2 -0.958953
99.3 -1.0962
99.4 -0.637737
99.5 -0.943659
99.6 -0.93529
99.7 -1.06032
99.8 -1.24569
99.9 -1.17717
100 -1.15713
100.001 -1.11677
