3.5005 0.000446487
3.503 0.000492622
3.5055 0.000543118
3.508 0.000598345
3.51051 0.0006587
3.51301 0.000724607
3.51551 0.000796523
3.51801 0.000874936
3.52051 0.000960367
3.52301 0.00105337
3.52551 0.00115455
3.52801 0.00126454
3.53052 0.00138401
3.53302 0.00151368
3.53552 0.00165432
3.53802 0.00180675
3.54052 0.00197184
3.54302 0.00215049
3.54552 0.00234368
3.54802 0.00255245
3.55053 0.00277788
3.55303 0.00302113
3.55553 0.00328341
3.55803 0.00356602
3.56053 0.0038703
3.56303 0.00419769
3.56553 0.00454968
3.56803 0.00492786
3.57054 0.00533388
3.57304 0.00576949
3.57554 0.00623652
3.57804 0.00673687
3.58054 0.00727255
3.58304 0.00784565
3.58554 0.00845836
3.58804 0.00911297
3.59055 0.00981185
3.59305 0.0105575
3.59555 0.0113525
3.59805 0.0121995
3.60055 0.0131013
3.60305 0.0140608
3.60555 0.015081
3.60805 0.016165
3.61056 0.0173161
3.61306 0.0185375
3.61556 0.0198327
3.61806 0.0212052
3.62056 0.0226587
3.62306 0.0241969
3.62556 0.0258238
3.62806 0.0275432
3.63057 0.0293592
3.63307 0.0312761
3.63557 0.0332981
3.63807 0.0354295
3.64057 0.0376749
3.64307 0.0400389
3.64557 0.0425259
3.64807 0.0451409
3.65058 0.0478887
3.65308 0.050774
3.65558 0.0538019
3.65808 0.0569774
3.66058 0.0603056
3.66308 0.0637917
3.66558 0.0674408
3.66808 0.0712582
3.67059 0.0752491
3.67309 0.0794188
3.67559 0.0837726
3.67809 0.0883159
3.68059 0.0930539
3.68309 0.0979919
3.68559 0.103135
3.68809 0.108489
3.6906 0.114059
3.6931 0.11985
3.6956 0.125866
3.6981 0.132114
3.7006 0.138598
3.7031 0.145323
3.7056 0.152293
3.7081 0.159514
3.71061 0.166989
3.71311 0.174724
3.71561 0.182721
3.71811 0.190986
3.72061 0.199523
3.72311 0.208334
3.72561 0.217423
3.72811 0.226794
3.73062 0.23645
3.73312 0.246393
3.73562 0.256626
3.73812 0.26715
3.74062 0.27797
3.74312 0.289084
3.74562 0.300497
3.74812 0.312207
3.75063 0.324217
3.75313 0.336526
3.75563 0.349135
3.75813 0.362043
3.76063 0.37525
3.76313 0.388755
3.76563 0.402557
3.76813 0.416654
3.77064 0.431044
3.77314 0.445724
3.77564 0.460692
3.77814 0.475944
3.78064 0.491477
3.78314 0.507287
3.78564 0.523369
3.78814 0.539719
3.79065 0.556331
3.79315 0.5732
3.79565 0.590319
3.79815 0.607682
3.80065 0.625283
3.80315 0.643114
3.80565 0.661167
3.80815 0.679435
3.81066 0.697908
3.81316 0.716579
3.81566 0.735439
3.81816 0.754477
3.82066 0.773683
3.82316 0.793049
3.82566 0.812563
3.82816 0.832214
3.83067 0.851991
3.83317 0.871884
3.83567 0.891879
3.83817 0.911966
3.84067 0.932132
3.84317 0.952365
3.84567 0.972652
3.84817 0.99298
3.85068 1.01334
3.85318 1.03371
3.85568 1.05408
3.85818 1.07444
3.86068 1.09478
3.86318 1.11507
3.86568 1.13532
3.86818 1.15549
3.87069 1.17559
3.87319 1.19559
3.87569 1.21548
3.87819 1.23525
3.88069 1.25488
3.88319 1.27437
3.88569 1.29369
3.88819 1.31283
3.8907 1.33178
3.8932 1.35052
3.8957 1.36905
3.8982 1.38735
3.9007 1.4054
3.9032 1.4232
3.9057 1.44072
3.9082 1.45797
3.91071 1.47492
3.91321 1.49156
3.91571 1.50789
3.91821 1.52389
3.92071 1.53955
3.92321 1.55487
3.92571 1.56982
3.92821 1.5844
3.93072 1.5986
3.93322 1.61241
3.93572 1.62583
3.93822 1.63883
3.94072 1.65143
3.94322 1.6636
3.94572 1.67534
3.94822 1.68665
3.95073 1.69751
3.95323 1.70792
3.95573 1.71788
3.95823 1.72739
3.96073 1.73642
3.96323 1.74499
3.96573 1.75309
3.96823 1.76071
3.97074 1.76785
3.97324 1.77451
3.97574 1.78068
3.97824 1.78638
3.98074 1.79158
3.98324 1.7963
3.98574 1.80053
3.98824 1.80428
3.99075 1.80753
3.99325 1.8103
3.99575 1.81259
3.99825 1.8144
4.00075 1.81572
4.00325 1.81656
4.00575 1.81693
4.00825 1.81683
4.01076 1.81626
4.01326 1.81522
4.01576 1.81372
4.01826 1.81177
4.02076 1.80937
4.02326 1.80652
4.02576 1.80323
4.02826 1.79951
4.03077 1.79536
4.03327 1.79078
4.03577 1.78579
4.03827 1.7804
4.04077 1.7746
4.04327 1.76841
4.04577 1.76183
4.04827 1.75487
4.05078 1.74755
4.05328 1.73986
4.05578 1.73181
4.05828 1.72342
4.06078 1.7147
4.06328 1.70564
4.06578 1.69626
4.06828 1.68658
4.07079 1.67659
4.07329 1.66631
4.07579 1.65574
4.07829 1.6449
4.08079 1.6338
4.08329 1.62244
4.08579 1.61083
4.08829 1.59898
4.0908 1.58691
4.0933 1.57461
4.0958 1.56211
4.0983 1.5494
4.1008 1.53651
4.1033 1.52343
4.1058 1.51018
4.1083 1.49677
4.11081 1.4832
4.11331 1.46948
4.11581 1.45563
4.11831 1.44165
4.12081 1.42755
4.12331 1.41334
4.12581 1.39902
4.12831 1.38462
4.13082 1.37012
4.13332 1.35555
4.13582 1.34091
4.13832 1.3262
4.14082 1.31145
4.14332 1.29664
4.14582 1.2818
4.14832 1.26692
4.15083 1.25202
4.15333 1.2371
4.15583 1.22217
4.15833 1.20724
4.16083 1.19231
4.16333 1.17739
4.16583 1.16248
4.16833 1.14759
4.17084 1.13273
4.17334 1.11791
4.17584 1.10312
4.17834 1.08837
4.18084 1.07368
4.18334 1.05904
4.18584 1.04445
4.18834 1.02993
4.19085 1.01548
4.19335 1.0011
4.19585 0.986799
4.19835 0.972577
4.20085 0.95844
4.20335 0.944391
4.20585 0.930434
4.20835 0.916573
4.21086 0.902811
4.21336 0.88915
4.21586 0.875594
4.21836 0.862147
4.22086 0.848809
4.22336 0.835585
4.22586 0.822476
4.22836 0.809485
4.23087 0.796614
4.23337 0.783865
4.23587 0.771239
4.23837 0.758739
4.24087 0.746366
4.24337 0.734121
4.24587 0.722007
4.24837 0.710024
4.25088 0.698173
4.25338 0.686455
4.25588 0.674872
4.25838 0.663424
4.26088 0.652112
4.26338 0.640936
4.26588 0.629897
4.26838 0.618996
4.27089 0.608232
4.27339 0.597607
4.27589 0.587119
4.27839 0.57677
4.28089 0.566559
4.28339 0.556486
4.28589 0.546551
4.28839 0.536753
4.2909 0.527093
4.2934 0.517571
4.2959 0.508184
4.2984 0.498934
4.3009 0.489819
4.3034 0.48084
4.3059 0.471994
4.3084 0.463282
4.31091 0.454703
4.31341 0.446256
4.31591 0.43794
4.31841 0.429754
4.32091 0.421698
4.32341 0.41377
4.32591 0.405969
4.32841 0.398294
4.33092 0.390745
4.33342 0.383319
4.33592 0.376017
4.33842 0.368836
4.34092 0.361776
4.34342 0.354835
4.34592 0.348012
4.34842 0.341306
4.35093 0.334716
4.35343 0.32824
4.35593 0.321877
4.35843 0.315626
4.36093 0.309485
4.36343 0.303453
4.36593 0.297529
4.36843 0.291711
4.37094 0.285998
4.37344 0.280389
4.37594 0.274882
4.37844 0.269476
4.38094 0.264169
4.38344 0.25896
4.38594 0.253849
4.38844 0.248832
4.39095 0.24391
4.39345 0.23908
4.39595 0.234341
4.39845 0.229693
4.40095 0.225133
4.40345 0.22066
4.40595 0.216273
4.40845 0.21197
4.41096 0.207751
4.41346 0.203613
4.41596 0.199556
4.41846 0.195578
4.42096 0.191678
4.42346 0.187855
4.42596 0.184107
4.42846 0.180433
4.43097 0.176832
4.43347 0.173303
4.43597 0.169844
4.43847 0.166454
4.44097 0.163132
4.44347 0.159877
4.44597 0.156688
4.44847 0.153563
4.45098 0.150501
4.45348 0.147501
4.45598 0.144562
4.45848 0.141683
4.46098 0.138863
4.46348 0.1361
4.46598 0.133394
4.46848 0.130744
4.47099 0.128148
4.47349 0.125606
4.47599 0.123116
4.47849 0.120678
4.48099 0.11829
4.48349 0.115952
4.48599 0.113662
4.48849 0.11142
4.491 0.109224
4.4935 0.107075
4.496 0.10497
4.4985 0.102909
4.501 0.100892
4.5035 0.0989162
4.506 0.0969823
4.5085 0.095089
4.51101 0.0932355
4.51351 0.091421
4.51601 0.0896447
4.51851 0.0879059
4.52101 0.0862037
4.52351 0.0845375
4.52601 0.0829065
4.52851 0.0813099
4.53102 0.0797471
4.53352 0.0782174
4.53602 0.0767201
4.53852 0.0752545
4.54102 0.0738199
4.54352 0.0724158
4.54602 0.0710415
4.54852 0.0696963
4.55103 0.0683797
4.55353 0.0670911
4.55603 0.0658298
4.55853 0.0645953
4.56103 0.063387
4.56353 0.0622045
4.56603 0.061047
4.56853 0.0599141
4.57104 0.0588054
4.57354 0.0577202
4.57604 0.056658
4.57854 0.0556185
4.58104 0.054601
4.58354 0.0536051
4.58604 0.0526304
4.58854 0.0516764
4.59105 0.0507427
4.59355 0.0498288
4.59605 0.0489343
4.59855 0.0480588
4.60105 0.0472019
4.60355 0.0463631
4.60605 0.0455421
4.60855 0.0447385
4.61106 0.043952
4.61356 0.0431821
4.61606 0.0424285
4.61856 0.0416909
4.62106 0.0409688
4.62356 0.040262
4.62606 0.0395702
4.62856 0.0388929
4.63107 0.03823
4.63357 0.037581
4.63607 0.0369457
4.63857 0.0363238
4.64107 0.035715
4.64357 0.0351191
4.64607 0.0345356
4.64857 0.0339644
4.65108 0.0334052
4.65358 0.0328578
4.65608 0.0323218
4.65858 0.031797
4.66108 0.0312833
4.66358 0.0307803
4.66608 0.0302878
4.66858 0.0298056
4.67109 0.0293335
4.67359 0.0288713
4.67609 0.0284186
4.67859 0.0279755
4.68109 0.0275415
4.68359 0.0271166
4.68609 0.0267005
4.68859 0.026293
4.6911 0.0258941
4.6936 0.0255034
4.6961 0.0251208
4.6986 0.0247461
4.7011 0.0243792
4.7036 0.0240199
4.7061 0.023668
4.7086 0.0233233
4.71111 0.0229858
4.71361 0.0226553
4.71611 0.0223316
4.71861 0.0220145
4.72111 0.021704
4.72361 0.0213999
4.72611 0.0211021
4.72861 0.0208103
4.73112 0.0205246
4.73362 0.0202447
4.73612 0.0199706
4.73862 0.0197021
4.74112 0.0194391
4.74362 0.0191815
4.74612 0.0189292
4.74862 0.0186821
4.75113 0.01844
4.75363 0.0182029
4.75613 0.0179707
4.75863 0.0177432
4.76113 0.0175204
4.76363 0.0173021
4.76613 0.0170884
4.76863 0.016879
4.77114 0.0166738
4.77364 0.0164729
4.77614 0.0162762
4.77864 0.0160834
4.78114 0.0158946
4.78364 0.0157097
4.78614 0.0155286
4.78864 0.0153512
4.79115 0.0151775
4.79365 0.0150073
4.79615 0.0148406
4.79865 0.0146774
4.80115 0.0145176
4.80365 0.014361
4.80615 0.0142077
4.80865 0.0140576
4.81116 0.0139106
4.81366 0.0137666
4.81616 0.0136257
4.81866 0.0134877
4.82116 0.0133526
4.82366 0.0132203
4.82616 0.0130908
4.82866 0.012964
4.83117 0.0128399
4.83367 0.0127185
4.83617 0.0125996
4.83867 0.0124832
4.84117 0.0123693
4.84367 0.0122579
4.84617 0.0121489
4.84867 0.0120422
4.85118 0.0119379
4.85368 0.0118358
4.85618 0.0117359
4.85868 0.0116383
4.86118 0.0115428
4.86368 0.0114494
4.86618 0.0113581
4.86868 0.0112689
4.87119 0.0111817
4.87369 0.0110964
4.87619 0.0110131
4.87869 0.0109318
4.88119 0.0108523
4.88369 0.0107747
4.88619 0.0106989
4.88869 0.0106249
4.8912 0.0105527
4.8937 0.0104822
4.8962 0.0104134
4.8987 0.0103464
4.9012 0.010281
4.9037 0.0102172
4.9062 0.0101551
4.9087 0.0100946
4.91121 0.0100356
4.91371 0.00997824
4.91621 0.00992238
4.91871 0.00986803
4.92121 0.00981517
4.92371 0.00976379
4.92621 0.00971386
4.92871 0.00966537
4.93122 0.00961829
4.93372 0.00957262
4.93622 0.00952833
4.93872 0.00948542
4.94122 0.00944385
4.94372 0.00940363
4.94622 0.00936473
4.94872 0.00932713
4.95123 0.00929084
4.95373 0.00925583
4.95623 0.00922209
4.95873 0.00918961
4.96123 0.00915837
4.96373 0.00912837
4.96623 0.0090996
4.96873 0.00907204
4.97124 0.00904569
4.97374 0.00902053
4.97624 0.00899655
4.97874 0.00897376
4.98124 0.00895213
4.98374 0.00893167
4.98624 0.00891235
4.98874 0.00889419
4.99125 0.00887717
4.99375 0.00886127
4.99625 0.00884651
4.99875 0.00883287
5.00125 0.00882035
5.00375 0.00880894
5.00625 0.00879864
5.00875 0.00878945
5.01126 0.00878135
5.01376 0.00877436
5.01626 0.00876846
5.01876 0.00876365
5.02126 0.00875993
5.02376 0.0087573
5.02626 0.00875576
5.02876 0.0087553
5.03127 0.00875593
5.03377 0.00875765
5.03627 0.00876045
5.03877 0.00876434
5.04127 0.00876931
5.04377 0.00877537
5.04627 0.00878253
5.04877 0.00879077
5.05128 0.00880011
5.05378 0.00881054
5.05628 0.00882207
5.05878 0.00883471
5.06128 0.00884845
5.06378 0.0088633
5.06628 0.00887927
5.06878 0.00889636
5.07129 0.00891457
5.07379 0.00893391
5.07629 0.00895439
5.07879 0.00897601
5.08129 0.00899878
5.08379 0.0090227
5.08629 0.00904779
5.08879 0.00907406
5.0913 0.0091015
5.0938 0.00913013
5.0963 0.00915996
5.0988 0.00919099
5.1013 0.00922324
5.1038 0.00925672
5.1063 0.00929144
5.1088 0.0093274
5.11131 0.00936463
5.11381 0.00940313
5.11631 0.00944291
5.11881 0.00948399
5.12131 0.00952638
5.12381 0.0095701
5.12631 0.00961515
5.12881 0.00966156
5.13132 0.00970934
5.13382 0.0097585
5.13632 0.00980906
5.13882 0.00986104
5.14132 0.00991445
5.14382 0.00996931
5.14632 0.0100256
5.14882 0.0100835
5.15133 0.0101428
5.15383 0.0102036
5.15633 0.0102661
5.15883 0.01033
5.16133 0.0103956
5.16383 0.0104627
5.16633 0.0105316
5.16883 0.010602
5.17134 0.0106742
5.17384 0.010748
5.17634 0.0108236
5.17884 0.0109009
5.18134 0.01098
5.18384 0.0110609
5.18634 0.0111437
5.18884 0.0112283
5.19135 0.0113148
5.19385 0.0114032
5.19635 0.0114936
5.19885 0.011586
5.20135 0.0116804
5.20385 0.0117768
5.20635 0.0118753
5.20885 0.0119759
5.21136 0.0120787
5.21386 0.0121837
5.21636 0.0122908
5.21886 0.0124003
5.22136 0.012512
5.22386 0.0126261
5.22636 0.0127425
5.22886 0.0128614
5.23137 0.0129827
5.23387 0.0131066
5.23637 0.0132329
5.23887 0.0133619
5.24137 0.0134935
5.24387 0.0136278
5.24637 0.0137648
5.24887 0.0139046
5.25138 0.0140472
5.25388 0.0141927
5.25638 0.0143411
5.25888 0.0144925
5.26138 0.0146469
5.26388 0.0148045
5.26638 0.0149652
5.26888 0.0151291
5.27139 0.0152962
5.27389 0.0154667
5.27639 0.0156406
5.27889 0.0158179
5.28139 0.0159988
5.28389 0.0161832
5.28639 0.0163713
5.28889 0.016563
5.2914 0.0167586
5.2939 0.0169581
5.2964 0.0171614
5.2989 0.0173688
5.3014 0.0175803
5.3039 0.0177959
5.3064 0.0180157
5.3089 0.0182399
5.31141 0.0184685
5.31391 0.0187015
5.31641 0.0189391
5.31891 0.0191814
5.32141 0.0194284
5.32391 0.0196803
5.32641 0.0199371
5.32891 0.0201989
5.33142 0.0204659
5.33392 0.020738
5.33642 0.0210155
5.33892 0.0212984
5.34142 0.0215869
5.34392 0.021881
5.34642 0.0221808
5.34892 0.0224864
5.35143 0.0227981
5.35393 0.0231158
5.35643 0.0234397
5.35893 0.02377
5.36143 0.0241067
5.36393 0.0244499
5.36643 0.0247999
5.36893 0.0251567
5.37144 0.0255204
5.37394 0.0258912
5.37644 0.0262693
5.37894 0.0266547
5.38144 0.0270476
5.38394 0.0274482
5.38644 0.0278565
5.38894 0.0282729
5.39145 0.0286973
5.39395 0.02913
5.39645 0.0295711
5.39895 0.0300208
5.40145 0.0304792
5.40395 0.0309465
5.40645 0.0314229
5.40895 0.0319086
5.41146 0.0324037
5.41396 0.0329084
5.41646 0.0334228
5.41896 0.0339473
5.42146 0.0344819
5.42396 0.0350269
5.42646 0.0355824
5.42896 0.0361487
5.43147 0.036726
5.43397 0.0373143
5.43647 0.0379141
5.43897 0.0385254
5.44147 0.0391486
5.44397 0.0397837
5.44647 0.0404311
5.44897 0.0410909
5.45148 0.0417634
5.45398 0.0424489
5.45648 0.0431475
5.45898 0.0438594
5.46148 0.0445851
5.46398 0.0453246
5.46648 0.0460783
5.46898 0.0468463
5.47149 0.047629
5.47399 0.0484267
5.47649 0.0492395
5.47899 0.0500677
5.48149 0.0509117
5.48399 0.0517717
5.48649 0.0526479
5.48899 0.0535407
5.4915 0.0544504
5.494 0.0553772
5.4965 0.0563214
5.499 0.0572834
5.5015 0.0582634
5.504 0.0592617
5.5065 0.0602787
5.509 0.0613147
5.51151 0.0623699
5.51401 0.0634447
5.51651 0.0645395
5.51901 0.0656545
5.52151 0.06679
5.52401 0.0679465
5.52651 0.0691242
5.52901 0.0703235
5.53152 0.0715447
5.53402 0.0727882
5.53652 0.0740543
5.53902 0.0753433
5.54152 0.0766557
5.54402 0.0779917
5.54652 0.0793518
5.54902 0.0807362
5.55153 0.0821454
5.55403 0.0835796
5.55653 0.0850394
5.55903 0.0865249
5.56153 0.0880367
5.56403 0.0895751
5.56653 0.0911404
5.56903 0.092733
5.57154 0.0943533
5.57404 0.0960016
5.57654 0.0976784
5.57904 0.099384
5.58154 0.101119
5.58404 0.102883
5.58654 0.104677
5.58904 0.106502
5.59155 0.108357
5.59405 0.110243
5.59655 0.112161
5.59905 0.11411
5.60155 0.116092
5.60405 0.118106
5.60655 0.120152
5.60905 0.122232
5.61156 0.124346
5.61406 0.126493
5.61656 0.128675
5.61906 0.130891
5.62156 0.133142
5.62406 0.135428
5.62656 0.13775
5.62906 0.140108
5.63157 0.142502
5.63407 0.144932
5.63657 0.147399
5.63907 0.149903
5.64157 0.152444
5.64407 0.155023
5.64657 0.15764
5.64907 0.160294
5.65158 0.162987
5.65408 0.165719
5.65658 0.168489
5.65908 0.171298
5.66158 0.174146
5.66408 0.177033
5.66658 0.17996
5.66908 0.182927
5.67159 0.185933
5.67409 0.188978
5.67659 0.192064
5.67909 0.195189
5.68159 0.198355
5.68409 0.20156
5.68659 0.204806
5.68909 0.208091
5.6916 0.211417
5.6941 0.214782
5.6966 0.218187
5.6991 0.221632
5.7016 0.225117
5.7041 0.228641
5.7066 0.232204
5.7091 0.235807
5.71161 0.239448
5.71411 0.243128
5.71661 0.246846
5.71911 0.250602
5.72161 0.254396
5.72411 0.258227
5.72661 0.262095
5.72911 0.265999
5.73162 0.269939
5.73412 0.273915
5.73662 0.277926
5.73912 0.281971
5.74162 0.286049
5.74412 0.290161
5.74662 0.294305
5.74912 0.29848
5.75163 0.302687
5.75413 0.306923
5.75663 0.311189
5.75913 0.315483
5.76163 0.319804
5.76413 0.324152
5.76663 0.328525
5.76913 0.332923
5.77164 0.337343
5.77414 0.341786
5.77664 0.34625
5.77914 0.350733
5.78164 0.355235
5.78414 0.359754
5.78664 0.364288
5.78914 0.368837
5.79165 0.373398
5.79415 0.377971
5.79665 0.382554
5.79915 0.387145
5.80165 0.391742
5.80415 0.396345
5.80665 0.40095
5.80915 0.405557
5.81166 0.410163
5.81416 0.414767
5.81666 0.419367
5.81916 0.423961
5.82166 0.428546
5.82416 0.433121
5.82666 0.437684
5.82916 0.442232
5.83167 0.446764
5.83417 0.451277
5.83667 0.455769
5.83917 0.460238
5.84167 0.464681
5.84417 0.469096
5.84667 0.473481
5.84917 0.477833
5.85168 0.48215
5.85418 0.486429
5.85668 0.490668
5.85918 0.494864
5.86168 0.499015
5.86418 0.503118
5.86668 0.507171
5.86918 0.511171
5.87169 0.515115
5.87419 0.519
5.87669 0.522825
5.87919 0.526586
5.88169 0.53028
5.88419 0.533906
5.88669 0.537459
5.88919 0.540939
5.8917 0.544341
5.8942 0.547663
5.8967 0.550903
5.8992 0.554058
5.9017 0.557125
5.9042 0.560102
5.9067 0.562985
5.9092 0.565773
5.91171 0.568463
5.91421 0.571052
5.91671 0.573538
5.91921 0.575918
5.92171 0.57819
5.92421 0.580352
5.92671 0.5824
5.92921 0.584333
5.93172 0.586149
5.93422 0.587845
5.93672 0.58942
5.93922 0.59087
5.94172 0.592195
5.94422 0.593392
5.94672 0.594459
5.94922 0.595395
5.95173 0.596197
5.95423 0.596864
5.95673 0.597395
5.95923 0.597789
5.96173 0.598042
5.96423 0.598156
5.96673 0.598127
5.96923 0.597956
5.97174 0.59764
5.97424 0.59718
5.97674 0.596574
5.97924 0.595822
5.98174 0.594923
5.98424 0.593877
5.98674 0.592683
5.98924 0.591342
5.99175 0.589852
5.99425 0.588214
5.99675 0.586428
5.99925 0.584495
6.00175 0.582414
6.00425 0.580186
6.00675 0.577813
6.00925 0.575294
6.01176 0.57263
6.01426 0.569823
6.01676 0.566873
6.01926 0.563782
6.02176 0.560551
6.02426 0.557182
6.02676 0.553676
6.02926 0.550035
6.03177 0.546261
6.03427 0.542356
6.03677 0.538322
6.03927 0.534161
6.04177 0.529875
6.04427 0.525468
6.04677 0.520941
6.04927 0.516298
6.05178 0.51154
6.05428 0.506672
6.05678 0.501695
6.05928 0.496613
6.06178 0.49143
6.06428 0.486148
6.06678 0.480771
6.06928 0.475302
6.07179 0.469745
6.07429 0.464103
6.07679 0.458381
6.07929 0.452581
6.08179 0.446708
6.08429 0.440765
6.08679 0.434757
6.08929 0.428687
6.0918 0.42256
6.0943 0.416379
6.0968 0.410148
6.0993 0.403872
6.1018 0.397555
6.1043 0.3912
6.1068 0.384812
6.1093 0.378396
6.11181 0.371955
6.11431 0.365493
6.11681 0.359015
6.11931 0.352525
6.12181 0.346026
6.12431 0.339523
6.12681 0.33302
6.12931 0.326522
6.13182 0.320031
6.13432 0.313552
6.13682 0.307088
6.13932 0.300645
6.14182 0.294224
6.14432 0.287831
6.14682 0.281468
6.14932 0.27514
6.15183 0.268849
6.15433 0.262599
6.15683 0.256393
6.15933 0.250235
6.16183 0.244128
6.16433 0.238074
6.16683 0.232077
6.16933 0.22614
6.17184 0.220264
6.17434 0.214454
6.17684 0.208711
6.17934 0.203037
6.18184 0.197436
6.18434 0.191909
6.18684 0.186458
6.18934 0.181085
6.19185 0.175792
6.19435 0.170581
6.19685 0.165453
6.19935 0.16041
6.20185 0.155453
6.20435 0.150584
6.20685 0.145802
6.20935 0.141111
6.21186 0.136509
6.21436 0.131999
6.21686 0.12758
6.21936 0.123254
6.22186 0.11902
6.22436 0.11488
6.22686 0.110832
6.22936 0.106878
6.23187 0.103018
6.23437 0.0992503
6.23687 0.0955759
6.23937 0.0919942
6.24187 0.088505
6.24437 0.0851076
6.24687 0.0818015
6.24937 0.0785862
6.25188 0.0754608
6.25438 0.0724246
6.25688 0.0694767
6.25938 0.0666161
6.26188 0.0638419
6.26438 0.061153
6.26688 0.0585482
6.26938 0.0560263
6.27189 0.0535862
6.27439 0.0512265
6.27689 0.0489459
6.27939 0.046743
6.28189 0.0446164
6.28439 0.0425647
6.28689 0.0405863
6.28939 0.0386798
6.2919 0.0368436
6.2944 0.0350761
6.2969 0.0333759
6.2994 0.0317412
6.3019 0.0301706
6.3044 0.0286624
6.3069 0.0272149
6.3094 0.0258266
6.31191 0.0244958
6.31441 0.023221
6.31691 0.0220005
6.31941 0.0208326
6.32191 0.0197159
6.32441 0.0186486
6.32691 0.0176293
6.32941 0.0166564
6.33192 0.0157283
6.33442 0.0148436
6.33692 0.0140006
6.33942 0.013198
6.34192 0.0124343
6.34442 0.011708
6.34692 0.0110178
6.34942 0.0103623
6.35193 0.00974005
6.35443 0.00914981
6.35693 0.00859029
6.35943 0.00806021
6.36193 0.00755835
6.36443 0.00708351
6.36693 0.00663452
6.36943 0.00621026
6.37194 0.00580961
6.37444 0.00543151
6.37694 0.00507492
6.37944 0.00473883
6.38194 0.00442228
6.38444 0.00412433
6.38694 0.00384406
6.38944 0.00358061
6.39195 0.00333312
6.39445 0.00310079
6.39695 0.00288284
6.39945 0.0026785
6.40195 0.00248706
6.40445 0.00230783
6.40695 0.00214014
6.40945 0.00198336
6.41196 0.00183686
6.41446 0.00170009
6.41696 0.00157247
6.41946 0.00145347
6.42196 0.0013426
6.42446 0.00123936
6.42696 0.0011433
6.42946 0.00105399
6.43197 0.000970997
6.43447 0.00089394
6.43697 0.000822442
6.43947 0.00075615
6.44197 0.000694728
6.44447 0.000637858
6.44697 0.000585242
6.44947 0.000536596
6.45198 0.000491653
6.45448 0.000450161
6.45698 0.000411883
6.45948 0.000376596
6.46198 0.00034409
6.46448 0.000314168
6.46698 0.000286644
6.46948 0.000261345
6.47199 0.000238109
6.47449 0.000216783
6.47699 0.000197225
6.47949 0.000179302
6.48199 0.000162889
6.48449 0.000147871
6.48699 0.000134139
6.48949 0.000121592
6.492 0.000110138
6.4945 9.96893e-05
6.497 9.01646e-05
6.4995 8.1489e-05
