18.5 3.20147
18.5015 3.14068
18.503 3.08016
18.5045 3.01992
18.506 2.95995
18.5075 2.90025
18.509 2.84082
18.5105 2.78167
18.512 2.72279
18.5135 2.66417
18.515 2.60583
18.5165 2.54775
18.518 2.48995
18.5195 2.43241
18.521 2.37514
18.5225 2.31813
18.524 2.26139
18.5255 2.20491
18.527 2.1487
18.5285 2.09275
18.53 2.03707
18.5315 1.98165
18.533 1.92649
18.5345 1.87159
18.536 1.81695
18.5375 1.76257
18.539 1.70845
18.5405 1.65459
18.542 1.60099
18.5435 1.54765
18.545 1.49456
18.5465 1.44173
18.548 1.38915
18.5495 1.33683
18.551 1.28476
18.5525 1.23295
18.554 1.18139
18.5555 1.13008
18.557 1.07903
18.5585 1.02823
18.56 0.977673
18.5615 0.92737
18.563 0.877316
18.5645 0.827512
18.566 0.777956
18.5675 0.728647
18.569 0.679585
18.5705 0.63077
18.572 0.582201
18.5735 0.533877
18.575 0.485797
18.5765 0.437962
18.578 0.39037
18.5795 0.34302
18.581 0.295913
18.5825 0.249047
18.584 0.202423
18.5855 0.156038
18.587 0.109894
18.5885 0.0639883
18.59 0.0183215
18.5915 -0.0271074
18.593 -0.072299
18.5945 -0.117254
18.596 -0.161972
18.5975 -0.206455
18.599 -0.250704
18.6006 -0.294717
18.6021 -0.338497
18.6036 -0.382044
18.6051 -0.425358
18.6066 -0.468441
18.6081 -0.511292
18.6096 -0.553912
18.6111 -0.596301
18.6126 -0.638462
18.6141 -0.680393
18.6156 -0.722096
18.6171 -0.763571
18.6186 -0.804819
18.6201 -0.84584
18.6216 -0.886635
18.6231 -0.927204
18.6246 -0.967549
18.6261 -1.00767
18.6276 -1.04757
18.6291 -1.08724
18.6306 -1.12669
18.6321 -1.16592
18.6336 -1.20493
18.6351 -1.24371
18.6366 -1.28228
18.6381 -1.32063
18.6396 -1.35875
18.6411 -1.39666
18.6426 -1.43435
18.6441 -1.47183
18.6456 -1.50909
18.6471 -1.54613
18.6486 -1.58295
18.6501 -1.61956
18.6516 -1.65596
18.6531 -1.69214
18.6546 -1.72811
18.6561 -1.76387
18.6576 -1.79941
18.6591 -1.83474
18.6606 -1.86986
18.6621 -1.90477
18.6636 -1.93948
18.6651 -1.97397
18.6666 -2.00825
18.6681 -2.04233
18.6696 -2.07619
18.6711 -2.10985
18.6726 -2.14331
18.6741 -2.17656
18.6756 -2.2096
18.6771 -2.24244
18.6786 -2.27507
18.6801 -2.3075
18.6816 -2.33973
18.6831 -2.37175
18.6846 -2.40357
18.6861 -2.43519
18.6876 -2.46661
18.6891 -2.49783
18.6906 -2.52885
18.6921 -2.55968
18.6936 -2.5903
18.6951 -2.62072
18.6966 -2.65095
18.6981 -2.68098
18.6996 -2.71081
18.7011 -2.74045
18.7026 -2.76989
18.7041 -2.79914
18.7056 -2.82819
18.7071 -2.85705
18.7086 -2.88572
18.7101 -2.9142
18.7116 -2.94248
18.7131 -2.97057
18.7146 -2.99847
18.7161 -3.02618
18.7176 -3.0537
18.7191 -3.08103
18.7206 -3.10817
18.7221 -3.13513
18.7236 -3.16189
18.7251 -3.18847
18.7266 -3.21487
18.7281 -3.24107
18.7296 -3.26709
18.7311 -3.29293
18.7326 -3.31858
18.7341 -3.34405
18.7356 -3.36934
18.7371 -3.39444
18.7386 -3.41936
18.7401 -3.4441
18.7416 -3.46866
18.7431 -3.49303
18.7446 -3.51723
18.7461 -3.54125
18.7476 -3.56509
18.7491 -3.58875
18.7506 -3.61223
18.7521 -3.63554
18.7536 -3.65866
18.7551 -3.68162
18.7566 -3.70439
18.7581 -3.72699
18.7596 -3.74942
18.7611 -3.77167
18.7626 -3.79375
18.7641 -3.81565
18.7656 -3.83739
18.7671 -3.85895
18.7686 -3.88034
18.7701 -3.90155
18.7716 -3.9226
18.7731 -3.94348
18.7746 -3.96419
18.7761 -3.98472
18.7776 -4.0051
18.7791 -4.0253
18.7806 -4.04533
18.7821 -4.0652
18.7836 -4.0849
18.7851 -4.10444
18.7866 -4.12381
18.7881 -4.14302
18.7896 -4.16206
18.7911 -4.18094
18.7926 -4.19965
18.7941 -4.21821
18.7956 -4.2366
18.7971 -4.25482
18.7986 -4.27289
18.8002 -4.2908
18.8017 -4.30854
18.8032 -4.32613
18.8047 -4.34356
18.8062 -4.36083
18.8077 -4.37794
18.8092 -4.39489
18.8107 -4.41169
18.8122 -4.42833
18.8137 -4.44481
18.8152 -4.46114
18.8167 -4.47731
18.8182 -4.49333
18.8197 -4.5092
18.8212 -4.52491
18.8227 -4.54046
18.8242 -4.55587
18.8257 -4.57112
18.8272 -4.58622
18.8287 -4.60117
18.8302 -4.61597
18.8317 -4.63062
18.8332 -4.64512
18.8347 -4.65947
18.8362 -4.67368
18.8377 -4.68773
18.8392 -4.70164
18.8407 -4.7154
18.8422 -4.72901
18.8437 -4.74248
18.8452 -4.7558
18.8467 -4.76898
18.8482 -4.78201
18.8497 -4.7949
18.8512 -4.80764
18.8527 -4.82024
18.8542 -4.8327
18.8557 -4.84502
18.8572 -4.85719
18.8587 -4.86922
18.8602 -4.88112
18.8617 -4.89287
18.8632 -4.90448
18.8647 -4.91595
18.8662 -4.92729
18.8677 -4.93848
18.8692 -4.94954
18.8707 -4.96046
18.8722 -4.97125
18.8737 -4.9819
18.8752 -4.99241
18.8767 -5.00278
18.8782 -5.01303
18.8797 -5.02313
18.8812 -5.03311
18.8827 -5.04295
18.8842 -5.05265
18.8857 -5.06223
18.8872 -5.07167
18.8887 -5.08098
18.8902 -5.09016
18.8917 -5.09921
18.8932 -5.10813
18.8947 -5.11692
18.8962 -5.12558
18.8977 -5.13411
18.8992 -5.14251
18.9007 -5.15078
18.9022 -5.15893
18.9037 -5.16695
18.9052 -5.17485
18.9067 -5.18261
18.9082 -5.19026
18.9097 -5.19778
18.9112 -5.20517
18.9127 -5.21244
18.9142 -5.21958
18.9157 -5.22661
18.9172 -5.2335
18.9187 -5.24028
18.9202 -5.24694
18.9217 -5.25347
18.9232 -5.25989
18.9247 -5.26618
18.9262 -5.27235
18.9277 -5.2784
18.9292 -5.28434
18.9307 -5.29016
18.9322 -5.29585
18.9337 -5.30143
18.9352 -5.3069
18.9367 -5.31224
18.9382 -5.31747
18.9397 -5.32259
18.9412 -5.32759
18.9427 -5.33247
18.9442 -5.33724
18.9457 -5.34189
18.9472 -5.34644
18.9487 -5.35086
18.9502 -5.35518
18.9517 -5.35938
18.9532 -5.36347
18.9547 -5.36746
18.9562 -5.37132
18.9577 -5.37508
18.9592 -5.37873
18.9607 -5.38227
18.9622 -5.3857
18.9637 -5.38902
18.9652 -5.39224
18.9667 -5.39534
18.9682 -5.39834
18.9697 -5.40123
18.9712 -5.40402
18.9727 -5.4067
18.9742 -5.40927
18.9757 -5.41174
18.9772 -5.4141
18.9787 -5.41636
18.9802 -5.41851
18.9817 -5.42056
18.9832 -5.42251
18.9847 -5.42436
18.9862 -5.4261
18.9877 -5.42774
18.9892 -5.42929
18.9907 -5.43073
18.9922 -5.43206
18.9937 -5.4333
18.9952 -5.43444
18.9967 -5.43549
18.9982 -5.43643
18.9997 -5.43727
19.0013 -5.43802
19.0028 -5.43867
19.0043 -5.43922
19.0058 -5.43967
19.0073 -5.44003
19.0088 -5.4403
19.0103 -5.44046
19.0118 -5.44054
19.0133 -5.44051
19.0148 -5.4404
19.0163 -5.44019
19.0178 -5.43989
19.0193 -5.43949
19.0208 -5.43901
19.0223 -5.43843
19.0238 -5.43776
19.0253 -5.43699
19.0268 -5.43614
19.0283 -5.4352
19.0298 -5.43416
19.0313 -5.43304
19.0328 -5.43183
19.0343 -5.43053
19.0358 -5.42914
19.0373 -5.42767
19.0388 -5.4261
19.0403 -5.42445
19.0418 -5.42272
19.0433 -5.42089
19.0448 -5.41898
19.0463 -5.41699
19.0478 -5.41491
19.0493 -5.41275
19.0508 -5.4105
19.0523 -5.40817
19.0538 -5.40575
19.0553 -5.40326
19.0568 -5.40068
19.0583 -5.39801
19.0598 -5.39527
19.0613 -5.39244
19.0628 -5.38954
19.0643 -5.38655
19.0658 -5.38348
19.0673 -5.38034
19.0688 -5.37711
19.0703 -5.37381
19.0718 -5.37042
19.0733 -5.36696
19.0748 -5.36342
19.0763 -5.3598
19.0778 -5.35611
19.0793 -5.35234
19.0808 -5.34849
19.0823 -5.34457
19.0838 -5.34057
19.0853 -5.3365
19.0868 -5.33235
19.0883 -5.32813
19.0898 -5.32384
19.0913 -5.31947
19.0928 -5.31503
19.0943 -5.31051
19.0958 -5.30593
19.0973 -5.30127
19.0988 -5.29654
19.1003 -5.29174
19.1018 -5.28686
19.1033 -5.28192
19.1048 -5.27691
19.1063 -5.27183
19.1078 -5.26668
19.1093 -5.26146
19.1108 -5.25617
19.1123 -5.25081
19.1138 -5.24539
19.1153 -5.2399
19.1168 -5.23434
19.1183 -5.22871
19.1198 -5.22302
19.1213 -5.21727
19.1228 -5.21144
19.1243 -5.20556
19.1258 -5.1996
19.1273 -5.19359
19.1288 -5.18751
19.1303 -5.18136
19.1318 -5.17516
19.1333 -5.16889
19.1348 -5.16255
19.1363 -5.15616
19.1378 -5.1497
19.1393 -5.14319
19.1408 -5.13661
19.1423 -5.12997
19.1438 -5.12327
19.1453 -5.11651
19.1468 -5.10969
19.1483 -5.10281
19.1498 -5.09588
19.1513 -5.08888
19.1528 -5.08183
19.1543 -5.07472
19.1558 -5.06755
19.1573 -5.06032
19.1588 -5.05304
19.1603 -5.0457
19.1618 -5.03831
19.1633 -5.03086
19.1648 -5.02335
19.1663 -5.01579
19.1678 -5.00818
19.1693 -5.00051
19.1708 -4.99279
19.1723 -4.98501
19.1738 -4.97718
19.1753 -4.9693
19.1768 -4.96137
19.1783 -4.95338
19.1798 -4.94534
19.1813 -4.93725
19.1828 -4.92911
19.1843 -4.92092
19.1858 -4.91268
19.1873 -4.90439
19.1888 -4.89605
19.1903 -4.88766
19.1918 -4.87922
19.1933 -4.87074
19.1948 -4.8622
19.1963 -4.85362
19.1978 -4.84499
19.1993 -4.83631
19.2009 -4.82758
19.2024 -4.81881
19.2039 -4.81
19.2054 -4.80113
19.2069 -4.79222
19.2084 -4.78327
19.2099 -4.77427
19.2114 -4.76523
19.2129 -4.75614
19.2144 -4.74701
19.2159 -4.73783
19.2174 -4.72862
19.2189 -4.71936
19.2204 -4.71005
19.2219 -4.70071
19.2234 -4.69132
19.2249 -4.68189
19.2264 -4.67242
19.2279 -4.66291
19.2294 -4.65336
19.2309 -4.64377
19.2324 -4.63414
19.2339 -4.62447
19.2354 -4.61476
19.2369 -4.60501
19.2384 -4.59523
19.2399 -4.5854
19.2414 -4.57554
19.2429 -4.56564
19.2444 -4.5557
19.2459 -4.54573
19.2474 -4.53572
19.2489 -4.52567
19.2504 -4.51558
19.2519 -4.50547
19.2534 -4.49531
19.2549 -4.48512
19.2564 -4.4749
19.2579 -4.46464
19.2594 -4.45435
19.2609 -4.44402
19.2624 -4.43366
19.2639 -4.42327
19.2654 -4.41285
19.2669 -4.40239
19.2684 -4.3919
19.2699 -4.38138
19.2714 -4.37082
19.2729 -4.36024
19.2744 -4.34962
19.2759 -4.33898
19.2774 -4.3283
19.2789 -4.3176
19.2804 -4.30686
19.2819 -4.2961
19.2834 -4.2853
19.2849 -4.27448
19.2864 -4.26363
19.2879 -4.25275
19.2894 -4.24184
19.2909 -4.23091
19.2924 -4.21994
19.2939 -4.20895
19.2954 -4.19794
19.2969 -4.1869
19.2984 -4.17583
19.2999 -4.16473
19.3014 -4.15362
19.3029 -4.14247
19.3044 -4.1313
19.3059 -4.12011
19.3074 -4.10889
19.3089 -4.09765
19.3104 -4.08638
19.3119 -4.07509
19.3134 -4.06378
19.3149 -4.05245
19.3164 -4.04109
19.3179 -4.02971
19.3194 -4.01831
19.3209 -4.00689
19.3224 -3.99544
19.3239 -3.98398
19.3254 -3.97249
19.3269 -3.96098
19.3284 -3.94946
19.3299 -3.93791
19.3314 -3.92635
19.3329 -3.91476
19.3344 -3.90316
19.3359 -3.89153
19.3374 -3.87989
19.3389 -3.86823
19.3404 -3.85655
19.3419 -3.84486
19.3434 -3.83315
19.3449 -3.82142
19.3464 -3.80967
19.3479 -3.79791
19.3494 -3.78613
19.3509 -3.77433
19.3524 -3.76252
19.3539 -3.75069
19.3554 -3.73885
19.3569 -3.727
19.3584 -3.71513
19.3599 -3.70324
19.3614 -3.69134
19.3629 -3.67943
19.3644 -3.6675
19.3659 -3.65556
19.3674 -3.64361
19.3689 -3.63165
19.3704 -3.61967
19.3719 -3.60768
19.3734 -3.59568
19.3749 -3.58367
19.3764 -3.57164
19.3779 -3.55961
19.3794 -3.54756
19.3809 -3.5355
19.3824 -3.52344
19.3839 -3.51136
19.3854 -3.49927
19.3869 -3.48718
19.3884 -3.47507
19.3899 -3.46296
19.3914 -3.45083
19.3929 -3.4387
19.3944 -3.42656
19.3959 -3.41442
19.3974 -3.40226
19.3989 -3.3901
19.4005 -3.37793
19.402 -3.36575
19.4035 -3.35357
19.405 -3.34138
19.4065 -3.32918
19.408 -3.31698
19.4095 -3.30477
19.411 -3.29256
19.4125 -3.28034
19.414 -3.26812
19.4155 -3.25589
19.417 -3.24366
19.4185 -3.23143
19.42 -3.21919
19.4215 -3.20694
19.423 -3.1947
19.4245 -3.18245
19.426 -3.17019
19.4275 -3.15794
19.429 -3.14568
19.4305 -3.13342
19.432 -3.12116
19.4335 -3.1089
19.435 -3.09663
19.4365 -3.08437
19.438 -3.0721
19.4395 -3.05983
19.441 -3.04756
19.4425 -3.0353
19.444 -3.02303
19.4455 -3.01076
19.447 -2.99849
19.4485 -2.98622
19.45 -2.97396
19.4515 -2.96169
19.453 -2.94943
19.4545 -2.93717
19.456 -2.92491
19.4575 -2.91265
19.459 -2.9004
19.4605 -2.88814
19.462 -2.87589
19.4635 -2.86365
19.465 -2.8514
19.4665 -2.83916
19.468 -2.82693
19.4695 -2.81469
19.471 -2.80247
19.4725 -2.79024
19.474 -2.77802
19.4755 -2.76581
19.477 -2.7536
19.4785 -2.7414
19.48 -2.7292
19.4815 -2.717
19.483 -2.70482
19.4845 -2.69264
19.486 -2.68046
19.4875 -2.6683
19.489 -2.65614
19.4905 -2.64398
19.492 -2.63184
19.4935 -2.6197
19.495 -2.60757
19.4965 -2.59544
19.498 -2.58333
19.4995 -2.57122
19.501 -2.55912
19.5025 -2.54703
19.504 -2.53495
19.5055 -2.52288
19.507 -2.51082
19.5085 -2.49877
19.51 -2.48673
19.5115 -2.47469
19.513 -2.46267
19.5145 -2.45066
19.516 -2.43866
19.5175 -2.42667
19.519 -2.41469
19.5205 -2.40272
19.522 -2.39077
19.5235 -2.37882
19.525 -2.36689
19.5265 -2.35497
19.528 -2.34306
19.5295 -2.33117
19.531 -2.31928
19.5325 -2.30741
19.534 -2.29556
19.5355 -2.28371
19.537 -2.27188
19.5385 -2.26007
19.54 -2.24827
19.5415 -2.23648
19.543 -2.2247
19.5445 -2.21294
19.546 -2.2012
19.5475 -2.18947
19.549 -2.17775
19.5505 -2.16605
19.552 -2.15437
19.5535 -2.1427
19.555 -2.13105
19.5565 -2.11941
19.558 -2.10779
19.5595 -2.09619
19.561 -2.0846
19.5625 -2.07303
19.564 -2.06148
19.5655 -2.04994
19.567 -2.03842
19.5685 -2.02692
19.57 -2.01543
19.5715 -2.00397
19.573 -1.99252
19.5745 -1.98109
19.576 -1.96968
19.5775 -1.95828
19.579 -1.94691
19.5805 -1.93556
19.582 -1.92422
19.5835 -1.9129
19.585 -1.90161
19.5865 -1.89033
19.588 -1.87907
19.5895 -1.86783
19.591 -1.85662
19.5925 -1.84542
19.594 -1.83424
19.5955 -1.82309
19.597 -1.81195
19.5985 -1.80084
19.6001 -1.78975
19.6016 -1.77867
19.6031 -1.76763
19.6046 -1.7566
19.6061 -1.74559
19.6076 -1.73461
19.6091 -1.72365
19.6106 -1.71271
19.6121 -1.70179
19.6136 -1.6909
19.6151 -1.68003
19.6166 -1.66918
19.6181 -1.65836
19.6196 -1.64755
19.6211 -1.63678
19.6226 -1.62602
19.6241 -1.61529
19.6256 -1.60459
19.6271 -1.59391
19.6286 -1.58325
19.6301 -1.57262
19.6316 -1.56201
19.6331 -1.55143
19.6346 -1.54087
19.6361 -1.53034
19.6376 -1.51983
19.6391 -1.50935
19.6406 -1.49889
19.6421 -1.48846
19.6436 -1.47805
19.6451 -1.46768
19.6466 -1.45732
19.6481 -1.447
19.6496 -1.4367
19.6511 -1.42643
19.6526 -1.41618
19.6541 -1.40596
19.6556 -1.39577
19.6571 -1.3856
19.6586 -1.37547
19.6601 -1.36536
19.6616 -1.35528
19.6631 -1.34522
19.6646 -1.3352
19.6661 -1.3252
19.6676 -1.31523
19.6691 -1.30529
19.6706 -1.29538
19.6721 -1.28549
19.6736 -1.27564
19.6751 -1.26581
19.6766 -1.25601
19.6781 -1.24625
19.6796 -1.23651
19.6811 -1.2268
19.6826 -1.21712
19.6841 -1.20747
19.6856 -1.19785
19.6871 -1.18827
19.6886 -1.17871
19.6901 -1.16918
19.6916 -1.15968
19.6931 -1.15021
19.6946 -1.14078
19.6961 -1.13137
19.6976 -1.122
19.6991 -1.11265
19.7006 -1.10334
19.7021 -1.09406
19.7036 -1.08481
19.7051 -1.07559
19.7066 -1.06641
19.7081 -1.05725
19.7096 -1.04813
19.7111 -1.03904
19.7126 -1.02998
19.7141 -1.02096
19.7156 -1.01197
19.7171 -1.00301
19.7186 -0.994079
19.7201 -0.985185
19.7216 -0.976323
19.7231 -0.967495
19.7246 -0.9587
19.7261 -0.949939
19.7276 -0.94121
19.7291 -0.932516
19.7306 -0.923855
19.7321 -0.915228
19.7336 -0.906635
19.7351 -0.898076
19.7366 -0.889551
19.7381 -0.88106
19.7396 -0.872604
19.7411 -0.864182
19.7426 -0.855795
19.7441 -0.847443
19.7456 -0.839125
19.7471 -0.830842
19.7486 -0.822595
19.7501 -0.814382
19.7516 -0.806205
19.7531 -0.798063
19.7546 -0.789956
19.7561 -0.781886
19.7576 -0.77385
19.7591 -0.765851
19.7606 -0.757888
19.7621 -0.74996
19.7636 -0.742069
19.7651 -0.734213
19.7666 -0.726394
19.7681 -0.718612
19.7696 -0.710866
19.7711 -0.703156
19.7726 -0.695483
19.7741 -0.687847
19.7756 -0.680248
19.7771 -0.672686
19.7786 -0.665161
19.7801 -0.657673
19.7816 -0.650222
19.7831 -0.642809
19.7846 -0.635433
19.7861 -0.628094
19.7876 -0.620794
19.7891 -0.61353
19.7906 -0.606305
19.7921 -0.599118
19.7936 -0.591968
19.7951 -0.584857
19.7966 -0.577784
19.7981 -0.570749
19.7996 -0.563753
19.8012 -0.556794
19.8027 -0.549875
19.8042 -0.542994
19.8057 -0.536151
19.8072 -0.529348
19.8087 -0.522583
19.8102 -0.515857
19.8117 -0.50917
19.8132 -0.502522
19.8147 -0.495914
19.8162 -0.489344
19.8177 -0.482814
19.8192 -0.476323
19.8207 -0.469872
19.8222 -0.463461
19.8237 -0.457089
19.8252 -0.450756
19.8267 -0.444464
19.8282 -0.438211
19.8297 -0.431998
19.8312 -0.425825
19.8327 -0.419693
19.8342 -0.4136
19.8357 -0.407548
19.8372 -0.401536
19.8387 -0.395564
19.8402 -0.389633
19.8417 -0.383742
19.8432 -0.377892
19.8447 -0.372082
19.8462 -0.366313
19.8477 -0.360585
19.8492 -0.354897
19.8507 -0.349251
19.8522 -0.343645
19.8537 -0.338081
19.8552 -0.332557
19.8567 -0.327075
19.8582 -0.321634
19.8597 -0.316234
19.8612 -0.310876
19.8627 -0.305558
19.8642 -0.300283
19.8657 -0.295049
19.8672 -0.289856
19.8687 -0.284705
19.8702 -0.279595
19.8717 -0.274528
19.8732 -0.269502
19.8747 -0.264518
19.8762 -0.259576
19.8777 -0.254675
19.8792 -0.249817
19.8807 -0.245001
19.8822 -0.240227
19.8837 -0.235495
19.8852 -0.230805
19.8867 -0.226158
19.8882 -0.221552
19.8897 -0.21699
19.8912 -0.212469
19.8927 -0.207991
19.8942 -0.203555
19.8957 -0.199162
19.8972 -0.194812
19.8987 -0.190504
19.9002 -0.186239
19.9017 -0.182016
19.9032 -0.177837
19.9047 -0.1737
19.9062 -0.169605
19.9077 -0.165554
19.9092 -0.161546
19.9107 -0.15758
19.9122 -0.153658
19.9137 -0.149778
19.9152 -0.145942
19.9167 -0.142149
19.9182 -0.138399
19.9197 -0.134692
19.9212 -0.131028
19.9227 -0.127407
19.9242 -0.12383
19.9257 -0.120296
19.9272 -0.116805
19.9287 -0.113358
19.9302 -0.109954
19.9317 -0.106593
19.9332 -0.103276
19.9347 -0.100003
19.9362 -0.0967728
19.9377 -0.0935862
19.9392 -0.0904433
19.9407 -0.0873439
19.9422 -0.0842882
19.9437 -0.0812761
19.9452 -0.0783076
19.9467 -0.0753829
19.9482 -0.0725018
19.9497 -0.0696645
19.9512 -0.0668709
19.9527 -0.0641212
19.9542 -0.0614152
19.9557 -0.058753
19.9572 -0.0561347
19.9587 -0.0535602
19.9602 -0.0510296
19.9617 -0.0485429
19.9632 -0.0461001
19.9647 -0.0437012
19.9662 -0.0413462
19.9677 -0.0390352
19.9692 -0.0367682
19.9707 -0.0345451
19.9722 -0.0323661
19.9737 -0.030231
19.9752 -0.02814
19.9767 -0.0260929
19.9782 -0.02409
19.9797 -0.022131
19.9812 -0.0202162
19.9827 -0.0183453
19.9842 -0.0165186
19.9857 -0.0147359
19.9872 -0.0129974
19.9887 -0.0113029
19.9902 -0.00965247
19.9917 -0.00804618
19.9932 -0.00648399
19.9947 -0.00496591
19.9962 -0.00349194
19.9977 -0.00206208
19.9992 -0.000676331
20.0008 0.000665302
20.0023 0.00196282
20.0038 0.00321623
20.0053 0.00442552
20.0068 0.00559071
20.0083 0.00671179
20.0098 0.00778876
20.0113 0.00882163
20.0128 0.00981041
20.0143 0.0107551
20.0158 0.0116557
20.0173 0.0125122
20.0188 0.0133247
20.0203 0.0140931
20.0218 0.0148174
20.0233 0.0154977
20.0248 0.0161339
20.0263 0.0167262
20.0278 0.0172744
20.0293 0.0177786
20.0308 0.0182388
20.0323 0.018655
20.0338 0.0190273
20.0353 0.0193556
20.0368 0.01964
20.0383 0.0198804
20.0398 0.020077
20.0413 0.0202296
20.0428 0.0203384
20.0443 0.0204034
20.0458 0.0204244
20.0473 0.0204017
20.0488 0.0203352
20.0503 0.0202249
20.0518 0.0200709
20.0533 0.0198731
20.0548 0.0196316
20.0563 0.0193464
20.0578 0.0190176
20.0593 0.0186451
20.0608 0.018229
20.0623 0.0177693
20.0638 0.0172661
20.0653 0.0167193
20.0668 0.016129
20.0683 0.0154952
20.0698 0.014818
20.0713 0.0140973
20.0728 0.0133333
20.0743 0.0125259
20.0758 0.0116751
20.0773 0.0107811
20.0788 0.00984379
20.0803 0.00886325
20.0818 0.00783952
20.0833 0.00677262
20.0848 0.00566259
20.0863 0.00450947
20.0878 0.00331329
20.0893 0.00207409
20.0908 0.000791906
20.0923 -0.00053322
20.0938 -0.00190125
20.0953 -0.00331215
20.0968 -0.00476587
20.0983 -0.00626237
20.0998 -0.00780162
20.1013 -0.00938357
20.1028 -0.0110082
20.1043 -0.0126754
20.1058 -0.0143852
20.1073 -0.0161375
20.1088 -0.0179323
20.1103 -0.0197695
20.1118 -0.0216491
20.1133 -0.0235711
20.1148 -0.0255354
20.1163 -0.0275418
20.1178 -0.0295905
20.1193 -0.0316814
20.1208 -0.0338143
20.1223 -0.0359893
20.1238 -0.0382062
20.1253 -0.0404651
20.1268 -0.0427659
20.1283 -0.0451085
20.1298 -0.0474929
20.1313 -0.049919
20.1328 -0.0523868
20.1343 -0.0548962
20.1358 -0.0574472
20.1373 -0.0600396
20.1388 -0.0626735
20.1403 -0.0653487
20.1418 -0.0680653
20.1433 -0.0708232
20.1448 -0.0736222
20.1463 -0.0764624
20.1478 -0.0793436
20.1493 -0.0822659
20.1508 -0.0852291
20.1523 -0.0882332
20.1538 -0.0912782
20.1553 -0.0943638
20.1568 -0.0974902
20.1583 -0.100657
20.1598 -0.103865
20.1613 -0.107113
20.1628 -0.110401
20.1643 -0.11373
20.1658 -0.117099
20.1673 -0.120508
20.1688 -0.123958
20.1703 -0.127447
20.1718 -0.130977
20.1733 -0.134546
20.1748 -0.138156
20.1763 -0.141805
20.1778 -0.145494
20.1793 -0.149222
20.1808 -0.15299
20.1823 -0.156797
20.1838 -0.160644
20.1853 -0.16453
20.1868 -0.168456
20.1883 -0.17242
20.1898 -0.176424
20.1913 -0.180466
20.1928 -0.184548
20.1943 -0.188668
20.1958 -0.192827
20.1973 -0.197025
20.1988 -0.201262
20.2004 -0.205536
20.2019 -0.20985
20.2034 -0.214201
20.2049 -0.218591
20.2064 -0.223019
20.2079 -0.227485
20.2094 -0.23199
20.2109 -0.236532
20.2124 -0.241111
20.2139 -0.245729
20.2154 -0.250384
20.2169 -0.255077
20.2184 -0.259807
20.2199 -0.264574
20.2214 -0.269379
20.2229 -0.274221
20.2244 -0.2791
20.2259 -0.284016
20.2274 -0.288968
20.2289 -0.293958
20.2304 -0.298984
20.2319 -0.304047
20.2334 -0.309146
20.2349 -0.314282
20.2364 -0.319454
20.2379 -0.324662
20.2394 -0.329907
20.2409 -0.335187
20.2424 -0.340503
20.2439 -0.345855
20.2454 -0.351242
20.2469 -0.356666
20.2484 -0.362124
20.2499 -0.367618
20.2514 -0.373147
20.2529 -0.378712
20.2544 -0.384311
20.2559 -0.389946
20.2574 -0.395615
20.2589 -0.401319
20.2604 -0.407057
20.2619 -0.41283
20.2634 -0.418638
20.2649 -0.424479
20.2664 -0.430355
20.2679 -0.436265
20.2694 -0.442209
20.2709 -0.448186
20.2724 -0.454198
20.2739 -0.460242
20.2754 -0.466321
20.2769 -0.472433
20.2784 -0.478577
20.2799 -0.484756
20.2814 -0.490967
20.2829 -0.497211
20.2844 -0.503487
20.2859 -0.509797
20.2874 -0.516138
20.2889 -0.522513
20.2904 -0.528919
20.2919 -0.535358
20.2934 -0.541829
20.2949 -0.548331
20.2964 -0.554866
20.2979 -0.561432
20.2994 -0.568029
20.3009 -0.574658
20.3024 -0.581318
20.3039 -0.58801
20.3054 -0.594732
20.3069 -0.601485
20.3084 -0.608269
20.3099 -0.615084
20.3114 -0.621929
20.3129 -0.628804
20.3144 -0.63571
20.3159 -0.642646
20.3174 -0.649611
20.3189 -0.656607
20.3204 -0.663632
20.3219 -0.670687
20.3234 -0.677771
20.3249 -0.684884
20.3264 -0.692027
20.3279 -0.699199
20.3294 -0.706399
20.3309 -0.713628
20.3324 -0.720886
20.3339 -0.728172
20.3354 -0.735487
20.3369 -0.742829
20.3384 -0.7502
20.3399 -0.757598
20.3414 -0.765024
20.3429 -0.772478
20.3444 -0.779959
20.3459 -0.787468
20.3474 -0.795003
20.3489 -0.802566
20.3504 -0.810155
20.3519 -0.817772
20.3534 -0.825414
20.3549 -0.833083
20.3564 -0.840779
20.3579 -0.8485
20.3594 -0.856247
20.3609 -0.86402
20.3624 -0.871819
20.3639 -0.879643
20.3654 -0.887493
20.3669 -0.895368
20.3684 -0.903267
20.3699 -0.911192
20.3714 -0.919141
20.3729 -0.927115
20.3744 -0.935113
20.3759 -0.943135
20.3774 -0.951182
20.3789 -0.959252
20.3804 -0.967346
20.3819 -0.975464
20.3834 -0.983605
20.3849 -0.991769
20.3864 -0.999957
20.3879 -1.00817
20.3894 -1.0164
20.3909 -1.02466
20.3924 -1.03293
20.3939 -1.04123
20.3954 -1.04956
20.3969 -1.0579
20.3984 -1.06627
20.3999 -1.07466
20.4015 -1.08306
20.403 -1.09149
20.4045 -1.09995
20.406 -1.10842
20.4075 -1.11691
20.409 -1.12543
20.4105 -1.13396
20.412 -1.14251
20.4135 -1.15109
20.415 -1.15968
20.4165 -1.1683
20.418 -1.17693
20.4195 -1.18558
20.421 -1.19425
20.4225 -1.20295
20.424 -1.21165
20.4255 -1.22038
20.427 -1.22913
20.4285 -1.23789
20.43 -1.24668
20.4315 -1.25548
20.433 -1.2643
20.4345 -1.27313
20.436 -1.28199
20.4375 -1.29086
20.439 -1.29974
20.4405 -1.30865
20.442 -1.31757
20.4435 -1.32651
20.445 -1.33546
20.4465 -1.34443
20.448 -1.35341
20.4495 -1.36242
20.451 -1.37143
20.4525 -1.38046
20.454 -1.38951
20.4555 -1.39857
20.457 -1.40765
20.4585 -1.41674
20.46 -1.42584
20.4615 -1.43496
20.463 -1.4441
20.4645 -1.45324
20.466 -1.4624
20.4675 -1.47158
20.469 -1.48076
20.4705 -1.48996
20.472 -1.49918
20.4735 -1.5084
20.475 -1.51764
20.4765 -1.52689
20.478 -1.53615
20.4795 -1.54542
20.481 -1.5547
20.4825 -1.564
20.484 -1.57331
20.4855 -1.58262
20.487 -1.59195
20.4885 -1.60129
20.49 -1.61064
20.4915 -1.62
20.493 -1.62937
20.4945 -1.63875
20.496 -1.64813
20.4975 -1.65753
20.499 -1.66694
20.5005 -1.67635
20.502 -1.68577
20.5035 -1.69521
20.505 -1.70465
20.5065 -1.71409
20.508 -1.72355
20.5095 -1.73301
20.511 -1.74248
20.5125 -1.75196
20.514 -1.76144
20.5155 -1.77094
20.517 -1.78043
20.5185 -1.78994
20.52 -1.79945
20.5215 -1.80896
20.523 -1.81848
20.5245 -1.82801
20.526 -1.83754
20.5275 -1.84707
20.529 -1.85661
20.5305 -1.86616
20.532 -1.87571
20.5335 -1.88526
20.535 -1.89482
20.5365 -1.90438
20.538 -1.91394
20.5395 -1.92351
20.541 -1.93308
20.5425 -1.94265
20.544 -1.95222
20.5455 -1.9618
20.547 -1.97138
20.5485 -1.98096
20.55 -1.99054
20.5515 -2.00012
20.553 -2.00971
20.5545 -2.01929
20.556 -2.02888
20.5575 -2.03846
20.559 -2.04805
20.5605 -2.05763
20.562 -2.06722
20.5635 -2.0768
20.565 -2.08638
20.5665 -2.09596
20.568 -2.10554
20.5695 -2.11512
20.571 -2.1247
20.5725 -2.13427
20.574 -2.14385
20.5755 -2.15341
20.577 -2.16298
20.5785 -2.17254
20.58 -2.1821
20.5815 -2.19166
20.583 -2.20121
20.5845 -2.21076
20.586 -2.22031
20.5875 -2.22984
20.589 -2.23938
20.5905 -2.24891
20.592 -2.25843
20.5935 -2.26795
20.595 -2.27746
20.5965 -2.28697
20.598 -2.29647
20.5995 -2.30596
20.6011 -2.31545
20.6026 -2.32493
20.6041 -2.3344
20.6056 -2.34386
20.6071 -2.35332
20.6086 -2.36277
20.6101 -2.37221
20.6116 -2.38164
20.6131 -2.39106
20.6146 -2.40047
20.6161 -2.40988
20.6176 -2.41927
20.6191 -2.42866
20.6206 -2.43803
20.6221 -2.44739
20.6236 -2.45674
20.6251 -2.46609
20.6266 -2.47541
20.6281 -2.48473
20.6296 -2.49404
20.6311 -2.50333
20.6326 -2.51261
20.6341 -2.52188
20.6356 -2.53114
20.6371 -2.54038
20.6386 -2.54961
20.6401 -2.55883
20.6416 -2.56803
20.6431 -2.57722
20.6446 -2.58639
20.6461 -2.59555
20.6476 -2.60469
20.6491 -2.61382
20.6506 -2.62293
20.6521 -2.63203
20.6536 -2.64111
20.6551 -2.65017
20.6566 -2.65922
20.6581 -2.66825
20.6596 -2.67726
20.6611 -2.68625
20.6626 -2.69523
20.6641 -2.70419
20.6656 -2.71313
20.6671 -2.72205
20.6686 -2.73095
20.6701 -2.73983
20.6716 -2.7487
20.6731 -2.75754
20.6746 -2.76636
20.6761 -2.77517
20.6776 -2.78395
20.6791 -2.79271
20.6806 -2.80145
20.6821 -2.81017
20.6836 -2.81886
20.6851 -2.82754
20.6866 -2.83619
20.6881 -2.84482
20.6896 -2.85342
20.6911 -2.862
20.6926 -2.87056
20.6941 -2.8791
20.6956 -2.88761
20.6971 -2.89609
20.6986 -2.90455
20.7001 -2.91299
20.7016 -2.9214
20.7031 -2.92979
20.7046 -2.93814
20.7061 -2.94648
20.7076 -2.95478
20.7091 -2.96306
20.7106 -2.97131
20.7121 -2.97954
20.7136 -2.98773
20.7151 -2.9959
20.7166 -3.00404
20.7181 -3.01215
20.7196 -3.02023
20.7211 -3.02829
20.7226 -3.03631
20.7241 -3.0443
20.7256 -3.05226
20.7271 -3.0602
20.7286 -3.0681
20.7301 -3.07597
20.7316 -3.08381
20.7331 -3.09161
20.7346 -3.09939
20.7361 -3.10713
20.7376 -3.11484
20.7391 -3.12251
20.7406 -3.13016
20.7421 -3.13777
20.7436 -3.14534
20.7451 -3.15288
20.7466 -3.16039
20.7481 -3.16786
20.7496 -3.17529
20.7511 -3.18269
20.7526 -3.19006
20.7541 -3.19739
20.7556 -3.20468
20.7571 -3.21193
20.7586 -3.21915
20.7601 -3.22633
20.7616 -3.23347
20.7631 -3.24057
20.7646 -3.24764
20.7661 -3.25466
20.7676 -3.26165
20.7691 -3.2686
20.7706 -3.27551
20.7721 -3.28237
20.7736 -3.2892
20.7751 -3.29599
20.7766 -3.30273
20.7781 -3.30944
20.7796 -3.3161
20.7811 -3.32272
20.7826 -3.32929
20.7841 -3.33583
20.7856 -3.34232
20.7871 -3.34877
20.7886 -3.35517
20.7901 -3.36153
20.7916 -3.36785
20.7931 -3.37412
20.7946 -3.38034
20.7961 -3.38652
20.7976 -3.39266
20.7991 -3.39874
20.8007 -3.40479
20.8022 -3.41078
20.8037 -3.41673
20.8052 -3.42263
20.8067 -3.42848
20.8082 -3.43428
20.8097 -3.44004
20.8112 -3.44575
20.8127 -3.4514
20.8142 -3.45701
20.8157 -3.46257
20.8172 -3.46808
20.8187 -3.47353
20.8202 -3.47894
20.8217 -3.48429
20.8232 -3.4896
20.8247 -3.49485
20.8262 -3.50004
20.8277 -3.50519
20.8292 -3.51028
20.8307 -3.51532
20.8322 -3.52031
20.8337 -3.52524
20.8352 -3.53011
20.8367 -3.53494
20.8382 -3.5397
20.8397 -3.54441
20.8412 -3.54907
20.8427 -3.55367
20.8442 -3.55821
20.8457 -3.5627
20.8472 -3.56712
20.8487 -3.57149
20.8502 -3.57581
20.8517 -3.58006
20.8532 -3.58425
20.8547 -3.58839
20.8562 -3.59247
20.8577 -3.59648
20.8592 -3.60044
20.8607 -3.60433
20.8622 -3.60817
20.8637 -3.61194
20.8652 -3.61565
20.8667 -3.6193
20.8682 -3.62289
20.8697 -3.62641
20.8712 -3.62987
20.8727 -3.63327
20.8742 -3.6366
20.8757 -3.63987
20.8772 -3.64307
20.8787 -3.64621
20.8802 -3.64929
20.8817 -3.6523
20.8832 -3.65524
20.8847 -3.65811
20.8862 -3.66092
20.8877 -3.66366
20.8892 -3.66633
20.8907 -3.66894
20.8922 -3.67148
20.8937 -3.67394
20.8952 -3.67634
20.8967 -3.67867
20.8982 -3.68093
20.8997 -3.68312
20.9012 -3.68524
20.9027 -3.68728
20.9042 -3.68926
20.9057 -3.69116
20.9072 -3.69299
20.9087 -3.69475
20.9102 -3.69644
20.9117 -3.69805
20.9132 -3.69959
20.9147 -3.70105
20.9162 -3.70244
20.9177 -3.70375
20.9192 -3.70499
20.9207 -3.70616
20.9222 -3.70724
20.9237 -3.70825
20.9252 -3.70919
20.9267 -3.71004
20.9282 -3.71082
20.9297 -3.71152
20.9312 -3.71214
20.9327 -3.71269
20.9342 -3.71315
20.9357 -3.71353
20.9372 -3.71384
20.9387 -3.71406
20.9402 -3.7142
20.9417 -3.71426
20.9432 -3.71424
20.9447 -3.71414
20.9462 -3.71395
20.9477 -3.71369
20.9492 -3.71333
20.9507 -3.7129
20.9522 -3.71238
20.9537 -3.71177
20.9552 -3.71109
20.9567 -3.71031
20.9582 -3.70945
20.9597 -3.7085
20.9612 -3.70747
20.9627 -3.70635
20.9642 -3.70514
20.9657 -3.70385
20.9672 -3.70247
20.9687 -3.70099
20.9702 -3.69943
20.9717 -3.69778
20.9732 -3.69604
20.9747 -3.69421
20.9762 -3.69229
20.9777 -3.69028
20.9792 -3.68817
20.9807 -3.68598
20.9822 -3.68369
20.9837 -3.68131
20.9852 -3.67883
20.9867 -3.67627
20.9882 -3.67361
20.9897 -3.67085
20.9912 -3.668
20.9927 -3.66505
20.9942 -3.66201
20.9957 -3.65887
20.9972 -3.65564
20.9987 -3.6523
21.0003 -3.64887
21.0018 -3.64535
21.0033 -3.64172
21.0048 -3.638
21.0063 -3.63417
21.0078 -3.63025
21.0093 -3.62623
21.0108 -3.62211
21.0123 -3.61788
21.0138 -3.61356
21.0153 -3.60913
21.0168 -3.6046
21.0183 -3.59997
21.0198 -3.59523
21.0213 -3.59039
21.0228 -3.58545
21.0243 -3.58041
21.0258 -3.57526
21.0273 -3.57
21.0288 -3.56464
21.0303 -3.55917
21.0318 -3.55359
21.0333 -3.54791
21.0348 -3.54212
21.0363 -3.53623
21.0378 -3.53022
21.0393 -3.52411
21.0408 -3.51789
21.0423 -3.51155
21.0438 -3.50511
21.0453 -3.49856
21.0468 -3.4919
21.0483 -3.48512
21.0498 -3.47823
21.0513 -3.47124
21.0528 -3.46412
21.0543 -3.4569
21.0558 -3.44956
21.0573 -3.44211
21.0588 -3.43454
21.0603 -3.42686
21.0618 -3.41906
21.0633 -3.41115
21.0648 -3.40312
21.0663 -3.39497
21.0678 -3.38671
21.0693 -3.37833
21.0708 -3.36983
21.0723 -3.36121
21.0738 -3.35247
21.0753 -3.34362
21.0768 -3.33464
21.0783 -3.32554
21.0798 -3.31633
21.0813 -3.30699
21.0828 -3.29753
21.0843 -3.28795
21.0858 -3.27824
21.0873 -3.26841
21.0888 -3.25846
21.0903 -3.24838
21.0918 -3.23818
21.0933 -3.22786
21.0948 -3.2174
21.0963 -3.20683
21.0978 -3.19612
21.0993 -3.18529
21.1008 -3.17433
21.1023 -3.16325
21.1038 -3.15203
21.1053 -3.14069
21.1068 -3.12922
21.1083 -3.11762
21.1098 -3.10588
21.1113 -3.09402
21.1128 -3.08203
21.1143 -3.0699
21.1158 -3.05764
21.1173 -3.04525
21.1188 -3.03273
21.1203 -3.02008
21.1218 -3.00728
21.1233 -2.99436
21.1248 -2.9813
21.1263 -2.9681
21.1278 -2.95477
21.1293 -2.94131
21.1308 -2.9277
21.1323 -2.91396
21.1338 -2.90008
21.1353 -2.88606
21.1368 -2.87191
21.1383 -2.85761
21.1398 -2.84317
21.1413 -2.8286
21.1428 -2.81388
21.1443 -2.79902
21.1458 -2.78403
21.1473 -2.76888
21.1488 -2.7536
21.1503 -2.73817
21.1518 -2.7226
21.1533 -2.70689
21.1548 -2.69103
21.1563 -2.67502
21.1578 -2.65887
21.1593 -2.64257
21.1608 -2.62613
21.1623 -2.60954
21.1638 -2.5928
21.1653 -2.57592
21.1668 -2.55888
21.1683 -2.5417
21.1698 -2.52437
21.1713 -2.50688
21.1728 -2.48925
21.1743 -2.47147
21.1758 -2.45353
21.1773 -2.43544
21.1788 -2.4172
21.1803 -2.39881
21.1818 -2.38026
21.1833 -2.36156
21.1848 -2.3427
21.1863 -2.32369
21.1878 -2.30452
21.1893 -2.2852
21.1908 -2.26572
21.1923 -2.24608
21.1938 -2.22629
21.1953 -2.20634
21.1968 -2.18623
21.1983 -2.16596
21.1998 -2.14553
21.2014 -2.12494
21.2029 -2.10419
21.2044 -2.08327
21.2059 -2.0622
21.2074 -2.04097
21.2089 -2.01957
21.2104 -1.99801
21.2119 -1.97628
21.2134 -1.95439
21.2149 -1.93234
21.2164 -1.91012
21.2179 -1.88773
21.2194 -1.86518
21.2209 -1.84246
21.2224 -1.81957
21.2239 -1.79652
21.2254 -1.7733
21.2269 -1.74991
21.2284 -1.72635
21.2299 -1.70262
21.2314 -1.67872
21.2329 -1.65464
21.2344 -1.6304
21.2359 -1.60598
21.2374 -1.58139
21.2389 -1.55663
21.2404 -1.5317
21.2419 -1.50659
21.2434 -1.4813
21.2449 -1.45585
21.2464 -1.43021
21.2479 -1.4044
21.2494 -1.37841
21.2509 -1.35225
21.2524 -1.3259
21.2539 -1.29938
21.2554 -1.27268
21.2569 -1.2458
21.2584 -1.21874
21.2599 -1.1915
21.2614 -1.16408
21.2629 -1.13647
21.2644 -1.10869
21.2659 -1.08072
21.2674 -1.05257
21.2689 -1.02423
21.2704 -0.99571
21.2719 -0.967005
21.2734 -0.938114
21.2749 -0.909038
21.2764 -0.879775
21.2779 -0.850326
21.2794 -0.820688
21.2809 -0.790863
21.2824 -0.760849
21.2839 -0.730645
21.2854 -0.700252
21.2869 -0.669669
21.2884 -0.638894
21.2899 -0.607929
21.2914 -0.576771
21.2929 -0.545421
21.2944 -0.513877
21.2959 -0.48214
21.2974 -0.450209
21.2989 -0.418083
21.3004 -0.385762
21.3019 -0.353246
21.3034 -0.320532
21.3049 -0.287622
21.3064 -0.254514
21.3079 -0.221209
21.3094 -0.187704
21.3109 -0.154001
21.3124 -0.120098
21.3139 -0.0859941
21.3154 -0.0516898
21.3169 -0.0171841
21.3184 0.0175235
21.3199 0.0524337
21.3214 0.0875469
21.3229 0.122864
21.3244 0.158385
21.3259 0.194111
21.3274 0.230042
21.3289 0.266179
21.3304 0.302523
21.3319 0.339073
21.3334 0.375831
21.3349 0.412798
21.3364 0.449973
21.3379 0.487357
21.3394 0.524951
21.3409 0.562756
21.3424 0.600772
21.3439 0.638999
21.3454 0.677438
21.3469 0.71609
21.3484 0.754956
21.3499 0.794035
21.3514 0.833329
21.3529 0.872838
21.3544 0.912562
21.3559 0.952503
21.3574 0.99266
21.3589 1.03303
21.3604 1.07363
21.3619 1.11444
21.3634 1.15547
21.3649 1.19672
21.3664 1.23819
21.3679 1.27988
21.3694 1.32179
21.3709 1.36392
21.3724 1.40628
21.3739 1.44886
21.3754 1.49167
21.3769 1.53469
21.3784 1.57795
21.3799 1.62142
21.3814 1.66513
21.3829 1.70906
21.3844 1.75322
21.3859 1.7976
21.3874 1.84222
21.3889 1.88706
21.3904 1.93213
21.3919 1.97744
21.3934 2.02297
21.3949 2.06874
21.3964 2.11474
21.3979 2.16097
21.3994 2.20743
21.401 2.25413
21.4025 2.30106
21.404 2.34822
21.4055 2.39563
21.407 2.44326
21.4085 2.49114
21.41 2.53925
21.4115 2.5876
21.413 2.63619
21.4145 2.68502
21.416 2.73408
21.4175 2.78339
21.419 2.83294
21.4205 2.88273
21.422 2.93276
21.4235 2.98304
21.425 3.03356
21.4265 3.08432
21.428 3.13533
21.4295 3.18658
21.431 3.23808
21.4325 3.28982
21.434 3.34182
21.4355 3.39406
21.437 3.44654
21.4385 3.49928
21.44 3.55227
21.4415 3.6055
21.443 3.65899
21.4445 3.71273
21.446 3.76672
21.4475 3.82096
21.449 3.87546
21.4505 3.93021
21.452 3.98521
21.4535 4.04047
21.455 4.09598
21.4565 4.15176
21.458 4.20778
21.4595 4.26407
21.461 4.32061
21.4625 4.37741
21.464 4.43448
21.4655 4.4918
21.467 4.54938
21.4685 4.60722
21.47 4.66533
21.4715 4.7237
21.473 4.78233
21.4745 4.84122
21.476 4.90038
21.4775 4.9598
21.479 5.01949
21.4805 5.07945
21.482 5.13967
21.4835 5.20016
21.485 5.26092
21.4865 5.32195
21.488 5.38325
21.4895 5.44481
21.491 5.50665
21.4925 5.56876
21.494 5.63114
21.4955 5.69379
21.497 5.75672
21.4985 5.81992
21.5 5.88339
