8.5 3.07003
8.5015 3.00966
8.503 2.94957
8.5045 2.88976
8.506 2.83021
8.5075 2.77094
8.509 2.71194
8.51051 2.65321
8.51201 2.59474
8.51351 2.53655
8.51501 2.47862
8.51651 2.42097
8.51801 2.36358
8.51951 2.30645
8.52101 2.24959
8.52251 2.193
8.52401 2.13667
8.52551 2.08061
8.52701 2.02481
8.52851 1.96927
8.53002 1.91399
8.53152 1.85898
8.53302 1.80422
8.53452 1.74973
8.53602 1.69549
8.53752 1.64152
8.53902 1.5878
8.54052 1.53434
8.54202 1.48114
8.54352 1.42819
8.54502 1.3755
8.54652 1.32307
8.54802 1.27089
8.54952 1.21896
8.55103 1.16729
8.55253 1.11586
8.55403 1.0647
8.55553 1.01378
8.55703 0.963114
8.55853 0.912698
8.56003 0.862532
8.56153 0.812615
8.56303 0.762946
8.56453 0.713526
8.56603 0.664352
8.56753 0.615425
8.56903 0.566745
8.57054 0.518309
8.57204 0.470119
8.57354 0.422172
8.57504 0.374469
8.57654 0.32701
8.57804 0.279792
8.57954 0.232816
8.58104 0.186082
8.58254 0.139588
8.58404 0.093334
8.58554 0.0473194
8.58704 0.00154353
8.58854 -0.0439942
8.59005 -0.0892943
8.59155 -0.134357
8.59305 -0.179184
8.59455 -0.223775
8.59605 -0.268131
8.59755 -0.312252
8.59905 -0.35614
8.60055 -0.399794
8.60205 -0.443215
8.60355 -0.486404
8.60505 -0.529361
8.60655 -0.572087
8.60805 -0.614583
8.60955 -0.656849
8.61106 -0.698886
8.61256 -0.740694
8.61406 -0.782275
8.61556 -0.823627
8.61706 -0.864753
8.61856 -0.905652
8.62006 -0.946326
8.62156 -0.986775
8.62306 -1.027
8.62456 -1.067
8.62606 -1.10678
8.62756 -1.14633
8.62906 -1.18566
8.63057 -1.22477
8.63207 -1.26366
8.63357 -1.30233
8.63507 -1.34078
8.63657 -1.37901
8.63807 -1.41702
8.63957 -1.45481
8.64107 -1.49239
8.64257 -1.52975
8.64407 -1.56689
8.64557 -1.60381
8.64707 -1.64052
8.64857 -1.67702
8.65008 -1.7133
8.65158 -1.74937
8.65308 -1.78522
8.65458 -1.82087
8.65608 -1.8563
8.65758 -1.89152
8.65908 -1.92653
8.66058 -1.96133
8.66208 -1.99592
8.66358 -2.0303
8.66508 -2.06447
8.66658 -2.09843
8.66808 -2.13219
8.66958 -2.16574
8.67109 -2.19909
8.67259 -2.23222
8.67409 -2.26516
8.67559 -2.29789
8.67709 -2.33041
8.67859 -2.36274
8.68009 -2.39485
8.68159 -2.42677
8.68309 -2.45849
8.68459 -2.49
8.68609 -2.52132
8.68759 -2.55243
8.68909 -2.58334
8.6906 -2.61406
8.6921 -2.64458
8.6936 -2.6749
8.6951 -2.70502
8.6966 -2.73494
8.6981 -2.76467
8.6996 -2.79421
8.7011 -2.82355
8.7026 -2.85269
8.7041 -2.88164
8.7056 -2.9104
8.7071 -2.93897
8.7086 -2.96734
8.71011 -2.99552
8.71161 -3.02351
8.71311 -3.05131
8.71461 -3.07892
8.71611 -3.10634
8.71761 -3.13357
8.71911 -3.16061
8.72061 -3.18747
8.72211 -3.21413
8.72361 -3.24061
8.72511 -3.26691
8.72661 -3.29302
8.72811 -3.31894
8.72961 -3.34468
8.73112 -3.37023
8.73262 -3.39561
8.73412 -3.42079
8.73562 -3.4458
8.73712 -3.47062
8.73862 -3.49527
8.74012 -3.51973
8.74162 -3.54401
8.74312 -3.56811
8.74462 -3.59203
8.74612 -3.61578
8.74762 -3.63934
8.74912 -3.66273
8.75063 -3.68594
8.75213 -3.70898
8.75363 -3.73184
8.75513 -3.75452
8.75663 -3.77703
8.75813 -3.79936
8.75963 -3.82152
8.76113 -3.84351
8.76263 -3.86532
8.76413 -3.88696
8.76563 -3.90843
8.76713 -3.92973
8.76863 -3.95085
8.77014 -3.97181
8.77164 -3.9926
8.77314 -4.01321
8.77464 -4.03366
8.77614 -4.05394
8.77764 -4.07406
8.77914 -4.094
8.78064 -4.11378
8.78214 -4.1334
8.78364 -4.15284
8.78514 -4.17213
8.78664 -4.19125
8.78814 -4.2102
8.78964 -4.22899
8.79115 -4.24762
8.79265 -4.26608
8.79415 -4.28439
8.79565 -4.30253
8.79715 -4.32051
8.79865 -4.33833
8.80015 -4.35599
8.80165 -4.37349
8.80315 -4.39083
8.80465 -4.40802
8.80615 -4.42504
8.80765 -4.44191
8.80915 -4.45862
8.81066 -4.47518
8.81216 -4.49158
8.81366 -4.50782
8.81516 -4.52391
8.81666 -4.53985
8.81816 -4.55563
8.81966 -4.57126
8.82116 -4.58673
8.82266 -4.60205
8.82416 -4.61723
8.82566 -4.63224
8.82716 -4.64711
8.82866 -4.66183
8.83017 -4.6764
8.83167 -4.69082
8.83317 -4.70509
8.83467 -4.71921
8.83617 -4.73318
8.83767 -4.74701
8.83917 -4.76069
8.84067 -4.77422
8.84217 -4.78761
8.84367 -4.80085
8.84517 -4.81395
8.84667 -4.8269
8.84817 -4.83971
8.84967 -4.85238
8.85118 -4.8649
8.85268 -4.87728
8.85418 -4.88952
8.85568 -4.90161
8.85718 -4.91357
8.85868 -4.92538
8.86018 -4.93706
8.86168 -4.94859
8.86318 -4.95999
8.86468 -4.97125
8.86618 -4.98237
8.86768 -4.99335
8.86918 -5.00419
8.87069 -5.0149
8.87219 -5.02547
8.87369 -5.03591
8.87519 -5.04621
8.87669 -5.05638
8.87819 -5.06641
8.87969 -5.07631
8.88119 -5.08607
8.88269 -5.0957
8.88419 -5.1052
8.88569 -5.11457
8.88719 -5.12381
8.88869 -5.13291
8.8902 -5.14189
8.8917 -5.15073
8.8932 -5.15945
8.8947 -5.16803
8.8962 -5.17649
8.8977 -5.18482
8.8992 -5.19302
8.9007 -5.2011
8.9022 -5.20905
8.9037 -5.21687
8.9052 -5.22456
8.9067 -5.23213
8.9082 -5.23958
8.9097 -5.2469
8.91121 -5.2541
8.91271 -5.26117
8.91421 -5.26812
8.91571 -5.27495
8.91721 -5.28166
8.91871 -5.28824
8.92021 -5.29471
8.92171 -5.30105
8.92321 -5.30727
8.92471 -5.31338
8.92621 -5.31936
8.92771 -5.32522
8.92921 -5.33097
8.93072 -5.3366
8.93222 -5.34211
8.93372 -5.3475
8.93522 -5.35278
8.93672 -5.35794
8.93822 -5.36299
8.93972 -5.36792
8.94122 -5.37273
8.94272 -5.37743
8.94422 -5.38202
8.94572 -5.38649
8.94722 -5.39085
8.94872 -5.3951
8.95023 -5.39924
8.95173 -5.40326
8.95323 -5.40718
8.95473 -5.41098
8.95623 -5.41467
8.95773 -5.41825
8.95923 -5.42172
8.96073 -5.42509
8.96223 -5.42834
8.96373 -5.43149
8.96523 -5.43453
8.96673 -5.43746
8.96823 -5.44029
8.96973 -5.44301
8.97124 -5.44562
8.97274 -5.44813
8.97424 -5.45053
8.97574 -5.45283
8.97724 -5.45502
8.97874 -5.45711
8.98024 -5.4591
8.98174 -5.46098
8.98324 -5.46276
8.98474 -5.46444
8.98624 -5.46602
8.98774 -5.46749
8.98924 -5.46887
8.99075 -5.47014
8.99225 -5.47132
8.99375 -5.4724
8.99525 -5.47337
8.99675 -5.47425
8.99825 -5.47503
8.99975 -5.47571
9.00125 -5.4763
9.00275 -5.47679
9.00425 -5.47718
9.00575 -5.47748
9.00725 -5.47768
9.00875 -5.47778
9.01026 -5.47779
9.01176 -5.47771
9.01326 -5.47753
9.01476 -5.47726
9.01626 -5.47689
9.01776 -5.47644
9.01926 -5.47589
9.02076 -5.47525
9.02226 -5.47451
9.02376 -5.47369
9.02526 -5.47277
9.02676 -5.47177
9.02826 -5.47068
9.02976 -5.46949
9.03127 -5.46822
9.03277 -5.46686
9.03427 -5.46541
9.03577 -5.46387
9.03727 -5.46225
9.03877 -5.46054
9.04027 -5.45874
9.04177 -5.45686
9.04327 -5.45489
9.04477 -5.45283
9.04627 -5.45069
9.04777 -5.44847
9.04927 -5.44616
9.05078 -5.44377
9.05228 -5.44129
9.05378 -5.43874
9.05528 -5.4361
9.05678 -5.43337
9.05828 -5.43057
9.05978 -5.42769
9.06128 -5.42472
9.06278 -5.42167
9.06428 -5.41855
9.06578 -5.41534
9.06728 -5.41206
9.06878 -5.40869
9.07029 -5.40525
9.07179 -5.40173
9.07329 -5.39813
9.07479 -5.39446
9.07629 -5.3907
9.07779 -5.38687
9.07929 -5.38297
9.08079 -5.37899
9.08229 -5.37493
9.08379 -5.3708
9.08529 -5.3666
9.08679 -5.36232
9.08829 -5.35796
9.08979 -5.35354
9.0913 -5.34904
9.0928 -5.34447
9.0943 -5.33982
9.0958 -5.33511
9.0973 -5.33032
9.0988 -5.32546
9.1003 -5.32053
9.1018 -5.31553
9.1033 -5.31046
9.1048 -5.30532
9.1063 -5.30011
9.1078 -5.29484
9.1093 -5.28949
9.11081 -5.28408
9.11231 -5.2786
9.11381 -5.27305
9.11531 -5.26743
9.11681 -5.26175
9.11831 -5.256
9.11981 -5.25019
9.12131 -5.24431
9.12281 -5.23837
9.12431 -5.23236
9.12581 -5.22629
9.12731 -5.22015
9.12881 -5.21395
9.13032 -5.20769
9.13182 -5.20136
9.13332 -5.19497
9.13482 -5.18852
9.13632 -5.18201
9.13782 -5.17544
9.13932 -5.1688
9.14082 -5.16211
9.14232 -5.15535
9.14382 -5.14854
9.14532 -5.14166
9.14682 -5.13473
9.14832 -5.12774
9.14982 -5.12069
9.15133 -5.11358
9.15283 -5.10641
9.15433 -5.09919
9.15583 -5.09191
9.15733 -5.08457
9.15883 -5.07718
9.16033 -5.06973
9.16183 -5.06222
9.16333 -5.05466
9.16483 -5.04705
9.16633 -5.03938
9.16783 -5.03165
9.16933 -5.02388
9.17084 -5.01605
9.17234 -5.00816
9.17384 -5.00023
9.17534 -4.99224
9.17684 -4.9842
9.17834 -4.9761
9.17984 -4.96796
9.18134 -4.95977
9.18284 -4.95152
9.18434 -4.94323
9.18584 -4.93488
9.18734 -4.92649
9.18884 -4.91804
9.19035 -4.90955
9.19185 -4.90101
9.19335 -4.89242
9.19485 -4.88378
9.19635 -4.8751
9.19785 -4.86636
9.19935 -4.85758
9.20085 -4.84876
9.20235 -4.83989
9.20385 -4.83097
9.20535 -4.82201
9.20685 -4.813
9.20835 -4.80395
9.20985 -4.79485
9.21136 -4.78571
9.21286 -4.77652
9.21436 -4.7673
9.21586 -4.75803
9.21736 -4.74871
9.21886 -4.73935
9.22036 -4.72996
9.22186 -4.72052
9.22336 -4.71103
9.22486 -4.70151
9.22636 -4.69195
9.22786 -4.68234
9.22936 -4.6727
9.23087 -4.66301
9.23237 -4.65329
9.23387 -4.64353
9.23537 -4.63373
9.23687 -4.62389
9.23837 -4.61401
9.23987 -4.60409
9.24137 -4.59414
9.24287 -4.58415
9.24437 -4.57412
9.24587 -4.56405
9.24737 -4.55395
9.24887 -4.54382
9.25038 -4.53365
9.25188 -4.52344
9.25338 -4.5132
9.25488 -4.50292
9.25638 -4.49261
9.25788 -4.48226
9.25938 -4.47188
9.26088 -4.46147
9.26238 -4.45103
9.26388 -4.44055
9.26538 -4.43004
9.26688 -4.41949
9.26838 -4.40892
9.26988 -4.39831
9.27139 -4.38768
9.27289 -4.37701
9.27439 -4.36631
9.27589 -4.35558
9.27739 -4.34482
9.27889 -4.33403
9.28039 -4.32321
9.28189 -4.31237
9.28339 -4.30149
9.28489 -4.29059
9.28639 -4.27966
9.28789 -4.2687
9.28939 -4.25771
9.2909 -4.24669
9.2924 -4.23565
9.2939 -4.22458
9.2954 -4.21349
9.2969 -4.20237
9.2984 -4.19122
9.2999 -4.18005
9.3014 -4.16885
9.3029 -4.15763
9.3044 -4.14638
9.3059 -4.13511
9.3074 -4.12382
9.3089 -4.1125
9.31041 -4.10116
9.31191 -4.08979
9.31341 -4.07841
9.31491 -4.067
9.31641 -4.05556
9.31791 -4.04411
9.31941 -4.03263
9.32091 -4.02114
9.32241 -4.00962
9.32391 -3.99808
9.32541 -3.98652
9.32691 -3.97494
9.32841 -3.96334
9.32991 -3.95173
9.33142 -3.94009
9.33292 -3.92843
9.33442 -3.91675
9.33592 -3.90506
9.33742 -3.89335
9.33892 -3.88162
9.34042 -3.86987
9.34192 -3.8581
9.34342 -3.84632
9.34492 -3.83452
9.34642 -3.82271
9.34792 -3.81088
9.34942 -3.79903
9.35093 -3.78716
9.35243 -3.77529
9.35393 -3.76339
9.35543 -3.75148
9.35693 -3.73956
9.35843 -3.72762
9.35993 -3.71567
9.36143 -3.7037
9.36293 -3.69173
9.36443 -3.67973
9.36593 -3.66773
9.36743 -3.65571
9.36893 -3.64368
9.37044 -3.63164
9.37194 -3.61958
9.37344 -3.60752
9.37494 -3.59544
9.37644 -3.58335
9.37794 -3.57126
9.37944 -3.55915
9.38094 -3.54703
9.38244 -3.5349
9.38394 -3.52276
9.38544 -3.51061
9.38694 -3.49845
9.38844 -3.48628
9.38994 -3.47411
9.39145 -3.46192
9.39295 -3.44973
9.39445 -3.43753
9.39595 -3.42532
9.39745 -3.41311
9.39895 -3.40088
9.40045 -3.38866
9.40195 -3.37642
9.40345 -3.36418
9.40495 -3.35193
9.40645 -3.33967
9.40795 -3.32741
9.40945 -3.31515
9.41096 -3.30288
9.41246 -3.2906
9.41396 -3.27832
9.41546 -3.26604
9.41696 -3.25375
9.41846 -3.24146
9.41996 -3.22916
9.42146 -3.21686
9.42296 -3.20456
9.42446 -3.19225
9.42596 -3.17994
9.42746 -3.16763
9.42896 -3.15532
9.43047 -3.14301
9.43197 -3.13069
9.43347 -3.11837
9.43497 -3.10605
9.43647 -3.09373
9.43797 -3.08141
9.43947 -3.06909
9.44097 -3.05677
9.44247 -3.04445
9.44397 -3.03213
9.44547 -3.01981
9.44697 -3.00749
9.44847 -2.99517
9.44997 -2.98285
9.45148 -2.97053
9.45298 -2.95822
9.45448 -2.94591
9.45598 -2.93359
9.45748 -2.92129
9.45898 -2.90898
9.46048 -2.89668
9.46198 -2.88438
9.46348 -2.87208
9.46498 -2.85979
9.46648 -2.8475
9.46798 -2.83521
9.46948 -2.82293
9.47099 -2.81065
9.47249 -2.79838
9.47399 -2.78611
9.47549 -2.77385
9.47699 -2.76159
9.47849 -2.74934
9.47999 -2.73709
9.48149 -2.72485
9.48299 -2.71262
9.48449 -2.70039
9.48599 -2.68817
9.48749 -2.67596
9.48899 -2.66375
9.4905 -2.65155
9.492 -2.63936
9.4935 -2.62717
9.495 -2.615
9.4965 -2.60283
9.498 -2.59067
9.4995 -2.57851
9.501 -2.56637
9.5025 -2.55424
9.504 -2.54211
9.5055 -2.53
9.507 -2.51789
9.5085 -2.5058
9.51001 -2.49371
9.51151 -2.48163
9.51301 -2.46957
9.51451 -2.45751
9.51601 -2.44547
9.51751 -2.43344
9.51901 -2.42142
9.52051 -2.40941
9.52201 -2.39741
9.52351 -2.38542
9.52501 -2.37345
9.52651 -2.36148
9.52801 -2.34954
9.52951 -2.3376
9.53102 -2.32567
9.53252 -2.31376
9.53402 -2.30187
9.53552 -2.28998
9.53702 -2.27811
9.53852 -2.26625
9.54002 -2.25441
9.54152 -2.24258
9.54302 -2.23077
9.54452 -2.21897
9.54602 -2.20719
9.54752 -2.19542
9.54902 -2.18366
9.55053 -2.17193
9.55203 -2.1602
9.55353 -2.1485
9.55503 -2.1368
9.55653 -2.12513
9.55803 -2.11347
9.55953 -2.10183
9.56103 -2.0902
9.56253 -2.0786
9.56403 -2.067
9.56553 -2.05543
9.56703 -2.04387
9.56853 -2.03234
9.57004 -2.02082
9.57154 -2.00931
9.57304 -1.99783
9.57454 -1.98636
9.57604 -1.97491
9.57754 -1.96349
9.57904 -1.95208
9.58054 -1.94069
9.58204 -1.92931
9.58354 -1.91796
9.58504 -1.90663
9.58654 -1.89532
9.58804 -1.88403
9.58954 -1.87275
9.59105 -1.8615
9.59255 -1.85027
9.59405 -1.83906
9.59555 -1.82787
9.59705 -1.8167
9.59855 -1.80556
9.60005 -1.79443
9.60155 -1.78333
9.60305 -1.77224
9.60455 -1.76118
9.60605 -1.75014
9.60755 -1.73913
9.60905 -1.72813
9.61056 -1.71716
9.61206 -1.70621
9.61356 -1.69529
9.61506 -1.68439
9.61656 -1.67351
9.61806 -1.66265
9.61956 -1.65182
9.62106 -1.64101
9.62256 -1.63022
9.62406 -1.61946
9.62556 -1.60873
9.62706 -1.59802
9.62856 -1.58733
9.63007 -1.57666
9.63157 -1.56603
9.63307 -1.55541
9.63457 -1.54483
9.63607 -1.53426
9.63757 -1.52373
9.63907 -1.51321
9.64057 -1.50273
9.64207 -1.49227
9.64357 -1.48183
9.64507 -1.47143
9.64657 -1.46105
9.64807 -1.45069
9.64957 -1.44036
9.65108 -1.43006
9.65258 -1.41979
9.65408 -1.40954
9.65558 -1.39932
9.65708 -1.38913
9.65858 -1.37896
9.66008 -1.36883
9.66158 -1.35872
9.66308 -1.34864
9.66458 -1.33858
9.66608 -1.32856
9.66758 -1.31856
9.66908 -1.30859
9.67059 -1.29866
9.67209 -1.28875
9.67359 -1.27886
9.67509 -1.26901
9.67659 -1.25919
9.67809 -1.2494
9.67959 -1.23963
9.68109 -1.2299
9.68259 -1.22019
9.68409 -1.21052
9.68559 -1.20087
9.68709 -1.19126
9.68859 -1.18168
9.6901 -1.17212
9.6916 -1.1626
9.6931 -1.15311
9.6946 -1.14365
9.6961 -1.13422
9.6976 -1.12482
9.6991 -1.11545
9.7006 -1.10611
9.7021 -1.09681
9.7036 -1.08754
9.7051 -1.07829
9.7066 -1.06908
9.7081 -1.05991
9.7096 -1.05076
9.71111 -1.04165
9.71261 -1.03257
9.71411 -1.02352
9.71561 -1.0145
9.71711 -1.00552
9.71861 -0.996571
9.72011 -0.987654
9.72161 -0.97877
9.72311 -0.96992
9.72461 -0.961103
9.72611 -0.952319
9.72761 -0.943569
9.72911 -0.934852
9.73062 -0.92617
9.73212 -0.917521
9.73362 -0.908906
9.73512 -0.900326
9.73662 -0.89178
9.73812 -0.883268
9.73962 -0.87479
9.74112 -0.866348
9.74262 -0.85794
9.74412 -0.849566
9.74562 -0.841228
9.74712 -0.832925
9.74862 -0.824657
9.75013 -0.816424
9.75163 -0.808227
9.75313 -0.800065
9.75463 -0.791938
9.75613 -0.783847
9.75763 -0.775792
9.75913 -0.767773
9.76063 -0.75979
9.76213 -0.751843
9.76363 -0.743933
9.76513 -0.736058
9.76663 -0.72822
9.76813 -0.720418
9.76963 -0.712653
9.77114 -0.704925
9.77264 -0.697234
9.77414 -0.689579
9.77564 -0.681961
9.77714 -0.674381
9.77864 -0.666837
9.78014 -0.659331
9.78164 -0.651862
9.78314 -0.644431
9.78464 -0.637037
9.78614 -0.629681
9.78764 -0.622363
9.78914 -0.615082
9.79065 -0.607839
9.79215 -0.600635
9.79365 -0.593468
9.79515 -0.58634
9.79665 -0.579249
9.79815 -0.572198
9.79965 -0.565184
9.80115 -0.558209
9.80265 -0.551273
9.80415 -0.544375
9.80565 -0.537517
9.80715 -0.530697
9.80865 -0.523916
9.81016 -0.517174
9.81166 -0.510471
9.81316 -0.503807
9.81466 -0.497182
9.81616 -0.490597
9.81766 -0.484051
9.81916 -0.477545
9.82066 -0.471079
9.82216 -0.464652
9.82366 -0.458264
9.82516 -0.451917
9.82666 -0.445609
9.82816 -0.439341
9.82966 -0.433114
9.83117 -0.426926
9.83267 -0.420779
9.83417 -0.414672
9.83567 -0.408605
9.83717 -0.402578
9.83867 -0.396592
9.84017 -0.390647
9.84167 -0.384742
9.84317 -0.378877
9.84467 -0.373054
9.84617 -0.367271
9.84767 -0.361529
9.84917 -0.355828
9.85068 -0.350168
9.85218 -0.344549
9.85368 -0.338971
9.85518 -0.333434
9.85668 -0.327939
9.85818 -0.322484
9.85968 -0.317072
9.86118 -0.3117
9.86268 -0.30637
9.86418 -0.301082
9.86568 -0.295835
9.86718 -0.290629
9.86868 -0.285466
9.87019 -0.280344
9.87169 -0.275264
9.87319 -0.270226
9.87469 -0.26523
9.87619 -0.260276
9.87769 -0.255364
9.87919 -0.250493
9.88069 -0.245665
9.88219 -0.24088
9.88369 -0.236136
9.88519 -0.231435
9.88669 -0.226776
9.88819 -0.222159
9.88969 -0.217585
9.8912 -0.213054
9.8927 -0.208564
9.8942 -0.204118
9.8957 -0.199714
9.8972 -0.195353
9.8987 -0.191034
9.9002 -0.186758
9.9017 -0.182525
9.9032 -0.178335
9.9047 -0.174187
9.9062 -0.170083
9.9077 -0.166021
9.9092 -0.162003
9.91071 -0.158027
9.91221 -0.154095
9.91371 -0.150206
9.91521 -0.146359
9.91671 -0.142557
9.91821 -0.138797
9.91971 -0.13508
9.92121 -0.131407
9.92271 -0.127777
9.92421 -0.12419
9.92571 -0.120647
9.92721 -0.117147
9.92871 -0.113691
9.93022 -0.110278
9.93172 -0.106909
9.93322 -0.103583
9.93472 -0.100301
9.93622 -0.0970622
9.93772 -0.0938671
9.93922 -0.0907157
9.94072 -0.087608
9.94222 -0.084544
9.94372 -0.0815237
9.94522 -0.0785471
9.94672 -0.0756143
9.94822 -0.0727254
9.94972 -0.0698802
9.95123 -0.0670788
9.95273 -0.0643214
9.95423 -0.0616078
9.95573 -0.0589381
9.95723 -0.0563123
9.95873 -0.0537305
9.96023 -0.0511926
9.96173 -0.0486987
9.96323 -0.0462487
9.96473 -0.0438428
9.96623 -0.0414809
9.96773 -0.039163
9.96923 -0.0368892
9.97074 -0.0346595
9.97224 -0.0324738
9.97374 -0.0303322
9.97524 -0.0282347
9.97674 -0.0261813
9.97824 -0.024172
9.97974 -0.0222069
9.98124 -0.0202859
9.98274 -0.018409
9.98424 -0.0165763
9.98574 -0.0147878
9.98724 -0.0130434
9.98874 -0.0113432
9.99025 -0.00968713
9.99175 -0.00807528
9.99325 -0.00650762
9.99475 -0.00498414
9.99625 -0.00350486
9.99775 -0.00206977
9.99925 -0.000678874
10.0008 0.000667825
10.0023 0.00197033
10.0038 0.00322864
10.0053 0.00444276
10.0068 0.00561268
10.0083 0.00673842
10.0098 0.00781997
10.0113 0.00885733
10.0128 0.00985052
10.0143 0.0107995
10.0158 0.0117044
10.0173 0.0125651
10.0188 0.0133816
10.0203 0.014154
10.0218 0.0148823
10.0233 0.0155664
10.0248 0.0162064
10.0263 0.0168023
10.0278 0.0173541
10.0293 0.0178618
10.0308 0.0183255
10.0323 0.018745
10.0338 0.0191206
10.0353 0.0194521
10.0368 0.0197395
10.0383 0.019983
10.0398 0.0201825
10.0413 0.020338
10.0428 0.0204496
10.0443 0.0205172
10.0458 0.0205409
10.0473 0.0205207
10.0488 0.0204566
10.0503 0.0203487
10.0518 0.0201969
10.0533 0.0200013
10.0548 0.019762
10.0563 0.0194788
10.0578 0.0191519
10.0593 0.0187813
10.0608 0.018367
10.0623 0.017909
10.0638 0.0174073
10.0653 0.0168621
10.0668 0.0162732
10.0683 0.0156408
10.0698 0.0149648
10.0713 0.0142454
10.0728 0.0134824
10.0743 0.012676
10.0758 0.0118262
10.0773 0.0109331
10.0788 0.00999653
10.0803 0.00901668
10.0818 0.00799354
10.0833 0.00692716
10.0848 0.00581756
10.0863 0.00466479
10.0878 0.00346887
10.0893 0.00222984
10.0908 0.000947752
10.0923 -0.000377369
10.0938 -0.00174548
10.0953 -0.00315654
10.0968 -0.00461052
10.0983 -0.00610736
10.0998 -0.00764703
10.1013 -0.00922949
10.1028 -0.0108547
10.1043 -0.0125226
10.1058 -0.0142332
10.1073 -0.0159863
10.1088 -0.0177821
10.1103 -0.0196203
10.1118 -0.0215011
10.1133 -0.0234242
10.1148 -0.0253898
10.1163 -0.0273977
10.1178 -0.0294478
10.1193 -0.0315402
10.1208 -0.0336748
10.1223 -0.0358515
10.1238 -0.0380703
10.1253 -0.0403311
10.1268 -0.0426338
10.1283 -0.0449785
10.1298 -0.0473651
10.1313 -0.0497935
10.1328 -0.0522636
10.1343 -0.0547755
10.1358 -0.057329
10.1373 -0.059924
10.1388 -0.0625606
10.1403 -0.0652387
10.1418 -0.0679582
10.1433 -0.070719
10.1448 -0.0735211
10.1463 -0.0763645
10.1478 -0.079249
10.1493 -0.0821746
10.1508 -0.0851413
10.1523 -0.0881489
10.1538 -0.0911975
10.1553 -0.0942869
10.1568 -0.0974171
10.1583 -0.100588
10.1598 -0.1038
10.1613 -0.107052
10.1628 -0.110344
10.1643 -0.113677
10.1658 -0.117051
10.1673 -0.120465
10.1688 -0.123919
10.1703 -0.127413
10.1718 -0.130947
10.1733 -0.134521
10.1748 -0.138136
10.1763 -0.14179
10.1778 -0.145484
10.1793 -0.149217
10.1808 -0.152991
10.1823 -0.156803
10.1838 -0.160656
10.1853 -0.164548
10.1868 -0.168479
10.1883 -0.172449
10.1898 -0.176458
10.1913 -0.180507
10.1928 -0.184595
10.1943 -0.188721
10.1958 -0.192887
10.1973 -0.197091
10.1988 -0.201334
10.2004 -0.205615
10.2019 -0.209935
10.2034 -0.214294
10.2049 -0.218691
10.2064 -0.223126
10.2079 -0.227599
10.2094 -0.23211
10.2109 -0.236659
10.2124 -0.241247
10.2139 -0.245872
10.2154 -0.250534
10.2169 -0.255235
10.2184 -0.259973
10.2199 -0.264748
10.2214 -0.269561
10.2229 -0.274411
10.2244 -0.279298
10.2259 -0.284222
10.2274 -0.289184
10.2289 -0.294182
10.2304 -0.299217
10.2319 -0.304288
10.2334 -0.309396
10.2349 -0.314541
10.2364 -0.319722
10.2379 -0.32494
10.2394 -0.330193
10.2409 -0.335483
10.2424 -0.340809
10.2439 -0.34617
10.2454 -0.351567
10.2469 -0.357
10.2484 -0.362469
10.2499 -0.367973
10.2514 -0.373512
10.2529 -0.379087
10.2544 -0.384697
10.2559 -0.390342
10.2574 -0.396022
10.2589 -0.401736
10.2604 -0.407486
10.2619 -0.413269
10.2634 -0.419088
10.2649 -0.424941
10.2664 -0.430828
10.2679 -0.436749
10.2694 -0.442704
10.2709 -0.448694
10.2724 -0.454717
10.2739 -0.460774
10.2754 -0.466864
10.2769 -0.472988
10.2784 -0.479145
10.2799 -0.485335
10.2814 -0.491559
10.2829 -0.497815
10.2844 -0.504105
10.2859 -0.510427
10.2874 -0.516782
10.2889 -0.523169
10.2904 -0.529589
10.2919 -0.536041
10.2934 -0.542525
10.2949 -0.549041
10.2964 -0.555589
10.2979 -0.562169
10.2994 -0.56878
10.3009 -0.575423
10.3024 -0.582097
10.3039 -0.588803
10.3054 -0.59554
10.3069 -0.602307
10.3084 -0.609106
10.3099 -0.615935
10.3114 -0.622795
10.3129 -0.629686
10.3144 -0.636607
10.3159 -0.643558
10.3174 -0.650539
10.3189 -0.65755
10.3204 -0.664591
10.3219 -0.671661
10.3234 -0.678761
10.3249 -0.685891
10.3264 -0.693049
10.3279 -0.700237
10.3294 -0.707454
10.3309 -0.7147
10.3324 -0.721974
10.3339 -0.729277
10.3354 -0.736609
10.3369 -0.743968
10.3384 -0.751356
10.3399 -0.758772
10.3414 -0.766216
10.3429 -0.773687
10.3444 -0.781186
10.3459 -0.788712
10.3474 -0.796266
10.3489 -0.803847
10.3504 -0.811455
10.3519 -0.819089
10.3534 -0.82675
10.3549 -0.834438
10.3564 -0.842152
10.3579 -0.849893
10.3594 -0.857659
10.3609 -0.865452
10.3624 -0.87327
10.3639 -0.881113
10.3654 -0.888983
10.3669 -0.896877
10.3684 -0.904797
10.3699 -0.912742
10.3714 -0.920711
10.3729 -0.928705
10.3744 -0.936724
10.3759 -0.944767
10.3774 -0.952835
10.3789 -0.960926
10.3804 -0.969041
10.3819 -0.97718
10.3834 -0.985343
10.3849 -0.993529
10.3864 -1.00174
10.3879 -1.00997
10.3894 -1.01823
10.3909 -1.0265
10.3924 -1.0348
10.3939 -1.04313
10.3954 -1.05147
10.3969 -1.05984
10.3984 -1.06823
10.3999 -1.07664
10.4015 -1.08507
10.403 -1.09353
10.4045 -1.102
10.406 -1.1105
10.4075 -1.11901
10.409 -1.12755
10.4105 -1.13611
10.412 -1.14469
10.4135 -1.15329
10.415 -1.16191
10.4165 -1.17054
10.418 -1.1792
10.4195 -1.18788
10.421 -1.19658
10.4225 -1.20529
10.424 -1.21403
10.4255 -1.22278
10.427 -1.23156
10.4285 -1.24035
10.43 -1.24916
10.4315 -1.25798
10.433 -1.26683
10.4345 -1.27569
10.436 -1.28457
10.4375 -1.29347
10.439 -1.30238
10.4405 -1.31132
10.442 -1.32027
10.4435 -1.32923
10.445 -1.33821
10.4465 -1.34721
10.448 -1.35622
10.4495 -1.36525
10.451 -1.3743
10.4525 -1.38336
10.454 -1.39243
10.4555 -1.40152
10.457 -1.41063
10.4585 -1.41975
10.46 -1.42889
10.4615 -1.43803
10.463 -1.4472
10.4645 -1.45637
10.466 -1.46557
10.4675 -1.47477
10.469 -1.48399
10.4705 -1.49322
10.472 -1.50246
10.4735 -1.51172
10.475 -1.52099
10.4765 -1.53027
10.478 -1.53956
10.4795 -1.54886
10.481 -1.55818
10.4825 -1.56751
10.484 -1.57685
10.4855 -1.5862
10.487 -1.59556
10.4885 -1.60493
10.49 -1.61431
10.4915 -1.62371
10.493 -1.63311
10.4945 -1.64252
10.496 -1.65194
10.4975 -1.66138
10.499 -1.67082
10.5005 -1.68027
10.502 -1.68972
10.5035 -1.69919
10.505 -1.70867
10.5065 -1.71815
10.508 -1.72764
10.5095 -1.73714
10.511 -1.74665
10.5125 -1.75616
10.514 -1.76568
10.5155 -1.77521
10.517 -1.78474
10.5185 -1.79428
10.52 -1.80383
10.5215 -1.81338
10.523 -1.82294
10.5245 -1.83251
10.526 -1.84208
10.5275 -1.85165
10.529 -1.86123
10.5305 -1.87081
10.532 -1.8804
10.5335 -1.88999
10.535 -1.89959
10.5365 -1.90919
10.538 -1.91879
10.5395 -1.9284
10.541 -1.93801
10.5425 -1.94762
10.544 -1.95724
10.5455 -1.96685
10.547 -1.97647
10.5485 -1.9861
10.55 -1.99572
10.5515 -2.00534
10.553 -2.01497
10.5545 -2.0246
10.556 -2.03422
10.5575 -2.04385
10.559 -2.05348
10.5605 -2.06311
10.562 -2.07273
10.5635 -2.08236
10.565 -2.09199
10.5665 -2.10161
10.568 -2.11124
10.5695 -2.12086
10.571 -2.13048
10.5725 -2.1401
10.574 -2.14972
10.5755 -2.15933
10.577 -2.16895
10.5785 -2.17856
10.58 -2.18816
10.5815 -2.19776
10.583 -2.20736
10.5845 -2.21696
10.586 -2.22655
10.5875 -2.23614
10.589 -2.24572
10.5905 -2.2553
10.592 -2.26487
10.5935 -2.27443
10.595 -2.284
10.5965 -2.29355
10.598 -2.3031
10.5995 -2.31264
10.6011 -2.32218
10.6026 -2.33171
10.6041 -2.34123
10.6056 -2.35074
10.6071 -2.36025
10.6086 -2.36975
10.6101 -2.37924
10.6116 -2.38872
10.6131 -2.3982
10.6146 -2.40766
10.6161 -2.41712
10.6176 -2.42656
10.6191 -2.436
10.6206 -2.44543
10.6221 -2.45484
10.6236 -2.46425
10.6251 -2.47364
10.6266 -2.48302
10.6281 -2.4924
10.6296 -2.50176
10.6311 -2.51111
10.6326 -2.52044
10.6341 -2.52977
10.6356 -2.53908
10.6371 -2.54838
10.6386 -2.55766
10.6401 -2.56694
10.6416 -2.57619
10.6431 -2.58544
10.6446 -2.59467
10.6461 -2.60388
10.6476 -2.61308
10.6491 -2.62227
10.6506 -2.63144
10.6521 -2.64059
10.6536 -2.64973
10.6551 -2.65885
10.6566 -2.66796
10.6581 -2.67705
10.6596 -2.68612
10.6611 -2.69518
10.6626 -2.70421
10.6641 -2.71323
10.6656 -2.72223
10.6671 -2.73121
10.6686 -2.74018
10.6701 -2.74912
10.6716 -2.75805
10.6731 -2.76695
10.6746 -2.77584
10.6761 -2.78471
10.6776 -2.79355
10.6791 -2.80237
10.6806 -2.81118
10.6821 -2.81996
10.6836 -2.82872
10.6851 -2.83746
10.6866 -2.84618
10.6881 -2.85487
10.6896 -2.86354
10.6911 -2.87219
10.6926 -2.88081
10.6941 -2.88942
10.6956 -2.89799
10.6971 -2.90655
10.6986 -2.91507
10.7001 -2.92358
10.7016 -2.93206
10.7031 -2.94051
10.7046 -2.94894
10.7061 -2.95734
10.7076 -2.96571
10.7091 -2.97406
10.7106 -2.98238
10.7121 -2.99068
10.7136 -2.99894
10.7151 -3.00718
10.7166 -3.01539
10.7181 -3.02358
10.7196 -3.03173
10.7211 -3.03985
10.7226 -3.04795
10.7241 -3.05601
10.7256 -3.06405
10.7271 -3.07206
10.7286 -3.08003
10.7301 -3.08797
10.7316 -3.09589
10.7331 -3.10377
10.7346 -3.11162
10.7361 -3.11943
10.7376 -3.12722
10.7391 -3.13497
10.7406 -3.14269
10.7421 -3.15038
10.7436 -3.15803
10.7451 -3.16565
10.7466 -3.17323
10.7481 -3.18078
10.7496 -3.18829
10.7511 -3.19577
10.7526 -3.20321
10.7541 -3.21062
10.7556 -3.21799
10.7571 -3.22533
10.7586 -3.23262
10.7601 -3.23988
10.7616 -3.24711
10.7631 -3.25429
10.7646 -3.26144
10.7661 -3.26855
10.7676 -3.27562
10.7691 -3.28265
10.7706 -3.28964
10.7721 -3.29659
10.7736 -3.3035
10.7751 -3.31037
10.7766 -3.3172
10.7781 -3.32399
10.7796 -3.33073
10.7811 -3.33744
10.7826 -3.3441
10.7841 -3.35072
10.7856 -3.3573
10.7871 -3.36384
10.7886 -3.37033
10.7901 -3.37678
10.7916 -3.38318
10.7931 -3.38954
10.7946 -3.39585
10.7961 -3.40212
10.7976 -3.40835
10.7991 -3.41452
10.8007 -3.42066
10.8022 -3.42674
10.8037 -3.43278
10.8052 -3.43877
10.8067 -3.44472
10.8082 -3.45061
10.8097 -3.45646
10.8112 -3.46226
10.8127 -3.46801
10.8142 -3.47371
10.8157 -3.47936
10.8172 -3.48497
10.8187 -3.49052
10.8202 -3.49602
10.8217 -3.50147
10.8232 -3.50687
10.8247 -3.51221
10.8262 -3.51751
10.8277 -3.52275
10.8292 -3.52794
10.8307 -3.53308
10.8322 -3.53816
10.8337 -3.54319
10.8352 -3.54817
10.8367 -3.55309
10.8382 -3.55796
10.8397 -3.56277
10.8412 -3.56753
10.8427 -3.57223
10.8442 -3.57687
10.8457 -3.58146
10.8472 -3.58599
10.8487 -3.59046
10.8502 -3.59488
10.8517 -3.59923
10.8532 -3.60353
10.8547 -3.60777
10.8562 -3.61195
10.8577 -3.61607
10.8592 -3.62014
10.8607 -3.62414
10.8622 -3.62808
10.8637 -3.63196
10.8652 -3.63578
10.8667 -3.63954
10.8682 -3.64323
10.8697 -3.64686
10.8712 -3.65043
10.8727 -3.65394
10.8742 -3.65738
10.8757 -3.66076
10.8772 -3.66408
10.8787 -3.66733
10.8802 -3.67051
10.8817 -3.67363
10.8832 -3.67669
10.8847 -3.67968
10.8862 -3.6826
10.8877 -3.68545
10.8892 -3.68824
10.8907 -3.69096
10.8922 -3.69361
10.8937 -3.69619
10.8952 -3.69871
10.8967 -3.70116
10.8982 -3.70353
10.8997 -3.70584
10.9012 -3.70807
10.9027 -3.71024
10.9042 -3.71233
10.9057 -3.71436
10.9072 -3.71631
10.9087 -3.71819
10.9102 -3.71999
10.9117 -3.72172
10.9132 -3.72338
10.9147 -3.72497
10.9162 -3.72648
10.9177 -3.72792
10.9192 -3.72928
10.9207 -3.73057
10.9222 -3.73178
10.9237 -3.73292
10.9252 -3.73397
10.9267 -3.73496
10.9282 -3.73586
10.9297 -3.73669
10.9312 -3.73744
10.9327 -3.73811
10.9342 -3.7387
10.9357 -3.73921
10.9372 -3.73965
10.9387 -3.74
10.9402 -3.74027
10.9417 -3.74046
10.9432 -3.74057
10.9447 -3.7406
10.9462 -3.74055
10.9477 -3.74041
10.9492 -3.74019
10.9507 -3.73989
10.9522 -3.73951
10.9537 -3.73904
10.9552 -3.73848
10.9567 -3.73784
10.9582 -3.73712
10.9597 -3.73631
10.9612 -3.73541
10.9627 -3.73443
10.9642 -3.73336
10.9657 -3.73221
10.9672 -3.73096
10.9687 -3.72963
10.9702 -3.72821
10.9717 -3.7267
10.9732 -3.7251
10.9747 -3.72341
10.9762 -3.72163
10.9777 -3.71976
10.9792 -3.7178
10.9807 -3.71575
10.9822 -3.71361
10.9837 -3.71137
10.9852 -3.70904
10.9867 -3.70662
10.9882 -3.7041
10.9897 -3.70149
10.9912 -3.69879
10.9927 -3.69599
10.9942 -3.6931
10.9957 -3.69011
10.9972 -3.68702
10.9987 -3.68384
11.0003 -3.68056
11.0018 -3.67719
11.0033 -3.67371
11.0048 -3.67014
11.0063 -3.66647
11.0078 -3.6627
11.0093 -3.65883
11.0108 -3.65486
11.0123 -3.6508
11.0138 -3.64663
11.0153 -3.64235
11.0168 -3.63798
11.0183 -3.63351
11.0198 -3.62893
11.0213 -3.62425
11.0228 -3.61947
11.0243 -3.61458
11.0258 -3.60959
11.0273 -3.60449
11.0288 -3.59929
11.0303 -3.59399
11.0318 -3.58857
11.0333 -3.58306
11.0348 -3.57743
11.0363 -3.5717
11.0378 -3.56586
11.0393 -3.55991
11.0408 -3.55385
11.0423 -3.54769
11.0438 -3.54141
11.0453 -3.53503
11.0468 -3.52853
11.0483 -3.52192
11.0498 -3.51521
11.0513 -3.50838
11.0528 -3.50144
11.0543 -3.49438
11.0558 -3.48721
11.0573 -3.47993
11.0588 -3.47254
11.0603 -3.46503
11.0618 -3.45741
11.0633 -3.44967
11.0648 -3.44181
11.0663 -3.43384
11.0678 -3.42576
11.0693 -3.41755
11.0708 -3.40923
11.0723 -3.40079
11.0738 -3.39223
11.0753 -3.38356
11.0768 -3.37476
11.0783 -3.36584
11.0798 -3.35681
11.0813 -3.34765
11.0828 -3.33837
11.0843 -3.32897
11.0858 -3.31945
11.0873 -3.30981
11.0888 -3.30004
11.0903 -3.29015
11.0918 -3.28013
11.0933 -3.26999
11.0948 -3.25973
11.0963 -3.24934
11.0978 -3.23882
11.0993 -3.22818
11.1008 -3.21741
11.1023 -3.20652
11.1038 -3.1955
11.1053 -3.18434
11.1068 -3.17307
11.1083 -3.16166
11.1098 -3.15012
11.1113 -3.13845
11.1128 -3.12665
11.1143 -3.11472
11.1158 -3.10266
11.1173 -3.09047
11.1188 -3.07814
11.1203 -3.06568
11.1218 -3.05309
11.1233 -3.04037
11.1248 -3.02751
11.1263 -3.01451
11.1278 -3.00138
11.1293 -2.98812
11.1308 -2.97472
11.1323 -2.96118
11.1338 -2.9475
11.1353 -2.93369
11.1368 -2.91974
11.1383 -2.90565
11.1398 -2.89142
11.1413 -2.87705
11.1428 -2.86254
11.1443 -2.8479
11.1458 -2.83311
11.1473 -2.81817
11.1488 -2.8031
11.1503 -2.78789
11.1518 -2.77253
11.1533 -2.75702
11.1548 -2.74138
11.1563 -2.72559
11.1578 -2.70965
11.1593 -2.69357
11.1608 -2.67735
11.1623 -2.66097
11.1638 -2.64445
11.1653 -2.62779
11.1668 -2.61097
11.1683 -2.59401
11.1698 -2.57689
11.1713 -2.55963
11.1728 -2.54222
11.1743 -2.52466
11.1758 -2.50695
11.1773 -2.48908
11.1788 -2.47107
11.1803 -2.4529
11.1818 -2.43458
11.1833 -2.4161
11.1848 -2.39747
11.1863 -2.37869
11.1878 -2.35975
11.1893 -2.34066
11.1908 -2.32141
11.1923 -2.30201
11.1938 -2.28245
11.1953 -2.26273
11.1968 -2.24285
11.1983 -2.22281
11.1998 -2.20262
11.2014 -2.18226
11.2029 -2.16175
11.2044 -2.14108
11.2059 -2.12024
11.2074 -2.09924
11.2089 -2.07809
11.2104 -2.05676
11.2119 -2.03528
11.2134 -2.01363
11.2149 -1.99182
11.2164 -1.96984
11.2179 -1.9477
11.2194 -1.9254
11.2209 -1.90292
11.2224 -1.88028
11.2239 -1.85748
11.2254 -1.8345
11.2269 -1.81136
11.2284 -1.78805
11.2299 -1.76457
11.2314 -1.74092
11.2329 -1.7171
11.2344 -1.69311
11.2359 -1.66894
11.2374 -1.64461
11.2389 -1.6201
11.2404 -1.59542
11.2419 -1.57057
11.2434 -1.54554
11.2449 -1.52034
11.2464 -1.49497
11.2479 -1.46942
11.2494 -1.44369
11.2509 -1.41778
11.2524 -1.3917
11.2539 -1.36544
11.2554 -1.33901
11.2569 -1.31239
11.2584 -1.28559
11.2599 -1.25862
11.2614 -1.23146
11.2629 -1.20413
11.2644 -1.17661
11.2659 -1.14891
11.2674 -1.12103
11.2689 -1.09297
11.2704 -1.06472
11.2719 -1.03628
11.2734 -1.00767
11.2749 -0.978865
11.2764 -0.949878
11.2779 -0.920704
11.2794 -0.891343
11.2809 -0.861795
11.2824 -0.832059
11.2839 -0.802135
11.2854 -0.772022
11.2869 -0.741719
11.2884 -0.711226
11.2899 -0.680543
11.2914 -0.649669
11.2929 -0.618603
11.2944 -0.587344
11.2959 -0.555893
11.2974 -0.524249
11.2989 -0.492411
11.3004 -0.460378
11.3019 -0.428151
11.3034 -0.395727
11.3049 -0.363108
11.3064 -0.330292
11.3079 -0.297279
11.3094 -0.264069
11.3109 -0.23066
11.3124 -0.197052
11.3139 -0.163244
11.3154 -0.129237
11.3169 -0.0950293
11.3184 -0.0606204
11.3199 -0.0260099
11.3214 0.00880276
11.3229 0.0438182
11.3244 0.079037
11.3259 0.11446
11.3274 0.150087
11.3289 0.185919
11.3304 0.221957
11.3319 0.2582
11.3334 0.294651
11.3349 0.331309
11.3364 0.368174
11.3379 0.405248
11.3394 0.442531
11.3409 0.480024
11.3424 0.517727
11.3439 0.55564
11.3454 0.593765
11.3469 0.632101
11.3484 0.67065
11.3499 0.709411
11.3514 0.748387
11.3529 0.787576
11.3544 0.82698
11.3559 0.866599
11.3574 0.906435
11.3589 0.946486
11.3604 0.986755
11.3619 1.02724
11.3634 1.06794
11.3649 1.10887
11.3664 1.15001
11.3679 1.19137
11.3694 1.23295
11.3709 1.27476
11.3724 1.31678
11.3739 1.35903
11.3754 1.4015
11.3769 1.44419
11.3784 1.48711
11.3799 1.53025
11.3814 1.57362
11.3829 1.61721
11.3844 1.66103
11.3859 1.70508
11.3874 1.74935
11.3889 1.79385
11.3904 1.83859
11.3919 1.88354
11.3934 1.92873
11.3949 1.97415
11.3964 2.0198
11.3979 2.06569
11.3994 2.1118
11.401 2.15815
11.4025 2.20473
11.404 2.25154
11.4055 2.29859
11.407 2.34588
11.4085 2.3934
11.41 2.44115
11.4115 2.48915
11.413 2.53738
11.4145 2.58585
11.416 2.63456
11.4175 2.6835
11.419 2.73269
11.4205 2.78212
11.422 2.83179
11.4235 2.8817
11.425 2.93185
11.4265 2.98225
11.428 3.03289
11.4295 3.08377
11.431 3.1349
11.4325 3.18628
11.434 3.2379
11.4355 3.28976
11.437 3.34188
11.4385 3.39424
11.44 3.44685
11.4415 3.49971
11.443 3.55282
11.4445 3.60618
11.446 3.65979
11.4475 3.71365
11.449 3.76776
11.4505 3.82213
11.452 3.87675
11.4535 3.93162
11.455 3.98675
11.4565 4.04214
11.458 4.09778
11.4595 4.15367
11.461 4.20982
11.4625 4.26624
11.464 4.3229
11.4655 4.37983
11.467 4.43702
11.4685 4.49447
11.47 4.55218
11.4715 4.61015
11.473 4.66838
11.4745 4.72687
11.476 4.78563
11.4775 4.84465
11.479 4.90394
11.4805 4.96349
11.482 5.02331
11.4835 5.08339
11.485 5.14374
11.4865 5.20436
11.488 5.26525
11.4895 5.3264
11.491 5.38783
11.4925 5.44952
11.494 5.51149
11.4955 5.57373
11.497 5.63624
11.4985 5.69902
11.5 5.76208
