0 -4.27613
0.1 -4.29293
0.2 -4.31046
0.3 -2.2678
0.4 -4.25159
0.5 -1.78633
0.6 -3.46853
0.7 -4.30797
0.8 -4.23747
0.9 -4.14412
1 -4.30882
1.1 -4.28848
1.2 -4.1825
1.3 -3.74392
1.4 -3.95368
1.5 -3.98006
1.6 -4.31436
1.7 -3.96112
1.8 -4.31406
1.9 -4.06781
2 -4.12455
2.1 -4.26857
2.2 -2.02483
2.3 -4.28793
2.4 -1.81073
2.5 -4.28559
2.6 -3.45245
2.7 -4.29713
2.8 -3.20428
2.9 -2.73723
3 -4.30898
3.1 -3.77288
3.2 -4.11033
3.3 -3.2887
3.4 -2.87154
3.5 -3.36068
3.6 -3.99759
3.7 -2.61109
3.8 -4.17565
3.9 -2.02854
4 -4.30516
4.1 -2.37474
4.2 -0.00638659
4.3 -4.56218
4.4 -3.20878
4.5 -4.66182
4.6 -4.49018
4.7 -4.60788
4.8 -3.51567
4.9 -4.36122
5 -4.41356
5.1 -4.284
5.2 -4.66735
5.3 -4.67162
5.4 -4.79227
5.5 -4.8173
5.6 -3.98877
5.7 -4.11489
5.8 -3.17672
5.9 -4.2853
6 -3.90958
6.1 -4.53565
6.2 -4.4849
6.3 -4.51135
6.4 -2.07075
6.5 -4.73281
6.6 -4.45861
6.7 -4.51917
6.8 -4.49921
6.9 -4.82627
7 -4.8178
7.1 -4.69042
7.2 -4.74102
7.3 -4.73777
7.4 -3.40752
7.5 -4.45095
7.6 -4.79038
7.7 -3.55496
7.8 -4.43982
7.9 -4.20111
8 -4.696
8.1 -1.98052
8.2 -3.92317
8.3 -4.82468
8.4 -4.82151
8.5 -4.8062
8.6 -4.82182
8.7 -3.57961
8.8 -2.59612
8.9 -3.43688
9 -4.7814
9.1 -3.86747
9.2 -4.81994
9.3 -1.22112
9.4 -4.7652
9.5 -3.19994
9.6 -4.80849
9.7 -4.80291
9.8 -4.65
9.9 -4.66356
10 -4.77443
10.1 -4.62818
10.2 -3.4717
10.3 -4.30162
10.4 -2.62065
10.5 -4.79549
10.6 -4.02022
10.7 -4.44186
10.8 -3.81191
10.9 -3.27888
11 -4.42156
11.1 -4.69196
11.2 -4.73639
11.3 -2.70534
11.4 -2.2601
11.5 -0.995813
11.6 -0.290041
11.7 -3.58561
11.8 -3.75129
11.9 -3.15258
12 -2.42886
12.1 -4.2056
12.2 -4.27632
12.3 -3.52112
12.4 -3.10247
12.5 -3.39223
12.6 -4.02095
12.7 -4.2879
12.8 -4.28606
12.9 -4.26323
13 -3.32916
13.1 -3.52945
13.2 -2.58084
13.3 -4.0262
13.4 -4.10708
13.5 -4.19721
13.6 -4.16659
13.7 -3.75034
13.8 -3.2938
13.9 -3.85725
14 -4.1781
14.1 -0.935475
14.2 -4.23792
14.3 -4.0742
14.4 -4.27343
14.5 -3.55993
14.6 -3.01153
14.7 -4.27418
14.8 -4.1055
14.9 -2.90459
15 -4.20215
15.1 -3.72846
15.2 -4.08917
15.3 -1.44912
15.4 -1.2368
15.5 -0.434729
15.6 -4.38247
15.7 -0.801415
15.8 -4.34934
15.9 -4.27473
16 -1.33876
16.1 -4.17025
16.2 -2.7361
16.3 -4.74024
16.4 -4.83155
16.5 -3.99966
16.6 -3.64236
16.7 -3.47486
16.8 -3.58746
16.9 -4.36501
17 -4.08218
17.1 -4.62482
17.2 -4.8233
17.3 -4.70407
17.4 -4.72651
17.5 -4.0746
17.6 -4.42973
17.7 -4.30098
17.8 -2.714
17.9 -4.7457
18 -4.72478
18.1 -4.39782
18.2 -3.81608
18.3 -4.05855
18.4 -4.48223
18.5 -3.27561
18.6 -2.29757
18.7 -4.30304
18.8 -4.82055
18.9 -4.10893
19 -4.28508
19.1 -4.32869
19.2 -2.04321
19.3 -4.76622
19.4 -4.83309
19.5 -4.57487
19.6 -4.72215
19.7 -4.82042
19.8 -4.80417
19.9 -4.8383
20 -4.56892
20.1 -4.22615
20.2 -4.7794
20.3 -4.5732
20.4 -3.59941
20.5 -4.74618
20.6 -4.83909
20.7 -4.83572
20.8 -4.71266
20.9 -4.3075
21 -4.58255
21.1 -4.79276
21.2 -4.83911
21.3 -4.74581
21.4 -4.81559
21.5 -4.39671
21.6 -3.95876
21.7 -4.83662
21.8 -4.20671
21.9 -4.12688
22 -4.83151
22.1 -4.66334
22.2 -4.49519
22.3 -3.01055
22.4 -4.49734
22.5 -4.79611
22.6 -3.48922
22.7 -3.91827
22.8 -4.79395
22.9 -4.81137
23 -4.15489
23.1 -4.50357
23.2 -4.80265
23.3 -4.78877
23.4 -4.82083
23.5 -4.54866
23.6 -3.56045
23.7 -4.83907
23.8 -3.38363
23.9 -4.69019
24 -4.58428
24.1 -4.71958
24.2 -4.84807
24.3 -4.39846
24.4 -4.70584
24.5 -4.04854
24.6 -4.5779
24.7 -2.75896
24.8 -4.79303
24.9 -4.04383
25 -4.60347
25.1 -4.72075
25.2 -4.84326
25.3 -3.88241
25.4 -4.71705
25.5 -4.53277
25.6 -4.53849
25.7 -4.34367
25.8 -4.72301
25.9 -4.43587
26 -4.81509
26.1 -3.26233
26.2 -3.8596
26.3 -4.77222
26.4 -4.85018
26.5 -4.52796
26.6 -4.81254
26.7 -4.68517
26.8 -3.40137
26.9 -4.85022
27 -3.96303
27.1 -4.67143
27.2 -3.87448
27.3 -4.42267
27.4 -4.09373
27.5 -4.78612
27.6 -4.38758
27.7 -4.3266
27.8 -1.47745
27.9 -2.95837
28 -4.01787
28.1 -4.77456
28.2 -4.60898
28.3 -4.50846
28.4 -4.69683
28.5 -4.76818
28.6 -4.48316
28.7 -4.85405
28.8 -4.85959
28.9 -4.82409
29 -4.79139
29.1 -4.84703
29.2 -2.88241
29.3 -4.85032
29.4 -4.80882
29.5 -4.03363
29.6 -4.66553
29.7 -4.81305
29.8 -0.130946
29.9 -4.63368
30 -4.83937
30.1 -4.84839
30.2 -4.42859
30.3 -4.85628
30.4 -4.81967
30.5 -3.74397
30.6 -3.91836
30.7 -4.84077
30.8 -3.17254
30.9 -4.31716
31 -4.85612
31.1 -3.93889
31.2 -4.62192
31.3 -4.87083
31.4 -4.61698
31.5 -4.12475
31.6 -4.85128
31.7 -4.18446
31.8 -4.78015
31.9 -2.98791
32 -4.05129
32.1 -4.86566
32.2 -4.75953
32.3 -4.57548
32.4 -4.63735
32.5 -4.66478
32.6 -4.85111
32.7 -2.86756
32.8 -4.7519
32.9 -4.04713
33 -4.77987
33.1 -4.53374
33.2 -2.61577
33.3 -4.88438
33.4 -3.09505
33.5 -4.89568
33.6 -4.11617
33.7 -4.00521
33.8 -4.81599
33.9 -4.87021
34 -3.72321
34.1 -4.72409
34.2 -4.70589
34.3 -4.90079
34.4 -4.58762
34.5 -4.89179
34.6 -4.79518
34.7 -4.58356
34.8 -2.92218
34.9 -3.70065
35 -4.32377
35.1 -4.72528
35.2 -4.7104
35.3 -4.61343
35.4 -4.8392
35.5 -3.75418
35.6 -4.79794
35.7 -3.48182
35.8 -4.91494
35.9 -4.82156
36 -4.64386
36.1 -4.62174
36.2 -4.83386
36.3 -4.89653
36.4 -4.8671
36.5 -4.77108
36.6 -4.53554
36.7 -4.21909
36.8 -4.80895
36.9 -4.7197
37 -4.90479
37.1 -4.92078
37.2 -4.75067
37.3 -4.93108
37.4 -4.89777
37.5 -4.10685
37.6 -3.07422
37.7 -4.76761
37.8 -4.30384
37.9 -4.42399
38 -4.92732
38.1 -4.61979
38.2 -4.48599
38.3 -3.99271
38.4 -4.24857
38.5 -4.44375
38.6 -4.36936
38.7 -4.66042
38.8 -3.5245
38.9 -1.05895
39 -4.90214
39.1 -4.94243
39.2 -4.92088
39.3 -4.48698
39.4 -3.77682
39.5 -3.72868
39.6 -4.92915
39.7 -4.95716
39.8 -4.31562
39.9 -4.56878
40 -4.82074
40.1 -4.95817
40.2 -4.85699
40.3 -3.81809
40.4 -4.91592
40.5 -4.45685
40.6 -4.97041
40.7 -3.58372
40.8 -4.83226
40.9 -4.24376
41 -4.93921
41.1 -4.97578
41.2 -4.98004
41.3 -4.95634
41.4 -4.34523
41.5 -4.22591
41.6 -4.85908
41.7 -4.19255
41.8 -3.69584
41.9 -4.49341
42 -4.99166
42.1 -4.98582
42.2 -4.85312
42.3 -3.96172
42.4 -4.98698
42.5 -4.92445
42.6 -3.68838
42.7 -4.96535
42.8 -4.97946
42.9 -4.34597
43 -4.26567
43.1 -4.22107
43.2 -4.84299
43.3 -4.85952
43.4 -4.95631
43.5 -4.23616
43.6 -5.0171
43.7 -4.97907
43.8 -4.86308
43.9 -4.99204
44 -5.02234
44.1 -4.8182
44.2 -3.76908
44.3 -4.15317
44.4 -3.13573
44.5 -3.44451
44.6 -4.95544
44.7 -3.64711
44.8 -4.46818
44.9 -5.00498
45 -4.97976
45.1 -4.87309
45.2 -4.83451
45.3 -0.324347
45.4 -0.384078
45.5 -4.94359
45.6 -5.05207
45.7 -4.23105
45.8 -4.43435
45.9 -5.02046
46 -5.06025
46.1 -4.30744
46.2 -1.65787
46.3 -0.997279
46.4 -3.70997
46.5 -4.55106
46.6 -3.94548
46.7 -5.03444
46.8 -4.92751
46.9 -4.91926
47 -5.03378
47.1 -4.99087
47.2 -5.07265
47.3 -4.86783
47.4 -4.80701
47.5 -4.62245
47.6 -5.09231
47.7 -1.88932
47.8 -4.98217
47.9 -5.0432
48 -3.99665
48.1 -5.04492
48.2 -5.10511
48.3 -3.61095
48.4 -5.05197
48.5 -5.11058
48.6 -5.11073
48.7 -4.67589
48.8 -4.17659
48.9 -4.48711
49 -4.86418
49.1 -5.02571
49.2 -5.03011
49.3 -4.93587
49.4 -4.92689
49.5 -4.5672
49.6 -4.41507
49.7 -5.06117
49.8 -5.13623
49.9 -5.14297
50 -5.1384
50.1 -5.00548
50.2 -3.86504
50.3 -3.14085
50.4 -5.00217
50.5 -4.84075
50.6 -5.14673
50.7 -4.37601
50.8 -4.77907
50.9 -5.13191
51 -5.13993
51.1 -4.40478
51.2 -4.92784
51.3 -4.29895
51.4 -5.16744
51.5 -4.35503
51.6 -4.95963
51.7 -3.75324
51.8 -5.11863
51.9 -2.26783
52 -5.179
52.1 -5.18586
52.2 -2.27852
52.3 -3.73867
52.4 -4.79305
52.5 -4.14933
52.6 -1.63114
52.7 -5.21107
52.8 -3.49276
52.9 -5.15467
53 -4.19733
53.1 -5.09286
53.2 -4.35664
53.3 -5.22596
53.4 -4.91389
53.5 -5.0994
53.6 -4.80966
53.7 -5.0608
53.8 -5.23751
53.9 -5.2447
54 -5.24495
54.1 -5.25015
54.2 -5.24923
54.3 -5.18133
54.4 -5.25274
54.5 -5.12503
54.6 -5.20508
54.7 -5.23764
54.8 -5.23713
54.9 -4.66315
55 -4.37779
55.1 -5.23938
55.2 -4.2624
55.3 -5.19031
55.4 -4.76548
55.5 -5.15002
55.6 -5.29111
55.7 -5.19514
55.8 -5.15679
55.9 -5.26904
56 -5.29746
56.1 -4.72484
56.2 -5.18696
56.3 -4.44517
56.4 -4.98563
56.5 -5.30381
56.6 -5.31607
56.7 -4.44686
56.8 -4.44074
56.9 -4.63549
57 -4.18485
57.1 -5.33355
57.2 -5.31415
57.3 -5.28149
57.4 -1.67098
57.5 -5.33532
57.6 -5.30265
57.7 -4.82795
57.8 -2.99746
57.9 -5.35774
58 -5.21173
58.1 -5.34677
58.2 -5.36536
58.3 -5.13109
58.4 -5.33468
58.5 -5.30626
58.6 -4.11851
58.7 -5.12574
58.8 -5.34653
58.9 -5.34826
59 -4.79475
59.1 -5.32889
59.2 -4.36364
59.3 -5.05457
59.4 -5.36026
59.5 -5.24496
59.6 -5.28097
59.7 -5.4009
59.8 -5.00094
59.9 -5.36841
60 -5.10111
60.1 -5.35741
60.2 -4.61209
60.3 -5.37771
60.4 -5.38001
60.5 -5.39371
60.6 -4.99036
60.7 -5.1881
60.8 -5.06367
60.9 -5.28243
61 -5.45247
61.1 -5.27357
61.2 -5.17499
61.3 -4.77613
61.4 -5.32202
61.5 -5.02612
61.6 -5.24259
61.7 -3.83397
61.8 -5.23258
61.9 -5.48065
62 -5.47406
62.1 -5.21162
62.2 -5.43045
62.3 -5.27403
62.4 -4.88774
62.5 -4.69592
62.6 -4.31422
62.7 -5.43396
62.8 -5.30849
62.9 -2.26134
63 -5.47199
63.1 -4.75097
63.2 -5.28036
63.3 -5.50606
63.4 -5.33306
63.5 -5.30178
63.6 -5.31842
63.7 -5.31246
63.8 -5.51622
63.9 -5.52259
64 -5.54047
64.1 -5.49253
64.2 -4.28967
64.3 -5.49075
64.4 -5.55456
64.5 -5.55178
64.6 -5.55847
64.7 -5.43907
64.8 -5.07436
64.9 -4.82801
65 -5.14927
65.1 -5.45629
65.2 -5.28504
65.3 -4.12689
65.4 -4.88023
65.5 -3.58292
65.6 -5.56425
65.7 -3.74931
65.8 -4.31503
65.9 -5.12261
66 -5.00034
66.1 -4.95653
66.2 -5.21313
66.3 -5.56952
66.4 -5.54382
66.5 -5.54812
66.6 -5.30003
66.7 -5.5974
66.8 -5.56845
66.9 -5.34169
67 -5.51732
67.1 -5.63735
67.2 -5.63725
67.3 -5.31151
67.4 -5.58751
67.5 -4.66818
67.6 -5.66038
67.7 -5.29515
67.8 -4.85172
67.9 -5.67001
68 -5.18701
68.1 -5.67941
68.2 -5.50195
68.3 -4.39544
68.4 -4.01108
68.5 -0.880816
68.6 -5.09229
68.7 -5.67376
68.8 -0.299013
68.9 -5.14507
69 -5.66405
69.1 -5.033
69.2 -5.49181
69.3 -4.8532
69.4 -5.33915
69.5 -4.90593
69.6 -5.63589
69.7 -5.68741
69.8 -4.71117
69.9 -5.45938
70 -5.71357
70.1 -5.03578
70.2 -5.70319
70.3 -5.5069
70.4 -5.72638
70.5 -4.07059
70.6 -5.43438
70.7 -4.79743
70.8 -5.06812
70.9 -5.46748
71 -5.65759
71.1 -4.50904
71.2 -5.68767
71.3 -4.98151
71.4 -5.79662
71.5 -5.59672
71.6 -5.04257
71.7 -5.80743
71.8 -5.55198
71.9 -5.57253
72 -5.50663
72.1 -5.82227
72.2 -4.53488
72.3 -5.82965
72.4 -5.07345
72.5 -5.65238
72.6 -5.73906
72.7 -5.71206
72.8 -5.80702
72.9 -5.14543
73 -4.41636
73.1 -4.81846
73.2 -5.56507
73.3 -5.86233
73.4 -5.87785
73.5 -5.78453
73.6 -5.70098
73.7 -5.73693
73.8 -5.87918
73.9 -5.89532
74 -4.14129
74.1 -5.76012
74.2 -4.65683
74.3 -5.89857
74.4 -5.63431
74.5 -5.85742
74.6 -5.82088
74.7 -5.74863
74.8 -4.35769
74.9 -5.83801
75 -5.3976
75.1 -5.40054
75.2 -5.74304
75.3 -3.15334
75.4 -4.96942
75.5 -5.90661
75.6 -5.61854
75.7 -5.54843
75.8 -5.56346
75.9 -5.80936
76 -5.26319
76.1 -5.80886
76.2 -5.32504
76.3 -5.75798
76.4 -5.70327
76.5 -5.79701
76.6 -5.53445
76.7 -4.54773
76.8 -5.91784
76.9 -5.42604
77 -6.03047
77.1 -5.68195
77.2 -6.02734
77.3 -5.48944
77.4 -5.26984
77.5 -5.47267
77.6 -6.06276
77.7 -6.00001
77.8 -6.07213
77.9 -5.53587
78 -5.83938
78.1 -5.07738
78.2 -6.04449
78.3 -5.61356
78.4 -5.46228
78.5 -6.06667
78.6 -5.89007
78.7 -5.9895
78.8 -5.7377
78.9 -5.79277
79 -6.05419
79.1 -6.10005
79.2 -5.94897
79.3 -6.02114
79.4 -6.0442
79.5 -6.13412
79.6 -5.84981
79.7 -5.59774
79.8 -4.38203
79.9 -5.86091
80 -5.42838
80.1 -6.02842
80.2 -5.39143
80.3 -6.20346
80.4 -5.37119
80.5 -6.19766
80.6 -5.93384
80.7 -6.19202
80.8 -5.29236
80.9 -6.01273
81 -5.80732
81.1 -6.11804
81.2 -5.18906
81.3 -6.26011
81.4 -5.74598
81.5 -5.7302
81.6 -4.66424
81.7 -6.09424
81.8 -6.07235
81.9 -6.28176
82 -6.16631
82.1 -5.8089
82.2 -4.95596
82.3 -1.58447
82.4 -5.50367
82.5 -6.15406
82.6 -4.97429
82.7 -6.23898
82.8 -6.10308
82.9 -4.94762
83 -6.33286
83.1 -6.37118
83.2 -6.37182
83.3 -5.8745
83.4 -5.75809
83.5 -5.50925
83.6 -6.35499
83.7 -6.09276
83.8 -2.39821
83.9 -6.01416
84 -6.33907
84.1 -6.38658
84.2 -6.44003
84.3 -5.76337
84.4 -6.21174
84.5 -5.59058
84.6 -5.4751
84.7 -6.46681
84.8 -5.67376
84.9 -3.94766
85 -6.46002
85.1 -6.14337
85.2 -6.45716
85.3 -6.50362
85.4 -6.16067
85.5 -5.02112
85.6 -2.9599
85.7 -5.42572
85.8 -6.45313
85.9 -5.85543
86 -4.66527
86.1 -6.15946
86.2 -5.26606
86.3 -6.5864
86.4 -6.56568
86.5 -6.60812
86.6 -6.08073
86.7 -5.4831
86.8 -6.55733
86.9 -6.20049
87 -6.6409
87.1 -5.2448
87.2 -6.57523
87.3 -2.46391
87.4 -6.54331
87.5 -6.63275
87.6 -4.97594
87.7 -5.89482
87.8 -6.17816
87.9 -6.69855
88 -6.63945
88.1 -5.61251
88.2 -6.73075
88.3 -6.55471
88.4 -5.55929
88.5 -6.16688
88.6 -6.75431
88.7 -6.2473
88.8 -6.54061
88.9 -6.77065
89 -6.77749
89.1 -6.705
89.2 -6.52462
89.3 -6.80728
89.4 -6.81548
89.5 -6.81793
89.6 -6.24338
89.7 -6.8359
89.8 -6.1841
89.9 -6.76207
90 -6.59977
90.1 -6.7443
90.2 -6.6161
90.3 -6.87012
90.4 -6.87503
90.5 -6.77514
90.6 -6.89982
90.7 -6.86194
90.8 -6.35433
90.9 -6.43734
91 -6.91813
91.1 -6.82147
91.2 -5.75245
91.3 -6.06828
91.4 -5.77139
91.5 -6.85231
91.6 -6.8521
91.7 -6.26729
91.8 -6.94731
91.9 -5.46101
92 -6.68336
92.1 -6.59878
92.2 -6.66634
92.3 -6.87577
92.4 -7.01795
92.5 -7.02606
92.6 -6.7466
92.7 -6.37334
92.8 -6.79254
92.9 -6.63814
93 -7.05653
93.1 -7.01924
93.2 -6.63941
93.3 -5.05293
93.4 -6.84208
93.5 -7.05352
93.6 -7.0932
93.7 -7.01773
93.8 -6.8793
93.9 -6.28844
94 -6.48424
94.1 -7.00301
94.2 -6.9999
94.3 -6.84551
94.4 -6.62484
94.5 -7.00297
94.6 -7.12529
94.7 -6.72019
94.8 -5.70308
94.9 -6.20311
95 -3.82882
95.1 -7.06824
95.2 -6.59213
95.3 -7.10813
95.4 -5.93774
95.5 -6.85965
95.6 -6.95356
95.7 -7.05081
95.8 -6.82881
95.9 -7.09368
96 -6.84411
96.1 -6.96299
96.2 -6.91646
96.3 -6.50428
96.4 -7.15335
96.5 -6.81334
96.6 -4.2621
96.7 -6.12744
96.8 -7.14046
96.9 -7.25617
97 -6.15728
97.1 -7.19763
97.2 -6.90407
97.3 -6.58439
97.4 -7.10398
97.5 -7.11866
97.6 -6.83948
97.7 -7.17468
97.8 -7.28305
97.9 -6.09106
98 -6.9011
98.1 -7.22724
98.2 -6.72679
98.3 -7.30378
98.4 -7.2093
98.5 -7.04165
98.6 -7.12293
98.7 -7.22343
98.8 -7.25169
98.9 -7.07889
99 -7.22736
99.1 -7.05302
99.2 -7.16008
99.3 -7.06642
99.4 -7.31429
99.5 -7.14301
99.6 -7.33309
99.7 -7.30633
99.8 -5.33447
99.9 -7.35285
100 -7.35559
100.001 -4.95581
