0 0
0.1 -0.0117225
0.2 -0.0113836
0.3 -0.0110416
0.4 -0.0106964
0.5 -0.0103479
0.6 -0.00999628
0.7 -0.00964133
0.8 -0.00928308
0.9 -0.00892149
1 -0.00855653
1.1 -0.00818818
1.2 -0.00781641
1.3 -0.00744117
1.4 -0.00706244
1.5 -0.00668019
1.6 -0.00629439
1.7 -0.005905
1.8 -0.005512
1.9 -0.00511534
2 -0.004715
2.1 -0.00431094
2.2 -0.00390312
2.3 -0.00349152
2.4 -0.0030761
2.5 -0.00265683
2.6 -0.00223367
2.7 -0.00180657
2.8 -0.00137552
2.9 -0.000940473
3 -0.00050139
3.1 -5.82359e-05
3.2 0.000389025
3.3 0.000840432
3.4 0.00129602
3.5 0.00175583
3.6 0.0022199
3.7 0.00268826
3.8 0.00316096
3.9 0.00363804
4 0.00411953
4.1 0.00460548
4.2 0.00509592
4.3 0.0055909
4.4 0.00609045
4.5 0.00659462
4.6 0.00710345
4.7 0.00761699
4.8 0.00813526
4.9 0.00865832
5 0.00918622
5.1 0.00971898
5.2 0.0102567
5.3 0.0107993
5.4 0.0113469
5.5 0.0118996
5.6 0.0124574
5.7 0.0130203
5.8 0.0135885
5.9 0.0141618
6 0.0147404
6.1 0.0153243
6.2 0.0159137
6.3 0.0165084
6.4 0.0171086
6.5 0.0177143
6.6 0.0183255
6.7 0.0189424
6.8 0.0195649
6.9 0.0201931
7 0.0208271
7.1 0.0214669
7.2 0.0221126
7.3 0.0227641
7.4 0.0234216
7.5 0.0240851
7.6 0.0247547
7.7 0.0254304
7.8 0.0261122
7.9 0.0268002
8 0.0274946
8.1 0.0281952
8.2 0.0289022
8.3 0.0296156
8.4 0.0303355
8.5 0.0310619
8.6 0.0317949
8.7 0.0325345
8.8 0.0332809
8.9 0.0340339
9 0.0347938
9.1 0.0355605
9.2 0.0363341
9.3 0.0371147
9.4 0.0379023
9.5 0.038697
9.6 0.0394988
9.7 0.0403078
9.8 0.041124
9.9 0.0419475
10 0.0427784
10.1 0.0436167
10.2 0.0444624
10.3 0.0453156
10.4 0.0461765
10.5 0.0470449
10.6 0.0479211
10.7 0.048805
10.8 0.0496967
10.9 0.0505962
11 0.0515037
11.1 0.0524191
11.2 0.0533425
11.3 0.0542741
11.4 0.0552137
11.5 0.0561616
11.6 0.0571177
11.7 0.0580821
11.8 0.0590549
11.9 0.0600361
12 0.0610258
12.1 0.0620239
12.2 0.0630307
12.3 0.0640461
12.4 0.0650702
12.5 0.0661031
12.6 0.0671447
12.7 0.0681952
12.8 0.0692546
12.9 0.070323
13 0.0714003
13.1 0.0724868
13.2 0.0735823
13.3 0.0746871
13.4 0.075801
13.5 0.0769242
13.6 0.0780567
13.7 0.0791986
13.8 0.0803499
13.9 0.0815107
14 0.082681
14.1 0.0838608
14.2 0.0850503
14.3 0.0862494
14.4 0.0874582
14.5 0.0886767
14.6 0.089905
14.7 0.0911432
14.8 0.0923912
14.9 0.0936492
15 0.094917
15.1 0.0961949
15.2 0.0974828
15.3 0.0987808
15.4 0.100089
15.5 0.101407
15.6 0.102735
15.7 0.104074
15.8 0.105423
15.9 0.106782
16 0.108151
16.1 0.109531
16.2 0.110921
16.3 0.112322
16.4 0.113733
16.5 0.115154
16.6 0.116586
16.7 0.118028
16.8 0.119481
16.9 0.120944
17 0.122418
17.1 0.123902
17.2 0.125397
17.3 0.126903
17.4 0.128419
17.5 0.129945
17.6 0.131483
17.7 0.13303
17.8 0.134589
17.9 0.136158
18 0.137738
18.1 0.139328
18.2 0.140929
18.3 0.142541
18.4 0.144163
18.5 0.145796
18.6 0.147439
18.7 0.149093
18.8 0.150757
18.9 0.152432
19 0.154118
19.1 0.155814
19.2 0.157521
19.3 0.159238
19.4 0.160965
19.5 0.162703
19.6 0.164451
19.7 0.16621
19.8 0.167979
19.9 0.169758
20 0.171548
20.1 0.173347
20.2 0.175157
20.3 0.176977
20.4 0.178807
20.5 0.180647
20.6 0.182497
20.7 0.184357
20.8 0.186227
20.9 0.188107
21 0.189996
21.1 0.191895
21.2 0.193804
21.3 0.195722
21.4 0.19765
21.5 0.199587
21.6 0.201534
21.7 0.203489
21.8 0.205454
21.9 0.207429
22 0.209412
22.1 0.211404
22.2 0.213405
22.3 0.215415
22.4 0.217433
22.5 0.21946
22.6 0.221496
22.7 0.22354
22.8 0.225592
22.9 0.227653
23 0.229721
23.1 0.231798
23.2 0.233883
23.3 0.235975
23.4 0.238075
23.5 0.240183
23.6 0.242298
23.7 0.24442
23.8 0.24655
23.9 0.248687
24 0.250831
24.1 0.252981
24.2 0.255139
24.3 0.257303
24.4 0.259474
24.5 0.261651
24.6 0.263834
24.7 0.266024
24.8 0.268219
24.9 0.27042
25 0.272627
25.1 0.27484
25.2 0.277058
25.3 0.279282
25.4 0.28151
25.5 0.283744
25.6 0.285982
25.7 0.288226
25.8 0.290474
25.9 0.292726
26 0.294983
26.1 0.297244
26.2 0.299509
26.3 0.301778
26.4 0.304051
26.5 0.306328
26.6 0.308608
26.7 0.310891
26.8 0.313178
26.9 0.315467
27 0.31776
27.1 0.320055
27.2 0.322353
27.3 0.324653
27.4 0.326956
27.5 0.329261
27.6 0.331568
27.7 0.333876
27.8 0.336187
27.9 0.338499
28 0.340813
28.1 0.343128
28.2 0.345444
28.3 0.347762
28.4 0.35008
28.5 0.352399
28.6 0.354719
28.7 0.357039
28.8 0.35936
28.9 0.361681
29 0.364002
29.1 0.366323
29.2 0.368644
29.3 0.370965
29.4 0.373285
29.5 0.375605
29.6 0.377924
29.7 0.380243
29.8 0.382561
29.9 0.384878
30 0.387194
30.1 0.389508
30.2 0.391822
30.3 0.394134
30.4 0.396444
30.5 0.398754
30.6 0.401061
30.7 0.403367
30.8 0.40567
30.9 0.407972
31 0.410272
31.1 0.41257
31.2 0.414866
31.3 0.417159
31.4 0.41945
31.5 0.421739
31.6 0.424025
31.7 0.426309
31.8 0.42859
31.9 0.430868
32 0.433144
32.1 0.435417
32.2 0.437687
32.3 0.439955
32.4 0.442219
32.5 0.444481
32.6 0.446739
32.7 0.448995
32.8 0.451247
32.9 0.453497
33 0.455743
33.1 0.457986
33.2 0.460227
33.3 0.462464
33.4 0.464697
33.5 0.466928
33.6 0.469156
33.7 0.47138
33.8 0.473601
33.9 0.475819
34 0.478034
34.1 0.480246
34.2 0.482455
34.3 0.48466
34.4 0.486863
34.5 0.489062
34.6 0.491258
34.7 0.493451
34.8 0.495642
34.9 0.497829
35 0.500013
35.1 0.502195
35.2 0.504374
35.3 0.50655
35.4 0.508723
35.5 0.510893
35.6 0.513061
35.7 0.515226
35.8 0.517389
35.9 0.519549
36 0.521707
36.1 0.523863
36.2 0.526016
36.3 0.528167
36.4 0.530316
36.5 0.532463
36.6 0.534608
36.7 0.536751
36.8 0.538892
36.9 0.541032
37 0.54317
37.1 0.545306
37.2 0.547441
37.3 0.549574
37.4 0.551707
37.5 0.553838
37.6 0.555967
37.7 0.558096
37.8 0.560224
37.9 0.562351
38 0.564478
38.1 0.566604
38.2 0.568729
38.3 0.570854
38.4 0.572978
38.5 0.575103
38.6 0.577227
38.7 0.579352
38.8 0.581476
38.9 0.583601
39 0.585726
39.1 0.587852
39.2 0.589978
39.3 0.592105
39.4 0.594232
39.5 0.596361
39.6 0.598491
39.7 0.600621
39.8 0.602753
39.9 0.604887
40 0.607022
40.1 0.609158
40.2 0.611296
40.3 0.613436
40.4 0.615578
40.5 0.617722
40.6 0.619869
40.7 0.622017
40.8 0.624168
40.9 0.626321
41 0.628477
41.1 0.630636
41.2 0.632798
41.3 0.634962
41.4 0.63713
41.5 0.6393
41.6 0.641474
41.7 0.643651
41.8 0.645832
41.9 0.648017
42 0.650205
42.1 0.652397
42.2 0.654592
42.3 0.656792
42.4 0.658996
42.5 0.661204
42.6 0.663416
42.7 0.665633
42.8 0.667854
42.9 0.670079
43 0.67231
43.1 0.674545
43.2 0.676784
43.3 0.679029
43.4 0.681279
43.5 0.683533
43.6 0.685793
43.7 0.688058
43.8 0.690328
43.9 0.692604
44 0.694885
44.1 0.697171
44.2 0.699463
44.3 0.70176
44.4 0.704064
44.5 0.706372
44.6 0.708687
44.7 0.711008
44.8 0.713334
44.9 0.715666
45 0.718004
45.1 0.720349
45.2 0.722699
45.3 0.725055
45.4 0.727418
45.5 0.729786
45.6 0.732161
45.7 0.734542
45.8 0.736929
45.9 0.739323
46 0.741723
46.1 0.744129
46.2 0.746541
46.3 0.748959
46.4 0.751384
46.5 0.753816
46.6 0.756253
46.7 0.758697
46.8 0.761147
46.9 0.763604
47 0.766067
47.1 0.768536
47.2 0.771011
47.3 0.773493
47.4 0.775981
47.5 0.778475
47.6 0.780976
47.7 0.783483
47.8 0.785995
47.9 0.788514
48 0.79104
48.1 0.793571
48.2 0.796108
48.3 0.798651
48.4 0.8012
48.5 0.803755
48.6 0.806316
48.7 0.808883
48.8 0.811455
48.9 0.814033
49 0.816617
49.1 0.819207
49.2 0.821802
49.3 0.824402
49.4 0.827008
49.5 0.829619
49.6 0.832236
49.7 0.834858
49.8 0.837484
49.9 0.840116
50 0.842753
50.1 0.845395
50.2 0.848042
50.3 0.850694
50.4 0.85335
50.5 0.856011
50.6 0.858676
50.7 0.861346
50.8 0.86402
50.9 0.866699
51 0.869382
51.1 0.872068
51.2 0.874759
51.3 0.877454
51.4 0.880153
51.5 0.882855
51.6 0.885561
51.7 0.888271
51.8 0.890984
51.9 0.893701
52 0.896421
52.1 0.899144
52.2 0.90187
52.3 0.904599
52.4 0.907332
52.5 0.910067
52.6 0.912805
52.7 0.915545
52.8 0.918288
52.9 0.921034
53 0.923781
53.1 0.926532
53.2 0.929284
53.3 0.932038
53.4 0.934795
53.5 0.937553
53.6 0.940313
53.7 0.943075
53.8 0.945839
53.9 0.948604
54 0.95137
54.1 0.954138
54.2 0.956907
54.3 0.959678
54.4 0.962449
54.5 0.965221
54.6 0.967995
54.7 0.970769
54.8 0.973544
54.9 0.97632
55 0.979096
55.1 0.981873
55.2 0.984651
55.3 0.987428
55.4 0.990206
55.5 0.992985
55.6 0.995763
55.7 0.998541
55.8 1.00132
55.9 1.0041
56 1.00688
56.1 1.00965
56.2 1.01243
56.3 1.01521
56.4 1.01799
56.5 1.02076
56.6 1.02354
56.7 1.02632
56.8 1.02909
56.9 1.03187
57 1.03464
57.1 1.03741
57.2 1.04018
57.3 1.04296
57.4 1.04573
57.5 1.0485
57.6 1.05126
57.7 1.05403
57.8 1.0568
57.9 1.05956
58 1.06233
58.1 1.06509
58.2 1.06785
58.3 1.07061
58.4 1.07337
58.5 1.07613
58.6 1.07889
58.7 1.08164
58.8 1.08439
58.9 1.08715
59 1.0899
59.1 1.09265
59.2 1.0954
59.3 1.09814
59.4 1.10089
59.5 1.10363
59.6 1.10637
59.7 1.10912
59.8 1.11185
59.9 1.11459
60 1.11733
60.1 1.12006
60.2 1.1228
60.3 1.12553
60.4 1.12826
60.5 1.13099
60.6 1.13372
60.7 1.13644
60.8 1.13917
60.9 1.14189
61 1.14462
61.1 1.14734
61.2 1.15006
61.3 1.15277
61.4 1.15549
61.5 1.15821
61.6 1.16092
61.7 1.16364
61.8 1.16635
61.9 1.16906
62 1.17177
62.1 1.17448
62.2 1.17718
62.3 1.17989
62.4 1.1826
62.5 1.1853
62.6 1.18801
62.7 1.19071
62.8 1.19341
62.9 1.19611
63 1.19882
63.1 1.20152
63.2 1.20422
63.3 1.20692
63.4 1.20961
63.5 1.21231
63.6 1.21501
63.7 1.21771
63.8 1.22041
63.9 1.2231
64 1.2258
64.1 1.2285
64.2 1.2312
64.3 1.23389
64.4 1.23659
64.5 1.23929
64.6 1.24199
64.7 1.24469
64.8 1.24739
64.9 1.25009
65 1.25279
65.1 1.25549
65.2 1.25819
65.3 1.26089
65.4 1.26359
65.5 1.2663
65.6 1.269
65.7 1.27171
65.8 1.27442
65.9 1.27713
66 1.27984
66.1 1.28255
66.2 1.28526
66.3 1.28798
66.4 1.29069
66.5 1.29341
66.6 1.29613
66.7 1.29886
66.8 1.30158
66.9 1.30431
67 1.30704
67.1 1.30977
67.2 1.3125
67.3 1.31524
67.4 1.31798
67.5 1.32072
67.6 1.32347
67.7 1.32622
67.8 1.32897
67.9 1.33172
68 1.33448
68.1 1.33724
68.2 1.34001
68.3 1.34277
68.4 1.34555
68.5 1.34832
68.6 1.3511
68.7 1.35389
68.8 1.35668
68.9 1.35947
69 1.36227
69.1 1.36507
69.2 1.36787
69.3 1.37068
69.4 1.3735
69.5 1.37632
69.6 1.37915
69.7 1.38198
69.8 1.38481
69.9 1.38766
70 1.3905
70.1 1.39336
70.2 1.39621
70.3 1.39908
70.4 1.40195
70.5 1.40483
70.6 1.40771
70.7 1.4106
70.8 1.4135
70.9 1.4164
71 1.41931
71.1 1.42222
71.2 1.42515
71.3 1.42808
71.4 1.43101
71.5 1.43396
71.6 1.43691
71.7 1.43987
71.8 1.44284
71.9 1.44581
72 1.4488
72.1 1.45179
72.2 1.45479
72.3 1.4578
72.4 1.46081
72.5 1.46384
72.6 1.46687
72.7 1.46992
72.8 1.47297
72.9 1.47603
73 1.4791
73.1 1.48218
73.2 1.48527
73.3 1.48837
73.4 1.49147
73.5 1.49459
73.6 1.49772
73.7 1.50086
73.8 1.50401
73.9 1.50717
74 1.51034
74.1 1.51352
74.2 1.51671
74.3 1.51991
74.4 1.52312
74.5 1.52635
74.6 1.52958
74.7 1.53283
74.8 1.53609
74.9 1.53936
75 1.54264
75.1 1.54594
75.2 1.54924
75.3 1.55256
75.4 1.55589
75.5 1.55923
75.6 1.56259
75.7 1.56596
75.8 1.56934
75.9 1.57273
76 1.57614
76.1 1.57956
76.2 1.58299
76.3 1.58644
76.4 1.5899
76.5 1.59337
76.6 1.59686
76.7 1.60036
76.8 1.60388
76.9 1.60741
77 1.61095
77.1 1.61451
77.2 1.61808
77.3 1.62167
77.4 1.62527
77.5 1.62889
77.6 1.63252
77.7 1.63616
77.8 1.63983
77.9 1.6435
78 1.64719
78.1 1.6509
78.2 1.65463
78.3 1.65836
78.4 1.66212
78.5 1.66589
78.6 1.66967
78.7 1.67348
78.8 1.67729
78.9 1.68113
79 1.68498
79.1 1.68885
79.2 1.69273
79.3 1.69663
79.4 1.70054
79.5 1.70448
79.6 1.70843
79.7 1.71239
79.8 1.71638
79.9 1.72038
80 1.72439
80.1 1.72843
80.2 1.73248
80.3 1.73655
80.4 1.74064
80.5 1.74474
80.6 1.74886
80.7 1.753
80.8 1.75715
80.9 1.76132
81 1.76552
81.1 1.76972
81.2 1.77395
81.3 1.77819
81.4 1.78245
81.5 1.78673
81.6 1.79103
81.7 1.79534
81.8 1.79967
81.9 1.80402
82 1.80839
82.1 1.81277
82.2 1.81717
82.3 1.82159
82.4 1.82603
82.5 1.83049
82.6 1.83496
82.7 1.83945
82.8 1.84396
82.9 1.84848
83 1.85302
83.1 1.85758
83.2 1.86216
83.3 1.86676
83.4 1.87137
83.5 1.876
83.6 1.88064
83.7 1.88531
83.8 1.88999
83.9 1.89468
84 1.8994
84.1 1.90413
84.2 1.90887
84.3 1.91364
84.4 1.91842
84.5 1.92321
84.6 1.92803
84.7 1.93285
84.8 1.9377
84.9 1.94256
85 1.94743
85.1 1.95232
85.2 1.95723
85.3 1.96215
85.4 1.96708
85.5 1.97203
85.6 1.977
85.7 1.98198
85.8 1.98697
85.9 1.99198
86 1.997
86.1 2.00203
86.2 2.00708
86.3 2.01214
86.4 2.01721
86.5 2.02229
86.6 2.02739
86.7 2.0325
86.8 2.03762
86.9 2.04276
87 2.0479
87.1 2.05305
87.2 2.05822
87.3 2.06339
87.4 2.06858
87.5 2.07377
87.6 2.07898
87.7 2.08419
87.8 2.08941
87.9 2.09464
88 2.09988
88.1 2.10513
88.2 2.11038
88.3 2.11564
88.4 2.12091
88.5 2.12618
88.6 2.13146
88.7 2.13674
88.8 2.14203
88.9 2.14732
89 2.15262
89.1 2.15792
89.2 2.16323
89.3 2.16853
89.4 2.17384
89.5 2.17916
89.6 2.18447
89.7 2.18978
89.8 2.1951
89.9 2.20042
90 2.20573
90.1 2.21105
90.2 2.21636
90.3 2.22167
90.4 2.22698
90.5 2.23229
90.6 2.2376
90.7 2.2429
90.8 2.2482
90.9 2.25349
91 2.25878
91.1 2.26406
91.2 2.26934
91.3 2.27461
91.4 2.27987
91.5 2.28513
91.6 2.29037
91.7 2.29561
91.8 2.30084
91.9 2.30607
92 2.31128
92.1 2.31648
92.2 2.32167
92.3 2.32685
92.4 2.33201
92.5 2.33717
92.6 2.34231
92.7 2.34743
92.8 2.35255
92.9 2.35765
93 2.36273
93.1 2.3678
93.2 2.37285
93.3 2.37789
93.4 2.38291
93.5 2.38791
93.6 2.39289
93.7 2.39785
93.8 2.4028
93.9 2.40773
94 2.41263
94.1 2.41752
94.2 2.42239
94.3 2.42723
94.4 2.43205
94.5 2.43685
94.6 2.44163
94.7 2.44638
94.8 2.45112
94.9 2.45582
95 2.4605
95.1 2.46516
95.2 2.4698
95.3 2.4744
95.4 2.47898
95.5 2.48354
95.6 2.48807
95.7 2.49257
95.8 2.49704
95.9 2.50149
96 2.5059
96.1 2.51029
96.2 2.51465
96.3 2.51898
96.4 2.52328
96.5 2.52755
96.6 2.5318
96.7 2.53601
96.8 2.54019
96.9 2.54433
97 2.54845
97.1 2.55254
97.2 2.55659
97.3 2.56061
97.4 2.5646
97.5 2.56856
97.6 2.57248
97.7 2.57638
97.8 2.58024
97.9 2.58406
98 2.58785
98.1 2.59161
98.2 2.59533
98.3 2.59902
98.4 2.60268
98.5 2.6063
98.6 2.60989
98.7 2.61344
98.8 2.61696
98.9 2.62045
99 2.6239
99.1 2.62731
99.2 2.63069
99.3 2.63404
99.4 2.63735
99.5 2.64062
99.6 2.64386
99.7 2.64707
99.8 2.65024
99.9 2.65337
100 2.65647
100.001 0
