0 -10
0.1 -10.1144
0.2 -10.1143
0.3 -10.1142
0.4 -10.114
0.5 -10.1139
0.6 -10.1137
0.7 -10.1136
0.8 -10.1134
0.9 -10.1133
1 -10.1131
1.1 -10.113
1.2 -10.1128
1.3 -10.1127
1.4 -10.1125
1.5 -10.1123
1.6 -10.1122
1.7 -10.112
1.8 -10.1119
1.9 -10.1117
2 -10.1115
2.1 -10.1114
2.2 -10.1112
2.3 -10.111
2.4 -10.1109
2.5 -10.1107
2.6 -10.1105
2.7 -10.1104
2.8 -10.1102
2.9 -10.11
3 -10.1099
3.1 -10.1097
3.2 -10.1095
3.3 -10.1093
3.4 -10.1092
3.5 -10.109
3.6 -10.1088
3.7 -10.1086
3.8 -10.1084
3.9 -10.1082
4 -10.1081
4.1 -10.1079
4.2 -10.1077
4.3 -10.1075
4.4 -10.1073
4.5 -10.1071
4.6 -10.1069
4.7 -10.1067
4.8 -10.1065
4.9 -10.1063
5 -10.1061
5.1 -10.1059
5.2 -10.1057
5.3 -10.1055
5.4 -10.1053
5.5 -10.1051
5.6 -10.1049
5.7 -10.1047
5.8 -10.1045
5.9 -10.1043
6 -10.1041
6.1 -10.1038
6.2 -10.1036
6.3 -10.1034
6.4 -10.1032
6.5 -10.103
6.6 -10.1027
6.7 -10.1025
6.8 -10.1023
6.9 -10.1021
7 -10.1018
7.1 -10.1016
7.2 -10.1014
7.3 -10.1011
7.4 -10.1009
7.5 -10.1006
7.6 -10.1004
7.7 -10.1002
7.8 -10.0999
7.9 -10.0997
8 -10.0994
8.1 -10.0992
8.2 -10.0989
8.3 -10.0987
8.4 -10.0984
8.5 -10.0982
8.6 -10.0979
8.7 -10.0976
8.8 -10.0974
8.9 -10.0971
9 -10.0968
9.1 -10.0966
9.2 -10.0963
9.3 -10.096
9.4 -10.0958
9.5 -10.0955
9.6 -10.0952
9.7 -10.0949
9.8 -10.0946
9.9 -10.0943
10 -10.0941
10.1 -10.0938
10.2 -10.0935
10.3 -10.0932
10.4 -10.0929
10.5 -10.0926
10.6 -10.0923
10.7 -10.092
10.8 -10.0917
10.9 -10.0914
11 -10.0911
11.1 -10.0907
11.2 -10.0904
11.3 -10.0901
11.4 -10.0898
11.5 -10.0895
11.6 -10.0892
11.7 -10.0888
11.8 -10.0885
11.9 -10.0882
12 -10.0878
12.1 -10.0875
12.2 -10.0872
12.3 -10.0868
12.4 -10.0865
12.5 -10.0861
12.6 -10.0858
12.7 -10.0854
12.8 -10.0851
12.9 -10.0847
13 -10.0843
13.1 -10.084
13.2 -10.0836
13.3 -10.0833
13.4 -10.0829
13.5 -10.0825
13.6 -10.0821
13.7 -10.0818
13.8 -10.0814
13.9 -10.081
14 -10.0806
14.1 -10.0802
14.2 -10.0798
14.3 -10.0794
14.4 -10.079
14.5 -10.0786
14.6 -10.0782
14.7 -10.0778
14.8 -10.0774
14.9 -10.077
15 -10.0766
15.1 -10.0762
15.2 -10.0757
15.3 -10.0753
15.4 -10.0749
15.5 -10.0745
15.6 -10.074
15.7 -10.0736
15.8 -10.0731
15.9 -10.0727
16 -10.0723
16.1 -10.0718
16.2 -10.0714
16.3 -10.0709
16.4 -10.0704
16.5 -10.07
16.6 -10.0695
16.7 -10.069
16.8 -10.0686
16.9 -10.0681
17 -10.0676
17.1 -10.0671
17.2 -10.0667
17.3 -10.0662
17.4 -10.0657
17.5 -10.0652
17.6 -10.0647
17.7 -10.0642
17.8 -10.0637
17.9 -10.0632
18 -10.0627
18.1 -10.0622
18.2 -10.0617
18.3 -10.0612
18.4 -10.0606
18.5 -10.0601
18.6 -10.0596
18.7 -10.0591
18.8 -10.0585
18.9 -10.058
19 -10.0574
19.1 -10.0569
19.2 -10.0564
19.3 -10.0558
19.4 -10.0553
19.5 -10.0547
19.6 -10.0541
19.7 -10.0536
19.8 -10.053
19.9 -10.0525
20 -10.0519
20.1 -10.0513
20.2 -10.0507
20.3 -10.0502
20.4 -10.0496
20.5 -10.049
20.6 -10.0484
20.7 -10.0478
20.8 -10.0472
20.9 -10.0466
21 -10.046
21.1 -10.0454
21.2 -10.0448
21.3 -10.0442
21.4 -10.0436
21.5 -10.043
21.6 -10.0424
21.7 -10.0418
21.8 -10.0412
21.9 -10.0405
22 -10.0399
22.1 -10.0393
22.2 -10.0386
22.3 -10.038
22.4 -10.0374
22.5 -10.0367
22.6 -10.0361
22.7 -10.0355
22.8 -10.0348
22.9 -10.0342
23 -10.0335
23.1 -10.0329
23.2 -10.0322
23.3 -10.0316
23.4 -10.0309
23.5 -10.0303
23.6 -10.0296
23.7 -10.0289
23.8 -10.0283
23.9 -10.0276
24 -10.0269
24.1 -10.0263
24.2 -10.0256
24.3 -10.0249
24.4 -10.0243
24.5 -10.0236
24.6 -10.0229
24.7 -10.0222
24.8 -10.0216
24.9 -10.0209
25 -10.0202
25.1 -10.0195
25.2 -10.0188
25.3 -10.0182
25.4 -10.0175
25.5 -10.0168
25.6 -10.0161
25.7 -10.0154
25.8 -10.0147
25.9 -10.014
26 -10.0133
26.1 -10.0127
26.2 -10.012
26.3 -10.0113
26.4 -10.0106
26.5 -10.0099
26.6 -10.0092
26.7 -10.0085
26.8 -10.0078
26.9 -10.0071
27 -10.0064
27.1 -10.0057
27.2 -10.005
27.3 -10.0043
27.4 -10.0037
27.5 -10.003
27.6 -10.0023
27.7 -10.0016
27.8 -10.0009
27.9 -10.0002
28 -9.9995
28.1 -9.99881
28.2 -9.99812
28.3 -9.99743
28.4 -9.99674
28.5 -9.99605
28.6 -9.99537
28.7 -9.99468
28.8 -9.99399
28.9 -9.99331
29 -9.99263
29.1 -9.99194
29.2 -9.99126
29.3 -9.99058
29.4 -9.9899
29.5 -9.98922
29.6 -9.98854
29.7 -9.98787
29.8 -9.98719
29.9 -9.98652
30 -9.98585
30.1 -9.98517
30.2 -9.98451
30.3 -9.98384
30.4 -9.98317
30.5 -9.9825
30.6 -9.98184
30.7 -9.98118
30.8 -9.98052
30.9 -9.97986
31 -9.9792
31.1 -9.97855
31.2 -9.97789
31.3 -9.97724
31.4 -9.97659
31.5 -9.97594
31.6 -9.97529
31.7 -9.97465
31.8 -9.974
31.9 -9.97336
32 -9.97272
32.1 -9.97209
32.2 -9.97145
32.3 -9.97082
32.4 -9.97018
32.5 -9.96955
32.6 -9.96893
32.7 -9.9683
32.8 -9.96768
32.9 -9.96706
33 -9.96644
33.1 -9.96582
33.2 -9.9652
33.3 -9.96459
33.4 -9.96398
33.5 -9.96337
33.6 -9.96276
33.7 -9.96215
33.8 -9.96155
33.9 -9.96095
34 -9.96035
34.1 -9.95975
34.2 -9.95916
34.3 -9.95857
34.4 -9.95797
34.5 -9.95739
34.6 -9.9568
34.7 -9.95622
34.8 -9.95563
34.9 -9.95505
35 -9.95447
35.1 -9.9539
35.2 -9.95332
35.3 -9.95275
35.4 -9.95218
35.5 -9.95161
35.6 -9.95105
35.7 -9.95049
35.8 -9.94992
35.9 -9.94936
36 -9.94881
36.1 -9.94825
36.2 -9.9477
36.3 -9.94715
36.4 -9.9466
36.5 -9.94605
36.6 -9.9455
36.7 -9.94496
36.8 -9.94442
36.9 -9.94388
37 -9.94334
37.1 -9.9428
37.2 -9.94227
37.3 -9.94173
37.4 -9.9412
37.5 -9.94067
37.6 -9.94015
37.7 -9.93962
37.8 -9.9391
37.9 -9.93857
38 -9.93805
38.1 -9.93753
38.2 -9.93702
38.3 -9.9365
38.4 -9.93599
38.5 -9.93548
38.6 -9.93497
38.7 -9.93446
38.8 -9.93395
38.9 -9.93344
39 -9.93294
39.1 -9.93243
39.2 -9.93193
39.3 -9.93143
39.4 -9.93093
39.5 -9.93044
39.6 -9.92994
39.7 -9.92944
39.8 -9.92895
39.9 -9.92846
40 -9.92797
40.1 -9.92748
40.2 -9.92699
40.3 -9.9265
40.4 -9.92601
40.5 -9.92553
40.6 -9.92504
40.7 -9.92456
40.8 -9.92408
40.9 -9.9236
41 -9.92312
41.1 -9.92264
41.2 -9.92216
41.3 -9.92168
41.4 -9.9212
41.5 -9.92073
41.6 -9.92025
41.7 -9.91978
41.8 -9.91931
41.9 -9.91883
42 -9.91836
42.1 -9.91789
42.2 -9.91742
42.3 -9.91695
42.4 -9.91648
42.5 -9.91601
42.6 -9.91554
42.7 -9.91507
42.8 -9.9146
42.9 -9.91413
43 -9.91367
43.1 -9.9132
43.2 -9.91273
43.3 -9.91227
43.4 -9.9118
43.5 -9.91134
43.6 -9.91087
43.7 -9.91041
43.8 -9.90994
43.9 -9.90948
44 -9.90901
44.1 -9.90855
44.2 -9.90809
44.3 -9.90762
44.4 -9.90716
44.5 -9.90669
44.6 -9.90623
44.7 -9.90577
44.8 -9.9053
44.9 -9.90484
45 -9.90437
45.1 -9.90391
45.2 -9.90344
45.3 -9.90298
45.4 -9.90251
45.5 -9.90205
45.6 -9.90159
45.7 -9.90112
45.8 -9.90065
45.9 -9.90019
46 -9.89972
46.1 -9.89926
46.2 -9.89879
46.3 -9.89832
46.4 -9.89786
46.5 -9.89739
46.6 -9.89692
46.7 -9.89645
46.8 -9.89599
46.9 -9.89552
47 -9.89505
47.1 -9.89458
47.2 -9.89411
47.3 -9.89364
47.4 -9.89317
47.5 -9.8927
47.6 -9.89223
47.7 -9.89176
47.8 -9.89129
47.9 -9.89081
48 -9.89034
48.1 -9.88987
48.2 -9.8894
48.3 -9.88892
48.4 -9.88845
48.5 -9.88797
48.6 -9.8875
48.7 -9.88702
48.8 -9.88655
48.9 -9.88607
49 -9.8856
49.1 -9.88512
49.2 -9.88465
49.3 -9.88417
49.4 -9.88369
49.5 -9.88322
49.6 -9.88274
49.7 -9.88226
49.8 -9.88178
49.9 -9.88131
50 -9.88083
50.1 -9.88035
50.2 -9.87987
50.3 -9.8794
50.4 -9.87892
50.5 -9.87844
50.6 -9.87796
50.7 -9.87748
50.8 -9.877
50.9 -9.87653
51 -9.87605
51.1 -9.87557
51.2 -9.87509
51.3 -9.87462
51.4 -9.87414
51.5 -9.87366
51.6 -9.87319
51.7 -9.87271
51.8 -9.87223
51.9 -9.87176
52 -9.87128
52.1 -9.87081
52.2 -9.87033
52.3 -9.86986
52.4 -9.86939
52.5 -9.86891
52.6 -9.86844
52.7 -9.86797
52.8 -9.8675
52.9 -9.86703
53 -9.86656
53.1 -9.86609
53.2 -9.86562
53.3 -9.86516
53.4 -9.86469
53.5 -9.86423
53.6 -9.86376
53.7 -9.8633
53.8 -9.86284
53.9 -9.86238
54 -9.86192
54.1 -9.86146
54.2 -9.861
54.3 -9.86055
54.4 -9.86009
54.5 -9.85964
54.6 -9.85919
54.7 -9.85874
54.8 -9.85829
54.9 -9.85784
55 -9.85739
55.1 -9.85695
55.2 -9.8565
55.3 -9.85606
55.4 -9.85562
55.5 -9.85518
55.6 -9.85475
55.7 -9.85431
55.8 -9.85388
55.9 -9.85345
56 -9.85302
56.1 -9.85259
56.2 -9.85216
56.3 -9.85174
56.4 -9.85132
56.5 -9.8509
56.6 -9.85048
56.7 -9.85006
56.8 -9.84965
56.9 -9.84924
57 -9.84883
57.1 -9.84842
57.2 -9.84801
57.3 -9.84761
57.4 -9.84721
57.5 -9.84681
57.6 -9.84641
57.7 -9.84601
57.8 -9.84562
57.9 -9.84523
58 -9.84484
58.1 -9.84445
58.2 -9.84407
58.3 -9.84369
58.4 -9.84331
58.5 -9.84293
58.6 -9.84256
58.7 -9.84218
58.8 -9.84181
58.9 -9.84145
59 -9.84108
59.1 -9.84072
59.2 -9.84036
59.3 -9.84
59.4 -9.83964
59.5 -9.83929
59.6 -9.83894
59.7 -9.83859
59.8 -9.83824
59.9 -9.8379
60 -9.83756
60.1 -9.83722
60.2 -9.83688
60.3 -9.83655
60.4 -9.83622
60.5 -9.83589
60.6 -9.83556
60.7 -9.83524
60.8 -9.83491
60.9 -9.83459
61 -9.83428
61.1 -9.83396
61.2 -9.83365
61.3 -9.83334
61.4 -9.83303
61.5 -9.83272
61.6 -9.83242
61.7 -9.83212
61.8 -9.83182
61.9 -9.83152
62 -9.83123
62.1 -9.83093
62.2 -9.83064
62.3 -9.83036
62.4 -9.83007
62.5 -9.82979
62.6 -9.82951
62.7 -9.82923
62.8 -9.82895
62.9 -9.82868
63 -9.82841
63.1 -9.82814
63.2 -9.82787
63.3 -9.8276
63.4 -9.82734
63.5 -9.82708
63.6 -9.82682
63.7 -9.82656
63.8 -9.8263
63.9 -9.82605
64 -9.8258
64.1 -9.82555
64.2 -9.8253
64.3 -9.82505
64.4 -9.82481
64.5 -9.82457
64.6 -9.82433
64.7 -9.82409
64.8 -9.82386
64.9 -9.82362
65 -9.82339
65.1 -9.82316
65.2 -9.82293
65.3 -9.8227
65.4 -9.82248
65.5 -9.82225
65.6 -9.82203
65.7 -9.82181
65.8 -9.82159
65.9 -9.82138
66 -9.82116
66.1 -9.82095
66.2 -9.82073
66.3 -9.82052
66.4 -9.82032
66.5 -9.82011
66.6 -9.8199
66.7 -9.8197
66.8 -9.8195
66.9 -9.8193
67 -9.8191
67.1 -9.8189
67.2 -9.8187
67.3 -9.81851
67.4 -9.81831
67.5 -9.81812
67.6 -9.81793
67.7 -9.81774
67.8 -9.81755
67.9 -9.81736
68 -9.81718
68.1 -9.81699
68.2 -9.81681
68.3 -9.81663
68.4 -9.81645
68.5 -9.81627
68.6 -9.81609
68.7 -9.81592
68.8 -9.81574
68.9 -9.81557
69 -9.81539
69.1 -9.81522
69.2 -9.81505
69.3 -9.81488
69.4 -9.81471
69.5 -9.81454
69.6 -9.81438
69.7 -9.81421
69.8 -9.81405
69.9 -9.81388
70 -9.81372
70.1 -9.81356
70.2 -9.8134
70.3 -9.81324
70.4 -9.81308
70.5 -9.81292
70.6 -9.81277
70.7 -9.81261
70.8 -9.81246
70.9 -9.8123
71 -9.81215
71.1 -9.812
71.2 -9.81185
71.3 -9.8117
71.4 -9.81155
71.5 -9.8114
71.6 -9.81125
71.7 -9.81111
71.8 -9.81096
71.9 -9.81081
72 -9.81067
72.1 -9.81053
72.2 -9.81038
72.3 -9.81024
72.4 -9.8101
72.5 -9.80996
72.6 -9.80982
72.7 -9.80968
72.8 -9.80954
72.9 -9.80941
73 -9.80927
73.1 -9.80913
73.2 -9.809
73.3 -9.80886
73.4 -9.80873
73.5 -9.80859
73.6 -9.80846
73.7 -9.80833
73.8 -9.8082
73.9 -9.80807
74 -9.80793
74.1 -9.8078
74.2 -9.80768
74.3 -9.80755
74.4 -9.80742
74.5 -9.80729
74.6 -9.80716
74.7 -9.80704
74.8 -9.80691
74.9 -9.80679
75 -9.80666
75.1 -9.80654
75.2 -9.80641
75.3 -9.80629
75.4 -9.80617
75.5 -9.80604
75.6 -9.80592
75.7 -9.8058
75.8 -9.80568
75.9 -9.80556
76 -9.80544
76.1 -9.80532
76.2 -9.8052
76.3 -9.80508
76.4 -9.80496
76.5 -9.80485
76.6 -9.80473
76.7 -9.80461
76.8 -9.8045
76.9 -9.80438
77 -9.80427
77.1 -9.80415
77.2 -9.80404
77.3 -9.80392
77.4 -9.80381
77.5 -9.80369
77.6 -9.80358
77.7 -9.80347
77.8 -9.80336
77.9 -9.80324
78 -9.80313
78.1 -9.80302
78.2 -9.80291
78.3 -9.8028
78.4 -9.80269
78.5 -9.80258
78.6 -9.80247
78.7 -9.80236
78.8 -9.80225
78.9 -9.80214
79 -9.80203
79.1 -9.80193
79.2 -9.80182
79.3 -9.80171
79.4 -9.8016
79.5 -9.8015
79.6 -9.80139
79.7 -9.80128
79.8 -9.80118
79.9 -9.80107
80 -9.80097
80.1 -9.80086
80.2 -9.80076
80.3 -9.80065
80.4 -9.80055
80.5 -9.80045
80.6 -9.80034
80.7 -9.80024
80.8 -9.80014
80.9 -9.80003
81 -9.79993
81.1 -9.79983
81.2 -9.79973
81.3 -9.79962
81.4 -9.79952
81.5 -9.79942
81.6 -9.79932
81.7 -9.79922
81.8 -9.79912
81.9 -9.79902
82 -9.79892
82.1 -9.79882
82.2 -9.79872
82.3 -9.79862
82.4 -9.79852
82.5 -9.79842
82.6 -9.79832
82.7 -9.79822
82.8 -9.79812
82.9 -9.79803
83 -9.79793
83.1 -9.79783
83.2 -9.79773
83.3 -9.79763
83.4 -9.79754
83.5 -9.79744
83.6 -9.79734
83.7 -9.79725
83.8 -9.79715
83.9 -9.79705
84 -9.79696
84.1 -9.79686
84.2 -9.79677
84.3 -9.79667
84.4 -9.79657
84.5 -9.79648
84.6 -9.79638
84.7 -9.79629
84.8 -9.79619
84.9 -9.7961
85 -9.796
85.1 -9.79591
85.2 -9.79582
85.3 -9.79572
85.4 -9.79563
85.5 -9.79553
85.6 -9.79544
85.7 -9.79535
85.8 -9.79525
85.9 -9.79516
86 -9.79507
86.1 -9.79497
86.2 -9.79488
86.3 -9.79479
86.4 -9.7947
86.5 -9.7946
86.6 -9.79451
86.7 -9.79442
86.8 -9.79433
86.9 -9.79424
87 -9.79414
87.1 -9.79405
87.2 -9.79396
87.3 -9.79387
87.4 -9.79378
87.5 -9.79369
87.6 -9.7936
87.7 -9.79351
87.8 -9.79341
87.9 -9.79332
88 -9.79323
88.1 -9.79314
88.2 -9.79305
88.3 -9.79296
88.4 -9.79287
88.5 -9.79278
88.6 -9.79269
88.7 -9.7926
88.8 -9.79251
88.9 -9.79242
89 -9.79233
89.1 -9.79224
89.2 -9.79215
89.3 -9.79206
89.4 -9.79198
89.5 -9.79189
89.6 -9.7918
89.7 -9.79171
89.8 -9.79162
89.9 -9.79153
90 -9.79144
90.1 -9.79135
90.2 -9.79127
90.3 -9.79118
90.4 -9.79109
90.5 -9.791
90.6 -9.79091
90.7 -9.79082
90.8 -9.79074
90.9 -9.79065
91 -9.79056
91.1 -9.79047
91.2 -9.79038
91.3 -9.7903
91.4 -9.79021
91.5 -9.79012
91.6 -9.79003
91.7 -9.78995
91.8 -9.78986
91.9 -9.78977
92 -9.78968
92.1 -9.7896
92.2 -9.78951
92.3 -9.78942
92.4 -9.78933
92.5 -9.78925
92.6 -9.78916
92.7 -9.78907
92.8 -9.78899
92.9 -9.7889
93 -9.78881
93.1 -9.78873
93.2 -9.78864
93.3 -9.78855
93.4 -9.78847
93.5 -9.78838
93.6 -9.78829
93.7 -9.78821
93.8 -9.78812
93.9 -9.78803
94 -9.78795
94.1 -9.78786
94.2 -9.78777
94.3 -9.78769
94.4 -9.7876
94.5 -9.78752
94.6 -9.78743
94.7 -9.78734
94.8 -9.78726
94.9 -9.78717
95 -9.78708
95.1 -9.787
95.2 -9.78691
95.3 -9.78683
95.4 -9.78674
95.5 -9.78665
95.6 -9.78657
95.7 -9.78648
95.8 -9.7864
95.9 -9.78631
96 -9.78622
96.1 -9.78614
96.2 -9.78605
96.3 -9.78597
96.4 -9.78588
96.5 -9.78579
96.6 -9.78571
96.7 -9.78562
96.8 -9.78554
96.9 -9.78545
97 -9.78537
97.1 -9.78528
97.2 -9.78519
97.3 -9.78511
97.4 -9.78502
97.5 -9.78494
97.6 -9.78485
97.7 -9.78476
97.8 -9.78468
97.9 -9.78459
98 -9.78451
98.1 -9.78442
98.2 -9.78433
98.3 -9.78425
98.4 -9.78416
98.5 -9.78408
98.6 -9.78399
98.7 -9.78391
98.8 -9.78382
98.9 -9.78373
99 -9.78365
99.1 -9.78356
99.2 -9.78347
99.3 -9.78339
99.4 -9.7833
99.5 -9.78322
99.6 -9.78313
99.7 -9.78304
99.8 -9.78296
99.9 -9.78287
100 -9.78279
100.001 -10
