43.5 2.57689
43.5015 2.52066
43.503 2.4647
43.5045 2.40899
43.506 2.35354
43.5075 2.29835
43.509 2.24342
43.5105 2.18874
43.512 2.13431
43.5135 2.08015
43.515 2.02623
43.5165 1.97257
43.518 1.91917
43.5195 1.86601
43.521 1.81311
43.5225 1.76046
43.524 1.70806
43.5255 1.65591
43.527 1.60401
43.5285 1.55236
43.53 1.50096
43.5315 1.4498
43.533 1.39889
43.5345 1.34823
43.536 1.29782
43.5375 1.24765
43.539 1.19772
43.5405 1.14804
43.542 1.0986
43.5435 1.04941
43.545 1.00046
43.5465 0.951747
43.548 0.903278
43.5495 0.85505
43.551 0.807062
43.5525 0.759313
43.554 0.711804
43.5555 0.664532
43.557 0.617499
43.5585 0.570702
43.56 0.524142
43.5615 0.477818
43.563 0.431729
43.5645 0.385875
43.566 0.340255
43.5675 0.294869
43.569 0.249716
43.5705 0.204796
43.572 0.160107
43.5735 0.11565
43.575 0.0714228
43.5765 0.0274263
43.578 -0.0163408
43.5795 -0.0598788
43.581 -0.103188
43.5825 -0.14627
43.584 -0.189125
43.5855 -0.231753
43.587 -0.274154
43.5885 -0.316331
43.59 -0.358282
43.5915 -0.400009
43.593 -0.441512
43.5945 -0.482792
43.596 -0.523849
43.5975 -0.564684
43.599 -0.605298
43.6006 -0.64569
43.6021 -0.685863
43.6036 -0.725815
43.6051 -0.765548
43.6066 -0.805063
43.6081 -0.844359
43.6096 -0.883438
43.6111 -0.9223
43.6126 -0.960945
43.6141 -0.999375
43.6156 -1.03759
43.6171 -1.07559
43.6186 -1.11337
43.6201 -1.15095
43.6216 -1.1883
43.6231 -1.22545
43.6246 -1.26238
43.6261 -1.29911
43.6276 -1.33562
43.6291 -1.37192
43.6306 -1.40801
43.6321 -1.4439
43.6336 -1.47957
43.6351 -1.51504
43.6366 -1.5503
43.6381 -1.58535
43.6396 -1.62019
43.6411 -1.65483
43.6426 -1.68927
43.6441 -1.7235
43.6456 -1.75752
43.6471 -1.79135
43.6486 -1.82496
43.6501 -1.85838
43.6516 -1.8916
43.6531 -1.92461
43.6546 -1.95742
43.6561 -1.99003
43.6576 -2.02245
43.6591 -2.05466
43.6606 -2.08667
43.6621 -2.11849
43.6636 -2.15011
43.6651 -2.18153
43.6666 -2.21275
43.6681 -2.24378
43.6696 -2.27462
43.6711 -2.30525
43.6726 -2.3357
43.6741 -2.36595
43.6756 -2.39601
43.6771 -2.42587
43.6786 -2.45554
43.6801 -2.48502
43.6816 -2.51431
43.6831 -2.54341
43.6846 -2.57232
43.6861 -2.60104
43.6876 -2.62957
43.6891 -2.65791
43.6906 -2.68607
43.6921 -2.71403
43.6936 -2.74181
43.6951 -2.76941
43.6966 -2.79682
43.6981 -2.82404
43.6996 -2.85108
43.7011 -2.87793
43.7026 -2.9046
43.7041 -2.93109
43.7056 -2.95739
43.7071 -2.98351
43.7086 -3.00945
43.7101 -3.03521
43.7116 -3.06079
43.7131 -3.08619
43.7146 -3.11141
43.7161 -3.13645
43.7176 -3.16131
43.7191 -3.186
43.7206 -3.2105
43.7221 -3.23483
43.7236 -3.25899
43.7251 -3.28296
43.7266 -3.30677
43.7281 -3.33039
43.7296 -3.35385
43.7311 -3.37713
43.7326 -3.40023
43.7341 -3.42317
43.7356 -3.44593
43.7371 -3.46852
43.7386 -3.49094
43.7401 -3.51318
43.7416 -3.53526
43.7431 -3.55717
43.7446 -3.57891
43.7461 -3.60048
43.7476 -3.62188
43.7491 -3.64311
43.7506 -3.66418
43.7521 -3.68508
43.7536 -3.70582
43.7551 -3.72639
43.7566 -3.74679
43.7581 -3.76703
43.7596 -3.78711
43.7611 -3.80702
43.7626 -3.82677
43.7641 -3.84635
43.7656 -3.86578
43.7671 -3.88504
43.7686 -3.90414
43.7701 -3.92308
43.7716 -3.94186
43.7731 -3.96048
43.7746 -3.97895
43.7761 -3.99725
43.7776 -4.0154
43.7791 -4.03338
43.7806 -4.05122
43.7821 -4.06889
43.7836 -4.08641
43.7851 -4.10377
43.7866 -4.12098
43.7881 -4.13803
43.7896 -4.15493
43.7911 -4.17168
43.7926 -4.18827
43.7941 -4.20471
43.7956 -4.221
43.7971 -4.23713
43.7986 -4.25312
43.8002 -4.26895
43.8017 -4.28464
43.8032 -4.30017
43.8047 -4.31556
43.8062 -4.33079
43.8077 -4.34588
43.8092 -4.36082
43.8107 -4.37561
43.8122 -4.39026
43.8137 -4.40476
43.8152 -4.41911
43.8167 -4.43332
43.8182 -4.44739
43.8197 -4.46131
43.8212 -4.47508
43.8227 -4.48871
43.8242 -4.5022
43.8257 -4.51555
43.8272 -4.52875
43.8287 -4.54182
43.8302 -4.55474
43.8317 -4.56752
43.8332 -4.58016
43.8347 -4.59267
43.8362 -4.60503
43.8377 -4.61725
43.8392 -4.62934
43.8407 -4.64129
43.8422 -4.6531
43.8437 -4.66477
43.8452 -4.67631
43.8467 -4.68771
43.8482 -4.69898
43.8497 -4.71011
43.8512 -4.72111
43.8527 -4.73197
43.8542 -4.7427
43.8557 -4.7533
43.8572 -4.76377
43.8587 -4.7741
43.8602 -4.7843
43.8617 -4.79437
43.8632 -4.80431
43.8647 -4.81412
43.8662 -4.82379
43.8677 -4.83334
43.8692 -4.84276
43.8707 -4.85206
43.8722 -4.86122
43.8737 -4.87026
43.8752 -4.87917
43.8767 -4.88795
43.8782 -4.89661
43.8797 -4.90514
43.8812 -4.91354
43.8827 -4.92183
43.8842 -4.92998
43.8857 -4.93802
43.8872 -4.94593
43.8887 -4.95371
43.8902 -4.96138
43.8917 -4.96892
43.8932 -4.97634
43.8947 -4.98364
43.8962 -4.99082
43.8977 -4.99788
43.8992 -5.00482
43.9007 -5.01164
43.9022 -5.01834
43.9037 -5.02492
43.9052 -5.03138
43.9067 -5.03773
43.9082 -5.04396
43.9097 -5.05007
43.9112 -5.05607
43.9127 -5.06195
43.9142 -5.06771
43.9157 -5.07337
43.9172 -5.0789
43.9187 -5.08432
43.9202 -5.08963
43.9217 -5.09483
43.9232 -5.09991
43.9247 -5.10488
43.9262 -5.10974
43.9277 -5.11449
43.9292 -5.11912
43.9307 -5.12365
43.9322 -5.12806
43.9337 -5.13237
43.9352 -5.13657
43.9367 -5.14065
43.9382 -5.14463
43.9397 -5.1485
43.9412 -5.15227
43.9427 -5.15593
43.9442 -5.15948
43.9457 -5.16292
43.9472 -5.16626
43.9487 -5.16949
43.9502 -5.17262
43.9517 -5.17564
43.9532 -5.17856
43.9547 -5.18138
43.9562 -5.18409
43.9577 -5.1867
43.9592 -5.18921
43.9607 -5.19161
43.9622 -5.19392
43.9637 -5.19612
43.9652 -5.19822
43.9667 -5.20022
43.9682 -5.20213
43.9697 -5.20393
43.9712 -5.20563
43.9727 -5.20724
43.9742 -5.20875
43.9757 -5.21015
43.9772 -5.21147
43.9787 -5.21268
43.9802 -5.2138
43.9817 -5.21482
43.9832 -5.21575
43.9847 -5.21658
43.9862 -5.21732
43.9877 -5.21796
43.9892 -5.21851
43.9907 -5.21896
43.9922 -5.21932
43.9937 -5.21959
43.9952 -5.21977
43.9967 -5.21985
43.9982 -5.21984
43.9997 -5.21974
44.0013 -5.21955
44.0028 -5.21927
44.0043 -5.2189
44.0058 -5.21845
44.0073 -5.2179
44.0088 -5.21726
44.0103 -5.21653
44.0118 -5.21572
44.0133 -5.21482
44.0148 -5.21383
44.0163 -5.21276
44.0178 -5.2116
44.0193 -5.21035
44.0208 -5.20902
44.0223 -5.2076
44.0238 -5.2061
44.0253 -5.20451
44.0268 -5.20284
44.0283 -5.20108
44.0298 -5.19925
44.0313 -5.19733
44.0328 -5.19532
44.0343 -5.19324
44.0358 -5.19107
44.0373 -5.18883
44.0388 -5.1865
44.0403 -5.18409
44.0418 -5.1816
44.0433 -5.17903
44.0448 -5.17638
44.0463 -5.17366
44.0478 -5.17085
44.0493 -5.16797
44.0508 -5.16501
44.0523 -5.16197
44.0538 -5.15886
44.0553 -5.15567
44.0568 -5.1524
44.0583 -5.14906
44.0598 -5.14564
44.0613 -5.14214
44.0628 -5.13858
44.0643 -5.13493
44.0658 -5.13122
44.0673 -5.12743
44.0688 -5.12357
44.0703 -5.11963
44.0718 -5.11562
44.0733 -5.11154
44.0748 -5.10739
44.0763 -5.10317
44.0778 -5.09887
44.0793 -5.09451
44.0808 -5.09008
44.0823 -5.08557
44.0838 -5.081
44.0853 -5.07636
44.0868 -5.07165
44.0883 -5.06687
44.0898 -5.06202
44.0913 -5.05711
44.0928 -5.05213
44.0943 -5.04708
44.0958 -5.04196
44.0973 -5.03678
44.0988 -5.03154
44.1003 -5.02623
44.1018 -5.02085
44.1033 -5.01541
44.1048 -5.00991
44.1063 -5.00434
44.1078 -4.9987
44.1093 -4.99301
44.1108 -4.98725
44.1123 -4.98143
44.1138 -4.97555
44.1153 -4.9696
44.1168 -4.9636
44.1183 -4.95753
44.1198 -4.95141
44.1213 -4.94522
44.1228 -4.93897
44.1243 -4.93267
44.1258 -4.9263
44.1273 -4.91988
44.1288 -4.91339
44.1303 -4.90685
44.1318 -4.90025
44.1333 -4.8936
44.1348 -4.88689
44.1363 -4.88012
44.1378 -4.87329
44.1393 -4.86641
44.1408 -4.85947
44.1423 -4.85248
44.1438 -4.84543
44.1453 -4.83833
44.1468 -4.83117
44.1483 -4.82396
44.1498 -4.8167
44.1513 -4.80938
44.1528 -4.80201
44.1543 -4.79459
44.1558 -4.78711
44.1573 -4.77959
44.1588 -4.77201
44.1603 -4.76438
44.1618 -4.7567
44.1633 -4.74897
44.1648 -4.74119
44.1663 -4.73336
44.1678 -4.72548
44.1693 -4.71755
44.1708 -4.70958
44.1723 -4.70155
44.1738 -4.69348
44.1753 -4.68536
44.1768 -4.67719
44.1783 -4.66897
44.1798 -4.66071
44.1813 -4.6524
44.1828 -4.64404
44.1843 -4.63564
44.1858 -4.6272
44.1873 -4.61871
44.1888 -4.61017
44.1903 -4.60159
44.1918 -4.59296
44.1933 -4.5843
44.1948 -4.57558
44.1963 -4.56683
44.1978 -4.55803
44.1993 -4.54919
44.2009 -4.54031
44.2024 -4.53139
44.2039 -4.52242
44.2054 -4.51341
44.2069 -4.50437
44.2084 -4.49528
44.2099 -4.48615
44.2114 -4.47698
44.2129 -4.46778
44.2144 -4.45853
44.2159 -4.44924
44.2174 -4.43992
44.2189 -4.43056
44.2204 -4.42116
44.2219 -4.41172
44.2234 -4.40224
44.2249 -4.39273
44.2264 -4.38318
44.2279 -4.3736
44.2294 -4.36398
44.2309 -4.35432
44.2324 -4.34463
44.2339 -4.3349
44.2354 -4.32514
44.2369 -4.31534
44.2384 -4.30551
44.2399 -4.29564
44.2414 -4.28574
44.2429 -4.27581
44.2444 -4.26585
44.2459 -4.25585
44.2474 -4.24582
44.2489 -4.23576
44.2504 -4.22567
44.2519 -4.21554
44.2534 -4.20539
44.2549 -4.1952
44.2564 -4.18498
44.2579 -4.17473
44.2594 -4.16446
44.2609 -4.15415
44.2624 -4.14381
44.2639 -4.13345
44.2654 -4.12305
44.2669 -4.11263
44.2684 -4.10218
44.2699 -4.0917
44.2714 -4.0812
44.2729 -4.07066
44.2744 -4.0601
44.2759 -4.04952
44.2774 -4.0389
44.2789 -4.02827
44.2804 -4.0176
44.2819 -4.00691
44.2834 -3.9962
44.2849 -3.98546
44.2864 -3.97469
44.2879 -3.9639
44.2894 -3.95309
44.2909 -3.94225
44.2924 -3.93139
44.2939 -3.92051
44.2954 -3.9096
44.2969 -3.89867
44.2984 -3.88772
44.2999 -3.87675
44.3014 -3.86576
44.3029 -3.85474
44.3044 -3.8437
44.3059 -3.83264
44.3074 -3.82157
44.3089 -3.81047
44.3104 -3.79935
44.3119 -3.78821
44.3134 -3.77705
44.3149 -3.76587
44.3164 -3.75468
44.3179 -3.74346
44.3194 -3.73223
44.3209 -3.72098
44.3224 -3.70971
44.3239 -3.69842
44.3254 -3.68712
44.3269 -3.6758
44.3284 -3.66446
44.3299 -3.65311
44.3314 -3.64174
44.3329 -3.63035
44.3344 -3.61895
44.3359 -3.60754
44.3374 -3.5961
44.3389 -3.58466
44.3404 -3.5732
44.3419 -3.56172
44.3434 -3.55023
44.3449 -3.53873
44.3464 -3.52721
44.3479 -3.51568
44.3494 -3.50414
44.3509 -3.49259
44.3524 -3.48102
44.3539 -3.46944
44.3554 -3.45785
44.3569 -3.44625
44.3584 -3.43463
44.3599 -3.42301
44.3614 -3.41137
44.3629 -3.39972
44.3644 -3.38807
44.3659 -3.3764
44.3674 -3.36472
44.3689 -3.35304
44.3704 -3.34134
44.3719 -3.32964
44.3734 -3.31792
44.3749 -3.3062
44.3764 -3.29447
44.3779 -3.28273
44.3794 -3.27099
44.3809 -3.25923
44.3824 -3.24747
44.3839 -3.23571
44.3854 -3.22393
44.3869 -3.21215
44.3884 -3.20036
44.3899 -3.18857
44.3914 -3.17677
44.3929 -3.16497
44.3944 -3.15316
44.3959 -3.14134
44.3974 -3.12952
44.3989 -3.1177
44.4005 -3.10587
44.402 -3.09404
44.4035 -3.08221
44.405 -3.07037
44.4065 -3.05852
44.408 -3.04668
44.4095 -3.03483
44.411 -3.02298
44.4125 -3.01112
44.414 -2.99927
44.4155 -2.98741
44.417 -2.97555
44.4185 -2.96369
44.42 -2.95183
44.4215 -2.93997
44.423 -2.92811
44.4245 -2.91624
44.426 -2.90438
44.4275 -2.89252
44.429 -2.88065
44.4305 -2.86879
44.432 -2.85693
44.4335 -2.84507
44.435 -2.83321
44.4365 -2.82135
44.438 -2.80949
44.4395 -2.79764
44.441 -2.78578
44.4425 -2.77393
44.444 -2.76209
44.4455 -2.75024
44.447 -2.7384
44.4485 -2.72656
44.45 -2.71472
44.4515 -2.70289
44.453 -2.69106
44.4545 -2.67924
44.456 -2.66742
44.4575 -2.65561
44.459 -2.6438
44.4605 -2.63199
44.462 -2.62019
44.4635 -2.6084
44.465 -2.59661
44.4665 -2.58483
44.468 -2.57305
44.4695 -2.56128
44.471 -2.54951
44.4725 -2.53776
44.474 -2.52601
44.4755 -2.51427
44.477 -2.50253
44.4785 -2.4908
44.48 -2.47908
44.4815 -2.46737
44.483 -2.45567
44.4845 -2.44397
44.486 -2.43228
44.4875 -2.42061
44.489 -2.40894
44.4905 -2.39728
44.492 -2.38563
44.4935 -2.37399
44.495 -2.36236
44.4965 -2.35074
44.498 -2.33913
44.4995 -2.32753
44.501 -2.31594
44.5025 -2.30436
44.504 -2.2928
44.5055 -2.28124
44.507 -2.2697
44.5085 -2.25817
44.51 -2.24665
44.5115 -2.23514
44.513 -2.22364
44.5145 -2.21216
44.516 -2.20069
44.5175 -2.18923
44.519 -2.17779
44.5205 -2.16636
44.522 -2.15494
44.5235 -2.14354
44.525 -2.13215
44.5265 -2.12077
44.528 -2.10941
44.5295 -2.09806
44.531 -2.08673
44.5325 -2.07541
44.534 -2.06411
44.5355 -2.05282
44.537 -2.04155
44.5385 -2.0303
44.54 -2.01905
44.5415 -2.00783
44.543 -1.99662
44.5445 -1.98543
44.546 -1.97426
44.5475 -1.9631
44.549 -1.95196
44.5505 -1.94083
44.552 -1.92972
44.5535 -1.91863
44.555 -1.90756
44.5565 -1.89651
44.558 -1.88547
44.5595 -1.87445
44.561 -1.86346
44.5625 -1.85247
44.564 -1.84151
44.5655 -1.83057
44.567 -1.81964
44.5685 -1.80874
44.57 -1.79785
44.5715 -1.78699
44.573 -1.77614
44.5745 -1.76532
44.576 -1.75451
44.5775 -1.74372
44.579 -1.73296
44.5805 -1.72221
44.582 -1.71149
44.5835 -1.70079
44.585 -1.6901
44.5865 -1.67944
44.588 -1.66881
44.5895 -1.65819
44.591 -1.64759
44.5925 -1.63702
44.594 -1.62647
44.5955 -1.61594
44.597 -1.60543
44.5985 -1.59495
44.6001 -1.58449
44.6016 -1.57405
44.6031 -1.56363
44.6046 -1.55324
44.6061 -1.54287
44.6076 -1.53253
44.6091 -1.52221
44.6106 -1.51191
44.6121 -1.50164
44.6136 -1.49139
44.6151 -1.48117
44.6166 -1.47097
44.6181 -1.46079
44.6196 -1.45064
44.6211 -1.44052
44.6226 -1.43042
44.6241 -1.42034
44.6256 -1.4103
44.6271 -1.40027
44.6286 -1.39028
44.6301 -1.3803
44.6316 -1.37036
44.6331 -1.36044
44.6346 -1.35055
44.6361 -1.34068
44.6376 -1.33084
44.6391 -1.32103
44.6406 -1.31124
44.6421 -1.30149
44.6436 -1.29176
44.6451 -1.28205
44.6466 -1.27238
44.6481 -1.26273
44.6496 -1.25311
44.6511 -1.24351
44.6526 -1.23395
44.6541 -1.22441
44.6556 -1.21491
44.6571 -1.20543
44.6586 -1.19598
44.6601 -1.18656
44.6616 -1.17716
44.6631 -1.1678
44.6646 -1.15847
44.6661 -1.14916
44.6676 -1.13989
44.6691 -1.13064
44.6706 -1.12143
44.6721 -1.11224
44.6736 -1.10308
44.6751 -1.09396
44.6766 -1.08486
44.6781 -1.0758
44.6796 -1.06676
44.6811 -1.05776
44.6826 -1.04879
44.6841 -1.03985
44.6856 -1.03094
44.6871 -1.02206
44.6886 -1.01321
44.6901 -1.00439
44.6916 -0.99561
44.6931 -0.986857
44.6946 -0.978136
44.6961 -0.969447
44.6976 -0.96079
44.6991 -0.952166
44.7006 -0.943574
44.7021 -0.935014
44.7036 -0.926487
44.7051 -0.917993
44.7066 -0.909531
44.7081 -0.901103
44.7096 -0.892707
44.7111 -0.884345
44.7126 -0.876016
44.7141 -0.867721
44.7156 -0.859459
44.7171 -0.851231
44.7186 -0.843036
44.7201 -0.834876
44.7216 -0.826749
44.7231 -0.818657
44.7246 -0.810599
44.7261 -0.802575
44.7276 -0.794586
44.7291 -0.786632
44.7306 -0.778712
44.7321 -0.770826
44.7336 -0.762976
44.7351 -0.755161
44.7366 -0.747381
44.7381 -0.739636
44.7396 -0.731927
44.7411 -0.724253
44.7426 -0.716614
44.7441 -0.709011
44.7456 -0.701444
44.7471 -0.693913
44.7486 -0.686418
44.7501 -0.678959
44.7516 -0.671536
44.7531 -0.664149
44.7546 -0.656799
44.7561 -0.649485
44.7576 -0.642208
44.7591 -0.634967
44.7606 -0.627763
44.7621 -0.620596
44.7636 -0.613466
44.7651 -0.606373
44.7666 -0.599317
44.7681 -0.592299
44.7696 -0.585318
44.7711 -0.578374
44.7726 -0.571468
44.7741 -0.564599
44.7756 -0.557769
44.7771 -0.550976
44.7786 -0.54422
44.7801 -0.537503
44.7816 -0.530824
44.7831 -0.524183
44.7846 -0.517581
44.7861 -0.511017
44.7876 -0.504491
44.7891 -0.498003
44.7906 -0.491555
44.7921 -0.485145
44.7936 -0.478773
44.7951 -0.472441
44.7966 -0.466148
44.7981 -0.459893
44.7996 -0.453678
44.8012 -0.447502
44.8027 -0.441365
44.8042 -0.435268
44.8057 -0.42921
44.8072 -0.423191
44.8087 -0.417212
44.8102 -0.411273
44.8117 -0.405373
44.8132 -0.399514
44.8147 -0.393694
44.8162 -0.387914
44.8177 -0.382174
44.8192 -0.376475
44.8207 -0.370815
44.8222 -0.365196
44.8237 -0.359617
44.8252 -0.354079
44.8267 -0.348581
44.8282 -0.343124
44.8297 -0.337707
44.8312 -0.332331
44.8327 -0.326996
44.8342 -0.321701
44.8357 -0.316448
44.8372 -0.311235
44.8387 -0.306064
44.8402 -0.300933
44.8417 -0.295844
44.8432 -0.290796
44.8447 -0.285789
44.8462 -0.280824
44.8477 -0.2759
44.8492 -0.271018
44.8507 -0.266177
44.8522 -0.261377
44.8537 -0.25662
44.8552 -0.251904
44.8567 -0.24723
44.8582 -0.242597
44.8597 -0.238007
44.8612 -0.233459
44.8627 -0.228952
44.8642 -0.224488
44.8657 -0.220066
44.8672 -0.215686
44.8687 -0.211348
44.8702 -0.207052
44.8717 -0.202799
44.8732 -0.198588
44.8747 -0.19442
44.8762 -0.190294
44.8777 -0.186211
44.8792 -0.18217
44.8807 -0.178172
44.8822 -0.174217
44.8837 -0.170304
44.8852 -0.166435
44.8867 -0.162608
44.8882 -0.158824
44.8897 -0.155083
44.8912 -0.151384
44.8927 -0.147729
44.8942 -0.144117
44.8957 -0.140548
44.8972 -0.137022
44.8987 -0.13354
44.9002 -0.1301
44.9017 -0.126704
44.9032 -0.123352
44.9047 -0.120042
44.9062 -0.116776
44.9077 -0.113554
44.9092 -0.110374
44.9107 -0.107239
44.9122 -0.104147
44.9137 -0.101098
44.9152 -0.0980935
44.9167 -0.0951323
44.9182 -0.0922147
44.9197 -0.0893409
44.9212 -0.0865108
44.9227 -0.0837246
44.9242 -0.0809821
44.9257 -0.0782835
44.9272 -0.0756288
44.9287 -0.0730179
44.9302 -0.070451
44.9317 -0.0679281
44.9332 -0.0654492
44.9347 -0.0630142
44.9362 -0.0606234
44.9377 -0.0582766
44.9392 -0.0559739
44.9407 -0.0537153
44.9422 -0.0515009
44.9437 -0.0493306
44.9452 -0.0472046
44.9467 -0.0451227
44.9482 -0.0430851
44.9497 -0.0410918
44.9512 -0.0391427
44.9527 -0.0372379
44.9542 -0.0353775
44.9557 -0.0335614
44.9572 -0.0317897
44.9587 -0.0300623
44.9602 -0.0283793
44.9617 -0.0267408
44.9632 -0.0251467
44.9647 -0.023597
44.9662 -0.0220917
44.9677 -0.020631
44.9692 -0.0192147
44.9707 -0.0178429
44.9722 -0.0165156
44.9737 -0.0152328
44.9752 -0.0139946
44.9767 -0.0128009
44.9782 -0.0116518
44.9797 -0.0105472
44.9812 -0.00948719
44.9827 -0.00847176
44.9842 -0.0075009
44.9857 -0.00657464
44.9872 -0.00569298
44.9887 -0.00485591
44.9902 -0.00406345
44.9917 -0.00331561
44.9932 -0.00261237
44.9947 -0.00195376
44.9962 -0.00133976
44.9977 -0.000770391
44.9992 -0.000245641
45.0008 0.000234485
45.0023 0.000669988
45.0038 0.00106087
45.0053 0.00140713
45.0068 0.00170876
45.0083 0.00196578
45.0098 0.00217819
45.0113 0.00234598
45.0128 0.00246917
45.0143 0.00254776
45.0158 0.00258175
45.0173 0.00257115
45.0188 0.00251597
45.0203 0.00241621
45.0218 0.00227188
45.0233 0.00208299
45.0248 0.00184955
45.0263 0.00157157
45.0278 0.00124907
45.0293 0.000882037
45.0308 0.000470501
45.0323 1.44689e-05
45.0338 -0.000486046
45.0353 -0.00103103
45.0368 -0.00162047
45.0383 -0.00225435
45.0398 -0.00293266
45.0413 -0.00365537
45.0428 -0.00442248
45.0443 -0.00523397
45.0458 -0.00608981
45.0473 -0.00698999
45.0488 -0.0079345
45.0503 -0.00892331
45.0518 -0.00995639
45.0533 -0.0110337
45.0548 -0.0121553
45.0563 -0.0133211
45.0578 -0.0145311
45.0593 -0.0157853
45.0608 -0.0170836
45.0623 -0.0184261
45.0638 -0.0198126
45.0653 -0.0212433
45.0668 -0.0227179
45.0683 -0.0242366
45.0698 -0.0257993
45.0713 -0.0274059
45.0728 -0.0290565
45.0743 -0.030751
45.0758 -0.0324894
45.0773 -0.0342716
45.0788 -0.0360976
45.0803 -0.0379674
45.0818 -0.039881
45.0833 -0.0418382
45.0848 -0.0438392
45.0863 -0.0458838
45.0878 -0.047972
45.0893 -0.0501039
45.0908 -0.0522792
45.0923 -0.0544981
45.0938 -0.0567604
45.0953 -0.0590662
45.0968 -0.0614153
45.0983 -0.0638079
45.0998 -0.0662437
45.1013 -0.0687228
45.1028 -0.0712452
45.1043 -0.0738107
45.1058 -0.0764194
45.1073 -0.0790712
45.1088 -0.0817661
45.1103 -0.0845039
45.1118 -0.0872848
45.1133 -0.0901086
45.1148 -0.0929753
45.1163 -0.0958848
45.1178 -0.0988371
45.1193 -0.101832
45.1208 -0.10487
45.1223 -0.10795
45.1238 -0.111073
45.1253 -0.114239
45.1268 -0.117447
45.1283 -0.120698
45.1298 -0.12399
45.1313 -0.127326
45.1328 -0.130703
45.1343 -0.134123
45.1358 -0.137585
45.1373 -0.141089
45.1388 -0.144635
45.1403 -0.148223
45.1418 -0.151853
45.1433 -0.155525
45.1448 -0.159239
45.1463 -0.162995
45.1478 -0.166792
45.1493 -0.170631
45.1508 -0.174512
45.1523 -0.178434
45.1538 -0.182398
45.1553 -0.186403
45.1568 -0.19045
45.1583 -0.194537
45.1598 -0.198666
45.1613 -0.202837
45.1628 -0.207048
45.1643 -0.2113
45.1658 -0.215593
45.1673 -0.219928
45.1688 -0.224303
45.1703 -0.228718
45.1718 -0.233175
45.1733 -0.237672
45.1748 -0.24221
45.1763 -0.246788
45.1778 -0.251406
45.1793 -0.256065
45.1808 -0.260764
45.1823 -0.265504
45.1838 -0.270283
45.1853 -0.275103
45.1868 -0.279962
45.1883 -0.284862
45.1898 -0.289801
45.1913 -0.29478
45.1928 -0.299799
45.1943 -0.304857
45.1958 -0.309955
45.1973 -0.315092
45.1988 -0.320269
45.2004 -0.325484
45.2019 -0.330739
45.2034 -0.336033
45.2049 -0.341367
45.2064 -0.346739
45.2079 -0.35215
45.2094 -0.357599
45.2109 -0.363088
45.2124 -0.368615
45.2139 -0.374181
45.2154 -0.379785
45.2169 -0.385427
45.2184 -0.391108
45.2199 -0.396826
45.2214 -0.402583
45.2229 -0.408378
45.2244 -0.414211
45.2259 -0.420081
45.2274 -0.42599
45.2289 -0.431936
45.2304 -0.437919
45.2319 -0.44394
45.2334 -0.449998
45.2349 -0.456094
45.2364 -0.462226
45.2379 -0.468396
45.2394 -0.474603
45.2409 -0.480846
45.2424 -0.487127
45.2439 -0.493444
45.2454 -0.499797
45.2469 -0.506187
45.2484 -0.512614
45.2499 -0.519077
45.2514 -0.525575
45.2529 -0.53211
45.2544 -0.538681
45.2559 -0.545288
45.2574 -0.551931
45.2589 -0.558609
45.2604 -0.565323
45.2619 -0.572072
45.2634 -0.578857
45.2649 -0.585676
45.2664 -0.592531
45.2679 -0.599421
45.2694 -0.606346
45.2709 -0.613306
45.2724 -0.6203
45.2739 -0.627329
45.2754 -0.634393
45.2769 -0.641491
45.2784 -0.648623
45.2799 -0.655789
45.2814 -0.662989
45.2829 -0.670223
45.2844 -0.677491
45.2859 -0.684793
45.2874 -0.692128
45.2889 -0.699496
45.2904 -0.706898
45.2919 -0.714333
45.2934 -0.721802
45.2949 -0.729303
45.2964 -0.736837
45.2979 -0.744404
45.2994 -0.752003
45.3009 -0.759635
45.3024 -0.767299
45.3039 -0.774996
45.3054 -0.782725
45.3069 -0.790485
45.3084 -0.798278
45.3099 -0.806102
45.3114 -0.813958
45.3129 -0.821845
45.3144 -0.829764
45.3159 -0.837714
45.3174 -0.845696
45.3189 -0.853708
45.3204 -0.861751
45.3219 -0.869824
45.3234 -0.877929
45.3249 -0.886064
45.3264 -0.894229
45.3279 -0.902424
45.3294 -0.91065
45.3309 -0.918905
45.3324 -0.92719
45.3339 -0.935505
45.3354 -0.943849
45.3369 -0.952223
45.3384 -0.960626
45.3399 -0.969059
45.3414 -0.97752
45.3429 -0.98601
45.3444 -0.994528
45.3459 -1.00308
45.3474 -1.01165
45.3489 -1.02026
45.3504 -1.02889
45.3519 -1.03755
45.3534 -1.04624
45.3549 -1.05495
45.3564 -1.0637
45.3579 -1.07247
45.3594 -1.08126
45.3609 -1.09009
45.3624 -1.09894
45.3639 -1.10782
45.3654 -1.11673
45.3669 -1.12566
45.3684 -1.13462
45.3699 -1.1436
45.3714 -1.15261
45.3729 -1.16165
45.3744 -1.17071
45.3759 -1.1798
45.3774 -1.18892
45.3789 -1.19806
45.3804 -1.20722
45.3819 -1.21641
45.3834 -1.22562
45.3849 -1.23486
45.3864 -1.24413
45.3879 -1.25341
45.3894 -1.26273
45.3909 -1.27206
45.3924 -1.28142
45.3939 -1.29081
45.3954 -1.30022
45.3969 -1.30965
45.3984 -1.3191
45.3999 -1.32858
45.4015 -1.33808
45.403 -1.3476
45.4045 -1.35715
45.406 -1.36672
45.4075 -1.37631
45.409 -1.38592
45.4105 -1.39556
45.412 -1.40522
45.4135 -1.41489
45.415 -1.42459
45.4165 -1.43432
45.418 -1.44406
45.4195 -1.45382
45.421 -1.46361
45.4225 -1.47341
45.424 -1.48324
45.4255 -1.49308
45.427 -1.50295
45.4285 -1.51284
45.43 -1.52274
45.4315 -1.53267
45.433 -1.54261
45.4345 -1.55258
45.436 -1.56256
45.4375 -1.57256
45.439 -1.58258
45.4405 -1.59262
45.442 -1.60268
45.4435 -1.61275
45.445 -1.62285
45.4465 -1.63296
45.448 -1.64309
45.4495 -1.65324
45.451 -1.6634
45.4525 -1.67358
45.454 -1.68378
45.4555 -1.69399
45.457 -1.70423
45.4585 -1.71447
45.46 -1.72474
45.4615 -1.73502
45.463 -1.74531
45.4645 -1.75562
45.466 -1.76595
45.4675 -1.77629
45.469 -1.78665
45.4705 -1.79702
45.472 -1.80741
45.4735 -1.81781
45.475 -1.82823
45.4765 -1.83866
45.478 -1.8491
45.4795 -1.85956
45.481 -1.87003
45.4825 -1.88051
45.484 -1.89101
45.4855 -1.90152
45.487 -1.91204
45.4885 -1.92258
45.49 -1.93312
45.4915 -1.94368
45.493 -1.95425
45.4945 -1.96484
45.496 -1.97543
45.4975 -1.98604
45.499 -1.99666
45.5005 -2.00728
45.502 -2.01792
45.5035 -2.02857
45.505 -2.03923
45.5065 -2.0499
45.508 -2.06058
45.5095 -2.07127
45.511 -2.08197
45.5125 -2.09268
45.514 -2.1034
45.5155 -2.11412
45.517 -2.12486
45.5185 -2.1356
45.52 -2.14635
45.5215 -2.15711
45.523 -2.16788
45.5245 -2.17866
45.526 -2.18944
45.5275 -2.20023
45.529 -2.21103
45.5305 -2.22183
45.532 -2.23264
45.5335 -2.24346
45.535 -2.25428
45.5365 -2.26511
45.538 -2.27594
45.5395 -2.28678
45.541 -2.29762
45.5425 -2.30847
45.544 -2.31933
45.5455 -2.33019
45.547 -2.34105
45.5485 -2.35192
45.55 -2.36279
45.5515 -2.37367
45.553 -2.38454
45.5545 -2.39543
45.556 -2.40631
45.5575 -2.4172
45.559 -2.42809
45.5605 -2.43898
45.562 -2.44988
45.5635 -2.46077
45.565 -2.47167
45.5665 -2.48257
45.568 -2.49347
45.5695 -2.50437
45.571 -2.51528
45.5725 -2.52618
45.574 -2.53708
45.5755 -2.54799
45.577 -2.55889
45.5785 -2.56979
45.58 -2.58069
45.5815 -2.5916
45.583 -2.6025
45.5845 -2.61339
45.586 -2.62429
45.5875 -2.63519
45.589 -2.64608
45.5905 -2.65697
45.592 -2.66786
45.5935 -2.67874
45.595 -2.68963
45.5965 -2.7005
45.598 -2.71138
45.5995 -2.72225
45.6011 -2.73312
45.6026 -2.74398
45.6041 -2.75484
45.6056 -2.7657
45.6071 -2.77655
45.6086 -2.78739
45.6101 -2.79823
45.6116 -2.80906
45.6131 -2.81989
45.6146 -2.83071
45.6161 -2.84152
45.6176 -2.85233
45.6191 -2.86313
45.6206 -2.87392
45.6221 -2.88471
45.6236 -2.89549
45.6251 -2.90626
45.6266 -2.91702
45.6281 -2.92777
45.6296 -2.93852
45.6311 -2.94925
45.6326 -2.95998
45.6341 -2.97069
45.6356 -2.9814
45.6371 -2.9921
45.6386 -3.00278
45.6401 -3.01346
45.6416 -3.02412
45.6431 -3.03478
45.6446 -3.04542
45.6461 -3.05605
45.6476 -3.06667
45.6491 -3.07728
45.6506 -3.08787
45.6521 -3.09846
45.6536 -3.10902
45.6551 -3.11958
45.6566 -3.13012
45.6581 -3.14065
45.6596 -3.15117
45.6611 -3.16167
45.6626 -3.17215
45.6641 -3.18262
45.6656 -3.19308
45.6671 -3.20352
45.6686 -3.21395
45.6701 -3.22436
45.6716 -3.23475
45.6731 -3.24513
45.6746 -3.25549
45.6761 -3.26583
45.6776 -3.27616
45.6791 -3.28647
45.6806 -3.29676
45.6821 -3.30703
45.6836 -3.31728
45.6851 -3.32752
45.6866 -3.33774
45.6881 -3.34793
45.6896 -3.35811
45.6911 -3.36827
45.6926 -3.37841
45.6941 -3.38853
45.6956 -3.39863
45.6971 -3.4087
45.6986 -3.41876
45.7001 -3.42879
45.7016 -3.4388
45.7031 -3.4488
45.7046 -3.45876
45.7061 -3.46871
45.7076 -3.47863
45.7091 -3.48853
45.7106 -3.49841
45.7121 -3.50826
45.7136 -3.51809
45.7151 -3.52789
45.7166 -3.53767
45.7181 -3.54743
45.7196 -3.55716
45.7211 -3.56686
45.7226 -3.57654
45.7241 -3.5862
45.7256 -3.59582
45.7271 -3.60542
45.7286 -3.61499
45.7301 -3.62454
45.7316 -3.63406
45.7331 -3.64355
45.7346 -3.65301
45.7361 -3.66244
45.7376 -3.67185
45.7391 -3.68122
45.7406 -3.69057
45.7421 -3.69989
45.7436 -3.70918
45.7451 -3.71843
45.7466 -3.72766
45.7481 -3.73686
45.7496 -3.74602
45.7511 -3.75515
45.7526 -3.76425
45.7541 -3.77332
45.7556 -3.78236
45.7571 -3.79137
45.7586 -3.80034
45.7601 -3.80928
45.7616 -3.81818
45.7631 -3.82705
45.7646 -3.83589
45.7661 -3.84469
45.7676 -3.85346
45.7691 -3.86219
45.7706 -3.87089
45.7721 -3.87955
45.7736 -3.88817
45.7751 -3.89676
45.7766 -3.90531
45.7781 -3.91383
45.7796 -3.92231
45.7811 -3.93075
45.7826 -3.93915
45.7841 -3.94751
45.7856 -3.95584
45.7871 -3.96412
45.7886 -3.97237
45.7901 -3.98058
45.7916 -3.98875
45.7931 -3.99687
45.7946 -4.00496
45.7961 -4.01301
45.7976 -4.02101
45.7991 -4.02898
45.8007 -4.0369
45.8022 -4.04478
45.8037 -4.05261
45.8052 -4.06041
45.8067 -4.06816
45.8082 -4.07587
45.8097 -4.08353
45.8112 -4.09115
45.8127 -4.09873
45.8142 -4.10626
45.8157 -4.11375
45.8172 -4.12119
45.8187 -4.12858
45.8202 -4.13593
45.8217 -4.14323
45.8232 -4.15049
45.8247 -4.1577
45.8262 -4.16486
45.8277 -4.17197
45.8292 -4.17904
45.8307 -4.18605
45.8322 -4.19302
45.8337 -4.19994
45.8352 -4.20681
45.8367 -4.21363
45.8382 -4.2204
45.8397 -4.22712
45.8412 -4.23379
45.8427 -4.24041
45.8442 -4.24697
45.8457 -4.25349
45.8472 -4.25995
45.8487 -4.26636
45.8502 -4.27271
45.8517 -4.27902
45.8532 -4.28527
45.8547 -4.29146
45.8562 -4.29761
45.8577 -4.30369
45.8592 -4.30973
45.8607 -4.3157
45.8622 -4.32162
45.8637 -4.32749
45.8652 -4.3333
45.8667 -4.33905
45.8682 -4.34475
45.8697 -4.35039
45.8712 -4.35597
45.8727 -4.36149
45.8742 -4.36695
45.8757 -4.37236
45.8772 -4.3777
45.8787 -4.38299
45.8802 -4.38822
45.8817 -4.39338
45.8832 -4.39849
45.8847 -4.40354
45.8862 -4.40852
45.8877 -4.41344
45.8892 -4.4183
45.8907 -4.4231
45.8922 -4.42783
45.8937 -4.43251
45.8952 -4.43711
45.8967 -4.44166
45.8982 -4.44614
45.8997 -4.45056
45.9012 -4.45491
45.9027 -4.45919
45.9042 -4.46341
45.9057 -4.46757
45.9072 -4.47165
45.9087 -4.47568
45.9102 -4.47963
45.9117 -4.48352
45.9132 -4.48733
45.9147 -4.49108
45.9162 -4.49477
45.9177 -4.49838
45.9192 -4.50192
45.9207 -4.5054
45.9222 -4.5088
45.9237 -4.51213
45.9252 -4.5154
45.9267 -4.51859
45.9282 -4.52171
45.9297 -4.52475
45.9312 -4.52773
45.9327 -4.53063
45.9342 -4.53346
45.9357 -4.53622
45.9372 -4.5389
45.9387 -4.54151
45.9402 -4.54404
45.9417 -4.5465
45.9432 -4.54888
45.9447 -4.55119
45.9462 -4.55342
45.9477 -4.55557
45.9492 -4.55765
45.9507 -4.55965
45.9522 -4.56157
45.9537 -4.56342
45.9552 -4.56518
45.9567 -4.56687
45.9582 -4.56848
45.9597 -4.57001
45.9612 -4.57146
45.9627 -4.57282
45.9642 -4.57411
45.9657 -4.57532
45.9672 -4.57644
45.9687 -4.57748
45.9702 -4.57844
45.9717 -4.57932
45.9732 -4.58011
45.9747 -4.58082
45.9762 -4.58145
45.9777 -4.58199
45.9792 -4.58245
45.9807 -4.58282
45.9822 -4.58311
45.9837 -4.58331
45.9852 -4.58343
45.9867 -4.58345
45.9882 -4.58339
45.9897 -4.58325
45.9912 -4.58301
45.9927 -4.58269
45.9942 -4.58228
45.9957 -4.58178
45.9972 -4.58119
45.9987 -4.58051
46.0003 -4.57974
46.0018 -4.57887
46.0033 -4.57792
46.0048 -4.57688
46.0063 -4.57574
46.0078 -4.57451
46.0093 -4.57319
46.0108 -4.57178
46.0123 -4.57027
46.0138 -4.56867
46.0153 -4.56697
46.0168 -4.56518
46.0183 -4.56329
46.0198 -4.56131
46.0213 -4.55923
46.0228 -4.55705
46.0243 -4.55478
46.0258 -4.55241
46.0273 -4.54995
46.0288 -4.54738
46.0303 -4.54472
46.0318 -4.54195
46.0333 -4.53909
46.0348 -4.53613
46.0363 -4.53307
46.0378 -4.5299
46.0393 -4.52664
46.0408 -4.52327
46.0423 -4.51981
46.0438 -4.51624
46.0453 -4.51256
46.0468 -4.50879
46.0483 -4.50491
46.0498 -4.50092
46.0513 -4.49683
46.0528 -4.49264
46.0543 -4.48834
46.0558 -4.48394
46.0573 -4.47943
46.0588 -4.47481
46.0603 -4.47009
46.0618 -4.46525
46.0633 -4.46031
46.0648 -4.45527
46.0663 -4.45011
46.0678 -4.44484
46.0693 -4.43947
46.0708 -4.43398
46.0723 -4.42839
46.0738 -4.42268
46.0753 -4.41686
46.0768 -4.41093
46.0783 -4.40489
46.0798 -4.39873
46.0813 -4.39246
46.0828 -4.38608
46.0843 -4.37958
46.0858 -4.37297
46.0873 -4.36625
46.0888 -4.35941
46.0903 -4.35245
46.0918 -4.34538
46.0933 -4.33819
46.0948 -4.33088
46.0963 -4.32345
46.0978 -4.31591
46.0993 -4.30825
46.1008 -4.30047
46.1023 -4.29257
46.1038 -4.28455
46.1053 -4.27641
46.1068 -4.26815
46.1083 -4.25977
46.1098 -4.25127
46.1113 -4.24265
46.1128 -4.2339
46.1143 -4.22503
46.1158 -4.21604
46.1173 -4.20692
46.1188 -4.19768
46.1203 -4.18831
46.1218 -4.17882
46.1233 -4.1692
46.1248 -4.15946
46.1263 -4.14959
46.1278 -4.13959
46.1293 -4.12947
46.1308 -4.11921
46.1323 -4.10883
46.1338 -4.09832
46.1353 -4.08768
46.1368 -4.07692
46.1383 -4.06602
46.1398 -4.05499
46.1413 -4.04383
46.1428 -4.03253
46.1443 -4.02111
46.1458 -4.00955
46.1473 -3.99786
46.1488 -3.98604
46.1503 -3.97408
46.1518 -3.96199
46.1533 -3.94976
46.1548 -3.9374
46.1563 -3.9249
46.1578 -3.91226
46.1593 -3.89949
46.1608 -3.88658
46.1623 -3.87354
46.1638 -3.86035
46.1653 -3.84703
46.1668 -3.83357
46.1683 -3.81997
46.1698 -3.80622
46.1713 -3.79234
46.1728 -3.77832
46.1743 -3.76415
46.1758 -3.74985
46.1773 -3.7354
46.1788 -3.7208
46.1803 -3.70607
46.1818 -3.69119
46.1833 -3.67616
46.1848 -3.66099
46.1863 -3.64568
46.1878 -3.63022
46.1893 -3.61461
46.1908 -3.59886
46.1923 -3.58296
46.1938 -3.56691
46.1953 -3.55071
46.1968 -3.53437
46.1983 -3.51787
46.1998 -3.50123
46.2014 -3.48444
46.2029 -3.46749
46.2044 -3.45039
46.2059 -3.43315
46.2074 -3.41575
46.2089 -3.39819
46.2104 -3.38049
46.2119 -3.36263
46.2134 -3.34461
46.2149 -3.32645
46.2164 -3.30812
46.2179 -3.28964
46.2194 -3.27101
46.2209 -3.25222
46.2224 -3.23327
46.2239 -3.21416
46.2254 -3.1949
46.2269 -3.17548
46.2284 -3.1559
46.2299 -3.13615
46.2314 -3.11625
46.2329 -3.09619
46.2344 -3.07597
46.2359 -3.05558
46.2374 -3.03504
46.2389 -3.01433
46.2404 -2.99346
46.2419 -2.97242
46.2434 -2.95122
46.2449 -2.92986
46.2464 -2.90833
46.2479 -2.88663
46.2494 -2.86477
46.2509 -2.84274
46.2524 -2.82055
46.2539 -2.79819
46.2554 -2.77566
46.2569 -2.75296
46.2584 -2.73009
46.2599 -2.70705
46.2614 -2.68384
46.2629 -2.66046
46.2644 -2.63691
46.2659 -2.61319
46.2674 -2.5893
46.2689 -2.56523
46.2704 -2.54099
46.2719 -2.51658
46.2734 -2.49199
46.2749 -2.46723
46.2764 -2.44229
46.2779 -2.41718
46.2794 -2.39189
46.2809 -2.36642
46.2824 -2.34078
46.2839 -2.31495
46.2854 -2.28895
46.2869 -2.26277
46.2884 -2.23641
46.2899 -2.20987
46.2914 -2.18315
46.2929 -2.15625
46.2944 -2.12917
46.2959 -2.10191
46.2974 -2.07446
46.2989 -2.04683
46.3004 -2.01902
46.3019 -1.99102
46.3034 -1.96284
46.3049 -1.93447
46.3064 -1.90591
46.3079 -1.87717
46.3094 -1.84825
46.3109 -1.81913
46.3124 -1.78983
46.3139 -1.76034
46.3154 -1.73066
46.3169 -1.70079
46.3184 -1.67073
46.3199 -1.64048
46.3214 -1.61004
46.3229 -1.57941
46.3244 -1.54858
46.3259 -1.51757
46.3274 -1.48636
46.3289 -1.45495
46.3304 -1.42335
46.3319 -1.39156
46.3334 -1.35957
46.3349 -1.32738
46.3364 -1.295
46.3379 -1.26242
46.3394 -1.22965
46.3409 -1.19667
46.3424 -1.1635
46.3439 -1.13013
46.3454 -1.09655
46.3469 -1.06278
46.3484 -1.02881
46.3499 -0.994634
46.3514 -0.960257
46.3529 -0.925678
46.3544 -0.890896
46.3559 -0.85591
46.3574 -0.82072
46.3589 -0.785325
46.3604 -0.749725
46.3619 -0.713919
46.3634 -0.677907
46.3649 -0.641688
46.3664 -0.605261
46.3679 -0.568626
46.3694 -0.531783
46.3709 -0.494731
46.3724 -0.457469
46.3739 -0.419996
46.3754 -0.382313
46.3769 -0.344419
46.3784 -0.306312
46.3799 -0.267993
46.3814 -0.229461
46.3829 -0.190716
46.3844 -0.151756
46.3859 -0.112582
46.3874 -0.0731917
46.3889 -0.033586
46.3904 0.00623604
46.3919 0.0462751
46.3934 0.0865317
46.3949 0.127006
46.3964 0.1677
46.3979 0.208613
46.3994 0.249745
46.401 0.291098
46.4025 0.332672
46.404 0.374467
46.4055 0.416485
46.407 0.458725
46.4085 0.501188
46.41 0.543875
46.4115 0.586787
46.413 0.629923
46.4145 0.673285
46.416 0.716873
46.4175 0.760688
46.419 0.80473
46.4205 0.849
46.422 0.893499
46.4235 0.938226
46.425 0.983183
46.4265 1.02837
46.428 1.07379
46.4295 1.11944
46.431 1.16532
46.4325 1.21143
46.434 1.25778
46.4355 1.30436
46.437 1.35117
46.4385 1.39822
46.44 1.4455
46.4415 1.49302
46.443 1.54078
46.4445 1.58878
46.446 1.63701
46.4475 1.68548
46.449 1.73419
46.4505 1.78313
46.452 1.83232
46.4535 1.88175
46.455 1.93142
46.4565 1.98133
46.458 2.03149
46.4595 2.08189
46.461 2.13253
46.4625 2.18341
46.464 2.23454
46.4655 2.28592
46.467 2.33754
46.4685 2.38941
46.47 2.44152
46.4715 2.49389
46.473 2.5465
46.4745 2.59936
46.476 2.65247
46.4775 2.70583
46.479 2.75944
46.4805 2.8133
46.482 2.86742
46.4835 2.92178
46.485 2.9764
46.4865 3.03128
46.488 3.08641
46.4895 3.14179
46.491 3.19743
46.4925 3.25332
46.494 3.30947
46.4955 3.36588
46.497 3.42255
46.4985 3.47948
46.5 3.53666
