0 -4.99266
0.1 -3.67219
0.2 -3.38541
0.3 -2.05246
0.4 -3.02364
0.5 -2.82944
0.6 -5.72373
0.7 -5.92749
0.8 -5.67224
0.9 -5.89128
1 -5.94777
1.1 -5.73535
1.2 -5.84376
1.3 -5.01765
1.4 -5.90477
1.5 -5.46557
1.6 -5.43005
1.7 -5.82377
1.8 -5.61669
1.9 -5.94903
2 -5.76471
2.1 -3.34558
2.2 -5.75395
2.3 -5.4122
2.4 -5.88738
2.5 -5.16596
2.6 -4.98567
2.7 -5.36238
2.8 -5.40048
2.9 -5.61021
3 -5.80285
3.1 -5.51044
3.2 -5.89549
3.3 -4.64342
3.4 -5.44749
3.5 -5.83238
3.6 -4.81254
3.7 -5.7688
3.8 -5.91468
3.9 -5.95547
4 -5.11928
4.1 -5.50305
4.2 -5.87599
4.3 -1.58412
4.4 -4.68977
4.5 -5.8577
4.6 -4.1073
4.7 -5.57863
4.8 -5.76736
4.9 -5.70961
5 -5.74455
5.1 -5.95901
5.2 -5.95279
5.3 -5.96019
5.4 -5.17638
5.5 -4.71031
5.6 -5.83744
5.7 -5.54599
5.8 -5.96166
5.9 -5.84143
6 -5.46909
6.1 -5.56834
6.2 -5.96173
6.3 -5.34475
6.4 -5.52853
6.5 -5.846
6.6 -5.40818
6.7 -5.35548
6.8 -5.94523
6.9 -5.8288
7 -5.9004
7.1 -5.95479
7.2 -5.36543
7.3 -5.92609
7.4 -5.68702
7.5 -4.17512
7.6 -5.96265
7.7 -5.39829
7.8 -5.61035
7.9 -5.62406
8 -5.6301
8.1 -5.2912
8.2 -5.76939
8.3 -4.13775
8.4 -5.36893
8.5 -4.05727
8.6 -5.02925
8.7 -5.30568
8.8 -5.8334
8.9 -5.01672
9 -5.54387
9.1 -5.34277
9.2 -5.40483
9.3 -5.95847
9.4 -5.95356
9.5 -5.50631
9.6 -4.28933
9.7 -3.92276
9.8 -5.44886
9.9 -4.51564
10 -5.91192
10.1 -5.54765
10.2 -5.85595
10.3 -5.42133
10.4 -5.30186
10.5 -4.17597
10.6 -4.96734
10.7 -5.92745
10.8 -5.23835
10.9 -4.81076
11 -5.03546
11.1 -5.0937
11.2 -5.13546
11.3 -5.83501
11.4 -5.73713
11.5 -4.48269
11.6 -5.96309
11.7 -5.90823
11.8 -5.81221
11.9 -5.791
12 -5.21697
12.1 -5.85815
12.2 -5.6667
12.3 -5.9323
12.4 -5.93626
12.5 -5.304
12.6 -5.67671
12.7 -5.91284
12.8 -5.94705
12.9 -5.79884
13 -5.93118
13.1 -5.80855
13.2 -4.89933
13.3 -5.55249
13.4 -5.42437
13.5 -5.68464
13.6 -5.77047
13.7 -5.96319
13.8 -5.59605
13.9 -5.37124
14 -5.86626
14.1 -5.48023
14.2 -5.56052
14.3 -5.33548
14.4 -5.12864
14.5 -5.57817
14.6 -3.98914
14.7 -5.84847
14.8 -4.48293
14.9 -4.66486
15 -5.9575
15.1 -5.93067
15.2 -5.7505
15.3 -2.02311
15.4 -5.95138
15.5 -5.91651
15.6 -5.95859
15.7 -5.58947
15.8 -5.96306
15.9 -4.23526
16 -5.92688
16.1 -4.88527
16.2 -2.75295
16.3 -5.6028
16.4 -5.77729
16.5 -5.81608
16.6 -1.59973
16.7 -3.0996
16.8 -5.93202
16.9 -5.59063
17 -5.7759
17.1 -5.76104
17.2 -5.21831
17.3 -5.84843
17.4 -5.81597
17.5 -4.75391
17.6 -5.87679
17.7 -5.73637
17.8 -3.36885
17.9 -5.12813
18 -4.99311
18.1 -5.52622
18.2 -5.24197
18.3 -3.5121
18.4 -5.85877
18.5 -5.44092
18.6 -5.68517
18.7 -5.05245
18.8 -5.72587
18.9 -5.17912
19 -5.94796
19.1 -5.42373
19.2 -5.31279
19.3 -4.71095
19.4 -4.62181
19.5 -3.58443
19.6 -4.68224
19.7 -5.23578
19.8 -5.34663
19.9 -5.94495
20 -5.27471
20.1 -5.86842
20.2 -4.35052
20.3 -2.52994
20.4 -5.96503
20.5 -5.94051
20.6 -5.21219
20.7 -5.40679
20.8 -5.63175
20.9 -5.96717
21 -4.30406
21.1 -5.96025
21.2 -5.82752
21.3 -5.105
21.4 -4.63998
21.5 -5.96204
21.6 -5.91621
21.7 -5.9354
21.8 -4.35219
21.9 -5.96575
22 -5.57999
22.1 -5.93312
22.2 -4.72921
22.3 -5.89215
22.4 -5.85012
22.5 -5.9318
22.6 -5.48401
22.7 -3.87498
22.8 -5.87601
22.9 -2.4876
23 -5.50086
23.1 -5.92654
23.2 -5.50219
23.3 -3.73571
23.4 -5.75219
23.5 -5.93765
23.6 -5.9024
23.7 -5.96062
23.8 -5.20554
23.9 -5.57996
24 -5.09791
24.1 -5.96989
24.2 -5.96886
24.3 -5.82799
24.4 -5.84226
24.5 -4.98397
24.6 -3.80538
24.7 -5.95218
24.8 -4.34074
24.9 -5.16448
25 -5.47007
25.1 -5.67618
25.2 -5.97038
25.3 -5.92267
25.4 -5.88474
25.5 -5.87619
25.6 -5.21917
25.7 -5.37622
25.8 -5.93804
25.9 -5.61783
26 -5.96679
26.1 -5.92376
26.2 -5.94564
26.3 -5.96076
26.4 -5.43827
26.5 -5.91277
26.6 -5.95061
26.7 -4.15072
26.8 -5.94381
26.9 -5.97048
27 -5.01071
27.1 -5.84642
27.2 -5.76134
27.3 -5.94302
27.4 -5.33194
27.5 -5.86513
27.6 -3.35961
27.7 -5.73496
27.8 -4.67001
27.9 -5.64402
28 -4.76227
28.1 -5.56117
28.2 -5.83703
28.3 -5.84422
28.4 -5.59169
28.5 -5.53444
28.6 -5.04452
28.7 -5.74315
28.8 -5.97032
28.9 -5.22719
29 -5.92034
29.1 -5.53293
29.2 -5.92129
29.3 -4.19273
29.4 -4.10728
29.5 -5.71563
29.6 -5.9218
29.7 -5.89162
29.8 -5.62574
29.9 -5.91844
30 -5.94118
30.1 -5.7214
30.2 -5.83612
30.3 -3.99569
30.4 -5.75218
30.5 -5.67066
30.6 -5.96855
30.7 -5.19859
30.8 -5.96049
30.9 -4.48585
31 -5.33581
31.1 -5.95963
31.2 -5.64279
31.3 -5.72098
31.4 -5.18699
31.5 -5.34109
31.6 -5.93925
31.7 -5.25858
31.8 -5.90942
31.9 -5.33679
32 -5.95157
32.1 -5.94725
32.2 -5.58899
32.3 -3.44151
32.4 -5.8618
32.5 -5.206
32.6 -5.86815
32.7 -5.93555
32.8 -5.6405
32.9 -5.81361
33 -4.79329
33.1 -4.84655
33.2 -5.75458
33.3 -5.78008
33.4 -5.95409
33.5 -5.84703
33.6 -5.96866
33.7 -5.61971
33.8 -5.95001
33.9 -5.92948
34 -5.63917
34.1 -5.95528
34.2 -5.83102
34.3 -5.55534
34.4 -5.79408
34.5 -4.45228
34.6 -5.94995
34.7 -5.65142
34.8 -5.81672
34.9 -5.91615
35 -5.86546
35.1 -5.78306
35.2 -5.30952
35.3 -5.556
35.4 -5.97549
35.5 -4.84967
35.6 -5.92058
35.7 -5.86179
35.8 -5.91714
35.9 -5.91056
36 -4.85632
36.1 -5.60781
36.2 -5.97271
36.3 -5.67388
36.4 -5.92606
36.5 -5.87842
36.6 -5.44585
36.7 -5.8814
36.8 -5.80053
36.9 -5.57873
37 -5.86343
37.1 -5.9559
37.2 -5.69402
37.3 -4.79398
37.4 -5.77778
37.5 -5.87112
37.6 -5.5811
37.7 -3.86265
37.8 -4.34849
37.9 -5.97012
38 -5.9661
38.1 -5.94545
38.2 -5.49545
38.3 -5.97329
38.4 -5.71578
38.5 -5.92699
38.6 -5.6854
38.7 -4.8238
38.8 -5.68224
38.9 -4.38165
39 -5.09915
39.1 -5.68433
39.2 -5.08355
39.3 -5.96486
39.4 -5.21863
39.5 -5.97187
39.6 -5.74037
39.7 -5.77022
39.8 -3.66068
39.9 -3.01518
40 -3.55231
40.1 -3.63442
40.2 -3.63017
40.3 -3.32997
40.4 -3.52389
40.5 -3.23844
40.6 -3.61524
40.7 -3.20717
40.8 -2.088
40.9 -3.65493
41 -3.66275
41.1 -3.45202
41.2 -3.23932
41.3 -3.17805
41.4 -3.65342
41.5 -2.82945
41.6 -3.5316
41.7 -3.34107
41.8 -3.57271
41.9 -3.57138
42 0.0122667
42.1 -1.24758
42.2 -1.94509
42.3 -2.00596
42.4 -3.13847
42.5 -3.40802
42.6 -2.95388
42.7 -3.66236
42.8 -3.50148
42.9 -3.13182
43 -3.09937
43.1 -0.66591
43.2 -3.65224
43.3 -3.55589
43.4 -3.66256
43.5 -3.60994
43.6 -3.66146
43.7 -3.61117
43.8 -3.60074
43.9 -3.63568
44 -3.65771
44.1 -3.20153
44.2 -2.44449
44.3 -3.50668
44.4 -3.66147
44.5 -2.96995
44.6 -3.35027
44.7 -3.57437
44.8 -3.47421
44.9 0.622885
45 -3.45006
45.1 -2.75717
45.2 -3.59174
45.3 -3.64293
45.4 -2.67845
45.5 -3.50017
45.6 -3.2015
45.7 -3.15914
45.8 -2.65172
45.9 -3.65321
46 -3.59722
46.1 -2.75939
46.2 -3.66113
46.3 -3.5982
46.4 -2.92486
46.5 -1.94747
46.6 -3.4947
46.7 -3.5252
46.8 -3.60525
46.9 -3.62946
47 -3.5923
47.1 -3.51977
47.2 -3.64117
47.3 -3.50784
47.4 -2.5963
47.5 -3.65616
47.6 -3.11126
47.7 -3.64963
47.8 -3.65555
47.9 -3.65159
48 -3.57246
48.1 -3.43266
48.2 -2.56269
48.3 -1.6401
48.4 -3.52711
48.5 -2.65625
48.6 -3.30532
48.7 -3.58365
48.8 -3.32398
48.9 -3.24187
49 -3.63641
49.1 -2.02272
49.2 -2.47377
49.3 -1.38309
49.4 -2.66001
49.5 -3.00375
49.6 -3.56347
49.7 -3.167
49.8 -3.36976
49.9 -3.55216
50 -3.64442
50.1 -2.74983
50.2 -3.02459
50.3 -3.10538
50.4 -3.16233
50.5 -3.15073
50.6 -2.30796
50.7 -3.50184
50.8 -2.87449
50.9 -2.01181
51 -3.49893
51.1 -3.601
51.2 -2.60652
51.3 -2.14202
51.4 -3.07306
51.5 -3.24335
51.6 -3.59305
51.7 -3.40147
51.8 -2.49296
51.9 -0.789247
52 -2.04492
52.1 -2.1921
52.2 -3.50419
52.3 -2.86372
52.4 -0.672149
52.5 -2.56619
52.6 -3.64117
52.7 -3.56016
52.8 -3.61308
52.9 -3.61083
53 -3.2724
53.1 -3.65734
53.2 -3.65594
53.3 -2.98585
53.4 -2.77436
53.5 -3.07253
53.6 -3.58308
53.7 -3.02856
53.8 -3.63465
53.9 -1.79702
54 -3.03727
54.1 -3.58449
54.2 -3.61099
54.3 -3.65369
54.4 -3.35829
54.5 -3.35659
54.6 -3.55999
54.7 -3.508
54.8 -3.61204
54.9 -3.61696
55 -3.6556
55.1 -2.877
55.2 -2.30192
55.3 -3.64829
55.4 -3.32424
55.5 -3.56394
55.6 -3.64707
55.7 -3.63736
55.8 -2.77004
55.9 -3.44298
56 -2.27686
56.1 -3.65292
56.2 -3.33745
56.3 -3.62744
56.4 -3.23587
56.5 -3.4652
56.6 -3.65515
56.7 -3.6382
56.8 -3.24741
56.9 -3.31593
57 -3.26274
57.1 -3.52843
57.2 -2.27614
57.3 -3.53545
57.4 -3.65471
57.5 -3.52269
57.6 -3.5239
57.7 -3.30614
57.8 -3.61235
57.9 -0.974676
58 -3.54239
58.1 -1.64001
58.2 -3.6506
58.3 -2.43518
58.4 -3.15586
58.5 -3.25084
58.6 -3.55367
58.7 -2.84383
58.8 -0.609945
58.9 -3.54676
59 -3.64965
59.1 -3.65105
59.2 -2.59002
59.3 -1.22738
59.4 -3.14289
59.5 -2.99689
59.6 -3.55951
59.7 -3.51521
59.8 -2.82445
59.9 -2.89008
60 -3.37626
60.1 -3.06922
60.2 -3.57357
60.3 -2.07992
60.4 -3.50464
60.5 -3.63724
60.6 -3.03292
60.7 -3.15256
60.8 -3.32101
60.9 -3.38799
61 -3.34012
61.1 -2.55067
61.2 -3.35941
61.3 -3.35315
61.4 -3.64793
61.5 -2.61514
61.6 -1.33109
61.7 -0.358838
61.8 -5.97655
61.9 -5.87005
62 -5.85365
62.1 -5.7596
62.2 -2.04415
62.3 -5.9907
62.4 -5.1734
62.5 -4.92183
62.6 -3.70685
62.7 -5.94513
62.8 -5.342
62.9 -5.91115
63 -5.56995
63.1 -5.2681
63.2 -3.5881
63.3 -5.51878
63.4 -5.84497
63.5 -5.55644
63.6 -3.28975
63.7 -5.50301
63.8 -4.92471
63.9 -4.82451
64 -5.96632
64.1 -4.7994
64.2 -5.87044
64.3 -5.82455
64.4 -5.96085
64.5 -5.06565
64.6 -2.74392
64.7 -4.66083
64.8 -3.8245
64.9 -5.25937
65 -5.63608
65.1 -5.92325
65.2 -5.88675
65.3 -5.82553
65.4 -5.91212
65.5 -3.86459
65.6 -3.36041
65.7 -5.90642
65.8 -5.92577
65.9 -5.6015
66 -5.86156
66.1 -5.93301
66.2 -5.84113
66.3 -4.53097
66.4 -5.98599
66.5 -5.29241
66.6 -4.86773
66.7 -5.72644
66.8 -5.91663
66.9 -5.13547
67 -5.88367
67.1 -5.56787
67.2 -5.99385
67.3 -5.96249
67.4 -5.7252
67.5 -5.99108
67.6 -5.60019
67.7 -4.42942
67.8 -5.49518
67.9 -5.5628
68 -5.92615
68.1 -5.84827
68.2 -4.51831
68.3 -5.99463
68.4 -5.78946
68.5 -4.3364
68.6 -5.72284
68.7 -5.97313
68.8 -5.60566
68.9 -5.97864
69 -5.51596
69.1 -5.97333
69.2 -5.241
69.3 -5.8109
69.4 -5.94437
69.5 -4.20115
69.6 -5.85602
69.7 -5.97762
69.8 -5.61835
69.9 -5.87315
70 -5.5636
70.1 -5.99149
70.2 -5.90257
70.3 -5.99284
70.4 -5.79651
70.5 -3.49429
70.6 -5.48015
70.7 -4.74329
70.8 -4.81638
70.9 -4.97854
71 -5.942
71.1 -5.75954
71.2 -5.75119
71.3 -5.83584
71.4 -5.92016
71.5 -5.31024
71.6 -0.412533
71.7 -4.61514
71.8 -5.88353
71.9 -5.54371
72 -5.89727
72.1 -5.03234
72.2 -3.50931
72.3 -4.95773
72.4 -5.91665
72.5 -4.66079
72.6 -5.92466
72.7 -5.08543
72.8 -5.97504
72.9 -5.20122
73 -5.99356
73.1 -3.32119
73.2 -5.85687
73.3 -5.98095
73.4 -5.96461
73.5 -5.73892
73.6 -5.8435
73.7 -5.91916
73.8 -5.13732
73.9 -3.77842
74 -4.59505
74.1 -5.69517
74.2 -5.80708
74.3 -5.41496
74.4 -5.64641
74.5 -5.89361
74.6 -5.97926
74.7 -5.52697
74.8 -3.48596
74.9 -5.80143
75 -5.7153
75.1 -4.61003
75.2 -5.66488
75.3 -5.51002
75.4 -3.97191
75.5 -5.96635
75.6 -2.63053
75.7 -0.0285531
75.8 -5.98451
75.9 -5.92315
76 -5.86634
76.1 -5.80889
76.2 -5.85583
76.3 -5.82831
76.4 -5.996
76.5 -5.87627
76.6 -5.64198
76.7 -4.90654
76.8 -4.37939
76.9 -5.94126
77 -5.9577
77.1 -1.85419
77.2 -5.95081
77.3 -4.95746
77.4 -5.9626
77.5 -4.84017
77.6 -4.40292
77.7 -5.98911
77.8 -2.82472
77.9 -5.26322
78 -5.66317
78.1 -5.7595
78.2 -5.56972
78.3 -5.61419
78.4 -5.55903
78.5 -5.93952
78.6 -5.89192
78.7 -5.94967
78.8 -5.73058
78.9 -5.85159
79 -5.98592
79.1 -5.3041
79.2 -5.9907
79.3 -5.87109
79.4 -5.83686
79.5 -5.93191
79.6 -5.92919
79.7 -5.46772
79.8 -5.99119
79.9 -5.60073
80 -5.74189
80.1 -5.96768
80.2 -6.00067
80.3 -5.82024
80.4 -4.64906
80.5 -5.82379
80.6 -5.85794
80.7 -5.87702
80.8 -5.57115
80.9 -5.25971
81 -5.12227
81.1 -5.9577
81.2 -5.66473
81.3 -5.94242
81.4 -5.44506
81.5 -5.34013
81.6 -5.97119
81.7 -5.54516
81.8 -5.91939
81.9 -5.98289
82 -5.99347
82.1 -5.73733
82.2 -4.82108
82.3 -5.35049
82.4 -5.94131
82.5 -5.90877
82.6 -5.38544
82.7 -5.36223
82.8 -5.96017
82.9 -5.7364
83 -5.9059
83.1 -5.67488
83.2 -5.83657
83.3 -4.71796
83.4 -5.98877
83.5 -5.37372
83.6 -4.50861
83.7 -5.89621
83.8 -5.56174
83.9 -5.98593
84 -5.23439
84.1 -5.90002
84.2 -5.9297
84.3 -3.39875
84.4 -6.0056
84.5 -5.94886
84.6 -4.67436
84.7 -5.98209
84.8 -5.63725
84.9 -5.95197
85 -5.98446
85.1 -5.89576
85.2 -5.30877
85.3 -5.85637
85.4 -5.33977
85.5 -5.72819
85.6 -5.96963
85.7 -5.99293
85.8 -5.52629
85.9 -5.7757
86 -5.73793
86.1 -5.89382
86.2 -4.21648
86.3 -5.55852
86.4 -4.59468
86.5 -5.74422
86.6 -6.00673
86.7 -5.92221
86.8 -5.45944
86.9 -6.00338
87 -5.91293
87.1 -5.87673
87.2 -5.97041
87.3 -5.09917
87.4 -5.45401
87.5 -4.62646
87.6 -4.99932
87.7 -4.60735
87.8 -4.88932
87.9 -5.99325
88 -5.90389
88.1 -6.00235
88.2 -5.94586
88.3 -5.87611
88.4 -5.24413
88.5 -2.53294
88.6 -5.72236
88.7 -6.00898
88.8 -4.4518
88.9 -5.6514
89 -5.76613
89.1 -5.96215
89.2 -5.23806
89.3 -0.661682
89.4 -0.431939
89.5 -5.73846
89.6 -6.00926
89.7 -5.47201
89.8 -5.98758
89.9 -6.0097
90 -4.03478
90.1 -6.00479
90.2 -4.53007
90.3 -5.96208
90.4 -5.94757
90.5 -5.97486
90.6 -5.99268
90.7 -5.45874
90.8 -6.00387
90.9 -5.92154
91 -5.98639
91.1 -6.00146
91.2 -5.87405
91.3 -5.77722
91.4 -5.52882
91.5 -5.8546
91.6 -4.62118
91.7 -3.20433
91.8 -6.00873
91.9 -5.95367
92 -5.92769
92.1 -5.70169
92.2 -5.42671
92.3 -5.59112
92.4 -5.80868
92.5 -5.69354
92.6 -5.77858
92.7 -5.92
92.8 -5.66823
92.9 -5.38561
93 -5.98258
93.1 -6.0124
93.2 -5.37574
93.3 -5.48239
93.4 -5.23124
93.5 -6.01275
93.6 -5.86225
93.7 -5.4299
93.8 -5.98326
93.9 -5.9034
94 -5.64602
94.1 -4.25583
94.2 -5.40081
94.3 -5.14925
94.4 -5.74732
94.5 -5.9557
94.6 -5.96149
94.7 -6.01327
94.8 -5.70808
94.9 -5.44899
95 -5.88526
95.1 -5.91164
95.2 -5.72395
95.3 -5.39902
95.4 -5.91059
95.5 -5.99622
95.6 -1.47442
95.7 -4.43086
95.8 -5.98844
95.9 -5.90664
96 -5.92543
96.1 -5.46832
96.2 -5.92655
96.3 -5.73131
96.4 -6.01305
96.5 -5.58348
96.6 -5.99509
96.7 -5.57779
96.8 -6.01361
96.9 -3.62127
97 -4.73805
97.1 -5.52301
97.2 -5.3575
97.3 -5.95916
97.4 -5.1835
97.5 -5.96742
97.6 -5.4816
97.7 -5.88335
97.8 -5.9865
97.9 -5.89628
98 -5.70806
98.1 -5.61979
98.2 -5.82936
98.3 -5.01973
98.4 -6.01673
98.5 -5.82934
98.6 -6.00026
98.7 -5.7846
98.8 -5.32357
98.9 -5.77982
99 -5.60382
99.1 -4.84981
99.2 -6.01769
99.3 -5.28551
99.4 -5.79028
99.5 -6.01522
99.6 -5.65613
99.7 -5.59755
99.8 -6.01824
99.9 -5.80631
100 -5.90669
100.001 -4.92489
