0 -10
0.1 -10.1253
0.2 -10.1253
0.3 -10.1253
0.4 -10.1252
0.5 -10.1252
0.6 -10.1252
0.7 -10.1252
0.8 -10.1251
0.9 -10.1251
1 -10.1251
1.1 -10.1251
1.2 -10.125
1.3 -10.125
1.4 -10.125
1.5 -10.125
1.6 -10.1249
1.7 -10.1249
1.8 -10.1249
1.9 -10.1249
2 -10.1249
2.1 -10.1248
2.2 -10.1248
2.3 -10.1248
2.4 -10.1248
2.5 -10.1247
2.6 -10.1247
2.7 -10.1247
2.8 -10.1247
2.9 -10.1246
3 -10.1246
3.1 -10.1246
3.2 -10.1246
3.3 -10.1245
3.4 -10.1245
3.5 -10.1245
3.6 -10.1244
3.7 -10.1244
3.8 -10.1244
3.9 -10.1244
4 -10.1243
4.1 -10.1243
4.2 -10.1243
4.3 -10.1243
4.4 -10.1242
4.5 -10.1242
4.6 -10.1242
4.7 -10.1242
4.8 -10.1241
4.9 -10.1241
5 -10.1241
5.1 -10.124
5.2 -10.124
5.3 -10.124
5.4 -10.124
5.5 -10.1239
5.6 -10.1239
5.7 -10.1239
5.8 -10.1239
5.9 -10.1238
6 -10.1238
6.1 -10.1238
6.2 -10.1237
6.3 -10.1237
6.4 -10.1237
6.5 -10.1237
6.6 -10.1236
6.7 -10.1236
6.8 -10.1236
6.9 -10.1235
7 -10.1235
7.1 -10.1235
7.2 -10.1234
7.3 -10.1234
7.4 -10.1234
7.5 -10.1234
7.6 -10.1233
7.7 -10.1233
7.8 -10.1233
7.9 -10.1232
8 -10.1232
8.1 -10.1232
8.2 -10.1231
8.3 -10.1231
8.4 -10.1231
8.5 -10.123
8.6 -10.123
8.7 -10.123
8.8 -10.1229
8.9 -10.1229
9 -10.1229
9.1 -10.1228
9.2 -10.1228
9.3 -10.1228
9.4 -10.1227
9.5 -10.1227
9.6 -10.1227
9.7 -10.1226
9.8 -10.1226
9.9 -10.1226
10 -10.1225
10.1 -10.1225
10.2 -10.1225
10.3 -10.1224
10.4 -10.1224
10.5 -10.1224
10.6 -10.1223
10.7 -10.1223
10.8 -10.1223
10.9 -10.1222
11 -10.1222
11.1 -10.1222
11.2 -10.1221
11.3 -10.1221
11.4 -10.1221
11.5 -10.122
11.6 -10.122
11.7 -10.1219
11.8 -10.1219
11.9 -10.1219
12 -10.1218
12.1 -10.1218
12.2 -10.1218
12.3 -10.1217
12.4 -10.1217
12.5 -10.1216
12.6 -10.1216
12.7 -10.1216
12.8 -10.1215
12.9 -10.1215
13 -10.1215
13.1 -10.1214
13.2 -10.1214
13.3 -10.1213
13.4 -10.1213
13.5 -10.1213
13.6 -10.1212
13.7 -10.1212
13.8 -10.1211
13.9 -10.1211
14 -10.1211
14.1 -10.121
14.2 -10.121
14.3 -10.1209
14.4 -10.1209
14.5 -10.1208
14.6 -10.1208
14.7 -10.1208
14.8 -10.1207
14.9 -10.1207
15 -10.1206
15.1 -10.1206
15.2 -10.1205
15.3 -10.1205
15.4 -10.1205
15.5 -10.1204
15.6 -10.1204
15.7 -10.1203
15.8 -10.1203
15.9 -10.1202
16 -10.1202
16.1 -10.1201
16.2 -10.1201
16.3 -10.1201
16.4 -10.12
16.5 -10.12
16.6 -10.1199
16.7 -10.1199
16.8 -10.1198
16.9 -10.1198
17 -10.1197
17.1 -10.1197
17.2 -10.1196
17.3 -10.1196
17.4 -10.1195
17.5 -10.1195
17.6 -10.1194
17.7 -10.1194
17.8 -10.1193
17.9 -10.1193
18 -10.1192
18.1 -10.1192
18.2 -10.1191
18.3 -10.1191
18.4 -10.119
18.5 -10.119
18.6 -10.1189
18.7 -10.1189
18.8 -10.1188
18.9 -10.1188
19 -10.1187
19.1 -10.1187
19.2 -10.1186
19.3 -10.1186
19.4 -10.1185
19.5 -10.1184
19.6 -10.1184
19.7 -10.1183
19.8 -10.1183
19.9 -10.1182
20 -10.1182
20.1 -10.1181
20.2 -10.1181
20.3 -10.118
20.4 -10.1179
20.5 -10.1179
20.6 -10.1178
20.7 -10.1178
20.8 -10.1177
20.9 -10.1176
21 -10.1176
21.1 -10.1175
21.2 -10.1175
21.3 -10.1174
21.4 -10.1173
21.5 -10.1173
21.6 -10.1172
21.7 -10.1172
21.8 -10.1171
21.9 -10.117
22 -10.117
22.1 -10.1169
22.2 -10.1168
22.3 -10.1168
22.4 -10.1167
22.5 -10.1167
22.6 -10.1166
22.7 -10.1165
22.8 -10.1165
22.9 -10.1164
23 -10.1163
23.1 -10.1163
23.2 -10.1162
23.3 -10.1161
23.4 -10.116
23.5 -10.116
23.6 -10.1159
23.7 -10.1158
23.8 -10.1158
23.9 -10.1157
24 -10.1156
24.1 -10.1156
24.2 -10.1155
24.3 -10.1154
24.4 -10.1153
24.5 -10.1153
24.6 -10.1152
24.7 -10.1151
24.8 -10.115
24.9 -10.115
25 -10.1149
25.1 -10.1148
25.2 -10.1147
25.3 -10.1146
25.4 -10.1146
25.5 -10.1145
25.6 -10.1144
25.7 -10.1143
25.8 -10.1142
25.9 -10.1142
26 -10.1141
26.1 -10.114
26.2 -10.1139
26.3 -10.1138
26.4 -10.1138
26.5 -10.1137
26.6 -10.1136
26.7 -10.1135
26.8 -10.1134
26.9 -10.1133
27 -10.1132
27.1 -10.1131
27.2 -10.1131
27.3 -10.113
27.4 -10.1129
27.5 -10.1128
27.6 -10.1127
27.7 -10.1126
27.8 -10.1125
27.9 -10.1124
28 -10.1123
28.1 -10.1122
28.2 -10.1121
28.3 -10.112
28.4 -10.1119
28.5 -10.1118
28.6 -10.1117
28.7 -10.1116
28.8 -10.1115
28.9 -10.1114
29 -10.1113
29.1 -10.1112
29.2 -10.1111
29.3 -10.111
29.4 -10.1109
29.5 -10.1108
29.6 -10.1107
29.7 -10.1106
29.8 -10.1105
29.9 -10.1104
30 -10.1102
30.1 -10.1101
30.2 -10.11
30.3 -10.1099
30.4 -10.1098
30.5 -10.1097
30.6 -10.1096
30.7 -10.1094
30.8 -10.1093
30.9 -10.1092
31 -10.1091
31.1 -10.109
31.2 -10.1088
31.3 -10.1087
31.4 -10.1086
31.5 -10.1084
31.6 -10.1083
31.7 -10.1082
31.8 -10.1081
31.9 -10.1079
32 -10.1078
32.1 -10.1077
32.2 -10.1075
32.3 -10.1074
32.4 -10.1073
32.5 -10.1071
32.6 -10.107
32.7 -10.1068
32.8 -10.1067
32.9 -10.1065
33 -10.1064
33.1 -10.1062
33.2 -10.1061
33.3 -10.106
33.4 -10.1058
33.5 -10.1056
33.6 -10.1055
33.7 -10.1053
33.8 -10.1052
33.9 -10.105
34 -10.1049
34.1 -10.1047
34.2 -10.1045
34.3 -10.1044
34.4 -10.1042
34.5 -10.104
34.6 -10.1039
34.7 -10.1037
34.8 -10.1035
34.9 -10.1033
35 -10.1032
35.1 -10.103
35.2 -10.1028
35.3 -10.1026
35.4 -10.1024
35.5 -10.1022
35.6 -10.102
35.7 -10.1019
35.8 -10.1017
35.9 -10.1015
36 -10.1013
36.1 -10.1011
36.2 -10.1009
36.3 -10.1007
36.4 -10.1004
36.5 -10.1002
36.6 -10.1
36.7 -10.0998
36.8 -10.0996
36.9 -10.0994
37 -10.0992
37.1 -10.0989
37.2 -10.0987
37.3 -10.0985
37.4 -10.0982
37.5 -10.098
37.6 -10.0978
37.7 -10.0975
37.8 -10.0973
37.9 -10.097
38 -10.0968
38.1 -10.0965
38.2 -10.0963
38.3 -10.096
38.4 -10.0958
38.5 -10.0955
38.6 -10.0952
38.7 -10.095
38.8 -10.0947
38.9 -10.0944
39 -10.0941
39.1 -10.0938
39.2 -10.0935
39.3 -10.0933
39.4 -10.093
39.5 -10.0927
39.6 -10.0924
39.7 -10.092
39.8 -10.0917
39.9 -10.0914
40 -10.0911
40.1 -10.0908
40.2 -10.0905
40.3 -10.0901
40.4 -10.0898
40.5 -10.0895
40.6 -10.0891
40.7 -10.0888
40.8 -10.0884
40.9 -10.0881
41 -10.0877
41.1 -10.0873
41.2 -10.087
41.3 -10.0866
41.4 -10.0862
41.5 -10.0858
41.6 -10.0854
41.7 -10.085
41.8 -10.0846
41.9 -10.0842
42 -10.0838
42.1 -10.0834
42.2 -10.083
42.3 -10.0826
42.4 -10.0821
42.5 -10.0817
42.6 -10.0813
42.7 -10.0808
42.8 -10.0804
42.9 -10.0799
43 -10.0795
43.1 -10.079
43.2 -10.0785
43.3 -10.078
43.4 -10.0776
43.5 -10.0771
43.6 -10.0766
43.7 -10.0761
43.8 -10.0756
43.9 -10.0751
44 -10.0746
44.1 -10.074
44.2 -10.0735
44.3 -10.073
44.4 -10.0724
44.5 -10.0719
44.6 -10.0713
44.7 -10.0708
44.8 -10.0702
44.9 -10.0697
45 -10.0691
45.1 -10.0685
45.2 -10.0679
45.3 -10.0673
45.4 -10.0667
45.5 -10.0661
45.6 -10.0655
45.7 -10.0649
45.8 -10.0643
45.9 -10.0637
46 -10.0631
46.1 -10.0625
46.2 -10.0618
46.3 -10.0612
46.4 -10.0606
46.5 -10.0599
46.6 -10.0593
46.7 -10.0586
46.8 -10.058
46.9 -10.0573
47 -10.0566
47.1 -10.056
47.2 -10.0553
47.3 -10.0546
47.4 -10.054
47.5 -10.0533
47.6 -10.0526
47.7 -10.052
47.8 -10.0513
47.9 -10.0506
48 -10.0499
48.1 -10.0493
48.2 -10.0486
48.3 -10.0479
48.4 -10.0472
48.5 -10.0465
48.6 -10.0459
48.7 -10.0452
48.8 -10.0445
48.9 -10.0438
49 -10.0432
49.1 -10.0425
49.2 -10.0418
49.3 -10.0411
49.4 -10.0405
49.5 -10.0398
49.6 -10.0392
49.7 -10.0385
49.8 -10.0378
49.9 -10.0372
50 -10.0365
50.1 -10.0359
50.2 -10.0353
50.3 -10.0346
50.4 -10.034
50.5 -10.0334
50.6 -10.0327
50.7 -10.0321
50.8 -10.0315
50.9 -10.0309
51 -10.0303
51.1 -10.0297
51.2 -10.0291
51.3 -10.0285
51.4 -10.0279
51.5 -10.0273
51.6 -10.0267
51.7 -10.0261
51.8 -10.0256
51.9 -10.025
52 -10.0244
52.1 -10.0239
52.2 -10.0233
52.3 -10.0228
52.4 -10.0222
52.5 -10.0217
52.6 -10.0211
52.7 -10.0206
52.8 -10.02
52.9 -10.0195
53 -10.019
53.1 -10.0184
53.2 -10.0179
53.3 -10.0174
53.4 -10.0168
53.5 -10.0163
53.6 -10.0158
53.7 -10.0152
53.8 -10.0147
53.9 -10.0142
54 -10.0136
54.1 -10.0131
54.2 -10.0126
54.3 -10.012
54.4 -10.0115
54.5 -10.0109
54.6 -10.0104
54.7 -10.0098
54.8 -10.0092
54.9 -10.0087
55 -10.0081
55.1 -10.0075
55.2 -10.0069
55.3 -10.0063
55.4 -10.0057
55.5 -10.0051
55.6 -10.0045
55.7 -10.0038
55.8 -10.0032
55.9 -10.0025
56 -10.0018
56.1 -10.0011
56.2 -10.0004
56.3 -9.9997
56.4 -9.99896
56.5 -9.99821
56.6 -9.99743
56.7 -9.99664
56.8 -9.99584
56.9 -9.99502
57 -9.99417
57.1 -9.99332
57.2 -9.99244
57.3 -9.99155
57.4 -9.99064
57.5 -9.98971
57.6 -9.98876
57.7 -9.9878
57.8 -9.98682
57.9 -9.98583
58 -9.98483
58.1 -9.9838
58.2 -9.98277
58.3 -9.98172
58.4 -9.98067
58.5 -9.9796
58.6 -9.97852
58.7 -9.97743
58.8 -9.97634
58.9 -9.97524
59 -9.97413
59.1 -9.97302
59.2 -9.97191
59.3 -9.97079
59.4 -9.96968
59.5 -9.96856
59.6 -9.96745
59.7 -9.96634
59.8 -9.96523
59.9 -9.96413
60 -9.96303
60.1 -9.96194
60.2 -9.96086
60.3 -9.95978
60.4 -9.95872
60.5 -9.95766
60.6 -9.95662
60.7 -9.95558
60.8 -9.95456
60.9 -9.95356
61 -9.95256
61.1 -9.95158
61.2 -9.95062
61.3 -9.94967
61.4 -9.94873
61.5 -9.94781
61.6 -9.94691
61.7 -9.94602
61.8 -9.94515
61.9 -9.94429
62 -9.94346
62.1 -9.94263
62.2 -9.94183
62.3 -9.94104
62.4 -9.94027
62.5 -9.93951
62.6 -9.93877
62.7 -9.93805
62.8 -9.93735
62.9 -9.93666
63 -9.93598
63.1 -9.93533
63.2 -9.93469
63.3 -9.93406
63.4 -9.93345
63.5 -9.93286
63.6 -9.93228
63.7 -9.93171
63.8 -9.93116
63.9 -9.93063
64 -9.9301
64.1 -9.9296
64.2 -9.9291
64.3 -9.92862
64.4 -9.92815
64.5 -9.9277
64.6 -9.92726
64.7 -9.92683
64.8 -9.92641
64.9 -9.926
65 -9.92561
65.1 -9.92522
65.2 -9.92485
65.3 -9.92449
65.4 -9.92414
65.5 -9.92379
65.6 -9.92346
65.7 -9.92314
65.8 -9.92283
65.9 -9.92253
66 -9.92223
66.1 -9.92195
66.2 -9.92167
66.3 -9.92141
66.4 -9.92115
66.5 -9.92089
66.6 -9.92065
66.7 -9.92042
66.8 -9.92019
66.9 -9.91997
67 -9.91975
67.1 -9.91955
67.2 -9.91935
67.3 -9.91915
67.4 -9.91896
67.5 -9.91878
67.6 -9.91861
67.7 -9.91844
67.8 -9.91828
67.9 -9.91812
68 -9.91797
68.1 -9.91782
68.2 -9.91768
68.3 -9.91754
68.4 -9.91741
68.5 -9.91729
68.6 -9.91717
68.7 -9.91705
68.8 -9.91694
68.9 -9.91683
69 -9.91673
69.1 -9.91663
69.2 -9.91653
69.3 -9.91644
69.4 -9.91635
69.5 -9.91627
69.6 -9.91619
69.7 -9.91612
69.8 -9.91604
69.9 -9.91598
70 -9.91591
70.1 -9.91585
70.2 -9.91579
70.3 -9.91573
70.4 -9.91568
70.5 -9.91563
70.6 -9.91559
70.7 -9.91554
70.8 -9.9155
70.9 -9.91546
71 -9.91543
71.1 -9.9154
71.2 -9.91537
71.3 -9.91534
71.4 -9.91531
71.5 -9.91529
71.6 -9.91527
71.7 -9.91525
71.8 -9.91524
71.9 -9.91522
72 -9.91521
72.1 -9.9152
72.2 -9.91519
72.3 -9.91519
72.4 -9.91518
72.5 -9.91518
72.6 -9.91518
72.7 -9.91518
72.8 -9.91518
72.9 -9.91519
73 -9.91519
73.1 -9.9152
73.2 -9.91521
73.3 -9.91522
73.4 -9.91523
73.5 -9.91525
73.6 -9.91526
73.7 -9.91528
73.8 -9.91529
73.9 -9.91531
74 -9.91533
74.1 -9.91535
74.2 -9.91537
74.3 -9.9154
74.4 -9.91542
74.5 -9.91545
74.6 -9.91547
74.7 -9.9155
74.8 -9.91553
74.9 -9.91555
75 -9.91558
75.1 -9.91561
75.2 -9.91564
75.3 -9.91568
75.4 -9.91571
75.5 -9.91574
75.6 -9.91578
75.7 -9.91581
75.8 -9.91584
75.9 -9.91588
76 -9.91591
76.1 -9.91595
76.2 -9.91599
76.3 -9.91603
76.4 -9.91606
76.5 -9.9161
76.6 -9.91614
76.7 -9.91618
76.8 -9.91622
76.9 -9.91626
77 -9.9163
77.1 -9.91634
77.2 -9.91638
77.3 -9.91642
77.4 -9.91646
77.5 -9.9165
77.6 -9.91654
77.7 -9.91658
77.8 -9.91662
77.9 -9.91666
78 -9.9167
78.1 -9.91675
78.2 -9.91679
78.3 -9.91683
78.4 -9.91687
78.5 -9.91691
78.6 -9.91695
78.7 -9.917
78.8 -9.91704
78.9 -9.91708
79 -9.91712
79.1 -9.91716
79.2 -9.9172
79.3 -9.91724
79.4 -9.91729
79.5 -9.91733
79.6 -9.91737
79.7 -9.91741
79.8 -9.91745
79.9 -9.91749
80 -9.91753
80.1 -9.91757
80.2 -9.91761
80.3 -9.91765
80.4 -9.91769
80.5 -9.91773
80.6 -9.91777
80.7 -9.91781
80.8 -9.91785
80.9 -9.91789
81 -9.91793
81.1 -9.91797
81.2 -9.91801
81.3 -9.91804
81.4 -9.91808
81.5 -9.91812
81.6 -9.91816
81.7 -9.91819
81.8 -9.91823
81.9 -9.91827
82 -9.9183
82.1 -9.91834
82.2 -9.91838
82.3 -9.91841
82.4 -9.91845
82.5 -9.91848
82.6 -9.91852
82.7 -9.91855
82.8 -9.91859
82.9 -9.91862
83 -9.91866
83.1 -9.91869
83.2 -9.91872
83.3 -9.91876
83.4 -9.91879
83.5 -9.91882
83.6 -9.91885
83.7 -9.91889
83.8 -9.91892
83.9 -9.91895
84 -9.91898
84.1 -9.91901
84.2 -9.91904
84.3 -9.91907
84.4 -9.9191
84.5 -9.91913
84.6 -9.91916
84.7 -9.91919
84.8 -9.91922
84.9 -9.91925
85 -9.91928
85.1 -9.91931
85.2 -9.91934
85.3 -9.91936
85.4 -9.91939
85.5 -9.91942
85.6 -9.91945
85.7 -9.91947
85.8 -9.9195
85.9 -9.91953
86 -9.91955
86.1 -9.91958
86.2 -9.91961
86.3 -9.91963
86.4 -9.91966
86.5 -9.91968
86.6 -9.91971
86.7 -9.91973
86.8 -9.91976
86.9 -9.91978
87 -9.9198
87.1 -9.91983
87.2 -9.91985
87.3 -9.91987
87.4 -9.9199
87.5 -9.91992
87.6 -9.91994
87.7 -9.91997
87.8 -9.91999
87.9 -9.92001
88 -9.92003
88.1 -9.92005
88.2 -9.92007
88.3 -9.9201
88.4 -9.92012
88.5 -9.92014
88.6 -9.92016
88.7 -9.92018
88.8 -9.9202
88.9 -9.92022
89 -9.92024
89.1 -9.92026
89.2 -9.92028
89.3 -9.9203
89.4 -9.92032
89.5 -9.92034
89.6 -9.92035
89.7 -9.92037
89.8 -9.92039
89.9 -9.92041
90 -9.92043
90.1 -9.92045
90.2 -9.92046
90.3 -9.92048
90.4 -9.9205
90.5 -9.92052
90.6 -9.92053
90.7 -9.92055
90.8 -9.92057
90.9 -9.92058
91 -9.9206
91.1 -9.92062
91.2 -9.92063
91.3 -9.92065
91.4 -9.92067
91.5 -9.92068
91.6 -9.9207
91.7 -9.92071
91.8 -9.92073
91.9 -9.92074
92 -9.92076
92.1 -9.92077
92.2 -9.92079
92.3 -9.9208
92.4 -9.92082
92.5 -9.92083
92.6 -9.92085
92.7 -9.92086
92.8 -9.92088
92.9 -9.92089
93 -9.9209
93.1 -9.92092
93.2 -9.92093
93.3 -9.92094
93.4 -9.92096
93.5 -9.92097
93.6 -9.92098
93.7 -9.921
93.8 -9.92101
93.9 -9.92102
94 -9.92104
94.1 -9.92105
94.2 -9.92106
94.3 -9.92107
94.4 -9.92109
94.5 -9.9211
94.6 -9.92111
94.7 -9.92112
94.8 -9.92114
94.9 -9.92115
95 -9.92116
95.1 -9.92117
95.2 -9.92118
95.3 -9.92119
95.4 -9.92121
95.5 -9.92122
95.6 -9.92123
95.7 -9.92124
95.8 -9.92125
95.9 -9.92126
96 -9.92127
96.1 -9.92128
96.2 -9.92129
96.3 -9.9213
96.4 -9.92131
96.5 -9.92133
96.6 -9.92134
96.7 -9.92135
96.8 -9.92136
96.9 -9.92137
97 -9.92138
97.1 -9.92139
97.2 -9.9214
97.3 -9.92141
97.4 -9.92142
97.5 -9.92143
97.6 -9.92144
97.7 -9.92145
97.8 -9.92145
97.9 -9.92146
98 -9.92147
98.1 -9.92148
98.2 -9.92149
98.3 -9.9215
98.4 -9.92151
98.5 -9.92152
98.6 -9.92153
98.7 -9.92154
98.8 -9.92155
98.9 -9.92156
99 -9.92156
99.1 -9.92157
99.2 -9.92158
99.3 -9.92159
99.4 -9.9216
99.5 -9.92161
99.6 -9.92162
99.7 -9.92162
99.8 -9.92163
99.9 -9.92164
100 -9.92165
100.001 -10
