-1.41366 0.00862749
-1.35571 0.0258825
-1.29775 0.0949024
-1.2398 0.293335
-1.18185 0.595297
-1.12389 0.724709
-1.06594 1.05255
-1.00798 1.2251
-0.950029 1.18197
-0.892074 0.974906
-0.83412 0.603924
-0.776166 0.543532
-0.718211 0.405492
-0.660257 0.284707
-0.602303 0.163922
-0.544348 0.146667
-0.486394 0.0690199
-0.42844 0.0603924
-0.370485 0.00862749
-0.312531 0.0258825
-0.254577 0.0258825
-0.196623 0.0258825
-0.138668 0
-0.0807139 0.0258825
-0.0227596 0.017255
0.0351947 0.0258825
0.093149 0.00862749
0.151103 0
0.209058 0
0.267012 0.0258825
0.324966 0.00862749
0.382921 0.017255
0.440875 0.0258825
0.498829 0.0690199
0.556783 0.146667
0.614738 0.189805
0.672692 0.198432
0.730646 0.379609
0.788601 0.655689
0.846555 0.897259
0.904509 0.949024
0.962464 1.2855
1.02042 1.17334
1.07837 1.00079
1.13633 0.785101
1.19428 0.483139
1.25224 0.215687
1.31019 0.0862749
1.36814 0.0258825
1.4261 0.017255
