38.5005 0.000692126
38.503 0.000764178
38.5055 0.000843086
38.508 0.000929435
38.5105 0.00102385
38.513 0.00112701
38.5155 0.00123962
38.518 0.00136247
38.5205 0.00149637
38.523 0.00164222
38.5255 0.00180094
38.528 0.00197355
38.5305 0.00216111
38.533 0.00236477
38.5355 0.00258573
38.538 0.00282529
38.5405 0.00308482
38.543 0.00336575
38.5455 0.00366964
38.548 0.00399811
38.5505 0.00435288
38.553 0.00473578
38.5555 0.00514872
38.558 0.00559373
38.5605 0.00607296
38.563 0.00658864
38.5655 0.00714316
38.568 0.00773899
38.5705 0.00837875
38.573 0.00906517
38.5755 0.00980114
38.578 0.0105896
38.5805 0.0114338
38.583 0.012337
38.5855 0.0133026
38.588 0.0143341
38.5905 0.0154354
38.593 0.0166103
38.5955 0.0178627
38.598 0.019197
38.6006 0.0206175
38.6031 0.0221286
38.6056 0.023735
38.6081 0.0254416
38.6106 0.0272534
38.6131 0.0291755
38.6156 0.0312132
38.6181 0.033372
38.6206 0.0356575
38.6231 0.0380756
38.6256 0.0406321
38.6281 0.0433332
38.6306 0.0461852
38.6331 0.0491944
38.6356 0.0523673
38.6381 0.0557107
38.6406 0.0592313
38.6431 0.0629362
38.6456 0.0668322
38.6481 0.0709267
38.6506 0.0752269
38.6531 0.0797401
38.6556 0.0844737
38.6581 0.0894354
38.6606 0.0946327
38.6631 0.100073
38.6656 0.105765
38.6681 0.111715
38.6706 0.117932
38.6731 0.124423
38.6756 0.131196
38.6781 0.138258
38.6806 0.145618
38.6831 0.153283
38.6856 0.161261
38.6881 0.169558
38.6906 0.178183
38.6931 0.187143
38.6956 0.196445
38.6981 0.206096
38.7006 0.216102
38.7031 0.226471
38.7056 0.237208
38.7081 0.248321
38.7106 0.259814
38.7131 0.271694
38.7156 0.283966
38.7181 0.296636
38.7206 0.309707
38.7231 0.323184
38.7256 0.337072
38.7281 0.351374
38.7306 0.366094
38.7331 0.381233
38.7356 0.396796
38.7381 0.412784
38.7406 0.429198
38.7431 0.44604
38.7456 0.46331
38.7481 0.481009
38.7506 0.499135
38.7531 0.517688
38.7556 0.536667
38.7581 0.556069
38.7606 0.575892
38.7631 0.596132
38.7656 0.616787
38.7681 0.637851
38.7706 0.659319
38.7731 0.681187
38.7756 0.703447
38.7781 0.726093
38.7806 0.749118
38.7831 0.772514
38.7856 0.796272
38.7881 0.820382
38.7906 0.844836
38.7931 0.869622
38.7956 0.89473
38.7981 0.920148
38.8007 0.945864
38.8032 0.971865
38.8057 0.998137
38.8082 1.02467
38.8107 1.05144
38.8132 1.07844
38.8157 1.10566
38.8182 1.13307
38.8207 1.16067
38.8232 1.18843
38.8257 1.21633
38.8282 1.24437
38.8307 1.27252
38.8332 1.30076
38.8357 1.32907
38.8382 1.35744
38.8407 1.38584
38.8432 1.41427
38.8457 1.44268
38.8482 1.47108
38.8507 1.49943
38.8532 1.52772
38.8557 1.55592
38.8582 1.58402
38.8607 1.61199
38.8632 1.63982
38.8657 1.66747
38.8682 1.69494
38.8707 1.72221
38.8732 1.74924
38.8757 1.77603
38.8782 1.80254
38.8807 1.82877
38.8832 1.85468
38.8857 1.88027
38.8882 1.90551
38.8907 1.93038
38.8932 1.95487
38.8957 1.97895
38.8982 2.0026
38.9007 2.02582
38.9032 2.04858
38.9057 2.07086
38.9082 2.09266
38.9107 2.11394
38.9132 2.1347
38.9157 2.15493
38.9182 2.1746
38.9207 2.19371
38.9232 2.21224
38.9257 2.23017
38.9282 2.24751
38.9307 2.26422
38.9332 2.28032
38.9357 2.29577
38.9382 2.31058
38.9407 2.32473
38.9432 2.33822
38.9457 2.35104
38.9482 2.36319
38.9507 2.37464
38.9532 2.38541
38.9557 2.39549
38.9582 2.40486
38.9607 2.41354
38.9632 2.42151
38.9657 2.42877
38.9682 2.43532
38.9707 2.44117
38.9732 2.4463
38.9757 2.45073
38.9782 2.45444
38.9807 2.45745
38.9832 2.45976
38.9857 2.46136
38.9882 2.46227
38.9907 2.46249
38.9932 2.46201
38.9957 2.46086
38.9982 2.45902
39.0008 2.45652
39.0033 2.45335
39.0058 2.44952
39.0083 2.44505
39.0108 2.43993
39.0133 2.43419
39.0158 2.42782
39.0183 2.42084
39.0208 2.41325
39.0233 2.40508
39.0258 2.39632
39.0283 2.387
39.0308 2.37711
39.0333 2.36668
39.0358 2.35572
39.0383 2.34423
39.0408 2.33223
39.0433 2.31974
39.0458 2.30676
39.0483 2.29331
39.0508 2.2794
39.0533 2.26505
39.0558 2.25027
39.0583 2.23508
39.0608 2.21948
39.0633 2.2035
39.0658 2.18714
39.0683 2.17042
39.0708 2.15335
39.0733 2.13596
39.0758 2.11824
39.0783 2.10022
39.0808 2.08191
39.0833 2.06333
39.0858 2.04449
39.0883 2.02539
39.0908 2.00607
39.0933 1.98652
39.0958 1.96677
39.0983 1.94683
39.1008 1.9267
39.1033 1.90641
39.1058 1.88597
39.1083 1.86538
39.1108 1.84467
39.1133 1.82384
39.1158 1.80291
39.1183 1.78189
39.1208 1.76079
39.1233 1.73962
39.1258 1.7184
39.1283 1.69713
39.1308 1.67583
39.1333 1.6545
39.1358 1.63317
39.1383 1.61183
39.1408 1.5905
39.1433 1.56919
39.1458 1.5479
39.1483 1.52665
39.1508 1.50545
39.1533 1.4843
39.1558 1.46322
39.1583 1.4422
39.1608 1.42127
39.1633 1.40042
39.1658 1.37967
39.1683 1.35901
39.1708 1.33847
39.1733 1.31804
39.1758 1.29773
39.1783 1.27755
39.1808 1.2575
39.1833 1.2376
39.1858 1.21783
39.1883 1.19822
39.1908 1.17876
39.1933 1.15946
39.1958 1.14032
39.1983 1.12135
39.2009 1.10255
39.2034 1.08393
39.2059 1.06549
39.2084 1.04722
39.2109 1.02915
39.2134 1.01126
39.2159 0.99356
39.2184 0.976055
39.2209 0.958745
39.2234 0.941632
39.2259 0.924718
39.2284 0.908006
39.2309 0.891495
39.2334 0.875188
39.2359 0.859086
39.2384 0.843189
39.2409 0.8275
39.2434 0.812017
39.2459 0.796742
39.2484 0.781676
39.2509 0.766817
39.2534 0.752168
39.2559 0.737726
39.2584 0.723493
39.2609 0.709468
39.2634 0.695651
39.2659 0.68204
39.2684 0.668636
39.2709 0.655438
39.2734 0.642445
39.2759 0.629655
39.2784 0.617069
39.2809 0.604684
39.2834 0.592501
39.2859 0.580516
39.2884 0.568729
39.2909 0.55714
39.2934 0.545745
39.2959 0.534544
39.2984 0.523535
39.3009 0.512716
39.3034 0.502086
39.3059 0.491642
39.3084 0.481384
39.3109 0.471309
39.3134 0.461415
39.3159 0.451701
39.3184 0.442164
39.3209 0.432802
39.3234 0.423614
39.3259 0.414597
39.3284 0.405749
39.3309 0.397069
39.3334 0.388553
39.3359 0.3802
39.3384 0.372008
39.3409 0.363974
39.3434 0.356097
39.3459 0.348374
39.3484 0.340803
39.3509 0.333382
39.3534 0.326109
39.3559 0.318981
39.3584 0.311996
39.3609 0.305152
39.3634 0.298447
39.3659 0.291879
39.3684 0.285445
39.3709 0.279143
39.3734 0.272972
39.3759 0.266929
39.3784 0.261011
39.3809 0.255218
39.3834 0.249546
39.3859 0.243993
39.3884 0.238559
39.3909 0.233239
39.3934 0.228033
39.3959 0.222938
39.3984 0.217953
39.401 0.213075
39.4035 0.208303
39.406 0.203633
39.4085 0.199066
39.411 0.194598
39.4135 0.190228
39.416 0.185953
39.4185 0.181773
39.421 0.177685
39.4235 0.173687
39.426 0.169778
39.4285 0.165956
39.431 0.162219
39.4335 0.158566
39.436 0.154994
39.4385 0.151502
39.441 0.148089
39.4435 0.144753
39.446 0.141492
39.4485 0.138306
39.451 0.135191
39.4535 0.132147
39.456 0.129172
39.4585 0.126265
39.461 0.123425
39.4635 0.12065
39.466 0.117938
39.4685 0.115288
39.471 0.112699
39.4735 0.11017
39.476 0.107699
39.4785 0.105285
39.481 0.102927
39.4835 0.100624
39.486 0.0983738
39.4885 0.0961758
39.491 0.0940289
39.4935 0.0919319
39.496 0.0898836
39.4985 0.0878831
39.501 0.0859292
39.5035 0.0840208
39.506 0.082157
39.5085 0.0803368
39.511 0.0785591
39.5135 0.076823
39.516 0.0751275
39.5185 0.0734718
39.521 0.0718548
39.5235 0.0702758
39.526 0.0687339
39.5285 0.0672281
39.531 0.0657577
39.5335 0.0643218
39.536 0.0629196
39.5385 0.0615504
39.541 0.0602134
39.5435 0.0589078
39.546 0.057633
39.5485 0.0563881
39.551 0.0551725
39.5535 0.0539855
39.556 0.0528264
39.5585 0.0516945
39.561 0.0505893
39.5635 0.0495101
39.566 0.0484563
39.5685 0.0474272
39.571 0.0464224
39.5735 0.0454411
39.576 0.0444829
39.5785 0.0435472
39.581 0.0426335
39.5835 0.0417412
39.586 0.0408699
39.5885 0.040019
39.591 0.0391881
39.5935 0.0383766
39.596 0.0375841
39.5985 0.0368102
39.6011 0.0360544
39.6036 0.0353163
39.6061 0.0345954
39.6086 0.0338914
39.6111 0.0332038
39.6136 0.0325322
39.6161 0.0318763
39.6186 0.0312356
39.6211 0.0306099
39.6236 0.0299987
39.6261 0.0294018
39.6286 0.0288186
39.6311 0.028249
39.6336 0.0276926
39.6361 0.0271491
39.6386 0.0266182
39.6411 0.0260995
39.6436 0.0255929
39.6461 0.0250979
39.6486 0.0246143
39.6511 0.0241418
39.6536 0.0236802
39.6561 0.0232292
39.6586 0.0227886
39.6611 0.022358
39.6636 0.0219374
39.6661 0.0215263
39.6686 0.0211246
39.6711 0.0207321
39.6736 0.0203486
39.6761 0.0199737
39.6786 0.0196074
39.6811 0.0192494
39.6836 0.0188996
39.6861 0.0185576
39.6886 0.0182234
39.6911 0.0178968
39.6936 0.0175775
39.6961 0.0172654
39.6986 0.0169604
39.7011 0.0166622
39.7036 0.0163707
39.7061 0.0160857
39.7086 0.0158071
39.7111 0.0155348
39.7136 0.0152685
39.7161 0.0150082
39.7186 0.0147536
39.7211 0.0145047
39.7236 0.0142614
39.7261 0.0140235
39.7286 0.0137908
39.7311 0.0135633
39.7336 0.0133408
39.7361 0.0131232
39.7386 0.0129104
39.7411 0.0127023
39.7436 0.0124987
39.7461 0.0122997
39.7486 0.012105
39.7511 0.0119145
39.7536 0.0117282
39.7561 0.011546
39.7586 0.0113678
39.7611 0.0111934
39.7636 0.0110229
39.7661 0.010856
39.7686 0.0106928
39.7711 0.0105331
39.7736 0.0103768
39.7761 0.010224
39.7786 0.0100744
39.7811 0.00992809
39.7836 0.00978492
39.7861 0.00964482
39.7886 0.00950774
39.7911 0.00937361
39.7936 0.00924236
39.7961 0.00911392
39.7986 0.00898823
39.8012 0.00886523
39.8037 0.00874487
39.8062 0.00862708
39.8087 0.0085118
39.8112 0.00839899
39.8137 0.00828858
39.8162 0.00818053
39.8187 0.00807478
39.8212 0.00797128
39.8237 0.00786999
39.8262 0.00777085
39.8287 0.00767382
39.8312 0.00757886
39.8337 0.00748591
39.8362 0.00739495
39.8387 0.00730591
39.8412 0.00721877
39.8437 0.00713348
39.8462 0.00705001
39.8487 0.00696832
39.8512 0.00688836
39.8537 0.00681011
39.8562 0.00673352
39.8587 0.00665857
39.8612 0.00658521
39.8637 0.00651342
39.8662 0.00644317
39.8687 0.00637442
39.8712 0.00630715
39.8737 0.00624132
39.8762 0.0061769
39.8787 0.00611387
39.8812 0.0060522
39.8837 0.00599186
39.8862 0.00593283
39.8887 0.00587508
39.8912 0.00581858
39.8937 0.00576331
39.8962 0.00570926
39.8987 0.00565639
39.9012 0.00560468
39.9037 0.00555411
39.9062 0.00550466
39.9087 0.00545631
39.9112 0.00540903
39.9137 0.00536282
39.9162 0.00531764
39.9187 0.00527349
39.9212 0.00523034
39.9237 0.00518817
39.9262 0.00514697
39.9287 0.00510672
39.9312 0.0050674
39.9337 0.005029
39.9362 0.0049915
39.9387 0.00495489
39.9412 0.00491915
39.9437 0.00488426
39.9462 0.00485022
39.9487 0.00481701
39.9512 0.00478462
39.9537 0.00475303
39.9562 0.00472223
39.9587 0.00469221
39.9612 0.00466295
39.9637 0.00463445
39.9662 0.0046067
39.9687 0.00457967
39.9712 0.00455337
39.9737 0.00452778
39.9762 0.00450289
39.9787 0.0044787
39.9812 0.00445518
39.9837 0.00443234
39.9862 0.00441016
39.9887 0.00438864
39.9912 0.00436776
39.9937 0.00434753
39.9962 0.00432792
39.9987 0.00430894
40.0013 0.00429057
40.0038 0.00427281
40.0063 0.00425565
40.0088 0.00423909
40.0113 0.00422312
40.0138 0.00420773
40.0163 0.00419291
40.0188 0.00417867
40.0213 0.00416499
40.0238 0.00415187
40.0263 0.0041393
40.0288 0.00412729
40.0313 0.00411581
40.0338 0.00410488
40.0363 0.00409448
40.0388 0.00408462
40.0413 0.00407528
40.0438 0.00406646
40.0463 0.00405817
40.0488 0.00405039
40.0513 0.00404312
40.0538 0.00403636
40.0563 0.00403011
40.0588 0.00402437
40.0613 0.00401912
40.0638 0.00401438
40.0663 0.00401013
40.0688 0.00400637
40.0713 0.00400311
40.0738 0.00400034
40.0763 0.00399806
40.0788 0.00399627
40.0813 0.00399497
40.0838 0.00399415
40.0863 0.00399381
40.0888 0.00399396
40.0913 0.00399459
40.0938 0.00399571
40.0963 0.00399731
40.0988 0.00399939
40.1013 0.00400195
40.1038 0.00400499
40.1063 0.00400852
40.1088 0.00401253
40.1113 0.00401703
40.1138 0.00402201
40.1163 0.00402747
40.1188 0.00403342
40.1213 0.00403986
40.1238 0.00404679
40.1263 0.00405421
40.1288 0.00406212
40.1313 0.00407052
40.1338 0.00407942
40.1363 0.00408882
40.1388 0.00409871
40.1413 0.00410911
40.1438 0.00412002
40.1463 0.00413143
40.1488 0.00414336
40.1513 0.0041558
40.1538 0.00416875
40.1563 0.00418223
40.1588 0.00419622
40.1613 0.00421075
40.1638 0.00422581
40.1663 0.0042414
40.1688 0.00425753
40.1713 0.00427421
40.1738 0.00429143
40.1763 0.00430921
40.1788 0.00432754
40.1813 0.00434644
40.1838 0.0043659
40.1863 0.00438594
40.1888 0.00440655
40.1913 0.00442775
40.1938 0.00444954
40.1963 0.00447192
40.1988 0.00449491
40.2014 0.0045185
40.2039 0.00454271
40.2064 0.00456754
40.2089 0.004593
40.2114 0.00461909
40.2139 0.00464583
40.2164 0.00467321
40.2189 0.00470126
40.2214 0.00472997
40.2239 0.00475935
40.2264 0.00478941
40.2289 0.00482017
40.2314 0.00485162
40.2339 0.00488379
40.2364 0.00491666
40.2389 0.00495027
40.2414 0.00498461
40.2439 0.0050197
40.2464 0.00505554
40.2489 0.00509214
40.2514 0.00512953
40.2539 0.00516769
40.2564 0.00520666
40.2589 0.00524644
40.2614 0.00528703
40.2639 0.00532846
40.2664 0.00537072
40.2689 0.00541385
40.2714 0.00545784
40.2739 0.00550271
40.2764 0.00554847
40.2789 0.00559514
40.2814 0.00564273
40.2839 0.00569125
40.2864 0.00574071
40.2889 0.00579114
40.2914 0.00584254
40.2939 0.00589493
40.2964 0.00594833
40.2989 0.00600275
40.3014 0.0060582
40.3039 0.0061147
40.3064 0.00617227
40.3089 0.00623092
40.3114 0.00629067
40.3139 0.00635154
40.3164 0.00641355
40.3189 0.0064767
40.3214 0.00654103
40.3239 0.00660654
40.3264 0.00667327
40.3289 0.00674121
40.3314 0.00681041
40.3339 0.00688087
40.3364 0.00695261
40.3389 0.00702566
40.3414 0.00710003
40.3439 0.00717575
40.3464 0.00725284
40.3489 0.00733131
40.3514 0.0074112
40.3539 0.00749252
40.3564 0.0075753
40.3589 0.00765956
40.3614 0.00774532
40.3639 0.00783261
40.3664 0.00792144
40.3689 0.00801186
40.3714 0.00810387
40.3739 0.00819751
40.3764 0.00829281
40.3789 0.00838978
40.3814 0.00848845
40.3839 0.00858886
40.3864 0.00869102
40.3889 0.00879497
40.3914 0.00890074
40.3939 0.00900835
40.3964 0.00911783
40.3989 0.00922921
40.4015 0.00934252
40.404 0.0094578
40.4065 0.00957506
40.409 0.00969435
40.4115 0.00981569
40.414 0.00993911
40.4165 0.0100647
40.419 0.0101924
40.4215 0.0103222
40.424 0.0104543
40.4265 0.0105887
40.429 0.0107253
40.4315 0.0108642
40.434 0.0110055
40.4365 0.0111492
40.439 0.0112954
40.4415 0.0114439
40.444 0.011595
40.4465 0.0117486
40.449 0.0119048
40.4515 0.0120636
40.454 0.012225
40.4565 0.0123892
40.459 0.012556
40.4615 0.0127256
40.464 0.012898
40.4665 0.0130733
40.469 0.0132515
40.4715 0.0134325
40.474 0.0136166
40.4765 0.0138036
40.479 0.0139937
40.4815 0.0141869
40.484 0.0143832
40.4865 0.0145826
40.489 0.0147853
40.4915 0.0149913
40.494 0.0152005
40.4965 0.0154131
40.499 0.0156291
40.5015 0.0158485
40.504 0.0160714
40.5065 0.0162978
40.509 0.0165277
40.5115 0.0167613
40.514 0.0169985
40.5165 0.0172394
40.519 0.0174841
40.5215 0.0177325
40.524 0.0179847
40.5265 0.0182408
40.529 0.0185008
40.5315 0.0187648
40.534 0.0190328
40.5365 0.0193048
40.539 0.0195809
40.5415 0.0198611
40.544 0.0201455
40.5465 0.0204341
40.549 0.0207269
40.5515 0.0210241
40.554 0.0213255
40.5565 0.0216314
40.559 0.0219417
40.5615 0.0222564
40.564 0.0225756
40.5665 0.0228994
40.569 0.0232277
40.5715 0.0235607
40.574 0.0238983
40.5765 0.0242405
40.579 0.0245875
40.5815 0.0249392
40.584 0.0252957
40.5865 0.025657
40.589 0.0260232
40.5915 0.0263942
40.594 0.0267702
40.5965 0.027151
40.599 0.0275368
40.6016 0.0279276
40.6041 0.0283234
40.6066 0.0287242
40.6091 0.0291301
40.6116 0.029541
40.6141 0.0299569
40.6166 0.030378
40.6191 0.0308042
40.6216 0.0312355
40.6241 0.0316718
40.6266 0.0321134
40.6291 0.03256
40.6316 0.0330118
40.6341 0.0334687
40.6366 0.0339308
40.6391 0.0343979
40.6416 0.0348702
40.6441 0.0353476
40.6466 0.0358301
40.6491 0.0363176
40.6516 0.0368102
40.6541 0.0373079
40.6566 0.0378105
40.6591 0.0383182
40.6616 0.0388308
40.6641 0.0393483
40.6666 0.0398706
40.6691 0.0403978
40.6716 0.0409298
40.6741 0.0414666
40.6766 0.042008
40.6791 0.0425541
40.6816 0.0431047
40.6841 0.0436598
40.6866 0.0442194
40.6891 0.0447833
40.6916 0.0453515
40.6941 0.0459239
40.6966 0.0465004
40.6991 0.047081
40.7016 0.0476655
40.7041 0.0482538
40.7066 0.0488459
40.7091 0.0494415
40.7116 0.0500407
40.7141 0.0506432
40.7166 0.051249
40.7191 0.0518579
40.7216 0.0524699
40.7241 0.0530846
40.7266 0.0537021
40.7291 0.0543222
40.7316 0.0549446
40.7341 0.0555693
40.7366 0.056196
40.7391 0.0568247
40.7416 0.0574551
40.7441 0.058087
40.7466 0.0587202
40.7491 0.0593547
40.7516 0.05999
40.7541 0.0606262
40.7566 0.0612628
40.7591 0.0618998
40.7616 0.0625369
40.7641 0.0631739
40.7666 0.0638105
40.7691 0.0644465
40.7716 0.0650816
40.7741 0.0657157
40.7766 0.0663484
40.7791 0.0669795
40.7816 0.0676088
40.7841 0.0682359
40.7866 0.0688605
40.7891 0.0694825
40.7916 0.0701015
40.7941 0.0707172
40.7966 0.0713294
40.7991 0.0719376
40.8017 0.0725417
40.8042 0.0731414
40.8067 0.0737362
40.8092 0.0743259
40.8117 0.0749102
40.8142 0.0754888
40.8167 0.0760612
40.8192 0.0766273
40.8217 0.0771866
40.8242 0.0777389
40.8267 0.0782837
40.8292 0.0788208
40.8317 0.0793499
40.8342 0.0798704
40.8367 0.0803822
40.8392 0.0808849
40.8417 0.0813781
40.8442 0.0818615
40.8467 0.0823347
40.8492 0.0827974
40.8517 0.0832492
40.8542 0.0836899
40.8567 0.084119
40.8592 0.0845361
40.8617 0.0849411
40.8642 0.0853334
40.8667 0.0857128
40.8692 0.086079
40.8717 0.0864316
40.8742 0.0867702
40.8767 0.0870947
40.8792 0.0874045
40.8817 0.0876995
40.8842 0.0879792
40.8867 0.0882435
40.8892 0.088492
40.8917 0.0887243
40.8942 0.0889403
40.8967 0.0891396
40.8992 0.089322
40.9017 0.0894872
40.9042 0.0896349
40.9067 0.089765
40.9092 0.089877
40.9117 0.089971
40.9142 0.0900465
40.9167 0.0901034
40.9192 0.0901415
40.9217 0.0901606
40.9242 0.0901605
40.9267 0.0901411
40.9292 0.0901023
40.9317 0.0900438
40.9342 0.0899655
40.9367 0.0898674
40.9392 0.0897493
40.9417 0.0896112
40.9442 0.0894529
40.9467 0.0892744
40.9492 0.0890757
40.9517 0.0888567
40.9542 0.0886175
40.9567 0.088358
40.9592 0.0880782
40.9617 0.0877781
40.9642 0.0874579
40.9667 0.0871176
40.9692 0.0867572
40.9717 0.0863768
40.9742 0.0859766
40.9767 0.0855567
40.9792 0.0851173
40.9817 0.0846584
40.9842 0.0841802
40.9867 0.083683
40.9892 0.083167
40.9917 0.0826324
40.9942 0.0820794
40.9967 0.0815082
40.9992 0.0809192
41.0018 0.0803127
41.0043 0.0796889
41.0068 0.0790481
41.0093 0.0783907
41.0118 0.0777171
41.0143 0.0770275
41.0168 0.0763225
41.0193 0.0756022
41.0218 0.0748673
41.0243 0.074118
41.0268 0.0733548
41.0293 0.0725781
41.0318 0.0717884
41.0343 0.0709862
41.0368 0.0701719
41.0393 0.069346
41.0418 0.0685089
41.0443 0.0676613
41.0468 0.0668036
41.0493 0.0659363
41.0518 0.0650599
41.0543 0.064175
41.0568 0.0632821
41.0593 0.0623818
41.0618 0.0614745
41.0643 0.0605609
41.0668 0.0596415
41.0693 0.0587169
41.0718 0.0577875
41.0743 0.0568541
41.0768 0.0559171
41.0793 0.054977
41.0818 0.0540346
41.0843 0.0530902
41.0868 0.0521445
41.0893 0.0511981
41.0918 0.0502514
41.0943 0.0493051
41.0968 0.0483596
41.0993 0.0474155
41.1018 0.0464734
41.1043 0.0455337
41.1068 0.044597
41.1093 0.0436638
41.1118 0.0427346
41.1143 0.0418098
41.1168 0.04089
41.1193 0.0399757
41.1218 0.0390672
41.1243 0.0381651
41.1268 0.0372697
41.1293 0.0363816
41.1318 0.035501
41.1343 0.0346286
41.1368 0.0337645
41.1393 0.0329092
41.1418 0.032063
41.1443 0.0312264
41.1468 0.0303995
41.1493 0.0295828
41.1518 0.0287766
41.1543 0.0279811
41.1568 0.0271965
41.1593 0.0264233
41.1618 0.0256615
41.1643 0.0249115
41.1668 0.0241734
41.1693 0.0234474
41.1718 0.0227337
41.1743 0.0220325
41.1768 0.0213439
41.1793 0.020668
41.1818 0.020005
41.1843 0.0193549
41.1868 0.0187179
41.1893 0.018094
41.1918 0.0174832
41.1943 0.0168857
41.1968 0.0163013
41.1993 0.0157303
41.2019 0.0151724
41.2044 0.0146278
41.2069 0.0140964
41.2094 0.0135781
41.2119 0.0130729
41.2144 0.0125808
41.2169 0.0121016
41.2194 0.0116352
41.2219 0.0111817
41.2244 0.0107408
41.2269 0.0103124
41.2294 0.00989645
41.2319 0.00949276
41.2344 0.00910119
41.2369 0.00872159
41.2394 0.00835379
41.2419 0.00799762
41.2444 0.00765291
41.2469 0.00731947
41.2494 0.00699712
41.2519 0.00668565
41.2544 0.00638488
41.2569 0.00609459
41.2594 0.00581457
41.2619 0.00554463
41.2644 0.00528454
41.2669 0.00503408
41.2694 0.00479304
41.2719 0.00456119
41.2744 0.00433831
41.2769 0.00412418
41.2794 0.00391857
41.2819 0.00372126
41.2844 0.00353203
41.2869 0.00335064
41.2894 0.00317687
41.2919 0.00301051
41.2944 0.00285132
41.2969 0.00269909
41.2994 0.00255361
41.3019 0.00241465
41.3044 0.002282
41.3069 0.00215545
41.3094 0.0020348
41.3119 0.00191983
41.3144 0.00181035
41.3169 0.00170615
41.3194 0.00160704
41.3219 0.00151284
41.3244 0.00142335
41.3269 0.00133839
41.3294 0.00125777
41.3319 0.00118133
41.3344 0.0011089
41.3369 0.0010403
41.3394 0.000975375
41.3419 0.000913965
41.3444 0.000855916
41.3469 0.00080108
41.3494 0.000749311
41.3519 0.000700468
41.3544 0.000654417
41.3569 0.000611024
41.3594 0.000570163
41.3619 0.000531711
41.3644 0.00049555
41.3669 0.000461564
41.3694 0.000429644
41.3719 0.000399684
41.3744 0.000371582
41.3769 0.000345241
41.3794 0.000320565
41.3819 0.000297465
41.3844 0.000275856
41.3869 0.000255654
41.3894 0.00023678
41.3919 0.000219159
41.3944 0.000202718
41.3969 0.00018739
41.3994 0.000173108
41.402 0.000159811
41.4045 0.000147438
41.407 0.000135934
41.4095 0.000125245
41.412 0.00011532
41.4145 0.00010611
41.417 9.7571e-05
41.4195 8.96587e-05
41.422 8.23325e-05
41.4245 7.55538e-05
41.427 6.9286e-05
41.4295 6.34948e-05
41.432 5.81478e-05
41.4345 5.32143e-05
41.437 4.86658e-05
41.4395 4.44752e-05
41.442 4.06171e-05
41.4445 3.70678e-05
41.447 3.38048e-05
41.4495 3.08073e-05
41.452 2.80557e-05
41.4545 2.55317e-05
41.457 2.32182e-05
41.4595 2.10991e-05
41.462 1.91597e-05
41.4645 1.7386e-05
41.467 1.5765e-05
41.4695 1.42847e-05
41.472 1.2934e-05
41.4745 1.17023e-05
41.477 1.05802e-05
41.4795 9.55857e-06
41.482 8.62918e-06
41.4845 7.78434e-06
41.487 7.01695e-06
41.4895 6.32046e-06
41.492 5.6888e-06
41.4945 5.11638e-06
41.497 4.59807e-06
41.4995 4.1291e-06
