28.5005 0.000183645
28.503 0.000205131
28.5055 0.000228942
28.508 0.000255308
28.5105 0.000284477
28.513 0.000316721
28.5155 0.000352333
28.518 0.000391633
28.5205 0.000434967
28.523 0.000482708
28.5255 0.000535262
28.528 0.000593065
28.5305 0.00065659
28.533 0.000726346
28.5355 0.000802881
28.538 0.000886786
28.5405 0.000978695
28.543 0.00107929
28.5455 0.00118931
28.548 0.00130953
28.5505 0.00144079
28.553 0.00158401
28.5555 0.00174013
28.558 0.00191019
28.5605 0.00209528
28.563 0.00229659
28.5655 0.00251534
28.568 0.00275288
28.5705 0.00301061
28.573 0.00329004
28.5755 0.00359274
28.578 0.00392042
28.5805 0.00427486
28.583 0.00465795
28.5855 0.00507168
28.588 0.00551818
28.5905 0.00599967
28.593 0.0065185
28.5955 0.00707714
28.598 0.0076782
28.6006 0.00832442
28.6031 0.00901867
28.6056 0.00976396
28.6081 0.0105635
28.6106 0.0114205
28.6131 0.0123385
28.6156 0.0133211
28.6181 0.014372
28.6206 0.0154953
28.6231 0.016695
28.6256 0.0179754
28.6281 0.0193409
28.6306 0.0207961
28.6331 0.0223459
28.6356 0.0239952
28.6381 0.025749
28.6406 0.0276129
28.6431 0.0295921
28.6456 0.0316925
28.6481 0.0339198
28.6506 0.03628
28.6531 0.0387794
28.6556 0.0414244
28.6581 0.0442213
28.6606 0.047177
28.6631 0.0502983
28.6656 0.0535921
28.6681 0.0570657
28.6706 0.0607264
28.6731 0.0645816
28.6756 0.0686389
28.6781 0.072906
28.6806 0.0773906
28.6831 0.0821008
28.6856 0.0870446
28.6881 0.09223
28.6906 0.0976652
28.6931 0.103359
28.6956 0.109318
28.6981 0.115553
28.7006 0.12207
28.7031 0.128879
28.7056 0.135988
28.7081 0.143405
28.7106 0.151138
28.7131 0.159196
28.7156 0.167586
28.7181 0.176318
28.7206 0.185399
28.7231 0.194836
28.7256 0.204638
28.7281 0.214812
28.7306 0.225365
28.7331 0.236304
28.7356 0.247637
28.7381 0.25937
28.7406 0.27151
28.7431 0.284062
28.7456 0.297032
28.7481 0.310426
28.7506 0.324249
28.7531 0.338506
28.7556 0.3532
28.7581 0.368337
28.7606 0.383919
28.7631 0.399949
28.7656 0.416431
28.7681 0.433366
28.7706 0.450755
28.7731 0.468601
28.7756 0.486902
28.7781 0.50566
28.7806 0.524874
28.7831 0.544542
28.7856 0.564663
28.7881 0.585234
28.7906 0.606253
28.7931 0.627715
28.7956 0.649616
28.7981 0.671952
28.8007 0.694717
28.8032 0.717905
28.8057 0.741508
28.8082 0.765519
28.8107 0.789931
28.8132 0.814733
28.8157 0.839916
28.8182 0.865471
28.8207 0.891386
28.8232 0.91765
28.8257 0.94425
28.8282 0.971175
28.8307 0.998409
28.8332 1.02594
28.8357 1.05375
28.8382 1.08183
28.8407 1.11016
28.8432 1.13872
28.8457 1.1675
28.8482 1.19648
28.8507 1.22565
28.8532 1.25497
28.8557 1.28444
28.8582 1.31404
28.8607 1.34374
28.8632 1.37353
28.8657 1.40338
28.8682 1.43328
28.8707 1.4632
28.8732 1.49312
28.8757 1.52302
28.8782 1.55288
28.8807 1.58268
28.8832 1.6124
28.8857 1.642
28.8882 1.67148
28.8907 1.70081
28.8932 1.72996
28.8957 1.75891
28.8982 1.78765
28.9007 1.81614
28.9032 1.84438
28.9057 1.87233
28.9082 1.89997
28.9107 1.92728
28.9132 1.95425
28.9157 1.98085
28.9182 2.00705
28.9207 2.03285
28.9232 2.05821
28.9257 2.08313
28.9282 2.10757
28.9307 2.13153
28.9332 2.15498
28.9357 2.17791
28.9382 2.2003
28.9407 2.22212
28.9432 2.24338
28.9457 2.26405
28.9482 2.28411
28.9507 2.30355
28.9532 2.32236
28.9557 2.34053
28.9582 2.35804
28.9607 2.37488
28.9632 2.39104
28.9657 2.40651
28.9682 2.42128
28.9707 2.43535
28.9732 2.44869
28.9757 2.46132
28.9782 2.47321
28.9807 2.48437
28.9832 2.49479
28.9857 2.50446
28.9882 2.51338
28.9907 2.52155
28.9932 2.52897
28.9957 2.53563
28.9982 2.54153
29.0008 2.54668
29.0033 2.55108
29.0058 2.55472
29.0083 2.5576
29.0108 2.55974
29.0133 2.56114
29.0158 2.56179
29.0183 2.5617
29.0208 2.56089
29.0233 2.55935
29.0258 2.55709
29.0283 2.55412
29.0308 2.55044
29.0333 2.54607
29.0358 2.54101
29.0383 2.53528
29.0408 2.52887
29.0433 2.52181
29.0458 2.51411
29.0483 2.50576
29.0508 2.4968
29.0533 2.48722
29.0558 2.47704
29.0583 2.46627
29.0608 2.45493
29.0633 2.44302
29.0658 2.43057
29.0683 2.41759
29.0708 2.40408
29.0733 2.39007
29.0758 2.37557
29.0783 2.36059
29.0808 2.34515
29.0833 2.32926
29.0858 2.31294
29.0883 2.2962
29.0908 2.27906
29.0933 2.26153
29.0958 2.24363
29.0983 2.22537
29.1008 2.20677
29.1033 2.18785
29.1058 2.16861
29.1083 2.14908
29.1108 2.12927
29.1133 2.10919
29.1158 2.08886
29.1183 2.0683
29.1208 2.04751
29.1233 2.02652
29.1258 2.00533
29.1283 1.98397
29.1308 1.96244
29.1333 1.94077
29.1358 1.91895
29.1383 1.89701
29.1408 1.87497
29.1433 1.85282
29.1458 1.8306
29.1483 1.8083
29.1508 1.78594
29.1533 1.76354
29.1558 1.7411
29.1583 1.71863
29.1608 1.69616
29.1633 1.67368
29.1658 1.65122
29.1683 1.62877
29.1708 1.60636
29.1733 1.58399
29.1758 1.56166
29.1783 1.5394
29.1808 1.5172
29.1833 1.49509
29.1858 1.47305
29.1883 1.45112
29.1908 1.42928
29.1933 1.40756
29.1958 1.38595
29.1983 1.36447
29.2009 1.34312
29.2034 1.3219
29.2059 1.30083
29.2084 1.27991
29.2109 1.25915
29.2134 1.23855
29.2159 1.21811
29.2184 1.19784
29.2209 1.17775
29.2234 1.15785
29.2259 1.13812
29.2284 1.11859
29.2309 1.09924
29.2334 1.08009
29.2359 1.06114
29.2384 1.0424
29.2409 1.02385
29.2434 1.00552
29.2459 0.98739
29.2484 0.969474
29.2509 0.951772
29.2534 0.934285
29.2559 0.917014
29.2584 0.899961
29.2609 0.883127
29.2634 0.866512
29.2659 0.850119
29.2684 0.833947
29.2709 0.817997
29.2734 0.802268
29.2759 0.786762
29.2784 0.771479
29.2809 0.756417
29.2834 0.741578
29.2859 0.72696
29.2884 0.712563
29.2909 0.698386
29.2934 0.684429
29.2959 0.67069
29.2984 0.657169
29.3009 0.643865
29.3034 0.630777
29.3059 0.617903
29.3084 0.605241
29.3109 0.592791
29.3134 0.580551
29.3159 0.56852
29.3184 0.556695
29.3209 0.545075
29.3234 0.533658
29.3259 0.522443
29.3284 0.511427
29.3309 0.500608
29.3334 0.489986
29.3359 0.479556
29.3384 0.469318
29.3409 0.459269
29.3434 0.449408
29.3459 0.439731
29.3484 0.430237
29.3509 0.420923
29.3534 0.411788
29.3559 0.402828
29.3584 0.394042
29.3609 0.385428
29.3634 0.376982
29.3659 0.368703
29.3684 0.360588
29.3709 0.352635
29.3734 0.344841
29.3759 0.337205
29.3784 0.329723
29.3809 0.322394
29.3834 0.315215
29.3859 0.308183
29.3884 0.301297
29.3909 0.294553
29.3934 0.287951
29.3959 0.281486
29.3984 0.275158
29.401 0.268964
29.4035 0.2629
29.406 0.256966
29.4085 0.251159
29.411 0.245477
29.4135 0.239916
29.416 0.234477
29.4185 0.229155
29.421 0.223949
29.4235 0.218857
29.426 0.213876
29.4285 0.209005
29.431 0.204241
29.4335 0.199583
29.436 0.195028
29.4385 0.190575
29.441 0.186221
29.4435 0.181965
29.446 0.177804
29.4485 0.173736
29.451 0.169761
29.4535 0.165875
29.456 0.162077
29.4585 0.158366
29.461 0.154739
29.4635 0.151195
29.466 0.147732
29.4685 0.144349
29.471 0.141043
29.4735 0.137813
29.476 0.134658
29.4785 0.131575
29.481 0.128564
29.4835 0.125623
29.486 0.12275
29.4885 0.119944
29.491 0.117203
29.4935 0.114526
29.496 0.111912
29.4985 0.109359
29.501 0.106865
29.5035 0.104431
29.506 0.102053
29.5085 0.0997312
29.511 0.0974641
29.5135 0.0952504
29.516 0.0930889
29.5185 0.0909785
29.521 0.088918
29.5235 0.0869062
29.526 0.084942
29.5285 0.0830244
29.531 0.0811523
29.5335 0.0793246
29.536 0.0775403
29.5385 0.0757984
29.541 0.074098
29.5435 0.0724379
29.546 0.0708174
29.5485 0.0692355
29.551 0.0676913
29.5535 0.0661839
29.556 0.0647124
29.5585 0.063276
29.561 0.0618738
29.5635 0.0605052
29.566 0.0591692
29.5685 0.057865
29.571 0.056592
29.5735 0.0553494
29.576 0.0541365
29.5785 0.0529525
29.581 0.0517968
29.5835 0.0506686
29.586 0.0495674
29.5885 0.0484925
29.591 0.0474432
29.5935 0.046419
29.596 0.0454192
29.5985 0.0444432
29.6011 0.0434905
29.6036 0.0425605
29.6061 0.0416526
29.6086 0.0407664
29.6111 0.0399012
29.6136 0.0390566
29.6161 0.0382322
29.6186 0.0374273
29.6211 0.0366415
29.6236 0.0358744
29.6261 0.0351254
29.6286 0.0343943
29.6311 0.0336804
29.6336 0.0329835
29.6361 0.032303
29.6386 0.0316387
29.6411 0.03099
29.6436 0.0303567
29.6461 0.0297382
29.6486 0.0291344
29.6511 0.0285448
29.6536 0.027969
29.6561 0.0274068
29.6586 0.0268578
29.6611 0.0263217
29.6636 0.0257981
29.6661 0.0252868
29.6686 0.0247874
29.6711 0.0242997
29.6736 0.0238234
29.6761 0.0233582
29.6786 0.0229039
29.6811 0.0224601
29.6836 0.0220266
29.6861 0.0216031
29.6886 0.0211895
29.6911 0.0207855
29.6936 0.0203908
29.6961 0.0200052
29.6986 0.0196286
29.7011 0.0192606
29.7036 0.018901
29.7061 0.0185498
29.7086 0.0182065
29.7111 0.0178712
29.7136 0.0175435
29.7161 0.0172233
29.7186 0.0169105
29.7211 0.0166047
29.7236 0.016306
29.7261 0.016014
29.7286 0.0157286
29.7311 0.0154497
29.7336 0.0151772
29.7361 0.0149107
29.7386 0.0146503
29.7411 0.0143958
29.7436 0.014147
29.7461 0.0139038
29.7486 0.013666
29.7511 0.0134336
29.7536 0.0132064
29.7561 0.0129842
29.7586 0.0127671
29.7611 0.0125547
29.7636 0.0123471
29.7661 0.0121441
29.7686 0.0119456
29.7711 0.0117514
29.7736 0.0115616
29.7761 0.011376
29.7786 0.0111945
29.7811 0.0110169
29.7836 0.0108433
29.7861 0.0106735
29.7886 0.0105074
29.7911 0.0103449
29.7936 0.010186
29.7961 0.0100306
29.7986 0.00987855
29.8012 0.00972982
29.8037 0.00958432
29.8062 0.00944199
29.8087 0.00930275
29.8112 0.00916652
29.8137 0.00903324
29.8162 0.00890284
29.8187 0.00877526
29.8212 0.00865043
29.8237 0.00852829
29.8262 0.00840878
29.8287 0.00829183
29.8312 0.0081774
29.8337 0.00806542
29.8362 0.00795585
29.8387 0.00784862
29.8412 0.00774368
29.8437 0.00764099
29.8462 0.00754049
29.8487 0.00744214
29.8512 0.00734588
29.8537 0.00725168
29.8562 0.00715948
29.8587 0.00706925
29.8612 0.00698093
29.8637 0.0068945
29.8662 0.0068099
29.8687 0.0067271
29.8712 0.00664607
29.8737 0.00656675
29.8762 0.00648912
29.8787 0.00641314
29.8812 0.00633877
29.8837 0.00626599
29.8862 0.00619475
29.8887 0.00612503
29.8912 0.00605679
29.8937 0.00599001
29.8962 0.00592464
29.8987 0.00586067
29.9012 0.00579807
29.9037 0.0057368
29.9062 0.00567684
29.9087 0.00561817
29.9112 0.00556075
29.9137 0.00550457
29.9162 0.00544959
29.9187 0.0053958
29.9212 0.00534317
29.9237 0.00529167
29.9262 0.00524129
29.9287 0.00519201
29.9312 0.0051438
29.9337 0.00509664
29.9362 0.00505051
29.9387 0.00500539
29.9412 0.00496127
29.9437 0.00491812
29.9462 0.00487593
29.9487 0.00483468
29.9512 0.00479435
29.9537 0.00475493
29.9562 0.00471639
29.9587 0.00467873
29.9612 0.00464193
29.9637 0.00460596
29.9662 0.00457083
29.9687 0.0045365
29.9712 0.00450298
29.9737 0.00447024
29.9762 0.00443827
29.9787 0.00440707
29.9812 0.00437661
29.9837 0.00434688
29.9862 0.00431787
29.9887 0.00428958
29.9912 0.00426198
29.9937 0.00423508
29.9962 0.00420885
29.9987 0.00418329
30.0013 0.00415838
30.0038 0.00413412
30.0063 0.0041105
30.0088 0.00408751
30.0113 0.00406513
30.0138 0.00404337
30.0163 0.0040222
30.0188 0.00400163
30.0213 0.00398164
30.0238 0.00396224
30.0263 0.0039434
30.0288 0.00392512
30.0313 0.00390739
30.0338 0.00389022
30.0363 0.00387358
30.0388 0.00385748
30.0413 0.00384191
30.0438 0.00382686
30.0463 0.00381232
30.0488 0.0037983
30.0513 0.00378477
30.0538 0.00377175
30.0563 0.00375922
30.0588 0.00374718
30.0613 0.00373562
30.0638 0.00372455
30.0663 0.00371394
30.0688 0.00370381
30.0713 0.00369414
30.0738 0.00368494
30.0763 0.00367619
30.0788 0.00366789
30.0813 0.00366005
30.0838 0.00365265
30.0863 0.0036457
30.0888 0.00363919
30.0913 0.00363311
30.0938 0.00362748
30.0963 0.00362227
30.0988 0.00361749
30.1013 0.00361314
30.1038 0.00360922
30.1063 0.00360571
30.1088 0.00360263
30.1113 0.00359997
30.1138 0.00359772
30.1163 0.00359589
30.1188 0.00359448
30.1213 0.00359347
30.1238 0.00359288
30.1263 0.0035927
30.1288 0.00359292
30.1313 0.00359356
30.1338 0.0035946
30.1363 0.00359605
30.1388 0.00359791
30.1413 0.00360017
30.1438 0.00360284
30.1463 0.00360591
30.1488 0.00360939
30.1513 0.00361327
30.1538 0.00361756
30.1563 0.00362225
30.1588 0.00362736
30.1613 0.00363286
30.1638 0.00363878
30.1663 0.0036451
30.1688 0.00365183
30.1713 0.00365897
30.1738 0.00366653
30.1763 0.00367449
30.1788 0.00368287
30.1813 0.00369166
30.1838 0.00370087
30.1863 0.0037105
30.1888 0.00372054
30.1913 0.00373101
30.1938 0.0037419
30.1963 0.00375321
30.1988 0.00376495
30.2014 0.00377712
30.2039 0.00378973
30.2064 0.00380276
30.2089 0.00381624
30.2114 0.00383015
30.2139 0.0038445
30.2164 0.0038593
30.2189 0.00387455
30.2214 0.00389025
30.2239 0.0039064
30.2264 0.00392301
30.2289 0.00394008
30.2314 0.00395762
30.2339 0.00397562
30.2364 0.00399409
30.2389 0.00401304
30.2414 0.00403247
30.2439 0.00405238
30.2464 0.00407278
30.2489 0.00409367
30.2514 0.00411506
30.2539 0.00413695
30.2564 0.00415934
30.2589 0.00418224
30.2614 0.00420566
30.2639 0.0042296
30.2664 0.00425406
30.2689 0.00427905
30.2714 0.00430458
30.2739 0.00433064
30.2764 0.00435725
30.2789 0.00438441
30.2814 0.00441213
30.2839 0.00444042
30.2864 0.00446927
30.2889 0.00449869
30.2914 0.0045287
30.2939 0.00455929
30.2964 0.00459048
30.2989 0.00462226
30.3014 0.00465465
30.3039 0.00468766
30.3064 0.00472128
30.3089 0.00475553
30.3114 0.00479042
30.3139 0.00482594
30.3164 0.00486212
30.3189 0.00489895
30.3214 0.00493644
30.3239 0.0049746
30.3264 0.00501344
30.3289 0.00505296
30.3314 0.00509318
30.3339 0.0051341
30.3364 0.00517574
30.3389 0.00521808
30.3414 0.00526116
30.3439 0.00530497
30.3464 0.00534952
30.3489 0.00539483
30.3514 0.0054409
30.3539 0.00548773
30.3564 0.00553535
30.3589 0.00558375
30.3614 0.00563295
30.3639 0.00568295
30.3664 0.00573377
30.3689 0.00578542
30.3714 0.0058379
30.3739 0.00589122
30.3764 0.0059454
30.3789 0.00600044
30.3814 0.00605636
30.3839 0.00611316
30.3864 0.00617085
30.3889 0.00622945
30.3914 0.00628896
30.3939 0.00634939
30.3964 0.00641076
30.3989 0.00647307
30.4015 0.00653634
30.404 0.00660058
30.4065 0.00666579
30.409 0.006732
30.4115 0.00679919
30.414 0.0068674
30.4165 0.00693663
30.419 0.00700689
30.4215 0.00707819
30.424 0.00715055
30.4265 0.00722396
30.429 0.00729846
30.4315 0.00737403
30.434 0.00745071
30.4365 0.00752849
30.439 0.00760739
30.4415 0.00768742
30.444 0.0077686
30.4465 0.00785092
30.449 0.00793441
30.4515 0.00801907
30.454 0.00810492
30.4565 0.00819196
30.459 0.00828021
30.4615 0.00836967
30.464 0.00846036
30.4665 0.00855229
30.469 0.00864548
30.4715 0.00873991
30.474 0.00883562
30.4765 0.00893261
30.479 0.00903089
30.4815 0.00913047
30.484 0.00923136
30.4865 0.00933357
30.489 0.0094371
30.4915 0.00954198
30.494 0.0096482
30.4965 0.00975578
30.499 0.00986472
30.5015 0.00997503
30.504 0.0100867
30.5065 0.0101998
30.509 0.0103143
30.5115 0.0104302
30.514 0.0105475
30.5165 0.0106662
30.519 0.0107863
30.5215 0.0109079
30.524 0.0110309
30.5265 0.0111554
30.529 0.0112813
30.5315 0.0114086
30.534 0.0115374
30.5365 0.0116677
30.539 0.0117994
30.5415 0.0119326
30.544 0.0120672
30.5465 0.0122034
30.549 0.012341
30.5515 0.01248
30.554 0.0126206
30.5565 0.0127626
30.559 0.0129061
30.5615 0.013051
30.564 0.0131975
30.5665 0.0133453
30.569 0.0134947
30.5715 0.0136455
30.574 0.0137977
30.5765 0.0139514
30.579 0.0141065
30.5815 0.0142631
30.584 0.0144211
30.5865 0.0145805
30.589 0.0147413
30.5915 0.0149035
30.594 0.015067
30.5965 0.015232
30.599 0.0153983
30.6016 0.0155659
30.6041 0.0157348
30.6066 0.0159051
30.6091 0.0160766
30.6116 0.0162495
30.6141 0.0164235
30.6166 0.0165988
30.6191 0.0167753
30.6216 0.016953
30.6241 0.0171319
30.6266 0.0173118
30.6291 0.0174929
30.6316 0.0176751
30.6341 0.0178583
30.6366 0.0180425
30.6391 0.0182278
30.6416 0.0184139
30.6441 0.018601
30.6466 0.018789
30.6491 0.0189778
30.6516 0.0191674
30.6541 0.0193578
30.6566 0.019549
30.6591 0.0197408
30.6616 0.0199332
30.6641 0.0201262
30.6666 0.0203198
30.6691 0.0205139
30.6716 0.0207084
30.6741 0.0209033
30.6766 0.0210985
30.6791 0.0212941
30.6816 0.0214898
30.6841 0.0216858
30.6866 0.0218818
30.6891 0.0220779
30.6916 0.022274
30.6941 0.02247
30.6966 0.0226658
30.6991 0.0228615
30.7016 0.0230568
30.7041 0.0232518
30.7066 0.0234464
30.7091 0.0236405
30.7116 0.0238341
30.7141 0.024027
30.7166 0.0242191
30.7191 0.0244105
30.7216 0.024601
30.7241 0.0247905
30.7266 0.024979
30.7291 0.0251663
30.7316 0.0253524
30.7341 0.0255373
30.7366 0.0257207
30.7391 0.0259026
30.7416 0.026083
30.7441 0.0262617
30.7466 0.0264387
30.7491 0.0266138
30.7516 0.026787
30.7541 0.0269581
30.7566 0.0271271
30.7591 0.0272939
30.7616 0.0274583
30.7641 0.0276203
30.7666 0.0277798
30.7691 0.0279366
30.7716 0.0280907
30.7741 0.028242
30.7766 0.0283904
30.7791 0.0285357
30.7816 0.0286779
30.7841 0.0288168
30.7866 0.0289524
30.7891 0.0290846
30.7916 0.0292132
30.7941 0.0293382
30.7966 0.0294595
30.7991 0.0295769
30.8017 0.0296904
30.8042 0.0297998
30.8067 0.0299051
30.8092 0.0300062
30.8117 0.0301029
30.8142 0.0301952
30.8167 0.030283
30.8192 0.0303661
30.8217 0.0304446
30.8242 0.0305182
30.8267 0.030587
30.8292 0.0306508
30.8317 0.0307095
30.8342 0.0307631
30.8367 0.0308115
30.8392 0.0308545
30.8417 0.0308922
30.8442 0.0309244
30.8467 0.0309511
30.8492 0.0309722
30.8517 0.0309876
30.8542 0.0309973
30.8567 0.0310012
30.8592 0.0309993
30.8617 0.0309914
30.8642 0.0309776
30.8667 0.0309579
30.8692 0.030932
30.8717 0.0309001
30.8742 0.030862
30.8767 0.0308178
30.8792 0.0307674
30.8817 0.0307108
30.8842 0.0306479
30.8867 0.0305788
30.8892 0.0305034
30.8917 0.0304217
30.8942 0.0303337
30.8967 0.0302395
30.8992 0.0301389
30.9017 0.0300321
30.9042 0.029919
30.9067 0.0297997
30.9092 0.0296742
30.9117 0.0295424
30.9142 0.0294045
30.9167 0.0292605
30.9192 0.0291103
30.9217 0.0289541
30.9242 0.0287919
30.9267 0.0286238
30.9292 0.0284498
30.9317 0.02827
30.9342 0.0280844
30.9367 0.0278931
30.9392 0.0276963
30.9417 0.0274939
30.9442 0.0272861
30.9467 0.027073
30.9492 0.0268546
30.9517 0.0266311
30.9542 0.0264025
30.9567 0.0261691
30.9592 0.0259308
30.9617 0.0256878
30.9642 0.0254403
30.9667 0.0251883
30.9692 0.024932
30.9717 0.0246715
30.9742 0.024407
30.9767 0.0241385
30.9792 0.0238663
30.9817 0.0235905
30.9842 0.0233112
30.9867 0.0230286
30.9892 0.0227428
30.9917 0.022454
30.9942 0.0221624
30.9967 0.0218681
30.9992 0.0215713
31.0018 0.0212721
31.0043 0.0209707
31.0068 0.0206673
31.0093 0.0203621
31.0118 0.0200551
31.0143 0.0197467
31.0168 0.0194369
31.0193 0.019126
31.0218 0.018814
31.0243 0.0185013
31.0268 0.0181879
31.0293 0.017874
31.0318 0.0175598
31.0343 0.0172455
31.0368 0.0169312
31.0393 0.0166171
31.0418 0.0163034
31.0443 0.0159902
31.0468 0.0156777
31.0493 0.0153661
31.0518 0.0150555
31.0543 0.0147461
31.0568 0.0144381
31.0593 0.0141315
31.0618 0.0138266
31.0643 0.0135234
31.0668 0.0132222
31.0693 0.012923
31.0718 0.0126261
31.0743 0.0123315
31.0768 0.0120393
31.0793 0.0117498
31.0818 0.011463
31.0843 0.011179
31.0868 0.010898
31.0893 0.01062
31.0918 0.0103452
31.0943 0.0100737
31.0968 0.00980547
31.0993 0.00954075
31.1018 0.00927956
31.1043 0.00902199
31.1068 0.00876813
31.1093 0.00851804
31.1118 0.00827179
31.1143 0.00802944
31.1168 0.00779106
31.1193 0.00755669
31.1218 0.00732639
31.1243 0.0071002
31.1268 0.00687816
31.1293 0.0066603
31.1318 0.00644665
31.1343 0.00623725
31.1368 0.0060321
31.1393 0.00583122
31.1418 0.00563463
31.1443 0.00544234
31.1468 0.00525434
31.1493 0.00507064
31.1518 0.00489122
31.1543 0.00471609
31.1568 0.00454522
31.1593 0.00437861
31.1618 0.00421622
31.1643 0.00405803
31.1668 0.00390402
31.1693 0.00375415
31.1718 0.00360839
31.1743 0.00346671
31.1768 0.00332905
31.1793 0.00319538
31.1818 0.00306565
31.1843 0.00293981
31.1868 0.00281781
31.1893 0.00269959
31.1918 0.00258511
31.1943 0.0024743
31.1968 0.0023671
31.1993 0.00226345
31.2019 0.00216329
31.2044 0.00206655
31.2069 0.00197317
31.2094 0.00188308
31.2119 0.00179622
31.2144 0.0017125
31.2169 0.00163188
31.2194 0.00155426
31.2219 0.00147959
31.2244 0.00140779
31.2269 0.00133879
31.2294 0.00127251
31.2319 0.0012089
31.2344 0.00114787
31.2369 0.00108935
31.2394 0.00103327
31.2419 0.000979565
31.2444 0.000928159
31.2469 0.000878983
31.2494 0.000831968
31.2519 0.000787044
31.2544 0.000744145
31.2569 0.000703202
31.2594 0.00066415
31.2619 0.000626923
31.2644 0.000591458
31.2669 0.00055769
31.2694 0.000525557
31.2719 0.000495
31.2744 0.000465958
31.2769 0.000438373
31.2794 0.000412187
31.2819 0.000387345
31.2844 0.000363792
31.2869 0.000341475
31.2894 0.000320342
31.2919 0.000300342
31.2944 0.000281428
31.2969 0.00026355
31.2994 0.000246662
31.3019 0.000230721
31.3044 0.000215681
31.3069 0.000201502
31.3094 0.000188142
31.3119 0.000175563
31.3144 0.000163725
31.3169 0.000152593
31.3194 0.000142131
31.3219 0.000132305
31.3244 0.000123083
31.3269 0.000114432
31.3294 0.000106324
31.3319 9.87282e-05
31.3344 9.16179e-05
31.3369 8.4966e-05
31.3394 7.87473e-05
31.3419 7.29374e-05
31.3444 6.75131e-05
31.3469 6.24521e-05
31.3494 5.77333e-05
31.3519 5.33366e-05
31.3544 4.92427e-05
31.3569 4.54334e-05
31.3594 4.18913e-05
31.3619 3.85999e-05
31.3644 3.55437e-05
31.3669 3.27077e-05
31.3694 3.00779e-05
31.3719 2.7641e-05
31.3744 2.53845e-05
31.3769 2.32965e-05
31.3794 2.13658e-05
31.3819 1.95817e-05
31.3844 1.79343e-05
31.3869 1.64142e-05
31.3894 1.50126e-05
31.3919 1.37212e-05
31.3944 1.25321e-05
31.3969 1.14381e-05
31.3994 1.04323e-05
31.402 9.50817e-06
31.4045 8.65981e-06
31.407 7.88155e-06
31.4095 7.16811e-06
31.412 6.51458e-06
31.4145 5.91638e-06
31.417 5.36922e-06
31.4195 4.86914e-06
31.422 4.41242e-06
31.4245 3.99561e-06
31.427 3.61552e-06
31.4295 3.26918e-06
31.432 2.95382e-06
31.4345 2.6669e-06
31.437 2.40606e-06
31.4395 2.1691e-06
31.442 1.95401e-06
31.4445 1.75891e-06
31.447 1.5821e-06
31.4495 1.42197e-06
31.452 1.27708e-06
31.4545 1.14607e-06
31.457 1.0277e-06
31.4595 9.20853e-07
31.462 8.2447e-07
31.4645 7.37599e-07
31.467 6.59365e-07
31.4695 5.88966e-07
31.472 5.25668e-07
31.4745 4.68801e-07
31.477 4.17753e-07
31.4795 3.71967e-07
31.482 3.30934e-07
31.4845 2.94191e-07
31.487 2.61315e-07
31.4895 2.31926e-07
31.492 2.05674e-07
31.4945 1.82245e-07
31.497 1.61352e-07
31.4995 1.42736e-07
