38.5 1.6464
38.5015 1.58523
38.503 1.52435
38.5045 1.46375
38.506 1.40343
38.5075 1.34339
38.509 1.28363
38.5105 1.22416
38.512 1.16496
38.5135 1.10603
38.515 1.04739
38.5165 0.989022
38.518 0.93093
38.5195 0.873114
38.521 0.815573
38.5225 0.758306
38.524 0.701312
38.5255 0.644592
38.527 0.588143
38.5285 0.531967
38.53 0.476061
38.5315 0.420426
38.533 0.36506
38.5345 0.309964
38.536 0.255136
38.5375 0.200575
38.539 0.146282
38.5405 0.0922555
38.542 0.0384947
38.5435 -0.0150009
38.545 -0.068232
38.5465 -0.121199
38.548 -0.173903
38.5495 -0.226344
38.551 -0.278523
38.5525 -0.330441
38.554 -0.382097
38.5555 -0.433494
38.557 -0.484631
38.5585 -0.53551
38.56 -0.58613
38.5615 -0.636492
38.563 -0.686598
38.5645 -0.736447
38.566 -0.78604
38.5675 -0.835379
38.569 -0.884462
38.5705 -0.933292
38.572 -0.981869
38.5735 -1.03019
38.575 -1.07827
38.5765 -1.12609
38.578 -1.17366
38.5795 -1.22098
38.581 -1.26805
38.5825 -1.31487
38.584 -1.36144
38.5855 -1.40777
38.587 -1.45385
38.5885 -1.49968
38.59 -1.54527
38.5915 -1.59061
38.593 -1.6357
38.5945 -1.68056
38.596 -1.72517
38.5975 -1.76953
38.599 -1.81366
38.6006 -1.85754
38.6021 -1.90119
38.6036 -1.94459
38.6051 -1.98775
38.6066 -2.03067
38.6081 -2.07336
38.6096 -2.11581
38.6111 -2.15802
38.6126 -2.19999
38.6141 -2.24173
38.6156 -2.28323
38.6171 -2.3245
38.6186 -2.36553
38.6201 -2.40633
38.6216 -2.4469
38.6231 -2.48724
38.6246 -2.52734
38.6261 -2.56721
38.6276 -2.60685
38.6291 -2.64626
38.6306 -2.68545
38.6321 -2.7244
38.6336 -2.76312
38.6351 -2.80162
38.6366 -2.83989
38.6381 -2.87794
38.6396 -2.91576
38.6411 -2.95335
38.6426 -2.99072
38.6441 -3.02786
38.6456 -3.06478
38.6471 -3.10148
38.6486 -3.13796
38.6501 -3.17421
38.6516 -3.21025
38.6531 -3.24606
38.6546 -3.28166
38.6561 -3.31703
38.6576 -3.35219
38.6591 -3.38712
38.6606 -3.42185
38.6621 -3.45635
38.6636 -3.49064
38.6651 -3.52471
38.6666 -3.55856
38.6681 -3.59221
38.6696 -3.62563
38.6711 -3.65885
38.6726 -3.69185
38.6741 -3.72464
38.6756 -3.75722
38.6771 -3.78958
38.6786 -3.82174
38.6801 -3.85369
38.6816 -3.88542
38.6831 -3.91695
38.6846 -3.94827
38.6861 -3.97938
38.6876 -4.01029
38.6891 -4.04099
38.6906 -4.07148
38.6921 -4.10177
38.6936 -4.13185
38.6951 -4.16173
38.6966 -4.19141
38.6981 -4.22088
38.6996 -4.25015
38.7011 -4.27922
38.7026 -4.30808
38.7041 -4.33675
38.7056 -4.36522
38.7071 -4.39348
38.7086 -4.42155
38.7101 -4.44942
38.7116 -4.47709
38.7131 -4.50456
38.7146 -4.53184
38.7161 -4.55892
38.7176 -4.58581
38.7191 -4.6125
38.7206 -4.63899
38.7221 -4.66529
38.7236 -4.6914
38.7251 -4.71731
38.7266 -4.74304
38.7281 -4.76857
38.7296 -4.79391
38.7311 -4.81906
38.7326 -4.84402
38.7341 -4.86879
38.7356 -4.89337
38.7371 -4.91776
38.7386 -4.94196
38.7401 -4.96598
38.7416 -4.98981
38.7431 -5.01345
38.7446 -5.03691
38.7461 -5.06019
38.7476 -5.08327
38.7491 -5.10618
38.7506 -5.1289
38.7521 -5.15144
38.7536 -5.1738
38.7551 -5.19597
38.7566 -5.21796
38.7581 -5.23977
38.7596 -5.26141
38.7611 -5.28286
38.7626 -5.30413
38.7641 -5.32523
38.7656 -5.34614
38.7671 -5.36688
38.7686 -5.38744
38.7701 -5.40783
38.7716 -5.42804
38.7731 -5.44807
38.7746 -5.46793
38.7761 -5.48762
38.7776 -5.50713
38.7791 -5.52647
38.7806 -5.54564
38.7821 -5.56463
38.7836 -5.58345
38.7851 -5.6021
38.7866 -5.62059
38.7881 -5.6389
38.7896 -5.65704
38.7911 -5.67501
38.7926 -5.69281
38.7941 -5.71045
38.7956 -5.72792
38.7971 -5.74522
38.7986 -5.76236
38.8002 -5.77933
38.8017 -5.79613
38.8032 -5.81277
38.8047 -5.82925
38.8062 -5.84556
38.8077 -5.86171
38.8092 -5.8777
38.8107 -5.89352
38.8122 -5.90918
38.8137 -5.92468
38.8152 -5.94003
38.8167 -5.95521
38.8182 -5.97023
38.8197 -5.98509
38.8212 -5.99979
38.8227 -6.01434
38.8242 -6.02873
38.8257 -6.04296
38.8272 -6.05704
38.8287 -6.07096
38.8302 -6.08472
38.8317 -6.09833
38.8332 -6.11179
38.8347 -6.12509
38.8362 -6.13823
38.8377 -6.15123
38.8392 -6.16407
38.8407 -6.17676
38.8422 -6.1893
38.8437 -6.20169
38.8452 -6.21393
38.8467 -6.22602
38.8482 -6.23796
38.8497 -6.24975
38.8512 -6.26139
38.8527 -6.27288
38.8542 -6.28423
38.8557 -6.29543
38.8572 -6.30649
38.8587 -6.3174
38.8602 -6.32816
38.8617 -6.33878
38.8632 -6.34925
38.8647 -6.35958
38.8662 -6.36977
38.8677 -6.37981
38.8692 -6.38972
38.8707 -6.39948
38.8722 -6.4091
38.8737 -6.41857
38.8752 -6.42791
38.8767 -6.43711
38.8782 -6.44617
38.8797 -6.45509
38.8812 -6.46387
38.8827 -6.47251
38.8842 -6.48102
38.8857 -6.48939
38.8872 -6.49762
38.8887 -6.50572
38.8902 -6.51368
38.8917 -6.52151
38.8932 -6.5292
38.8947 -6.53676
38.8962 -6.54419
38.8977 -6.55148
38.8992 -6.55864
38.9007 -6.56566
38.9022 -6.57256
38.9037 -6.57933
38.9052 -6.58596
38.9067 -6.59246
38.9082 -6.59884
38.9097 -6.60508
38.9112 -6.6112
38.9127 -6.61719
38.9142 -6.62305
38.9157 -6.62878
38.9172 -6.63439
38.9187 -6.63987
38.9202 -6.64523
38.9217 -6.65046
38.9232 -6.65556
38.9247 -6.66054
38.9262 -6.6654
38.9277 -6.67013
38.9292 -6.67474
38.9307 -6.67923
38.9322 -6.68359
38.9337 -6.68784
38.9352 -6.69196
38.9367 -6.69596
38.9382 -6.69984
38.9397 -6.7036
38.9412 -6.70725
38.9427 -6.71077
38.9442 -6.71418
38.9457 -6.71746
38.9472 -6.72063
38.9487 -6.72369
38.9502 -6.72662
38.9517 -6.72944
38.9532 -6.73215
38.9547 -6.73474
38.9562 -6.73722
38.9577 -6.73958
38.9592 -6.74182
38.9607 -6.74396
38.9622 -6.74598
38.9637 -6.74789
38.9652 -6.74969
38.9667 -6.75137
38.9682 -6.75295
38.9697 -6.75441
38.9712 -6.75576
38.9727 -6.75701
38.9742 -6.75814
38.9757 -6.75917
38.9772 -6.76009
38.9787 -6.7609
38.9802 -6.7616
38.9817 -6.7622
38.9832 -6.76268
38.9847 -6.76307
38.9862 -6.76335
38.9877 -6.76352
38.9892 -6.76359
38.9907 -6.76355
38.9922 -6.76341
38.9937 -6.76316
38.9952 -6.76282
38.9967 -6.76237
38.9982 -6.76181
38.9997 -6.76116
39.0013 -6.76041
39.0028 -6.75955
39.0043 -6.7586
39.0058 -6.75754
39.0073 -6.75638
39.0088 -6.75513
39.0103 -6.75378
39.0118 -6.75233
39.0133 -6.75078
39.0148 -6.74913
39.0163 -6.74739
39.0178 -6.74555
39.0193 -6.74361
39.0208 -6.74158
39.0223 -6.73945
39.0238 -6.73723
39.0253 -6.73492
39.0268 -6.73251
39.0283 -6.73001
39.0298 -6.72741
39.0313 -6.72472
39.0328 -6.72194
39.0343 -6.71907
39.0358 -6.7161
39.0373 -6.71305
39.0388 -6.7099
39.0403 -6.70667
39.0418 -6.70334
39.0433 -6.69993
39.0448 -6.69643
39.0463 -6.69284
39.0478 -6.68916
39.0493 -6.68539
39.0508 -6.68154
39.0523 -6.67759
39.0538 -6.67357
39.0553 -6.66945
39.0568 -6.66526
39.0583 -6.66097
39.0598 -6.6566
39.0613 -6.65215
39.0628 -6.64762
39.0643 -6.643
39.0658 -6.63829
39.0673 -6.63351
39.0688 -6.62864
39.0703 -6.62369
39.0718 -6.61866
39.0733 -6.61355
39.0748 -6.60835
39.0763 -6.60308
39.0778 -6.59773
39.0793 -6.5923
39.0808 -6.58679
39.0823 -6.5812
39.0838 -6.57553
39.0853 -6.56978
39.0868 -6.56396
39.0883 -6.55806
39.0898 -6.55209
39.0913 -6.54603
39.0928 -6.53991
39.0943 -6.5337
39.0958 -6.52742
39.0973 -6.52107
39.0988 -6.51464
39.1003 -6.50814
39.1018 -6.50157
39.1033 -6.49492
39.1048 -6.4882
39.1063 -6.48141
39.1078 -6.47455
39.1093 -6.46761
39.1108 -6.4606
39.1123 -6.45353
39.1138 -6.44638
39.1153 -6.43916
39.1168 -6.43188
39.1183 -6.42452
39.1198 -6.4171
39.1213 -6.4096
39.1228 -6.40204
39.1243 -6.39441
39.1258 -6.38672
39.1273 -6.37896
39.1288 -6.37113
39.1303 -6.36323
39.1318 -6.35527
39.1333 -6.34725
39.1348 -6.33916
39.1363 -6.331
39.1378 -6.32278
39.1393 -6.3145
39.1408 -6.30615
39.1423 -6.29774
39.1438 -6.28927
39.1453 -6.28074
39.1468 -6.27214
39.1483 -6.26348
39.1498 -6.25476
39.1513 -6.24598
39.1528 -6.23714
39.1543 -6.22824
39.1558 -6.21928
39.1573 -6.21026
39.1588 -6.20119
39.1603 -6.19205
39.1618 -6.18286
39.1633 -6.1736
39.1648 -6.16429
39.1663 -6.15493
39.1678 -6.1455
39.1693 -6.13602
39.1708 -6.12649
39.1723 -6.1169
39.1738 -6.10725
39.1753 -6.09755
39.1768 -6.08779
39.1783 -6.07798
39.1798 -6.06812
39.1813 -6.0582
39.1828 -6.04823
39.1843 -6.03821
39.1858 -6.02813
39.1873 -6.018
39.1888 -6.00782
39.1903 -5.99759
39.1918 -5.98731
39.1933 -5.97698
39.1948 -5.96659
39.1963 -5.95616
39.1978 -5.94568
39.1993 -5.93515
39.2009 -5.92457
39.2024 -5.91394
39.2039 -5.90326
39.2054 -5.89254
39.2069 -5.88177
39.2084 -5.87095
39.2099 -5.86008
39.2114 -5.84917
39.2129 -5.83821
39.2144 -5.82721
39.2159 -5.81616
39.2174 -5.80506
39.2189 -5.79392
39.2204 -5.78274
39.2219 -5.77151
39.2234 -5.76024
39.2249 -5.74893
39.2264 -5.73757
39.2279 -5.72617
39.2294 -5.71473
39.2309 -5.70324
39.2324 -5.69171
39.2339 -5.68015
39.2354 -5.66854
39.2369 -5.65689
39.2384 -5.6452
39.2399 -5.63347
39.2414 -5.6217
39.2429 -5.60989
39.2444 -5.59805
39.2459 -5.58616
39.2474 -5.57424
39.2489 -5.56227
39.2504 -5.55028
39.2519 -5.53824
39.2534 -5.52616
39.2549 -5.51405
39.2564 -5.50191
39.2579 -5.48972
39.2594 -5.4775
39.2609 -5.46525
39.2624 -5.45296
39.2639 -5.44064
39.2654 -5.42828
39.2669 -5.41589
39.2684 -5.40346
39.2699 -5.391
39.2714 -5.37851
39.2729 -5.36598
39.2744 -5.35343
39.2759 -5.34084
39.2774 -5.32821
39.2789 -5.31556
39.2804 -5.30288
39.2819 -5.29016
39.2834 -5.27741
39.2849 -5.26464
39.2864 -5.25183
39.2879 -5.239
39.2894 -5.22613
39.2909 -5.21324
39.2924 -5.20031
39.2939 -5.18736
39.2954 -5.17438
39.2969 -5.16137
39.2984 -5.14834
39.2999 -5.13528
39.3014 -5.12219
39.3029 -5.10907
39.3044 -5.09593
39.3059 -5.08277
39.3074 -5.06957
39.3089 -5.05635
39.3104 -5.04311
39.3119 -5.02984
39.3134 -5.01655
39.3149 -5.00323
39.3164 -4.98989
39.3179 -4.97653
39.3194 -4.96314
39.3209 -4.94973
39.3224 -4.9363
39.3239 -4.92284
39.3254 -4.90937
39.3269 -4.89587
39.3284 -4.88235
39.3299 -4.86881
39.3314 -4.85524
39.3329 -4.84166
39.3344 -4.82806
39.3359 -4.81443
39.3374 -4.80079
39.3389 -4.78713
39.3404 -4.77345
39.3419 -4.75975
39.3434 -4.74603
39.3449 -4.73229
39.3464 -4.71854
39.3479 -4.70476
39.3494 -4.69097
39.3509 -4.67717
39.3524 -4.66334
39.3539 -4.6495
39.3554 -4.63564
39.3569 -4.62177
39.3584 -4.60788
39.3599 -4.59398
39.3614 -4.58006
39.3629 -4.56613
39.3644 -4.55218
39.3659 -4.53822
39.3674 -4.52424
39.3689 -4.51025
39.3704 -4.49624
39.3719 -4.48223
39.3734 -4.4682
39.3749 -4.45415
39.3764 -4.4401
39.3779 -4.42603
39.3794 -4.41195
39.3809 -4.39786
39.3824 -4.38376
39.3839 -4.36965
39.3854 -4.35553
39.3869 -4.34139
39.3884 -4.32725
39.3899 -4.31309
39.3914 -4.29893
39.3929 -4.28476
39.3944 -4.27057
39.3959 -4.25638
39.3974 -4.24218
39.3989 -4.22798
39.4005 -4.21376
39.402 -4.19953
39.4035 -4.1853
39.405 -4.17106
39.4065 -4.15682
39.408 -4.14257
39.4095 -4.12831
39.411 -4.11404
39.4125 -4.09977
39.414 -4.08549
39.4155 -4.07121
39.417 -4.05692
39.4185 -4.04263
39.42 -4.02833
39.4215 -4.01403
39.423 -3.99973
39.4245 -3.98542
39.426 -3.9711
39.4275 -3.95678
39.429 -3.94246
39.4305 -3.92814
39.432 -3.91382
39.4335 -3.89949
39.435 -3.88516
39.4365 -3.87082
39.438 -3.85649
39.4395 -3.84215
39.441 -3.82782
39.4425 -3.81348
39.444 -3.79914
39.4455 -3.7848
39.447 -3.77046
39.4485 -3.75612
39.45 -3.74178
39.4515 -3.72745
39.453 -3.71311
39.4545 -3.69877
39.456 -3.68443
39.4575 -3.6701
39.459 -3.65577
39.4605 -3.64144
39.462 -3.62711
39.4635 -3.61278
39.465 -3.59846
39.4665 -3.58414
39.468 -3.56982
39.4695 -3.55551
39.471 -3.5412
39.4725 -3.52689
39.474 -3.51259
39.4755 -3.49829
39.477 -3.48399
39.4785 -3.4697
39.48 -3.45542
39.4815 -3.44114
39.483 -3.42687
39.4845 -3.4126
39.486 -3.39834
39.4875 -3.38408
39.489 -3.36983
39.4905 -3.35559
39.492 -3.34135
39.4935 -3.32712
39.495 -3.3129
39.4965 -3.29868
39.498 -3.28448
39.4995 -3.27028
39.501 -3.25608
39.5025 -3.2419
39.504 -3.22773
39.5055 -3.21356
39.507 -3.1994
39.5085 -3.18526
39.51 -3.17112
39.5115 -3.15699
39.513 -3.14287
39.5145 -3.12876
39.516 -3.11466
39.5175 -3.10057
39.519 -3.08649
39.5205 -3.07243
39.522 -3.05837
39.5235 -3.04433
39.525 -3.03029
39.5265 -3.01627
39.528 -3.00226
39.5295 -2.98826
39.531 -2.97428
39.5325 -2.96031
39.534 -2.94635
39.5355 -2.9324
39.537 -2.91847
39.5385 -2.90455
39.54 -2.89064
39.5415 -2.87675
39.543 -2.86287
39.5445 -2.849
39.546 -2.83515
39.5475 -2.82131
39.549 -2.80749
39.5505 -2.79369
39.552 -2.77989
39.5535 -2.76612
39.555 -2.75236
39.5565 -2.73861
39.558 -2.72488
39.5595 -2.71117
39.561 -2.69748
39.5625 -2.6838
39.564 -2.67013
39.5655 -2.65649
39.567 -2.64286
39.5685 -2.62924
39.57 -2.61565
39.5715 -2.60207
39.573 -2.58851
39.5745 -2.57497
39.576 -2.56145
39.5775 -2.54794
39.579 -2.53446
39.5805 -2.52099
39.582 -2.50754
39.5835 -2.49411
39.585 -2.4807
39.5865 -2.46731
39.588 -2.45394
39.5895 -2.44059
39.591 -2.42726
39.5925 -2.41395
39.594 -2.40066
39.5955 -2.38739
39.597 -2.37414
39.5985 -2.36091
39.6001 -2.34771
39.6016 -2.33452
39.6031 -2.32136
39.6046 -2.30821
39.6061 -2.29509
39.6076 -2.28199
39.6091 -2.26892
39.6106 -2.25586
39.6121 -2.24283
39.6136 -2.22982
39.6151 -2.21683
39.6166 -2.20387
39.6181 -2.19093
39.6196 -2.17801
39.6211 -2.16512
39.6226 -2.15225
39.6241 -2.1394
39.6256 -2.12658
39.6271 -2.11378
39.6286 -2.10101
39.6301 -2.08826
39.6316 -2.07554
39.6331 -2.06284
39.6346 -2.05016
39.6361 -2.03751
39.6376 -2.02489
39.6391 -2.01229
39.6406 -1.99971
39.6421 -1.98717
39.6436 -1.97465
39.6451 -1.96215
39.6466 -1.94968
39.6481 -1.93724
39.6496 -1.92482
39.6511 -1.91243
39.6526 -1.90007
39.6541 -1.88773
39.6556 -1.87542
39.6571 -1.86314
39.6586 -1.85089
39.6601 -1.83866
39.6616 -1.82646
39.6631 -1.81429
39.6646 -1.80215
39.6661 -1.79003
39.6676 -1.77795
39.6691 -1.76589
39.6706 -1.75386
39.6721 -1.74186
39.6736 -1.72989
39.6751 -1.71794
39.6766 -1.70603
39.6781 -1.69415
39.6796 -1.68229
39.6811 -1.67047
39.6826 -1.65867
39.6841 -1.64691
39.6856 -1.63517
39.6871 -1.62347
39.6886 -1.61179
39.6901 -1.60015
39.6916 -1.58853
39.6931 -1.57695
39.6946 -1.5654
39.6961 -1.55388
39.6976 -1.54239
39.6991 -1.53093
39.7006 -1.5195
39.7021 -1.5081
39.7036 -1.49674
39.7051 -1.48541
39.7066 -1.47411
39.7081 -1.46284
39.7096 -1.4516
39.7111 -1.4404
39.7126 -1.42923
39.7141 -1.41809
39.7156 -1.40698
39.7171 -1.39591
39.7186 -1.38487
39.7201 -1.37386
39.7216 -1.36288
39.7231 -1.35194
39.7246 -1.34103
39.7261 -1.33016
39.7276 -1.31932
39.7291 -1.30851
39.7306 -1.29774
39.7321 -1.287
39.7336 -1.27629
39.7351 -1.26562
39.7366 -1.25499
39.7381 -1.24439
39.7396 -1.23382
39.7411 -1.22329
39.7426 -1.21279
39.7441 -1.20232
39.7456 -1.1919
39.7471 -1.1815
39.7486 -1.17115
39.7501 -1.16082
39.7516 -1.15054
39.7531 -1.14029
39.7546 -1.13007
39.7561 -1.11989
39.7576 -1.10975
39.7591 -1.09964
39.7606 -1.08957
39.7621 -1.07953
39.7636 -1.06953
39.7651 -1.05957
39.7666 -1.04965
39.7681 -1.03976
39.7696 -1.0299
39.7711 -1.02009
39.7726 -1.01031
39.7741 -1.00057
39.7756 -0.990864
39.7771 -0.981197
39.7786 -0.971567
39.7801 -0.961974
39.7816 -0.952419
39.7831 -0.942902
39.7846 -0.933422
39.7861 -0.92398
39.7876 -0.914576
39.7891 -0.90521
39.7906 -0.895883
39.7921 -0.886593
39.7936 -0.877342
39.7951 -0.868129
39.7966 -0.858954
39.7981 -0.849818
39.7996 -0.840721
39.8012 -0.831662
39.8027 -0.822643
39.8042 -0.813662
39.8057 -0.80472
39.8072 -0.795817
39.8087 -0.786953
39.8102 -0.778129
39.8117 -0.769344
39.8132 -0.760598
39.8147 -0.751892
39.8162 -0.743226
39.8177 -0.734599
39.8192 -0.726011
39.8207 -0.717464
39.8222 -0.708957
39.8237 -0.700489
39.8252 -0.692062
39.8267 -0.683674
39.8282 -0.675327
39.8297 -0.66702
39.8312 -0.658754
39.8327 -0.650527
39.8342 -0.642342
39.8357 -0.634197
39.8372 -0.626092
39.8387 -0.618029
39.8402 -0.610006
39.8417 -0.602024
39.8432 -0.594083
39.8447 -0.586183
39.8462 -0.578324
39.8477 -0.570506
39.8492 -0.562729
39.8507 -0.554993
39.8522 -0.547299
39.8537 -0.539647
39.8552 -0.532035
39.8567 -0.524466
39.8582 -0.516937
39.8597 -0.509451
39.8612 -0.502006
39.8627 -0.494603
39.8642 -0.487242
39.8657 -0.479922
39.8672 -0.472645
39.8687 -0.46541
39.8702 -0.458216
39.8717 -0.451065
39.8732 -0.443956
39.8747 -0.43689
39.8762 -0.429865
39.8777 -0.422883
39.8792 -0.415943
39.8807 -0.409046
39.8822 -0.402191
39.8837 -0.395379
39.8852 -0.388609
39.8867 -0.381882
39.8882 -0.375198
39.8897 -0.368557
39.8912 -0.361958
39.8927 -0.355402
39.8942 -0.348889
39.8957 -0.342419
39.8972 -0.335992
39.8987 -0.329608
39.9002 -0.323268
39.9017 -0.31697
39.9032 -0.310715
39.9047 -0.304504
39.9062 -0.298336
39.9077 -0.292211
39.9092 -0.28613
39.9107 -0.280092
39.9122 -0.274097
39.9137 -0.268146
39.9152 -0.262238
39.9167 -0.256374
39.9182 -0.250553
39.9197 -0.244776
39.9212 -0.239043
39.9227 -0.233353
39.9242 -0.227707
39.9257 -0.222105
39.9272 -0.216547
39.9287 -0.211032
39.9302 -0.205561
39.9317 -0.200134
39.9332 -0.194751
39.9347 -0.189412
39.9362 -0.184117
39.9377 -0.178866
39.9392 -0.173658
39.9407 -0.168495
39.9422 -0.163376
39.9437 -0.158301
39.9452 -0.153271
39.9467 -0.148284
39.9482 -0.143341
39.9497 -0.138443
39.9512 -0.133589
39.9527 -0.128779
39.9542 -0.124013
39.9557 -0.119292
39.9572 -0.114615
39.9587 -0.109982
39.9602 -0.105394
39.9617 -0.10085
39.9632 -0.0963498
39.9647 -0.0918944
39.9662 -0.0874835
39.9677 -0.083117
39.9692 -0.0787949
39.9707 -0.0745172
39.9722 -0.070284
39.9737 -0.0660953
39.9752 -0.061951
39.9767 -0.0578512
39.9782 -0.053796
39.9797 -0.0497852
39.9812 -0.045819
39.9827 -0.0418973
39.9842 -0.0380201
39.9857 -0.0341874
39.9872 -0.0303994
39.9887 -0.0266558
39.9902 -0.0229569
39.9917 -0.0193025
39.9932 -0.0156926
39.9947 -0.0121274
39.9962 -0.00860668
39.9977 -0.00513058
39.9992 -0.00169905
40.0008 0.0016879
40.0023 0.00503027
40.0038 0.00832807
40.0053 0.0115813
40.0068 0.0147899
40.0083 0.017954
40.0098 0.0210735
40.0113 0.0241484
40.0128 0.0271788
40.0143 0.0301646
40.0158 0.0331059
40.0173 0.0360026
40.0188 0.0388548
40.0203 0.0416625
40.0218 0.0444256
40.0233 0.0471442
40.0248 0.0498184
40.0263 0.052448
40.0278 0.0550332
40.0293 0.0575739
40.0308 0.0600701
40.0323 0.0625219
40.0338 0.0649293
40.0353 0.0672922
40.0368 0.0696108
40.0383 0.071885
40.0398 0.0741148
40.0413 0.0763002
40.0428 0.0784414
40.0443 0.0805382
40.0458 0.0825907
40.0473 0.084599
40.0488 0.086563
40.0503 0.0884827
40.0518 0.0903583
40.0533 0.0921897
40.0548 0.0939769
40.0563 0.0957199
40.0578 0.0974189
40.0593 0.0990737
40.0608 0.100685
40.0623 0.102251
40.0638 0.103774
40.0653 0.105253
40.0668 0.106688
40.0683 0.108078
40.0698 0.109425
40.0713 0.110728
40.0728 0.111988
40.0743 0.113203
40.0758 0.114375
40.0773 0.115503
40.0788 0.116587
40.0803 0.117627
40.0818 0.118624
40.0833 0.119578
40.0848 0.120487
40.0863 0.121354
40.0878 0.122176
40.0893 0.122955
40.0908 0.123691
40.0923 0.124384
40.0938 0.125033
40.0953 0.125639
40.0968 0.126201
40.0983 0.126721
40.0998 0.127197
40.1013 0.12763
40.1028 0.12802
40.1043 0.128367
40.1058 0.128671
40.1073 0.128932
40.1088 0.12915
40.1103 0.129325
40.1118 0.129457
40.1133 0.129547
40.1148 0.129594
40.1163 0.129598
40.1178 0.12956
40.1193 0.129479
40.1208 0.129356
40.1223 0.12919
40.1238 0.128982
40.1253 0.128731
40.1268 0.128438
40.1283 0.128103
40.1298 0.127726
40.1313 0.127307
40.1328 0.126845
40.1343 0.126342
40.1358 0.125796
40.1373 0.125209
40.1388 0.12458
40.1403 0.123909
40.1418 0.123196
40.1433 0.122442
40.1448 0.121646
40.1463 0.120809
40.1478 0.11993
40.1493 0.11901
40.1508 0.118048
40.1523 0.117045
40.1538 0.116001
40.1553 0.114916
40.1568 0.11379
40.1583 0.112623
40.1598 0.111415
40.1613 0.110166
40.1628 0.108876
40.1643 0.107545
40.1658 0.106174
40.1673 0.104762
40.1688 0.10331
40.1703 0.101818
40.1718 0.100285
40.1733 0.0987114
40.1748 0.0970979
40.1763 0.0954443
40.1778 0.0937507
40.1793 0.0920171
40.1808 0.0902436
40.1823 0.0884303
40.1838 0.0865773
40.1853 0.0846846
40.1868 0.0827523
40.1883 0.0807805
40.1898 0.0787694
40.1913 0.0767189
40.1928 0.0746292
40.1943 0.0725003
40.1958 0.0703323
40.1973 0.0681253
40.1988 0.0658795
40.2004 0.0635948
40.2019 0.0612714
40.2034 0.0589094
40.2049 0.0565088
40.2064 0.0540697
40.2079 0.0515923
40.2094 0.0490765
40.2109 0.0465226
40.2124 0.0439306
40.2139 0.0413006
40.2154 0.0386327
40.2169 0.0359269
40.2184 0.0331834
40.2199 0.0304023
40.2214 0.0275837
40.2229 0.0247276
40.2244 0.0218342
40.2259 0.0189035
40.2274 0.0159357
40.2289 0.0129309
40.2304 0.00988908
40.2319 0.00681044
40.2334 0.00369505
40.2349 0.000543023
40.2364 -0.00264555
40.2379 -0.00587055
40.2394 -0.00913189
40.2409 -0.0124295
40.2424 -0.0157631
40.2439 -0.0191329
40.2454 -0.0225385
40.2469 -0.0259799
40.2484 -0.029457
40.2499 -0.0329697
40.2514 -0.0365179
40.2529 -0.0401015
40.2544 -0.0437203
40.2559 -0.0473743
40.2574 -0.0510633
40.2589 -0.0547872
40.2604 -0.0585459
40.2619 -0.0623394
40.2634 -0.0661674
40.2649 -0.0700299
40.2664 -0.0739267
40.2679 -0.0778578
40.2694 -0.081823
40.2709 -0.0858222
40.2724 -0.0898553
40.2739 -0.0939222
40.2754 -0.0980227
40.2769 -0.102157
40.2784 -0.106324
40.2799 -0.110525
40.2814 -0.114759
40.2829 -0.119026
40.2844 -0.123326
40.2859 -0.127658
40.2874 -0.132023
40.2889 -0.136421
40.2904 -0.140852
40.2919 -0.145314
40.2934 -0.149809
40.2949 -0.154336
40.2964 -0.158894
40.2979 -0.163485
40.2994 -0.168107
40.3009 -0.17276
40.3024 -0.177445
40.3039 -0.182161
40.3054 -0.186909
40.3069 -0.191687
40.3084 -0.196496
40.3099 -0.201336
40.3114 -0.206207
40.3129 -0.211108
40.3144 -0.216039
40.3159 -0.221
40.3174 -0.225992
40.3189 -0.231013
40.3204 -0.236064
40.3219 -0.241145
40.3234 -0.246255
40.3249 -0.251394
40.3264 -0.256563
40.3279 -0.261761
40.3294 -0.266988
40.3309 -0.272243
40.3324 -0.277527
40.3339 -0.28284
40.3354 -0.28818
40.3369 -0.29355
40.3384 -0.298947
40.3399 -0.304372
40.3414 -0.309824
40.3429 -0.315305
40.3444 -0.320812
40.3459 -0.326347
40.3474 -0.33191
40.3489 -0.337499
40.3504 -0.343115
40.3519 -0.348757
40.3534 -0.354427
40.3549 -0.360122
40.3564 -0.365844
40.3579 -0.371592
40.3594 -0.377366
40.3609 -0.383165
40.3624 -0.38899
40.3639 -0.394841
40.3654 -0.400717
40.3669 -0.406617
40.3684 -0.412543
40.3699 -0.418494
40.3714 -0.424469
40.3729 -0.430469
40.3744 -0.436493
40.3759 -0.442542
40.3774 -0.448614
40.3789 -0.45471
40.3804 -0.46083
40.3819 -0.466973
40.3834 -0.473139
40.3849 -0.479329
40.3864 -0.485542
40.3879 -0.491777
40.3894 -0.498035
40.3909 -0.504316
40.3924 -0.510619
40.3939 -0.516944
40.3954 -0.523291
40.3969 -0.529659
40.3984 -0.53605
40.3999 -0.542462
40.4015 -0.548895
40.403 -0.555349
40.4045 -0.561824
40.406 -0.56832
40.4075 -0.574836
40.409 -0.581373
40.4105 -0.58793
40.412 -0.594507
40.4135 -0.601104
40.415 -0.60772
40.4165 -0.614356
40.418 -0.621012
40.4195 -0.627686
40.421 -0.634379
40.4225 -0.641092
40.424 -0.647822
40.4255 -0.654571
40.427 -0.661339
40.4285 -0.668124
40.43 -0.674927
40.4315 -0.681748
40.433 -0.688586
40.4345 -0.695441
40.436 -0.702314
40.4375 -0.709203
40.439 -0.716109
40.4405 -0.723032
40.442 -0.729971
40.4435 -0.736926
40.445 -0.743897
40.4465 -0.750883
40.448 -0.757886
40.4495 -0.764903
40.451 -0.771936
40.4525 -0.778983
40.454 -0.786046
40.4555 -0.793122
40.457 -0.800214
40.4585 -0.807319
40.46 -0.814438
40.4615 -0.821571
40.463 -0.828718
40.4645 -0.835878
40.466 -0.843051
40.4675 -0.850237
40.469 -0.857435
40.4705 -0.864647
40.472 -0.87187
40.4735 -0.879106
40.475 -0.886353
40.4765 -0.893613
40.478 -0.900883
40.4795 -0.908165
40.481 -0.915459
40.4825 -0.922763
40.484 -0.930077
40.4855 -0.937402
40.487 -0.944738
40.4885 -0.952083
40.49 -0.959438
40.4915 -0.966803
40.493 -0.974177
40.4945 -0.98156
40.496 -0.988952
40.4975 -0.996353
40.499 -1.00376
40.5005 -1.01118
40.502 -1.01861
40.5035 -1.02604
40.505 -1.03348
40.5065 -1.04093
40.508 -1.04839
40.5095 -1.05585
40.511 -1.06332
40.5125 -1.07079
40.514 -1.07828
40.5155 -1.08576
40.517 -1.09326
40.5185 -1.10076
40.52 -1.10826
40.5215 -1.11577
40.523 -1.12329
40.5245 -1.13081
40.526 -1.13833
40.5275 -1.14586
40.529 -1.1534
40.5305 -1.16093
40.532 -1.16847
40.5335 -1.17602
40.535 -1.18356
40.5365 -1.19111
40.538 -1.19867
40.5395 -1.20622
40.541 -1.21378
40.5425 -1.22134
40.544 -1.2289
40.5455 -1.23646
40.547 -1.24402
40.5485 -1.25158
40.55 -1.25915
40.5515 -1.26671
40.553 -1.27428
40.5545 -1.28185
40.556 -1.28941
40.5575 -1.29698
40.559 -1.30454
40.5605 -1.3121
40.562 -1.31966
40.5635 -1.32722
40.565 -1.33478
40.5665 -1.34234
40.568 -1.34989
40.5695 -1.35745
40.571 -1.365
40.5725 -1.37254
40.574 -1.38009
40.5755 -1.38762
40.577 -1.39516
40.5785 -1.40269
40.58 -1.41022
40.5815 -1.41774
40.583 -1.42526
40.5845 -1.43278
40.586 -1.44029
40.5875 -1.44779
40.589 -1.45529
40.5905 -1.46278
40.592 -1.47026
40.5935 -1.47774
40.595 -1.48521
40.5965 -1.49268
40.598 -1.50014
40.5995 -1.50759
40.6011 -1.51503
40.6026 -1.52246
40.6041 -1.52989
40.6056 -1.5373
40.6071 -1.54471
40.6086 -1.55211
40.6101 -1.5595
40.6116 -1.56688
40.6131 -1.57425
40.6146 -1.58161
40.6161 -1.58896
40.6176 -1.5963
40.6191 -1.60363
40.6206 -1.61095
40.6221 -1.61825
40.6236 -1.62554
40.6251 -1.63282
40.6266 -1.64009
40.6281 -1.64735
40.6296 -1.65459
40.6311 -1.66182
40.6326 -1.66904
40.6341 -1.67624
40.6356 -1.68343
40.6371 -1.69061
40.6386 -1.69777
40.6401 -1.70491
40.6416 -1.71204
40.6431 -1.71916
40.6446 -1.72625
40.6461 -1.73334
40.6476 -1.7404
40.6491 -1.74745
40.6506 -1.75449
40.6521 -1.7615
40.6536 -1.7685
40.6551 -1.77548
40.6566 -1.78245
40.6581 -1.78939
40.6596 -1.79632
40.6611 -1.80322
40.6626 -1.81011
40.6641 -1.81698
40.6656 -1.82383
40.6671 -1.83066
40.6686 -1.83747
40.6701 -1.84426
40.6716 -1.85103
40.6731 -1.85777
40.6746 -1.8645
40.6761 -1.8712
40.6776 -1.87788
40.6791 -1.88454
40.6806 -1.89118
40.6821 -1.89779
40.6836 -1.90438
40.6851 -1.91095
40.6866 -1.91749
40.6881 -1.92401
40.6896 -1.9305
40.6911 -1.93697
40.6926 -1.94342
40.6941 -1.94984
40.6956 -1.95623
40.6971 -1.9626
40.6986 -1.96894
40.7001 -1.97525
40.7016 -1.98154
40.7031 -1.9878
40.7046 -1.99404
40.7061 -2.00024
40.7076 -2.00642
40.7091 -2.01257
40.7106 -2.01869
40.7121 -2.02478
40.7136 -2.03084
40.7151 -2.03687
40.7166 -2.04288
40.7181 -2.04885
40.7196 -2.05479
40.7211 -2.0607
40.7226 -2.06658
40.7241 -2.07243
40.7256 -2.07824
40.7271 -2.08403
40.7286 -2.08978
40.7301 -2.0955
40.7316 -2.10118
40.7331 -2.10684
40.7346 -2.11245
40.7361 -2.11804
40.7376 -2.12359
40.7391 -2.1291
40.7406 -2.13458
40.7421 -2.14003
40.7436 -2.14544
40.7451 -2.15081
40.7466 -2.15615
40.7481 -2.16145
40.7496 -2.16671
40.7511 -2.17194
40.7526 -2.17713
40.7541 -2.18228
40.7556 -2.18739
40.7571 -2.19246
40.7586 -2.1975
40.7601 -2.20249
40.7616 -2.20745
40.7631 -2.21236
40.7646 -2.21724
40.7661 -2.22207
40.7676 -2.22686
40.7691 -2.23162
40.7706 -2.23633
40.7721 -2.241
40.7736 -2.24562
40.7751 -2.25021
40.7766 -2.25475
40.7781 -2.25924
40.7796 -2.2637
40.7811 -2.26811
40.7826 -2.27247
40.7841 -2.27679
40.7856 -2.28107
40.7871 -2.2853
40.7886 -2.28948
40.7901 -2.29362
40.7916 -2.29771
40.7931 -2.30176
40.7946 -2.30576
40.7961 -2.30971
40.7976 -2.31361
40.7991 -2.31747
40.8007 -2.32127
40.8022 -2.32503
40.8037 -2.32874
40.8052 -2.3324
40.8067 -2.33601
40.8082 -2.33956
40.8097 -2.34307
40.8112 -2.34653
40.8127 -2.34993
40.8142 -2.35329
40.8157 -2.35659
40.8172 -2.35984
40.8187 -2.36304
40.8202 -2.36618
40.8217 -2.36927
40.8232 -2.37231
40.8247 -2.37529
40.8262 -2.37822
40.8277 -2.38109
40.8292 -2.38391
40.8307 -2.38667
40.8322 -2.38938
40.8337 -2.39203
40.8352 -2.39462
40.8367 -2.39715
40.8382 -2.39963
40.8397 -2.40205
40.8412 -2.40442
40.8427 -2.40672
40.8442 -2.40896
40.8457 -2.41115
40.8472 -2.41328
40.8487 -2.41534
40.8502 -2.41735
40.8517 -2.41929
40.8532 -2.42118
40.8547 -2.423
40.8562 -2.42476
40.8577 -2.42646
40.8592 -2.42809
40.8607 -2.42967
40.8622 -2.43117
40.8637 -2.43262
40.8652 -2.434
40.8667 -2.43532
40.8682 -2.43657
40.8697 -2.43776
40.8712 -2.43888
40.8727 -2.43993
40.8742 -2.44092
40.8757 -2.44184
40.8772 -2.4427
40.8787 -2.44348
40.8802 -2.4442
40.8817 -2.44485
40.8832 -2.44544
40.8847 -2.44595
40.8862 -2.44639
40.8877 -2.44676
40.8892 -2.44707
40.8907 -2.4473
40.8922 -2.44746
40.8937 -2.44755
40.8952 -2.44757
40.8967 -2.44752
40.8982 -2.44739
40.8997 -2.44719
40.9012 -2.44692
40.9027 -2.44657
40.9042 -2.44615
40.9057 -2.44565
40.9072 -2.44508
40.9087 -2.44444
40.9102 -2.44372
40.9117 -2.44292
40.9132 -2.44204
40.9147 -2.44109
40.9162 -2.44006
40.9177 -2.43896
40.9192 -2.43777
40.9207 -2.43651
40.9222 -2.43517
40.9237 -2.43375
40.9252 -2.43224
40.9267 -2.43066
40.9282 -2.429
40.9297 -2.42726
40.9312 -2.42543
40.9327 -2.42353
40.9342 -2.42154
40.9357 -2.41947
40.9372 -2.41731
40.9387 -2.41508
40.9402 -2.41276
40.9417 -2.41035
40.9432 -2.40786
40.9447 -2.40528
40.9462 -2.40262
40.9477 -2.39988
40.9492 -2.39704
40.9507 -2.39412
40.9522 -2.39112
40.9537 -2.38802
40.9552 -2.38484
40.9567 -2.38157
40.9582 -2.37821
40.9597 -2.37476
40.9612 -2.37122
40.9627 -2.36759
40.9642 -2.36387
40.9657 -2.36006
40.9672 -2.35616
40.9687 -2.35217
40.9702 -2.34808
40.9717 -2.34391
40.9732 -2.33963
40.9747 -2.33527
40.9762 -2.33081
40.9777 -2.32626
40.9792 -2.32161
40.9807 -2.31687
40.9822 -2.31203
40.9837 -2.3071
40.9852 -2.30206
40.9867 -2.29694
40.9882 -2.29171
40.9897 -2.28639
40.9912 -2.28097
40.9927 -2.27545
40.9942 -2.26983
40.9957 -2.26411
40.9972 -2.25829
40.9987 -2.25238
41.0003 -2.24636
41.0018 -2.24024
41.0033 -2.23401
41.0048 -2.22769
41.0063 -2.22126
41.0078 -2.21473
41.0093 -2.2081
41.0108 -2.20136
41.0123 -2.19452
41.0138 -2.18758
41.0153 -2.18052
41.0168 -2.17337
41.0183 -2.1661
41.0198 -2.15873
41.0213 -2.15126
41.0228 -2.14367
41.0243 -2.13598
41.0258 -2.12818
41.0273 -2.12027
41.0288 -2.11226
41.0303 -2.10413
41.0318 -2.09589
41.0333 -2.08754
41.0348 -2.07908
41.0363 -2.07051
41.0378 -2.06183
41.0393 -2.05303
41.0408 -2.04412
41.0423 -2.0351
41.0438 -2.02597
41.0453 -2.01672
41.0468 -2.00735
41.0483 -1.99788
41.0498 -1.98828
41.0513 -1.97857
41.0528 -1.96874
41.0543 -1.9588
41.0558 -1.94874
41.0573 -1.93856
41.0588 -1.92826
41.0603 -1.91784
41.0618 -1.90731
41.0633 -1.89665
41.0648 -1.88588
41.0663 -1.87498
41.0678 -1.86396
41.0693 -1.85282
41.0708 -1.84156
41.0723 -1.83018
41.0738 -1.81867
41.0753 -1.80704
41.0768 -1.79529
41.0783 -1.78341
41.0798 -1.7714
41.0813 -1.75928
41.0828 -1.74702
41.0843 -1.73464
41.0858 -1.72213
41.0873 -1.7095
41.0888 -1.69674
41.0903 -1.68385
41.0918 -1.67083
41.0933 -1.65768
41.0948 -1.6444
41.0963 -1.63099
41.0978 -1.61745
41.0993 -1.60378
41.1008 -1.58998
41.1023 -1.57605
41.1038 -1.56198
41.1053 -1.54778
41.1068 -1.53345
41.1083 -1.51898
41.1098 -1.50438
41.1113 -1.48965
41.1128 -1.47478
41.1143 -1.45977
41.1158 -1.44462
41.1173 -1.42934
41.1188 -1.41393
41.1203 -1.39837
41.1218 -1.38268
41.1233 -1.36684
41.1248 -1.35087
41.1263 -1.33476
41.1278 -1.31851
41.1293 -1.30212
41.1308 -1.28558
41.1323 -1.26891
41.1338 -1.25209
41.1353 -1.23513
41.1368 -1.21802
41.1383 -1.20077
41.1398 -1.18338
41.1413 -1.16584
41.1428 -1.14816
41.1443 -1.13033
41.1458 -1.11236
41.1473 -1.09424
41.1488 -1.07597
41.1503 -1.05755
41.1518 -1.03899
41.1533 -1.02028
41.1548 -1.00141
41.1563 -0.9824
41.1578 -0.963238
41.1593 -0.943924
41.1608 -0.92446
41.1623 -0.904843
41.1638 -0.885074
41.1653 -0.865153
41.1668 -0.845078
41.1683 -0.824849
41.1698 -0.804465
41.1713 -0.783927
41.1728 -0.763234
41.1743 -0.742384
41.1758 -0.721379
41.1773 -0.700216
41.1788 -0.678896
41.1803 -0.657418
41.1818 -0.635781
41.1833 -0.613986
41.1848 -0.592031
41.1863 -0.569916
41.1878 -0.54764
41.1893 -0.525203
41.1908 -0.502605
41.1923 -0.479845
41.1938 -0.456922
41.1953 -0.433836
41.1968 -0.410586
41.1983 -0.387172
41.1998 -0.363593
41.2014 -0.33985
41.2029 -0.31594
41.2044 -0.291864
41.2059 -0.267621
41.2074 -0.243211
41.2089 -0.218633
41.2104 -0.193887
41.2119 -0.168972
41.2134 -0.143887
41.2149 -0.118632
41.2164 -0.0932069
41.2179 -0.0676107
41.2194 -0.0418428
41.2209 -0.0159029
41.2224 0.0102097
41.2239 0.0364955
41.2254 0.062955
41.2269 0.0895888
41.2284 0.116397
41.2299 0.143381
41.2314 0.170541
41.2329 0.197877
41.2344 0.22539
41.2359 0.253081
41.2374 0.280949
41.2389 0.308996
41.2404 0.337223
41.2419 0.365629
41.2434 0.394215
41.2449 0.422981
41.2464 0.451929
41.2479 0.481059
41.2494 0.510372
41.2509 0.539867
41.2524 0.569545
41.2539 0.599408
41.2554 0.629455
41.2569 0.659688
41.2584 0.690106
41.2599 0.72071
41.2614 0.751501
41.2629 0.782479
41.2644 0.813645
41.2659 0.844999
41.2674 0.876543
41.2689 0.908276
41.2704 0.940199
41.2719 0.972313
41.2734 1.00462
41.2749 1.03711
41.2764 1.0698
41.2779 1.10268
41.2794 1.13576
41.2809 1.16903
41.2824 1.20249
41.2839 1.23615
41.2854 1.27001
41.2869 1.30406
41.2884 1.3383
41.2899 1.37275
41.2914 1.40739
41.2929 1.44223
41.2944 1.47727
41.2959 1.51251
41.2974 1.54795
41.2989 1.58359
41.3004 1.61944
41.3019 1.65548
41.3034 1.69173
41.3049 1.72817
41.3064 1.76483
41.3079 1.80168
41.3094 1.83875
41.3109 1.87601
41.3124 1.91349
41.3139 1.95117
41.3154 1.98905
41.3169 2.02715
41.3184 2.06545
41.3199 2.10396
41.3214 2.14268
41.3229 2.18161
41.3244 2.22075
41.3259 2.2601
41.3274 2.29967
41.3289 2.33944
41.3304 2.37943
41.3319 2.41963
41.3334 2.46005
41.3349 2.50068
41.3364 2.54152
41.3379 2.58258
41.3394 2.62386
41.3409 2.66536
41.3424 2.70707
41.3439 2.749
41.3454 2.79115
41.3469 2.83351
41.3484 2.8761
41.3499 2.91891
41.3514 2.96194
41.3529 3.00519
41.3544 3.04866
41.3559 3.09236
41.3574 3.13628
41.3589 3.18042
41.3604 3.22479
41.3619 3.26938
41.3634 3.3142
41.3649 3.35924
41.3664 3.40451
41.3679 3.45001
41.3694 3.49574
41.3709 3.54169
41.3724 3.58788
41.3739 3.6343
41.3754 3.68094
41.3769 3.72782
41.3784 3.77493
41.3799 3.82227
41.3814 3.86984
41.3829 3.91765
41.3844 3.96569
41.3859 4.01397
41.3874 4.06248
41.3889 4.11123
41.3904 4.16021
41.3919 4.20943
41.3934 4.25889
41.3949 4.30859
41.3964 4.35853
41.3979 4.4087
41.3994 4.45912
41.401 4.50978
41.4025 4.56068
41.404 4.61182
41.4055 4.6632
41.407 4.71483
41.4085 4.7667
41.41 4.81881
41.4115 4.87117
41.413 4.92378
41.4145 4.97663
41.416 5.02973
41.4175 5.08308
41.419 5.13668
41.4205 5.19052
41.422 5.24461
41.4235 5.29896
41.425 5.35355
41.4265 5.4084
41.428 5.4635
41.4295 5.51885
41.431 5.57445
41.4325 5.63031
41.434 5.68642
41.4355 5.74279
41.437 5.79941
41.4385 5.85629
41.44 5.91343
41.4415 5.97082
41.443 6.02847
41.4445 6.08639
41.446 6.14456
41.4475 6.20299
41.449 6.26168
41.4505 6.32063
41.452 6.37985
41.4535 6.43932
41.455 6.49906
41.4565 6.55907
41.458 6.61934
41.4595 6.67987
41.461 6.74067
41.4625 6.80174
41.464 6.86308
41.4655 6.92468
41.467 6.98655
41.4685 7.04869
41.47 7.1111
41.4715 7.17378
41.473 7.23673
41.4745 7.29995
41.476 7.36344
41.4775 7.42721
41.479 7.49125
41.4805 7.55557
41.482 7.62016
41.4835 7.68502
41.485 7.75016
41.4865 7.81558
41.488 7.88128
41.4895 7.94725
41.491 8.01351
41.4925 8.08004
41.494 8.14685
41.4955 8.21394
41.497 8.28132
41.4985 8.34897
41.5 8.41691
