13.5 4.95441
13.5015 4.88825
13.503 4.82239
13.5045 4.75681
13.506 4.69152
13.5075 4.62652
13.509 4.5618
13.5105 4.49737
13.512 4.43322
13.5135 4.36936
13.515 4.30578
13.5165 4.24249
13.518 4.17947
13.5195 4.11674
13.521 4.05429
13.5225 3.99212
13.524 3.93023
13.5255 3.86862
13.527 3.80729
13.5285 3.74624
13.53 3.68546
13.5315 3.62496
13.533 3.56473
13.5345 3.50478
13.536 3.4451
13.5375 3.3857
13.539 3.32657
13.5405 3.26772
13.542 3.20913
13.5435 3.15082
13.545 3.09278
13.5465 3.035
13.548 2.9775
13.5495 2.92026
13.551 2.8633
13.5525 2.8066
13.554 2.75016
13.5555 2.694
13.557 2.6381
13.5585 2.58246
13.56 2.52709
13.5615 2.47198
13.563 2.41713
13.5645 2.36255
13.566 2.30822
13.5675 2.25416
13.569 2.20036
13.5705 2.14682
13.572 2.09353
13.5735 2.04051
13.575 1.98774
13.5765 1.93523
13.578 1.88298
13.5795 1.83098
13.581 1.77924
13.5825 1.72775
13.584 1.67652
13.5855 1.62554
13.587 1.57481
13.5885 1.52433
13.59 1.47411
13.5915 1.42414
13.593 1.37441
13.5945 1.32494
13.596 1.27571
13.5975 1.22674
13.599 1.17801
13.6006 1.12952
13.6021 1.08129
13.6036 1.0333
13.6051 0.985554
13.6066 0.938053
13.6081 0.890797
13.6096 0.843784
13.6111 0.797013
13.6126 0.750485
13.6141 0.704198
13.6156 0.658152
13.6171 0.612346
13.6186 0.566779
13.6201 0.521452
13.6216 0.476363
13.6231 0.431512
13.6246 0.386897
13.6261 0.34252
13.6276 0.298378
13.6291 0.254471
13.6306 0.2108
13.6321 0.167362
13.6336 0.124157
13.6351 0.081186
13.6366 0.0384468
13.6381 -0.00406075
13.6396 -0.0463373
13.6411 -0.0883834
13.6426 -0.1302
13.6441 -0.171787
13.6456 -0.213145
13.6471 -0.254276
13.6486 -0.295179
13.6501 -0.335855
13.6516 -0.376305
13.6531 -0.41653
13.6546 -0.456529
13.6561 -0.496304
13.6576 -0.535856
13.6591 -0.575184
13.6606 -0.614289
13.6621 -0.653173
13.6636 -0.691835
13.6651 -0.730276
13.6666 -0.768497
13.6681 -0.806499
13.6696 -0.844281
13.6711 -0.881845
13.6726 -0.919191
13.6741 -0.95632
13.6756 -0.993232
13.6771 -1.02993
13.6786 -1.06641
13.6801 -1.10267
13.6816 -1.13873
13.6831 -1.17456
13.6846 -1.21019
13.6861 -1.2456
13.6876 -1.2808
13.6891 -1.31579
13.6906 -1.35057
13.6921 -1.38513
13.6936 -1.41949
13.6951 -1.45364
13.6966 -1.48758
13.6981 -1.52131
13.6996 -1.55484
13.7011 -1.58816
13.7026 -1.62127
13.7041 -1.65418
13.7056 -1.68688
13.7071 -1.71938
13.7086 -1.75167
13.7101 -1.78376
13.7116 -1.81565
13.7131 -1.84734
13.7146 -1.87882
13.7161 -1.9101
13.7176 -1.94119
13.7191 -1.97207
13.7206 -2.00275
13.7221 -2.03324
13.7236 -2.06352
13.7251 -2.09361
13.7266 -2.1235
13.7281 -2.1532
13.7296 -2.1827
13.7311 -2.21201
13.7326 -2.24112
13.7341 -2.27003
13.7356 -2.29875
13.7371 -2.32728
13.7386 -2.35562
13.7401 -2.38377
13.7416 -2.41172
13.7431 -2.43948
13.7446 -2.46705
13.7461 -2.49444
13.7476 -2.52163
13.7491 -2.54864
13.7506 -2.57545
13.7521 -2.60208
13.7536 -2.62853
13.7551 -2.65478
13.7566 -2.68086
13.7581 -2.70674
13.7596 -2.73244
13.7611 -2.75796
13.7626 -2.78329
13.7641 -2.80844
13.7656 -2.83341
13.7671 -2.8582
13.7686 -2.8828
13.7701 -2.90723
13.7716 -2.93147
13.7731 -2.95554
13.7746 -2.97942
13.7761 -3.00313
13.7776 -3.02665
13.7791 -3.05001
13.7806 -3.07318
13.7821 -3.09618
13.7836 -3.119
13.7851 -3.14164
13.7866 -3.16412
13.7881 -3.18641
13.7896 -3.20854
13.7911 -3.23049
13.7926 -3.25226
13.7941 -3.27387
13.7956 -3.2953
13.7971 -3.31657
13.7986 -3.33766
13.8002 -3.35858
13.8017 -3.37933
13.8032 -3.39992
13.8047 -3.42033
13.8062 -3.44058
13.8077 -3.46066
13.8092 -3.48058
13.8107 -3.50032
13.8122 -3.51991
13.8137 -3.53932
13.8152 -3.55857
13.8167 -3.57766
13.8182 -3.59659
13.8197 -3.61535
13.8212 -3.63395
13.8227 -3.65238
13.8242 -3.67066
13.8257 -3.68877
13.8272 -3.70673
13.8287 -3.72452
13.8302 -3.74216
13.8317 -3.75963
13.8332 -3.77695
13.8347 -3.79411
13.8362 -3.81111
13.8377 -3.82796
13.8392 -3.84465
13.8407 -3.86118
13.8422 -3.87756
13.8437 -3.89378
13.8452 -3.90985
13.8467 -3.92576
13.8482 -3.94153
13.8497 -3.95714
13.8512 -3.97259
13.8527 -3.9879
13.8542 -4.00305
13.8557 -4.01806
13.8572 -4.03291
13.8587 -4.04762
13.8602 -4.06217
13.8617 -4.07658
13.8632 -4.09084
13.8647 -4.10495
13.8662 -4.11891
13.8677 -4.13273
13.8692 -4.1464
13.8707 -4.15993
13.8722 -4.17331
13.8737 -4.18654
13.8752 -4.19964
13.8767 -4.21258
13.8782 -4.22539
13.8797 -4.23805
13.8812 -4.25057
13.8827 -4.26295
13.8842 -4.27519
13.8857 -4.28729
13.8872 -4.29925
13.8887 -4.31106
13.8902 -4.32274
13.8917 -4.33428
13.8932 -4.34569
13.8947 -4.35695
13.8962 -4.36808
13.8977 -4.37907
13.8992 -4.38993
13.9007 -4.40064
13.9022 -4.41123
13.9037 -4.42168
13.9052 -4.43199
13.9067 -4.44218
13.9082 -4.45222
13.9097 -4.46214
13.9112 -4.47192
13.9127 -4.48158
13.9142 -4.4911
13.9157 -4.50049
13.9172 -4.50975
13.9187 -4.51888
13.9202 -4.52788
13.9217 -4.53675
13.9232 -4.54549
13.9247 -4.55411
13.9262 -4.5626
13.9277 -4.57096
13.9292 -4.57919
13.9307 -4.5873
13.9322 -4.59529
13.9337 -4.60314
13.9352 -4.61088
13.9367 -4.61849
13.9382 -4.62597
13.9397 -4.63334
13.9412 -4.64058
13.9427 -4.6477
13.9442 -4.65469
13.9457 -4.66157
13.9472 -4.66832
13.9487 -4.67496
13.9502 -4.68147
13.9517 -4.68787
13.9532 -4.69415
13.9547 -4.7003
13.9562 -4.70634
13.9577 -4.71227
13.9592 -4.71807
13.9607 -4.72376
13.9622 -4.72934
13.9637 -4.73479
13.9652 -4.74013
13.9667 -4.74536
13.9682 -4.75048
13.9697 -4.75548
13.9712 -4.76036
13.9727 -4.76514
13.9742 -4.7698
13.9757 -4.77435
13.9772 -4.77878
13.9787 -4.78311
13.9802 -4.78733
13.9817 -4.79143
13.9832 -4.79543
13.9847 -4.79931
13.9862 -4.80309
13.9877 -4.80676
13.9892 -4.81032
13.9907 -4.81378
13.9922 -4.81713
13.9937 -4.82037
13.9952 -4.8235
13.9967 -4.82653
13.9982 -4.82946
13.9997 -4.83228
14.0013 -4.83499
14.0028 -4.8376
14.0043 -4.84011
14.0058 -4.84252
14.0073 -4.84482
14.0088 -4.84702
14.0103 -4.84912
14.0118 -4.85112
14.0133 -4.85301
14.0148 -4.85481
14.0163 -4.85651
14.0178 -4.85811
14.0193 -4.8596
14.0208 -4.861
14.0223 -4.86231
14.0238 -4.86351
14.0253 -4.86462
14.0268 -4.86563
14.0283 -4.86654
14.0298 -4.86736
14.0313 -4.86808
14.0328 -4.86871
14.0343 -4.86924
14.0358 -4.86968
14.0373 -4.87002
14.0388 -4.87028
14.0403 -4.87043
14.0418 -4.8705
14.0433 -4.87047
14.0448 -4.87036
14.0463 -4.87015
14.0478 -4.86985
14.0493 -4.86946
14.0508 -4.86898
14.0523 -4.86841
14.0538 -4.86775
14.0553 -4.867
14.0568 -4.86616
14.0583 -4.86524
14.0598 -4.86423
14.0613 -4.86313
14.0628 -4.86195
14.0643 -4.86068
14.0658 -4.85932
14.0673 -4.85788
14.0688 -4.85635
14.0703 -4.85474
14.0718 -4.85305
14.0733 -4.85127
14.0748 -4.84941
14.0763 -4.84746
14.0778 -4.84543
14.0793 -4.84332
14.0808 -4.84113
14.0823 -4.83886
14.0838 -4.83651
14.0853 -4.83407
14.0868 -4.83156
14.0883 -4.82897
14.0898 -4.8263
14.0913 -4.82354
14.0928 -4.82072
14.0943 -4.81781
14.0958 -4.81482
14.0973 -4.81176
14.0988 -4.80862
14.1003 -4.80541
14.1018 -4.80212
14.1033 -4.79875
14.1048 -4.79531
14.1063 -4.79179
14.1078 -4.7882
14.1093 -4.78454
14.1108 -4.7808
14.1123 -4.77699
14.1138 -4.77311
14.1153 -4.76915
14.1168 -4.76512
14.1183 -4.76102
14.1198 -4.75685
14.1213 -4.75261
14.1228 -4.7483
14.1243 -4.74391
14.1258 -4.73946
14.1273 -4.73494
14.1288 -4.73035
14.1303 -4.72569
14.1318 -4.72097
14.1333 -4.71617
14.1348 -4.71131
14.1363 -4.70638
14.1378 -4.70139
14.1393 -4.69633
14.1408 -4.6912
14.1423 -4.68601
14.1438 -4.68075
14.1453 -4.67543
14.1468 -4.67004
14.1483 -4.6646
14.1498 -4.65908
14.1513 -4.65351
14.1528 -4.64787
14.1543 -4.64217
14.1558 -4.6364
14.1573 -4.63058
14.1588 -4.62469
14.1603 -4.61875
14.1618 -4.61274
14.1633 -4.60667
14.1648 -4.60055
14.1663 -4.59436
14.1678 -4.58811
14.1693 -4.58181
14.1708 -4.57545
14.1723 -4.56903
14.1738 -4.56255
14.1753 -4.55602
14.1768 -4.54943
14.1783 -4.54278
14.1798 -4.53608
14.1813 -4.52932
14.1828 -4.5225
14.1843 -4.51563
14.1858 -4.50871
14.1873 -4.50173
14.1888 -4.4947
14.1903 -4.48761
14.1918 -4.48047
14.1933 -4.47328
14.1948 -4.46604
14.1963 -4.45874
14.1978 -4.4514
14.1993 -4.444
14.2009 -4.43655
14.2024 -4.42905
14.2039 -4.4215
14.2054 -4.4139
14.2069 -4.40625
14.2084 -4.39855
14.2099 -4.3908
14.2114 -4.38301
14.2129 -4.37516
14.2144 -4.36727
14.2159 -4.35933
14.2174 -4.35134
14.2189 -4.34331
14.2204 -4.33523
14.2219 -4.32711
14.2234 -4.31894
14.2249 -4.31072
14.2264 -4.30246
14.2279 -4.29415
14.2294 -4.2858
14.2309 -4.27741
14.2324 -4.26897
14.2339 -4.26049
14.2354 -4.25196
14.2369 -4.2434
14.2384 -4.23479
14.2399 -4.22613
14.2414 -4.21744
14.2429 -4.20871
14.2444 -4.19993
14.2459 -4.19112
14.2474 -4.18226
14.2489 -4.17337
14.2504 -4.16443
14.2519 -4.15546
14.2534 -4.14645
14.2549 -4.13739
14.2564 -4.1283
14.2579 -4.11918
14.2594 -4.11001
14.2609 -4.10081
14.2624 -4.09157
14.2639 -4.08229
14.2654 -4.07298
14.2669 -4.06363
14.2684 -4.05425
14.2699 -4.04483
14.2714 -4.03538
14.2729 -4.02589
14.2744 -4.01637
14.2759 -4.00681
14.2774 -3.99722
14.2789 -3.9876
14.2804 -3.97794
14.2819 -3.96825
14.2834 -3.95853
14.2849 -3.94878
14.2864 -3.93899
14.2879 -3.92917
14.2894 -3.91933
14.2909 -3.90945
14.2924 -3.89954
14.2939 -3.8896
14.2954 -3.87963
14.2969 -3.86963
14.2984 -3.8596
14.2999 -3.84955
14.3014 -3.83946
14.3029 -3.82935
14.3044 -3.81921
14.3059 -3.80904
14.3074 -3.79884
14.3089 -3.78862
14.3104 -3.77837
14.3119 -3.76809
14.3134 -3.75779
14.3149 -3.74746
14.3164 -3.73711
14.3179 -3.72673
14.3194 -3.71633
14.3209 -3.7059
14.3224 -3.69545
14.3239 -3.68497
14.3254 -3.67447
14.3269 -3.66395
14.3284 -3.6534
14.3299 -3.64283
14.3314 -3.63224
14.3329 -3.62163
14.3344 -3.61099
14.3359 -3.60033
14.3374 -3.58965
14.3389 -3.57895
14.3404 -3.56823
14.3419 -3.55749
14.3434 -3.54673
14.3449 -3.53595
14.3464 -3.52515
14.3479 -3.51433
14.3494 -3.50349
14.3509 -3.49264
14.3524 -3.48176
14.3539 -3.47087
14.3554 -3.45996
14.3569 -3.44903
14.3584 -3.43808
14.3599 -3.42712
14.3614 -3.41614
14.3629 -3.40515
14.3644 -3.39414
14.3659 -3.38311
14.3674 -3.37207
14.3689 -3.36101
14.3704 -3.34993
14.3719 -3.33885
14.3734 -3.32774
14.3749 -3.31663
14.3764 -3.3055
14.3779 -3.29436
14.3794 -3.2832
14.3809 -3.27203
14.3824 -3.26085
14.3839 -3.24965
14.3854 -3.23844
14.3869 -3.22723
14.3884 -3.216
14.3899 -3.20475
14.3914 -3.1935
14.3929 -3.18224
14.3944 -3.17096
14.3959 -3.15968
14.3974 -3.14838
14.3989 -3.13708
14.4005 -3.12577
14.402 -3.11444
14.4035 -3.10311
14.405 -3.09177
14.4065 -3.08042
14.408 -3.06907
14.4095 -3.0577
14.411 -3.04633
14.4125 -3.03495
14.414 -3.02356
14.4155 -3.01217
14.417 -3.00077
14.4185 -2.98937
14.42 -2.97795
14.4215 -2.96654
14.423 -2.95511
14.4245 -2.94368
14.426 -2.93225
14.4275 -2.92081
14.429 -2.90937
14.4305 -2.89792
14.432 -2.88647
14.4335 -2.87502
14.435 -2.86356
14.4365 -2.8521
14.438 -2.84063
14.4395 -2.82916
14.441 -2.8177
14.4425 -2.80622
14.444 -2.79475
14.4455 -2.78327
14.447 -2.7718
14.4485 -2.76032
14.45 -2.74884
14.4515 -2.73736
14.453 -2.72588
14.4545 -2.7144
14.456 -2.70292
14.4575 -2.69144
14.459 -2.67996
14.4605 -2.66848
14.462 -2.657
14.4635 -2.64553
14.465 -2.63405
14.4665 -2.62258
14.468 -2.6111
14.4695 -2.59964
14.471 -2.58817
14.4725 -2.5767
14.474 -2.56524
14.4755 -2.55378
14.477 -2.54233
14.4785 -2.53088
14.48 -2.51943
14.4815 -2.50798
14.483 -2.49654
14.4845 -2.48511
14.486 -2.47368
14.4875 -2.46225
14.489 -2.45083
14.4905 -2.43942
14.492 -2.42801
14.4935 -2.41661
14.495 -2.40521
14.4965 -2.39382
14.498 -2.38243
14.4995 -2.37106
14.501 -2.35969
14.5025 -2.34832
14.504 -2.33697
14.5055 -2.32562
14.507 -2.31428
14.5085 -2.30295
14.51 -2.29162
14.5115 -2.28031
14.513 -2.269
14.5145 -2.2577
14.516 -2.24641
14.5175 -2.23514
14.519 -2.22387
14.5205 -2.21261
14.522 -2.20136
14.5235 -2.19012
14.525 -2.17889
14.5265 -2.16767
14.528 -2.15646
14.5295 -2.14527
14.531 -2.13408
14.5325 -2.12291
14.534 -2.11175
14.5355 -2.1006
14.537 -2.08946
14.5385 -2.07833
14.54 -2.06722
14.5415 -2.05612
14.543 -2.04504
14.5445 -2.03396
14.546 -2.0229
14.5475 -2.01185
14.549 -2.00082
14.5505 -1.9898
14.552 -1.9788
14.5535 -1.96781
14.555 -1.95683
14.5565 -1.94587
14.558 -1.93492
14.5595 -1.92399
14.561 -1.91308
14.5625 -1.90218
14.564 -1.89129
14.5655 -1.88043
14.567 -1.86957
14.5685 -1.85874
14.57 -1.84792
14.5715 -1.83712
14.573 -1.82633
14.5745 -1.81556
14.576 -1.80481
14.5775 -1.79408
14.579 -1.78336
14.5805 -1.77266
14.582 -1.76198
14.5835 -1.75132
14.585 -1.74068
14.5865 -1.73005
14.588 -1.71945
14.5895 -1.70886
14.591 -1.69829
14.5925 -1.68774
14.594 -1.67722
14.5955 -1.66671
14.597 -1.65622
14.5985 -1.64575
14.6001 -1.6353
14.6016 -1.62487
14.6031 -1.61446
14.6046 -1.60407
14.6061 -1.59371
14.6076 -1.58336
14.6091 -1.57304
14.6106 -1.56274
14.6121 -1.55246
14.6136 -1.5422
14.6151 -1.53196
14.6166 -1.52175
14.6181 -1.51155
14.6196 -1.50138
14.6211 -1.49124
14.6226 -1.48111
14.6241 -1.47101
14.6256 -1.46093
14.6271 -1.45088
14.6286 -1.44085
14.6301 -1.43084
14.6316 -1.42086
14.6331 -1.4109
14.6346 -1.40096
14.6361 -1.39105
14.6376 -1.38116
14.6391 -1.3713
14.6406 -1.36146
14.6421 -1.35165
14.6436 -1.34186
14.6451 -1.3321
14.6466 -1.32237
14.6481 -1.31266
14.6496 -1.30297
14.6511 -1.29331
14.6526 -1.28368
14.6541 -1.27407
14.6556 -1.26449
14.6571 -1.25494
14.6586 -1.24541
14.6601 -1.23591
14.6616 -1.22644
14.6631 -1.21699
14.6646 -1.20757
14.6661 -1.19818
14.6676 -1.18882
14.6691 -1.17948
14.6706 -1.17018
14.6721 -1.1609
14.6736 -1.15165
14.6751 -1.14242
14.6766 -1.13323
14.6781 -1.12406
14.6796 -1.11492
14.6811 -1.10582
14.6826 -1.09674
14.6841 -1.08769
14.6856 -1.07867
14.6871 -1.06967
14.6886 -1.06071
14.6901 -1.05178
14.6916 -1.04288
14.6931 -1.03401
14.6946 -1.02517
14.6961 -1.01635
14.6976 -1.00757
14.6991 -0.998823
14.7006 -0.990103
14.7021 -0.981415
14.7036 -0.972757
14.7051 -0.96413
14.7066 -0.955535
14.7081 -0.946971
14.7096 -0.938438
14.7111 -0.929937
14.7126 -0.921468
14.7141 -0.913031
14.7156 -0.904626
14.7171 -0.896253
14.7186 -0.887913
14.7201 -0.879604
14.7216 -0.871328
14.7231 -0.863085
14.7246 -0.854875
14.7261 -0.846698
14.7276 -0.838553
14.7291 -0.830442
14.7306 -0.822364
14.7321 -0.81432
14.7336 -0.806309
14.7351 -0.798331
14.7366 -0.790387
14.7381 -0.782478
14.7396 -0.774602
14.7411 -0.76676
14.7426 -0.758953
14.7441 -0.751179
14.7456 -0.743441
14.7471 -0.735736
14.7486 -0.728067
14.7501 -0.720432
14.7516 -0.712832
14.7531 -0.705267
14.7546 -0.697738
14.7561 -0.690243
14.7576 -0.682784
14.7591 -0.67536
14.7606 -0.667972
14.7621 -0.66062
14.7636 -0.653303
14.7651 -0.646022
14.7666 -0.638777
14.7681 -0.631568
14.7696 -0.624395
14.7711 -0.617259
14.7726 -0.610159
14.7741 -0.603095
14.7756 -0.596069
14.7771 -0.589078
14.7786 -0.582125
14.7801 -0.575208
14.7816 -0.568329
14.7831 -0.561486
14.7846 -0.554681
14.7861 -0.547913
14.7876 -0.541182
14.7891 -0.534489
14.7906 -0.527833
14.7921 -0.521215
14.7936 -0.514635
14.7951 -0.508092
14.7966 -0.501588
14.7981 -0.495122
14.7996 -0.488693
14.8012 -0.482303
14.8027 -0.475951
14.8042 -0.469638
14.8057 -0.463363
14.8072 -0.457126
14.8087 -0.450928
14.8102 -0.444769
14.8117 -0.438649
14.8132 -0.432567
14.8147 -0.426525
14.8162 -0.420522
14.8177 -0.414557
14.8192 -0.408632
14.8207 -0.402747
14.8222 -0.3969
14.8237 -0.391094
14.8252 -0.385326
14.8267 -0.379599
14.8282 -0.373911
14.8297 -0.368262
14.8312 -0.362654
14.8327 -0.357086
14.8342 -0.351557
14.8357 -0.346069
14.8372 -0.34062
14.8387 -0.335213
14.8402 -0.329845
14.8417 -0.324517
14.8432 -0.319231
14.8447 -0.313984
14.8462 -0.308778
14.8477 -0.303613
14.8492 -0.298489
14.8507 -0.293405
14.8522 -0.288362
14.8537 -0.28336
14.8552 -0.278399
14.8567 -0.27348
14.8582 -0.268601
14.8597 -0.263763
14.8612 -0.258967
14.8627 -0.254212
14.8642 -0.249498
14.8657 -0.244826
14.8672 -0.240195
14.8687 -0.235606
14.8702 -0.231058
14.8717 -0.226552
14.8732 -0.222088
14.8747 -0.217665
14.8762 -0.213284
14.8777 -0.208945
14.8792 -0.204649
14.8807 -0.200394
14.8822 -0.196181
14.8837 -0.19201
14.8852 -0.187881
14.8867 -0.183795
14.8882 -0.179751
14.8897 -0.175749
14.8912 -0.171789
14.8927 -0.167872
14.8942 -0.163998
14.8957 -0.160165
14.8972 -0.156376
14.8987 -0.152629
14.9002 -0.148924
14.9017 -0.145263
14.9032 -0.141644
14.9047 -0.138067
14.9062 -0.134534
14.9077 -0.131043
14.9092 -0.127596
14.9107 -0.124191
14.9122 -0.120829
14.9137 -0.11751
14.9152 -0.114235
14.9167 -0.111002
14.9182 -0.107812
14.9197 -0.104666
14.9212 -0.101563
14.9227 -0.098503
14.9242 -0.0954864
14.9257 -0.092513
14.9272 -0.089583
14.9287 -0.0866964
14.9302 -0.0838532
14.9317 -0.0810534
14.9332 -0.0782971
14.9347 -0.0755842
14.9362 -0.0729149
14.9377 -0.0702891
14.9392 -0.067707
14.9407 -0.0651684
14.9422 -0.0626734
14.9437 -0.0602222
14.9452 -0.0578146
14.9467 -0.0554507
14.9482 -0.0531305
14.9497 -0.0508541
14.9512 -0.0486215
14.9527 -0.0464327
14.9542 -0.0442877
14.9557 -0.0421866
14.9572 -0.0401293
14.9587 -0.0381159
14.9602 -0.0361465
14.9617 -0.0342209
14.9632 -0.0323393
14.9647 -0.0305016
14.9662 -0.0287079
14.9677 -0.0269582
14.9692 -0.0252525
14.9707 -0.0235908
14.9722 -0.0219731
14.9737 -0.0203995
14.9752 -0.0188699
14.9767 -0.0173844
14.9782 -0.015943
14.9797 -0.0145456
14.9812 -0.0131924
14.9827 -0.0118832
14.9842 -0.0106182
14.9857 -0.00939727
14.9872 -0.00822048
14.9887 -0.00708782
14.9902 -0.0059993
14.9917 -0.00495492
14.9932 -0.00395468
14.9947 -0.0029986
14.9962 -0.00208666
14.9977 -0.00121888
14.9992 -0.000395255
15.0008 0.000384216
15.0023 0.00111953
15.0038 0.00181069
15.0053 0.0024577
15.0068 0.00306055
15.0083 0.00361925
15.0098 0.00413381
15.0113 0.00460423
15.0128 0.00503051
15.0143 0.00541266
15.0158 0.00575068
15.0173 0.00604459
15.0188 0.00629438
15.0203 0.00650007
15.0218 0.00666166
15.0233 0.00677917
15.0248 0.00685261
15.0263 0.00688197
15.0278 0.00686729
15.0293 0.00680856
15.0308 0.00670581
15.0323 0.00655904
15.0338 0.00636826
15.0353 0.0061335
15.0368 0.00585477
15.0383 0.00553209
15.0398 0.00516547
15.0413 0.00475492
15.0428 0.00430047
15.0443 0.00380214
15.0458 0.00325994
15.0473 0.0026739
15.0488 0.00204403
15.0503 0.00137036
15.0518 0.000652913
15.0533 -0.000108296
15.0548 -0.000913239
15.0563 -0.00176189
15.0578 -0.00265423
15.0593 -0.00359023
15.0608 -0.00456987
15.0623 -0.00559311
15.0638 -0.00665993
15.0653 -0.00777031
15.0668 -0.00892421
15.0683 -0.0101216
15.0698 -0.0113625
15.0713 -0.0126467
15.0728 -0.0139744
15.0743 -0.0153455
15.0758 -0.0167599
15.0773 -0.0182176
15.0788 -0.0197186
15.0803 -0.0212628
15.0818 -0.0228502
15.0833 -0.0244808
15.0848 -0.0261545
15.0863 -0.0278712
15.0878 -0.0296311
15.0893 -0.0314339
15.0908 -0.0332797
15.0923 -0.0351685
15.0938 -0.0371001
15.0953 -0.0390746
15.0968 -0.0410919
15.0983 -0.043152
15.0998 -0.0452548
15.1013 -0.0474003
15.1028 -0.0495884
15.1043 -0.0518191
15.1058 -0.0540923
15.1073 -0.056408
15.1088 -0.0587662
15.1103 -0.0611668
15.1118 -0.0636097
15.1133 -0.066095
15.1148 -0.0686224
15.1163 -0.0711921
15.1178 -0.0738039
15.1193 -0.0764579
15.1208 -0.0791538
15.1223 -0.0818918
15.1238 -0.0846717
15.1253 -0.0874935
15.1268 -0.0903571
15.1283 -0.0932625
15.1298 -0.0962095
15.1313 -0.0991983
15.1328 -0.102229
15.1343 -0.105301
15.1358 -0.108414
15.1373 -0.111569
15.1388 -0.114765
15.1403 -0.118002
15.1418 -0.121281
15.1433 -0.124601
15.1448 -0.127962
15.1463 -0.131364
15.1478 -0.134807
15.1493 -0.138291
15.1508 -0.141815
15.1523 -0.145381
15.1538 -0.148987
15.1553 -0.152634
15.1568 -0.156321
15.1583 -0.160049
15.1598 -0.163818
15.1613 -0.167626
15.1628 -0.171475
15.1643 -0.175365
15.1658 -0.179294
15.1673 -0.183264
15.1688 -0.187273
15.1703 -0.191323
15.1718 -0.195412
15.1733 -0.199541
15.1748 -0.20371
15.1763 -0.207918
15.1778 -0.212166
15.1793 -0.216453
15.1808 -0.22078
15.1823 -0.225146
15.1838 -0.229551
15.1853 -0.233996
15.1868 -0.238479
15.1883 -0.243002
15.1898 -0.247563
15.1913 -0.252163
15.1928 -0.256802
15.1943 -0.26148
15.1958 -0.266196
15.1973 -0.27095
15.1988 -0.275743
15.2004 -0.280575
15.2019 -0.285444
15.2034 -0.290352
15.2049 -0.295297
15.2064 -0.300281
15.2079 -0.305302
15.2094 -0.310361
15.2109 -0.315458
15.2124 -0.320592
15.2139 -0.325764
15.2154 -0.330973
15.2169 -0.336219
15.2184 -0.341503
15.2199 -0.346823
15.2214 -0.352181
15.2229 -0.357576
15.2244 -0.363007
15.2259 -0.368475
15.2274 -0.37398
15.2289 -0.379521
15.2304 -0.385098
15.2319 -0.390712
15.2334 -0.396362
15.2349 -0.402048
15.2364 -0.40777
15.2379 -0.413528
15.2394 -0.419321
15.2409 -0.42515
15.2424 -0.431015
15.2439 -0.436915
15.2454 -0.442851
15.2469 -0.448822
15.2484 -0.454828
15.2499 -0.460869
15.2514 -0.466944
15.2529 -0.473055
15.2544 -0.4792
15.2559 -0.48538
15.2574 -0.491594
15.2589 -0.497843
15.2604 -0.504126
15.2619 -0.510443
15.2634 -0.516793
15.2649 -0.523178
15.2664 -0.529597
15.2679 -0.536049
15.2694 -0.542534
15.2709 -0.549053
15.2724 -0.555606
15.2739 -0.562191
15.2754 -0.56881
15.2769 -0.575461
15.2784 -0.582145
15.2799 -0.588862
15.2814 -0.595611
15.2829 -0.602393
15.2844 -0.609207
15.2859 -0.616053
15.2874 -0.622931
15.2889 -0.629841
15.2904 -0.636783
15.2919 -0.643757
15.2934 -0.650762
15.2949 -0.657798
15.2964 -0.664866
15.2979 -0.671965
15.2994 -0.679095
15.3009 -0.686255
15.3024 -0.693447
15.3039 -0.700669
15.3054 -0.707921
15.3069 -0.715204
15.3084 -0.722517
15.3099 -0.72986
15.3114 -0.737233
15.3129 -0.744635
15.3144 -0.752068
15.3159 -0.759529
15.3174 -0.76702
15.3189 -0.774541
15.3204 -0.78209
15.3219 -0.789668
15.3234 -0.797276
15.3249 -0.804911
15.3264 -0.812576
15.3279 -0.820268
15.3294 -0.827989
15.3309 -0.835738
15.3324 -0.843514
15.3339 -0.851319
15.3354 -0.859151
15.3369 -0.867011
15.3384 -0.874898
15.3399 -0.882812
15.3414 -0.890753
15.3429 -0.898721
15.3444 -0.906715
15.3459 -0.914737
15.3474 -0.922784
15.3489 -0.930858
15.3504 -0.938958
15.3519 -0.947084
15.3534 -0.955236
15.3549 -0.963413
15.3564 -0.971616
15.3579 -0.979844
15.3594 -0.988097
15.3609 -0.996375
15.3624 -1.00468
15.3639 -1.01301
15.3654 -1.02136
15.3669 -1.02973
15.3684 -1.03814
15.3699 -1.04656
15.3714 -1.05501
15.3729 -1.06348
15.3744 -1.07198
15.3759 -1.0805
15.3774 -1.08904
15.3789 -1.0976
15.3804 -1.10619
15.3819 -1.1148
15.3834 -1.12344
15.3849 -1.13209
15.3864 -1.14077
15.3879 -1.14947
15.3894 -1.15819
15.3909 -1.16694
15.3924 -1.1757
15.3939 -1.18449
15.3954 -1.19329
15.3969 -1.20212
15.3984 -1.21097
15.3999 -1.21984
15.4015 -1.22873
15.403 -1.23764
15.4045 -1.24657
15.406 -1.25552
15.4075 -1.26449
15.409 -1.27348
15.4105 -1.28249
15.412 -1.29152
15.4135 -1.30057
15.415 -1.30963
15.4165 -1.31872
15.418 -1.32782
15.4195 -1.33694
15.421 -1.34608
15.4225 -1.35524
15.424 -1.36441
15.4255 -1.3736
15.427 -1.38281
15.4285 -1.39204
15.43 -1.40128
15.4315 -1.41054
15.433 -1.41982
15.4345 -1.42911
15.436 -1.43842
15.4375 -1.44775
15.439 -1.45709
15.4405 -1.46644
15.442 -1.47582
15.4435 -1.4852
15.445 -1.49461
15.4465 -1.50402
15.448 -1.51345
15.4495 -1.5229
15.451 -1.53236
15.4525 -1.54183
15.454 -1.55132
15.4555 -1.56082
15.457 -1.57034
15.4585 -1.57987
15.46 -1.58941
15.4615 -1.59896
15.463 -1.60853
15.4645 -1.61811
15.466 -1.6277
15.4675 -1.6373
15.469 -1.64691
15.4705 -1.65654
15.472 -1.66618
15.4735 -1.67582
15.475 -1.68548
15.4765 -1.69515
15.478 -1.70483
15.4795 -1.71452
15.481 -1.72423
15.4825 -1.73394
15.484 -1.74366
15.4855 -1.75339
15.487 -1.76312
15.4885 -1.77287
15.49 -1.78263
15.4915 -1.79239
15.493 -1.80217
15.4945 -1.81195
15.496 -1.82174
15.4975 -1.83153
15.499 -1.84134
15.5005 -1.85115
15.502 -1.86097
15.5035 -1.87079
15.505 -1.88063
15.5065 -1.89046
15.508 -1.90031
15.5095 -1.91016
15.511 -1.92001
15.5125 -1.92988
15.514 -1.93974
15.5155 -1.94961
15.517 -1.95949
15.5185 -1.96937
15.52 -1.97926
15.5215 -1.98914
15.523 -1.99904
15.5245 -2.00893
15.526 -2.01883
15.5275 -2.02874
15.529 -2.03864
15.5305 -2.04855
15.532 -2.05846
15.5335 -2.06837
15.535 -2.07829
15.5365 -2.0882
15.538 -2.09812
15.5395 -2.10804
15.541 -2.11796
15.5425 -2.12788
15.544 -2.1378
15.5455 -2.14773
15.547 -2.15765
15.5485 -2.16757
15.55 -2.17749
15.5515 -2.18741
15.553 -2.19733
15.5545 -2.20725
15.556 -2.21716
15.5575 -2.22708
15.559 -2.23699
15.5605 -2.2469
15.562 -2.25681
15.5635 -2.26671
15.565 -2.27662
15.5665 -2.28652
15.568 -2.29641
15.5695 -2.3063
15.571 -2.31619
15.5725 -2.32608
15.574 -2.33596
15.5755 -2.34583
15.577 -2.3557
15.5785 -2.36556
15.58 -2.37542
15.5815 -2.38528
15.583 -2.39512
15.5845 -2.40496
15.586 -2.4148
15.5875 -2.42463
15.589 -2.43445
15.5905 -2.44426
15.592 -2.45407
15.5935 -2.46386
15.595 -2.47365
15.5965 -2.48343
15.598 -2.49321
15.5995 -2.50297
15.6011 -2.51272
15.6026 -2.52247
15.6041 -2.53221
15.6056 -2.54193
15.6071 -2.55165
15.6086 -2.56135
15.6101 -2.57104
15.6116 -2.58073
15.6131 -2.5904
15.6146 -2.60006
15.6161 -2.60971
15.6176 -2.61934
15.6191 -2.62897
15.6206 -2.63858
15.6221 -2.64817
15.6236 -2.65776
15.6251 -2.66733
15.6266 -2.67689
15.6281 -2.68643
15.6296 -2.69596
15.6311 -2.70547
15.6326 -2.71497
15.6341 -2.72446
15.6356 -2.73392
15.6371 -2.74338
15.6386 -2.75281
15.6401 -2.76223
15.6416 -2.77164
15.6431 -2.78102
15.6446 -2.79039
15.6461 -2.79975
15.6476 -2.80908
15.6491 -2.8184
15.6506 -2.82769
15.6521 -2.83697
15.6536 -2.84623
15.6551 -2.85547
15.6566 -2.8647
15.6581 -2.8739
15.6596 -2.88308
15.6611 -2.89224
15.6626 -2.90138
15.6641 -2.9105
15.6656 -2.9196
15.6671 -2.92868
15.6686 -2.93773
15.6701 -2.94676
15.6716 -2.95577
15.6731 -2.96476
15.6746 -2.97373
15.6761 -2.98267
15.6776 -2.99159
15.6791 -3.00048
15.6806 -3.00935
15.6821 -3.01819
15.6836 -3.02701
15.6851 -3.03581
15.6866 -3.04458
15.6881 -3.05332
15.6896 -3.06204
15.6911 -3.07073
15.6926 -3.07939
15.6941 -3.08803
15.6956 -3.09664
15.6971 -3.10522
15.6986 -3.11378
15.7001 -3.1223
15.7016 -3.1308
15.7031 -3.13927
15.7046 -3.14771
15.7061 -3.15612
15.7076 -3.1645
15.7091 -3.17285
15.7106 -3.18117
15.7121 -3.18946
15.7136 -3.19771
15.7151 -3.20594
15.7166 -3.21414
15.7181 -3.2223
15.7196 -3.23043
15.7211 -3.23853
15.7226 -3.24659
15.7241 -3.25462
15.7256 -3.26262
15.7271 -3.27058
15.7286 -3.27851
15.7301 -3.28641
15.7316 -3.29427
15.7331 -3.30209
15.7346 -3.30988
15.7361 -3.31763
15.7376 -3.32535
15.7391 -3.33303
15.7406 -3.34067
15.7421 -3.34828
15.7436 -3.35585
15.7451 -3.36338
15.7466 -3.37087
15.7481 -3.37833
15.7496 -3.38574
15.7511 -3.39312
15.7526 -3.40045
15.7541 -3.40775
15.7556 -3.41501
15.7571 -3.42222
15.7586 -3.4294
15.7601 -3.43653
15.7616 -3.44362
15.7631 -3.45067
15.7646 -3.45768
15.7661 -3.46465
15.7676 -3.47157
15.7691 -3.47845
15.7706 -3.48528
15.7721 -3.49208
15.7736 -3.49882
15.7751 -3.50553
15.7766 -3.51218
15.7781 -3.5188
15.7796 -3.52536
15.7811 -3.53188
15.7826 -3.53836
15.7841 -3.54478
15.7856 -3.55117
15.7871 -3.5575
15.7886 -3.56378
15.7901 -3.57002
15.7916 -3.57621
15.7931 -3.58235
15.7946 -3.58844
15.7961 -3.59448
15.7976 -3.60047
15.7991 -3.60641
15.8007 -3.6123
15.8022 -3.61814
15.8037 -3.62393
15.8052 -3.62967
15.8067 -3.63535
15.8082 -3.64099
15.8097 -3.64657
15.8112 -3.65209
15.8127 -3.65756
15.8142 -3.66298
15.8157 -3.66835
15.8172 -3.67366
15.8187 -3.67891
15.8202 -3.68411
15.8217 -3.68926
15.8232 -3.69435
15.8247 -3.69938
15.8262 -3.70435
15.8277 -3.70927
15.8292 -3.71413
15.8307 -3.71894
15.8322 -3.72368
15.8337 -3.72837
15.8352 -3.73299
15.8367 -3.73756
15.8382 -3.74207
15.8397 -3.74652
15.8412 -3.75091
15.8427 -3.75523
15.8442 -3.7595
15.8457 -3.7637
15.8472 -3.76785
15.8487 -3.77193
15.8502 -3.77594
15.8517 -3.7799
15.8532 -3.78379
15.8547 -3.78761
15.8562 -3.79138
15.8577 -3.79507
15.8592 -3.79871
15.8607 -3.80228
15.8622 -3.80578
15.8637 -3.80921
15.8652 -3.81258
15.8667 -3.81588
15.8682 -3.81912
15.8697 -3.82229
15.8712 -3.82539
15.8727 -3.82842
15.8742 -3.83138
15.8757 -3.83427
15.8772 -3.8371
15.8787 -3.83985
15.8802 -3.84253
15.8817 -3.84514
15.8832 -3.84768
15.8847 -3.85015
15.8862 -3.85255
15.8877 -3.85488
15.8892 -3.85713
15.8907 -3.85931
15.8922 -3.86141
15.8937 -3.86344
15.8952 -3.8654
15.8967 -3.86728
15.8982 -3.86909
15.8997 -3.87082
15.9012 -3.87248
15.9027 -3.87406
15.9042 -3.87556
15.9057 -3.87699
15.9072 -3.87834
15.9087 -3.87961
15.9102 -3.8808
15.9117 -3.88191
15.9132 -3.88295
15.9147 -3.8839
15.9162 -3.88477
15.9177 -3.88557
15.9192 -3.88628
15.9207 -3.88691
15.9222 -3.88746
15.9237 -3.88793
15.9252 -3.88832
15.9267 -3.88862
15.9282 -3.88884
15.9297 -3.88898
15.9312 -3.88903
15.9327 -3.889
15.9342 -3.88888
15.9357 -3.88868
15.9372 -3.88839
15.9387 -3.88802
15.9402 -3.88755
15.9417 -3.88701
15.9432 -3.88637
15.9447 -3.88565
15.9462 -3.88484
15.9477 -3.88394
15.9492 -3.88295
15.9507 -3.88187
15.9522 -3.8807
15.9537 -3.87944
15.9552 -3.87809
15.9567 -3.87665
15.9582 -3.87512
15.9597 -3.87349
15.9612 -3.87177
15.9627 -3.86996
15.9642 -3.86806
15.9657 -3.86606
15.9672 -3.86397
15.9687 -3.86178
15.9702 -3.8595
15.9717 -3.85713
15.9732 -3.85465
15.9747 -3.85208
15.9762 -3.84942
15.9777 -3.84666
15.9792 -3.8438
15.9807 -3.84084
15.9822 -3.83778
15.9837 -3.83462
15.9852 -3.83137
15.9867 -3.82801
15.9882 -3.82455
15.9897 -3.821
15.9912 -3.81734
15.9927 -3.81358
15.9942 -3.80972
15.9957 -3.80575
15.9972 -3.80169
15.9987 -3.79752
16.0003 -3.79324
16.0018 -3.78886
16.0033 -3.78438
16.0048 -3.77979
16.0063 -3.7751
16.0078 -3.7703
16.0093 -3.76539
16.0108 -3.76038
16.0123 -3.75526
16.0138 -3.75003
16.0153 -3.74469
16.0168 -3.73925
16.0183 -3.73369
16.0198 -3.72803
16.0213 -3.72225
16.0228 -3.71637
16.0243 -3.71037
16.0258 -3.70426
16.0273 -3.69804
16.0288 -3.69171
16.0303 -3.68526
16.0318 -3.6787
16.0333 -3.67203
16.0348 -3.66525
16.0363 -3.65834
16.0378 -3.65133
16.0393 -3.6442
16.0408 -3.63695
16.0423 -3.62958
16.0438 -3.6221
16.0453 -3.6145
16.0468 -3.60679
16.0483 -3.59895
16.0498 -3.591
16.0513 -3.58292
16.0528 -3.57473
16.0543 -3.56641
16.0558 -3.55798
16.0573 -3.54942
16.0588 -3.54075
16.0603 -3.53195
16.0618 -3.52302
16.0633 -3.51398
16.0648 -3.50481
16.0663 -3.49552
16.0678 -3.4861
16.0693 -3.47656
16.0708 -3.46689
16.0723 -3.4571
16.0738 -3.44718
16.0753 -3.43713
16.0768 -3.42695
16.0783 -3.41665
16.0798 -3.40622
16.0813 -3.39566
16.0828 -3.38497
16.0843 -3.37415
16.0858 -3.3632
16.0873 -3.35212
16.0888 -3.34091
16.0903 -3.32957
16.0918 -3.3181
16.0933 -3.30649
16.0948 -3.29475
16.0963 -3.28287
16.0978 -3.27086
16.0993 -3.25872
16.1008 -3.24644
16.1023 -3.23403
16.1038 -3.22148
16.1053 -3.20879
16.1068 -3.19597
16.1083 -3.18301
16.1098 -3.16991
16.1113 -3.15667
16.1128 -3.14329
16.1143 -3.12978
16.1158 -3.11612
16.1173 -3.10232
16.1188 -3.08838
16.1203 -3.0743
16.1218 -3.06008
16.1233 -3.04572
16.1248 -3.03121
16.1263 -3.01656
16.1278 -3.00176
16.1293 -2.98682
16.1308 -2.97174
16.1323 -2.95651
16.1338 -2.94113
16.1353 -2.92561
16.1368 -2.90994
16.1383 -2.89412
16.1398 -2.87816
16.1413 -2.86204
16.1428 -2.84578
16.1443 -2.82937
16.1458 -2.8128
16.1473 -2.79609
16.1488 -2.77923
16.1503 -2.76221
16.1518 -2.74504
16.1533 -2.72772
16.1548 -2.71024
16.1563 -2.69262
16.1578 -2.67483
16.1593 -2.6569
16.1608 -2.63881
16.1623 -2.62056
16.1638 -2.60215
16.1653 -2.58359
16.1668 -2.56487
16.1683 -2.546
16.1698 -2.52696
16.1713 -2.50777
16.1728 -2.48842
16.1743 -2.4689
16.1758 -2.44923
16.1773 -2.4294
16.1788 -2.4094
16.1803 -2.38924
16.1818 -2.36892
16.1833 -2.34844
16.1848 -2.32779
16.1863 -2.30698
16.1878 -2.286
16.1893 -2.26486
16.1908 -2.24356
16.1923 -2.22208
16.1938 -2.20045
16.1953 -2.17864
16.1968 -2.15666
16.1983 -2.13452
16.1998 -2.11221
16.2014 -2.08973
16.2029 -2.06708
16.2044 -2.04425
16.2059 -2.02126
16.2074 -1.9981
16.2089 -1.97476
16.2104 -1.95125
16.2119 -1.92757
16.2134 -1.90371
16.2149 -1.87968
16.2164 -1.85548
16.2179 -1.8311
16.2194 -1.80654
16.2209 -1.78181
16.2224 -1.7569
16.2239 -1.73181
16.2254 -1.70655
16.2269 -1.6811
16.2284 -1.65548
16.2299 -1.62968
16.2314 -1.60369
16.2329 -1.57753
16.2344 -1.55118
16.2359 -1.52466
16.2374 -1.49795
16.2389 -1.47105
16.2404 -1.44398
16.2419 -1.41672
16.2434 -1.38927
16.2449 -1.36164
16.2464 -1.33383
16.2479 -1.30583
16.2494 -1.27764
16.2509 -1.24926
16.2524 -1.2207
16.2539 -1.19194
16.2554 -1.163
16.2569 -1.13387
16.2584 -1.10455
16.2599 -1.07503
16.2614 -1.04533
16.2629 -1.01544
16.2644 -0.985347
16.2659 -0.955066
16.2674 -0.924591
16.2689 -0.893922
16.2704 -0.863058
16.2719 -0.831999
16.2734 -0.800744
16.2749 -0.769293
16.2764 -0.737645
16.2779 -0.705799
16.2794 -0.673755
16.2809 -0.641512
16.2824 -0.609071
16.2839 -0.576429
16.2854 -0.543587
16.2869 -0.510544
16.2884 -0.477299
16.2899 -0.443853
16.2914 -0.410203
16.2929 -0.376351
16.2944 -0.342294
16.2959 -0.308033
16.2974 -0.273567
16.2989 -0.238896
16.3004 -0.204018
16.3019 -0.168934
16.3034 -0.133643
16.3049 -0.098143
16.3064 -0.0624351
16.3079 -0.0265181
16.3094 0.00960852
16.3109 0.0459454
16.3124 0.082493
16.3139 0.119252
16.3154 0.156223
16.3169 0.193406
16.3184 0.230803
16.3199 0.268413
16.3214 0.306238
16.3229 0.344278
16.3244 0.382533
16.3259 0.421004
16.3274 0.459692
16.3289 0.498597
16.3304 0.53772
16.3319 0.577061
16.3334 0.616621
16.3349 0.656401
16.3364 0.696402
16.3379 0.736623
16.3394 0.777065
16.3409 0.817729
16.3424 0.858616
16.3439 0.899727
16.3454 0.941061
16.3469 0.982619
16.3484 1.0244
16.3499 1.06641
16.3514 1.10865
16.3529 1.15111
16.3544 1.1938
16.3559 1.23672
16.3574 1.27986
16.3589 1.32324
16.3604 1.36684
16.3619 1.41068
16.3634 1.45474
16.3649 1.49904
16.3664 1.54357
16.3679 1.58834
16.3694 1.63333
16.3709 1.67856
16.3724 1.72403
16.3739 1.76973
16.3754 1.81567
16.3769 1.86184
16.3784 1.90825
16.3799 1.9549
16.3814 2.00178
16.3829 2.04891
16.3844 2.09627
16.3859 2.14388
16.3874 2.19173
16.3889 2.23981
16.3904 2.28814
16.3919 2.33671
16.3934 2.38553
16.3949 2.43459
16.3964 2.48389
16.3979 2.53344
16.3994 2.58324
16.401 2.63328
16.4025 2.68357
16.404 2.7341
16.4055 2.78489
16.407 2.83592
16.4085 2.8872
16.41 2.93873
16.4115 2.99052
16.413 3.04255
16.4145 3.09484
16.416 3.14738
16.4175 3.20017
16.419 3.25322
16.4205 3.30652
16.422 3.36008
16.4235 3.41389
16.425 3.46796
16.4265 3.52228
16.428 3.57687
16.4295 3.63171
16.431 3.68681
16.4325 3.74217
16.434 3.79779
16.4355 3.85367
16.437 3.90981
16.4385 3.96622
16.44 4.02289
16.4415 4.07982
16.443 4.13702
16.4445 4.19448
16.446 4.2522
16.4475 4.31019
16.449 4.36845
16.4505 4.42698
16.452 4.48577
16.4535 4.54484
16.455 4.60417
16.4565 4.66377
16.458 4.72364
16.4595 4.78379
16.461 4.8442
16.4625 4.90489
16.464 4.96585
16.4655 5.02709
16.467 5.08859
16.4685 5.15038
16.47 5.21244
16.4715 5.27478
16.473 5.33739
16.4745 5.40028
16.476 5.46345
16.4775 5.5269
16.479 5.59063
16.4805 5.65464
16.482 5.71893
16.4835 5.7835
16.485 5.84835
16.4865 5.91349
16.488 5.97891
16.4895 6.04462
16.491 6.11061
16.4925 6.17688
16.494 6.24344
16.4955 6.31029
16.497 6.37743
16.4985 6.44486
16.5 6.51257
