8.5 3.76688
8.5015 3.70431
8.503 3.64202
8.5045 3.58001
8.506 3.51828
8.5075 3.45683
8.509 3.39565
8.51051 3.33475
8.51201 3.27413
8.51351 3.21378
8.51501 3.15371
8.51651 3.09391
8.51801 3.03438
8.51951 2.97513
8.52101 2.91615
8.52251 2.85745
8.52401 2.79901
8.52551 2.74084
8.52701 2.68295
8.52851 2.62532
8.53002 2.56796
8.53152 2.51087
8.53302 2.45405
8.53452 2.39749
8.53602 2.3412
8.53752 2.28517
8.53902 2.22941
8.54052 2.17391
8.54202 2.11868
8.54352 2.06371
8.54502 2.009
8.54652 1.95455
8.54802 1.90036
8.54952 1.84644
8.55103 1.79277
8.55253 1.73936
8.55403 1.68621
8.55553 1.63332
8.55703 1.58068
8.55853 1.52831
8.56003 1.47618
8.56153 1.42432
8.56303 1.3727
8.56453 1.32134
8.56603 1.27024
8.56753 1.21939
8.56903 1.16879
8.57054 1.11844
8.57204 1.06834
8.57354 1.01849
8.57504 0.968891
8.57654 0.919542
8.57804 0.87044
8.57954 0.821587
8.58104 0.77298
8.58254 0.72462
8.58404 0.676506
8.58554 0.628638
8.58704 0.581014
8.58854 0.533634
8.59005 0.486497
8.59155 0.439603
8.59305 0.392952
8.59455 0.346542
8.59605 0.300373
8.59755 0.254444
8.59905 0.208755
8.60055 0.163306
8.60205 0.118095
8.60355 0.0731216
8.60505 0.0283858
8.60655 -0.0161133
8.60805 -0.0603762
8.60955 -0.104404
8.61106 -0.148196
8.61256 -0.191754
8.61406 -0.235079
8.61556 -0.27817
8.61706 -0.321029
8.61856 -0.363656
8.62006 -0.406052
8.62156 -0.448217
8.62306 -0.490152
8.62456 -0.531857
8.62606 -0.573333
8.62756 -0.614581
8.62906 -0.655602
8.63057 -0.696395
8.63207 -0.736962
8.63357 -0.777303
8.63507 -0.817418
8.63657 -0.857309
8.63807 -0.896975
8.63957 -0.936418
8.64107 -0.975639
8.64257 -1.01464
8.64407 -1.05341
8.64557 -1.09197
8.64707 -1.1303
8.64857 -1.16841
8.65008 -1.20631
8.65158 -1.24399
8.65308 -1.28144
8.65458 -1.31868
8.65608 -1.35571
8.65758 -1.39251
8.65908 -1.4291
8.66058 -1.46548
8.66208 -1.50164
8.66358 -1.53758
8.66508 -1.57332
8.66658 -1.60884
8.66808 -1.64414
8.66958 -1.67924
8.67109 -1.71412
8.67259 -1.74879
8.67409 -1.78326
8.67559 -1.81751
8.67709 -1.85156
8.67859 -1.88539
8.68009 -1.91902
8.68159 -1.95244
8.68309 -1.98565
8.68459 -2.01866
8.68609 -2.05147
8.68759 -2.08406
8.68909 -2.11646
8.6906 -2.14865
8.6921 -2.18063
8.6936 -2.21242
8.6951 -2.244
8.6966 -2.27538
8.6981 -2.30656
8.6996 -2.33753
8.7011 -2.36831
8.7026 -2.39889
8.7041 -2.42927
8.7056 -2.45946
8.7071 -2.48944
8.7086 -2.51923
8.71011 -2.54882
8.71161 -2.57822
8.71311 -2.60742
8.71461 -2.63642
8.71611 -2.66523
8.71761 -2.69385
8.71911 -2.72227
8.72061 -2.7505
8.72211 -2.77854
8.72361 -2.80639
8.72511 -2.83405
8.72661 -2.86152
8.72811 -2.88879
8.72961 -2.91588
8.73112 -2.94278
8.73262 -2.96949
8.73412 -2.99602
8.73562 -3.02235
8.73712 -3.0485
8.73862 -3.07447
8.74012 -3.10024
8.74162 -3.12584
8.74312 -3.15125
8.74462 -3.17647
8.74612 -3.20152
8.74762 -3.22638
8.74912 -3.25105
8.75063 -3.27555
8.75213 -3.29987
8.75363 -3.324
8.75513 -3.34796
8.75663 -3.37173
8.75813 -3.39533
8.75963 -3.41875
8.76113 -3.44199
8.76263 -3.46505
8.76413 -3.48794
8.76563 -3.51065
8.76713 -3.53318
8.76863 -3.55554
8.77014 -3.57772
8.77164 -3.59974
8.77314 -3.62157
8.77464 -3.64324
8.77614 -3.66473
8.77764 -3.68605
8.77914 -3.7072
8.78064 -3.72818
8.78214 -3.74898
8.78364 -3.76962
8.78514 -3.79009
8.78664 -3.81039
8.78814 -3.83052
8.78964 -3.85049
8.79115 -3.87028
8.79265 -3.88991
8.79415 -3.90938
8.79565 -3.92868
8.79715 -3.94781
8.79865 -3.96678
8.80015 -3.98559
8.80165 -4.00423
8.80315 -4.02271
8.80465 -4.04102
8.80615 -4.05918
8.80765 -4.07717
8.80915 -4.095
8.81066 -4.11267
8.81216 -4.13018
8.81366 -4.14754
8.81516 -4.16473
8.81666 -4.18177
8.81816 -4.19864
8.81966 -4.21536
8.82116 -4.23193
8.82266 -4.24834
8.82416 -4.26459
8.82566 -4.28068
8.82716 -4.29663
8.82866 -4.31241
8.83017 -4.32805
8.83167 -4.34353
8.83317 -4.35886
8.83467 -4.37403
8.83617 -4.38906
8.83767 -4.40393
8.83917 -4.41865
8.84067 -4.43322
8.84217 -4.44765
8.84367 -4.46192
8.84517 -4.47604
8.84667 -4.49002
8.84817 -4.50385
8.84967 -4.51753
8.85118 -4.53107
8.85268 -4.54446
8.85418 -4.5577
8.85568 -4.5708
8.85718 -4.58375
8.85868 -4.59656
8.86018 -4.60923
8.86168 -4.62175
8.86318 -4.63413
8.86468 -4.64637
8.86618 -4.65847
8.86768 -4.67042
8.86918 -4.68224
8.87069 -4.69391
8.87219 -4.70544
8.87369 -4.71684
8.87519 -4.7281
8.87669 -4.73922
8.87819 -4.7502
8.87969 -4.76104
8.88119 -4.77175
8.88269 -4.78232
8.88419 -4.79275
8.88569 -4.80305
8.88719 -4.81321
8.88869 -4.82324
8.8902 -4.83314
8.8917 -4.8429
8.8932 -4.85253
8.8947 -4.86203
8.8962 -4.8714
8.8977 -4.88063
8.8992 -4.88973
8.9007 -4.89871
8.9022 -4.90755
8.9037 -4.91626
8.9052 -4.92485
8.9067 -4.9333
8.9082 -4.94163
8.9097 -4.94983
8.91121 -4.9579
8.91271 -4.96585
8.91421 -4.97367
8.91571 -4.98136
8.91721 -4.98893
8.91871 -4.99637
8.92021 -5.00369
8.92171 -5.01089
8.92321 -5.01796
8.92471 -5.02491
8.92621 -5.03174
8.92771 -5.03844
8.92921 -5.04503
8.93072 -5.05149
8.93222 -5.05783
8.93372 -5.06405
8.93522 -5.07015
8.93672 -5.07614
8.93822 -5.082
8.93972 -5.08775
8.94122 -5.09337
8.94272 -5.09888
8.94422 -5.10428
8.94572 -5.10955
8.94722 -5.11472
8.94872 -5.11976
8.95023 -5.12469
8.95173 -5.12951
8.95323 -5.13421
8.95473 -5.1388
8.95623 -5.14327
8.95773 -5.14763
8.95923 -5.15188
8.96073 -5.15602
8.96223 -5.16005
8.96373 -5.16396
8.96523 -5.16777
8.96673 -5.17146
8.96823 -5.17505
8.96973 -5.17852
8.97124 -5.18189
8.97274 -5.18515
8.97424 -5.1883
8.97574 -5.19134
8.97724 -5.19428
8.97874 -5.19711
8.98024 -5.19983
8.98174 -5.20245
8.98324 -5.20496
8.98474 -5.20737
8.98624 -5.20968
8.98774 -5.21188
8.98924 -5.21397
8.99075 -5.21597
8.99225 -5.21786
8.99375 -5.21965
8.99525 -5.22134
8.99675 -5.22292
8.99825 -5.22441
8.99975 -5.22579
9.00125 -5.22708
9.00275 -5.22826
9.00425 -5.22935
9.00575 -5.23034
9.00725 -5.23123
9.00875 -5.23202
9.01026 -5.23271
9.01176 -5.23331
9.01326 -5.23381
9.01476 -5.23422
9.01626 -5.23453
9.01776 -5.23474
9.01926 -5.23486
9.02076 -5.23489
9.02226 -5.23482
9.02376 -5.23466
9.02526 -5.2344
9.02676 -5.23406
9.02826 -5.23362
9.02976 -5.23308
9.03127 -5.23246
9.03277 -5.23175
9.03427 -5.23094
9.03577 -5.23005
9.03727 -5.22906
9.03877 -5.22799
9.04027 -5.22683
9.04177 -5.22558
9.04327 -5.22424
9.04477 -5.22281
9.04627 -5.2213
9.04777 -5.2197
9.04927 -5.21801
9.05078 -5.21624
9.05228 -5.21438
9.05378 -5.21244
9.05528 -5.21041
9.05678 -5.2083
9.05828 -5.2061
9.05978 -5.20382
9.06128 -5.20146
9.06278 -5.19901
9.06428 -5.19648
9.06578 -5.19387
9.06728 -5.19118
9.06878 -5.18841
9.07029 -5.18556
9.07179 -5.18263
9.07329 -5.17961
9.07479 -5.17652
9.07629 -5.17335
9.07779 -5.1701
9.07929 -5.16677
9.08079 -5.16337
9.08229 -5.15988
9.08379 -5.15632
9.08529 -5.15269
9.08679 -5.14897
9.08829 -5.14518
9.08979 -5.14132
9.0913 -5.13738
9.0928 -5.13337
9.0943 -5.12928
9.0958 -5.12512
9.0973 -5.12088
9.0988 -5.11657
9.1003 -5.11219
9.1018 -5.10774
9.1033 -5.10321
9.1048 -5.09861
9.1063 -5.09395
9.1078 -5.08921
9.1093 -5.0844
9.11081 -5.07952
9.11231 -5.07457
9.11381 -5.06955
9.11531 -5.06447
9.11681 -5.05931
9.11831 -5.05409
9.11981 -5.0488
9.12131 -5.04344
9.12281 -5.03801
9.12431 -5.03252
9.12581 -5.02697
9.12731 -5.02134
9.12881 -5.01565
9.13032 -5.0099
9.13182 -5.00408
9.13332 -4.9982
9.13482 -4.99225
9.13632 -4.98624
9.13782 -4.98017
9.13932 -4.97404
9.14082 -4.96784
9.14232 -4.96158
9.14382 -4.95526
9.14532 -4.94888
9.14682 -4.94243
9.14832 -4.93593
9.14982 -4.92936
9.15133 -4.92274
9.15283 -4.91606
9.15433 -4.90932
9.15583 -4.90252
9.15733 -4.89566
9.15883 -4.88874
9.16033 -4.88177
9.16183 -4.87473
9.16333 -4.86765
9.16483 -4.8605
9.16633 -4.8533
9.16783 -4.84604
9.16933 -4.83873
9.17084 -4.83136
9.17234 -4.82394
9.17384 -4.81647
9.17534 -4.80894
9.17684 -4.80135
9.17834 -4.79372
9.17984 -4.78603
9.18134 -4.77829
9.18284 -4.77049
9.18434 -4.76265
9.18584 -4.75475
9.18734 -4.7468
9.18884 -4.7388
9.19035 -4.73075
9.19185 -4.72265
9.19335 -4.7145
9.19485 -4.70631
9.19635 -4.69806
9.19785 -4.68976
9.19935 -4.68142
9.20085 -4.67303
9.20235 -4.66459
9.20385 -4.6561
9.20535 -4.64757
9.20685 -4.63899
9.20835 -4.63036
9.20985 -4.62169
9.21136 -4.61297
9.21286 -4.60421
9.21436 -4.5954
9.21586 -4.58655
9.21736 -4.57765
9.21886 -4.56871
9.22036 -4.55973
9.22186 -4.5507
9.22336 -4.54163
9.22486 -4.53252
9.22636 -4.52337
9.22786 -4.51417
9.22936 -4.50494
9.23087 -4.49566
9.23237 -4.48634
9.23387 -4.47698
9.23537 -4.46758
9.23687 -4.45814
9.23837 -4.44866
9.23987 -4.43915
9.24137 -4.42959
9.24287 -4.41999
9.24437 -4.41036
9.24587 -4.40069
9.24737 -4.39098
9.24887 -4.38124
9.25038 -4.37146
9.25188 -4.36164
9.25338 -4.35178
9.25488 -4.34189
9.25638 -4.33197
9.25788 -4.32201
9.25938 -4.31201
9.26088 -4.30198
9.26238 -4.29192
9.26388 -4.28182
9.26538 -4.27169
9.26688 -4.26152
9.26838 -4.25132
9.26988 -4.24109
9.27139 -4.23083
9.27289 -4.22053
9.27439 -4.21021
9.27589 -4.19985
9.27739 -4.18946
9.27889 -4.17904
9.28039 -4.16859
9.28189 -4.15811
9.28339 -4.1476
9.28489 -4.13706
9.28639 -4.12649
9.28789 -4.11589
9.28939 -4.10527
9.2909 -4.09461
9.2924 -4.08393
9.2939 -4.07322
9.2954 -4.06249
9.2969 -4.05172
9.2984 -4.04093
9.2999 -4.03011
9.3014 -4.01927
9.3029 -4.0084
9.3044 -3.99751
9.3059 -3.98659
9.3074 -3.97565
9.3089 -3.96468
9.31041 -3.95368
9.31191 -3.94267
9.31341 -3.93163
9.31491 -3.92056
9.31641 -3.90947
9.31791 -3.89836
9.31941 -3.88723
9.32091 -3.87608
9.32241 -3.8649
9.32391 -3.8537
9.32541 -3.84248
9.32691 -3.83124
9.32841 -3.81998
9.32991 -3.8087
9.33142 -3.7974
9.33292 -3.78608
9.33442 -3.77474
9.33592 -3.76338
9.33742 -3.752
9.33892 -3.7406
9.34042 -3.72918
9.34192 -3.71775
9.34342 -3.7063
9.34492 -3.69483
9.34642 -3.68334
9.34792 -3.67184
9.34942 -3.66032
9.35093 -3.64878
9.35243 -3.63723
9.35393 -3.62566
9.35543 -3.61407
9.35693 -3.60247
9.35843 -3.59086
9.35993 -3.57923
9.36143 -3.56759
9.36293 -3.55593
9.36443 -3.54426
9.36593 -3.53257
9.36743 -3.52087
9.36893 -3.50916
9.37044 -3.49744
9.37194 -3.4857
9.37344 -3.47395
9.37494 -3.46219
9.37644 -3.45042
9.37794 -3.43863
9.37944 -3.42684
9.38094 -3.41503
9.38244 -3.40321
9.38394 -3.39139
9.38544 -3.37955
9.38694 -3.3677
9.38844 -3.35585
9.38994 -3.34398
9.39145 -3.33211
9.39295 -3.32022
9.39445 -3.30833
9.39595 -3.29643
9.39745 -3.28452
9.39895 -3.27261
9.40045 -3.26068
9.40195 -3.24875
9.40345 -3.23681
9.40495 -3.22487
9.40645 -3.21292
9.40795 -3.20096
9.40945 -3.189
9.41096 -3.17703
9.41246 -3.16506
9.41396 -3.15308
9.41546 -3.1411
9.41696 -3.12911
9.41846 -3.11712
9.41996 -3.10512
9.42146 -3.09312
9.42296 -3.08112
9.42446 -3.06911
9.42596 -3.0571
9.42746 -3.04509
9.42896 -3.03307
9.43047 -3.02105
9.43197 -3.00903
9.43347 -2.99701
9.43497 -2.98499
9.43647 -2.97297
9.43797 -2.96094
9.43947 -2.94891
9.44097 -2.93689
9.44247 -2.92486
9.44397 -2.91283
9.44547 -2.9008
9.44697 -2.88878
9.44847 -2.87675
9.44997 -2.86472
9.45148 -2.8527
9.45298 -2.84067
9.45448 -2.82865
9.45598 -2.81663
9.45748 -2.80461
9.45898 -2.7926
9.46048 -2.78059
9.46198 -2.76857
9.46348 -2.75657
9.46498 -2.74456
9.46648 -2.73256
9.46798 -2.72056
9.46948 -2.70857
9.47099 -2.69658
9.47249 -2.6846
9.47399 -2.67262
9.47549 -2.66064
9.47699 -2.64867
9.47849 -2.63671
9.47999 -2.62475
9.48149 -2.61279
9.48299 -2.60084
9.48449 -2.5889
9.48599 -2.57697
9.48749 -2.56504
9.48899 -2.55312
9.4905 -2.5412
9.492 -2.52929
9.4935 -2.51739
9.495 -2.5055
9.4965 -2.49362
9.498 -2.48174
9.4995 -2.46987
9.501 -2.45801
9.5025 -2.44616
9.504 -2.43432
9.5055 -2.42249
9.507 -2.41067
9.5085 -2.39885
9.51001 -2.38705
9.51151 -2.37526
9.51301 -2.36348
9.51451 -2.3517
9.51601 -2.33994
9.51751 -2.32819
9.51901 -2.31645
9.52051 -2.30473
9.52201 -2.29301
9.52351 -2.2813
9.52501 -2.26961
9.52651 -2.25793
9.52801 -2.24626
9.52951 -2.23461
9.53102 -2.22297
9.53252 -2.21134
9.53402 -2.19972
9.53552 -2.18812
9.53702 -2.17653
9.53852 -2.16495
9.54002 -2.15339
9.54152 -2.14185
9.54302 -2.13031
9.54452 -2.1188
9.54602 -2.10729
9.54752 -2.09581
9.54902 -2.08433
9.55053 -2.07287
9.55203 -2.06143
9.55353 -2.05001
9.55503 -2.0386
9.55653 -2.0272
9.55803 -2.01583
9.55953 -2.00447
9.56103 -1.99312
9.56253 -1.9818
9.56403 -1.97049
9.56553 -1.95919
9.56703 -1.94792
9.56853 -1.93666
9.57004 -1.92542
9.57154 -1.9142
9.57304 -1.903
9.57454 -1.89181
9.57604 -1.88065
9.57754 -1.8695
9.57904 -1.85837
9.58054 -1.84726
9.58204 -1.83618
9.58354 -1.82511
9.58504 -1.81406
9.58654 -1.80303
9.58804 -1.79202
9.58954 -1.78103
9.59105 -1.77006
9.59255 -1.75911
9.59405 -1.74818
9.59555 -1.73728
9.59705 -1.72639
9.59855 -1.71553
9.60005 -1.70468
9.60155 -1.69386
9.60305 -1.68306
9.60455 -1.67229
9.60605 -1.66153
9.60755 -1.6508
9.60905 -1.64009
9.61056 -1.6294
9.61206 -1.61874
9.61356 -1.6081
9.61506 -1.59748
9.61656 -1.58689
9.61806 -1.57632
9.61956 -1.56577
9.62106 -1.55525
9.62256 -1.54475
9.62406 -1.53427
9.62556 -1.52382
9.62706 -1.5134
9.62856 -1.503
9.63007 -1.49262
9.63157 -1.48227
9.63307 -1.47194
9.63457 -1.46164
9.63607 -1.45137
9.63757 -1.44112
9.63907 -1.4309
9.64057 -1.4207
9.64207 -1.41053
9.64357 -1.40038
9.64507 -1.39027
9.64657 -1.38017
9.64807 -1.37011
9.64957 -1.36007
9.65108 -1.35006
9.65258 -1.34008
9.65408 -1.33012
9.65558 -1.32019
9.65708 -1.31029
9.65858 -1.30042
9.66008 -1.29057
9.66158 -1.28075
9.66308 -1.27097
9.66458 -1.26121
9.66608 -1.25147
9.66758 -1.24177
9.66908 -1.2321
9.67059 -1.22245
9.67209 -1.21283
9.67359 -1.20325
9.67509 -1.19369
9.67659 -1.18416
9.67809 -1.17466
9.67959 -1.1652
9.68109 -1.15576
9.68259 -1.14635
9.68409 -1.13697
9.68559 -1.12763
9.68709 -1.11831
9.68859 -1.10902
9.6901 -1.09977
9.6916 -1.09054
9.6931 -1.08135
9.6946 -1.07219
9.6961 -1.06306
9.6976 -1.05396
9.6991 -1.04489
9.7006 -1.03586
9.7021 -1.02685
9.7036 -1.01788
9.7051 -1.00894
9.7066 -1.00003
9.7081 -0.991157
9.7096 -0.982315
9.71111 -0.973505
9.71261 -0.964728
9.71411 -0.955984
9.71561 -0.947273
9.71711 -0.938595
9.71861 -0.92995
9.72011 -0.921339
9.72161 -0.912761
9.72311 -0.904217
9.72461 -0.895706
9.72611 -0.88723
9.72761 -0.878787
9.72911 -0.870379
9.73062 -0.862005
9.73212 -0.853665
9.73362 -0.84536
9.73512 -0.837089
9.73662 -0.828853
9.73812 -0.820652
9.73962 -0.812486
9.74112 -0.804354
9.74262 -0.796258
9.74412 -0.788198
9.74562 -0.780172
9.74712 -0.772182
9.74862 -0.764228
9.75013 -0.756309
9.75163 -0.748427
9.75313 -0.74058
9.75463 -0.732769
9.75613 -0.724994
9.75763 -0.717256
9.75913 -0.709554
9.76063 -0.701888
9.76213 -0.694259
9.76363 -0.686667
9.76513 -0.679111
9.76663 -0.671593
9.76813 -0.664111
9.76963 -0.656666
9.77114 -0.649259
9.77264 -0.641889
9.77414 -0.634556
9.77564 -0.627261
9.77714 -0.620003
9.77864 -0.612783
9.78014 -0.6056
9.78164 -0.598456
9.78314 -0.591349
9.78464 -0.584281
9.78614 -0.577251
9.78764 -0.570259
9.78914 -0.563305
9.79065 -0.55639
9.79215 -0.549513
9.79365 -0.542675
9.79515 -0.535875
9.79665 -0.529114
9.79815 -0.522393
9.79965 -0.51571
9.80115 -0.509066
9.80265 -0.502461
9.80415 -0.495896
9.80565 -0.48937
9.80715 -0.482883
9.80865 -0.476435
9.81016 -0.470028
9.81166 -0.46366
9.81316 -0.457331
9.81466 -0.451043
9.81616 -0.444794
9.81766 -0.438585
9.81916 -0.432417
9.82066 -0.426288
9.82216 -0.4202
9.82366 -0.414152
9.82516 -0.408144
9.82666 -0.402177
9.82816 -0.39625
9.82966 -0.390364
9.83117 -0.384518
9.83267 -0.378713
9.83417 -0.37295
9.83567 -0.367226
9.83717 -0.361544
9.83867 -0.355903
9.84017 -0.350303
9.84167 -0.344744
9.84317 -0.339227
9.84467 -0.33375
9.84617 -0.328315
9.84767 -0.322922
9.84917 -0.31757
9.85068 -0.312259
9.85218 -0.30699
9.85368 -0.301763
9.85518 -0.296578
9.85668 -0.291434
9.85818 -0.286332
9.85968 -0.281273
9.86118 -0.276255
9.86268 -0.271279
9.86418 -0.266346
9.86568 -0.261454
9.86718 -0.256605
9.86868 -0.251799
9.87019 -0.247034
9.87169 -0.242312
9.87319 -0.237633
9.87469 -0.232996
9.87619 -0.228401
9.87769 -0.223849
9.87919 -0.21934
9.88069 -0.214874
9.88219 -0.21045
9.88369 -0.20607
9.88519 -0.201732
9.88669 -0.197437
9.88819 -0.193185
9.88969 -0.188976
9.8912 -0.184811
9.8927 -0.180688
9.8942 -0.176609
9.8957 -0.172573
9.8972 -0.16858
9.8987 -0.16463
9.9002 -0.160724
9.9017 -0.156861
9.9032 -0.153042
9.9047 -0.149266
9.9062 -0.145534
9.9077 -0.141845
9.9092 -0.1382
9.91071 -0.134599
9.91221 -0.131041
9.91371 -0.127527
9.91521 -0.124057
9.91671 -0.120631
9.91821 -0.117248
9.91971 -0.11391
9.92121 -0.110615
9.92271 -0.107365
9.92421 -0.104158
9.92571 -0.100995
9.92721 -0.0978766
9.92871 -0.094802
9.93022 -0.0917716
9.93172 -0.0887854
9.93322 -0.0858433
9.93472 -0.0829455
9.93622 -0.0800919
9.93772 -0.0772825
9.93922 -0.0745175
9.94072 -0.0717967
9.94222 -0.0691204
9.94372 -0.0664884
9.94522 -0.0639008
9.94672 -0.0613576
9.94822 -0.0588589
9.94972 -0.0564046
9.95123 -0.0539948
9.95273 -0.0516296
9.95423 -0.0493088
9.95573 -0.0470327
9.95723 -0.0448011
9.95873 -0.0426141
9.96023 -0.0404717
9.96173 -0.0383739
9.96323 -0.0363208
9.96473 -0.0343124
9.96623 -0.0323486
9.96773 -0.0304295
9.96923 -0.0285551
9.97074 -0.0267255
9.97224 -0.0249405
9.97374 -0.0232004
9.97524 -0.0215049
9.97674 -0.0198543
9.97824 -0.0182484
9.97974 -0.0166873
9.98124 -0.015171
9.98274 -0.0136996
9.98424 -0.0122729
9.98574 -0.0108911
9.98724 -0.00955404
9.98874 -0.00826186
9.99025 -0.00701452
9.99175 -0.00581202
9.99325 -0.00465437
9.99475 -0.00354157
9.99625 -0.00247362
9.99775 -0.00145053
9.99925 -0.000472296
10.0008 0.000461081
10.0023 0.0013496
10.0038 0.00219326
10.0053 0.00299207
10.0068 0.00374603
10.0083 0.00445513
10.0098 0.00511939
10.0113 0.0057388
10.0128 0.00631337
10.0143 0.00684311
10.0158 0.00732802
10.0173 0.00776811
10.0188 0.00816339
10.0203 0.00851385
10.0218 0.00881953
10.0233 0.00908041
10.0248 0.00929651
10.0263 0.00946784
10.0278 0.00959442
10.0293 0.00967625
10.0308 0.00971335
10.0323 0.00970572
10.0338 0.00965339
10.0353 0.00955637
10.0368 0.00941467
10.0383 0.00922831
10.0398 0.0089973
10.0413 0.00872166
10.0428 0.00840142
10.0443 0.00803658
10.0458 0.00762716
10.0473 0.00717319
10.0488 0.00667469
10.0503 0.00613168
10.0518 0.00554417
10.0533 0.00491219
10.0548 0.00423577
10.0563 0.00351492
10.0578 0.00274968
10.0593 0.00194006
10.0608 0.00108609
10.0623 0.000187797
10.0638 -0.000754791
10.0653 -0.00174165
10.0668 -0.00277274
10.0683 -0.00384805
10.0698 -0.00496755
10.0713 -0.00613119
10.0728 -0.00733896
10.0743 -0.00859082
10.0758 -0.00988673
10.0773 -0.0112267
10.0788 -0.0126106
10.0803 -0.0140385
10.0818 -0.0155103
10.0833 -0.017026
10.0848 -0.0185856
10.0863 -0.020189
10.0878 -0.0218361
10.0893 -0.023527
10.0908 -0.0252616
10.0923 -0.0270399
10.0938 -0.0288618
10.0953 -0.0307273
10.0968 -0.0326363
10.0983 -0.0345888
10.0998 -0.0365848
10.1013 -0.0386242
10.1028 -0.040707
10.1043 -0.0428331
10.1058 -0.0450025
10.1073 -0.0472151
10.1088 -0.0494709
10.1103 -0.0517698
10.1118 -0.0541119
10.1133 -0.056497
10.1148 -0.0589251
10.1163 -0.0613962
10.1178 -0.0639101
10.1193 -0.0664669
10.1208 -0.0690665
10.1223 -0.0717088
10.1238 -0.0743939
10.1253 -0.0771215
10.1268 -0.0798918
10.1283 -0.0827046
10.1298 -0.0855599
10.1313 -0.0884575
10.1328 -0.0913976
10.1343 -0.0943799
10.1358 -0.0974045
10.1373 -0.100471
10.1388 -0.10358
10.1403 -0.106731
10.1418 -0.109924
10.1433 -0.113159
10.1448 -0.116436
10.1463 -0.119755
10.1478 -0.123115
10.1493 -0.126517
10.1508 -0.129961
10.1523 -0.133446
10.1538 -0.136973
10.1553 -0.140541
10.1568 -0.144151
10.1583 -0.147802
10.1598 -0.151494
10.1613 -0.155227
10.1628 -0.159001
10.1643 -0.162817
10.1658 -0.166673
10.1673 -0.17057
10.1688 -0.174508
10.1703 -0.178487
10.1718 -0.182507
10.1733 -0.186567
10.1748 -0.190667
10.1763 -0.194808
10.1778 -0.198989
10.1793 -0.203211
10.1808 -0.207473
10.1823 -0.211775
10.1838 -0.216117
10.1853 -0.220499
10.1868 -0.22492
10.1883 -0.229382
10.1898 -0.233883
10.1913 -0.238424
10.1928 -0.243005
10.1943 -0.247625
10.1958 -0.252284
10.1973 -0.256983
10.1988 -0.261721
10.2004 -0.266498
10.2019 -0.271314
10.2034 -0.276169
10.2049 -0.281063
10.2064 -0.285996
10.2079 -0.290967
10.2094 -0.295977
10.2109 -0.301026
10.2124 -0.306113
10.2139 -0.311238
10.2154 -0.316402
10.2169 -0.321603
10.2184 -0.326843
10.2199 -0.332121
10.2214 -0.337436
10.2229 -0.34279
10.2244 -0.348181
10.2259 -0.353609
10.2274 -0.359075
10.2289 -0.364579
10.2304 -0.37012
10.2319 -0.375697
10.2334 -0.381312
10.2349 -0.386964
10.2364 -0.392653
10.2379 -0.398379
10.2394 -0.404141
10.2409 -0.40994
10.2424 -0.415775
10.2439 -0.421647
10.2454 -0.427555
10.2469 -0.433499
10.2484 -0.439479
10.2499 -0.445495
10.2514 -0.451547
10.2529 -0.457634
10.2544 -0.463757
10.2559 -0.469916
10.2574 -0.47611
10.2589 -0.482339
10.2604 -0.488604
10.2619 -0.494903
10.2634 -0.501238
10.2649 -0.507607
10.2664 -0.514011
10.2679 -0.520449
10.2694 -0.526922
10.2709 -0.53343
10.2724 -0.539971
10.2739 -0.546547
10.2754 -0.553157
10.2769 -0.5598
10.2784 -0.566478
10.2799 -0.573189
10.2814 -0.579933
10.2829 -0.586711
10.2844 -0.593523
10.2859 -0.600367
10.2874 -0.607244
10.2889 -0.614155
10.2904 -0.621098
10.2919 -0.628073
10.2934 -0.635082
10.2949 -0.642122
10.2964 -0.649195
10.2979 -0.6563
10.2994 -0.663438
10.3009 -0.670607
10.3024 -0.677807
10.3039 -0.68504
10.3054 -0.692303
10.3069 -0.699599
10.3084 -0.706925
10.3099 -0.714283
10.3114 -0.721671
10.3129 -0.72909
10.3144 -0.736541
10.3159 -0.744021
10.3174 -0.751532
10.3189 -0.759073
10.3204 -0.766645
10.3219 -0.774246
10.3234 -0.781877
10.3249 -0.789538
10.3264 -0.797229
10.3279 -0.804949
10.3294 -0.812698
10.3309 -0.820477
10.3324 -0.828284
10.3339 -0.83612
10.3354 -0.843985
10.3369 -0.851879
10.3384 -0.859801
10.3399 -0.867752
10.3414 -0.87573
10.3429 -0.883736
10.3444 -0.891771
10.3459 -0.899833
10.3474 -0.907922
10.3489 -0.916039
10.3504 -0.924183
10.3519 -0.932355
10.3534 -0.940553
10.3549 -0.948778
10.3564 -0.957029
10.3579 -0.965308
10.3594 -0.973612
10.3609 -0.981942
10.3624 -0.990299
10.3639 -0.998681
10.3654 -1.00709
10.3669 -1.01552
10.3684 -1.02398
10.3699 -1.03247
10.3714 -1.04098
10.3729 -1.04951
10.3744 -1.05807
10.3759 -1.06665
10.3774 -1.07526
10.3789 -1.08389
10.3804 -1.09255
10.3819 -1.10123
10.3834 -1.10993
10.3849 -1.11866
10.3864 -1.12741
10.3879 -1.13618
10.3894 -1.14498
10.3909 -1.1538
10.3924 -1.16264
10.3939 -1.17151
10.3954 -1.1804
10.3969 -1.18931
10.3984 -1.19824
10.3999 -1.20719
10.4015 -1.21617
10.403 -1.22517
10.4045 -1.23419
10.406 -1.24323
10.4075 -1.25229
10.409 -1.26137
10.4105 -1.27047
10.412 -1.27959
10.4135 -1.28874
10.415 -1.2979
10.4165 -1.30708
10.418 -1.31628
10.4195 -1.32551
10.421 -1.33475
10.4225 -1.34401
10.424 -1.35329
10.4255 -1.36259
10.427 -1.37191
10.4285 -1.38124
10.43 -1.3906
10.4315 -1.39997
10.433 -1.40936
10.4345 -1.41877
10.436 -1.42819
10.4375 -1.43764
10.439 -1.4471
10.4405 -1.45657
10.442 -1.46607
10.4435 -1.47558
10.445 -1.4851
10.4465 -1.49465
10.448 -1.50421
10.4495 -1.51378
10.451 -1.52337
10.4525 -1.53298
10.454 -1.5426
10.4555 -1.55224
10.457 -1.56189
10.4585 -1.57155
10.46 -1.58123
10.4615 -1.59093
10.463 -1.60064
10.4645 -1.61036
10.466 -1.62009
10.4675 -1.62984
10.469 -1.63961
10.4705 -1.64938
10.472 -1.65917
10.4735 -1.66897
10.475 -1.67878
10.4765 -1.68861
10.478 -1.69845
10.4795 -1.7083
10.481 -1.71816
10.4825 -1.72803
10.484 -1.73791
10.4855 -1.74781
10.487 -1.75771
10.4885 -1.76763
10.49 -1.77756
10.4915 -1.78749
10.493 -1.79744
10.4945 -1.80739
10.496 -1.81736
10.4975 -1.82733
10.499 -1.83732
10.5005 -1.84731
10.502 -1.85731
10.5035 -1.86732
10.505 -1.87734
10.5065 -1.88736
10.508 -1.8974
10.5095 -1.90744
10.511 -1.91749
10.5125 -1.92754
10.514 -1.9376
10.5155 -1.94767
10.517 -1.95775
10.5185 -1.96783
10.52 -1.97792
10.5215 -1.98801
10.523 -1.99811
10.5245 -2.00821
10.526 -2.01832
10.5275 -2.02843
10.529 -2.03855
10.5305 -2.04867
10.532 -2.0588
10.5335 -2.06893
10.535 -2.07906
10.5365 -2.0892
10.538 -2.09934
10.5395 -2.10949
10.541 -2.11963
10.5425 -2.12978
10.544 -2.13993
10.5455 -2.15009
10.547 -2.16024
10.5485 -2.1704
10.55 -2.18056
10.5515 -2.19072
10.553 -2.20088
10.5545 -2.21104
10.556 -2.2212
10.5575 -2.23136
10.559 -2.24152
10.5605 -2.25168
10.562 -2.26184
10.5635 -2.272
10.565 -2.28216
10.5665 -2.29231
10.568 -2.30247
10.5695 -2.31262
10.571 -2.32277
10.5725 -2.33292
10.574 -2.34307
10.5755 -2.35321
10.577 -2.36335
10.5785 -2.37349
10.58 -2.38362
10.5815 -2.39375
10.583 -2.40388
10.5845 -2.414
10.586 -2.42411
10.5875 -2.43423
10.589 -2.44433
10.5905 -2.45443
10.592 -2.46453
10.5935 -2.47462
10.595 -2.4847
10.5965 -2.49478
10.598 -2.50485
10.5995 -2.51491
10.6011 -2.52497
10.6026 -2.53502
10.6041 -2.54506
10.6056 -2.55509
10.6071 -2.56512
10.6086 -2.57514
10.6101 -2.58514
10.6116 -2.59514
10.6131 -2.60513
10.6146 -2.61511
10.6161 -2.62508
10.6176 -2.63505
10.6191 -2.645
10.6206 -2.65493
10.6221 -2.66486
10.6236 -2.67478
10.6251 -2.68469
10.6266 -2.69458
10.6281 -2.70446
10.6296 -2.71433
10.6311 -2.72419
10.6326 -2.73404
10.6341 -2.74387
10.6356 -2.75369
10.6371 -2.76349
10.6386 -2.77328
10.6401 -2.78306
10.6416 -2.79282
10.6431 -2.80257
10.6446 -2.8123
10.6461 -2.82202
10.6476 -2.83172
10.6491 -2.84141
10.6506 -2.85108
10.6521 -2.86073
10.6536 -2.87037
10.6551 -2.87999
10.6566 -2.88959
10.6581 -2.89918
10.6596 -2.90875
10.6611 -2.9183
10.6626 -2.92783
10.6641 -2.93734
10.6656 -2.94683
10.6671 -2.95631
10.6686 -2.96576
10.6701 -2.9752
10.6716 -2.98461
10.6731 -2.994
10.6746 -3.00338
10.6761 -3.01273
10.6776 -3.02206
10.6791 -3.03137
10.6806 -3.04066
10.6821 -3.04992
10.6836 -3.05917
10.6851 -3.06839
10.6866 -3.07759
10.6881 -3.08676
10.6896 -3.09591
10.6911 -3.10504
10.6926 -3.11414
10.6941 -3.12322
10.6956 -3.13227
10.6971 -3.1413
10.6986 -3.1503
10.7001 -3.15927
10.7016 -3.16822
10.7031 -3.17715
10.7046 -3.18604
10.7061 -3.19491
10.7076 -3.20376
10.7091 -3.21257
10.7106 -3.22136
10.7121 -3.23012
10.7136 -3.23885
10.7151 -3.24755
10.7166 -3.25622
10.7181 -3.26487
10.7196 -3.27348
10.7211 -3.28206
10.7226 -3.29062
10.7241 -3.29914
10.7256 -3.30763
10.7271 -3.31609
10.7286 -3.32452
10.7301 -3.33292
10.7316 -3.34128
10.7331 -3.34961
10.7346 -3.35791
10.7361 -3.36617
10.7376 -3.37441
10.7391 -3.3826
10.7406 -3.39077
10.7421 -3.3989
10.7436 -3.40699
10.7451 -3.41505
10.7466 -3.42307
10.7481 -3.43106
10.7496 -3.43901
10.7511 -3.44693
10.7526 -3.45481
10.7541 -3.46265
10.7556 -3.47045
10.7571 -3.47822
10.7586 -3.48595
10.7601 -3.49363
10.7616 -3.50129
10.7631 -3.5089
10.7646 -3.51647
10.7661 -3.524
10.7676 -3.53149
10.7691 -3.53895
10.7706 -3.54636
10.7721 -3.55373
10.7736 -3.56106
10.7751 -3.56834
10.7766 -3.57559
10.7781 -3.58279
10.7796 -3.58995
10.7811 -3.59707
10.7826 -3.60414
10.7841 -3.61117
10.7856 -3.61816
10.7871 -3.6251
10.7886 -3.63199
10.7901 -3.63884
10.7916 -3.64565
10.7931 -3.65241
10.7946 -3.65912
10.7961 -3.66579
10.7976 -3.67241
10.7991 -3.67898
10.8007 -3.68551
10.8022 -3.69198
10.8037 -3.69841
10.8052 -3.70479
10.8067 -3.71112
10.8082 -3.71741
10.8097 -3.72364
10.8112 -3.72982
10.8127 -3.73595
10.8142 -3.74204
10.8157 -3.74807
10.8172 -3.75404
10.8187 -3.75997
10.8202 -3.76585
10.8217 -3.77167
10.8232 -3.77744
10.8247 -3.78316
10.8262 -3.78882
10.8277 -3.79443
10.8292 -3.79998
10.8307 -3.80548
10.8322 -3.81093
10.8337 -3.81632
10.8352 -3.82165
10.8367 -3.82693
10.8382 -3.83215
10.8397 -3.83732
10.8412 -3.84242
10.8427 -3.84747
10.8442 -3.85247
10.8457 -3.8574
10.8472 -3.86228
10.8487 -3.86709
10.8502 -3.87185
10.8517 -3.87655
10.8532 -3.88118
10.8547 -3.88576
10.8562 -3.89027
10.8577 -3.89473
10.8592 -3.89912
10.8607 -3.90345
10.8622 -3.90772
10.8637 -3.91193
10.8652 -3.91607
10.8667 -3.92015
10.8682 -3.92417
10.8697 -3.92812
10.8712 -3.932
10.8727 -3.93582
10.8742 -3.93958
10.8757 -3.94327
10.8772 -3.9469
10.8787 -3.95045
10.8802 -3.95395
10.8817 -3.95737
10.8832 -3.96073
10.8847 -3.96401
10.8862 -3.96723
10.8877 -3.97038
10.8892 -3.97347
10.8907 -3.97648
10.8922 -3.97942
10.8937 -3.98229
10.8952 -3.98509
10.8967 -3.98782
10.8982 -3.99048
10.8997 -3.99307
10.9012 -3.99558
10.9027 -3.99803
10.9042 -4.0004
10.9057 -4.00269
10.9072 -4.00491
10.9087 -4.00706
10.9102 -4.00913
10.9117 -4.01113
10.9132 -4.01305
10.9147 -4.0149
10.9162 -4.01667
10.9177 -4.01836
10.9192 -4.01998
10.9207 -4.02152
10.9222 -4.02298
10.9237 -4.02436
10.9252 -4.02567
10.9267 -4.02689
10.9282 -4.02804
10.9297 -4.0291
10.9312 -4.03009
10.9327 -4.03099
10.9342 -4.03182
10.9357 -4.03256
10.9372 -4.03322
10.9387 -4.0338
10.9402 -4.0343
10.9417 -4.03471
10.9432 -4.03504
10.9447 -4.03529
10.9462 -4.03545
10.9477 -4.03552
10.9492 -4.03552
10.9507 -4.03542
10.9522 -4.03524
10.9537 -4.03497
10.9552 -4.03462
10.9567 -4.03418
10.9582 -4.03365
10.9597 -4.03304
10.9612 -4.03233
10.9627 -4.03154
10.9642 -4.03066
10.9657 -4.02969
10.9672 -4.02862
10.9687 -4.02747
10.9702 -4.02623
10.9717 -4.02489
10.9732 -4.02346
10.9747 -4.02195
10.9762 -4.02033
10.9777 -4.01863
10.9792 -4.01683
10.9807 -4.01494
10.9822 -4.01295
10.9837 -4.01087
10.9852 -4.00869
10.9867 -4.00642
10.9882 -4.00405
10.9897 -4.00159
10.9912 -3.99903
10.9927 -3.99637
10.9942 -3.99361
10.9957 -3.99076
10.9972 -3.9878
10.9987 -3.98475
11.0003 -3.9816
11.0018 -3.97835
11.0033 -3.975
11.0048 -3.97154
11.0063 -3.96799
11.0078 -3.96433
11.0093 -3.96058
11.0108 -3.95671
11.0123 -3.95275
11.0138 -3.94868
11.0153 -3.94451
11.0168 -3.94024
11.0183 -3.93586
11.0198 -3.93137
11.0213 -3.92678
11.0228 -3.92209
11.0243 -3.91728
11.0258 -3.91237
11.0273 -3.90735
11.0288 -3.90223
11.0303 -3.897
11.0318 -3.89165
11.0333 -3.8862
11.0348 -3.88064
11.0363 -3.87497
11.0378 -3.86919
11.0393 -3.86329
11.0408 -3.85729
11.0423 -3.85117
11.0438 -3.84494
11.0453 -3.8386
11.0468 -3.83215
11.0483 -3.82558
11.0498 -3.8189
11.0513 -3.8121
11.0528 -3.80519
11.0543 -3.79816
11.0558 -3.79102
11.0573 -3.78376
11.0588 -3.77638
11.0603 -3.76888
11.0618 -3.76127
11.0633 -3.75354
11.0648 -3.74569
11.0663 -3.73772
11.0678 -3.72963
11.0693 -3.72143
11.0708 -3.7131
11.0723 -3.70465
11.0738 -3.69608
11.0753 -3.68738
11.0768 -3.67857
11.0783 -3.66963
11.0798 -3.66056
11.0813 -3.65138
11.0828 -3.64207
11.0843 -3.63263
11.0858 -3.62307
11.0873 -3.61338
11.0888 -3.60357
11.0903 -3.59363
11.0918 -3.58357
11.0933 -3.57337
11.0948 -3.56305
11.0963 -3.5526
11.0978 -3.54202
11.0993 -3.53131
11.1008 -3.52047
11.1023 -3.5095
11.1038 -3.4984
11.1053 -3.48717
11.1068 -3.4758
11.1083 -3.46431
11.1098 -3.45268
11.1113 -3.44091
11.1128 -3.42902
11.1143 -3.41699
11.1158 -3.40482
11.1173 -3.39252
11.1188 -3.38008
11.1203 -3.36751
11.1218 -3.3548
11.1233 -3.34195
11.1248 -3.32896
11.1263 -3.31584
11.1278 -3.30258
11.1293 -3.28918
11.1308 -3.27564
11.1323 -3.26195
11.1338 -3.24813
11.1353 -3.23417
11.1368 -3.22006
11.1383 -3.20582
11.1398 -3.19143
11.1413 -3.1769
11.1428 -3.16222
11.1443 -3.1474
11.1458 -3.13243
11.1473 -3.11732
11.1488 -3.10207
11.1503 -3.08667
11.1518 -3.07112
11.1533 -3.05542
11.1548 -3.03958
11.1563 -3.02359
11.1578 -3.00745
11.1593 -2.99116
11.1608 -2.97472
11.1623 -2.95813
11.1638 -2.94139
11.1653 -2.9245
11.1668 -2.90745
11.1683 -2.89026
11.1698 -2.87291
11.1713 -2.85541
11.1728 -2.83776
11.1743 -2.81995
11.1758 -2.80199
11.1773 -2.78387
11.1788 -2.76559
11.1803 -2.74716
11.1818 -2.72858
11.1833 -2.70983
11.1848 -2.69093
11.1863 -2.67187
11.1878 -2.65265
11.1893 -2.63327
11.1908 -2.61373
11.1923 -2.59403
11.1938 -2.57417
11.1953 -2.55415
11.1968 -2.53397
11.1983 -2.51362
11.1998 -2.49311
11.2014 -2.47244
11.2029 -2.45161
11.2044 -2.43061
11.2059 -2.40944
11.2074 -2.38811
11.2089 -2.36661
11.2104 -2.34495
11.2119 -2.32312
11.2134 -2.30112
11.2149 -2.27895
11.2164 -2.25662
11.2179 -2.23411
11.2194 -2.21144
11.2209 -2.18859
11.2224 -2.16558
11.2239 -2.14239
11.2254 -2.11903
11.2269 -2.0955
11.2284 -2.0718
11.2299 -2.04792
11.2314 -2.02387
11.2329 -1.99964
11.2344 -1.97524
11.2359 -1.95066
11.2374 -1.92591
11.2389 -1.90098
11.2404 -1.87587
11.2419 -1.85059
11.2434 -1.82512
11.2449 -1.79948
11.2464 -1.77366
11.2479 -1.74766
11.2494 -1.72148
11.2509 -1.69511
11.2524 -1.66857
11.2539 -1.64184
11.2554 -1.61493
11.2569 -1.58784
11.2584 -1.56057
11.2599 -1.5331
11.2614 -1.50546
11.2629 -1.47763
11.2644 -1.44961
11.2659 -1.42141
11.2674 -1.39302
11.2689 -1.36444
11.2704 -1.33567
11.2719 -1.30672
11.2734 -1.27758
11.2749 -1.24824
11.2764 -1.21872
11.2779 -1.189
11.2794 -1.1591
11.2809 -1.129
11.2824 -1.09871
11.2839 -1.06822
11.2854 -1.03755
11.2869 -1.00667
11.2884 -0.975606
11.2899 -0.944344
11.2914 -0.912886
11.2929 -0.881232
11.2944 -0.84938
11.2959 -0.817331
11.2974 -0.785083
11.2989 -0.752637
11.3004 -0.719992
11.3019 -0.687147
11.3034 -0.654101
11.3049 -0.620854
11.3064 -0.587406
11.3079 -0.553756
11.3094 -0.519903
11.3109 -0.485847
11.3124 -0.451587
11.3139 -0.417122
11.3154 -0.382453
11.3169 -0.347578
11.3184 -0.312497
11.3199 -0.277209
11.3214 -0.241714
11.3229 -0.206011
11.3244 -0.1701
11.3259 -0.13398
11.3274 -0.0976498
11.3289 -0.0611099
11.3304 -0.0243593
11.3319 0.0126026
11.3334 0.0497763
11.3349 0.0871625
11.3364 0.124762
11.3379 0.162574
11.3394 0.200601
11.3409 0.238843
11.3424 0.2773
11.3439 0.315973
11.3454 0.354863
11.3469 0.393969
11.3484 0.433294
11.3499 0.472836
11.3514 0.512597
11.3529 0.552578
11.3544 0.592779
11.3559 0.633201
11.3574 0.673843
11.3589 0.714708
11.3604 0.755794
11.3619 0.797104
11.3634 0.838638
11.3649 0.880395
11.3664 0.922377
11.3679 0.964585
11.3694 1.00702
11.3709 1.04968
11.3724 1.09257
11.3739 1.13568
11.3754 1.17902
11.3769 1.2226
11.3784 1.2664
11.3799 1.31043
11.3814 1.35469
11.3829 1.39919
11.3844 1.44391
11.3859 1.48887
11.3874 1.53406
11.3889 1.57949
11.3904 1.62514
11.3919 1.67104
11.3934 1.71717
11.3949 1.76353
11.3964 1.81014
11.3979 1.85698
11.3994 1.90405
11.401 1.95137
11.4025 1.99893
11.404 2.04672
11.4055 2.09476
11.407 2.14303
11.4085 2.19155
11.41 2.24031
11.4115 2.28932
11.413 2.33856
11.4145 2.38805
11.416 2.43779
11.4175 2.48777
11.419 2.538
11.4205 2.58847
11.422 2.63919
11.4235 2.69016
11.425 2.74137
11.4265 2.79284
11.428 2.84455
11.4295 2.89652
11.431 2.94874
11.4325 3.0012
11.434 3.05392
11.4355 3.1069
11.437 3.16012
11.4385 3.2136
11.44 3.26733
11.4415 3.32132
11.443 3.37557
11.4445 3.43007
11.446 3.48483
11.4475 3.53985
11.449 3.59512
11.4505 3.65065
11.452 3.70645
11.4535 3.7625
11.455 3.81882
11.4565 3.87539
11.458 3.93223
11.4595 3.98933
11.461 4.04669
11.4625 4.10432
11.464 4.16222
11.4655 4.22037
11.467 4.2788
11.4685 4.33749
11.47 4.39645
11.4715 4.45567
11.473 4.51517
11.4745 4.57493
11.476 4.63496
11.4775 4.69527
11.479 4.75584
11.4805 4.81669
11.482 4.8778
11.4835 4.9392
11.485 5.00086
11.4865 5.0628
11.488 5.12501
11.4895 5.1875
11.491 5.25027
11.4925 5.31331
11.494 5.37663
11.4955 5.44023
11.497 5.50411
11.4985 5.56827
11.5 5.6327
