0 -0.908187
0.1 -0.939933
0.2 -0.943398
0.3 -0.936747
0.4 -0.931509
0.5 -0.941391
0.6 -0.941428
0.7 -0.939308
0.8 -0.937051
0.9 -0.937663
1 -0.93218
1.1 -0.925277
1.2 -0.930515
1.3 -0.9198
1.4 -0.924549
1.5 -0.922494
1.6 -0.913223
1.7 -0.91385
1.8 -0.895684
1.9 -0.897811
2 -0.897096
2.1 -0.897117
2.2 -0.901862
2.3 -0.895161
2.4 -0.903901
2.5 -0.90028
2.6 -0.902777
2.7 -0.898408
2.8 -0.904493
2.9 -0.894547
3 -0.891579
3.1 -0.88997
3.2 -0.889781
3.3 -0.892739
3.4 -0.895169
3.5 -0.879342
3.6 -0.885568
3.7 -0.893132
3.8 -0.875172
3.9 -0.879341
4 -0.880353
4.1 -0.876671
4.2 -0.88251
4.3 -0.875234
4.4 -0.880988
4.5 -0.875824
4.6 -0.867992
4.7 -0.878325
4.8 -0.871305
4.9 -0.877011
5 -0.874457
5.1 -0.867281
5.2 -0.868988
5.3 -0.858198
5.4 -0.881076
5.5 -0.869938
5.6 -0.864825
5.7 -0.863313
5.8 -0.870407
5.9 -0.868101
6 -0.85836
6.1 -0.859134
6.2 -0.861204
6.3 -0.846031
6.4 -0.84909
6.5 -0.85006
6.6 -0.853023
6.7 -0.842718
6.8 -0.840016
6.9 -0.844311
7 -0.837679
7.1 -0.837247
7.2 -0.837954
7.3 -0.844683
7.4 -0.845061
7.5 -0.843314
7.6 -0.834136
7.7 -0.823724
7.8 -0.828807
7.9 -0.827647
8 -0.823632
8.1 -0.823143
8.2 -0.827862
8.3 -0.816313
8.4 -0.8285
8.5 -0.823857
8.6 -0.829255
8.7 -0.826189
8.8 -0.826945
8.9 -0.827742
9 -0.839216
9.1 -0.83274
9.2 -0.822967
9.3 -0.831556
9.4 -0.826452
9.5 -0.828783
9.6 -0.832425
9.7 -0.837537
9.8 -0.817685
9.9 -0.813837
10 -0.816676
10.1 -0.812684
10.2 -0.829854
10.3 -0.817605
10.4 -0.829379
10.5 -0.823957
10.6 -0.816804
10.7 -0.810667
10.8 -0.811865
10.9 -0.808037
11 -0.807392
11.1 -0.812614
11.2 -0.8153
11.3 -0.81523
11.4 -0.813481
11.5 -0.816617
11.6 -0.804993
11.7 -0.804651
11.8 -0.803019
11.9 -0.804683
12 -0.810917
12.1 -0.814586
12.2 -0.794387
12.3 -0.810824
12.4 -0.808819
12.5 -0.806317
12.6 -0.807062
12.7 -0.81299
12.8 -0.80481
12.9 -0.807616
13 -0.816216
13.1 -0.804098
13.2 -0.796165
13.3 -0.803067
13.4 -0.806679
13.5 -0.810215
13.6 -0.804305
13.7 -0.802111
13.8 -0.796505
13.9 -0.79924
14 -0.809657
14.1 -0.795473
14.2 -0.797408
14.3 -0.792509
14.4 -0.78728
14.5 -0.785139
14.6 -0.79572
14.7 -0.784574
14.8 -0.770792
14.9 -0.778569
15 -0.773977
15.1 -0.773401
15.2 -0.776006
15.3 -0.773396
15.4 -0.781093
15.5 -0.773676
15.6 -0.7766
15.7 -0.775149
15.8 -0.778443
15.9 -0.774331
16 -0.783587
16.1 -0.767594
16.2 -0.756519
16.3 -0.761139
16.4 -0.771054
16.5 -0.768292
16.6 -0.75781
16.7 -0.759253
16.8 -0.769597
16.9 -0.782277
17 -0.765703
17.1 -0.772915
17.2 -0.764388
17.3 -0.764867
17.4 -0.768691
17.5 -0.775737
17.6 -0.771552
17.7 -0.771263
17.8 -0.769704
17.9 -0.767892
18 -0.771691
18.1 -0.766274
18.2 -0.766499
18.3 -0.758617
18.4 -0.763891
18.5 -0.765887
18.6 -0.762759
18.7 -0.782169
18.8 -0.768153
18.9 -0.778688
19 -0.771136
19.1 -0.772934
19.2 -0.771863
19.3 -0.767897
19.4 -0.771752
19.5 -0.76543
19.6 -0.764397
19.7 -0.765585
19.8 -0.75583
19.9 -0.754147
20 -0.762354
20.1 -0.75914
20.2 -0.752302
20.3 -0.757282
20.4 -0.751114
20.5 -0.762214
20.6 -0.765565
20.7 -0.748106
20.8 -0.753592
20.9 -0.751259
21 -0.754659
21.1 -0.749721
21.2 -0.75858
21.3 -0.755156
21.4 -0.75361
21.5 -0.759004
21.6 -0.751982
21.7 -0.741302
21.8 -0.744102
21.9 -0.753277
22 -0.746481
22.1 -0.742097
22.2 -0.751501
22.3 -0.734005
22.4 -0.738263
22.5 -0.746017
22.6 -0.739427
22.7 -0.746959
22.8 -0.742601
22.9 -0.734991
23 -0.745072
23.1 -0.736813
23.2 -0.731388
23.3 -0.7347
23.4 -0.737576
23.5 -0.742593
23.6 -0.738426
23.7 -0.734495
23.8 -0.729494
23.9 -0.734794
24 -0.725446
24.1 -0.732989
24.2 -0.733892
24.3 -0.72901
24.4 -0.7347
24.5 -0.734161
24.6 -0.733681
24.7 -0.720936
24.8 -0.732354
24.9 -0.726721
25 -0.732098
25.1 -0.727212
25.2 -0.725901
25.3 -0.741002
25.4 -0.721936
25.5 -0.725452
25.6 -0.728784
25.7 -0.725472
25.8 -0.725381
25.9 -0.735579
26 -0.733091
26.1 -0.737738
26.2 -0.733
26.3 -0.7219
26.4 -0.725747
26.5 -0.722609
26.6 -0.717623
26.7 -0.709371
26.8 -0.715261
26.9 -0.725836
27 -0.713772
27.1 -0.720577
27.2 -0.713095
27.3 -0.706268
27.4 -0.715629
27.5 -0.70627
27.6 -0.717129
27.7 -0.705964
27.8 -0.714735
27.9 -0.71279
28 -0.704378
28.1 -0.706333
28.2 -0.717907
28.3 -0.71522
28.4 -0.713033
28.5 -0.720476
28.6 -0.718847
28.7 -0.713081
28.8 -0.707433
28.9 -0.709266
29 -0.703329
29.1 -0.707354
29.2 -0.717719
29.3 -0.703289
29.4 -0.70982
29.5 -0.699403
29.6 -0.697907
29.7 -0.697031
29.8 -0.705641
29.9 -0.700702
30 -0.709767
30.1 -0.713813
30.2 -0.705311
30.3 -0.699251
30.4 -0.703767
30.5 -0.712998
30.6 -0.709041
30.7 -0.70945
30.8 -0.699161
30.9 -0.695807
31 -0.712391
31.1 -0.706041
31.2 -0.706573
31.3 -0.702884
31.4 -0.70854
31.5 -0.712585
31.6 -0.71694
31.7 -0.725242
31.8 -0.705946
31.9 -0.705952
32 -0.724873
32.1 -0.716769
32.2 -0.716162
32.3 -0.715733
32.4 -0.711338
32.5 -0.709491
32.6 -0.707021
32.7 -0.712115
32.8 -0.712832
32.9 -0.709714
33 -0.702583
33.1 -0.709719
33.2 -0.709043
33.3 -0.706806
33.4 -0.709542
33.5 -0.686655
33.6 -0.698708
33.7 -0.706482
33.8 -0.696846
33.9 -0.699872
34 -0.695804
34.1 -0.703174
34.2 -0.69193
34.3 -0.702402
34.4 -0.698237
34.5 -0.703948
34.6 -0.703574
34.7 -0.701013
34.8 -0.710167
34.9 -0.697272
35 -0.698737
35.1 -0.693114
35.2 -0.705115
35.3 -0.710225
35.4 -0.700523
35.5 -0.709134
35.6 -0.703623
35.7 -0.699484
35.8 -0.712092
35.9 -0.705143
36 -0.695814
36.1 -0.708472
36.2 -0.718708
36.3 -0.702342
36.4 -0.702851
36.5 -0.692166
36.6 -0.701349
36.7 -0.696977
36.8 -0.705065
36.9 -0.706503
37 -0.696052
37.1 -0.702342
37.2 -0.697694
37.3 -0.700354
37.4 -0.707054
37.5 -0.70297
37.6 -0.704479
37.7 -0.694242
37.8 -0.69884
37.9 -0.6958
38 -0.701941
38.1 -0.702073
38.2 -0.694038
38.3 -0.705288
38.4 -0.708835
38.5 -0.705185
38.6 -0.711081
38.7 -0.70467
38.8 -0.699274
38.9 -0.693621
39 -0.698283
39.1 -0.698511
39.2 -0.699879
39.3 -0.69135
39.4 -0.68709
39.5 -0.684562
39.6 -0.694264
39.7 -0.693329
39.8 -0.689813
39.9 -0.681259
40 -0.693679
40.1 -0.681395
40.2 -0.675304
40.3 -0.677334
40.4 -0.68175
40.5 -0.670664
40.6 -0.676808
40.7 -0.667035
40.8 -0.666885
40.9 -0.669687
41 -0.67571
41.1 -0.674258
41.2 -0.671744
41.3 -0.6713
41.4 -0.672292
41.5 -0.658247
41.6 -0.665222
41.7 -0.658766
41.8 -0.662269
41.9 -0.667695
42 -0.654901
42.1 -0.651236
42.2 -0.642408
42.3 -0.644354
42.4 -0.645079
42.5 -0.644752
42.6 -0.641519
42.7 -0.651105
42.8 -0.64387
42.9 -0.646699
43 -0.642828
43.1 -0.639367
43.2 -0.636997
43.3 -0.649659
43.4 -0.651887
43.5 -0.649804
43.6 -0.654564
43.7 -0.640709
43.8 -0.64792
43.9 -0.642046
44 -0.664828
44.1 -0.659723
44.2 -0.661009
44.3 -0.678427
44.4 -0.661976
44.5 -0.664079
44.6 -0.681656
44.7 -0.675297
44.8 -0.680098
44.9 -0.667936
45 -0.670078
45.1 -0.679742
45.2 -0.688658
45.3 -0.692135
45.4 -0.697012
45.5 -0.701643
45.6 -0.692721
45.7 -0.71216
45.8 -0.70167
45.9 -0.699397
46 -0.704174
46.1 -0.7088
46.2 -0.716989
46.3 -0.707652
46.4 -0.70795
46.5 -0.715196
46.6 -0.711946
46.7 -0.719728
46.8 -0.707192
46.9 -0.715505
47 -0.705967
47.1 -0.707027
47.2 -0.715723
47.3 -0.714665
47.4 -0.718891
47.5 -0.713079
47.6 -0.719955
47.7 -0.727094
47.8 -0.72641
47.9 -0.720263
48 -0.734368
48.1 -0.730181
48.2 -0.721286
48.3 -0.732953
48.4 -0.741951
48.5 -0.738221
48.6 -0.729328
48.7 -0.721035
48.8 -0.736528
48.9 -0.735469
49 -0.747721
49.1 -0.740093
49.2 -0.753827
49.3 -0.757981
49.4 -0.74056
49.5 -0.73984
49.6 -0.750835
49.7 -0.75661
49.8 -0.766552
49.9 -0.767704
50 -0.761929
50.1 -0.757125
50.2 -0.77298
50.3 -0.776858
50.4 -0.773935
50.5 -0.769792
50.6 -0.78758
50.7 -0.780823
50.8 -0.791414
50.9 -0.780286
51 -0.784689
51.1 -0.779242
51.2 -0.773991
51.3 -0.785135
51.4 -0.785038
51.5 -0.779665
51.6 -0.780149
51.7 -0.785701
51.8 -0.788134
51.9 -0.779253
52 -0.781752
52.1 -0.796693
52.2 -0.79357
52.3 -0.784904
52.4 -0.789242
52.5 -0.790239
52.6 -0.794779
52.7 -0.801687
52.8 -0.804546
52.9 -0.793909
53 -0.803424
53.1 -0.80136
53.2 -0.804243
53.3 -0.803838
53.4 -0.813413
53.5 -0.810808
53.6 -0.802503
53.7 -0.808852
53.8 -0.808884
53.9 -0.809316
54 -0.796069
54.1 -0.807451
54.2 -0.799178
54.3 -0.799654
54.4 -0.799323
54.5 -0.807116
54.6 -0.800783
54.7 -0.808737
54.8 -0.810367
54.9 -0.811134
55 -0.808181
55.1 -0.820744
55.2 -0.822981
55.3 -0.816638
55.4 -0.818621
55.5 -0.825138
55.6 -0.816419
55.7 -0.822271
55.8 -0.823401
55.9 -0.835067
56 -0.836846
56.1 -0.816462
56.2 -0.811746
56.3 -0.826144
56.4 -0.827345
56.5 -0.822695
56.6 -0.826923
56.7 -0.832557
56.8 -0.833501
56.9 -0.824575
57 -0.82656
57.1 -0.823631
57.2 -0.816239
57.3 -0.825618
57.4 -0.814302
57.5 -0.8289
57.6 -0.834309
57.7 -0.838649
57.8 -0.833284
57.9 -0.830242
58 -0.826164
58.1 -0.820628
58.2 -0.831646
58.3 -0.828931
58.4 -0.837634
58.5 -0.829417
58.6 -0.828286
58.7 -0.828862
58.8 -0.828555
58.9 -0.829306
59 -0.834212
59.1 -0.833738
59.2 -0.81839
59.3 -0.836583
59.4 -0.827748
59.5 -0.831348
59.6 -0.833741
59.7 -0.84147
59.8 -0.844636
59.9 -0.843841
60 -0.84362
60.1 -0.843511
60.2 -0.842222
60.3 -0.847237
60.4 -0.857961
60.5 -0.84317
60.6 -0.849322
60.7 -0.853139
60.8 -0.851555
60.9 -0.853141
61 -0.853324
61.1 -0.851926
61.2 -0.853458
61.3 -0.852462
61.4 -0.858005
61.5 -0.858179
61.6 -0.863761
61.7 -0.858481
61.8 -0.867556
61.9 -0.869204
62 -0.8516
62.1 -0.852628
62.2 -0.862638
62.3 -0.863251
62.4 -0.861125
62.5 -0.866174
62.6 -0.866534
62.7 -0.85996
62.8 -0.852442
62.9 -0.860118
63 -0.865655
63.1 -0.857006
63.2 -0.866612
63.3 -0.861432
63.4 -0.853819
63.5 -0.857243
63.6 -0.852984
63.7 -0.873015
63.8 -0.866323
63.9 -0.863493
64 -0.861418
64.1 -0.852636
64.2 -0.86586
64.3 -0.871661
64.4 -0.868769
64.5 -0.866613
64.6 -0.855444
64.7 -0.857671
64.8 -0.86998
64.9 -0.866411
65 -0.859603
65.1 -0.859357
65.2 -0.854838
65.3 -0.859384
65.4 -0.862554
65.5 -0.865113
65.6 -0.861289
65.7 -0.859993
65.8 -0.869312
65.9 -0.865806
66 -0.874131
66.1 -0.87738
66.2 -0.875007
66.3 -0.874095
66.4 -0.861497
66.5 -0.865749
66.6 -0.863836
66.7 -0.869165
66.8 -0.870371
66.9 -0.859285
67 -0.867365
67.1 -0.874785
67.2 -0.869461
67.3 -0.878274
67.4 -0.860384
67.5 -0.86426
67.6 -0.872381
67.7 -0.866852
67.8 -0.861843
67.9 -0.866616
68 -0.869062
68.1 -0.878045
68.2 -0.868968
68.3 -0.86453
68.4 -0.877711
68.5 -0.863019
68.6 -0.862868
68.7 -0.866873
68.8 -0.864333
68.9 -0.860213
69 -0.851634
69.1 -0.860876
69.2 -0.858884
69.3 -0.872181
69.4 -0.865373
69.5 -0.846801
69.6 -0.8515
69.7 -0.872952
69.8 -0.860304
69.9 -0.863299
70 -0.870895
70.1 -0.877863
70.2 -0.867768
70.3 -0.858447
70.4 -0.861838
70.5 -0.863038
70.6 -0.864567
70.7 -0.864078
70.8 -0.859907
70.9 -0.860888
71 -0.861884
71.1 -0.84834
71.2 -0.851793
71.3 -0.865374
71.4 -0.858851
71.5 -0.867903
71.6 -0.870292
71.7 -0.857663
71.8 -0.864823
71.9 -0.854428
72 -0.866857
72.1 -0.857585
72.2 -0.863076
72.3 -0.8723
72.4 -0.871724
72.5 -0.853441
72.6 -0.865172
72.7 -0.864629
72.8 -0.868576
72.9 -0.871853
73 -0.881464
73.1 -0.882412
73.2 -0.873723
73.3 -0.873308
73.4 -0.870217
73.5 -0.869587
73.6 -0.875898
73.7 -0.860027
73.8 -0.864763
73.9 -0.861159
74 -0.861619
74.1 -0.862801
74.2 -0.867627
74.3 -0.862898
74.4 -0.87144
74.5 -0.855341
74.6 -0.859538
74.7 -0.863311
74.8 -0.868337
74.9 -0.87349
75 -0.86342
75.1 -0.868567
75.2 -0.875162
75.3 -0.865125
75.4 -0.873892
75.5 -0.868057
75.6 -0.870955
75.7 -0.858016
75.8 -0.873019
75.9 -0.869868
76 -0.880408
76.1 -0.878745
76.2 -0.882443
76.3 -0.873344
76.4 -0.881503
76.5 -0.874857
76.6 -0.870106
76.7 -0.873473
76.8 -0.8749
76.9 -0.878644
77 -0.88336
77.1 -0.875859
77.2 -0.885266
77.3 -0.88501
77.4 -0.895451
77.5 -0.884939
77.6 -0.875273
77.7 -0.898477
77.8 -0.889855
77.9 -0.880961
78 -0.871947
78.1 -0.882986
78.2 -0.876337
78.3 -0.878622
78.4 -0.879983
78.5 -0.866043
78.6 -0.870752
78.7 -0.868349
78.8 -0.871752
78.9 -0.875535
79 -0.877429
79.1 -0.875783
79.2 -0.872886
79.3 -0.878217
79.4 -0.877296
79.5 -0.887462
79.6 -0.8802
79.7 -0.875304
79.8 -0.875077
79.9 -0.889894
80 -0.873182
80.1 -0.866856
80.2 -0.878886
80.3 -0.867107
80.4 -0.867485
80.5 -0.867478
80.6 -0.868435
80.7 -0.877474
80.8 -0.864136
80.9 -0.864281
81 -0.880516
81.1 -0.869578
81.2 -0.878013
81.3 -0.873053
81.4 -0.863431
81.5 -0.868794
81.6 -0.871328
81.7 -0.876424
81.8 -0.869608
81.9 -0.874304
82 -0.87019
82.1 -0.881118
82.2 -0.881882
82.3 -0.880954
82.4 -0.890735
82.5 -0.884028
82.6 -0.880196
82.7 -0.884028
82.8 -0.883888
82.9 -0.886472
83 -0.895846
83.1 -0.888295
83.2 -0.891068
83.3 -0.897611
83.4 -0.888567
83.5 -0.891333
83.6 -0.885128
83.7 -0.876449
83.8 -0.893137
83.9 -0.878923
84 -0.878426
84.1 -0.882265
84.2 -0.889235
84.3 -0.885724
84.4 -0.87318
84.5 -0.886156
84.6 -0.87933
84.7 -0.885647
84.8 -0.885626
84.9 -0.871704
85 -0.877276
85.1 -0.878185
85.2 -0.878883
85.3 -0.893126
85.4 -0.890687
85.5 -0.885654
85.6 -0.893008
85.7 -0.884997
85.8 -0.888648
85.9 -0.896093
86 -0.879883
86.1 -0.886051
86.2 -0.895627
86.3 -0.885505
86.4 -0.880691
86.5 -0.892305
86.6 -0.886122
86.7 -0.889105
86.8 -0.886607
86.9 -0.879692
87 -0.873708
87.1 -0.860972
87.2 -0.878896
87.3 -0.878367
87.4 -0.861128
87.5 -0.872683
87.6 -0.863761
87.7 -0.882168
87.8 -0.877578
87.9 -0.873618
88 -0.88032
88.1 -0.88202
88.2 -0.873234
88.3 -0.874718
88.4 -0.881763
88.5 -0.883698
88.6 -0.886989
88.7 -0.884027
88.8 -0.897556
88.9 -0.882844
89 -0.876564
89.1 -0.874512
89.2 -0.883018
89.3 -0.884899
89.4 -0.887112
89.5 -0.893675
89.6 -0.882099
89.7 -0.891285
89.8 -0.890475
89.9 -0.881926
90 -0.891298
90.1 -0.899135
90.2 -0.894435
90.3 -0.897447
90.4 -0.890301
90.5 -0.89184
90.6 -0.894974
90.7 -0.892915
90.8 -0.898716
90.9 -0.887111
91 -0.898529
91.1 -0.891179
91.2 -0.887318
91.3 -0.885348
91.4 -0.888572
91.5 -0.885685
91.6 -0.886168
91.7 -0.87817
91.8 -0.885119
91.9 -0.868706
92 -0.882668
92.1 -0.888237
92.2 -0.880478
92.3 -0.884099
92.4 -0.866618
92.5 -0.868938
92.6 -0.879068
92.7 -0.88538
92.8 -0.876736
92.9 -0.885597
93 -0.890674
93.1 -0.895063
93.2 -0.882546
93.3 -0.875392
93.4 -0.877837
93.5 -0.889941
93.6 -0.888576
93.7 -0.884398
93.8 -0.888779
93.9 -0.882429
94 -0.874839
94.1 -0.874422
94.2 -0.876098
94.3 -0.879308
94.4 -0.882588
94.5 -0.878979
94.6 -0.885418
94.7 -0.888644
94.8 -0.887522
94.9 -0.886397
95 -0.879155
95.1 -0.879034
95.2 -0.882331
95.3 -0.887423
95.4 -0.880093
95.5 -0.873829
95.6 -0.879335
95.7 -0.873509
95.8 -0.880755
95.9 -0.873894
96 -0.877569
96.1 -0.877671
96.2 -0.87176
96.3 -0.875285
96.4 -0.869272
96.5 -0.877201
96.6 -0.874542
96.7 -0.865962
96.8 -0.871234
96.9 -0.873869
97 -0.86275
97.1 -0.866953
97.2 -0.869584
97.3 -0.866661
97.4 -0.865267
97.5 -0.867502
97.6 -0.862357
97.7 -0.865432
97.8 -0.861265
97.9 -0.850517
98 -0.857439
98.1 -0.864421
98.2 -0.867631
98.3 -0.863145
98.4 -0.865022
98.5 -0.872652
98.6 -0.869378
98.7 -0.866251
98.8 -0.868136
98.9 -0.865121
99 -0.875091
99.1 -0.87336
99.2 -0.871061
99.3 -0.876777
99.4 -0.880417
99.5 -0.881366
99.6 -0.88783
99.7 -0.889289
99.8 -0.90019
99.9 -0.902194
100 -0.897961
