43.5 3.17921
43.5015 3.12063
43.503 3.06231
43.5045 3.00426
43.506 2.94647
43.5075 2.88895
43.509 2.83169
43.5105 2.77469
43.512 2.71796
43.5135 2.66148
43.515 2.60527
43.5165 2.54932
43.518 2.49362
43.5195 2.43819
43.521 2.38302
43.5225 2.3281
43.524 2.27344
43.5255 2.21903
43.527 2.16489
43.5285 2.11099
43.53 2.05736
43.5315 2.00397
43.533 1.95084
43.5345 1.89796
43.536 1.84534
43.5375 1.79297
43.539 1.74084
43.5405 1.68897
43.542 1.63735
43.5435 1.58598
43.545 1.53485
43.5465 1.48398
43.548 1.43335
43.5495 1.38297
43.551 1.33283
43.5525 1.28294
43.554 1.2333
43.5555 1.1839
43.557 1.13474
43.5585 1.08583
43.56 1.03716
43.5615 0.988734
43.563 0.940547
43.5645 0.892601
43.566 0.844896
43.5675 0.79743
43.569 0.750204
43.5705 0.703216
43.572 0.656466
43.5735 0.609953
43.575 0.563677
43.5765 0.517637
43.578 0.471832
43.5795 0.426263
43.581 0.380927
43.5825 0.335826
43.584 0.290958
43.5855 0.246322
43.587 0.201919
43.5885 0.157747
43.59 0.113806
43.5915 0.0700947
43.593 0.0266134
43.5945 -0.0166388
43.596 -0.0596625
43.5975 -0.102458
43.599 -0.145027
43.6006 -0.187368
43.6021 -0.229484
43.6036 -0.271374
43.6051 -0.313038
43.6066 -0.354479
43.6081 -0.395695
43.6096 -0.436688
43.6111 -0.477459
43.6126 -0.518007
43.6141 -0.558334
43.6156 -0.598439
43.6171 -0.638325
43.6186 -0.67799
43.6201 -0.717436
43.6216 -0.756664
43.6231 -0.795673
43.6246 -0.834465
43.6261 -0.87304
43.6276 -0.911398
43.6291 -0.949541
43.6306 -0.987468
43.6321 -1.02518
43.6336 -1.06268
43.6351 -1.09996
43.6366 -1.13704
43.6381 -1.17389
43.6396 -1.21054
43.6411 -1.24698
43.6426 -1.2832
43.6441 -1.31922
43.6456 -1.35502
43.6471 -1.39062
43.6486 -1.42601
43.6501 -1.46119
43.6516 -1.49616
43.6531 -1.53093
43.6546 -1.56549
43.6561 -1.59984
43.6576 -1.63399
43.6591 -1.66793
43.6606 -1.70167
43.6621 -1.73521
43.6636 -1.76854
43.6651 -1.80167
43.6666 -1.8346
43.6681 -1.86733
43.6696 -1.89986
43.6711 -1.93219
43.6726 -1.96431
43.6741 -1.99624
43.6756 -2.02797
43.6771 -2.0595
43.6786 -2.09084
43.6801 -2.12198
43.6816 -2.15292
43.6831 -2.18366
43.6846 -2.21421
43.6861 -2.24457
43.6876 -2.27473
43.6891 -2.3047
43.6906 -2.33447
43.6921 -2.36406
43.6936 -2.39345
43.6951 -2.42264
43.6966 -2.45165
43.6981 -2.48047
43.6996 -2.5091
43.7011 -2.53754
43.7026 -2.56579
43.7041 -2.59385
43.7056 -2.62172
43.7071 -2.64941
43.7086 -2.67691
43.7101 -2.70422
43.7116 -2.73135
43.7131 -2.7583
43.7146 -2.78506
43.7161 -2.81163
43.7176 -2.83802
43.7191 -2.86423
43.7206 -2.89026
43.7221 -2.9161
43.7236 -2.94177
43.7251 -2.96725
43.7266 -2.99255
43.7281 -3.01768
43.7296 -3.04262
43.7311 -3.06739
43.7326 -3.09197
43.7341 -3.11638
43.7356 -3.14062
43.7371 -3.16467
43.7386 -3.18855
43.7401 -3.21226
43.7416 -3.23579
43.7431 -3.25914
43.7446 -3.28232
43.7461 -3.30533
43.7476 -3.32817
43.7491 -3.35083
43.7506 -3.37332
43.7521 -3.39564
43.7536 -3.41779
43.7551 -3.43977
43.7566 -3.46158
43.7581 -3.48322
43.7596 -3.50469
43.7611 -3.52599
43.7626 -3.54713
43.7641 -3.56809
43.7656 -3.58889
43.7671 -3.60953
43.7686 -3.63
43.7701 -3.6503
43.7716 -3.67044
43.7731 -3.69042
43.7746 -3.71023
43.7761 -3.72988
43.7776 -3.74936
43.7791 -3.76869
43.7806 -3.78785
43.7821 -3.80685
43.7836 -3.82569
43.7851 -3.84437
43.7866 -3.8629
43.7881 -3.88126
43.7896 -3.89946
43.7911 -3.91751
43.7926 -3.93539
43.7941 -3.95312
43.7956 -3.9707
43.7971 -3.98812
43.7986 -4.00538
43.8002 -4.02249
43.8017 -4.03944
43.8032 -4.05624
43.8047 -4.07289
43.8062 -4.08938
43.8077 -4.10572
43.8092 -4.1219
43.8107 -4.13794
43.8122 -4.15383
43.8137 -4.16956
43.8152 -4.18514
43.8167 -4.20058
43.8182 -4.21586
43.8197 -4.231
43.8212 -4.24599
43.8227 -4.26083
43.8242 -4.27553
43.8257 -4.29007
43.8272 -4.30447
43.8287 -4.31873
43.8302 -4.33284
43.8317 -4.3468
43.8332 -4.36063
43.8347 -4.3743
43.8362 -4.38784
43.8377 -4.40123
43.8392 -4.41448
43.8407 -4.42758
43.8422 -4.44055
43.8437 -4.45337
43.8452 -4.46606
43.8467 -4.4786
43.8482 -4.49101
43.8497 -4.50327
43.8512 -4.5154
43.8527 -4.52739
43.8542 -4.53924
43.8557 -4.55096
43.8572 -4.56254
43.8587 -4.57398
43.8602 -4.58528
43.8617 -4.59645
43.8632 -4.60749
43.8647 -4.61839
43.8662 -4.62916
43.8677 -4.6398
43.8692 -4.6503
43.8707 -4.66067
43.8722 -4.67091
43.8737 -4.68102
43.8752 -4.69099
43.8767 -4.70084
43.8782 -4.71055
43.8797 -4.72014
43.8812 -4.7296
43.8827 -4.73892
43.8842 -4.74812
43.8857 -4.7572
43.8872 -4.76614
43.8887 -4.77496
43.8902 -4.78365
43.8917 -4.79222
43.8932 -4.80066
43.8947 -4.80897
43.8962 -4.81716
43.8977 -4.82523
43.8992 -4.83318
43.9007 -4.841
43.9022 -4.84869
43.9037 -4.85627
43.9052 -4.86372
43.9067 -4.87106
43.9082 -4.87827
43.9097 -4.88536
43.9112 -4.89233
43.9127 -4.89918
43.9142 -4.90592
43.9157 -4.91253
43.9172 -4.91903
43.9187 -4.92541
43.9202 -4.93167
43.9217 -4.93781
43.9232 -4.94384
43.9247 -4.94975
43.9262 -4.95555
43.9277 -4.96123
43.9292 -4.9668
43.9307 -4.97226
43.9322 -4.9776
43.9337 -4.98282
43.9352 -4.98794
43.9367 -4.99294
43.9382 -4.99783
43.9397 -5.0026
43.9412 -5.00727
43.9427 -5.01183
43.9442 -5.01627
43.9457 -5.02061
43.9472 -5.02484
43.9487 -5.02896
43.9502 -5.03297
43.9517 -5.03687
43.9532 -5.04066
43.9547 -5.04435
43.9562 -5.04793
43.9577 -5.05141
43.9592 -5.05478
43.9607 -5.05804
43.9622 -5.0612
43.9637 -5.06425
43.9652 -5.0672
43.9667 -5.07005
43.9682 -5.07279
43.9697 -5.07543
43.9712 -5.07797
43.9727 -5.08041
43.9742 -5.08274
43.9757 -5.08498
43.9772 -5.08711
43.9787 -5.08914
43.9802 -5.09108
43.9817 -5.09291
43.9832 -5.09464
43.9847 -5.09628
43.9862 -5.09782
43.9877 -5.09926
43.9892 -5.1006
43.9907 -5.10185
43.9922 -5.103
43.9937 -5.10405
43.9952 -5.10501
43.9967 -5.10587
43.9982 -5.10664
43.9997 -5.10732
44.0013 -5.1079
44.0028 -5.10838
44.0043 -5.10877
44.0058 -5.10908
44.0073 -5.10928
44.0088 -5.1094
44.0103 -5.10942
44.0118 -5.10936
44.0133 -5.1092
44.0148 -5.10896
44.0163 -5.10862
44.0178 -5.10819
44.0193 -5.10768
44.0208 -5.10707
44.0223 -5.10638
44.0238 -5.1056
44.0253 -5.10473
44.0268 -5.10378
44.0283 -5.10274
44.0298 -5.10161
44.0313 -5.1004
44.0328 -5.0991
44.0343 -5.09772
44.0358 -5.09625
44.0373 -5.0947
44.0388 -5.09306
44.0403 -5.09134
44.0418 -5.08954
44.0433 -5.08766
44.0448 -5.08569
44.0463 -5.08364
44.0478 -5.08151
44.0493 -5.0793
44.0508 -5.07701
44.0523 -5.07464
44.0538 -5.07219
44.0553 -5.06966
44.0568 -5.06705
44.0583 -5.06436
44.0598 -5.06159
44.0613 -5.05875
44.0628 -5.05583
44.0643 -5.05283
44.0658 -5.04975
44.0673 -5.0466
44.0688 -5.04337
44.0703 -5.04007
44.0718 -5.03669
44.0733 -5.03323
44.0748 -5.02971
44.0763 -5.0261
44.0778 -5.02243
44.0793 -5.01868
44.0808 -5.01486
44.0823 -5.01097
44.0838 -5.007
44.0853 -5.00296
44.0868 -4.99885
44.0883 -4.99467
44.0898 -4.99042
44.0913 -4.9861
44.0928 -4.98171
44.0943 -4.97725
44.0958 -4.97272
44.0973 -4.96812
44.0988 -4.96346
44.1003 -4.95872
44.1018 -4.95392
44.1033 -4.94905
44.1048 -4.94412
44.1063 -4.93911
44.1078 -4.93405
44.1093 -4.92891
44.1108 -4.92371
44.1123 -4.91845
44.1138 -4.91312
44.1153 -4.90773
44.1168 -4.90227
44.1183 -4.89675
44.1198 -4.89117
44.1213 -4.88552
44.1228 -4.87981
44.1243 -4.87404
44.1258 -4.86821
44.1273 -4.86232
44.1288 -4.85636
44.1303 -4.85035
44.1318 -4.84427
44.1333 -4.83813
44.1348 -4.83194
44.1363 -4.82569
44.1378 -4.81937
44.1393 -4.813
44.1408 -4.80657
44.1423 -4.80009
44.1438 -4.79354
44.1453 -4.78694
44.1468 -4.78028
44.1483 -4.77357
44.1498 -4.7668
44.1513 -4.75997
44.1528 -4.75309
44.1543 -4.74615
44.1558 -4.73916
44.1573 -4.73212
44.1588 -4.72502
44.1603 -4.71787
44.1618 -4.71066
44.1633 -4.7034
44.1648 -4.69609
44.1663 -4.68873
44.1678 -4.68132
44.1693 -4.67385
44.1708 -4.66633
44.1723 -4.65877
44.1738 -4.65115
44.1753 -4.64348
44.1768 -4.63576
44.1783 -4.62799
44.1798 -4.62018
44.1813 -4.61231
44.1828 -4.6044
44.1843 -4.59644
44.1858 -4.58843
44.1873 -4.58037
44.1888 -4.57227
44.1903 -4.56412
44.1918 -4.55592
44.1933 -4.54768
44.1948 -4.53939
44.1963 -4.53106
44.1978 -4.52268
44.1993 -4.51426
44.2009 -4.50579
44.2024 -4.49728
44.2039 -4.48873
44.2054 -4.48013
44.2069 -4.47149
44.2084 -4.46281
44.2099 -4.45408
44.2114 -4.44531
44.2129 -4.4365
44.2144 -4.42765
44.2159 -4.41876
44.2174 -4.40983
44.2189 -4.40085
44.2204 -4.39184
44.2219 -4.38279
44.2234 -4.3737
44.2249 -4.36456
44.2264 -4.35539
44.2279 -4.34619
44.2294 -4.33694
44.2309 -4.32765
44.2324 -4.31833
44.2339 -4.30897
44.2354 -4.29958
44.2369 -4.29014
44.2384 -4.28068
44.2399 -4.27117
44.2414 -4.26163
44.2429 -4.25206
44.2444 -4.24245
44.2459 -4.2328
44.2474 -4.22312
44.2489 -4.21341
44.2504 -4.20366
44.2519 -4.19388
44.2534 -4.18407
44.2549 -4.17422
44.2564 -4.16434
44.2579 -4.15443
44.2594 -4.14449
44.2609 -4.13451
44.2624 -4.12451
44.2639 -4.11447
44.2654 -4.1044
44.2669 -4.09431
44.2684 -4.08418
44.2699 -4.07402
44.2714 -4.06384
44.2729 -4.05362
44.2744 -4.04338
44.2759 -4.0331
44.2774 -4.0228
44.2789 -4.01247
44.2804 -4.00212
44.2819 -3.99173
44.2834 -3.98132
44.2849 -3.97088
44.2864 -3.96042
44.2879 -3.94993
44.2894 -3.93941
44.2909 -3.92887
44.2924 -3.9183
44.2939 -3.90771
44.2954 -3.8971
44.2969 -3.88646
44.2984 -3.87579
44.2999 -3.8651
44.3014 -3.85439
44.3029 -3.84365
44.3044 -3.8329
44.3059 -3.82212
44.3074 -3.81131
44.3089 -3.80049
44.3104 -3.78964
44.3119 -3.77877
44.3134 -3.76788
44.3149 -3.75697
44.3164 -3.74604
44.3179 -3.73509
44.3194 -3.72412
44.3209 -3.71313
44.3224 -3.70212
44.3239 -3.69109
44.3254 -3.68004
44.3269 -3.66897
44.3284 -3.65789
44.3299 -3.64678
44.3314 -3.63566
44.3329 -3.62452
44.3344 -3.61336
44.3359 -3.60219
44.3374 -3.591
44.3389 -3.57979
44.3404 -3.56857
44.3419 -3.55733
44.3434 -3.54608
44.3449 -3.53481
44.3464 -3.52353
44.3479 -3.51223
44.3494 -3.50091
44.3509 -3.48958
44.3524 -3.47824
44.3539 -3.46689
44.3554 -3.45552
44.3569 -3.44414
44.3584 -3.43274
44.3599 -3.42133
44.3614 -3.40991
44.3629 -3.39848
44.3644 -3.38704
44.3659 -3.37558
44.3674 -3.36411
44.3689 -3.35263
44.3704 -3.34115
44.3719 -3.32965
44.3734 -3.31814
44.3749 -3.30662
44.3764 -3.29509
44.3779 -3.28355
44.3794 -3.272
44.3809 -3.26044
44.3824 -3.24888
44.3839 -3.2373
44.3854 -3.22572
44.3869 -3.21413
44.3884 -3.20253
44.3899 -3.19093
44.3914 -3.17931
44.3929 -3.16769
44.3944 -3.15607
44.3959 -3.14443
44.3974 -3.13279
44.3989 -3.12115
44.4005 -3.1095
44.402 -3.09784
44.4035 -3.08618
44.405 -3.07452
44.4065 -3.06284
44.408 -3.05117
44.4095 -3.03949
44.411 -3.02781
44.4125 -3.01612
44.414 -3.00443
44.4155 -2.99273
44.417 -2.98104
44.4185 -2.96934
44.42 -2.95763
44.4215 -2.94593
44.423 -2.93422
44.4245 -2.92251
44.426 -2.9108
44.4275 -2.89909
44.429 -2.88738
44.4305 -2.87567
44.432 -2.86395
44.4335 -2.85224
44.435 -2.84053
44.4365 -2.82881
44.438 -2.8171
44.4395 -2.80539
44.441 -2.79367
44.4425 -2.78196
44.444 -2.77025
44.4455 -2.75854
44.447 -2.74684
44.4485 -2.73513
44.45 -2.72343
44.4515 -2.71173
44.453 -2.70003
44.4545 -2.68834
44.456 -2.67665
44.4575 -2.66496
44.459 -2.65327
44.4605 -2.64159
44.462 -2.62991
44.4635 -2.61824
44.465 -2.60657
44.4665 -2.59491
44.468 -2.58325
44.4695 -2.5716
44.471 -2.55995
44.4725 -2.54831
44.474 -2.53667
44.4755 -2.52504
44.477 -2.51341
44.4785 -2.5018
44.48 -2.49018
44.4815 -2.47858
44.483 -2.46698
44.4845 -2.45539
44.486 -2.44381
44.4875 -2.43223
44.489 -2.42067
44.4905 -2.40911
44.492 -2.39756
44.4935 -2.38601
44.495 -2.37448
44.4965 -2.36296
44.498 -2.35144
44.4995 -2.33994
44.501 -2.32844
44.5025 -2.31695
44.504 -2.30548
44.5055 -2.29401
44.507 -2.28255
44.5085 -2.27111
44.51 -2.25967
44.5115 -2.24825
44.513 -2.23684
44.5145 -2.22544
44.516 -2.21405
44.5175 -2.20267
44.519 -2.19131
44.5205 -2.17995
44.522 -2.16861
44.5235 -2.15729
44.525 -2.14597
44.5265 -2.13467
44.528 -2.12338
44.5295 -2.11211
44.531 -2.10084
44.5325 -2.0896
44.534 -2.07836
44.5355 -2.06714
44.537 -2.05594
44.5385 -2.04475
44.54 -2.03357
44.5415 -2.02241
44.543 -2.01127
44.5445 -2.00013
44.546 -1.98902
44.5475 -1.97792
44.549 -1.96684
44.5505 -1.95577
44.552 -1.94472
44.5535 -1.93369
44.555 -1.92267
44.5565 -1.91167
44.558 -1.90068
44.5595 -1.88972
44.561 -1.87877
44.5625 -1.86784
44.564 -1.85692
44.5655 -1.84603
44.567 -1.83515
44.5685 -1.82429
44.57 -1.81345
44.5715 -1.80263
44.573 -1.79183
44.5745 -1.78104
44.576 -1.77028
44.5775 -1.75953
44.579 -1.74881
44.5805 -1.7381
44.582 -1.72741
44.5835 -1.71675
44.585 -1.7061
44.5865 -1.69547
44.588 -1.68487
44.5895 -1.67428
44.591 -1.66372
44.5925 -1.65318
44.594 -1.64266
44.5955 -1.63216
44.597 -1.62168
44.5985 -1.61122
44.6001 -1.60079
44.6016 -1.59038
44.6031 -1.57999
44.6046 -1.56962
44.6061 -1.55927
44.6076 -1.54895
44.6091 -1.53865
44.6106 -1.52838
44.6121 -1.51812
44.6136 -1.50789
44.6151 -1.49769
44.6166 -1.48751
44.6181 -1.47735
44.6196 -1.46721
44.6211 -1.4571
44.6226 -1.44702
44.6241 -1.43696
44.6256 -1.42692
44.6271 -1.41691
44.6286 -1.40692
44.6301 -1.39696
44.6316 -1.38702
44.6331 -1.37711
44.6346 -1.36723
44.6361 -1.35737
44.6376 -1.34753
44.6391 -1.33773
44.6406 -1.32795
44.6421 -1.31819
44.6436 -1.30846
44.6451 -1.29876
44.6466 -1.28908
44.6481 -1.27944
44.6496 -1.26982
44.6511 -1.26022
44.6526 -1.25066
44.6541 -1.24112
44.6556 -1.23161
44.6571 -1.22212
44.6586 -1.21267
44.6601 -1.20324
44.6616 -1.19384
44.6631 -1.18447
44.6646 -1.17513
44.6661 -1.16581
44.6676 -1.15653
44.6691 -1.14727
44.6706 -1.13805
44.6721 -1.12885
44.6736 -1.11968
44.6751 -1.11054
44.6766 -1.10143
44.6781 -1.09235
44.6796 -1.0833
44.6811 -1.07428
44.6826 -1.0653
44.6841 -1.05634
44.6856 -1.04741
44.6871 -1.03851
44.6886 -1.02964
44.6901 -1.02081
44.6916 -1.012
44.6931 -1.00323
44.6946 -0.994482
44.6961 -0.985769
44.6976 -0.977089
44.6991 -0.96844
44.7006 -0.959822
44.7021 -0.951236
44.7036 -0.942683
44.7051 -0.934161
44.7066 -0.925672
44.7081 -0.917214
44.7096 -0.90879
44.7111 -0.900397
44.7126 -0.892038
44.7141 -0.883711
44.7156 -0.875417
44.7171 -0.867156
44.7186 -0.858929
44.7201 -0.850734
44.7216 -0.842573
44.7231 -0.834446
44.7246 -0.826352
44.7261 -0.818291
44.7276 -0.810265
44.7291 -0.802272
44.7306 -0.794314
44.7321 -0.78639
44.7336 -0.7785
44.7351 -0.770644
44.7366 -0.762823
44.7381 -0.755037
44.7396 -0.747285
44.7411 -0.739568
44.7426 -0.731886
44.7441 -0.724239
44.7456 -0.716627
44.7471 -0.709051
44.7486 -0.701509
44.7501 -0.694004
44.7516 -0.686533
44.7531 -0.679099
44.7546 -0.6717
44.7561 -0.664337
44.7576 -0.65701
44.7591 -0.64972
44.7606 -0.642465
44.7621 -0.635247
44.7636 -0.628065
44.7651 -0.620919
44.7666 -0.61381
44.7681 -0.606738
44.7696 -0.599703
44.7711 -0.592704
44.7726 -0.585742
44.7741 -0.578818
44.7756 -0.57193
44.7771 -0.56508
44.7786 -0.558267
44.7801 -0.551492
44.7816 -0.544754
44.7831 -0.538053
44.7846 -0.531391
44.7861 -0.524766
44.7876 -0.518179
44.7891 -0.51163
44.7906 -0.505119
44.7921 -0.498646
44.7936 -0.492211
44.7951 -0.485815
44.7966 -0.479457
44.7981 -0.473137
44.7996 -0.466856
44.8012 -0.460614
44.8027 -0.454411
44.8042 -0.448246
44.8057 -0.44212
44.8072 -0.436033
44.8087 -0.429985
44.8102 -0.423977
44.8117 -0.418007
44.8132 -0.412077
44.8147 -0.406186
44.8162 -0.400335
44.8177 -0.394523
44.8192 -0.388751
44.8207 -0.383018
44.8222 -0.377326
44.8237 -0.371673
44.8252 -0.366059
44.8267 -0.360486
44.8282 -0.354953
44.8297 -0.34946
44.8312 -0.344007
44.8327 -0.338595
44.8342 -0.333223
44.8357 -0.327891
44.8372 -0.322599
44.8387 -0.317349
44.8402 -0.312138
44.8417 -0.306969
44.8432 -0.30184
44.8447 -0.296752
44.8462 -0.291704
44.8477 -0.286698
44.8492 -0.281733
44.8507 -0.276809
44.8522 -0.271925
44.8537 -0.267083
44.8552 -0.262283
44.8567 -0.257523
44.8582 -0.252805
44.8597 -0.248128
44.8612 -0.243493
44.8627 -0.238899
44.8642 -0.234347
44.8657 -0.229837
44.8672 -0.225368
44.8687 -0.220941
44.8702 -0.216556
44.8717 -0.212212
44.8732 -0.207911
44.8747 -0.203651
44.8762 -0.199434
44.8777 -0.195258
44.8792 -0.191125
44.8807 -0.187034
44.8822 -0.182985
44.8837 -0.178979
44.8852 -0.175014
44.8867 -0.171092
44.8882 -0.167213
44.8897 -0.163376
44.8912 -0.159581
44.8927 -0.155829
44.8942 -0.15212
44.8957 -0.148453
44.8972 -0.144829
44.8987 -0.141248
44.9002 -0.137709
44.9017 -0.134213
44.9032 -0.13076
44.9047 -0.12735
44.9062 -0.123983
44.9077 -0.120659
44.9092 -0.117378
44.9107 -0.11414
44.9122 -0.110945
44.9137 -0.107793
44.9152 -0.104684
44.9167 -0.101619
44.9182 -0.0985967
44.9197 -0.0956177
44.9212 -0.0926821
44.9227 -0.0897897
44.9242 -0.0869407
44.9257 -0.0841351
44.9272 -0.0813729
44.9287 -0.0786542
44.9302 -0.0759789
44.9317 -0.0733472
44.9332 -0.070759
44.9347 -0.0682144
44.9362 -0.0657134
44.9377 -0.063256
44.9392 -0.0608422
44.9407 -0.0584722
44.9422 -0.0561458
44.9437 -0.0538632
44.9452 -0.0516243
44.9467 -0.0494292
44.9482 -0.0472779
44.9497 -0.0451704
44.9512 -0.0431067
44.9527 -0.0410869
44.9542 -0.039111
44.9557 -0.037179
44.9572 -0.0352909
44.9587 -0.0334467
44.9602 -0.0316465
44.9617 -0.0298902
44.9632 -0.028178
44.9647 -0.0265097
44.9662 -0.0248854
44.9677 -0.0233052
44.9692 -0.021769
44.9707 -0.0202769
44.9722 -0.0188289
44.9737 -0.0174249
44.9752 -0.016065
44.9767 -0.0147492
44.9782 -0.0134776
44.9797 -0.01225
44.9812 -0.0110666
44.9827 -0.00992732
44.9842 -0.00883219
44.9857 -0.00778122
44.9872 -0.0067744
44.9887 -0.00581175
44.9902 -0.00489326
44.9917 -0.00401896
44.9932 -0.00318882
44.9947 -0.00240287
44.9962 -0.00166111
44.9977 -0.000963524
44.9992 -0.000310128
45.0008 0.000299081
45.0023 0.000864103
45.0038 0.00138494
45.0053 0.00186159
45.0068 0.00229406
45.0083 0.00268234
45.0098 0.00302645
45.0113 0.00332638
45.0128 0.00358215
45.0143 0.00379375
45.0158 0.00396119
45.0173 0.00408448
45.0188 0.00416362
45.0203 0.00419862
45.0218 0.0041895
45.0233 0.00413625
45.0248 0.00403889
45.0263 0.00389742
45.0278 0.00371187
45.0293 0.00348223
45.0308 0.00320853
45.0323 0.00289077
45.0338 0.00252896
45.0353 0.00212313
45.0368 0.00167328
45.0383 0.00117943
45.0398 0.000641592
45.0413 5.97886e-05
45.0428 -0.000565967
45.0443 -0.00123566
45.0458 -0.00194926
45.0473 -0.00270677
45.0488 -0.00350815
45.0503 -0.0043534
45.0518 -0.00524248
45.0533 -0.00617537
45.0548 -0.00715207
45.0563 -0.00817253
45.0578 -0.00923675
45.0593 -0.0103447
45.0608 -0.0114963
45.0623 -0.0126917
45.0638 -0.0139306
45.0653 -0.0152132
45.0668 -0.0165394
45.0683 -0.0179092
45.0698 -0.0193225
45.0713 -0.0207793
45.0728 -0.0222796
45.0743 -0.0238234
45.0758 -0.0254106
45.0773 -0.0270412
45.0788 -0.0287151
45.0803 -0.0304324
45.0818 -0.032193
45.0833 -0.0339968
45.0848 -0.0358439
45.0863 -0.0377342
45.0878 -0.0396676
45.0893 -0.0416441
45.0908 -0.0436638
45.0923 -0.0457264
45.0938 -0.0478321
45.0953 -0.0499808
45.0968 -0.0521724
45.0983 -0.0544069
45.0998 -0.0566842
45.1013 -0.0590044
45.1028 -0.0613673
45.1043 -0.063773
45.1058 -0.0662213
45.1073 -0.0687123
45.1088 -0.0712459
45.1103 -0.073822
45.1118 -0.0764406
45.1133 -0.0791017
45.1148 -0.0818053
45.1163 -0.0845511
45.1178 -0.0873393
45.1193 -0.0901698
45.1208 -0.0930425
45.1223 -0.0959574
45.1238 -0.0989144
45.1253 -0.101913
45.1268 -0.104955
45.1283 -0.108038
45.1298 -0.111163
45.1313 -0.114329
45.1328 -0.117538
45.1343 -0.120788
45.1358 -0.12408
45.1373 -0.127414
45.1388 -0.130789
45.1403 -0.134206
45.1418 -0.137665
45.1433 -0.141164
45.1448 -0.144705
45.1463 -0.148288
45.1478 -0.151911
45.1493 -0.155576
45.1508 -0.159282
45.1523 -0.163029
45.1538 -0.166817
45.1553 -0.170645
45.1568 -0.174515
45.1583 -0.178426
45.1598 -0.182377
45.1613 -0.186369
45.1628 -0.190401
45.1643 -0.194474
45.1658 -0.198587
45.1673 -0.202741
45.1688 -0.206935
45.1703 -0.21117
45.1718 -0.215444
45.1733 -0.219759
45.1748 -0.224114
45.1763 -0.228508
45.1778 -0.232943
45.1793 -0.237417
45.1808 -0.241932
45.1823 -0.246485
45.1838 -0.251079
45.1853 -0.255712
45.1868 -0.260384
45.1883 -0.265096
45.1898 -0.269847
45.1913 -0.274637
45.1928 -0.279467
45.1943 -0.284335
45.1958 -0.289242
45.1973 -0.294189
45.1988 -0.299174
45.2004 -0.304198
45.2019 -0.30926
45.2034 -0.314361
45.2049 -0.319501
45.2064 -0.324679
45.2079 -0.329895
45.2094 -0.335149
45.2109 -0.340442
45.2124 -0.345773
45.2139 -0.351141
45.2154 -0.356548
45.2169 -0.361992
45.2184 -0.367474
45.2199 -0.372993
45.2214 -0.37855
45.2229 -0.384145
45.2244 -0.389777
45.2259 -0.395446
45.2274 -0.401152
45.2289 -0.406895
45.2304 -0.412675
45.2319 -0.418493
45.2334 -0.424346
45.2349 -0.430237
45.2364 -0.436164
45.2379 -0.442128
45.2394 -0.448127
45.2409 -0.454164
45.2424 -0.460236
45.2439 -0.466344
45.2454 -0.472489
45.2469 -0.478669
45.2484 -0.484885
45.2499 -0.491137
45.2514 -0.497424
45.2529 -0.503747
45.2544 -0.510105
45.2559 -0.516499
45.2574 -0.522927
45.2589 -0.529391
45.2604 -0.535889
45.2619 -0.542423
45.2634 -0.548991
45.2649 -0.555593
45.2664 -0.562231
45.2679 -0.568902
45.2694 -0.575608
45.2709 -0.582348
45.2724 -0.589122
45.2739 -0.59593
45.2754 -0.602772
45.2769 -0.609648
45.2784 -0.616557
45.2799 -0.623499
45.2814 -0.630475
45.2829 -0.637485
45.2844 -0.644527
45.2859 -0.651603
45.2874 -0.658711
45.2889 -0.665852
45.2904 -0.673026
45.2919 -0.680232
45.2934 -0.687471
45.2949 -0.694742
45.2964 -0.702045
45.2979 -0.709381
45.2994 -0.716748
45.3009 -0.724147
45.3024 -0.731578
45.3039 -0.73904
45.3054 -0.746534
45.3069 -0.754059
45.3084 -0.761615
45.3099 -0.769202
45.3114 -0.77682
45.3129 -0.784469
45.3144 -0.792149
45.3159 -0.799859
45.3174 -0.8076
45.3189 -0.815371
45.3204 -0.823172
45.3219 -0.831003
45.3234 -0.838864
45.3249 -0.846755
45.3264 -0.854675
45.3279 -0.862625
45.3294 -0.870604
45.3309 -0.878612
45.3324 -0.88665
45.3339 -0.894716
45.3354 -0.902811
45.3369 -0.910935
45.3384 -0.919087
45.3399 -0.927268
45.3414 -0.935477
45.3429 -0.943714
45.3444 -0.951979
45.3459 -0.960272
45.3474 -0.968592
45.3489 -0.97694
45.3504 -0.985315
45.3519 -0.993718
45.3534 -1.00215
45.3549 -1.0106
45.3564 -1.01909
45.3579 -1.0276
45.3594 -1.03613
45.3609 -1.0447
45.3624 -1.05329
45.3639 -1.0619
45.3654 -1.07054
45.3669 -1.07921
45.3684 -1.0879
45.3699 -1.09662
45.3714 -1.10536
45.3729 -1.11413
45.3744 -1.12292
45.3759 -1.13174
45.3774 -1.14059
45.3789 -1.14945
45.3804 -1.15834
45.3819 -1.16726
45.3834 -1.1762
45.3849 -1.18516
45.3864 -1.19415
45.3879 -1.20316
45.3894 -1.2122
45.3909 -1.22125
45.3924 -1.23034
45.3939 -1.23944
45.3954 -1.24857
45.3969 -1.25772
45.3984 -1.26689
45.3999 -1.27608
45.4015 -1.2853
45.403 -1.29453
45.4045 -1.30379
45.406 -1.31308
45.4075 -1.32238
45.409 -1.3317
45.4105 -1.34105
45.412 -1.35041
45.4135 -1.3598
45.415 -1.36921
45.4165 -1.37863
45.418 -1.38808
45.4195 -1.39755
45.421 -1.40704
45.4225 -1.41655
45.424 -1.42607
45.4255 -1.43562
45.427 -1.44519
45.4285 -1.45477
45.43 -1.46437
45.4315 -1.474
45.433 -1.48364
45.4345 -1.4933
45.436 -1.50297
45.4375 -1.51267
45.439 -1.52238
45.4405 -1.53211
45.442 -1.54186
45.4435 -1.55163
45.445 -1.56141
45.4465 -1.57121
45.448 -1.58102
45.4495 -1.59086
45.451 -1.6007
45.4525 -1.61057
45.454 -1.62045
45.4555 -1.63035
45.457 -1.64026
45.4585 -1.65018
45.46 -1.66013
45.4615 -1.67008
45.463 -1.68006
45.4645 -1.69004
45.466 -1.70004
45.4675 -1.71006
45.469 -1.72009
45.4705 -1.73013
45.472 -1.74019
45.4735 -1.75026
45.475 -1.76034
45.4765 -1.77044
45.478 -1.78055
45.4795 -1.79067
45.481 -1.8008
45.4825 -1.81095
45.484 -1.82111
45.4855 -1.83128
45.487 -1.84146
45.4885 -1.85166
45.49 -1.86186
45.4915 -1.87208
45.493 -1.8823
45.4945 -1.89254
45.496 -1.90279
45.4975 -1.91305
45.499 -1.92331
45.5005 -1.93359
45.502 -1.94388
45.5035 -1.95418
45.505 -1.96448
45.5065 -1.9748
45.508 -1.98512
45.5095 -1.99545
45.511 -2.0058
45.5125 -2.01614
45.514 -2.0265
45.5155 -2.03687
45.517 -2.04724
45.5185 -2.05762
45.52 -2.068
45.5215 -2.0784
45.523 -2.0888
45.5245 -2.0992
45.526 -2.10961
45.5275 -2.12003
45.529 -2.13046
45.5305 -2.14089
45.532 -2.15132
45.5335 -2.16176
45.535 -2.17221
45.5365 -2.18266
45.538 -2.19311
45.5395 -2.20357
45.541 -2.21403
45.5425 -2.2245
45.544 -2.23497
45.5455 -2.24544
45.547 -2.25592
45.5485 -2.2664
45.55 -2.27688
45.5515 -2.28736
45.553 -2.29785
45.5545 -2.30834
45.556 -2.31883
45.5575 -2.32932
45.559 -2.33981
45.5605 -2.35031
45.562 -2.3608
45.5635 -2.3713
45.565 -2.38179
45.5665 -2.39229
45.568 -2.40278
45.5695 -2.41328
45.571 -2.42377
45.5725 -2.43427
45.574 -2.44476
45.5755 -2.45525
45.577 -2.46574
45.5785 -2.47623
45.58 -2.48672
45.5815 -2.4972
45.583 -2.50768
45.5845 -2.51816
45.586 -2.52864
45.5875 -2.53911
45.589 -2.54958
45.5905 -2.56004
45.592 -2.5705
45.5935 -2.58096
45.595 -2.59141
45.5965 -2.60186
45.598 -2.6123
45.5995 -2.62274
45.6011 -2.63317
45.6026 -2.6436
45.6041 -2.65402
45.6056 -2.66444
45.6071 -2.67484
45.6086 -2.68524
45.6101 -2.69564
45.6116 -2.70603
45.6131 -2.71641
45.6146 -2.72678
45.6161 -2.73714
45.6176 -2.7475
45.6191 -2.75785
45.6206 -2.76818
45.6221 -2.77851
45.6236 -2.78884
45.6251 -2.79915
45.6266 -2.80945
45.6281 -2.81974
45.6296 -2.83002
45.6311 -2.84029
45.6326 -2.85055
45.6341 -2.8608
45.6356 -2.87104
45.6371 -2.88126
45.6386 -2.89148
45.6401 -2.90168
45.6416 -2.91187
45.6431 -2.92204
45.6446 -2.93221
45.6461 -2.94236
45.6476 -2.9525
45.6491 -2.96262
45.6506 -2.97273
45.6521 -2.98282
45.6536 -2.9929
45.6551 -3.00297
45.6566 -3.01302
45.6581 -3.02306
45.6596 -3.03308
45.6611 -3.04308
45.6626 -3.05307
45.6641 -3.06304
45.6656 -3.073
45.6671 -3.08293
45.6686 -3.09286
45.6701 -3.10276
45.6716 -3.11264
45.6731 -3.12251
45.6746 -3.13236
45.6761 -3.14219
45.6776 -3.152
45.6791 -3.16179
45.6806 -3.17157
45.6821 -3.18132
45.6836 -3.19105
45.6851 -3.20076
45.6866 -3.21046
45.6881 -3.22013
45.6896 -3.22978
45.6911 -3.23941
45.6926 -3.24901
45.6941 -3.2586
45.6956 -3.26816
45.6971 -3.2777
45.6986 -3.28722
45.7001 -3.29671
45.7016 -3.30618
45.7031 -3.31563
45.7046 -3.32505
45.7061 -3.33445
45.7076 -3.34382
45.7091 -3.35317
45.7106 -3.36249
45.7121 -3.37179
45.7136 -3.38106
45.7151 -3.39031
45.7166 -3.39953
45.7181 -3.40872
45.7196 -3.41788
45.7211 -3.42702
45.7226 -3.43613
45.7241 -3.44522
45.7256 -3.45427
45.7271 -3.4633
45.7286 -3.47229
45.7301 -3.48126
45.7316 -3.4902
45.7331 -3.49911
45.7346 -3.50799
45.7361 -3.51684
45.7376 -3.52566
45.7391 -3.53444
45.7406 -3.5432
45.7421 -3.55192
45.7436 -3.56062
45.7451 -3.56928
45.7466 -3.5779
45.7481 -3.5865
45.7496 -3.59506
45.7511 -3.60359
45.7526 -3.61208
45.7541 -3.62055
45.7556 -3.62897
45.7571 -3.63736
45.7586 -3.64572
45.7601 -3.65404
45.7616 -3.66233
45.7631 -3.67058
45.7646 -3.67879
45.7661 -3.68697
45.7676 -3.69511
45.7691 -3.70321
45.7706 -3.71128
45.7721 -3.71931
45.7736 -3.7273
45.7751 -3.73525
45.7766 -3.74316
45.7781 -3.75104
45.7796 -3.75887
45.7811 -3.76667
45.7826 -3.77442
45.7841 -3.78214
45.7856 -3.78981
45.7871 -3.79744
45.7886 -3.80503
45.7901 -3.81258
45.7916 -3.82009
45.7931 -3.82756
45.7946 -3.83498
45.7961 -3.84236
45.7976 -3.84969
45.7991 -3.85699
45.8007 -3.86423
45.8022 -3.87144
45.8037 -3.8786
45.8052 -3.88571
45.8067 -3.89278
45.8082 -3.89981
45.8097 -3.90678
45.8112 -3.91372
45.8127 -3.9206
45.8142 -3.92744
45.8157 -3.93423
45.8172 -3.94097
45.8187 -3.94767
45.8202 -3.95431
45.8217 -3.96091
45.8232 -3.96746
45.8247 -3.97396
45.8262 -3.98041
45.8277 -3.98681
45.8292 -3.99316
45.8307 -3.99946
45.8322 -4.0057
45.8337 -4.0119
45.8352 -4.01804
45.8367 -4.02414
45.8382 -4.03018
45.8397 -4.03616
45.8412 -4.0421
45.8427 -4.04798
45.8442 -4.0538
45.8457 -4.05957
45.8472 -4.06529
45.8487 -4.07096
45.8502 -4.07656
45.8517 -4.08211
45.8532 -4.08761
45.8547 -4.09305
45.8562 -4.09843
45.8577 -4.10376
45.8592 -4.10903
45.8607 -4.11424
45.8622 -4.11939
45.8637 -4.12449
45.8652 -4.12952
45.8667 -4.1345
45.8682 -4.13942
45.8697 -4.14427
45.8712 -4.14907
45.8727 -4.15381
45.8742 -4.15848
45.8757 -4.16309
45.8772 -4.16765
45.8787 -4.17214
45.8802 -4.17657
45.8817 -4.18093
45.8832 -4.18523
45.8847 -4.18947
45.8862 -4.19365
45.8877 -4.19776
45.8892 -4.2018
45.8907 -4.20578
45.8922 -4.2097
45.8937 -4.21355
45.8952 -4.21733
45.8967 -4.22105
45.8982 -4.2247
45.8997 -4.22828
45.9012 -4.2318
45.9027 -4.23524
45.9042 -4.23862
45.9057 -4.24194
45.9072 -4.24518
45.9087 -4.24835
45.9102 -4.25145
45.9117 -4.25448
45.9132 -4.25745
45.9147 -4.26034
45.9162 -4.26316
45.9177 -4.2659
45.9192 -4.26858
45.9207 -4.27118
45.9222 -4.27371
45.9237 -4.27617
45.9252 -4.27855
45.9267 -4.28086
45.9282 -4.2831
45.9297 -4.28526
45.9312 -4.28734
45.9327 -4.28935
45.9342 -4.29129
45.9357 -4.29314
45.9372 -4.29492
45.9387 -4.29663
45.9402 -4.29825
45.9417 -4.2998
45.9432 -4.30127
45.9447 -4.30266
45.9462 -4.30398
45.9477 -4.30521
45.9492 -4.30636
45.9507 -4.30744
45.9522 -4.30843
45.9537 -4.30934
45.9552 -4.31017
45.9567 -4.31092
45.9582 -4.31158
45.9597 -4.31217
45.9612 -4.31267
45.9627 -4.31308
45.9642 -4.31342
45.9657 -4.31367
45.9672 -4.31383
45.9687 -4.31391
45.9702 -4.31391
45.9717 -4.31381
45.9732 -4.31364
45.9747 -4.31337
45.9762 -4.31302
45.9777 -4.31258
45.9792 -4.31206
45.9807 -4.31144
45.9822 -4.31074
45.9837 -4.30995
45.9852 -4.30906
45.9867 -4.30809
45.9882 -4.30703
45.9897 -4.30588
45.9912 -4.30464
45.9927 -4.3033
45.9942 -4.30187
45.9957 -4.30035
45.9972 -4.29874
45.9987 -4.29704
46.0003 -4.29524
46.0018 -4.29335
46.0033 -4.29136
46.0048 -4.28928
46.0063 -4.2871
46.0078 -4.28483
46.0093 -4.28246
46.0108 -4.28
46.0123 -4.27744
46.0138 -4.27478
46.0153 -4.27202
46.0168 -4.26917
46.0183 -4.26621
46.0198 -4.26316
46.0213 -4.26001
46.0228 -4.25676
46.0243 -4.25341
46.0258 -4.24996
46.0273 -4.2464
46.0288 -4.24275
46.0303 -4.23899
46.0318 -4.23513
46.0333 -4.23117
46.0348 -4.22711
46.0363 -4.22294
46.0378 -4.21866
46.0393 -4.21429
46.0408 -4.2098
46.0423 -4.20522
46.0438 -4.20052
46.0453 -4.19572
46.0468 -4.19082
46.0483 -4.18581
46.0498 -4.18068
46.0513 -4.17546
46.0528 -4.17012
46.0543 -4.16467
46.0558 -4.15912
46.0573 -4.15345
46.0588 -4.14768
46.0603 -4.14179
46.0618 -4.1358
46.0633 -4.12969
46.0648 -4.12347
46.0663 -4.11714
46.0678 -4.11069
46.0693 -4.10413
46.0708 -4.09746
46.0723 -4.09067
46.0738 -4.08377
46.0753 -4.07676
46.0768 -4.06963
46.0783 -4.06238
46.0798 -4.05502
46.0813 -4.04754
46.0828 -4.03994
46.0843 -4.03223
46.0858 -4.02439
46.0873 -4.01644
46.0888 -4.00837
46.0903 -4.00018
46.0918 -3.99187
46.0933 -3.98344
46.0948 -3.97489
46.0963 -3.96622
46.0978 -3.95742
46.0993 -3.94851
46.1008 -3.93947
46.1023 -3.9303
46.1038 -3.92102
46.1053 -3.91161
46.1068 -3.90207
46.1083 -3.89242
46.1098 -3.88263
46.1113 -3.87272
46.1128 -3.86268
46.1143 -3.85252
46.1158 -3.84223
46.1173 -3.83181
46.1188 -3.82126
46.1203 -3.81059
46.1218 -3.79979
46.1233 -3.78885
46.1248 -3.77779
46.1263 -3.76659
46.1278 -3.75527
46.1293 -3.74381
46.1308 -3.73222
46.1323 -3.7205
46.1338 -3.70865
46.1353 -3.69666
46.1368 -3.68454
46.1383 -3.67229
46.1398 -3.6599
46.1413 -3.64737
46.1428 -3.63471
46.1443 -3.62191
46.1458 -3.60898
46.1473 -3.59591
46.1488 -3.5827
46.1503 -3.56936
46.1518 -3.55587
46.1533 -3.54225
46.1548 -3.52849
46.1563 -3.51458
46.1578 -3.50054
46.1593 -3.48636
46.1608 -3.47203
46.1623 -3.45756
46.1638 -3.44295
46.1653 -3.4282
46.1668 -3.41331
46.1683 -3.39827
46.1698 -3.38308
46.1713 -3.36775
46.1728 -3.35228
46.1743 -3.33666
46.1758 -3.3209
46.1773 -3.30498
46.1788 -3.28892
46.1803 -3.27272
46.1818 -3.25636
46.1833 -3.23986
46.1848 -3.2232
46.1863 -3.2064
46.1878 -3.18945
46.1893 -3.17235
46.1908 -3.15509
46.1923 -3.13768
46.1938 -3.12013
46.1953 -3.10242
46.1968 -3.08455
46.1983 -3.06653
46.1998 -3.04836
46.2014 -3.03004
46.2029 -3.01156
46.2044 -2.99292
46.2059 -2.97413
46.2074 -2.95518
46.2089 -2.93607
46.2104 -2.91681
46.2119 -2.89738
46.2134 -2.8778
46.2149 -2.85806
46.2164 -2.83817
46.2179 -2.81811
46.2194 -2.79789
46.2209 -2.77751
46.2224 -2.75696
46.2239 -2.73626
46.2254 -2.71539
46.2269 -2.69436
46.2284 -2.67317
46.2299 -2.65181
46.2314 -2.63029
46.2329 -2.6086
46.2344 -2.58675
46.2359 -2.56473
46.2374 -2.54254
46.2389 -2.52019
46.2404 -2.49767
46.2419 -2.47498
46.2434 -2.45212
46.2449 -2.42909
46.2464 -2.40589
46.2479 -2.38253
46.2494 -2.35899
46.2509 -2.33528
46.2524 -2.3114
46.2539 -2.28734
46.2554 -2.26312
46.2569 -2.23872
46.2584 -2.21414
46.2599 -2.1894
46.2614 -2.16447
46.2629 -2.13937
46.2644 -2.1141
46.2659 -2.08865
46.2674 -2.06302
46.2689 -2.03721
46.2704 -2.01123
46.2719 -1.98507
46.2734 -1.95873
46.2749 -1.9322
46.2764 -1.9055
46.2779 -1.87862
46.2794 -1.85156
46.2809 -1.82431
46.2824 -1.79688
46.2839 -1.76927
46.2854 -1.74148
46.2869 -1.7135
46.2884 -1.68534
46.2899 -1.65699
46.2914 -1.62846
46.2929 -1.59974
46.2944 -1.57084
46.2959 -1.54174
46.2974 -1.51246
46.2989 -1.483
46.3004 -1.45334
46.3019 -1.42349
46.3034 -1.39346
46.3049 -1.36323
46.3064 -1.33281
46.3079 -1.3022
46.3094 -1.2714
46.3109 -1.24041
46.3124 -1.20922
46.3139 -1.17784
46.3154 -1.14627
46.3169 -1.1145
46.3184 -1.08254
46.3199 -1.05038
46.3214 -1.01802
46.3229 -0.985469
46.3244 -0.952718
46.3259 -0.91977
46.3274 -0.886623
46.3289 -0.853277
46.3304 -0.819732
46.3319 -0.785986
46.3334 -0.752039
46.3349 -0.717892
46.3364 -0.683542
46.3379 -0.64899
46.3394 -0.614235
46.3409 -0.579277
46.3424 -0.544115
46.3439 -0.508747
46.3454 -0.473175
46.3469 -0.437397
46.3484 -0.401413
46.3499 -0.365222
46.3514 -0.328824
46.3529 -0.292217
46.3544 -0.255403
46.3559 -0.218379
46.3574 -0.181145
46.3589 -0.143701
46.3604 -0.106047
46.3619 -0.0681809
46.3634 -0.0301031
46.3649 0.00818705
46.3664 0.0466903
46.3679 0.085407
46.3694 0.124338
46.3709 0.163484
46.3724 0.202845
46.3739 0.242421
46.3754 0.282215
46.3769 0.322225
46.3784 0.362453
46.3799 0.402898
46.3814 0.443563
46.3829 0.484447
46.3844 0.525551
46.3859 0.566875
46.3874 0.60842
46.3889 0.650187
46.3904 0.692176
46.3919 0.734387
46.3934 0.776822
46.3949 0.819481
46.3964 0.862364
46.3979 0.905472
46.3994 0.948806
46.401 0.992366
46.4025 1.03615
46.404 1.08017
46.4055 1.12441
46.407 1.16888
46.4085 1.21358
46.41 1.25851
46.4115 1.30367
46.413 1.34906
46.4145 1.39468
46.416 1.44053
46.4175 1.48662
46.419 1.53294
46.4205 1.57949
46.422 1.62628
46.4235 1.67331
46.425 1.72056
46.4265 1.76806
46.428 1.81579
46.4295 1.86376
46.431 1.91196
46.4325 1.96041
46.434 2.00909
46.4355 2.05802
46.437 2.10718
46.4385 2.15659
46.44 2.20623
46.4415 2.25612
46.443 2.30625
46.4445 2.35663
46.446 2.40725
46.4475 2.45811
46.449 2.50922
46.4505 2.56057
46.452 2.61217
46.4535 2.66402
46.455 2.71611
46.4565 2.76845
46.458 2.82104
46.4595 2.87388
46.461 2.92697
46.4625 2.98031
46.464 3.03391
46.4655 3.08775
46.467 3.14184
46.4685 3.19619
46.47 3.2508
46.4715 3.30565
46.473 3.36076
46.4745 3.41613
46.476 3.47175
46.4775 3.52763
46.479 3.58377
46.4805 3.64016
46.482 3.69681
46.4835 3.75372
46.485 3.81089
46.4865 3.86833
46.488 3.92602
46.4895 3.98397
46.491 4.04219
46.4925 4.10066
46.494 4.15941
46.4955 4.21841
46.497 4.27768
46.4985 4.33722
46.5 4.39702
