0 -10
0.1 -9.69179
0.2 -9.6918
0.3 -9.69181
0.4 -9.69182
0.5 -9.69182
0.6 -9.69183
0.7 -9.69184
0.8 -9.69185
0.9 -9.69186
1 -9.69187
1.1 -9.69188
1.2 -9.69189
1.3 -9.6919
1.4 -9.6919
1.5 -9.69191
1.6 -9.69192
1.7 -9.69193
1.8 -9.69194
1.9 -9.69195
2 -9.69196
2.1 -9.69197
2.2 -9.69198
2.3 -9.69199
2.4 -9.692
2.5 -9.69201
2.6 -9.69202
2.7 -9.69203
2.8 -9.69204
2.9 -9.69205
3 -9.69206
3.1 -9.69207
3.2 -9.69208
3.3 -9.69209
3.4 -9.6921
3.5 -9.69212
3.6 -9.69213
3.7 -9.69214
3.8 -9.69215
3.9 -9.69216
4 -9.69217
4.1 -9.69218
4.2 -9.69219
4.3 -9.69221
4.4 -9.69222
4.5 -9.69223
4.6 -9.69224
4.7 -9.69225
4.8 -9.69227
4.9 -9.69228
5 -9.69229
5.1 -9.6923
5.2 -9.69232
5.3 -9.69233
5.4 -9.69234
5.5 -9.69236
5.6 -9.69237
5.7 -9.69238
5.8 -9.69239
5.9 -9.69241
6 -9.69242
6.1 -9.69244
6.2 -9.69245
6.3 -9.69246
6.4 -9.69248
6.5 -9.69249
6.6 -9.69251
6.7 -9.69252
6.8 -9.69253
6.9 -9.69255
7 -9.69256
7.1 -9.69258
7.2 -9.69259
7.3 -9.69261
7.4 -9.69262
7.5 -9.69264
7.6 -9.69266
7.7 -9.69267
7.8 -9.69269
7.9 -9.6927
8 -9.69272
8.1 -9.69274
8.2 -9.69275
8.3 -9.69277
8.4 -9.69279
8.5 -9.6928
8.6 -9.69282
8.7 -9.69284
8.8 -9.69285
8.9 -9.69287
9 -9.69289
9.1 -9.69291
9.2 -9.69293
9.3 -9.69294
9.4 -9.69296
9.5 -9.69298
9.6 -9.693
9.7 -9.69302
9.8 -9.69304
9.9 -9.69306
10 -9.69307
10.1 -9.69309
10.2 -9.69311
10.3 -9.69313
10.4 -9.69315
10.5 -9.69317
10.6 -9.69319
10.7 -9.69322
10.8 -9.69324
10.9 -9.69326
11 -9.69328
11.1 -9.6933
11.2 -9.69332
11.3 -9.69334
11.4 -9.69336
11.5 -9.69339
11.6 -9.69341
11.7 -9.69343
11.8 -9.69345
11.9 -9.69348
12 -9.6935
12.1 -9.69352
12.2 -9.69355
12.3 -9.69357
12.4 -9.69359
12.5 -9.69362
12.6 -9.69364
12.7 -9.69367
12.8 -9.69369
12.9 -9.69372
13 -9.69374
13.1 -9.69377
13.2 -9.69379
13.3 -9.69382
13.4 -9.69385
13.5 -9.69387
13.6 -9.6939
13.7 -9.69393
13.8 -9.69395
13.9 -9.69398
14 -9.69401
14.1 -9.69404
14.2 -9.69407
14.3 -9.69409
14.4 -9.69412
14.5 -9.69415
14.6 -9.69418
14.7 -9.69421
14.8 -9.69424
14.9 -9.69427
15 -9.6943
15.1 -9.69433
15.2 -9.69436
15.3 -9.69439
15.4 -9.69443
15.5 -9.69446
15.6 -9.69449
15.7 -9.69452
15.8 -9.69456
15.9 -9.69459
16 -9.69462
16.1 -9.69466
16.2 -9.69469
16.3 -9.69472
16.4 -9.69476
16.5 -9.69479
16.6 -9.69483
16.7 -9.69486
16.8 -9.6949
16.9 -9.69494
17 -9.69497
17.1 -9.69501
17.2 -9.69505
17.3 -9.69508
17.4 -9.69512
17.5 -9.69516
17.6 -9.6952
17.7 -9.69524
17.8 -9.69528
17.9 -9.69532
18 -9.69536
18.1 -9.6954
18.2 -9.69544
18.3 -9.69548
18.4 -9.69552
18.5 -9.69556
18.6 -9.6956
18.7 -9.69565
18.8 -9.69569
18.9 -9.69573
19 -9.69578
19.1 -9.69582
19.2 -9.69587
19.3 -9.69591
19.4 -9.69596
19.5 -9.696
19.6 -9.69605
19.7 -9.69609
19.8 -9.69614
19.9 -9.69619
20 -9.69624
20.1 -9.69629
20.2 -9.69633
20.3 -9.69638
20.4 -9.69643
20.5 -9.69648
20.6 -9.69653
20.7 -9.69659
20.8 -9.69664
20.9 -9.69669
21 -9.69674
21.1 -9.6968
21.2 -9.69685
21.3 -9.6969
21.4 -9.69696
21.5 -9.69701
21.6 -9.69707
21.7 -9.69712
21.8 -9.69718
21.9 -9.69724
22 -9.69729
22.1 -9.69735
22.2 -9.69741
22.3 -9.69747
22.4 -9.69753
22.5 -9.69759
22.6 -9.69765
22.7 -9.69771
22.8 -9.69777
22.9 -9.69784
23 -9.6979
23.1 -9.69796
23.2 -9.69803
23.3 -9.69809
23.4 -9.69816
23.5 -9.69822
23.6 -9.69829
23.7 -9.69835
23.8 -9.69842
23.9 -9.69849
24 -9.69856
24.1 -9.69863
24.2 -9.6987
24.3 -9.69877
24.4 -9.69884
24.5 -9.69891
24.6 -9.69898
24.7 -9.69906
24.8 -9.69913
24.9 -9.6992
25 -9.69928
25.1 -9.69936
25.2 -9.69943
25.3 -9.69951
25.4 -9.69959
25.5 -9.69966
25.6 -9.69974
25.7 -9.69982
25.8 -9.6999
25.9 -9.69998
26 -9.70007
26.1 -9.70015
26.2 -9.70023
26.3 -9.70032
26.4 -9.7004
26.5 -9.70048
26.6 -9.70057
26.7 -9.70066
26.8 -9.70075
26.9 -9.70083
27 -9.70092
27.1 -9.70101
27.2 -9.7011
27.3 -9.70119
27.4 -9.70129
27.5 -9.70138
27.6 -9.70147
27.7 -9.70157
27.8 -9.70166
27.9 -9.70176
28 -9.70185
28.1 -9.70195
28.2 -9.70205
28.3 -9.70215
28.4 -9.70225
28.5 -9.70235
28.6 -9.70245
28.7 -9.70255
28.8 -9.70266
28.9 -9.70276
29 -9.70287
29.1 -9.70297
29.2 -9.70308
29.3 -9.70319
29.4 -9.70329
29.5 -9.7034
29.6 -9.70351
29.7 -9.70363
29.8 -9.70374
29.9 -9.70385
30 -9.70396
30.1 -9.70408
30.2 -9.70419
30.3 -9.70431
30.4 -9.70443
30.5 -9.70455
30.6 -9.70467
30.7 -9.70479
30.8 -9.70491
30.9 -9.70503
31 -9.70515
31.1 -9.70528
31.2 -9.7054
31.3 -9.70553
31.4 -9.70565
31.5 -9.70578
31.6 -9.70591
31.7 -9.70604
31.8 -9.70617
31.9 -9.7063
32 -9.70644
32.1 -9.70657
32.2 -9.7067
32.3 -9.70684
32.4 -9.70698
32.5 -9.70711
32.6 -9.70725
32.7 -9.70739
32.8 -9.70753
32.9 -9.70768
33 -9.70782
33.1 -9.70796
33.2 -9.70811
33.3 -9.70825
33.4 -9.7084
33.5 -9.70855
33.6 -9.7087
33.7 -9.70885
33.8 -9.709
33.9 -9.70915
34 -9.70931
34.1 -9.70946
34.2 -9.70962
34.3 -9.70977
34.4 -9.70993
34.5 -9.71009
34.6 -9.71025
34.7 -9.71041
34.8 -9.71058
34.9 -9.71074
35 -9.7109
35.1 -9.71107
35.2 -9.71124
35.3 -9.7114
35.4 -9.71157
35.5 -9.71174
35.6 -9.71191
35.7 -9.71209
35.8 -9.71226
35.9 -9.71243
36 -9.71261
36.1 -9.71279
36.2 -9.71297
36.3 -9.71315
36.4 -9.71333
36.5 -9.71351
36.6 -9.71369
36.7 -9.71387
36.8 -9.71406
36.9 -9.71424
37 -9.71443
37.1 -9.71462
37.2 -9.71481
37.3 -9.715
37.4 -9.71519
37.5 -9.71539
37.6 -9.71558
37.7 -9.71578
37.8 -9.71597
37.9 -9.71617
38 -9.71637
38.1 -9.71657
38.2 -9.71677
38.3 -9.71697
38.4 -9.71718
38.5 -9.71738
38.6 -9.71759
38.7 -9.71779
38.8 -9.718
38.9 -9.71821
39 -9.71842
39.1 -9.71863
39.2 -9.71885
39.3 -9.71906
39.4 -9.71928
39.5 -9.71949
39.6 -9.71971
39.7 -9.71993
39.8 -9.72015
39.9 -9.72037
40 -9.72059
40.1 -9.72081
40.2 -9.72104
40.3 -9.72126
40.4 -9.72149
40.5 -9.72172
40.6 -9.72195
40.7 -9.72218
40.8 -9.72241
40.9 -9.72264
41 -9.72287
41.1 -9.72311
41.2 -9.72334
41.3 -9.72358
41.4 -9.72382
41.5 -9.72406
41.6 -9.7243
41.7 -9.72454
41.8 -9.72478
41.9 -9.72502
42 -9.72527
42.1 -9.72551
42.2 -9.72576
42.3 -9.726
42.4 -9.72625
42.5 -9.7265
42.6 -9.72675
42.7 -9.727
42.8 -9.72726
42.9 -9.72751
43 -9.72776
43.1 -9.72802
43.2 -9.72828
43.3 -9.72853
43.4 -9.72879
43.5 -9.72905
43.6 -9.72931
43.7 -9.72957
43.8 -9.72984
43.9 -9.7301
44 -9.73036
44.1 -9.73063
44.2 -9.73089
44.3 -9.73116
44.4 -9.73143
44.5 -9.7317
44.6 -9.73197
44.7 -9.73224
44.8 -9.73251
44.9 -9.73278
45 -9.73305
45.1 -9.73333
45.2 -9.7336
45.3 -9.73387
45.4 -9.73415
45.5 -9.73443
45.6 -9.7347
45.7 -9.73498
45.8 -9.73526
45.9 -9.73554
46 -9.73582
46.1 -9.7361
46.2 -9.73638
46.3 -9.73667
46.4 -9.73695
46.5 -9.73723
46.6 -9.73752
46.7 -9.7378
46.8 -9.73809
46.9 -9.73837
47 -9.73866
47.1 -9.73895
47.2 -9.73924
47.3 -9.73953
47.4 -9.73981
47.5 -9.7401
47.6 -9.74039
47.7 -9.74068
47.8 -9.74098
47.9 -9.74127
48 -9.74156
48.1 -9.74185
48.2 -9.74214
48.3 -9.74244
48.4 -9.74273
48.5 -9.74302
48.6 -9.74332
48.7 -9.74361
48.8 -9.74391
48.9 -9.7442
49 -9.7445
49.1 -9.74479
49.2 -9.74509
49.3 -9.74539
49.4 -9.74568
49.5 -9.74598
49.6 -9.74628
49.7 -9.74657
49.8 -9.74687
49.9 -9.74717
50 -9.74747
50.1 -9.74776
50.2 -9.74806
50.3 -9.74836
50.4 -9.74866
50.5 -9.74896
50.6 -9.74925
50.7 -9.74955
50.8 -9.74985
50.9 -9.75015
51 -9.75045
51.1 -9.75074
51.2 -9.75104
51.3 -9.75134
51.4 -9.75164
51.5 -9.75194
51.6 -9.75223
51.7 -9.75253
51.8 -9.75283
51.9 -9.75313
52 -9.75342
52.1 -9.75372
52.2 -9.75402
52.3 -9.75431
52.4 -9.75461
52.5 -9.75491
52.6 -9.7552
52.7 -9.7555
52.8 -9.75579
52.9 -9.75609
53 -9.75638
53.1 -9.75668
53.2 -9.75697
53.3 -9.75726
53.4 -9.75756
53.5 -9.75785
53.6 -9.75814
53.7 -9.75844
53.8 -9.75873
53.9 -9.75902
54 -9.75931
54.1 -9.7596
54.2 -9.75989
54.3 -9.76018
54.4 -9.76047
54.5 -9.76076
54.6 -9.76104
54.7 -9.76133
54.8 -9.76162
54.9 -9.76191
55 -9.76219
55.1 -9.76248
55.2 -9.76276
55.3 -9.76305
55.4 -9.76333
55.5 -9.76361
55.6 -9.7639
55.7 -9.76418
55.8 -9.76446
55.9 -9.76474
56 -9.76502
56.1 -9.7653
56.2 -9.76558
56.3 -9.76586
56.4 -9.76613
56.5 -9.76641
56.6 -9.76669
56.7 -9.76696
56.8 -9.76724
56.9 -9.76751
57 -9.76778
57.1 -9.76806
57.2 -9.76833
57.3 -9.7686
57.4 -9.76887
57.5 -9.76914
57.6 -9.76941
57.7 -9.76968
57.8 -9.76995
57.9 -9.77021
58 -9.77048
58.1 -9.77075
58.2 -9.77101
58.3 -9.77127
58.4 -9.77154
58.5 -9.7718
58.6 -9.77206
58.7 -9.77232
58.8 -9.77258
58.9 -9.77284
59 -9.7731
59.1 -9.77336
59.2 -9.77362
59.3 -9.77387
59.4 -9.77413
59.5 -9.77439
59.6 -9.77464
59.7 -9.77489
59.8 -9.77515
59.9 -9.7754
60 -9.77565
60.1 -9.7759
60.2 -9.77615
60.3 -9.7764
60.4 -9.77665
60.5 -9.77689
60.6 -9.77714
60.7 -9.77739
60.8 -9.77763
60.9 -9.77788
61 -9.77812
61.1 -9.77836
61.2 -9.7786
61.3 -9.77885
61.4 -9.77909
61.5 -9.77933
61.6 -9.77957
61.7 -9.7798
61.8 -9.78004
61.9 -9.78028
62 -9.78051
62.1 -9.78075
62.2 -9.78098
62.3 -9.78122
62.4 -9.78145
62.5 -9.78168
62.6 -9.78191
62.7 -9.78215
62.8 -9.78238
62.9 -9.78261
63 -9.78283
63.1 -9.78306
63.2 -9.78329
63.3 -9.78352
63.4 -9.78374
63.5 -9.78397
63.6 -9.78419
63.7 -9.78442
63.8 -9.78464
63.9 -9.78486
64 -9.78508
64.1 -9.7853
64.2 -9.78552
64.3 -9.78574
64.4 -9.78596
64.5 -9.78618
64.6 -9.7864
64.7 -9.78661
64.8 -9.78683
64.9 -9.78705
65 -9.78726
65.1 -9.78747
65.2 -9.78769
65.3 -9.7879
65.4 -9.78811
65.5 -9.78832
65.6 -9.78853
65.7 -9.78874
65.8 -9.78895
65.9 -9.78916
66 -9.78937
66.1 -9.78958
66.2 -9.78978
66.3 -9.78999
66.4 -9.79019
66.5 -9.7904
66.6 -9.7906
66.7 -9.79081
66.8 -9.79101
66.9 -9.79121
67 -9.79141
67.1 -9.79161
67.2 -9.79181
67.3 -9.79201
67.4 -9.79221
67.5 -9.79241
67.6 -9.79261
67.7 -9.7928
67.8 -9.793
67.9 -9.7932
68 -9.79339
68.1 -9.79359
68.2 -9.79378
68.3 -9.79397
68.4 -9.79416
68.5 -9.79436
68.6 -9.79455
68.7 -9.79474
68.8 -9.79493
68.9 -9.79512
69 -9.79531
69.1 -9.79549
69.2 -9.79568
69.3 -9.79587
69.4 -9.79605
69.5 -9.79624
69.6 -9.79642
69.7 -9.79661
69.8 -9.79679
69.9 -9.79698
70 -9.79716
70.1 -9.79734
70.2 -9.79752
70.3 -9.7977
70.4 -9.79788
70.5 -9.79806
70.6 -9.79824
70.7 -9.79842
70.8 -9.79859
70.9 -9.79877
71 -9.79895
71.1 -9.79912
71.2 -9.7993
71.3 -9.79947
71.4 -9.79965
71.5 -9.79982
71.6 -9.79999
71.7 -9.80016
71.8 -9.80034
71.9 -9.80051
72 -9.80068
72.1 -9.80085
72.2 -9.80101
72.3 -9.80118
72.4 -9.80135
72.5 -9.80152
72.6 -9.80168
72.7 -9.80185
72.8 -9.80201
72.9 -9.80218
73 -9.80234
73.1 -9.80251
73.2 -9.80267
73.3 -9.80283
73.4 -9.80299
73.5 -9.80315
73.6 -9.80331
73.7 -9.80347
73.8 -9.80363
73.9 -9.80379
74 -9.80395
74.1 -9.80411
74.2 -9.80426
74.3 -9.80442
74.4 -9.80457
74.5 -9.80473
74.6 -9.80488
74.7 -9.80504
74.8 -9.80519
74.9 -9.80534
75 -9.80549
75.1 -9.80564
75.2 -9.80579
75.3 -9.80594
75.4 -9.80609
75.5 -9.80624
75.6 -9.80639
75.7 -9.80654
75.8 -9.80668
75.9 -9.80683
76 -9.80698
76.1 -9.80712
76.2 -9.80727
76.3 -9.80741
76.4 -9.80755
76.5 -9.8077
76.6 -9.80784
76.7 -9.80798
76.8 -9.80812
76.9 -9.80826
77 -9.8084
77.1 -9.80854
77.2 -9.80868
77.3 -9.80881
77.4 -9.80895
77.5 -9.80909
77.6 -9.80922
77.7 -9.80936
77.8 -9.80949
77.9 -9.80963
78 -9.80976
78.1 -9.80989
78.2 -9.81003
78.3 -9.81016
78.4 -9.81029
78.5 -9.81042
78.6 -9.81055
78.7 -9.81068
78.8 -9.81081
78.9 -9.81094
79 -9.81106
79.1 -9.81119
79.2 -9.81132
79.3 -9.81144
79.4 -9.81157
79.5 -9.81169
79.6 -9.81182
79.7 -9.81194
79.8 -9.81206
79.9 -9.81218
80 -9.81231
80.1 -9.81243
80.2 -9.81255
80.3 -9.81267
80.4 -9.81279
80.5 -9.81291
80.6 -9.81302
80.7 -9.81314
80.8 -9.81326
80.9 -9.81337
81 -9.81349
81.1 -9.81361
81.2 -9.81372
81.3 -9.81383
81.4 -9.81395
81.5 -9.81406
81.6 -9.81417
81.7 -9.81428
81.8 -9.8144
81.9 -9.81451
82 -9.81462
82.1 -9.81473
82.2 -9.81483
82.3 -9.81494
82.4 -9.81505
82.5 -9.81516
82.6 -9.81526
82.7 -9.81537
82.8 -9.81548
82.9 -9.81558
83 -9.81568
83.1 -9.81579
83.2 -9.81589
83.3 -9.81599
83.4 -9.8161
83.5 -9.8162
83.6 -9.8163
83.7 -9.8164
83.8 -9.8165
83.9 -9.8166
84 -9.8167
84.1 -9.8168
84.2 -9.81689
84.3 -9.81699
84.4 -9.81709
84.5 -9.81718
84.6 -9.81728
84.7 -9.81737
84.8 -9.81747
84.9 -9.81756
85 -9.81766
85.1 -9.81775
85.2 -9.81784
85.3 -9.81793
85.4 -9.81802
85.5 -9.81811
85.6 -9.8182
85.7 -9.81829
85.8 -9.81838
85.9 -9.81847
86 -9.81856
86.1 -9.81865
86.2 -9.81873
86.3 -9.81882
86.4 -9.81891
86.5 -9.81899
86.6 -9.81908
86.7 -9.81916
86.8 -9.81925
86.9 -9.81933
87 -9.81941
87.1 -9.8195
87.2 -9.81958
87.3 -9.81966
87.4 -9.81974
87.5 -9.81982
87.6 -9.8199
87.7 -9.81998
87.8 -9.82006
87.9 -9.82014
88 -9.82021
88.1 -9.82029
88.2 -9.82037
88.3 -9.82045
88.4 -9.82052
88.5 -9.8206
88.6 -9.82067
88.7 -9.82075
88.8 -9.82082
88.9 -9.82089
89 -9.82097
89.1 -9.82104
89.2 -9.82111
89.3 -9.82118
89.4 -9.82126
89.5 -9.82133
89.6 -9.8214
89.7 -9.82147
89.8 -9.82154
89.9 -9.8216
90 -9.82167
90.1 -9.82174
90.2 -9.82181
90.3 -9.82188
90.4 -9.82194
90.5 -9.82201
90.6 -9.82207
90.7 -9.82214
90.8 -9.8222
90.9 -9.82227
91 -9.82233
91.1 -9.8224
91.2 -9.82246
91.3 -9.82252
91.4 -9.82258
91.5 -9.82265
91.6 -9.82271
91.7 -9.82277
91.8 -9.82283
91.9 -9.82289
92 -9.82295
92.1 -9.82301
92.2 -9.82307
92.3 -9.82312
92.4 -9.82318
92.5 -9.82324
92.6 -9.8233
92.7 -9.82335
92.8 -9.82341
92.9 -9.82346
93 -9.82352
93.1 -9.82358
93.2 -9.82363
93.3 -9.82368
93.4 -9.82374
93.5 -9.82379
93.6 -9.82384
93.7 -9.8239
93.8 -9.82395
93.9 -9.824
94 -9.82405
94.1 -9.8241
94.2 -9.82415
94.3 -9.8242
94.4 -9.82425
94.5 -9.8243
94.6 -9.82435
94.7 -9.8244
94.8 -9.82445
94.9 -9.8245
95 -9.82454
95.1 -9.82459
95.2 -9.82464
95.3 -9.82468
95.4 -9.82473
95.5 -9.82478
95.6 -9.82482
95.7 -9.82487
95.8 -9.82491
95.9 -9.82495
96 -9.825
96.1 -9.82504
96.2 -9.82508
96.3 -9.82513
96.4 -9.82517
96.5 -9.82521
96.6 -9.82525
96.7 -9.82529
96.8 -9.82534
96.9 -9.82538
97 -9.82542
97.1 -9.82546
97.2 -9.8255
97.3 -9.82553
97.4 -9.82557
97.5 -9.82561
97.6 -9.82565
97.7 -9.82569
97.8 -9.82573
97.9 -9.82576
98 -9.8258
98.1 -9.82584
98.2 -9.82587
98.3 -9.82591
98.4 -9.82594
98.5 -9.82598
98.6 -9.82601
98.7 -9.82605
98.8 -9.82608
98.9 -9.82612
99 -9.82615
99.1 -9.82618
99.2 -9.82622
99.3 -9.82625
99.4 -9.82628
99.5 -9.82631
99.6 -9.82635
99.7 -9.82638
99.8 -9.82641
99.9 -9.82644
100 -9.82647
100.001 -10
