0 -4.7401
0.1 -4.73049
0.2 -4.77186
0.3 -4.77695
0.4 -4.69512
0.5 -4.75708
0.6 -4.71447
0.7 -4.76372
0.8 -4.76606
0.9 -4.72966
1 -4.784
1.1 -4.71711
1.2 -4.73617
1.3 -4.7132
1.4 -4.66713
1.5 -4.67909
1.6 -4.74743
1.7 -4.71226
1.8 -4.73582
1.9 -4.67879
2 -4.69653
2.1 -4.72844
2.2 -4.71436
2.3 -4.70993
2.4 -4.74346
2.5 -4.68953
2.6 -4.74058
2.7 -4.74721
2.8 -4.72704
2.9 -4.69635
3 -4.68234
3.1 -4.70335
3.2 -4.7165
3.3 -4.71227
3.4 -4.71589
3.5 -4.68676
3.6 -4.69483
3.7 -4.70098
3.8 -4.69965
3.9 -4.74568
4 -4.69079
4.1 -4.7225
4.2 -4.67947
4.3 -4.69196
4.4 -4.69382
4.5 -4.69994
4.6 -4.6982
4.7 -4.66895
4.8 -4.72854
4.9 -4.65373
5 -4.68546
5.1 -4.68543
5.2 -4.68174
5.3 -4.67189
5.4 -4.68089
5.5 -4.68852
5.6 -4.63663
5.7 -4.63946
5.8 -4.68329
5.9 -4.66795
6 -4.64858
6.1 -4.69832
6.2 -4.72899
6.3 -4.66668
6.4 -4.65832
6.5 -4.64883
6.6 -4.66531
6.7 -4.68839
6.8 -4.72626
6.9 -4.66121
7 -4.66017
7.1 -4.65876
7.2 -4.64595
7.3 -4.65803
7.4 -4.67576
7.5 -4.69905
7.6 -4.6407
7.7 -4.63301
7.8 -4.63021
7.9 -4.66632
8 -4.61929
8.1 -4.59586
8.2 -4.59298
8.3 -4.63558
8.4 -4.59373
8.5 -4.63804
8.6 -4.62694
8.7 -4.6076
8.8 -4.63521
8.9 -4.66997
9 -4.65165
9.1 -4.5869
9.2 -4.59649
9.3 -4.57073
9.4 -4.61048
9.5 -4.59468
9.6 -4.5657
9.7 -4.64372
9.8 -4.68525
9.9 -4.63301
10 -4.62487
10.1 -4.61436
10.2 -4.64472
10.3 -4.61553
10.4 -4.61491
10.5 -4.57349
10.6 -4.67041
10.7 -4.64704
10.8 -4.60557
10.9 -4.58338
11 -4.61921
11.1 -4.57547
11.2 -4.61637
11.3 -4.63538
11.4 -4.64888
11.5 -4.62509
11.6 -4.63839
11.7 -4.60766
11.8 -4.61199
11.9 -4.60961
12 -4.58454
12.1 -4.65756
12.2 -4.57467
12.3 -4.63678
12.4 -4.62508
12.5 -4.61931
12.6 -4.60609
12.7 -4.5954
12.8 -4.61873
12.9 -4.58705
13 -4.60158
13.1 -4.63866
13.2 -4.64977
13.3 -4.59093
13.4 -4.59751
13.5 -4.58998
13.6 -4.61728
13.7 -4.54217
13.8 -4.61922
13.9 -4.58002
14 -4.59302
14.1 -4.55641
14.2 -4.62984
14.3 -4.60394
14.4 -4.56975
14.5 -4.51473
14.6 -4.5635
14.7 -4.59118
14.8 -4.61503
14.9 -4.59315
15 -4.60858
15.1 -4.63694
15.2 -4.55634
15.3 -4.58886
15.4 -4.6011
15.5 -4.61113
15.6 -4.56784
15.7 -4.59353
15.8 -4.621
15.9 -4.61126
16 -4.60885
16.1 -4.5645
16.2 -4.57206
16.3 -4.60037
16.4 -4.58224
16.5 -4.5977
16.6 -4.60218
16.7 -4.62861
16.8 -4.62636
16.9 -4.562
17 -4.60992
17.1 -4.58622
17.2 -4.61175
17.3 -4.52466
17.4 -4.56693
17.5 -4.61615
17.6 -4.60357
17.7 -4.56438
17.8 -4.51922
17.9 -4.57187
18 -4.61992
18.1 -4.61573
18.2 -4.58601
18.3 -4.59485
18.4 -4.54385
18.5 -4.55772
18.6 -4.60485
18.7 -4.59054
18.8 -4.55663
18.9 -4.5801
19 -4.52673
19.1 -4.61233
19.2 -4.54279
19.3 -4.61685
19.4 -4.56575
19.5 -4.54429
19.6 -4.61915
19.7 -4.5295
19.8 -4.60659
19.9 -4.58632
20 -4.59618
20.1 -4.59689
20.2 -4.5507
20.3 -4.56398
20.4 -4.57857
20.5 -4.61627
20.6 -4.57885
20.7 -4.60349
20.8 -4.62364
20.9 -4.59827
21 -4.61017
21.1 -4.61696
21.2 -4.57344
21.3 -4.57229
21.4 -4.57441
21.5 -4.54282
21.6 -4.59587
21.7 -4.55009
21.8 -4.57477
21.9 -4.56013
22 -4.56935
22.1 -4.60023
22.2 -4.61165
22.3 -4.58243
22.4 -4.57213
22.5 -4.62825
22.6 -4.62037
22.7 -4.58199
22.8 -4.54004
22.9 -4.54195
23 -4.54554
23.1 -4.56625
23.2 -4.56853
23.3 -4.56877
23.4 -4.5492
23.5 -4.58564
23.6 -4.59659
23.7 -4.54708
23.8 -4.54427
23.9 -4.58227
24 -4.55914
24.1 -4.5904
24.2 -4.5346
24.3 -4.56757
24.4 -4.55645
24.5 -4.53734
24.6 -4.48623
24.7 -4.54175
24.8 -4.52774
24.9 -4.54926
25 -4.56379
25.1 -4.5231
25.2 -4.52452
25.3 -4.50849
25.4 -4.51806
25.5 -4.50991
25.6 -4.49592
25.7 -4.54193
25.8 -4.55409
25.9 -4.50273
26 -4.53208
26.1 -4.52878
26.2 -4.5373
26.3 -4.50927
26.4 -4.49426
26.5 -4.55827
26.6 -4.48846
26.7 -4.53411
26.8 -4.5573
26.9 -4.54783
27 -4.53181
27.1 -4.55264
27.2 -4.54096
27.3 -4.52134
27.4 -4.56088
27.5 -4.53392
27.6 -4.54386
27.7 -4.51173
27.8 -4.52136
27.9 -4.48023
28 -4.51391
28.1 -4.54165
28.2 -4.55997
28.3 -4.57018
28.4 -4.55615
28.5 -4.51321
28.6 -4.51471
28.7 -4.58172
28.8 -4.55123
28.9 -4.50883
29 -4.577
29.1 -4.55461
29.2 -4.5523
29.3 -4.54586
29.4 -4.50525
29.5 -4.5147
29.6 -4.5347
29.7 -4.51173
29.8 -4.46816
29.9 -4.5262
30 -4.58057
30.1 -4.53274
30.2 -4.54358
30.3 -4.52373
30.4 -4.51684
30.5 -4.55729
30.6 -4.51432
30.7 -4.59142
30.8 -4.54006
30.9 -4.55961
31 -4.50116
31.1 -4.51105
31.2 -4.5145
31.3 -4.52073
31.4 -4.50727
31.5 -4.53847
31.6 -4.54845
31.7 -4.55082
31.8 -4.49354
31.9 -4.51967
32 -4.53423
32.1 -4.47299
32.2 -4.54353
32.3 -4.52975
32.4 -4.53088
32.5 -4.51041
32.6 -4.54742
32.7 -4.51042
32.8 -4.52023
32.9 -4.54255
33 -4.49192
33.1 -4.49427
33.2 -4.52921
33.3 -4.51907
33.4 -4.47495
33.5 -4.44981
33.6 -4.45878
33.7 -4.51122
33.8 -4.51949
33.9 -4.51834
34 -4.53258
34.1 -4.50703
34.2 -4.49871
34.3 -4.53234
34.4 -4.42802
34.5 -4.51845
34.6 -4.49041
34.7 -4.51669
34.8 -4.52764
34.9 -4.54897
35 -4.47737
35.1 -4.46717
35.2 -4.5262
35.3 -4.48482
35.4 -4.51232
35.5 -4.47853
35.6 -4.5003
35.7 -4.52228
35.8 -4.48145
35.9 -4.47081
36 -4.54746
36.1 -4.50802
36.2 -4.47384
36.3 -4.54217
36.4 -4.52206
36.5 -4.49491
36.6 -4.53645
36.7 -4.5311
36.8 -4.51848
36.9 -4.53038
37 -4.55296
37.1 -4.5099
37.2 -4.54864
37.3 -4.50427
37.4 -4.45367
37.5 -4.48951
37.6 -4.514
37.7 -4.44467
37.8 -4.47787
37.9 -4.51213
38 -4.48887
38.1 -4.53065
38.2 -4.49408
38.3 -4.50775
38.4 -4.51611
38.5 -4.51561
38.6 -4.48154
38.7 -4.50081
38.8 -4.52052
38.9 -4.50495
39 -4.5041
39.1 -4.49049
39.2 -4.48211
39.3 -4.5137
39.4 -4.43552
39.5 -4.52625
39.6 -4.5117
39.7 -4.51553
39.8 -4.4813
39.9 -4.54516
40 -4.48451
40.1 -4.51228
40.2 -4.51711
40.3 -4.52234
40.4 -4.53871
40.5 -4.54215
40.6 -4.53513
40.7 -4.51617
40.8 -4.51032
40.9 -4.56137
41 -4.52427
41.1 -4.51174
41.2 -4.51083
41.3 -4.53051
41.4 -4.51302
41.5 -4.51364
41.6 -4.51114
41.7 -4.48927
41.8 -4.4632
41.9 -4.50448
42 -4.52637
42.1 -4.55165
42.2 -4.51813
42.3 -4.45213
42.4 -4.52916
42.5 -4.47087
42.6 -4.47715
42.7 -4.51545
42.8 -4.50081
42.9 -4.54618
43 -4.45485
43.1 -4.49227
43.2 -4.49984
43.3 -4.49771
43.4 -4.50811
43.5 -4.56358
43.6 -4.48254
43.7 -4.44929
43.8 -4.51279
43.9 -4.49785
44 -4.51558
44.1 -4.48853
44.2 -4.48212
44.3 -4.54134
44.4 -4.53951
44.5 -4.49779
44.6 -4.46599
44.7 -4.53469
44.8 -4.49967
44.9 -4.4903
45 -4.49879
45.1 -4.48422
45.2 -4.49773
45.3 -4.47275
45.4 -4.48359
45.5 -4.51533
45.6 -4.44454
45.7 -4.44958
45.8 -4.46581
45.9 -4.42827
46 -4.48446
46.1 -4.4607
46.2 -4.45752
46.3 -4.42522
46.4 -4.4433
46.5 -4.47131
46.6 -4.47958
46.7 -4.43975
46.8 -4.48647
46.9 -4.46385
47 -4.45114
47.1 -4.45423
47.2 -4.4355
47.3 -4.47461
47.4 -4.48525
47.5 -4.45612
47.6 -4.45962
47.7 -4.43137
47.8 -4.44014
47.9 -4.48653
48 -4.44027
48.1 -4.45297
48.2 -4.42804
48.3 -4.48117
48.4 -4.49077
48.5 -4.44004
48.6 -4.43873
48.7 -4.49187
48.8 -4.51355
48.9 -4.45975
49 -4.47649
49.1 -4.48397
49.2 -4.45711
49.3 -4.44441
49.4 -4.46139
49.5 -4.45906
49.6 -4.43103
49.7 -4.46387
49.8 -4.43746
49.9 -4.48824
50 -4.49553
50.1 -4.43325
50.2 -4.50004
50.3 -4.45862
50.4 -4.45569
50.5 -4.47583
50.6 -4.46809
50.7 -4.48176
50.8 -4.50039
50.9 -4.46371
51 -4.51827
51.1 -4.52598
51.2 -4.44863
51.3 -4.45219
51.4 -4.46128
51.5 -4.49884
51.6 -4.5083
51.7 -4.48373
51.8 -4.45616
51.9 -4.45704
52 -4.54678
52.1 -4.48662
52.2 -4.48255
52.3 -4.44646
52.4 -4.44752
52.5 -4.5156
52.6 -4.50918
52.7 -4.44015
52.8 -4.49878
52.9 -4.47028
53 -4.48172
53.1 -4.44396
53.2 -4.45773
53.3 -4.47652
53.4 -4.50646
53.5 -4.43634
53.6 -4.49477
53.7 -4.50691
53.8 -4.43842
53.9 -4.42736
54 -4.52158
54.1 -4.45359
54.2 -4.5005
54.3 -4.42119
54.4 -4.46079
54.5 -4.51528
54.6 -4.46767
54.7 -4.44136
54.8 -4.48747
54.9 -4.50328
55 -4.43275
55.1 -4.41687
55.2 -4.43589
55.3 -4.49666
55.4 -4.46365
55.5 -4.52736
55.6 -4.48532
55.7 -4.47747
55.8 -4.49448
55.9 -4.42971
56 -4.49521
56.1 -4.46987
56.2 -4.51479
56.3 -4.50557
56.4 -4.52001
56.5 -4.45639
56.6 -4.47184
56.7 -4.44823
56.8 -4.44948
56.9 -4.47392
57 -4.45574
57.1 -4.49795
57.2 -4.49697
57.3 -4.47056
57.4 -4.48134
57.5 -4.45834
57.6 -4.49751
57.7 -4.53137
57.8 -4.46477
57.9 -4.44207
58 -4.42199
58.1 -4.49878
58.2 -4.45402
58.3 -4.49953
58.4 -4.48698
58.5 -4.53974
58.6 -4.43812
58.7 -4.5067
58.8 -4.49203
58.9 -4.51924
59 -4.48012
59.1 -4.52119
59.2 -4.49682
59.3 -4.4735
59.4 -4.47706
59.5 -4.50787
59.6 -4.49267
59.7 -4.45584
59.8 -4.46256
59.9 -4.5013
60 -4.49702
60.1 -4.50971
60.2 -4.46899
60.3 -4.48441
60.4 -4.49729
60.5 -4.48654
60.6 -4.49744
60.7 -4.4629
60.8 -4.50461
60.9 -4.48012
61 -4.49828
61.1 -4.50287
61.2 -4.49055
61.3 -4.51563
61.4 -4.5062
61.5 -4.54145
61.6 -4.52874
61.7 -4.50687
61.8 -4.51703
61.9 -4.52149
62 -4.4841
62.1 -4.48075
62.2 -4.48311
62.3 -4.49332
62.4 -4.49229
62.5 -4.5011
62.6 -4.51715
62.7 -4.45645
62.8 -4.51587
62.9 -4.47991
63 -4.50605
63.1 -4.52301
63.2 -4.47284
63.3 -4.51459
63.4 -4.49745
63.5 -4.52212
63.6 -4.51548
63.7 -4.46814
63.8 -4.50406
63.9 -4.49237
64 -4.46376
64.1 -4.47353
64.2 -4.48895
64.3 -4.48147
64.4 -4.50455
64.5 -4.46727
64.6 -4.48812
64.7 -4.53584
64.8 -4.47931
64.9 -4.48295
65 -4.51288
65.1 -4.48994
65.2 -4.52618
65.3 -4.51181
65.4 -4.53735
65.5 -4.46224
65.6 -4.48701
65.7 -4.54565
65.8 -4.51352
65.9 -4.49933
66 -4.45055
66.1 -4.4984
66.2 -4.48507
66.3 -4.46992
66.4 -4.49683
66.5 -4.48627
66.6 -4.47462
66.7 -4.50816
66.8 -4.49209
66.9 -4.48204
67 -4.51095
67.1 -4.4739
67.2 -4.48966
67.3 -4.49245
67.4 -4.56684
67.5 -4.46861
67.6 -4.47437
67.7 -4.45663
67.8 -4.51155
67.9 -4.47232
68 -4.50073
68.1 -4.49098
68.2 -4.52347
68.3 -4.48867
68.4 -4.50294
68.5 -4.53225
68.6 -4.51791
68.7 -4.43547
68.8 -4.48795
68.9 -4.48307
69 -4.50197
69.1 -4.4943
69.2 -4.4147
69.3 -4.47643
69.4 -4.46572
69.5 -4.4693
69.6 -4.46209
69.7 -4.43959
69.8 -4.49135
69.9 -4.45209
70 -4.44953
70.1 -4.4253
70.2 -4.49279
70.3 -4.4854
70.4 -4.51398
70.5 -4.45157
70.6 -4.48007
70.7 -4.5084
70.8 -4.47994
70.9 -4.50777
71 -4.50476
71.1 -4.46952
71.2 -4.48203
71.3 -4.47426
71.4 -4.46267
71.5 -4.41888
71.6 -4.4311
71.7 -4.4363
71.8 -4.48791
71.9 -4.41066
72 -4.45767
72.1 -4.50275
72.2 -4.51783
72.3 -4.48818
72.4 -4.46904
72.5 -4.48111
72.6 -4.48939
72.7 -4.51559
72.8 -4.53231
72.9 -4.48398
73 -4.44219
73.1 -4.48154
73.2 -4.49866
73.3 -4.47317
73.4 -4.49124
73.5 -4.52148
73.6 -4.46335
73.7 -4.48756
73.8 -4.48288
73.9 -4.43236
74 -4.46691
74.1 -4.49233
74.2 -4.46806
74.3 -4.4844
74.4 -4.45451
74.5 -4.51301
74.6 -4.49571
74.7 -4.50656
74.8 -4.51812
74.9 -4.48628
75 -4.51204
75.1 -4.48692
75.2 -4.45565
75.3 -4.43818
75.4 -4.49698
75.5 -4.53111
75.6 -4.47274
75.7 -4.50211
75.8 -4.49206
75.9 -4.50941
76 -4.49742
76.1 -4.45725
76.2 -4.50183
76.3 -4.4824
76.4 -4.51948
76.5 -4.44019
76.6 -4.47672
76.7 -4.47695
76.8 -4.51296
76.9 -4.47539
77 -4.44178
77.1 -4.53081
77.2 -4.52249
77.3 -4.47849
77.4 -4.45447
77.5 -4.51324
77.6 -4.46065
77.7 -4.45126
77.8 -4.45719
77.9 -4.47616
78 -4.44765
78.1 -4.4522
78.2 -4.48496
78.3 -4.53918
78.4 -4.51575
78.5 -4.47408
78.6 -4.41025
78.7 -4.50278
78.8 -4.44417
78.9 -4.46877
79 -4.49765
79.1 -4.47709
79.2 -4.46941
79.3 -4.4827
79.4 -4.532
79.5 -4.45907
79.6 -4.51923
79.7 -4.49103
79.8 -4.52998
79.9 -4.46808
80 -4.48013
80.1 -4.48366
80.2 -4.4868
80.3 -4.50119
80.4 -4.53358
80.5 -4.52906
80.6 -4.47919
80.7 -4.49487
80.8 -4.46462
80.9 -4.4519
81 -4.48921
81.1 -4.52805
81.2 -4.49301
81.3 -4.57162
81.4 -4.51841
81.5 -4.49787
81.6 -4.50911
81.7 -4.47702
81.8 -4.48981
81.9 -4.50625
82 -4.50888
82.1 -4.4961
82.2 -4.47388
82.3 -4.46759
82.4 -4.48909
82.5 -4.54281
82.6 -4.52429
82.7 -4.47031
82.8 -4.53413
82.9 -4.49042
83 -4.50276
83.1 -4.49081
83.2 -4.52693
83.3 -4.4749
83.4 -4.46018
83.5 -4.50449
83.6 -4.5391
83.7 -4.5319
83.8 -4.47876
83.9 -4.47763
84 -4.51116
84.1 -4.50196
84.2 -4.50339
84.3 -4.50685
84.4 -4.52041
84.5 -4.52246
84.6 -4.51355
84.7 -4.46967
84.8 -4.49399
84.9 -4.52935
85 -4.49723
85.1 -4.51447
85.2 -4.51602
85.3 -4.49121
85.4 -4.53552
85.5 -4.54981
85.6 -4.51324
85.7 -4.50593
85.8 -4.50032
85.9 -4.48024
86 -4.46539
86.1 -4.49077
86.2 -4.54684
86.3 -4.49469
86.4 -4.51619
86.5 -4.48952
86.6 -4.55366
86.7 -4.53631
86.8 -4.52184
86.9 -4.54669
87 -4.51014
87.1 -4.51952
87.2 -4.49667
87.3 -4.49295
87.4 -4.53047
87.5 -4.50765
87.6 -4.47651
87.7 -4.4927
87.8 -4.4919
87.9 -4.47353
88 -4.45912
88.1 -4.46781
88.2 -4.51509
88.3 -4.48084
88.4 -4.52806
88.5 -4.45586
88.6 -4.49363
88.7 -4.4466
88.8 -4.48174
88.9 -4.50242
89 -4.47618
89.1 -4.47073
89.2 -4.46653
89.3 -4.52882
89.4 -4.5134
89.5 -4.48924
89.6 -4.51515
89.7 -4.47356
89.8 -4.47004
89.9 -4.50513
90 -4.52932
90.1 -4.48757
90.2 -4.47818
90.3 -4.47578
90.4 -4.4817
90.5 -4.45399
90.6 -4.51061
90.7 -4.49074
90.8 -4.48875
90.9 -4.45568
91 -4.49298
91.1 -4.5521
91.2 -4.52331
91.3 -4.51305
91.4 -4.51915
91.5 -4.50225
91.6 -4.52007
91.7 -4.48296
91.8 -4.49569
91.9 -4.47614
92 -4.50211
92.1 -4.44084
92.2 -4.4844
92.3 -4.50014
92.4 -4.47779
92.5 -4.48331
92.6 -4.47101
92.7 -4.46645
92.8 -4.54047
92.9 -4.47345
93 -4.48711
93.1 -4.51253
93.2 -4.48628
93.3 -4.49348
93.4 -4.45591
93.5 -4.48978
93.6 -4.44912
93.7 -4.47446
93.8 -4.46762
93.9 -4.46943
94 -4.53187
94.1 -4.4922
94.2 -4.50842
94.3 -4.49883
94.4 -4.50008
94.5 -4.47579
94.6 -4.4679
94.7 -4.49339
94.8 -4.49825
94.9 -4.44952
95 -4.48158
95.1 -4.46513
95.2 -4.4789
95.3 -4.47364
95.4 -4.49573
95.5 -4.5351
95.6 -4.45901
95.7 -4.45994
95.8 -4.48098
95.9 -4.5096
96 -4.51413
96.1 -4.51505
96.2 -4.44653
96.3 -4.50734
96.4 -4.48201
96.5 -4.48599
96.6 -4.49392
96.7 -4.48249
96.8 -4.47372
96.9 -4.46973
97 -4.49068
97.1 -4.45879
97.2 -4.51667
97.3 -4.47689
97.4 -4.53556
97.5 -4.4598
97.6 -4.5261
97.7 -4.53413
97.8 -4.4696
97.9 -4.5104
98 -4.49996
98.1 -4.50189
98.2 -4.52472
98.3 -4.50916
98.4 -4.57225
98.5 -4.54129
98.6 -4.52085
98.7 -4.54895
98.8 -4.51973
98.9 -4.52061
99 -4.47394
99.1 -4.51
99.2 -4.52521
99.3 -4.49597
99.4 -4.50512
99.5 -4.49344
99.6 -4.50612
99.7 -4.5264
99.8 -4.54039
99.9 -4.48067
100 -4.38652
