-1.4266 0.008864
-1.37019 0.053184
-1.31378 0.106368
-1.25737 0.301376
-1.20096 0.35456
-1.14456 0.6648
-1.08815 0.921856
-1.03174 1.03709
-0.975332 1.13459
-0.918924 1.08141
-0.862516 0.850944
-0.806108 0.744576
-0.7497 0.505248
-0.693292 0.292512
-0.636884 0.168416
-0.580476 0.150688
-0.524068 0.08864
-0.46766 0.062048
-0.411252 0.035456
-0.354844 0.053184
-0.298436 0.008864
-0.242028 0.008864
-0.18562 0.008864
-0.129212 0.017728
-0.0728045 0
-0.0163965 0.008864
0.0400114 0
0.0964194 0.008864
0.152827 0.017728
0.209235 0.026592
0.265643 0.008864
0.322051 0.017728
0.378459 0
0.434867 0.04432
0.491275 0.079776
0.547683 0.141824
0.604091 0.159552
0.660499 0.17728
0.716907 0.434336
0.773315 0.57616
0.829723 0.726848
0.886131 0.983904
0.942539 1.13459
0.998947 1.21437
1.05535 1.07254
1.11176 1.01936
1.16817 0.629344
1.22458 0.35456
1.28099 0.124096
1.33739 0.106368
