43.5 1.46658
43.5015 1.40372
43.503 1.34115
43.5045 1.27887
43.506 1.21688
43.5075 1.15518
43.509 1.09377
43.5105 1.03265
43.512 0.971809
43.5135 0.911258
43.515 0.850992
43.5165 0.79101
43.518 0.731313
43.5195 0.671899
43.521 0.612768
43.5225 0.553919
43.524 0.495352
43.5255 0.437065
43.527 0.379059
43.5285 0.321331
43.53 0.263883
43.5315 0.206713
43.533 0.14982
43.5345 0.0932041
43.536 0.0368644
43.5375 -0.0191999
43.539 -0.0749894
43.5405 -0.130505
43.542 -0.185746
43.5435 -0.240715
43.545 -0.295412
43.5465 -0.349837
43.548 -0.403991
43.5495 -0.457875
43.551 -0.511489
43.5525 -0.564835
43.554 -0.617912
43.5555 -0.670721
43.557 -0.723264
43.5585 -0.77554
43.56 -0.82755
43.5615 -0.879295
43.563 -0.930776
43.5645 -0.981993
43.566 -1.03295
43.5675 -1.08364
43.569 -1.13407
43.5705 -1.18424
43.572 -1.23414
43.5735 -1.28379
43.575 -1.33318
43.5765 -1.38231
43.578 -1.43118
43.5795 -1.4798
43.581 -1.52816
43.5825 -1.57626
43.584 -1.6241
43.5855 -1.6717
43.587 -1.71903
43.5885 -1.76612
43.59 -1.81295
43.5915 -1.85953
43.593 -1.90585
43.5945 -1.95193
43.596 -1.99776
43.5975 -2.04333
43.599 -2.08866
43.6006 -2.13374
43.6021 -2.17857
43.6036 -2.22315
43.6051 -2.26749
43.6066 -2.31158
43.6081 -2.35543
43.6096 -2.39903
43.6111 -2.44238
43.6126 -2.4855
43.6141 -2.52837
43.6156 -2.57099
43.6171 -2.61338
43.6186 -2.65553
43.6201 -2.69743
43.6216 -2.7391
43.6231 -2.78052
43.6246 -2.82171
43.6261 -2.86266
43.6276 -2.90338
43.6291 -2.94385
43.6306 -2.98409
43.6321 -3.0241
43.6336 -3.06387
43.6351 -3.1034
43.6366 -3.1427
43.6381 -3.18177
43.6396 -3.22061
43.6411 -3.25922
43.6426 -3.29759
43.6441 -3.33573
43.6456 -3.37365
43.6471 -3.41133
43.6486 -3.44879
43.6501 -3.48601
43.6516 -3.52301
43.6531 -3.55979
43.6546 -3.59633
43.6561 -3.63266
43.6576 -3.66875
43.6591 -3.70462
43.6606 -3.74027
43.6621 -3.7757
43.6636 -3.8109
43.6651 -3.84588
43.6666 -3.88064
43.6681 -3.91517
43.6696 -3.94949
43.6711 -3.98359
43.6726 -4.01747
43.6741 -4.05113
43.6756 -4.08457
43.6771 -4.1178
43.6786 -4.1508
43.6801 -4.1836
43.6816 -4.21617
43.6831 -4.24854
43.6846 -4.28068
43.6861 -4.31262
43.6876 -4.34434
43.6891 -4.37585
43.6906 -4.40714
43.6921 -4.43823
43.6936 -4.4691
43.6951 -4.49977
43.6966 -4.53022
43.6981 -4.56047
43.6996 -4.5905
43.7011 -4.62033
43.7026 -4.64996
43.7041 -4.67937
43.7056 -4.70858
43.7071 -4.73758
43.7086 -4.76638
43.7101 -4.79498
43.7116 -4.82337
43.7131 -4.85156
43.7146 -4.87954
43.7161 -4.90732
43.7176 -4.93491
43.7191 -4.96229
43.7206 -4.98947
43.7221 -5.01645
43.7236 -5.04323
43.7251 -5.06981
43.7266 -5.0962
43.7281 -5.12238
43.7296 -5.14838
43.7311 -5.17417
43.7326 -5.19977
43.7341 -5.22517
43.7356 -5.25038
43.7371 -5.2754
43.7386 -5.30022
43.7401 -5.32485
43.7416 -5.34928
43.7431 -5.37353
43.7446 -5.39758
43.7461 -5.42144
43.7476 -5.44511
43.7491 -5.4686
43.7506 -5.49189
43.7521 -5.515
43.7536 -5.53792
43.7551 -5.56065
43.7566 -5.58319
43.7581 -5.60555
43.7596 -5.62772
43.7611 -5.64971
43.7626 -5.67151
43.7641 -5.69313
43.7656 -5.71457
43.7671 -5.73582
43.7686 -5.75689
43.7701 -5.77778
43.7716 -5.79849
43.7731 -5.81901
43.7746 -5.83936
43.7761 -5.85953
43.7776 -5.87952
43.7791 -5.89933
43.7806 -5.91896
43.7821 -5.93842
43.7836 -5.9577
43.7851 -5.9768
43.7866 -5.99573
43.7881 -6.01448
43.7896 -6.03305
43.7911 -6.05146
43.7926 -6.06969
43.7941 -6.08774
43.7956 -6.10563
43.7971 -6.12334
43.7986 -6.14088
43.8002 -6.15825
43.8017 -6.17545
43.8032 -6.19248
43.8047 -6.20935
43.8062 -6.22604
43.8077 -6.24256
43.8092 -6.25892
43.8107 -6.27511
43.8122 -6.29113
43.8137 -6.30699
43.8152 -6.32269
43.8167 -6.33821
43.8182 -6.35358
43.8197 -6.36878
43.8212 -6.38381
43.8227 -6.39869
43.8242 -6.4134
43.8257 -6.42795
43.8272 -6.44234
43.8287 -6.45656
43.8302 -6.47063
43.8317 -6.48454
43.8332 -6.49829
43.8347 -6.51188
43.8362 -6.52531
43.8377 -6.53859
43.8392 -6.55171
43.8407 -6.56467
43.8422 -6.57747
43.8437 -6.59012
43.8452 -6.60262
43.8467 -6.61496
43.8482 -6.62715
43.8497 -6.63918
43.8512 -6.65106
43.8527 -6.66279
43.8542 -6.67437
43.8557 -6.6858
43.8572 -6.69707
43.8587 -6.7082
43.8602 -6.71917
43.8617 -6.73
43.8632 -6.74067
43.8647 -6.7512
43.8662 -6.76159
43.8677 -6.77182
43.8692 -6.78191
43.8707 -6.79185
43.8722 -6.80164
43.8737 -6.8113
43.8752 -6.8208
43.8767 -6.83016
43.8782 -6.83938
43.8797 -6.84846
43.8812 -6.85739
43.8827 -6.86618
43.8842 -6.87483
43.8857 -6.88334
43.8872 -6.89171
43.8887 -6.89993
43.8902 -6.90802
43.8917 -6.91597
43.8932 -6.92378
43.8947 -6.93145
43.8962 -6.93899
43.8977 -6.94638
43.8992 -6.95364
43.9007 -6.96077
43.9022 -6.96776
43.9037 -6.97461
43.9052 -6.98133
43.9067 -6.98792
43.9082 -6.99437
43.9097 -7.00068
43.9112 -7.00687
43.9127 -7.01292
43.9142 -7.01884
43.9157 -7.02464
43.9172 -7.03029
43.9187 -7.03582
43.9202 -7.04122
43.9217 -7.04649
43.9232 -7.05164
43.9247 -7.05665
43.9262 -7.06153
43.9277 -7.06629
43.9292 -7.07092
43.9307 -7.07543
43.9322 -7.07981
43.9337 -7.08406
43.9352 -7.08819
43.9367 -7.09219
43.9382 -7.09608
43.9397 -7.09983
43.9412 -7.10347
43.9427 -7.10698
43.9442 -7.11037
43.9457 -7.11363
43.9472 -7.11678
43.9487 -7.11981
43.9502 -7.12271
43.9517 -7.1255
43.9532 -7.12816
43.9547 -7.13071
43.9562 -7.13314
43.9577 -7.13545
43.9592 -7.13765
43.9607 -7.13973
43.9622 -7.14169
43.9637 -7.14353
43.9652 -7.14526
43.9667 -7.14688
43.9682 -7.14838
43.9697 -7.14976
43.9712 -7.15104
43.9727 -7.1522
43.9742 -7.15324
43.9757 -7.15418
43.9772 -7.155
43.9787 -7.15571
43.9802 -7.15631
43.9817 -7.1568
43.9832 -7.15718
43.9847 -7.15745
43.9862 -7.15761
43.9877 -7.15767
43.9892 -7.15761
43.9907 -7.15745
43.9922 -7.15718
43.9937 -7.1568
43.9952 -7.15632
43.9967 -7.15573
43.9982 -7.15504
43.9997 -7.15424
44.0013 -7.15333
44.0028 -7.15233
44.0043 -7.15121
44.0058 -7.15
44.0073 -7.14868
44.0088 -7.14726
44.0103 -7.14574
44.0118 -7.14412
44.0133 -7.14239
44.0148 -7.14057
44.0163 -7.13865
44.0178 -7.13662
44.0193 -7.1345
44.0208 -7.13228
44.0223 -7.12996
44.0238 -7.12754
44.0253 -7.12502
44.0268 -7.12241
44.0283 -7.1197
44.0298 -7.1169
44.0313 -7.114
44.0328 -7.111
44.0343 -7.10791
44.0358 -7.10473
44.0373 -7.10145
44.0388 -7.09807
44.0403 -7.09461
44.0418 -7.09105
44.0433 -7.0874
44.0448 -7.08366
44.0463 -7.07983
44.0478 -7.0759
44.0493 -7.07189
44.0508 -7.06778
44.0523 -7.06359
44.0538 -7.0593
44.0553 -7.05493
44.0568 -7.05047
44.0583 -7.04592
44.0598 -7.04129
44.0613 -7.03656
44.0628 -7.03175
44.0643 -7.02686
44.0658 -7.02187
44.0673 -7.01681
44.0688 -7.01166
44.0703 -7.00642
44.0718 -7.0011
44.0733 -6.99569
44.0748 -6.9902
44.0763 -6.98463
44.0778 -6.97898
44.0793 -6.97325
44.0808 -6.96743
44.0823 -6.96153
44.0838 -6.95555
44.0853 -6.94949
44.0868 -6.94335
44.0883 -6.93713
44.0898 -6.93083
44.0913 -6.92446
44.0928 -6.918
44.0943 -6.91147
44.0958 -6.90486
44.0973 -6.89817
44.0988 -6.89141
44.1003 -6.88456
44.1018 -6.87765
44.1033 -6.87065
44.1048 -6.86359
44.1063 -6.85644
44.1078 -6.84923
44.1093 -6.84194
44.1108 -6.83457
44.1123 -6.82714
44.1138 -6.81963
44.1153 -6.81204
44.1168 -6.80439
44.1183 -6.79666
44.1198 -6.78887
44.1213 -6.781
44.1228 -6.77306
44.1243 -6.76505
44.1258 -6.75698
44.1273 -6.74883
44.1288 -6.74062
44.1303 -6.73233
44.1318 -6.72398
44.1333 -6.71556
44.1348 -6.70707
44.1363 -6.69852
44.1378 -6.6899
44.1393 -6.68122
44.1408 -6.67246
44.1423 -6.66365
44.1438 -6.65477
44.1453 -6.64582
44.1468 -6.63681
44.1483 -6.62774
44.1498 -6.6186
44.1513 -6.6094
44.1528 -6.60014
44.1543 -6.59081
44.1558 -6.58143
44.1573 -6.57198
44.1588 -6.56247
44.1603 -6.5529
44.1618 -6.54327
44.1633 -6.53358
44.1648 -6.52383
44.1663 -6.51402
44.1678 -6.50415
44.1693 -6.49423
44.1708 -6.48424
44.1723 -6.4742
44.1738 -6.4641
44.1753 -6.45395
44.1768 -6.44374
44.1783 -6.43347
44.1798 -6.42314
44.1813 -6.41276
44.1828 -6.40233
44.1843 -6.39184
44.1858 -6.38129
44.1873 -6.3707
44.1888 -6.36005
44.1903 -6.34934
44.1918 -6.33858
44.1933 -6.32777
44.1948 -6.31691
44.1963 -6.306
44.1978 -6.29503
44.1993 -6.28401
44.2009 -6.27295
44.2024 -6.26183
44.2039 -6.25066
44.2054 -6.23944
44.2069 -6.22818
44.2084 -6.21686
44.2099 -6.2055
44.2114 -6.19408
44.2129 -6.18262
44.2144 -6.17111
44.2159 -6.15956
44.2174 -6.14796
44.2189 -6.13631
44.2204 -6.12461
44.2219 -6.11287
44.2234 -6.10109
44.2249 -6.08926
44.2264 -6.07738
44.2279 -6.06546
44.2294 -6.0535
44.2309 -6.04149
44.2324 -6.02944
44.2339 -6.01735
44.2354 -6.00521
44.2369 -5.99303
44.2384 -5.98081
44.2399 -5.96855
44.2414 -5.95625
44.2429 -5.9439
44.2444 -5.93152
44.2459 -5.91909
44.2474 -5.90663
44.2489 -5.89412
44.2504 -5.88158
44.2519 -5.869
44.2534 -5.85638
44.2549 -5.84372
44.2564 -5.83102
44.2579 -5.81828
44.2594 -5.80551
44.2609 -5.7927
44.2624 -5.77986
44.2639 -5.76698
44.2654 -5.75406
44.2669 -5.7411
44.2684 -5.72812
44.2699 -5.71509
44.2714 -5.70204
44.2729 -5.68894
44.2744 -5.67582
44.2759 -5.66266
44.2774 -5.64947
44.2789 -5.63624
44.2804 -5.62298
44.2819 -5.60969
44.2834 -5.59637
44.2849 -5.58301
44.2864 -5.56963
44.2879 -5.55621
44.2894 -5.54276
44.2909 -5.52929
44.2924 -5.51578
44.2939 -5.50224
44.2954 -5.48867
44.2969 -5.47508
44.2984 -5.46145
44.2999 -5.4478
44.3014 -5.43412
44.3029 -5.42041
44.3044 -5.40667
44.3059 -5.39291
44.3074 -5.37912
44.3089 -5.3653
44.3104 -5.35146
44.3119 -5.33759
44.3134 -5.32369
44.3149 -5.30977
44.3164 -5.29583
44.3179 -5.28186
44.3194 -5.26786
44.3209 -5.25384
44.3224 -5.2398
44.3239 -5.22574
44.3254 -5.21165
44.3269 -5.19753
44.3284 -5.1834
44.3299 -5.16924
44.3314 -5.15506
44.3329 -5.14086
44.3344 -5.12664
44.3359 -5.1124
44.3374 -5.09813
44.3389 -5.08385
44.3404 -5.06955
44.3419 -5.05522
44.3434 -5.04088
44.3449 -5.02651
44.3464 -5.01213
44.3479 -4.99773
44.3494 -4.98331
44.3509 -4.96887
44.3524 -4.95442
44.3539 -4.93994
44.3554 -4.92545
44.3569 -4.91095
44.3584 -4.89642
44.3599 -4.88188
44.3614 -4.86732
44.3629 -4.85275
44.3644 -4.83816
44.3659 -4.82356
44.3674 -4.80894
44.3689 -4.79431
44.3704 -4.77966
44.3719 -4.765
44.3734 -4.75033
44.3749 -4.73564
44.3764 -4.72094
44.3779 -4.70622
44.3794 -4.69149
44.3809 -4.67675
44.3824 -4.662
44.3839 -4.64724
44.3854 -4.63246
44.3869 -4.61767
44.3884 -4.60288
44.3899 -4.58807
44.3914 -4.57325
44.3929 -4.55842
44.3944 -4.54358
44.3959 -4.52873
44.3974 -4.51387
44.3989 -4.499
44.4005 -4.48413
44.402 -4.46924
44.4035 -4.45435
44.405 -4.43945
44.4065 -4.42454
44.408 -4.40962
44.4095 -4.3947
44.411 -4.37977
44.4125 -4.36483
44.414 -4.34989
44.4155 -4.33494
44.417 -4.31998
44.4185 -4.30502
44.42 -4.29005
44.4215 -4.27508
44.423 -4.2601
44.4245 -4.24512
44.426 -4.23013
44.4275 -4.21514
44.429 -4.20015
44.4305 -4.18515
44.432 -4.17015
44.4335 -4.15514
44.435 -4.14014
44.4365 -4.12513
44.438 -4.11012
44.4395 -4.0951
44.441 -4.08009
44.4425 -4.06507
44.444 -4.05005
44.4455 -4.03503
44.447 -4.02001
44.4485 -4.00499
44.45 -3.98997
44.4515 -3.97494
44.453 -3.95992
44.4545 -3.9449
44.456 -3.92988
44.4575 -3.91486
44.459 -3.89984
44.4605 -3.88483
44.462 -3.86981
44.4635 -3.8548
44.465 -3.83979
44.4665 -3.82478
44.468 -3.80977
44.4695 -3.79477
44.471 -3.77977
44.4725 -3.76477
44.474 -3.74978
44.4755 -3.73479
44.477 -3.7198
44.4785 -3.70482
44.48 -3.68984
44.4815 -3.67487
44.483 -3.65991
44.4845 -3.64494
44.486 -3.62999
44.4875 -3.61504
44.489 -3.60009
44.4905 -3.58515
44.492 -3.57022
44.4935 -3.55529
44.495 -3.54038
44.4965 -3.52546
44.498 -3.51056
44.4995 -3.49566
44.501 -3.48077
44.5025 -3.46589
44.504 -3.45102
44.5055 -3.43615
44.507 -3.4213
44.5085 -3.40645
44.51 -3.39161
44.5115 -3.37678
44.513 -3.36196
44.5145 -3.34715
44.516 -3.33235
44.5175 -3.31756
44.519 -3.30278
44.5205 -3.28801
44.522 -3.27325
44.5235 -3.25851
44.525 -3.24377
44.5265 -3.22905
44.528 -3.21433
44.5295 -3.19963
44.531 -3.18494
44.5325 -3.17027
44.534 -3.1556
44.5355 -3.14095
44.537 -3.12631
44.5385 -3.11169
44.54 -3.09707
44.5415 -3.08248
44.543 -3.06789
44.5445 -3.05332
44.546 -3.03876
44.5475 -3.02422
44.549 -3.00969
44.5505 -2.99518
44.552 -2.98068
44.5535 -2.9662
44.555 -2.95173
44.5565 -2.93728
44.558 -2.92284
44.5595 -2.90842
44.561 -2.89402
44.5625 -2.87963
44.564 -2.86526
44.5655 -2.85091
44.567 -2.83657
44.5685 -2.82225
44.57 -2.80794
44.5715 -2.79366
44.573 -2.77939
44.5745 -2.76514
44.576 -2.75091
44.5775 -2.7367
44.579 -2.7225
44.5805 -2.70833
44.582 -2.69417
44.5835 -2.68003
44.585 -2.66591
44.5865 -2.65181
44.588 -2.63773
44.5895 -2.62367
44.591 -2.60963
44.5925 -2.59561
44.594 -2.58161
44.5955 -2.56763
44.597 -2.55368
44.5985 -2.53974
44.6001 -2.52582
44.6016 -2.51193
44.6031 -2.49805
44.6046 -2.4842
44.6061 -2.47037
44.6076 -2.45656
44.6091 -2.44278
44.6106 -2.42901
44.6121 -2.41527
44.6136 -2.40155
44.6151 -2.38786
44.6166 -2.37418
44.6181 -2.36053
44.6196 -2.34691
44.6211 -2.33331
44.6226 -2.31973
44.6241 -2.30617
44.6256 -2.29264
44.6271 -2.27913
44.6286 -2.26565
44.6301 -2.25219
44.6316 -2.23876
44.6331 -2.22535
44.6346 -2.21197
44.6361 -2.19861
44.6376 -2.18528
44.6391 -2.17197
44.6406 -2.15869
44.6421 -2.14544
44.6436 -2.13221
44.6451 -2.119
44.6466 -2.10583
44.6481 -2.09268
44.6496 -2.07955
44.6511 -2.06646
44.6526 -2.05339
44.6541 -2.04034
44.6556 -2.02733
44.6571 -2.01434
44.6586 -2.00138
44.6601 -1.98845
44.6616 -1.97554
44.6631 -1.96266
44.6646 -1.94982
44.6661 -1.937
44.6676 -1.9242
44.6691 -1.91144
44.6706 -1.89871
44.6721 -1.886
44.6736 -1.87333
44.6751 -1.86068
44.6766 -1.84806
44.6781 -1.83547
44.6796 -1.82292
44.6811 -1.81039
44.6826 -1.79789
44.6841 -1.78542
44.6856 -1.77298
44.6871 -1.76058
44.6886 -1.7482
44.6901 -1.73585
44.6916 -1.72354
44.6931 -1.71125
44.6946 -1.699
44.6961 -1.68678
44.6976 -1.67459
44.6991 -1.66243
44.7006 -1.6503
44.7021 -1.6382
44.7036 -1.62614
44.7051 -1.61411
44.7066 -1.60211
44.7081 -1.59014
44.7096 -1.57821
44.7111 -1.5663
44.7126 -1.55443
44.7141 -1.5426
44.7156 -1.53079
44.7171 -1.51902
44.7186 -1.50729
44.7201 -1.49558
44.7216 -1.48391
44.7231 -1.47227
44.7246 -1.46067
44.7261 -1.4491
44.7276 -1.43757
44.7291 -1.42606
44.7306 -1.4146
44.7321 -1.40316
44.7336 -1.39177
44.7351 -1.3804
44.7366 -1.36907
44.7381 -1.35778
44.7396 -1.34652
44.7411 -1.3353
44.7426 -1.32411
44.7441 -1.31295
44.7456 -1.30183
44.7471 -1.29075
44.7486 -1.2797
44.7501 -1.26869
44.7516 -1.25772
44.7531 -1.24678
44.7546 -1.23587
44.7561 -1.22501
44.7576 -1.21417
44.7591 -1.20338
44.7606 -1.19262
44.7621 -1.1819
44.7636 -1.17122
44.7651 -1.16057
44.7666 -1.14996
44.7681 -1.13938
44.7696 -1.12884
44.7711 -1.11835
44.7726 -1.10788
44.7741 -1.09746
44.7756 -1.08707
44.7771 -1.07672
44.7786 -1.06641
44.7801 -1.05614
44.7816 -1.0459
44.7831 -1.0357
44.7846 -1.02554
44.7861 -1.01542
44.7876 -1.00534
44.7891 -0.995293
44.7906 -0.985287
44.7921 -0.975319
44.7936 -0.96539
44.7951 -0.9555
44.7966 -0.945649
44.7981 -0.935837
44.7996 -0.926064
44.8012 -0.916331
44.8027 -0.906636
44.8042 -0.896981
44.8057 -0.887366
44.8072 -0.87779
44.8087 -0.868253
44.8102 -0.858756
44.8117 -0.849299
44.8132 -0.839882
44.8147 -0.830505
44.8162 -0.821168
44.8177 -0.811872
44.8192 -0.802615
44.8207 -0.793399
44.8222 -0.784223
44.8237 -0.775087
44.8252 -0.765992
44.8267 -0.756938
44.8282 -0.747924
44.8297 -0.738952
44.8312 -0.73002
44.8327 -0.721129
44.8342 -0.712279
44.8357 -0.70347
44.8372 -0.694702
44.8387 -0.685975
44.8402 -0.67729
44.8417 -0.668646
44.8432 -0.660044
44.8447 -0.651483
44.8462 -0.642964
44.8477 -0.634486
44.8492 -0.62605
44.8507 -0.617656
44.8522 -0.609304
44.8537 -0.600993
44.8552 -0.592725
44.8567 -0.584499
44.8582 -0.576315
44.8597 -0.568173
44.8612 -0.560073
44.8627 -0.552015
44.8642 -0.544
44.8657 -0.536028
44.8672 -0.528098
44.8687 -0.52021
44.8702 -0.512365
44.8717 -0.504563
44.8732 -0.496804
44.8747 -0.489087
44.8762 -0.481413
44.8777 -0.473782
44.8792 -0.466194
44.8807 -0.458649
44.8822 -0.451147
44.8837 -0.443688
44.8852 -0.436273
44.8867 -0.4289
44.8882 -0.421571
44.8897 -0.414285
44.8912 -0.407043
44.8927 -0.399844
44.8942 -0.392688
44.8957 -0.385576
44.8972 -0.378508
44.8987 -0.371483
44.9002 -0.364502
44.9017 -0.357565
44.9032 -0.350671
44.9047 -0.343821
44.9062 -0.337015
44.9077 -0.330253
44.9092 -0.323535
44.9107 -0.31686
44.9122 -0.31023
44.9137 -0.303644
44.9152 -0.297102
44.9167 -0.290604
44.9182 -0.28415
44.9197 -0.27774
44.9212 -0.271375
44.9227 -0.265054
44.9242 -0.258777
44.9257 -0.252544
44.9272 -0.246356
44.9287 -0.240212
44.9302 -0.234113
44.9317 -0.228058
44.9332 -0.222048
44.9347 -0.216082
44.9362 -0.210161
44.9377 -0.204284
44.9392 -0.198452
44.9407 -0.192665
44.9422 -0.186922
44.9437 -0.181224
44.9452 -0.175571
44.9467 -0.169962
44.9482 -0.164398
44.9497 -0.158879
44.9512 -0.153405
44.9527 -0.147976
44.9542 -0.142591
44.9557 -0.137252
44.9572 -0.131957
44.9587 -0.126707
44.9602 -0.121503
44.9617 -0.116343
44.9632 -0.111228
44.9647 -0.106158
44.9662 -0.101133
44.9677 -0.0961535
44.9692 -0.0912187
44.9707 -0.086329
44.9722 -0.0814843
44.9737 -0.0766848
44.9752 -0.0719303
44.9767 -0.0672209
44.9782 -0.0625567
44.9797 -0.0579376
44.9812 -0.0533636
44.9827 -0.0488348
44.9842 -0.0443511
44.9857 -0.0399126
44.9872 -0.0355192
44.9887 -0.031171
44.9902 -0.026868
44.9917 -0.0226102
44.9932 -0.0183976
44.9947 -0.0142301
44.9962 -0.0101079
44.9977 -0.00603083
44.9992 -0.00199898
45.0008 0.00198768
45.0023 0.00592913
45.0038 0.00982539
45.0053 0.0136765
45.0068 0.0174823
45.0083 0.021243
45.0098 0.0249585
45.0113 0.0286288
45.0128 0.0322539
45.0143 0.0358339
45.0158 0.0393687
45.0173 0.0428583
45.0188 0.0463028
45.0203 0.0497021
45.0218 0.0530563
45.0233 0.0563653
45.0248 0.0596293
45.0263 0.0628481
45.0278 0.0660219
45.0293 0.0691505
45.0308 0.0722341
45.0323 0.0752726
45.0338 0.0782661
45.0353 0.0812146
45.0368 0.0841181
45.0383 0.0869765
45.0398 0.08979
45.0413 0.0925585
45.0428 0.0952821
45.0443 0.0979607
45.0458 0.100594
45.0473 0.103183
45.0488 0.105727
45.0503 0.108226
45.0518 0.110681
45.0533 0.11309
45.0548 0.115455
45.0563 0.117775
45.0578 0.12005
45.0593 0.122281
45.0608 0.124467
45.0623 0.126608
45.0638 0.128705
45.0653 0.130757
45.0668 0.132764
45.0683 0.134727
45.0698 0.136646
45.0713 0.13852
45.0728 0.140349
45.0743 0.142135
45.0758 0.143875
45.0773 0.145572
45.0788 0.147224
45.0803 0.148832
45.0818 0.150396
45.0833 0.151915
45.0848 0.15339
45.0863 0.154821
45.0878 0.156208
45.0893 0.157552
45.0908 0.158851
45.0923 0.160106
45.0938 0.161317
45.0953 0.162484
45.0968 0.163607
45.0983 0.164687
45.0998 0.165723
45.1013 0.166715
45.1028 0.167664
45.1043 0.168569
45.1058 0.16943
45.1073 0.170248
45.1088 0.171022
45.1103 0.171753
45.1118 0.17244
45.1133 0.173085
45.1148 0.173685
45.1163 0.174243
45.1178 0.174758
45.1193 0.175229
45.1208 0.175657
45.1223 0.176043
45.1238 0.176385
45.1253 0.176684
45.1268 0.176941
45.1283 0.177155
45.1298 0.177326
45.1313 0.177454
45.1328 0.17754
45.1343 0.177583
45.1358 0.177584
45.1373 0.177542
45.1388 0.177458
45.1403 0.177332
45.1418 0.177163
45.1433 0.176952
45.1448 0.176699
45.1463 0.176404
45.1478 0.176067
45.1493 0.175688
45.1508 0.175267
45.1523 0.174805
45.1538 0.1743
45.1553 0.173754
45.1568 0.173167
45.1583 0.172538
45.1598 0.171867
45.1613 0.171155
45.1628 0.170402
45.1643 0.169608
45.1658 0.168772
45.1673 0.167895
45.1688 0.166978
45.1703 0.166019
45.1718 0.165019
45.1733 0.163979
45.1748 0.162898
45.1763 0.161776
45.1778 0.160614
45.1793 0.159412
45.1808 0.158169
45.1823 0.156885
45.1838 0.155562
45.1853 0.154198
45.1868 0.152794
45.1883 0.151351
45.1898 0.149867
45.1913 0.148344
45.1928 0.146781
45.1943 0.145178
45.1958 0.143536
45.1973 0.141854
45.1988 0.140133
45.2004 0.138372
45.2019 0.136573
45.2034 0.134734
45.2049 0.132856
45.2064 0.13094
45.2079 0.128984
45.2094 0.12699
45.2109 0.124957
45.2124 0.122886
45.2139 0.120776
45.2154 0.118628
45.2169 0.116441
45.2184 0.114217
45.2199 0.111954
45.2214 0.109653
45.2229 0.107315
45.2244 0.104939
45.2259 0.102525
45.2274 0.100073
45.2289 0.0975842
45.2304 0.0950579
45.2319 0.0924943
45.2334 0.0898936
45.2349 0.0872558
45.2364 0.084581
45.2379 0.0818695
45.2394 0.0791212
45.2409 0.0763363
45.2424 0.0735148
45.2439 0.070657
45.2454 0.0677628
45.2469 0.0648325
45.2484 0.0618661
45.2499 0.0588637
45.2514 0.0558255
45.2529 0.0527515
45.2544 0.0496419
45.2559 0.0464968
45.2574 0.0433162
45.2589 0.0401004
45.2604 0.0368494
45.2619 0.0335634
45.2634 0.0302424
45.2649 0.0268867
45.2664 0.0234962
45.2679 0.0200711
45.2694 0.0166116
45.2709 0.0131177
45.2724 0.00958961
45.2739 0.00602743
45.2754 0.00243127
45.2769 -0.00119874
45.2784 -0.00486247
45.2799 -0.00855981
45.2814 -0.0122906
45.2829 -0.0160548
45.2844 -0.0198522
45.2859 -0.0236826
45.2874 -0.0275461
45.2889 -0.0314424
45.2904 -0.0353714
45.2919 -0.039333
45.2934 -0.043327
45.2949 -0.0473533
45.2964 -0.0514119
45.2979 -0.0555025
45.2994 -0.059625
45.3009 -0.0637792
45.3024 -0.0679652
45.3039 -0.0721826
45.3054 -0.0764315
45.3069 -0.0807115
45.3084 -0.0850227
45.3099 -0.0893649
45.3114 -0.0937378
45.3129 -0.0981415
45.3144 -0.102576
45.3159 -0.10704
45.3174 -0.111535
45.3189 -0.11606
45.3204 -0.120615
45.3219 -0.1252
45.3234 -0.129815
45.3249 -0.134459
45.3264 -0.139132
45.3279 -0.143835
45.3294 -0.148567
45.3309 -0.153327
45.3324 -0.158117
45.3339 -0.162935
45.3354 -0.167782
45.3369 -0.172657
45.3384 -0.177561
45.3399 -0.182492
45.3414 -0.187451
45.3429 -0.192438
45.3444 -0.197453
45.3459 -0.202495
45.3474 -0.207565
45.3489 -0.212661
45.3504 -0.217785
45.3519 -0.222935
45.3534 -0.228112
45.3549 -0.233316
45.3564 -0.238545
45.3579 -0.243802
45.3594 -0.249084
45.3609 -0.254392
45.3624 -0.259725
45.3639 -0.265085
45.3654 -0.270469
45.3669 -0.275879
45.3684 -0.281314
45.3699 -0.286774
45.3714 -0.292258
45.3729 -0.297767
45.3744 -0.303301
45.3759 -0.308858
45.3774 -0.31444
45.3789 -0.320045
45.3804 -0.325675
45.3819 -0.331328
45.3834 -0.337004
45.3849 -0.342703
45.3864 -0.348426
45.3879 -0.354171
45.3894 -0.359939
45.3909 -0.365729
45.3924 -0.371542
45.3939 -0.377377
45.3954 -0.383234
45.3969 -0.389113
45.3984 -0.395013
45.3999 -0.400935
45.4015 -0.406878
45.403 -0.412842
45.4045 -0.418827
45.406 -0.424833
45.4075 -0.430859
45.409 -0.436905
45.4105 -0.442972
45.412 -0.449059
45.4135 -0.455166
45.415 -0.461292
45.4165 -0.467438
45.418 -0.473602
45.4195 -0.479786
45.421 -0.485989
45.4225 -0.492211
45.424 -0.498451
45.4255 -0.504709
45.427 -0.510986
45.4285 -0.51728
45.43 -0.523592
45.4315 -0.529922
45.433 -0.536269
45.4345 -0.542633
45.436 -0.549014
45.4375 -0.555412
45.439 -0.561826
45.4405 -0.568257
45.442 -0.574704
45.4435 -0.581166
45.445 -0.587645
45.4465 -0.594139
45.448 -0.600649
45.4495 -0.607174
45.451 -0.613713
45.4525 -0.620268
45.454 -0.626837
45.4555 -0.63342
45.457 -0.640018
45.4585 -0.646629
45.46 -0.653255
45.4615 -0.659894
45.463 -0.666546
45.4645 -0.673211
45.466 -0.679889
45.4675 -0.68658
45.469 -0.693283
45.4705 -0.699999
45.472 -0.706727
45.4735 -0.713466
45.475 -0.720218
45.4765 -0.72698
45.478 -0.733754
45.4795 -0.740539
45.481 -0.747335
45.4825 -0.754141
45.484 -0.760958
45.4855 -0.767785
45.487 -0.774622
45.4885 -0.781468
45.49 -0.788324
45.4915 -0.795189
45.493 -0.802064
45.4945 -0.808947
45.496 -0.815838
45.4975 -0.822739
45.499 -0.829647
45.5005 -0.836563
45.502 -0.843487
45.5035 -0.850418
45.505 -0.857357
45.5065 -0.864303
45.508 -0.871255
45.5095 -0.878215
45.511 -0.88518
45.5125 -0.892152
45.514 -0.899129
45.5155 -0.906112
45.517 -0.913101
45.5185 -0.920095
45.52 -0.927093
45.5215 -0.934097
45.523 -0.941105
45.5245 -0.948117
45.526 -0.955134
45.5275 -0.962154
45.529 -0.969177
45.5305 -0.976204
45.532 -0.983234
45.5335 -0.990267
45.535 -0.997303
45.5365 -1.00434
45.538 -1.01138
45.5395 -1.01842
45.541 -1.02547
45.5425 -1.03251
45.544 -1.03956
45.5455 -1.0466
45.547 -1.05365
45.5485 -1.0607
45.55 -1.06775
45.5515 -1.0748
45.553 -1.08184
45.5545 -1.08889
45.556 -1.09594
45.5575 -1.10298
45.559 -1.11003
45.5605 -1.11707
45.562 -1.12411
45.5635 -1.13115
45.565 -1.13819
45.5665 -1.14522
45.568 -1.15225
45.5695 -1.15928
45.571 -1.1663
45.5725 -1.17332
45.574 -1.18034
45.5755 -1.18735
45.577 -1.19436
45.5785 -1.20137
45.58 -1.20837
45.5815 -1.21536
45.583 -1.22235
45.5845 -1.22933
45.586 -1.23631
45.5875 -1.24328
45.589 -1.25024
45.5905 -1.2572
45.592 -1.26415
45.5935 -1.2711
45.595 -1.27803
45.5965 -1.28496
45.598 -1.29188
45.5995 -1.29879
45.6011 -1.30569
45.6026 -1.31259
45.6041 -1.31947
45.6056 -1.32635
45.6071 -1.33322
45.6086 -1.34007
45.6101 -1.34692
45.6116 -1.35375
45.6131 -1.36058
45.6146 -1.36739
45.6161 -1.37419
45.6176 -1.38098
45.6191 -1.38776
45.6206 -1.39453
45.6221 -1.40128
45.6236 -1.40803
45.6251 -1.41475
45.6266 -1.42147
45.6281 -1.42817
45.6296 -1.43486
45.6311 -1.44153
45.6326 -1.44819
45.6341 -1.45484
45.6356 -1.46147
45.6371 -1.46808
45.6386 -1.47468
45.6401 -1.48126
45.6416 -1.48783
45.6431 -1.49438
45.6446 -1.50092
45.6461 -1.50743
45.6476 -1.51393
45.6491 -1.52042
45.6506 -1.52688
45.6521 -1.53333
45.6536 -1.53975
45.6551 -1.54616
45.6566 -1.55255
45.6581 -1.55892
45.6596 -1.56528
45.6611 -1.57161
45.6626 -1.57792
45.6641 -1.58421
45.6656 -1.59048
45.6671 -1.59673
45.6686 -1.60296
45.6701 -1.60916
45.6716 -1.61534
45.6731 -1.62151
45.6746 -1.62764
45.6761 -1.63376
45.6776 -1.63985
45.6791 -1.64592
45.6806 -1.65197
45.6821 -1.65799
45.6836 -1.66399
45.6851 -1.66996
45.6866 -1.67591
45.6881 -1.68183
45.6896 -1.68772
45.6911 -1.69359
45.6926 -1.69944
45.6941 -1.70526
45.6956 -1.71105
45.6971 -1.71681
45.6986 -1.72254
45.7001 -1.72825
45.7016 -1.73393
45.7031 -1.73958
45.7046 -1.74521
45.7061 -1.7508
45.7076 -1.75636
45.7091 -1.7619
45.7106 -1.7674
45.7121 -1.77288
45.7136 -1.77832
45.7151 -1.78373
45.7166 -1.78911
45.7181 -1.79446
45.7196 -1.79978
45.7211 -1.80506
45.7226 -1.81032
45.7241 -1.81554
45.7256 -1.82072
45.7271 -1.82588
45.7286 -1.83099
45.7301 -1.83608
45.7316 -1.84113
45.7331 -1.84614
45.7346 -1.85112
45.7361 -1.85607
45.7376 -1.86098
45.7391 -1.86585
45.7406 -1.87068
45.7421 -1.87548
45.7436 -1.88024
45.7451 -1.88497
45.7466 -1.88965
45.7481 -1.8943
45.7496 -1.89891
45.7511 -1.90348
45.7526 -1.90801
45.7541 -1.91251
45.7556 -1.91696
45.7571 -1.92137
45.7586 -1.92574
45.7601 -1.93007
45.7616 -1.93436
45.7631 -1.93861
45.7646 -1.94281
45.7661 -1.94697
45.7676 -1.95109
45.7691 -1.95517
45.7706 -1.95921
45.7721 -1.9632
45.7736 -1.96714
45.7751 -1.97104
45.7766 -1.9749
45.7781 -1.97871
45.7796 -1.98248
45.7811 -1.9862
45.7826 -1.98988
45.7841 -1.99351
45.7856 -1.99709
45.7871 -2.00062
45.7886 -2.00411
45.7901 -2.00755
45.7916 -2.01094
45.7931 -2.01428
45.7946 -2.01758
45.7961 -2.02082
45.7976 -2.02401
45.7991 -2.02716
45.8007 -2.03025
45.8022 -2.0333
45.8037 -2.03629
45.8052 -2.03923
45.8067 -2.04212
45.8082 -2.04496
45.8097 -2.04774
45.8112 -2.05047
45.8127 -2.05315
45.8142 -2.05577
45.8157 -2.05835
45.8172 -2.06086
45.8187 -2.06332
45.8202 -2.06573
45.8217 -2.06808
45.8232 -2.07038
45.8247 -2.07262
45.8262 -2.0748
45.8277 -2.07692
45.8292 -2.07899
45.8307 -2.081
45.8322 -2.08295
45.8337 -2.08485
45.8352 -2.08668
45.8367 -2.08846
45.8382 -2.09018
45.8397 -2.09183
45.8412 -2.09343
45.8427 -2.09497
45.8442 -2.09644
45.8457 -2.09785
45.8472 -2.09921
45.8487 -2.10049
45.8502 -2.10172
45.8517 -2.10288
45.8532 -2.10399
45.8547 -2.10502
45.8562 -2.10599
45.8577 -2.1069
45.8592 -2.10775
45.8607 -2.10852
45.8622 -2.10924
45.8637 -2.10988
45.8652 -2.11046
45.8667 -2.11098
45.8682 -2.11142
45.8697 -2.1118
45.8712 -2.11211
45.8727 -2.11235
45.8742 -2.11252
45.8757 -2.11263
45.8772 -2.11266
45.8787 -2.11263
45.8802 -2.11252
45.8817 -2.11235
45.8832 -2.1121
45.8847 -2.11178
45.8862 -2.11139
45.8877 -2.11092
45.8892 -2.11039
45.8907 -2.10978
45.8922 -2.1091
45.8937 -2.10834
45.8952 -2.10751
45.8967 -2.1066
45.8982 -2.10562
45.8997 -2.10457
45.9012 -2.10343
45.9027 -2.10222
45.9042 -2.10094
45.9057 -2.09958
45.9072 -2.09814
45.9087 -2.09662
45.9102 -2.09502
45.9117 -2.09335
45.9132 -2.09159
45.9147 -2.08976
45.9162 -2.08785
45.9177 -2.08585
45.9192 -2.08378
45.9207 -2.08162
45.9222 -2.07938
45.9237 -2.07706
45.9252 -2.07466
45.9267 -2.07217
45.9282 -2.06961
45.9297 -2.06695
45.9312 -2.06422
45.9327 -2.0614
45.9342 -2.05849
45.9357 -2.0555
45.9372 -2.05242
45.9387 -2.04926
45.9402 -2.04601
45.9417 -2.04267
45.9432 -2.03925
45.9447 -2.03573
45.9462 -2.03213
45.9477 -2.02844
45.9492 -2.02466
45.9507 -2.0208
45.9522 -2.01684
45.9537 -2.01279
45.9552 -2.00865
45.9567 -2.00442
45.9582 -2.00009
45.9597 -1.99568
45.9612 -1.99117
45.9627 -1.98657
45.9642 -1.98187
45.9657 -1.97709
45.9672 -1.9722
45.9687 -1.96723
45.9702 -1.96215
45.9717 -1.95699
45.9732 -1.95172
45.9747 -1.94636
45.9762 -1.9409
45.9777 -1.93535
45.9792 -1.92969
45.9807 -1.92394
45.9822 -1.91809
45.9837 -1.91214
45.9852 -1.90609
45.9867 -1.89994
45.9882 -1.89369
45.9897 -1.88734
45.9912 -1.88089
45.9927 -1.87434
45.9942 -1.86768
45.9957 -1.86092
45.9972 -1.85406
45.9987 -1.8471
46.0003 -1.84003
46.0018 -1.83285
46.0033 -1.82557
46.0048 -1.81819
46.0063 -1.8107
46.0078 -1.8031
46.0093 -1.7954
46.0108 -1.78759
46.0123 -1.77967
46.0138 -1.77164
46.0153 -1.76351
46.0168 -1.75527
46.0183 -1.74691
46.0198 -1.73845
46.0213 -1.72987
46.0228 -1.72119
46.0243 -1.71239
46.0258 -1.70349
46.0273 -1.69447
46.0288 -1.68533
46.0303 -1.67609
46.0318 -1.66673
46.0333 -1.65726
46.0348 -1.64767
46.0363 -1.63796
46.0378 -1.62815
46.0393 -1.61821
46.0408 -1.60816
46.0423 -1.59799
46.0438 -1.58771
46.0453 -1.5773
46.0468 -1.56678
46.0483 -1.55614
46.0498 -1.54538
46.0513 -1.5345
46.0528 -1.5235
46.0543 -1.51238
46.0558 -1.50114
46.0573 -1.48978
46.0588 -1.4783
46.0603 -1.46669
46.0618 -1.45496
46.0633 -1.44311
46.0648 -1.43113
46.0663 -1.41903
46.0678 -1.4068
46.0693 -1.39445
46.0708 -1.38197
46.0723 -1.36936
46.0738 -1.35663
46.0753 -1.34377
46.0768 -1.33079
46.0783 -1.31767
46.0798 -1.30443
46.0813 -1.29106
46.0828 -1.27755
46.0843 -1.26392
46.0858 -1.25016
46.0873 -1.23626
46.0888 -1.22223
46.0903 -1.20808
46.0918 -1.19378
46.0933 -1.17936
46.0948 -1.1648
46.0963 -1.15011
46.0978 -1.13528
46.0993 -1.12032
46.1008 -1.10522
46.1023 -1.08999
46.1038 -1.07462
46.1053 -1.05911
46.1068 -1.04346
46.1083 -1.02768
46.1098 -1.01176
46.1113 -0.995698
46.1128 -0.979498
46.1143 -0.963157
46.1158 -0.946676
46.1173 -0.930053
46.1188 -0.913289
46.1203 -0.896383
46.1218 -0.879335
46.1233 -0.862143
46.1248 -0.844807
46.1263 -0.827328
46.1278 -0.809704
46.1293 -0.791934
46.1308 -0.774019
46.1323 -0.755958
46.1338 -0.73775
46.1353 -0.719396
46.1368 -0.700893
46.1383 -0.682242
46.1398 -0.663443
46.1413 -0.644494
46.1428 -0.625396
46.1443 -0.606147
46.1458 -0.586748
46.1473 -0.567198
46.1488 -0.547495
46.1503 -0.527641
46.1518 -0.507633
46.1533 -0.487472
46.1548 -0.467158
46.1563 -0.446689
46.1578 -0.426065
46.1593 -0.405286
46.1608 -0.384351
46.1623 -0.363259
46.1638 -0.342011
46.1653 -0.320605
46.1668 -0.299041
46.1683 -0.277319
46.1698 -0.255437
46.1713 -0.233396
46.1728 -0.211195
46.1743 -0.188833
46.1758 -0.16631
46.1773 -0.143625
46.1788 -0.120778
46.1803 -0.0977688
46.1818 -0.0745959
46.1833 -0.0512592
46.1848 -0.0277582
46.1863 -0.00409237
46.1878 0.0197389
46.1893 0.0437361
46.1908 0.0678997
46.1923 0.0922304
46.1938 0.116729
46.1953 0.141395
46.1968 0.16623
46.1983 0.191234
46.1998 0.216407
46.2014 0.241751
46.2029 0.267266
46.2044 0.292952
46.2059 0.318809
46.2074 0.34484
46.2089 0.371043
46.2104 0.397419
46.2119 0.42397
46.2134 0.450695
46.2149 0.477595
46.2164 0.504671
46.2179 0.531923
46.2194 0.559351
46.2209 0.586957
46.2224 0.614741
46.2239 0.642703
46.2254 0.670845
46.2269 0.699165
46.2284 0.727666
46.2299 0.756347
46.2314 0.785209
46.2329 0.814253
46.2344 0.84348
46.2359 0.872889
46.2374 0.902481
46.2389 0.932257
46.2404 0.962218
46.2419 0.992364
46.2434 1.0227
46.2449 1.05321
46.2464 1.08392
46.2479 1.11481
46.2494 1.14589
46.2509 1.17715
46.2524 1.20861
46.2539 1.24026
46.2554 1.27209
46.2569 1.30412
46.2584 1.33634
46.2599 1.36875
46.2614 1.40135
46.2629 1.43414
46.2644 1.46713
46.2659 1.50031
46.2674 1.53369
46.2689 1.56726
46.2704 1.60103
46.2719 1.63499
46.2734 1.66916
46.2749 1.70351
46.2764 1.73807
46.2779 1.77282
46.2794 1.80778
46.2809 1.84293
46.2824 1.87829
46.2839 1.91384
46.2854 1.9496
46.2869 1.98556
46.2884 2.02172
46.2899 2.05808
46.2914 2.09465
46.2929 2.13142
46.2944 2.1684
46.2959 2.20558
46.2974 2.24297
46.2989 2.28056
46.3004 2.31837
46.3019 2.35638
46.3034 2.3946
46.3049 2.43302
46.3064 2.47166
46.3079 2.51051
46.3094 2.54957
46.3109 2.58884
46.3124 2.62832
46.3139 2.66801
46.3154 2.70792
46.3169 2.74804
46.3184 2.78838
46.3199 2.82893
46.3214 2.86969
46.3229 2.91068
46.3244 2.95187
46.3259 2.99329
46.3274 3.03492
46.3289 3.07678
46.3304 3.11885
46.3319 3.16114
46.3334 3.20365
46.3349 3.24638
46.3364 3.28933
46.3379 3.33251
46.3394 3.37591
46.3409 3.41953
46.3424 3.46337
46.3439 3.50744
46.3454 3.55174
46.3469 3.59626
46.3484 3.641
46.3499 3.68598
46.3514 3.73118
46.3529 3.77661
46.3544 3.82226
46.3559 3.86815
46.3574 3.91427
46.3589 3.96062
46.3604 4.00719
46.3619 4.054
46.3634 4.10105
46.3649 4.14832
46.3664 4.19583
46.3679 4.24357
46.3694 4.29155
46.3709 4.33977
46.3724 4.38822
46.3739 4.4369
46.3754 4.48582
46.3769 4.53499
46.3784 4.58439
46.3799 4.63402
46.3814 4.6839
46.3829 4.73402
46.3844 4.78438
46.3859 4.83498
46.3874 4.88583
46.3889 4.93691
46.3904 4.98824
46.3919 5.03982
46.3934 5.09164
46.3949 5.1437
46.3964 5.19601
46.3979 5.24857
46.3994 5.30137
46.401 5.35442
46.4025 5.40772
46.404 5.46127
46.4055 5.51507
46.407 5.56912
46.4085 5.62342
46.41 5.67797
46.4115 5.73278
46.413 5.78784
46.4145 5.84315
46.416 5.89871
46.4175 5.95453
46.419 6.01061
46.4205 6.06694
46.422 6.12353
46.4235 6.18037
46.425 6.23748
46.4265 6.29484
46.428 6.35246
46.4295 6.41034
46.431 6.46848
46.4325 6.52688
46.434 6.58555
46.4355 6.64448
46.437 6.70367
46.4385 6.76312
46.44 6.82284
46.4415 6.88282
46.443 6.94307
46.4445 7.00359
46.446 7.06437
46.4475 7.12542
46.449 7.18674
46.4505 7.24833
46.452 7.31018
46.4535 7.37231
46.455 7.43471
46.4565 7.49738
46.458 7.56032
46.4595 7.62354
46.461 7.68703
46.4625 7.75079
46.464 7.81483
46.4655 7.87914
46.467 7.94373
46.4685 8.0086
46.47 8.07374
46.4715 8.13916
46.473 8.20486
46.4745 8.27084
46.476 8.3371
46.4775 8.40364
46.479 8.47046
46.4805 8.53757
46.482 8.60496
46.4835 8.67263
46.485 8.74058
46.4865 8.80882
46.488 8.87734
46.4895 8.94616
46.491 9.01525
46.4925 9.08464
46.494 9.15431
46.4955 9.22427
46.497 9.29453
46.4985 9.36507
46.5 9.4359
