18.5005 0.000163648
18.503 0.000182755
18.5055 0.000203925
18.508 0.000227362
18.5105 0.000253286
18.513 0.000281939
18.5155 0.000313579
18.518 0.000348491
18.5205 0.000386979
18.523 0.000429376
18.5255 0.00047604
18.528 0.000527358
18.5305 0.000583749
18.533 0.000645662
18.5355 0.000713585
18.538 0.000788039
18.5405 0.000869587
18.543 0.000958833
18.5455 0.00105643
18.548 0.00116306
18.5505 0.00127948
18.553 0.00140649
18.5555 0.00154493
18.558 0.00169573
18.5605 0.00185984
18.563 0.00203831
18.5655 0.00223225
18.568 0.00244282
18.5705 0.00267128
18.573 0.00291897
18.5755 0.00318728
18.578 0.00347772
18.5805 0.00379186
18.583 0.00413139
18.5855 0.00449809
18.588 0.00489381
18.5905 0.00532055
18.593 0.00578037
18.5955 0.00627549
18.598 0.00680822
18.6006 0.00738097
18.6031 0.00799631
18.6056 0.00865691
18.6081 0.00936559
18.6106 0.0101253
18.6131 0.0109391
18.6156 0.0118101
18.6181 0.0127419
18.6206 0.0137378
18.6231 0.0148016
18.6256 0.0159369
18.6281 0.0171479
18.6306 0.0184386
18.6331 0.0198132
18.6356 0.0212762
18.6381 0.0228322
18.6406 0.0244859
18.6431 0.0262422
18.6456 0.0281062
18.6481 0.030083
18.6506 0.0321782
18.6531 0.0343972
18.6556 0.0367458
18.6581 0.0392297
18.6606 0.041855
18.6631 0.0446278
18.6656 0.0475544
18.6681 0.0506413
18.6706 0.053895
18.6731 0.0573222
18.6756 0.0609297
18.6781 0.0647246
18.6806 0.0687138
18.6831 0.0729045
18.6856 0.0773039
18.6881 0.0819194
18.6906 0.0867584
18.6931 0.0918284
18.6956 0.0971369
18.6981 0.102691
18.7006 0.1085
18.7031 0.114569
18.7056 0.120908
18.7081 0.127523
18.7106 0.134422
18.7131 0.141613
18.7156 0.149103
18.7181 0.1569
18.7206 0.165011
18.7231 0.173443
18.7256 0.182204
18.7281 0.1913
18.7306 0.200739
18.7331 0.210527
18.7356 0.22067
18.7381 0.231175
18.7406 0.242048
18.7431 0.253294
18.7456 0.26492
18.7481 0.276931
18.7506 0.289331
18.7531 0.302125
18.7556 0.315318
18.7581 0.328913
18.7606 0.342915
18.7631 0.357325
18.7656 0.372148
18.7681 0.387386
18.7706 0.40304
18.7731 0.419112
18.7756 0.435603
18.7781 0.452513
18.7806 0.469843
18.7831 0.487592
18.7856 0.505759
18.7881 0.524343
18.7906 0.543341
18.7931 0.56275
18.7956 0.582568
18.7981 0.602791
18.8007 0.623415
18.8032 0.644433
18.8057 0.665841
18.8082 0.687634
18.8107 0.709802
18.8132 0.732341
18.8157 0.755241
18.8182 0.778494
18.8207 0.802091
18.8232 0.826023
18.8257 0.850278
18.8282 0.874846
18.8307 0.899715
18.8332 0.924874
18.8357 0.95031
18.8382 0.97601
18.8407 1.00196
18.8432 1.02814
18.8457 1.05455
18.8482 1.08116
18.8507 1.10797
18.8532 1.13494
18.8557 1.16208
18.8582 1.18935
18.8607 1.21675
18.8632 1.24426
18.8657 1.27185
18.8682 1.29951
18.8707 1.32723
18.8732 1.35497
18.8757 1.38273
18.8782 1.41048
18.8807 1.4382
18.8832 1.46588
18.8857 1.49349
18.8882 1.52101
18.8907 1.54843
18.8932 1.57573
18.8957 1.60287
18.8982 1.62985
18.9007 1.65664
18.9032 1.68323
18.9057 1.70959
18.9082 1.7357
18.9107 1.76154
18.9132 1.7871
18.9157 1.81236
18.9182 1.83729
18.9207 1.86187
18.9232 1.8861
18.9257 1.90994
18.9282 1.93339
18.9307 1.95642
18.9332 1.97902
18.9357 2.00117
18.9382 2.02285
18.9407 2.04405
18.9432 2.06476
18.9457 2.08495
18.9482 2.10462
18.9507 2.12375
18.9532 2.14232
18.9557 2.16033
18.9582 2.17776
18.9607 2.1946
18.9632 2.21084
18.9657 2.22647
18.9682 2.24148
18.9707 2.25586
18.9732 2.2696
18.9757 2.2827
18.9782 2.29514
18.9807 2.30692
18.9832 2.31803
18.9857 2.32848
18.9882 2.33825
18.9907 2.34734
18.9932 2.35575
18.9957 2.36347
18.9982 2.37051
19.0008 2.37685
19.0033 2.38251
19.0058 2.38748
19.0083 2.39177
19.0108 2.39536
19.0133 2.39827
19.0158 2.4005
19.0183 2.40205
19.0208 2.40292
19.0233 2.40312
19.0258 2.40265
19.0283 2.40153
19.0308 2.39974
19.0333 2.39731
19.0358 2.39424
19.0383 2.39053
19.0408 2.38619
19.0433 2.38123
19.0458 2.37567
19.0483 2.3695
19.0508 2.36274
19.0533 2.3554
19.0558 2.34748
19.0583 2.33901
19.0608 2.32998
19.0633 2.32042
19.0658 2.31033
19.0683 2.29972
19.0708 2.28861
19.0733 2.27701
19.0758 2.26493
19.0783 2.25238
19.0808 2.23938
19.0833 2.22594
19.0858 2.21207
19.0883 2.19779
19.0908 2.1831
19.0933 2.16803
19.0958 2.15259
19.0983 2.13678
19.1008 2.12063
19.1033 2.10414
19.1058 2.08734
19.1083 2.07023
19.1108 2.05282
19.1133 2.03514
19.1158 2.01719
19.1183 1.999
19.1208 1.98056
19.1233 1.9619
19.1258 1.94302
19.1283 1.92395
19.1308 1.90469
19.1333 1.88526
19.1358 1.86567
19.1383 1.84593
19.1408 1.82606
19.1433 1.80606
19.1458 1.78595
19.1483 1.76574
19.1508 1.74544
19.1533 1.72507
19.1558 1.70463
19.1583 1.68414
19.1608 1.6636
19.1633 1.64304
19.1658 1.62244
19.1683 1.60184
19.1708 1.58123
19.1733 1.56063
19.1758 1.54005
19.1783 1.51949
19.1808 1.49897
19.1833 1.47849
19.1858 1.45806
19.1883 1.43769
19.1908 1.41739
19.1933 1.39716
19.1958 1.37701
19.1983 1.35696
19.2009 1.337
19.2034 1.31714
19.2059 1.29739
19.2084 1.27776
19.2109 1.25825
19.2134 1.23886
19.2159 1.21961
19.2184 1.20049
19.2209 1.18152
19.2234 1.16269
19.2259 1.14402
19.2284 1.1255
19.2309 1.10714
19.2334 1.08894
19.2359 1.07091
19.2384 1.05305
19.2409 1.03537
19.2434 1.01786
19.2459 1.00053
19.2484 0.983379
19.2509 0.966414
19.2534 0.949635
19.2559 0.933044
19.2584 0.916642
19.2609 0.900432
19.2634 0.884416
19.2659 0.868593
19.2684 0.852965
19.2709 0.837534
19.2734 0.8223
19.2759 0.807264
19.2784 0.792426
19.2809 0.777786
19.2834 0.763346
19.2859 0.749104
19.2884 0.735062
19.2909 0.721218
19.2934 0.707574
19.2959 0.694127
19.2984 0.680878
19.3009 0.667827
19.3034 0.654972
19.3059 0.642313
19.3084 0.629849
19.3109 0.617579
19.3134 0.605502
19.3159 0.593617
19.3184 0.581922
19.3209 0.570418
19.3234 0.559101
19.3259 0.547972
19.3284 0.537027
19.3309 0.526267
19.3334 0.515689
19.3359 0.505291
19.3384 0.495073
19.3409 0.485032
19.3434 0.475167
19.3459 0.465476
19.3484 0.455956
19.3509 0.446607
19.3534 0.437427
19.3559 0.428412
19.3584 0.419562
19.3609 0.410875
19.3634 0.402348
19.3659 0.39398
19.3684 0.385768
19.3709 0.377711
19.3734 0.369807
19.3759 0.362053
19.3784 0.354447
19.3809 0.346988
19.3834 0.339672
19.3859 0.3325
19.3884 0.325467
19.3909 0.318572
19.3934 0.311813
19.3959 0.305189
19.3984 0.298696
19.401 0.292333
19.4035 0.286097
19.406 0.279988
19.4085 0.274002
19.411 0.268138
19.4135 0.262394
19.416 0.256767
19.4185 0.251256
19.421 0.245859
19.4235 0.240573
19.426 0.235397
19.4285 0.23033
19.431 0.225368
19.4335 0.220511
19.436 0.215755
19.4385 0.211101
19.441 0.206544
19.4435 0.202085
19.446 0.19772
19.4485 0.193449
19.451 0.18927
19.4535 0.18518
19.456 0.181178
19.4585 0.177262
19.461 0.173431
19.4635 0.169683
19.466 0.166017
19.4685 0.162431
19.471 0.158922
19.4735 0.155491
19.476 0.152134
19.4785 0.148852
19.481 0.145641
19.4835 0.142502
19.486 0.139431
19.4885 0.136429
19.491 0.133493
19.4935 0.130622
19.496 0.127815
19.4985 0.12507
19.501 0.122386
19.5035 0.119763
19.506 0.117197
19.5085 0.11469
19.511 0.112238
19.5135 0.109841
19.516 0.107499
19.5185 0.105208
19.521 0.10297
19.5235 0.100781
19.526 0.0986422
19.5285 0.0965514
19.531 0.0945078
19.5335 0.0925103
19.536 0.0905579
19.5385 0.0886497
19.541 0.0867847
19.5435 0.0849619
19.546 0.0831804
19.5485 0.0814393
19.551 0.0797376
19.5535 0.0780746
19.556 0.0764493
19.5585 0.0748609
19.561 0.0733085
19.5635 0.0717914
19.566 0.0703088
19.5685 0.0688599
19.571 0.0674439
19.5735 0.06606
19.576 0.0647077
19.5785 0.063386
19.581 0.0620944
19.5835 0.0608322
19.586 0.0595986
19.5885 0.0583931
19.591 0.057215
19.5935 0.0560637
19.596 0.0549384
19.5985 0.0538388
19.6011 0.0527641
19.6036 0.0517138
19.6061 0.0506873
19.6086 0.0496842
19.6111 0.0487037
19.6136 0.0477455
19.6161 0.046809
19.6186 0.0458937
19.6211 0.0449991
19.6236 0.0441247
19.6261 0.0432701
19.6286 0.0424348
19.6311 0.0416184
19.6336 0.0408204
19.6361 0.0400404
19.6386 0.039278
19.6411 0.0385327
19.6436 0.0378042
19.6461 0.0370921
19.6486 0.036396
19.6511 0.0357156
19.6536 0.0350504
19.6561 0.0344001
19.6586 0.0337643
19.6611 0.0331428
19.6636 0.0325352
19.6661 0.0319412
19.6686 0.0313604
19.6711 0.0307926
19.6736 0.0302374
19.6761 0.0296946
19.6786 0.0291638
19.6811 0.0286448
19.6836 0.0281374
19.6861 0.0276412
19.6886 0.0271559
19.6911 0.0266815
19.6936 0.0262175
19.6961 0.0257637
19.6986 0.0253199
19.7011 0.0248859
19.7036 0.0244615
19.7061 0.0240464
19.7086 0.0236404
19.7111 0.0232433
19.7136 0.0228549
19.7161 0.022475
19.7186 0.0221034
19.7211 0.0217399
19.7236 0.0213843
19.7261 0.0210365
19.7286 0.0206962
19.7311 0.0203634
19.7336 0.0200377
19.7361 0.0197191
19.7386 0.0194075
19.7411 0.0191025
19.7436 0.0188042
19.7461 0.0185122
19.7486 0.0182266
19.7511 0.0179472
19.7536 0.0176737
19.7561 0.0174061
19.7586 0.0171443
19.7611 0.0168881
19.7636 0.0166374
19.7661 0.016392
19.7686 0.0161519
19.7711 0.0159169
19.7736 0.0156869
19.7761 0.0154618
19.7786 0.0152416
19.7811 0.015026
19.7836 0.014815
19.7861 0.0146085
19.7886 0.0144063
19.7911 0.0142085
19.7936 0.0140148
19.7961 0.0138253
19.7986 0.0136398
19.8012 0.0134582
19.8037 0.0132804
19.8062 0.0131064
19.8087 0.012936
19.8112 0.0127693
19.8137 0.0126061
19.8162 0.0124463
19.8187 0.0122899
19.8212 0.0121368
19.8237 0.011987
19.8262 0.0118403
19.8287 0.0116967
19.8312 0.0115561
19.8337 0.0114185
19.8362 0.0112837
19.8387 0.0111519
19.8412 0.0110228
19.8437 0.0108964
19.8462 0.0107728
19.8487 0.0106517
19.8512 0.0105332
19.8537 0.0104172
19.8562 0.0103036
19.8587 0.0101925
19.8612 0.0100838
19.8637 0.00997731
19.8662 0.00987313
19.8687 0.00977118
19.8712 0.0096714
19.8737 0.00957376
19.8762 0.00947822
19.8787 0.00938473
19.8812 0.00929326
19.8837 0.00920376
19.8862 0.0091162
19.8887 0.00903055
19.8912 0.00894675
19.8937 0.00886479
19.8962 0.00878463
19.8987 0.00870623
19.9012 0.00862956
19.9037 0.00855458
19.9062 0.00848128
19.9087 0.00840961
19.9112 0.00833956
19.9137 0.00827108
19.9162 0.00820415
19.9187 0.00813875
19.9212 0.00807485
19.9237 0.00801242
19.9262 0.00795144
19.9287 0.00789188
19.9312 0.00783372
19.9337 0.00777694
19.9362 0.00772151
19.9387 0.00766741
19.9412 0.00761462
19.9437 0.00756311
19.9462 0.00751288
19.9487 0.00746389
19.9512 0.00741614
19.9537 0.00736959
19.9562 0.00732424
19.9587 0.00728006
19.9612 0.00723704
19.9637 0.00719516
19.9662 0.0071544
19.9687 0.00711475
19.9712 0.00707619
19.9737 0.00703871
19.9762 0.0070023
19.9787 0.00696693
19.9812 0.0069326
19.9837 0.00689929
19.9862 0.00686699
19.9887 0.00683569
19.9912 0.00680537
19.9937 0.00677602
19.9962 0.00674764
19.9987 0.0067202
20.0013 0.00669371
20.0038 0.00666815
20.0063 0.0066435
20.0088 0.00661977
20.0113 0.00659694
20.0138 0.006575
20.0163 0.00655394
20.0188 0.00653376
20.0213 0.00651445
20.0238 0.006496
20.0263 0.0064784
20.0288 0.00646164
20.0313 0.00644573
20.0338 0.00643064
20.0363 0.00641638
20.0388 0.00640295
20.0413 0.00639033
20.0438 0.00637852
20.0463 0.00636751
20.0488 0.0063573
20.0513 0.00634789
20.0538 0.00633927
20.0563 0.00633144
20.0588 0.00632439
20.0613 0.00631813
20.0638 0.00631264
20.0663 0.00630792
20.0688 0.00630398
20.0713 0.00630081
20.0738 0.00629841
20.0763 0.00629677
20.0788 0.00629589
20.0813 0.00629578
20.0838 0.00629643
20.0863 0.00629784
20.0888 0.00630002
20.0913 0.00630295
20.0938 0.00630664
20.0963 0.00631109
20.0988 0.0063163
20.1013 0.00632228
20.1038 0.00632901
20.1063 0.00633651
20.1088 0.00634477
20.1113 0.0063538
20.1138 0.00636359
20.1163 0.00637416
20.1188 0.00638549
20.1213 0.0063976
20.1238 0.00641049
20.1263 0.00642416
20.1288 0.00643861
20.1313 0.00645384
20.1338 0.00646987
20.1363 0.00648669
20.1388 0.0065043
20.1413 0.00652272
20.1438 0.00654195
20.1463 0.00656199
20.1488 0.00658284
20.1513 0.00660452
20.1538 0.00662703
20.1563 0.00665037
20.1588 0.00667454
20.1613 0.00669957
20.1638 0.00672545
20.1663 0.00675218
20.1688 0.00677979
20.1713 0.00680827
20.1738 0.00683762
20.1763 0.00686787
20.1788 0.00689902
20.1813 0.00693107
20.1838 0.00696404
20.1863 0.00699793
20.1888 0.00703275
20.1913 0.00706852
20.1938 0.00710523
20.1963 0.00714291
20.1988 0.00718157
20.2014 0.0072212
20.2039 0.00726183
20.2064 0.00730346
20.2089 0.00734611
20.2114 0.00738979
20.2139 0.00743451
20.2164 0.00748028
20.2189 0.00752711
20.2214 0.00757503
20.2239 0.00762403
20.2264 0.00767414
20.2289 0.00772537
20.2314 0.00777774
20.2339 0.00783125
20.2364 0.00788592
20.2389 0.00794178
20.2414 0.00799882
20.2439 0.00805708
20.2464 0.00811656
20.2489 0.00817728
20.2514 0.00823927
20.2539 0.00830253
20.2564 0.00836708
20.2589 0.00843295
20.2614 0.00850015
20.2639 0.0085687
20.2664 0.00863862
20.2689 0.00870992
20.2714 0.00878264
20.2739 0.00885678
20.2764 0.00893238
20.2789 0.00900944
20.2814 0.009088
20.2839 0.00916807
20.2864 0.00924968
20.2889 0.00933285
20.2914 0.0094176
20.2939 0.00950396
20.2964 0.00959195
20.2989 0.00968159
20.3014 0.00977292
20.3039 0.00986595
20.3064 0.00996071
20.3089 0.0100572
20.3114 0.0101555
20.3139 0.0102556
20.3164 0.0103576
20.3189 0.0104614
20.3214 0.0105671
20.3239 0.0106748
20.3264 0.0107844
20.3289 0.010896
20.3314 0.0110096
20.3339 0.0111252
20.3364 0.011243
20.3389 0.0113628
20.3414 0.0114848
20.3439 0.011609
20.3464 0.0117353
20.3489 0.011864
20.3514 0.0119949
20.3539 0.0121281
20.3564 0.0122637
20.3589 0.0124016
20.3614 0.012542
20.3639 0.0126848
20.3664 0.0128302
20.3689 0.0129781
20.3714 0.0131285
20.3739 0.0132816
20.3764 0.0134373
20.3789 0.0135958
20.3814 0.0137569
20.3839 0.0139209
20.3864 0.0140877
20.3889 0.0142573
20.3914 0.0144299
20.3939 0.0146054
20.3964 0.0147839
20.3989 0.0149655
20.4015 0.0151501
20.404 0.0153379
20.4065 0.0155289
20.409 0.0157231
20.4115 0.0159206
20.414 0.0161214
20.4165 0.0163256
20.419 0.0165332
20.4215 0.0167443
20.424 0.0169589
20.4265 0.0171771
20.429 0.0173989
20.4315 0.0176244
20.434 0.0178537
20.4365 0.0180867
20.439 0.0183236
20.4415 0.0185643
20.444 0.0188091
20.4465 0.0190578
20.449 0.0193106
20.4515 0.0195675
20.454 0.0198285
20.4565 0.0200938
20.459 0.0203634
20.4615 0.0206373
20.464 0.0209157
20.4665 0.0211985
20.469 0.0214858
20.4715 0.0217776
20.474 0.0220742
20.4765 0.0223754
20.479 0.0226813
20.4815 0.0229921
20.484 0.0233077
20.4865 0.0236283
20.489 0.0239538
20.4915 0.0242845
20.494 0.0246202
20.4965 0.0249611
20.499 0.0253072
20.5015 0.0256586
20.504 0.0260153
20.5065 0.0263775
20.509 0.0267451
20.5115 0.0271182
20.514 0.027497
20.5165 0.0278813
20.519 0.0282714
20.5215 0.0286672
20.524 0.0290689
20.5265 0.0294764
20.529 0.0298898
20.5315 0.0303093
20.534 0.0307347
20.5365 0.0311663
20.539 0.031604
20.5415 0.0320479
20.544 0.032498
20.5465 0.0329545
20.549 0.0334173
20.5515 0.0338865
20.554 0.0343621
20.5565 0.0348443
20.559 0.0353329
20.5615 0.0358282
20.564 0.03633
20.5665 0.0368386
20.569 0.0373538
20.5715 0.0378758
20.574 0.0384045
20.5765 0.03894
20.579 0.0394824
20.5815 0.0400316
20.584 0.0405878
20.5865 0.0411508
20.589 0.0417208
20.5915 0.0422977
20.594 0.0428816
20.5965 0.0434725
20.599 0.0440705
20.6016 0.0446754
20.6041 0.0452873
20.6066 0.0459062
20.6091 0.0465322
20.6116 0.0471652
20.6141 0.0478052
20.6166 0.0484522
20.6191 0.0491061
20.6216 0.0497671
20.6241 0.0504349
20.6266 0.0511097
20.6291 0.0517914
20.6316 0.05248
20.6341 0.0531753
20.6366 0.0538774
20.6391 0.0545863
20.6416 0.0553018
20.6441 0.0560239
20.6466 0.0567526
20.6491 0.0574878
20.6516 0.0582293
20.6541 0.0589773
20.6566 0.0597314
20.6591 0.0604918
20.6616 0.0612582
20.6641 0.0620305
20.6666 0.0628088
20.6691 0.0635927
20.6716 0.0643823
20.6741 0.0651775
20.6766 0.065978
20.6791 0.0667837
20.6816 0.0675945
20.6841 0.0684103
20.6866 0.0692308
20.6891 0.070056
20.6916 0.0708857
20.6941 0.0717196
20.6966 0.0725576
20.6991 0.0733995
20.7016 0.0742451
20.7041 0.0750941
20.7066 0.0759465
20.7091 0.0768019
20.7116 0.0776601
20.7141 0.0785209
20.7166 0.0793841
20.7191 0.0802493
20.7216 0.0811164
20.7241 0.081985
20.7266 0.0828549
20.7291 0.0837258
20.7316 0.0845975
20.7341 0.0854695
20.7366 0.0863416
20.7391 0.0872135
20.7416 0.0880849
20.7441 0.0889555
20.7466 0.0898248
20.7491 0.0906926
20.7516 0.0915585
20.7541 0.0924221
20.7566 0.0932831
20.7591 0.0941412
20.7616 0.0949958
20.7641 0.0958467
20.7666 0.0966934
20.7691 0.0975356
20.7716 0.0983728
20.7741 0.0992046
20.7766 0.100031
20.7791 0.10085
20.7816 0.101664
20.7841 0.10247
20.7866 0.103268
20.7891 0.104059
20.7916 0.104841
20.7941 0.105614
20.7966 0.106378
20.7991 0.107132
20.8017 0.107876
20.8042 0.108609
20.8067 0.10933
20.8092 0.11004
20.8117 0.110738
20.8142 0.111424
20.8167 0.112096
20.8192 0.112754
20.8217 0.113399
20.8242 0.114028
20.8267 0.114643
20.8292 0.115242
20.8317 0.115825
20.8342 0.116392
20.8367 0.116942
20.8392 0.117474
20.8417 0.117988
20.8442 0.118484
20.8467 0.118961
20.8492 0.119419
20.8517 0.119857
20.8542 0.120275
20.8567 0.120672
20.8592 0.121048
20.8617 0.121403
20.8642 0.121735
20.8667 0.122046
20.8692 0.122333
20.8717 0.122598
20.8742 0.122839
20.8767 0.123056
20.8792 0.123249
20.8817 0.123417
20.8842 0.123561
20.8867 0.123679
20.8892 0.123772
20.8917 0.123839
20.8942 0.12388
20.8967 0.123895
20.8992 0.123883
20.9017 0.123844
20.9042 0.123779
20.9067 0.123686
20.9092 0.123566
20.9117 0.123418
20.9142 0.123242
20.9167 0.123039
20.9192 0.122808
20.9217 0.122549
20.9242 0.122262
20.9267 0.121947
20.9292 0.121604
20.9317 0.121233
20.9342 0.120833
20.9367 0.120406
20.9392 0.119951
20.9417 0.119468
20.9442 0.118957
20.9467 0.118419
20.9492 0.117853
20.9517 0.117261
20.9542 0.116641
20.9567 0.115994
20.9592 0.115321
20.9617 0.114621
20.9642 0.113896
20.9667 0.113145
20.9692 0.112368
20.9717 0.111567
20.9742 0.110741
20.9767 0.109891
20.9792 0.109017
20.9817 0.10812
20.9842 0.1072
20.9867 0.106258
20.9892 0.105293
20.9917 0.104308
20.9942 0.103302
20.9967 0.102276
20.9992 0.10123
21.0018 0.100165
21.0043 0.0990819
21.0068 0.097981
21.0093 0.0968631
21.0118 0.0957287
21.0143 0.0945785
21.0168 0.0934134
21.0193 0.0922339
21.0218 0.0910407
21.0243 0.0898347
21.0268 0.0886165
21.0293 0.0873869
21.0318 0.0861466
21.0343 0.0848964
21.0368 0.0836371
21.0393 0.0823694
21.0418 0.0810941
21.0443 0.079812
21.0468 0.0785239
21.0493 0.0772305
21.0518 0.0759327
21.0543 0.0746311
21.0568 0.0733267
21.0593 0.0720201
21.0618 0.0707123
21.0643 0.0694038
21.0668 0.0680955
21.0693 0.0667882
21.0718 0.0654826
21.0743 0.0641794
21.0768 0.0628794
21.0793 0.0615834
21.0818 0.060292
21.0843 0.0590059
21.0868 0.0577258
21.0893 0.0564525
21.0918 0.0551865
21.0943 0.0539285
21.0968 0.0526792
21.0993 0.0514392
21.1018 0.0502091
21.1043 0.0489894
21.1068 0.0477808
21.1093 0.0465837
21.1118 0.0453987
21.1143 0.0442264
21.1168 0.0430672
21.1193 0.0419215
21.1218 0.0407899
21.1243 0.0396727
21.1268 0.0385704
21.1293 0.0374833
21.1318 0.0364119
21.1343 0.0353564
21.1368 0.0343171
21.1393 0.0332944
21.1418 0.0322886
21.1443 0.0312999
21.1468 0.0303285
21.1493 0.0293746
21.1518 0.0284384
21.1543 0.0275201
21.1568 0.0266199
21.1593 0.0257378
21.1618 0.0248739
21.1643 0.0240284
21.1668 0.0232012
21.1693 0.0223925
21.1718 0.0216022
21.1743 0.0208303
21.1768 0.0200769
21.1793 0.0193418
21.1818 0.018625
21.1843 0.0179265
21.1868 0.0172462
21.1893 0.0165839
21.1918 0.0159395
21.1943 0.0153129
21.1968 0.0147039
21.1993 0.0141124
21.2019 0.0135382
21.2044 0.012981
21.2069 0.0124408
21.2094 0.0119172
21.2119 0.01141
21.2144 0.010919
21.2169 0.0104439
21.2194 0.00998457
21.2219 0.00954062
21.2244 0.00911182
21.2269 0.00869788
21.2294 0.00829851
21.2319 0.00791344
21.2344 0.00754234
21.2369 0.00718494
21.2394 0.00684091
21.2419 0.00650996
21.2444 0.00619177
21.2469 0.00588602
21.2494 0.0055924
21.2519 0.00531061
21.2544 0.00504031
21.2569 0.00478119
21.2594 0.00453295
21.2619 0.00429526
21.2644 0.00406781
21.2669 0.00385029
21.2694 0.0036424
21.2719 0.00344382
21.2744 0.00325426
21.2769 0.00307341
21.2794 0.00290098
21.2819 0.00273668
21.2844 0.00258022
21.2869 0.00243132
21.2894 0.0022897
21.2919 0.00215508
21.2944 0.00202721
21.2969 0.00190582
21.2994 0.00179066
21.3019 0.00168146
21.3044 0.001578
21.3069 0.00148002
21.3094 0.0013873
21.3119 0.00129962
21.3144 0.00121674
21.3169 0.00113847
21.3194 0.00106458
21.3219 0.000994887
21.3244 0.000929186
21.3269 0.000867292
21.3294 0.000809021
21.3319 0.000754197
21.3344 0.000702651
21.3369 0.000654219
21.3394 0.000608743
21.3419 0.000566071
21.3444 0.000526057
21.3469 0.00048856
21.3494 0.000453446
21.3519 0.000420585
21.3544 0.000389855
21.3569 0.000361135
21.3594 0.000334314
21.3619 0.000309282
21.3644 0.000285937
21.3669 0.00026418
21.3694 0.000243917
21.3719 0.000225058
21.3744 0.000207519
21.3769 0.000191218
21.3794 0.000176079
21.3819 0.000162029
21.3844 0.000148999
21.3869 0.000136923
21.3894 0.00012574
21.3919 0.000115391
21.3944 0.00010582
21.3969 9.69758e-05
21.3994 8.88089e-05
21.402 8.12728e-05
21.4045 7.43239e-05
21.407 6.79213e-05
21.4095 6.20262e-05
21.412 5.66024e-05
21.4145 5.1616e-05
21.417 4.70351e-05
21.4195 4.28299e-05
21.422 3.89725e-05
21.4245 3.54367e-05
21.427 3.21981e-05
21.4295 2.92342e-05
21.432 2.65235e-05
21.4345 2.40464e-05
21.437 2.17845e-05
21.4395 1.97207e-05
21.442 1.7839e-05
21.4445 1.61248e-05
21.447 1.45643e-05
21.4495 1.31449e-05
21.452 1.18548e-05
21.4545 1.06832e-05
21.457 9.61994e-06
21.4595 8.65588e-06
21.462 7.78242e-06
21.4645 6.99168e-06
21.467 6.2764e-06
21.4695 5.62989e-06
21.472 5.04602e-06
21.4745 4.51914e-06
21.477 4.04407e-06
21.4795 3.61608e-06
21.482 3.2308e-06
21.4845 2.88427e-06
21.487 2.57283e-06
21.4895 2.29318e-06
21.492 2.04227e-06
21.4945 1.81733e-06
21.497 1.61585e-06
21.4995 1.43553e-06
