8.5005 0.000450531
8.503 0.000496561
8.5055 0.000546888
8.508 0.00060187
8.51051 0.000661893
8.51301 0.000727368
8.51551 0.000798736
8.51801 0.000876468
8.52051 0.000961068
8.52301 0.00105307
8.52551 0.00115306
8.52801 0.00126163
8.53052 0.00137944
8.53302 0.00150718
8.53552 0.00164559
8.53802 0.00179544
8.54052 0.00195756
8.54302 0.00213283
8.54552 0.00232217
8.54802 0.00252657
8.55053 0.00274706
8.55303 0.00298474
8.55553 0.00324077
8.55803 0.00351635
8.56053 0.00381278
8.56303 0.0041314
8.56553 0.00447363
8.56803 0.00484095
8.57054 0.00523494
8.57304 0.00565723
8.57554 0.00610953
8.57804 0.00659364
8.58054 0.00711144
8.58304 0.00766487
8.58554 0.008256
8.58804 0.00888694
8.59055 0.00955992
8.59305 0.0102772
8.59555 0.0110413
8.59805 0.0118546
8.60055 0.0127197
8.60305 0.0136394
8.60555 0.0146163
8.60805 0.0156534
8.61056 0.0167535
8.61306 0.0179199
8.61556 0.0191556
8.61806 0.0204638
8.62056 0.0218481
8.62306 0.0233116
8.62556 0.0248581
8.62806 0.0264912
8.63057 0.0282145
8.63307 0.0300319
8.63557 0.0319472
8.63807 0.0339644
8.64057 0.0360877
8.64307 0.038321
8.64557 0.0406687
8.64807 0.043135
8.65058 0.0457242
8.65308 0.0484407
8.65558 0.0512891
8.65808 0.0542738
8.66058 0.0573993
8.66308 0.0606703
8.66558 0.0640914
8.66808 0.0676672
8.67059 0.0714025
8.67309 0.0753019
8.67559 0.07937
8.67809 0.0836117
8.68059 0.0880315
8.68309 0.0926341
8.68559 0.0974242
8.68809 0.102406
8.6906 0.107585
8.6931 0.112965
8.6956 0.11855
8.6981 0.124345
8.7006 0.130354
8.7031 0.136582
8.7056 0.143032
8.7081 0.149708
8.71061 0.156614
8.71311 0.163754
8.71561 0.171131
8.71811 0.178748
8.72061 0.18661
8.72311 0.194718
8.72561 0.203076
8.72811 0.211686
8.73062 0.22055
8.73312 0.229672
8.73562 0.239052
8.73812 0.248692
8.74062 0.258594
8.74312 0.268759
8.74562 0.279188
8.74812 0.289882
8.75063 0.30084
8.75313 0.312063
8.75563 0.323551
8.75813 0.335303
8.76063 0.347318
8.76313 0.359594
8.76563 0.372131
8.76813 0.384926
8.77064 0.397977
8.77314 0.411282
8.77564 0.424837
8.77814 0.438639
8.78064 0.452685
8.78314 0.466971
8.78564 0.481492
8.78814 0.496243
8.79065 0.51122
8.79315 0.526417
8.79565 0.541828
8.79815 0.557447
8.80065 0.573268
8.80315 0.589284
8.80565 0.605487
8.80815 0.621871
8.81066 0.638427
8.81316 0.655147
8.81566 0.672023
8.81816 0.689046
8.82066 0.706207
8.82316 0.723496
8.82566 0.740905
8.82816 0.758423
8.83067 0.77604
8.83317 0.793746
8.83567 0.81153
8.83817 0.829381
8.84067 0.847288
8.84317 0.865241
8.84567 0.883227
8.84817 0.901235
8.85068 0.919254
8.85318 0.937272
8.85568 0.955276
8.85818 0.973255
8.86068 0.991196
8.86318 1.00909
8.86568 1.02692
8.86818 1.04467
8.87069 1.06234
8.87319 1.07991
8.87569 1.09737
8.87819 1.11471
8.88069 1.13191
8.88319 1.14897
8.88569 1.16586
8.88819 1.18258
8.8907 1.19912
8.8932 1.21547
8.8957 1.2316
8.8982 1.24752
8.9007 1.26321
8.9032 1.27866
8.9057 1.29386
8.9082 1.3088
8.91071 1.32347
8.91321 1.33785
8.91571 1.35194
8.91821 1.36573
8.92071 1.37921
8.92321 1.39237
8.92571 1.4052
8.92821 1.41769
8.93072 1.42984
8.93322 1.44163
8.93572 1.45307
8.93822 1.46414
8.94072 1.47483
8.94322 1.48514
8.94572 1.49507
8.94822 1.5046
8.95073 1.51374
8.95323 1.52248
8.95573 1.53081
8.95823 1.53872
8.96073 1.54623
8.96323 1.55331
8.96573 1.55998
8.96823 1.56622
8.97074 1.57204
8.97324 1.57743
8.97574 1.58239
8.97824 1.58692
8.98074 1.59102
8.98324 1.5947
8.98574 1.59794
8.98824 1.60075
8.99075 1.60313
8.99325 1.60509
8.99575 1.60662
8.99825 1.60772
9.00075 1.6084
9.00325 1.60867
9.00575 1.60851
9.00825 1.60795
9.01076 1.60697
9.01326 1.60559
9.01576 1.60381
9.01826 1.60163
9.02076 1.59905
9.02326 1.59609
9.02576 1.59275
9.02826 1.58903
9.03077 1.58494
9.03327 1.58048
9.03577 1.57566
9.03827 1.57049
9.04077 1.56498
9.04327 1.55912
9.04577 1.55293
9.04827 1.54642
9.05078 1.53958
9.05328 1.53244
9.05578 1.52498
9.05828 1.51724
9.06078 1.5092
9.06328 1.50088
9.06578 1.49229
9.06828 1.48344
9.07079 1.47432
9.07329 1.46496
9.07579 1.45536
9.07829 1.44552
9.08079 1.43545
9.08329 1.42517
9.08579 1.41469
9.08829 1.404
9.0908 1.39312
9.0933 1.38205
9.0958 1.37081
9.0983 1.3594
9.1008 1.34783
9.1033 1.33611
9.1058 1.32425
9.1083 1.31225
9.11081 1.30012
9.11331 1.28787
9.11581 1.27551
9.11831 1.26304
9.12081 1.25048
9.12331 1.23783
9.12581 1.22509
9.12831 1.21228
9.13082 1.1994
9.13332 1.18647
9.13582 1.17347
9.13832 1.16043
9.14082 1.14735
9.14332 1.13424
9.14582 1.12109
9.14832 1.10793
9.15083 1.09475
9.15333 1.08156
9.15583 1.06837
9.15833 1.05519
9.16083 1.04201
9.16333 1.02884
9.16583 1.01569
9.16833 1.00257
9.17084 0.989472
9.17334 0.976412
9.17584 0.96339
9.17834 0.950411
9.18084 0.937481
9.18334 0.924602
9.18584 0.91178
9.18834 0.899017
9.19085 0.886319
9.19335 0.873689
9.19585 0.86113
9.19835 0.848646
9.20085 0.836241
9.20335 0.823916
9.20585 0.811676
9.20835 0.799523
9.21086 0.78746
9.21336 0.77549
9.21586 0.763615
9.21836 0.751838
9.22086 0.74016
9.22336 0.728584
9.22586 0.717112
9.22836 0.705745
9.23087 0.694486
9.23337 0.683336
9.23587 0.672297
9.23837 0.66137
9.24087 0.650556
9.24337 0.639857
9.24587 0.629274
9.24837 0.618807
9.25088 0.608458
9.25338 0.598227
9.25588 0.588116
9.25838 0.578124
9.26088 0.568252
9.26338 0.558501
9.26588 0.548872
9.26838 0.539363
9.27089 0.529977
9.27339 0.520712
9.27589 0.511569
9.27839 0.502547
9.28089 0.493648
9.28339 0.484869
9.28589 0.476213
9.28839 0.467677
9.2909 0.459262
9.2934 0.450968
9.2959 0.442793
9.2984 0.434738
9.3009 0.426802
9.3034 0.418984
9.3059 0.411284
9.3084 0.403701
9.31091 0.396235
9.31341 0.388883
9.31591 0.381647
9.31841 0.374525
9.32091 0.367515
9.32341 0.360618
9.32591 0.353833
9.32841 0.347157
9.33092 0.340591
9.33342 0.334133
9.33592 0.327783
9.33842 0.321538
9.34092 0.315399
9.34342 0.309365
9.34592 0.303433
9.34842 0.297603
9.35093 0.291874
9.35343 0.286244
9.35593 0.280713
9.35843 0.27528
9.36093 0.269942
9.36343 0.2647
9.36593 0.259551
9.36843 0.254495
9.37094 0.24953
9.37344 0.244656
9.37594 0.23987
9.37844 0.235172
9.38094 0.230561
9.38344 0.226035
9.38594 0.221593
9.38844 0.217234
9.39095 0.212957
9.39345 0.20876
9.39595 0.204643
9.39845 0.200604
9.40095 0.196642
9.40345 0.192755
9.40595 0.188943
9.40845 0.185205
9.41096 0.181538
9.41346 0.177943
9.41596 0.174418
9.41846 0.170962
9.42096 0.167573
9.42346 0.164251
9.42596 0.160994
9.42846 0.157801
9.43097 0.154672
9.43347 0.151605
9.43597 0.148599
9.43847 0.145653
9.44097 0.142766
9.44347 0.139936
9.44597 0.137164
9.44847 0.134448
9.45098 0.131786
9.45348 0.129178
9.45598 0.126624
9.45848 0.124121
9.46098 0.121669
9.46348 0.119267
9.46598 0.116915
9.46848 0.11461
9.47099 0.112353
9.47349 0.110142
9.47599 0.107977
9.47849 0.105856
9.48099 0.103779
9.48349 0.101745
9.48599 0.0997536
9.48849 0.0978031
9.491 0.0958932
9.4935 0.0940229
9.496 0.0921916
9.4985 0.0903984
9.501 0.0886427
9.5035 0.0869236
9.506 0.0852404
9.5085 0.0835925
9.51101 0.0819791
9.51351 0.0803996
9.51601 0.0788531
9.51851 0.0773392
9.52101 0.075857
9.52351 0.0744061
9.52601 0.0729856
9.52851 0.0715951
9.53102 0.0702339
9.53352 0.0689013
9.53602 0.0675969
9.53852 0.06632
9.54102 0.06507
9.54352 0.0638464
9.54602 0.0626487
9.54852 0.0614763
9.55103 0.0603286
9.55353 0.0592053
9.55603 0.0581056
9.55853 0.0570293
9.56103 0.0559757
9.56353 0.0549444
9.56603 0.0539349
9.56853 0.0529467
9.57104 0.0519795
9.57354 0.0510327
9.57604 0.050106
9.57854 0.0491989
9.58104 0.0483109
9.58354 0.0474418
9.58604 0.046591
9.58854 0.0457582
9.59105 0.044943
9.59355 0.044145
9.59605 0.0433639
9.59855 0.0425993
9.60105 0.0418508
9.60355 0.0411181
9.60605 0.0404009
9.60855 0.0396988
9.61106 0.0390115
9.61356 0.0383387
9.61606 0.03768
9.61856 0.0370353
9.62106 0.0364041
9.62356 0.0357862
9.62606 0.0351812
9.62856 0.034589
9.63107 0.0340092
9.63357 0.0334416
9.63607 0.0328859
9.63857 0.0323418
9.64107 0.0318092
9.64357 0.0312877
9.64607 0.0307771
9.64857 0.0302772
9.65108 0.0297877
9.65358 0.0293085
9.65608 0.0288393
9.65858 0.0283798
9.66108 0.02793
9.66358 0.0274895
9.66608 0.0270581
9.66858 0.0266358
9.67109 0.0262222
9.67359 0.0258172
9.67609 0.0254207
9.67859 0.0250323
9.68109 0.0246521
9.68359 0.0242797
9.68609 0.023915
9.68859 0.0235578
9.6911 0.0232081
9.6936 0.0228655
9.6961 0.0225301
9.6986 0.0222016
9.7011 0.0218798
9.7036 0.0215647
9.7061 0.0212561
9.7086 0.0209538
9.71111 0.0206577
9.71361 0.0203678
9.71611 0.0200838
9.71861 0.0198057
9.72111 0.0195332
9.72361 0.0192664
9.72611 0.019005
9.72861 0.018749
9.73112 0.0184983
9.73362 0.0182526
9.73612 0.0180121
9.73862 0.0177764
9.74112 0.0175456
9.74362 0.0173195
9.74612 0.0170981
9.74862 0.0168812
9.75113 0.0166687
9.75363 0.0164606
9.75613 0.0162568
9.75863 0.0160571
9.76113 0.0158615
9.76363 0.0156699
9.76613 0.0154823
9.76863 0.0152985
9.77114 0.0151185
9.77364 0.0149422
9.77614 0.0147695
9.77864 0.0146004
9.78114 0.0144347
9.78364 0.0142725
9.78614 0.0141136
9.78864 0.013958
9.79115 0.0138056
9.79365 0.0136563
9.79615 0.0135102
9.79865 0.013367
9.80115 0.0132269
9.80365 0.0130897
9.80615 0.0129553
9.80865 0.0128238
9.81116 0.012695
9.81366 0.0125689
9.81616 0.0124454
9.81866 0.0123246
9.82116 0.0122063
9.82366 0.0120906
9.82616 0.0119772
9.82866 0.0118664
9.83117 0.0117578
9.83367 0.0116517
9.83617 0.0115478
9.83867 0.0114461
9.84117 0.0113467
9.84367 0.0112494
9.84617 0.0111543
9.84867 0.0110613
9.85118 0.0109703
9.85368 0.0108814
9.85618 0.0107944
9.85868 0.0107094
9.86118 0.0106264
9.86368 0.0105452
9.86618 0.0104659
9.86868 0.0103884
9.87119 0.0103127
9.87369 0.0102388
9.87619 0.0101667
9.87869 0.0100963
9.88119 0.0100275
9.88369 0.00996048
9.88619 0.00989506
9.88869 0.00983127
9.8912 0.00976906
9.8937 0.00970843
9.8962 0.00964935
9.8987 0.0095918
9.9012 0.00953575
9.9037 0.00948119
9.9062 0.0094281
9.9087 0.00937645
9.91121 0.00932624
9.91371 0.00927743
9.91621 0.00923001
9.91871 0.00918397
9.92121 0.00913929
9.92371 0.00909595
9.92621 0.00905393
9.92871 0.00901323
9.93122 0.00897382
9.93372 0.00893569
9.93622 0.00889884
9.93872 0.00886323
9.94122 0.00882887
9.94372 0.00879574
9.94622 0.00876383
9.94872 0.00873313
9.95123 0.00870362
9.95373 0.00867529
9.95623 0.00864814
9.95873 0.00862215
9.96123 0.00859733
9.96373 0.00857364
9.96623 0.0085511
9.96873 0.00852969
9.97124 0.00850939
9.97374 0.00849022
9.97624 0.00847215
9.97874 0.00845519
9.98124 0.00843932
9.98374 0.00842454
9.98624 0.00841085
9.98874 0.00839824
9.99125 0.0083867
9.99375 0.00837623
9.99625 0.00836683
9.99875 0.0083585
10.0013 0.00835122
10.0038 0.00834501
10.0063 0.00833985
10.0088 0.00833574
10.0113 0.00833268
10.0138 0.00833068
10.0163 0.00832972
10.0188 0.00832982
10.0213 0.00833096
10.0238 0.00833315
10.0263 0.00833639
10.0288 0.00834068
10.0313 0.00834603
10.0338 0.00835242
10.0363 0.00835987
10.0388 0.00836838
10.0413 0.00837794
10.0438 0.00838857
10.0463 0.00840027
10.0488 0.00841303
10.0513 0.00842687
10.0538 0.00844179
10.0563 0.00845779
10.0588 0.00847487
10.0613 0.00849305
10.0638 0.00851233
10.0663 0.00853272
10.0688 0.00855422
10.0713 0.00857683
10.0738 0.00860058
10.0763 0.00862545
10.0788 0.00865147
10.0813 0.00867865
10.0838 0.00870698
10.0863 0.00873648
10.0888 0.00876716
10.0913 0.00879904
10.0938 0.00883211
10.0963 0.00886639
10.0988 0.0089019
10.1013 0.00893864
10.1038 0.00897663
10.1063 0.00901588
10.1088 0.0090564
10.1113 0.00909821
10.1138 0.00914132
10.1163 0.00918574
10.1188 0.0092315
10.1213 0.0092786
10.1238 0.00932707
10.1263 0.00937691
10.1288 0.00942815
10.1313 0.00948081
10.1338 0.0095349
10.1363 0.00959043
10.1388 0.00964744
10.1413 0.00970594
10.1438 0.00976595
10.1463 0.00982748
10.1488 0.00989057
10.1513 0.00995524
10.1538 0.0100215
10.1563 0.0100894
10.1588 0.0101589
10.1613 0.0102301
10.1638 0.010303
10.1663 0.0103776
10.1688 0.0104539
10.1713 0.0105321
10.1738 0.010612
10.1763 0.0106937
10.1788 0.0107774
10.1813 0.0108629
10.1838 0.0109503
10.1863 0.0110396
10.1888 0.011131
10.1913 0.0112244
10.1938 0.0113198
10.1963 0.0114173
10.1988 0.0115169
10.2014 0.0116187
10.2039 0.0117226
10.2064 0.0118288
10.2089 0.0119373
10.2114 0.0120481
10.2139 0.0121612
10.2164 0.0122767
10.2189 0.0123947
10.2214 0.0125151
10.2239 0.0126381
10.2264 0.0127636
10.2289 0.0128917
10.2314 0.0130225
10.2339 0.013156
10.2364 0.0132923
10.2389 0.0134314
10.2414 0.0135734
10.2439 0.0137182
10.2464 0.0138661
10.2489 0.014017
10.2514 0.0141709
10.2539 0.0143281
10.2564 0.0144884
10.2589 0.014652
10.2614 0.0148189
10.2639 0.0149892
10.2664 0.015163
10.2689 0.0153403
10.2714 0.0155211
10.2739 0.0157057
10.2764 0.015894
10.2789 0.0160861
10.2814 0.0162821
10.2839 0.016482
10.2864 0.016686
10.2889 0.0168941
10.2914 0.0171064
10.2939 0.017323
10.2964 0.0175439
10.2989 0.0177693
10.3014 0.0179992
10.3039 0.0182338
10.3064 0.0184731
10.3089 0.0187172
10.3114 0.0189662
10.3139 0.0192202
10.3164 0.0194794
10.3189 0.0197438
10.3214 0.0200134
10.3239 0.0202886
10.3264 0.0205692
10.3289 0.0208555
10.3314 0.0211476
10.3339 0.0214455
10.3364 0.0217495
10.3389 0.0220596
10.3414 0.0223759
10.3439 0.0226986
10.3464 0.0230277
10.3489 0.0233636
10.3514 0.0237061
10.3539 0.0240556
10.3564 0.0244122
10.3589 0.0247759
10.3614 0.0251469
10.3639 0.0255255
10.3664 0.0259116
10.3689 0.0263056
10.3714 0.0267075
10.3739 0.0271175
10.3764 0.0275358
10.3789 0.0279625
10.3814 0.0283979
10.3839 0.028842
10.3864 0.0292951
10.3889 0.0297573
10.3914 0.0302289
10.3939 0.03071
10.3964 0.0312008
10.3989 0.0317015
10.4015 0.0322123
10.404 0.0327334
10.4065 0.0332651
10.409 0.0338075
10.4115 0.0343608
10.414 0.0349253
10.4165 0.0355012
10.419 0.0360887
10.4215 0.0366881
10.424 0.0372995
10.4265 0.0379233
10.429 0.0385597
10.4315 0.0392088
10.434 0.0398711
10.4365 0.0405467
10.439 0.0412359
10.4415 0.041939
10.444 0.0426562
10.4465 0.0433878
10.449 0.0441341
10.4515 0.0448954
10.454 0.045672
10.4565 0.0464642
10.459 0.0472723
10.4615 0.0480965
10.464 0.0489373
10.4665 0.0497949
10.469 0.0506696
10.4715 0.0515618
10.474 0.0524718
10.4765 0.0533999
10.479 0.0543465
10.4815 0.055312
10.484 0.0562966
10.4865 0.0573008
10.489 0.0583249
10.4915 0.0593693
10.494 0.0604344
10.4965 0.0615205
10.499 0.062628
10.5015 0.0637573
10.504 0.0649089
10.5065 0.0660831
10.509 0.0672804
10.5115 0.068501
10.514 0.0697456
10.5165 0.0710144
10.519 0.072308
10.5215 0.0736267
10.524 0.074971
10.5265 0.0763414
10.529 0.0777383
10.5315 0.0791621
10.534 0.0806133
10.5365 0.0820924
10.539 0.0835999
10.5415 0.0851362
10.544 0.0867018
10.5465 0.0882972
10.549 0.0899229
10.5515 0.0915793
10.554 0.093267
10.5565 0.0949866
10.559 0.0967384
10.5615 0.098523
10.564 0.100341
10.5665 0.102193
10.569 0.104079
10.5715 0.106
10.574 0.107956
10.5765 0.109948
10.579 0.111977
10.5815 0.114043
10.584 0.116146
10.5865 0.118287
10.589 0.120467
10.5915 0.122686
10.594 0.124945
10.5965 0.127244
10.599 0.129584
10.6016 0.131965
10.6041 0.134388
10.6066 0.136853
10.6091 0.139361
10.6116 0.141913
10.6141 0.144509
10.6166 0.147149
10.6191 0.149834
10.6216 0.152565
10.6241 0.155342
10.6266 0.158165
10.6291 0.161036
10.6316 0.163954
10.6341 0.166921
10.6366 0.169936
10.6391 0.173
10.6416 0.176114
10.6441 0.179278
10.6466 0.182492
10.6491 0.185757
10.6516 0.189074
10.6541 0.192442
10.6566 0.195863
10.6591 0.199336
10.6616 0.202862
10.6641 0.206442
10.6666 0.210076
10.6691 0.213763
10.6716 0.217505
10.6741 0.221302
10.6766 0.225154
10.6791 0.229061
10.6816 0.233023
10.6841 0.237041
10.6866 0.241116
10.6891 0.245246
10.6916 0.249433
10.6941 0.253676
10.6966 0.257976
10.6991 0.262332
10.7016 0.266745
10.7041 0.271215
10.7066 0.275741
10.7091 0.280324
10.7116 0.284964
10.7141 0.28966
10.7166 0.294412
10.7191 0.299221
10.7216 0.304085
10.7241 0.309005
10.7266 0.313981
10.7291 0.319012
10.7316 0.324097
10.7341 0.329236
10.7366 0.33443
10.7391 0.339677
10.7416 0.344976
10.7441 0.350328
10.7466 0.355731
10.7491 0.361185
10.7516 0.36669
10.7541 0.372243
10.7566 0.377845
10.7591 0.383495
10.7616 0.389191
10.7641 0.394933
10.7666 0.400719
10.7691 0.406549
10.7716 0.412421
10.7741 0.418334
10.7766 0.424287
10.7791 0.430279
10.7816 0.436307
10.7841 0.442371
10.7866 0.448468
10.7891 0.454599
10.7916 0.460759
10.7941 0.466949
10.7966 0.473166
10.7991 0.479408
10.8017 0.485674
10.8042 0.491961
10.8067 0.498267
10.8092 0.504591
10.8117 0.51093
10.8142 0.517281
10.8167 0.523643
10.8192 0.530013
10.8217 0.536389
10.8242 0.542767
10.8267 0.549147
10.8292 0.555524
10.8317 0.561896
10.8342 0.568261
10.8367 0.574616
10.8392 0.580957
10.8417 0.587282
10.8442 0.593588
10.8467 0.599871
10.8492 0.606129
10.8517 0.612358
10.8542 0.618556
10.8567 0.624718
10.8592 0.630842
10.8617 0.636924
10.8642 0.642961
10.8667 0.648949
10.8692 0.654884
10.8717 0.660764
10.8742 0.666585
10.8767 0.672342
10.8792 0.678033
10.8817 0.683653
10.8842 0.689199
10.8867 0.694667
10.8892 0.700054
10.8917 0.705355
10.8942 0.710567
10.8967 0.715686
10.8992 0.720708
10.9017 0.725629
10.9042 0.730446
10.9067 0.735155
10.9092 0.739752
10.9117 0.744233
10.9142 0.748594
10.9167 0.752832
10.9192 0.756943
10.9217 0.760923
10.9242 0.764769
10.9267 0.768477
10.9292 0.772043
10.9317 0.775464
10.9342 0.778736
10.9367 0.781856
10.9392 0.784821
10.9417 0.787628
10.9442 0.790272
10.9467 0.792751
10.9492 0.795062
10.9517 0.797203
10.9542 0.799169
10.9567 0.800958
10.9592 0.802568
10.9617 0.803996
10.9642 0.805239
10.9667 0.806295
10.9692 0.807162
10.9717 0.807838
10.9742 0.808321
10.9767 0.808608
10.9792 0.808699
10.9817 0.808591
10.9842 0.808283
10.9867 0.807774
10.9892 0.807062
10.9917 0.806147
10.9942 0.805028
10.9967 0.803703
10.9992 0.802173
11.0018 0.800438
11.0043 0.798496
11.0068 0.796348
11.0093 0.793994
11.0118 0.791435
11.0143 0.78867
11.0168 0.785701
11.0193 0.782528
11.0218 0.779153
11.0243 0.775576
11.0268 0.771799
11.0293 0.767823
11.0318 0.763651
11.0343 0.759284
11.0368 0.754725
11.0393 0.749975
11.0418 0.745037
11.0443 0.739913
11.0468 0.734607
11.0493 0.729122
11.0518 0.72346
11.0543 0.717624
11.0568 0.711619
11.0593 0.705448
11.0618 0.699115
11.0643 0.692623
11.0668 0.685977
11.0693 0.679181
11.0718 0.672239
11.0743 0.665155
11.0768 0.657935
11.0793 0.650583
11.0818 0.643105
11.0843 0.635504
11.0868 0.627786
11.0893 0.619956
11.0918 0.612019
11.0943 0.603981
11.0968 0.595848
11.0993 0.587624
11.1018 0.579315
11.1043 0.570928
11.1068 0.562467
11.1093 0.553938
11.1118 0.545347
11.1143 0.5367
11.1168 0.528003
11.1193 0.519261
11.1218 0.51048
11.1243 0.501666
11.1268 0.492826
11.1293 0.483964
11.1318 0.475086
11.1343 0.466199
11.1368 0.457307
11.1393 0.448417
11.1418 0.439534
11.1443 0.430664
11.1468 0.421812
11.1493 0.412984
11.1518 0.404184
11.1543 0.395419
11.1568 0.386692
11.1593 0.37801
11.1618 0.369377
11.1643 0.360798
11.1668 0.352278
11.1693 0.34382
11.1718 0.335431
11.1743 0.327113
11.1768 0.318871
11.1793 0.310709
11.1818 0.302632
11.1843 0.294641
11.1868 0.286743
11.1893 0.278938
11.1918 0.271232
11.1943 0.263627
11.1968 0.256126
11.1993 0.248731
11.2019 0.241446
11.2044 0.234273
11.2069 0.227213
11.2094 0.22027
11.2119 0.213445
11.2144 0.20674
11.2169 0.200156
11.2194 0.193695
11.2219 0.187359
11.2244 0.181147
11.2269 0.175062
11.2294 0.169105
11.2319 0.163274
11.2344 0.157572
11.2369 0.151999
11.2394 0.146554
11.2419 0.141239
11.2444 0.136051
11.2469 0.130992
11.2494 0.126062
11.2519 0.121258
11.2544 0.116582
11.2569 0.112032
11.2594 0.107607
11.2619 0.103306
11.2644 0.0991291
11.2669 0.0950737
11.2694 0.0911391
11.2719 0.0873237
11.2744 0.0836262
11.2769 0.080045
11.2794 0.0765784
11.2819 0.0732247
11.2844 0.0699821
11.2869 0.0668489
11.2894 0.0638229
11.2919 0.0609025
11.2944 0.0580853
11.2969 0.0553696
11.2994 0.0527531
11.3019 0.0502336
11.3044 0.0478092
11.3069 0.0454775
11.3094 0.0432363
11.3119 0.0410835
11.3144 0.0390168
11.3169 0.0370339
11.3194 0.0351326
11.3219 0.0333106
11.3244 0.0315657
11.3269 0.0298957
11.3294 0.0282983
11.3319 0.0267713
11.3344 0.0253124
11.3369 0.0239196
11.3394 0.0225906
11.3419 0.0213234
11.3444 0.0201157
11.3469 0.0189655
11.3494 0.0178707
11.3519 0.0168294
11.3544 0.0158396
11.3569 0.0148993
11.3594 0.0140065
11.3619 0.0131595
11.3644 0.0123564
11.3669 0.0115954
11.3694 0.0108747
11.3719 0.0101928
11.3744 0.00954779
11.3769 0.00893821
11.3794 0.00836246
11.3819 0.00781902
11.3844 0.00730641
11.3869 0.0068232
11.3894 0.006368
11.3919 0.00593947
11.3944 0.00553632
11.3969 0.0051573
11.3994 0.0048012
11.402 0.00446686
11.4045 0.00415317
11.407 0.00385904
11.4095 0.00358344
11.412 0.00332539
11.4145 0.00308392
11.417 0.00285813
11.4195 0.00264715
11.422 0.00245014
11.4245 0.0022663
11.427 0.00209487
11.4295 0.00193512
11.432 0.00178637
11.4345 0.00164795
11.437 0.00151923
11.4395 0.00139963
11.442 0.00128857
11.4445 0.00118551
11.447 0.00108996
11.4495 0.00100142
11.452 0.000919436
11.4545 0.000843584
11.457 0.000773452
11.4595 0.000708658
11.462 0.000648837
11.4645 0.00059365
11.467 0.000542774
11.4695 0.000495906
11.472 0.000452764
11.4745 0.00041308
11.477 0.000376605
11.4795 0.000343104
11.482 0.000312357
11.4845 0.000284159
11.487 0.000258319
11.4895 0.000234657
11.492 0.000213006
11.4945 0.000193211
11.497 0.000175126
11.4995 0.000158615
