0 0.469675
0.1 0.469938
0.2 0.470197
0.3 0.470452
0.4 0.470706
0.5 0.47096
0.6 0.471211
0.7 0.471462
0.8 0.471713
0.9 0.471966
1 0.472219
1.1 0.472471
1.2 0.472721
1.3 0.472972
1.4 0.473222
1.5 0.473472
1.6 0.473723
1.7 0.473971
1.8 0.474219
1.9 0.474463
2 0.474708
2.1 0.474955
2.2 0.475199
2.3 0.475443
2.4 0.475688
2.5 0.475933
2.6 0.476178
2.7 0.476421
2.8 0.476664
2.9 0.476902
3 0.477142
3.1 0.477382
3.2 0.477624
3.3 0.477862
3.4 0.478102
3.5 0.47834
3.6 0.478575
3.7 0.478811
3.8 0.479046
3.9 0.479279
4 0.479512
4.1 0.479745
4.2 0.479974
4.3 0.480206
4.4 0.480434
4.5 0.480663
4.6 0.480893
4.7 0.481121
4.8 0.481346
4.9 0.481571
5 0.481795
5.1 0.482018
5.2 0.482241
5.3 0.482466
5.4 0.482691
5.5 0.482916
5.6 0.48314
5.7 0.48336
5.8 0.483582
5.9 0.483806
6 0.484028
6.1 0.484249
6.2 0.484467
6.3 0.484685
6.4 0.484903
6.5 0.485125
6.6 0.485343
6.7 0.48556
6.8 0.485777
6.9 0.485995
7 0.48621
7.1 0.486426
7.2 0.486642
7.3 0.486859
7.4 0.487075
7.5 0.487291
7.6 0.487502
7.7 0.487711
7.8 0.487921
7.9 0.488135
8 0.488347
8.1 0.48856
8.2 0.48877
8.3 0.488977
8.4 0.489186
8.5 0.489392
8.6 0.489598
8.7 0.489805
8.8 0.49001
8.9 0.490215
9 0.490419
9.1 0.490625
9.2 0.490828
9.3 0.491033
9.4 0.491239
9.5 0.491445
9.6 0.491649
9.7 0.491851
9.8 0.492052
9.9 0.49225
10 0.492449
10.1 0.49265
10.2 0.492852
10.3 0.493053
10.4 0.493249
10.5 0.493449
10.6 0.493646
10.7 0.49384
10.8 0.494036
10.9 0.494231
11 0.494426
11.1 0.494623
11.2 0.494819
11.3 0.495016
11.4 0.495212
11.5 0.495409
11.6 0.495608
11.7 0.495808
11.8 0.496004
11.9 0.496201
12 0.496395
12.1 0.49659
12.2 0.49679
12.3 0.496984
12.4 0.497179
12.5 0.497375
12.6 0.497567
12.7 0.497759
12.8 0.497952
12.9 0.498144
13 0.49834
13.1 0.498532
13.2 0.498724
13.3 0.498914
13.4 0.499104
13.5 0.499294
13.6 0.499485
13.7 0.499676
13.8 0.499865
13.9 0.500053
14 0.500246
14.1 0.500434
14.2 0.500622
14.3 0.500809
14.4 0.500994
14.5 0.501179
14.6 0.501362
14.7 0.50154
14.8 0.501724
14.9 0.501911
15 0.502096
15.1 0.502279
15.2 0.502462
15.3 0.502647
15.4 0.502836
15.5 0.503025
15.6 0.503211
15.7 0.503396
15.8 0.503582
15.9 0.503764
16 0.503948
16.1 0.504137
16.2 0.504325
16.3 0.504512
16.4 0.504697
16.5 0.504878
16.6 0.505059
16.7 0.505242
16.8 0.505423
16.9 0.505607
17 0.505789
17.1 0.505969
17.2 0.506148
17.3 0.50633
17.4 0.506515
17.5 0.506696
17.6 0.506875
17.7 0.507057
17.8 0.507241
17.9 0.507427
18 0.507608
18.1 0.507787
18.2 0.507966
18.3 0.508147
18.4 0.50833
18.5 0.508515
18.6 0.508704
18.7 0.508887
18.8 0.50907
18.9 0.509256
19 0.509442
19.1 0.509626
19.2 0.509807
19.3 0.50999
19.4 0.510177
19.5 0.510359
19.6 0.510544
19.7 0.510723
19.8 0.510903
19.9 0.511078
20 0.511251
20.1 0.511427
20.2 0.511602
20.3 0.511779
20.4 0.511953
20.5 0.51213
20.6 0.512304
20.7 0.512475
20.8 0.512651
20.9 0.512824
21 0.513
21.1 0.513174
21.2 0.513348
21.3 0.513525
21.4 0.513696
21.5 0.513869
21.6 0.514041
21.7 0.514217
21.8 0.514392
21.9 0.514567
22 0.51474
22.1 0.514914
22.2 0.515087
22.3 0.515265
22.4 0.515444
22.5 0.515623
22.6 0.5158
22.7 0.515975
22.8 0.516152
22.9 0.516331
23 0.516509
23.1 0.516686
23.2 0.516865
23.3 0.517046
23.4 0.517229
23.5 0.51741
23.6 0.517591
23.7 0.51777
23.8 0.517949
23.9 0.51813
24 0.518313
24.1 0.518494
24.2 0.518676
24.3 0.518856
24.4 0.51904
24.5 0.51922
24.6 0.5194
24.7 0.519584
24.8 0.519767
24.9 0.519949
25 0.520134
25.1 0.520316
25.2 0.520499
25.3 0.520685
25.4 0.520868
25.5 0.521051
25.6 0.521233
25.7 0.521414
25.8 0.521599
25.9 0.521783
26 0.521968
26.1 0.522151
26.2 0.522337
26.3 0.522523
26.4 0.522708
26.5 0.52289
26.6 0.523078
26.7 0.523261
26.8 0.523452
26.9 0.523635
27 0.523821
27.1 0.523999
27.2 0.524184
27.3 0.524368
27.4 0.524544
27.5 0.52472
27.6 0.5249
27.7 0.525079
27.8 0.525256
27.9 0.525438
28 0.52562
28.1 0.525801
28.2 0.525979
28.3 0.526155
28.4 0.526341
28.5 0.526523
28.6 0.526701
28.7 0.526882
28.8 0.527054
28.9 0.527227
29 0.527408
29.1 0.527591
29.2 0.527776
29.3 0.527966
29.4 0.528152
29.5 0.528343
29.6 0.528532
29.7 0.528717
29.8 0.528897
29.9 0.529081
30 0.529267
30.1 0.529454
30.2 0.529647
30.3 0.529841
30.4 0.530033
30.5 0.530226
30.6 0.530423
30.7 0.530623
30.8 0.530813
30.9 0.531009
31 0.531213
31.1 0.531411
31.2 0.531608
31.3 0.531806
31.4 0.532
31.5 0.532199
31.6 0.532402
31.7 0.532603
31.8 0.53281
31.9 0.533018
32 0.53323
32.1 0.533451
32.2 0.533664
32.3 0.533883
32.4 0.534105
32.5 0.534325
32.6 0.534547
32.7 0.534767
32.8 0.534986
32.9 0.53522
33 0.53544
33.1 0.535665
33.2 0.535897
33.3 0.536129
33.4 0.536368
33.5 0.536601
33.6 0.536834
33.7 0.537071
33.8 0.537309
33.9 0.537537
34 0.537767
34.1 0.537999
34.2 0.538251
34.3 0.538505
34.4 0.538756
34.5 0.539008
34.6 0.539256
34.7 0.539516
34.8 0.539777
34.9 0.54003
35 0.540282
35.1 0.54054
35.2 0.540801
35.3 0.54106
35.4 0.54132
35.5 0.541591
35.6 0.541863
35.7 0.542138
35.8 0.542417
35.9 0.542699
36 0.542989
36.1 0.543278
36.2 0.543563
36.3 0.543854
36.4 0.544149
36.5 0.544443
36.6 0.544734
36.7 0.545034
36.8 0.545338
36.9 0.545648
37 0.545955
37.1 0.546261
37.2 0.546562
37.3 0.546869
37.4 0.547179
37.5 0.547489
37.6 0.54781
37.7 0.548128
37.8 0.548446
37.9 0.548781
38 0.549116
38.1 0.549467
38.2 0.549823
38.3 0.550171
38.4 0.550528
38.5 0.550892
38.6 0.551253
38.7 0.551625
38.8 0.551988
38.9 0.552353
39 0.552743
39.1 0.553128
39.2 0.553508
39.3 0.553888
39.4 0.554284
39.5 0.554673
39.6 0.555076
39.7 0.555478
39.8 0.555877
39.9 0.556278
40 0.556683
40.1 0.557087
40.2 0.557485
40.3 0.557895
40.4 0.55831
40.5 0.558725
40.6 0.55915
40.7 0.559603
40.8 0.560042
40.9 0.5605
41 0.560954
41.1 0.561417
41.2 0.561884
41.3 0.562364
41.4 0.562849
41.5 0.56333
41.6 0.563806
41.7 0.564292
41.8 0.564796
41.9 0.565296
42 0.565803
42.1 0.566304
42.2 0.566809
42.3 0.567308
42.4 0.56783
42.5 0.568362
42.6 0.568879
42.7 0.569414
42.8 0.569942
42.9 0.570459
43 0.57098
43.1 0.571514
43.2 0.572047
43.3 0.572583
43.4 0.573124
43.5 0.573689
43.6 0.574254
43.7 0.574808
43.8 0.575375
43.9 0.575932
44 0.576489
44.1 0.577049
44.2 0.577611
44.3 0.57821
44.4 0.578802
44.5 0.579372
44.6 0.579966
44.7 0.580541
44.8 0.581149
44.9 0.581716
45 0.582294
45.1 0.582862
45.2 0.583458
45.3 0.584079
45.4 0.584648
45.5 0.585224
45.6 0.585814
45.7 0.586402
45.8 0.586994
45.9 0.587559
46 0.588134
46.1 0.588676
46.2 0.589198
46.3 0.589734
46.4 0.590273
46.5 0.590816
46.6 0.591355
46.7 0.59188
46.8 0.592406
46.9 0.592927
47 0.593439
47.1 0.593954
47.2 0.594457
47.3 0.594947
47.4 0.59537
47.5 0.595807
47.6 0.596244
47.7 0.596628
47.8 0.596996
47.9 0.597347
48 0.597703
48.1 0.598043
48.2 0.598355
48.3 0.598661
48.4 0.598909
48.5 0.599118
48.6 0.599347
48.7 0.599553
48.8 0.599696
48.9 0.599819
49 0.599924
49.1 0.599996
49.2 0.600034
49.3 0.600025
49.4 0.599988
49.5 0.59989
49.6 0.599756
49.7 0.599575
49.8 0.59935
49.9 0.599095
50 0.598785
50.1 0.598412
50.2 0.597994
50.3 0.597503
50.4 0.596917
50.5 0.596296
50.6 0.595609
50.7 0.594875
50.8 0.594036
50.9 0.593118
51 0.592168
51.1 0.591122
51.2 0.589994
51.3 0.588811
51.4 0.587548
51.5 0.586229
51.6 0.584828
51.7 0.583356
51.8 0.581792
51.9 0.580139
52 0.578403
52.1 0.576609
52.2 0.57476
52.3 0.57281
52.4 0.570762
52.5 0.568605
52.6 0.56634
52.7 0.563973
52.8 0.561537
52.9 0.558982
53 0.556318
53.1 0.553521
53.2 0.550654
53.3 0.547642
53.4 0.544472
53.5 0.541248
53.6 0.537909
53.7 0.534474
53.8 0.530999
53.9 0.527402
54 0.523682
54.1 0.519914
54.2 0.51608
54.3 0.51212
54.4 0.508046
54.5 0.503906
54.6 0.499657
54.7 0.495316
54.8 0.490938
54.9 0.486458
55 0.481906
55.1 0.477269
55.2 0.472638
55.3 0.467991
55.4 0.463298
55.5 0.45856
55.6 0.453825
55.7 0.448997
55.8 0.444116
55.9 0.439238
56 0.434319
56.1 0.429405
56.2 0.424512
56.3 0.419557
56.4 0.41459
56.5 0.409637
56.6 0.404648
56.7 0.399662
56.8 0.394754
56.9 0.389883
57 0.385117
57.1 0.380306
57.2 0.375542
57.3 0.370821
57.4 0.366105
57.5 0.361468
57.6 0.356891
57.7 0.352362
57.8 0.347909
57.9 0.343462
58 0.339093
58.1 0.334788
58.2 0.330563
58.3 0.326336
58.4 0.322205
58.5 0.318179
58.6 0.314247
58.7 0.310418
58.8 0.306613
58.9 0.302814
59 0.299105
59.1 0.295509
59.2 0.291942
59.3 0.288413
59.4 0.284942
59.5 0.281572
59.6 0.278262
59.7 0.275015
59.8 0.271853
59.9 0.268732
60 0.265673
60.1 0.262701
60.2 0.259802
60.3 0.256971
60.4 0.254194
60.5 0.251498
60.6 0.248872
60.7 0.246298
60.8 0.243732
60.9 0.241246
61 0.238822
61.1 0.236445
61.2 0.234123
61.3 0.231877
61.4 0.229669
61.5 0.227526
61.6 0.225432
61.7 0.223383
61.8 0.221378
61.9 0.219431
62 0.217536
62.1 0.21569
62.2 0.213883
62.3 0.212114
62.4 0.210374
62.5 0.208693
62.6 0.207033
62.7 0.205402
62.8 0.20382
62.9 0.202278
63 0.200779
63.1 0.199281
63.2 0.197807
63.3 0.196348
63.4 0.194922
63.5 0.193521
63.6 0.192162
63.7 0.190824
63.8 0.189514
63.9 0.188235
64 0.186987
64.1 0.185782
64.2 0.18458
64.3 0.183415
64.4 0.182282
64.5 0.181167
64.6 0.180072
64.7 0.178996
64.8 0.177946
64.9 0.176919
65 0.175912
65.1 0.17493
65.2 0.173965
65.3 0.173008
65.4 0.172073
65.5 0.171153
65.6 0.170255
65.7 0.169366
65.8 0.168495
65.9 0.167645
66 0.166809
66.1 0.165988
66.2 0.165176
66.3 0.164371
66.4 0.163594
66.5 0.162834
66.6 0.162079
66.7 0.161329
66.8 0.160599
66.9 0.159888
67 0.159175
67.1 0.158476
67.2 0.157784
67.3 0.157108
67.4 0.156434
67.5 0.15577
67.6 0.155111
67.7 0.154465
67.8 0.153829
67.9 0.153207
68 0.152591
68.1 0.151993
68.2 0.151397
68.3 0.150809
68.4 0.150226
68.5 0.149651
68.6 0.14908
68.7 0.148526
68.8 0.147977
68.9 0.147437
69 0.146899
69.1 0.146371
69.2 0.145842
69.3 0.145329
69.4 0.144819
69.5 0.144316
69.6 0.143825
69.7 0.143333
69.8 0.142849
69.9 0.142371
70 0.141897
70.1 0.14143
70.2 0.140973
70.3 0.140514
70.4 0.140067
70.5 0.139626
70.6 0.139193
70.7 0.138763
70.8 0.138339
70.9 0.137925
71 0.137513
71.1 0.137097
71.2 0.136689
71.3 0.136291
71.4 0.135898
71.5 0.135518
71.6 0.135132
71.7 0.134751
71.8 0.134377
71.9 0.134008
72 0.133641
72.1 0.133278
72.2 0.132922
72.3 0.13257
72.4 0.132225
72.5 0.131882
72.6 0.131543
72.7 0.131205
72.8 0.130873
72.9 0.130541
73 0.130221
73.1 0.129902
73.2 0.129594
73.3 0.129287
73.4 0.128983
73.5 0.128687
73.6 0.128387
73.7 0.128088
73.8 0.127797
73.9 0.127506
74 0.127221
74.1 0.126935
74.2 0.126654
74.3 0.126382
74.4 0.126112
74.5 0.125841
74.6 0.125577
74.7 0.125316
74.8 0.12506
74.9 0.124806
75 0.124549
75.1 0.124301
75.2 0.124056
75.3 0.123814
75.4 0.12357
75.5 0.123335
75.6 0.123105
75.7 0.122873
75.8 0.122644
75.9 0.122423
76 0.122201
76.1 0.12198
76.2 0.121761
76.3 0.121548
76.4 0.121339
76.5 0.121128
76.6 0.120918
76.7 0.120711
76.8 0.120512
76.9 0.120312
77 0.120116
77.1 0.119922
77.2 0.119732
77.3 0.119544
77.4 0.119358
77.5 0.119175
77.6 0.118998
77.7 0.118823
77.8 0.118647
77.9 0.118475
78 0.1183
78.1 0.118128
78.2 0.117962
78.3 0.117798
78.4 0.117636
78.5 0.11747
78.6 0.117311
78.7 0.117155
78.8 0.117002
78.9 0.116848
79 0.116697
79.1 0.116544
79.2 0.116393
79.3 0.116245
79.4 0.116099
79.5 0.115958
79.6 0.115817
79.7 0.115678
79.8 0.115541
79.9 0.115405
80 0.115274
80.1 0.115146
80.2 0.115018
80.3 0.114892
80.4 0.114769
80.5 0.114646
80.6 0.114525
80.7 0.114404
80.8 0.114289
80.9 0.114173
81 0.114057
81.1 0.113945
81.2 0.113834
81.3 0.113726
81.4 0.113618
81.5 0.113514
81.6 0.113412
81.7 0.11331
81.8 0.113209
81.9 0.113111
82 0.113013
82.1 0.112914
82.2 0.11282
82.3 0.112727
82.4 0.112635
82.5 0.112544
82.6 0.112454
82.7 0.112364
82.8 0.112275
82.9 0.112185
83 0.112096
83.1 0.112011
83.2 0.111927
83.3 0.111844
83.4 0.111765
83.5 0.111684
83.6 0.111606
83.7 0.111531
83.8 0.111455
83.9 0.111379
84 0.111304
84.1 0.11123
84.2 0.111158
84.3 0.111085
84.4 0.111014
84.5 0.110946
84.6 0.110876
84.7 0.110808
84.8 0.11074
84.9 0.110675
85 0.11061
85.1 0.110547
85.2 0.110484
85.3 0.11042
85.4 0.110358
85.5 0.110296
85.6 0.110236
85.7 0.110177
85.8 0.110117
85.9 0.110058
86 0.110001
86.1 0.109944
86.2 0.109889
86.3 0.109834
86.4 0.109781
86.5 0.109728
86.6 0.109678
86.7 0.109626
86.8 0.109574
86.9 0.109524
87 0.109474
87.1 0.109423
87.2 0.109374
87.3 0.109326
87.4 0.109278
87.5 0.109231
87.6 0.109183
87.7 0.109138
87.8 0.109094
87.9 0.10905
88 0.109005
88.1 0.108963
88.2 0.108921
88.3 0.108878
88.4 0.108836
88.5 0.108794
88.6 0.108754
88.7 0.108714
88.8 0.108675
88.9 0.108635
89 0.108596
89.1 0.108557
89.2 0.10852
89.3 0.108483
89.4 0.108446
89.5 0.10841
89.6 0.108374
89.7 0.108339
89.8 0.108304
89.9 0.10827
90 0.108235
90.1 0.108201
90.2 0.108167
90.3 0.108134
90.4 0.108101
90.5 0.108069
90.6 0.108037
90.7 0.108006
90.8 0.107975
90.9 0.107945
91 0.107916
91.1 0.107887
91.2 0.107858
91.3 0.107829
91.4 0.1078
91.5 0.107772
91.6 0.107745
91.7 0.107717
91.8 0.107689
91.9 0.107662
92 0.107635
92.1 0.107608
92.2 0.107582
92.3 0.107556
92.4 0.10753
92.5 0.107505
92.6 0.10748
92.7 0.107455
92.8 0.10743
92.9 0.107406
93 0.107383
93.1 0.107359
93.2 0.107335
93.3 0.107312
93.4 0.10729
93.5 0.107267
93.6 0.107245
93.7 0.107223
93.8 0.107201
93.9 0.10718
94 0.107159
94.1 0.107137
94.2 0.107116
94.3 0.107096
94.4 0.107075
94.5 0.107055
94.6 0.107035
94.7 0.107014
94.8 0.106995
94.9 0.106975
95 0.106955
95.1 0.106936
95.2 0.106917
95.3 0.106898
95.4 0.10688
95.5 0.106862
95.6 0.106844
95.7 0.106826
95.8 0.106808
95.9 0.106791
96 0.106773
96.1 0.106755
96.2 0.106738
96.3 0.106721
96.4 0.106705
96.5 0.106688
96.6 0.106672
96.7 0.106655
96.8 0.106639
96.9 0.106623
97 0.106607
97.1 0.106591
97.2 0.106576
97.3 0.10656
97.4 0.106545
97.5 0.10653
97.6 0.106516
97.7 0.1065
97.8 0.106486
97.9 0.106471
98 0.106457
98.1 0.106443
98.2 0.106428
98.3 0.106414
98.4 0.1064
98.5 0.106386
98.6 0.106373
98.7 0.10636
98.8 0.106346
98.9 0.106333
99 0.106319
99.1 0.106306
99.2 0.106292
99.3 0.106279
99.4 0.106267
99.5 0.106254
99.6 0.106241
99.7 0.106229
99.8 0.106216
99.9 0.106204
100 1.27344
