33.5944 0.00954194
33.6468 0.0477097
33.6992 0.171755
33.7516 0.353052
33.804 0.849233
33.8564 1.09732
33.9088 1.90839
33.9612 2.26144
34.0136 2.41411
34.066 2.12785
34.1184 2.06106
34.1708 1.71755
34.2232 1.17366
34.2756 0.849233
34.328 0.458013
34.3804 0.333968
34.4328 0.162213
34.4852 0.114503
34.5376 0.0572516
34.59 0.0954194
34.6424 0.0477097
34.6948 0.0190839
34.7472 0.0381678
34.7996 0.0190839
34.852 0.0190839
34.9044 0
34.9568 0.00954194
35.0092 0.0190839
35.0616 0.00954194
35.114 0.0190839
35.1664 0.0190839
35.2188 0
35.2712 0
35.3236 0.00954194
35.376 0.00954194
35.4284 0.0190839
35.4808 0.00954194
35.5332 0.00954194
35.5856 0.0381678
35.638 0.00954194
35.6904 0.0286258
35.7428 0.0286258
35.7952 0.0572516
35.8476 0.114503
35.9 0.0667936
35.9524 0.0858774
36.0048 0.0381678
36.0572 0.0381678
36.1096 0.0190839
36.162 0.0190839
