8.5 4.69254
8.5015 4.62707
8.503 4.56189
8.5045 4.49699
8.506 4.43238
8.5075 4.36806
8.509 4.30402
8.51051 4.24027
8.51201 4.1768
8.51351 4.11361
8.51501 4.05071
8.51651 3.98808
8.51801 3.92574
8.51951 3.86368
8.52101 3.8019
8.52251 3.7404
8.52401 3.67918
8.52551 3.61823
8.52701 3.55757
8.52851 3.49717
8.53002 3.43706
8.53152 3.37722
8.53302 3.31766
8.53452 3.25836
8.53602 3.19935
8.53752 3.1406
8.53902 3.08213
8.54052 3.02393
8.54202 2.966
8.54352 2.90834
8.54502 2.85095
8.54652 2.79382
8.54802 2.73697
8.54952 2.68038
8.55103 2.62406
8.55253 2.56801
8.55403 2.51222
8.55553 2.4567
8.55703 2.40144
8.55853 2.34645
8.56003 2.29172
8.56153 2.23725
8.56303 2.18304
8.56453 2.12909
8.56603 2.07541
8.56753 2.02198
8.56903 1.96881
8.57054 1.9159
8.57204 1.86325
8.57354 1.81086
8.57504 1.75872
8.57654 1.70684
8.57804 1.65522
8.57954 1.60385
8.58104 1.55273
8.58254 1.50187
8.58404 1.45126
8.58554 1.4009
8.58704 1.35079
8.58854 1.30094
8.59005 1.25133
8.59155 1.20198
8.59305 1.15287
8.59455 1.10401
8.59605 1.0554
8.59755 1.00704
8.59905 0.958925
8.60055 0.911055
8.60205 0.86343
8.60355 0.81605
8.60505 0.768914
8.60655 0.722022
8.60805 0.675372
8.60955 0.628965
8.61106 0.582799
8.61256 0.536874
8.61406 0.49119
8.61556 0.445745
8.61706 0.40054
8.61856 0.355573
8.62006 0.310844
8.62156 0.266352
8.62306 0.222097
8.62456 0.178078
8.62606 0.134295
8.62756 0.0907466
8.62906 0.0474323
8.63057 0.00435165
8.63207 -0.0384959
8.63357 -0.0811111
8.63507 -0.123494
8.63657 -0.165647
8.63807 -0.207568
8.63957 -0.24926
8.64107 -0.290722
8.64257 -0.331955
8.64407 -0.37296
8.64557 -0.413738
8.64707 -0.454289
8.64857 -0.494613
8.65008 -0.534711
8.65158 -0.574585
8.65308 -0.614233
8.65458 -0.653658
8.65608 -0.692859
8.65758 -0.731838
8.65908 -0.770594
8.66058 -0.809129
8.66208 -0.847443
8.66358 -0.885536
8.66508 -0.92341
8.66658 -0.961064
8.66808 -0.9985
8.66958 -1.03572
8.67109 -1.07272
8.67259 -1.1095
8.67409 -1.14607
8.67559 -1.18242
8.67709 -1.21856
8.67859 -1.25448
8.68009 -1.29019
8.68159 -1.32568
8.68309 -1.36096
8.68459 -1.39603
8.68609 -1.43089
8.68759 -1.46554
8.68909 -1.49998
8.6906 -1.5342
8.6921 -1.56822
8.6936 -1.60203
8.6951 -1.63563
8.6966 -1.66903
8.6981 -1.70221
8.6996 -1.73519
8.7011 -1.76797
8.7026 -1.80054
8.7041 -1.8329
8.7056 -1.86507
8.7071 -1.89702
8.7086 -1.92878
8.71011 -1.96033
8.71161 -1.99168
8.71311 -2.02283
8.71461 -2.05378
8.71611 -2.08453
8.71761 -2.11508
8.71911 -2.14543
8.72061 -2.17558
8.72211 -2.20554
8.72361 -2.2353
8.72511 -2.26486
8.72661 -2.29422
8.72811 -2.32339
8.72961 -2.35237
8.73112 -2.38115
8.73262 -2.40974
8.73412 -2.43813
8.73562 -2.46633
8.73712 -2.49434
8.73862 -2.52216
8.74012 -2.54978
8.74162 -2.57722
8.74312 -2.60447
8.74462 -2.63152
8.74612 -2.65839
8.74762 -2.68507
8.74912 -2.71157
8.75063 -2.73787
8.75213 -2.76399
8.75363 -2.78992
8.75513 -2.81567
8.75663 -2.84124
8.75813 -2.86662
8.75963 -2.89181
8.76113 -2.91682
8.76263 -2.94165
8.76413 -2.9663
8.76563 -2.99077
8.76713 -3.01505
8.76863 -3.03916
8.77014 -3.06308
8.77164 -3.08683
8.77314 -3.11039
8.77464 -3.13378
8.77614 -3.15699
8.77764 -3.18003
8.77914 -3.20288
8.78064 -3.22556
8.78214 -3.24807
8.78364 -3.2704
8.78514 -3.29256
8.78664 -3.31454
8.78814 -3.33635
8.78964 -3.35799
8.79115 -3.37945
8.79265 -3.40074
8.79415 -3.42186
8.79565 -3.44281
8.79715 -3.46359
8.79865 -3.4842
8.80015 -3.50465
8.80165 -3.52492
8.80315 -3.54503
8.80465 -3.56496
8.80615 -3.58473
8.80765 -3.60434
8.80915 -3.62378
8.81066 -3.64305
8.81216 -3.66216
8.81366 -3.6811
8.81516 -3.69989
8.81666 -3.7185
8.81816 -3.73696
8.81966 -3.75525
8.82116 -3.77338
8.82266 -3.79135
8.82416 -3.80916
8.82566 -3.82681
8.82716 -3.8443
8.82866 -3.86163
8.83017 -3.8788
8.83167 -3.89582
8.83317 -3.91267
8.83467 -3.92937
8.83617 -3.94592
8.83767 -3.96231
8.83917 -3.97854
8.84067 -3.99462
8.84217 -4.01054
8.84367 -4.02631
8.84517 -4.04192
8.84667 -4.05739
8.84817 -4.0727
8.84967 -4.08786
8.85118 -4.10286
8.85268 -4.11772
8.85418 -4.13243
8.85568 -4.14699
8.85718 -4.16139
8.85868 -4.17565
8.86018 -4.18976
8.86168 -4.20373
8.86318 -4.21754
8.86468 -4.23121
8.86618 -4.24474
8.86768 -4.25811
8.86918 -4.27135
8.87069 -4.28443
8.87219 -4.29738
8.87369 -4.31018
8.87519 -4.32283
8.87669 -4.33535
8.87819 -4.34772
8.87969 -4.35995
8.88119 -4.37204
8.88269 -4.38399
8.88419 -4.39579
8.88569 -4.40746
8.88719 -4.41899
8.88869 -4.43038
8.8902 -4.44164
8.8917 -4.45275
8.8932 -4.46373
8.8947 -4.47457
8.8962 -4.48527
8.8977 -4.49584
8.8992 -4.50628
8.9007 -4.51657
8.9022 -4.52674
8.9037 -4.53677
8.9052 -4.54667
8.9067 -4.55643
8.9082 -4.56606
8.9097 -4.57556
8.91121 -4.58493
8.91271 -4.59417
8.91421 -4.60328
8.91571 -4.61226
8.91721 -4.62111
8.91871 -4.62983
8.92021 -4.63842
8.92171 -4.64688
8.92321 -4.65522
8.92471 -4.66343
8.92621 -4.67151
8.92771 -4.67947
8.92921 -4.6873
8.93072 -4.695
8.93222 -4.70258
8.93372 -4.71004
8.93522 -4.71737
8.93672 -4.72458
8.93822 -4.73167
8.93972 -4.73863
8.94122 -4.74548
8.94272 -4.7522
8.94422 -4.7588
8.94572 -4.76528
8.94722 -4.77164
8.94872 -4.77788
8.95023 -4.78401
8.95173 -4.79001
8.95323 -4.7959
8.95473 -4.80166
8.95623 -4.80732
8.95773 -4.81285
8.95923 -4.81827
8.96073 -4.82357
8.96223 -4.82876
8.96373 -4.83383
8.96523 -4.83879
8.96673 -4.84363
8.96823 -4.84837
8.96973 -4.85298
8.97124 -4.85749
8.97274 -4.86188
8.97424 -4.86616
8.97574 -4.87034
8.97724 -4.8744
8.97874 -4.87835
8.98024 -4.88219
8.98174 -4.88592
8.98324 -4.88954
8.98474 -4.89305
8.98624 -4.89646
8.98774 -4.89976
8.98924 -4.90295
8.99075 -4.90603
8.99225 -4.90901
8.99375 -4.91188
8.99525 -4.91465
8.99675 -4.91731
8.99825 -4.91987
8.99975 -4.92233
9.00125 -4.92468
9.00275 -4.92693
9.00425 -4.92907
9.00575 -4.93112
9.00725 -4.93306
9.00875 -4.9349
9.01026 -4.93664
9.01176 -4.93828
9.01326 -4.93982
9.01476 -4.94126
9.01626 -4.9426
9.01776 -4.94384
9.01926 -4.94498
9.02076 -4.94603
9.02226 -4.94698
9.02376 -4.94783
9.02526 -4.94859
9.02676 -4.94924
9.02826 -4.94981
9.02976 -4.95028
9.03127 -4.95065
9.03277 -4.95093
9.03427 -4.95112
9.03577 -4.95121
9.03727 -4.95121
9.03877 -4.95112
9.04027 -4.95093
9.04177 -4.95066
9.04327 -4.95029
9.04477 -4.94983
9.04627 -4.94928
9.04777 -4.94864
9.04927 -4.94791
9.05078 -4.94709
9.05228 -4.94619
9.05378 -4.94519
9.05528 -4.94411
9.05678 -4.94294
9.05828 -4.94168
9.05978 -4.94034
9.06128 -4.93891
9.06278 -4.93739
9.06428 -4.93579
9.06578 -4.9341
9.06728 -4.93233
9.06878 -4.93048
9.07029 -4.92854
9.07179 -4.92652
9.07329 -4.92441
9.07479 -4.92223
9.07629 -4.91996
9.07779 -4.91761
9.07929 -4.91517
9.08079 -4.91266
9.08229 -4.91007
9.08379 -4.90739
9.08529 -4.90464
9.08679 -4.90181
9.08829 -4.8989
9.08979 -4.89591
9.0913 -4.89284
9.0928 -4.88969
9.0943 -4.88647
9.0958 -4.88317
9.0973 -4.8798
9.0988 -4.87635
9.1003 -4.87282
9.1018 -4.86922
9.1033 -4.86554
9.1048 -4.86179
9.1063 -4.85796
9.1078 -4.85406
9.1093 -4.85009
9.11081 -4.84605
9.11231 -4.84193
9.11381 -4.83774
9.11531 -4.83348
9.11681 -4.82915
9.11831 -4.82475
9.11981 -4.82027
9.12131 -4.81573
9.12281 -4.81112
9.12431 -4.80643
9.12581 -4.80168
9.12731 -4.79686
9.12881 -4.79198
9.13032 -4.78702
9.13182 -4.782
9.13332 -4.77691
9.13482 -4.77175
9.13632 -4.76653
9.13782 -4.76124
9.13932 -4.75589
9.14082 -4.75047
9.14232 -4.74499
9.14382 -4.73944
9.14532 -4.73383
9.14682 -4.72816
9.14832 -4.72242
9.14982 -4.71662
9.15133 -4.71076
9.15283 -4.70483
9.15433 -4.69885
9.15583 -4.6928
9.15733 -4.68669
9.15883 -4.68052
9.16033 -4.67429
9.16183 -4.66801
9.16333 -4.66166
9.16483 -4.65525
9.16633 -4.64879
9.16783 -4.64226
9.16933 -4.63568
9.17084 -4.62904
9.17234 -4.62235
9.17384 -4.61559
9.17534 -4.60879
9.17684 -4.60192
9.17834 -4.595
9.17984 -4.58802
9.18134 -4.58099
9.18284 -4.57391
9.18434 -4.56677
9.18584 -4.55958
9.18734 -4.55233
9.18884 -4.54503
9.19035 -4.53768
9.19185 -4.53027
9.19335 -4.52281
9.19485 -4.51531
9.19635 -4.50775
9.19785 -4.50013
9.19935 -4.49247
9.20085 -4.48476
9.20235 -4.477
9.20385 -4.46919
9.20535 -4.46133
9.20685 -4.45342
9.20835 -4.44546
9.20985 -4.43746
9.21136 -4.4294
9.21286 -4.4213
9.21436 -4.41316
9.21586 -4.40496
9.21736 -4.39672
9.21886 -4.38843
9.22036 -4.3801
9.22186 -4.37172
9.22336 -4.3633
9.22486 -4.35483
9.22636 -4.34632
9.22786 -4.33777
9.22936 -4.32917
9.23087 -4.32053
9.23237 -4.31184
9.23387 -4.30311
9.23537 -4.29434
9.23687 -4.28553
9.23837 -4.27668
9.23987 -4.26778
9.24137 -4.25885
9.24287 -4.24987
9.24437 -4.24085
9.24587 -4.2318
9.24737 -4.2227
9.24887 -4.21357
9.25038 -4.2044
9.25188 -4.19518
9.25338 -4.18593
9.25488 -4.17664
9.25638 -4.16732
9.25788 -4.15796
9.25938 -4.14856
9.26088 -4.13912
9.26238 -4.12965
9.26388 -4.12014
9.26538 -4.1106
9.26688 -4.10102
9.26838 -4.0914
9.26988 -4.08176
9.27139 -4.07207
9.27289 -4.06236
9.27439 -4.05261
9.27589 -4.04282
9.27739 -4.03301
9.27889 -4.02316
9.28039 -4.01328
9.28189 -4.00336
9.28339 -3.99342
9.28489 -3.98344
9.28639 -3.97344
9.28789 -3.9634
9.28939 -3.95333
9.2909 -3.94323
9.2924 -3.9331
9.2939 -3.92295
9.2954 -3.91276
9.2969 -3.90254
9.2984 -3.8923
9.2999 -3.88203
9.3014 -3.87173
9.3029 -3.8614
9.3044 -3.85104
9.3059 -3.84066
9.3074 -3.83025
9.3089 -3.81982
9.31041 -3.80936
9.31191 -3.79887
9.31341 -3.78836
9.31491 -3.77782
9.31641 -3.76726
9.31791 -3.75668
9.31941 -3.74607
9.32091 -3.73543
9.32241 -3.72477
9.32391 -3.71409
9.32541 -3.70339
9.32691 -3.69266
9.32841 -3.68191
9.32991 -3.67114
9.33142 -3.66035
9.33292 -3.64953
9.33442 -3.6387
9.33592 -3.62784
9.33742 -3.61696
9.33892 -3.60607
9.34042 -3.59515
9.34192 -3.58421
9.34342 -3.57325
9.34492 -3.56228
9.34642 -3.55128
9.34792 -3.54027
9.34942 -3.52924
9.35093 -3.51819
9.35243 -3.50712
9.35393 -3.49604
9.35543 -3.48494
9.35693 -3.47382
9.35843 -3.46268
9.35993 -3.45153
9.36143 -3.44036
9.36293 -3.42918
9.36443 -3.41798
9.36593 -3.40677
9.36743 -3.39554
9.36893 -3.3843
9.37044 -3.37304
9.37194 -3.36177
9.37344 -3.35049
9.37494 -3.33919
9.37644 -3.32788
9.37794 -3.31655
9.37944 -3.30522
9.38094 -3.29387
9.38244 -3.28251
9.38394 -3.27113
9.38544 -3.25975
9.38694 -3.24835
9.38844 -3.23695
9.38994 -3.22553
9.39145 -3.2141
9.39295 -3.20266
9.39445 -3.19122
9.39595 -3.17976
9.39745 -3.16829
9.39895 -3.15682
9.40045 -3.14533
9.40195 -3.13384
9.40345 -3.12234
9.40495 -3.11083
9.40645 -3.09931
9.40795 -3.08779
9.40945 -3.07626
9.41096 -3.06472
9.41246 -3.05318
9.41396 -3.04162
9.41546 -3.03007
9.41696 -3.0185
9.41846 -3.00693
9.41996 -2.99536
9.42146 -2.98378
9.42296 -2.9722
9.42446 -2.96061
9.42596 -2.94901
9.42746 -2.93742
9.42896 -2.92581
9.43047 -2.91421
9.43197 -2.9026
9.43347 -2.89099
9.43497 -2.87938
9.43647 -2.86776
9.43797 -2.85614
9.43947 -2.84452
9.44097 -2.8329
9.44247 -2.82127
9.44397 -2.80965
9.44547 -2.79802
9.44697 -2.78639
9.44847 -2.77476
9.44997 -2.76313
9.45148 -2.75151
9.45298 -2.73988
9.45448 -2.72825
9.45598 -2.71662
9.45748 -2.705
9.45898 -2.69337
9.46048 -2.68175
9.46198 -2.67012
9.46348 -2.6585
9.46498 -2.64688
9.46648 -2.63527
9.46798 -2.62366
9.46948 -2.61204
9.47099 -2.60044
9.47249 -2.58883
9.47399 -2.57723
9.47549 -2.56563
9.47699 -2.55404
9.47849 -2.54245
9.47999 -2.53087
9.48149 -2.51929
9.48299 -2.50771
9.48449 -2.49614
9.48599 -2.48458
9.48749 -2.47302
9.48899 -2.46146
9.4905 -2.44992
9.492 -2.43838
9.4935 -2.42684
9.495 -2.41531
9.4965 -2.40379
9.498 -2.39228
9.4995 -2.38077
9.501 -2.36928
9.5025 -2.35779
9.504 -2.3463
9.5055 -2.33483
9.507 -2.32336
9.5085 -2.31191
9.51001 -2.30046
9.51151 -2.28902
9.51301 -2.27759
9.51451 -2.26617
9.51601 -2.25476
9.51751 -2.24336
9.51901 -2.23197
9.52051 -2.22059
9.52201 -2.20922
9.52351 -2.19786
9.52501 -2.18652
9.52651 -2.17518
9.52801 -2.16386
9.52951 -2.15254
9.53102 -2.14124
9.53252 -2.12995
9.53402 -2.11868
9.53552 -2.10742
9.53702 -2.09616
9.53852 -2.08493
9.54002 -2.0737
9.54152 -2.06249
9.54302 -2.05129
9.54452 -2.04011
9.54602 -2.02894
9.54752 -2.01779
9.54902 -2.00664
9.55053 -1.99552
9.55203 -1.98441
9.55353 -1.97331
9.55503 -1.96223
9.55653 -1.95116
9.55803 -1.94011
9.55953 -1.92908
9.56103 -1.91806
9.56253 -1.90706
9.56403 -1.89607
9.56553 -1.8851
9.56703 -1.87415
9.56853 -1.86321
9.57004 -1.85229
9.57154 -1.84139
9.57304 -1.83051
9.57454 -1.81964
9.57604 -1.80879
9.57754 -1.79796
9.57904 -1.78715
9.58054 -1.77636
9.58204 -1.76558
9.58354 -1.75483
9.58504 -1.74409
9.58654 -1.73337
9.58804 -1.72267
9.58954 -1.712
9.59105 -1.70134
9.59255 -1.6907
9.59405 -1.68008
9.59555 -1.66948
9.59705 -1.6589
9.59855 -1.64834
9.60005 -1.63781
9.60155 -1.62729
9.60305 -1.6168
9.60455 -1.60633
9.60605 -1.59587
9.60755 -1.58544
9.60905 -1.57504
9.61056 -1.56465
9.61206 -1.55429
9.61356 -1.54395
9.61506 -1.53363
9.61656 -1.52333
9.61806 -1.51306
9.61956 -1.50281
9.62106 -1.49259
9.62256 -1.48238
9.62406 -1.4722
9.62556 -1.46205
9.62706 -1.45192
9.62856 -1.44181
9.63007 -1.43173
9.63157 -1.42167
9.63307 -1.41163
9.63457 -1.40162
9.63607 -1.39164
9.63757 -1.38168
9.63907 -1.37175
9.64057 -1.36184
9.64207 -1.35196
9.64357 -1.3421
9.64507 -1.33227
9.64657 -1.32246
9.64807 -1.31268
9.64957 -1.30293
9.65108 -1.29321
9.65258 -1.28351
9.65408 -1.27383
9.65558 -1.26419
9.65708 -1.25457
9.65858 -1.24498
9.66008 -1.23542
9.66158 -1.22588
9.66308 -1.21637
9.66458 -1.20689
9.66608 -1.19744
9.66758 -1.18802
9.66908 -1.17862
9.67059 -1.16925
9.67209 -1.15991
9.67359 -1.1506
9.67509 -1.14132
9.67659 -1.13207
9.67809 -1.12285
9.67959 -1.11366
9.68109 -1.10449
9.68259 -1.09536
9.68409 -1.08625
9.68559 -1.07718
9.68709 -1.06814
9.68859 -1.05912
9.6901 -1.05014
9.6916 -1.04119
9.6931 -1.03226
9.6946 -1.02337
9.6961 -1.01451
9.6976 -1.00568
9.6991 -0.996883
9.7006 -0.988115
9.7021 -0.97938
9.7036 -0.970675
9.7051 -0.962003
9.7066 -0.953362
9.7081 -0.944754
9.7096 -0.936177
9.71111 -0.927633
9.71261 -0.919121
9.71411 -0.910641
9.71561 -0.902194
9.71711 -0.89378
9.71861 -0.885399
9.72011 -0.877051
9.72161 -0.868735
9.72311 -0.860453
9.72461 -0.852205
9.72611 -0.84399
9.72761 -0.835808
9.72911 -0.827661
9.73062 -0.819547
9.73212 -0.811467
9.73362 -0.803421
9.73512 -0.795409
9.73662 -0.787432
9.73812 -0.779489
9.73962 -0.771581
9.74112 -0.763707
9.74262 -0.755868
9.74412 -0.748064
9.74562 -0.740295
9.74712 -0.732562
9.74862 -0.724863
9.75013 -0.7172
9.75163 -0.709572
9.75313 -0.70198
9.75463 -0.694424
9.75613 -0.686903
9.75763 -0.679419
9.75913 -0.67197
9.76063 -0.664557
9.76213 -0.657181
9.76363 -0.649841
9.76513 -0.642537
9.76663 -0.635271
9.76813 -0.62804
9.76963 -0.620847
9.77114 -0.61369
9.77264 -0.60657
9.77414 -0.599487
9.77564 -0.592442
9.77714 -0.585434
9.77864 -0.578463
9.78014 -0.571529
9.78164 -0.564633
9.78314 -0.557775
9.78464 -0.550955
9.78614 -0.544172
9.78764 -0.537427
9.78914 -0.530721
9.79065 -0.524052
9.79215 -0.517422
9.79365 -0.51083
9.79515 -0.504276
9.79665 -0.497761
9.79815 -0.491285
9.79965 -0.484847
9.80115 -0.478448
9.80265 -0.472088
9.80415 -0.465767
9.80565 -0.459485
9.80715 -0.453242
9.80865 -0.447038
9.81016 -0.440873
9.81166 -0.434748
9.81316 -0.428663
9.81466 -0.422617
9.81616 -0.41661
9.81766 -0.410643
9.81916 -0.404716
9.82066 -0.398829
9.82216 -0.392982
9.82366 -0.387175
9.82516 -0.381408
9.82666 -0.375681
9.82816 -0.369995
9.82966 -0.364349
9.83117 -0.358743
9.83267 -0.353178
9.83417 -0.347653
9.83567 -0.342169
9.83717 -0.336725
9.83867 -0.331323
9.84017 -0.325961
9.84167 -0.32064
9.84317 -0.315361
9.84467 -0.310122
9.84617 -0.304925
9.84767 -0.299768
9.84917 -0.294653
9.85068 -0.28958
9.85218 -0.284547
9.85368 -0.279557
9.85518 -0.274607
9.85668 -0.2697
9.85818 -0.264834
9.85968 -0.26001
9.86118 -0.255227
9.86268 -0.250487
9.86418 -0.245788
9.86568 -0.241132
9.86718 -0.236517
9.86868 -0.231945
9.87019 -0.227414
9.87169 -0.222926
9.87319 -0.21848
9.87469 -0.214077
9.87619 -0.209716
9.87769 -0.205397
9.87919 -0.201121
9.88069 -0.196888
9.88219 -0.192697
9.88369 -0.188548
9.88519 -0.184443
9.88669 -0.18038
9.88819 -0.17636
9.88969 -0.172383
9.8912 -0.168449
9.8927 -0.164558
9.8942 -0.160709
9.8957 -0.156904
9.8972 -0.153142
9.8987 -0.149423
9.9002 -0.145748
9.9017 -0.142115
9.9032 -0.138526
9.9047 -0.13498
9.9062 -0.131478
9.9077 -0.128019
9.9092 -0.124603
9.91071 -0.121231
9.91221 -0.117902
9.91371 -0.114618
9.91521 -0.111376
9.91671 -0.108178
9.91821 -0.105024
9.91971 -0.101914
9.92121 -0.0988477
9.92271 -0.095825
9.92421 -0.0928461
9.92571 -0.0899111
9.92721 -0.08702
9.92871 -0.0841728
9.93022 -0.0813696
9.93172 -0.0786104
9.93322 -0.0758952
9.93472 -0.0732241
9.93622 -0.070597
9.93772 -0.0680141
9.93922 -0.0654753
9.94072 -0.0629807
9.94222 -0.0605303
9.94372 -0.0581241
9.94522 -0.0557622
9.94672 -0.0534446
9.94822 -0.0511712
9.94972 -0.0489422
9.95123 -0.0467575
9.95273 -0.0446171
9.95423 -0.0425212
9.95573 -0.0404697
9.95723 -0.0384626
9.95873 -0.0364999
9.96023 -0.0345817
9.96173 -0.032708
9.96323 -0.0308788
9.96473 -0.0290942
9.96623 -0.027354
9.96773 -0.0256584
9.96923 -0.0240074
9.97074 -0.0224009
9.97224 -0.0208391
9.97374 -0.0193218
9.97524 -0.0178492
9.97674 -0.0164212
9.97824 -0.0150378
9.97974 -0.0136991
9.98124 -0.012405
9.98274 -0.0111556
9.98424 -0.0099509
9.98574 -0.00879086
9.98724 -0.00767551
9.98874 -0.00660485
9.99025 -0.0055789
9.99175 -0.00459764
9.99325 -0.0036611
9.99475 -0.00276927
9.99625 -0.00192215
9.99775 -0.00111975
9.99925 -0.000362071
10.0008 0.000350892
10.0023 0.00101914
10.0038 0.00164266
10.0053 0.00222147
10.0068 0.00275556
10.0083 0.00324495
10.0098 0.00368962
10.0113 0.00408959
10.0128 0.00444486
10.0143 0.00475543
10.0158 0.00502131
10.0173 0.00524252
10.0188 0.00541904
10.0203 0.00555091
10.0218 0.00563811
10.0233 0.00568066
10.0248 0.00567858
10.0263 0.00563187
10.0278 0.00554054
10.0293 0.0054046
10.0308 0.00522408
10.0323 0.00499897
10.0338 0.0047293
10.0353 0.00441508
10.0368 0.00405633
10.0383 0.00365305
10.0398 0.00320528
10.0413 0.00271302
10.0428 0.00217629
10.0443 0.00159512
10.0458 0.000969515
10.0473 0.000299503
10.0488 -0.000414896
10.0503 -0.00117366
10.0518 -0.00197677
10.0533 -0.0028242
10.0548 -0.00371594
10.0563 -0.00465194
10.0578 -0.0056322
10.0593 -0.00665668
10.0608 -0.00772535
10.0623 -0.0088382
10.0638 -0.0099952
10.0653 -0.0111963
10.0668 -0.0124415
10.0683 -0.0137308
10.0698 -0.015064
10.0713 -0.0164413
10.0728 -0.0178626
10.0743 -0.0193278
10.0758 -0.0208368
10.0773 -0.0223898
10.0788 -0.0239866
10.0803 -0.0256272
10.0818 -0.0273115
10.0833 -0.0290396
10.0848 -0.0308114
10.0863 -0.0326268
10.0878 -0.0344858
10.0893 -0.0363885
10.0908 -0.0383346
10.0923 -0.0403243
10.0938 -0.0423574
10.0953 -0.0444339
10.0968 -0.0465538
10.0983 -0.048717
10.0998 -0.0509236
10.1013 -0.0531733
10.1028 -0.0554663
10.1043 -0.0578024
10.1058 -0.0601816
10.1073 -0.0626039
10.1088 -0.0650692
10.1103 -0.0675775
10.1118 -0.0701286
10.1133 -0.0727227
10.1148 -0.0753596
10.1163 -0.0780392
10.1178 -0.0807615
10.1193 -0.0835266
10.1208 -0.0863342
10.1223 -0.0891844
10.1238 -0.092077
10.1253 -0.0950122
10.1268 -0.0979897
10.1283 -0.10101
10.1298 -0.104072
10.1313 -0.107176
10.1328 -0.110323
10.1343 -0.113511
10.1358 -0.116742
10.1373 -0.120015
10.1388 -0.123329
10.1403 -0.126686
10.1418 -0.130084
10.1433 -0.133524
10.1448 -0.137006
10.1463 -0.140529
10.1478 -0.144094
10.1493 -0.1477
10.1508 -0.151348
10.1523 -0.155037
10.1538 -0.158767
10.1553 -0.162539
10.1568 -0.166352
10.1583 -0.170205
10.1598 -0.1741
10.1613 -0.178036
10.1628 -0.182013
10.1643 -0.18603
10.1658 -0.190088
10.1673 -0.194187
10.1688 -0.198326
10.1703 -0.202506
10.1718 -0.206726
10.1733 -0.210987
10.1748 -0.215288
10.1763 -0.219629
10.1778 -0.22401
10.1793 -0.228431
10.1808 -0.232892
10.1823 -0.237393
10.1838 -0.241934
10.1853 -0.246515
10.1868 -0.251135
10.1883 -0.255795
10.1898 -0.260494
10.1913 -0.265232
10.1928 -0.27001
10.1943 -0.274827
10.1958 -0.279684
10.1973 -0.284579
10.1988 -0.289513
10.2004 -0.294486
10.2019 -0.299498
10.2034 -0.304549
10.2049 -0.309638
10.2064 -0.314765
10.2079 -0.319931
10.2094 -0.325136
10.2109 -0.330378
10.2124 -0.335659
10.2139 -0.340978
10.2154 -0.346334
10.2169 -0.351729
10.2184 -0.357161
10.2199 -0.362631
10.2214 -0.368139
10.2229 -0.373684
10.2244 -0.379266
10.2259 -0.384886
10.2274 -0.390542
10.2289 -0.396236
10.2304 -0.401967
10.2319 -0.407735
10.2334 -0.413539
10.2349 -0.41938
10.2364 -0.425258
10.2379 -0.431172
10.2394 -0.437122
10.2409 -0.443109
10.2424 -0.449132
10.2439 -0.45519
10.2454 -0.461285
10.2469 -0.467416
10.2484 -0.473582
10.2499 -0.479783
10.2514 -0.486021
10.2529 -0.492293
10.2544 -0.498601
10.2559 -0.504944
10.2574 -0.511322
10.2589 -0.517735
10.2604 -0.524183
10.2619 -0.530665
10.2634 -0.537182
10.2649 -0.543733
10.2664 -0.550319
10.2679 -0.556939
10.2694 -0.563593
10.2709 -0.570281
10.2724 -0.577003
10.2739 -0.583758
10.2754 -0.590548
10.2769 -0.59737
10.2784 -0.604226
10.2799 -0.611115
10.2814 -0.618038
10.2829 -0.624993
10.2844 -0.631981
10.2859 -0.639002
10.2874 -0.646056
10.2889 -0.653142
10.2904 -0.66026
10.2919 -0.667411
10.2934 -0.674594
10.2949 -0.681809
10.2964 -0.689055
10.2979 -0.696333
10.2994 -0.703643
10.3009 -0.710985
10.3024 -0.718357
10.3039 -0.725761
10.3054 -0.733196
10.3069 -0.740662
10.3084 -0.748158
10.3099 -0.755685
10.3114 -0.763243
10.3129 -0.770831
10.3144 -0.778449
10.3159 -0.786097
10.3174 -0.793775
10.3189 -0.801483
10.3204 -0.809221
10.3219 -0.816988
10.3234 -0.824785
10.3249 -0.832611
10.3264 -0.840465
10.3279 -0.848349
10.3294 -0.856262
10.3309 -0.864203
10.3324 -0.872173
10.3339 -0.880171
10.3354 -0.888197
10.3369 -0.896252
10.3384 -0.904334
10.3399 -0.912444
10.3414 -0.920581
10.3429 -0.928746
10.3444 -0.936939
10.3459 -0.945158
10.3474 -0.953405
10.3489 -0.961678
10.3504 -0.969978
10.3519 -0.978305
10.3534 -0.986658
10.3549 -0.995037
10.3564 -1.00344
10.3579 -1.01187
10.3594 -1.02033
10.3609 -1.02881
10.3624 -1.03732
10.3639 -1.04585
10.3654 -1.05441
10.3669 -1.063
10.3684 -1.0716
10.3699 -1.08024
10.3714 -1.08889
10.3729 -1.09757
10.3744 -1.10628
10.3759 -1.11501
10.3774 -1.12376
10.3789 -1.13254
10.3804 -1.14134
10.3819 -1.15016
10.3834 -1.15901
10.3849 -1.16788
10.3864 -1.17677
10.3879 -1.18569
10.3894 -1.19462
10.3909 -1.20358
10.3924 -1.21257
10.3939 -1.22157
10.3954 -1.23059
10.3969 -1.23964
10.3984 -1.24871
10.3999 -1.2578
10.4015 -1.26691
10.403 -1.27604
10.4045 -1.28519
10.406 -1.29437
10.4075 -1.30356
10.409 -1.31277
10.4105 -1.322
10.412 -1.33126
10.4135 -1.34053
10.415 -1.34982
10.4165 -1.35913
10.418 -1.36846
10.4195 -1.37781
10.421 -1.38718
10.4225 -1.39656
10.424 -1.40597
10.4255 -1.41539
10.427 -1.42483
10.4285 -1.43429
10.43 -1.44376
10.4315 -1.45326
10.433 -1.46277
10.4345 -1.47229
10.436 -1.48184
10.4375 -1.4914
10.439 -1.50097
10.4405 -1.51057
10.442 -1.52018
10.4435 -1.5298
10.445 -1.53944
10.4465 -1.5491
10.448 -1.55877
10.4495 -1.56845
10.451 -1.57815
10.4525 -1.58787
10.454 -1.5976
10.4555 -1.60734
10.457 -1.6171
10.4585 -1.62687
10.46 -1.63666
10.4615 -1.64646
10.463 -1.65627
10.4645 -1.66609
10.466 -1.67593
10.4675 -1.68578
10.469 -1.69564
10.4705 -1.70552
10.472 -1.7154
10.4735 -1.7253
10.475 -1.73521
10.4765 -1.74513
10.478 -1.75506
10.4795 -1.76501
10.481 -1.77496
10.4825 -1.78492
10.484 -1.7949
10.4855 -1.80488
10.487 -1.81488
10.4885 -1.82488
10.49 -1.83489
10.4915 -1.84491
10.493 -1.85495
10.4945 -1.86499
10.496 -1.87503
10.4975 -1.88509
10.499 -1.89516
10.5005 -1.90523
10.502 -1.91531
10.5035 -1.9254
10.505 -1.93549
10.5065 -1.94559
10.508 -1.9557
10.5095 -1.96582
10.511 -1.97594
10.5125 -1.98606
10.514 -1.9962
10.5155 -2.00634
10.517 -2.01648
10.5185 -2.02663
10.52 -2.03678
10.5215 -2.04694
10.523 -2.05711
10.5245 -2.06727
10.526 -2.07744
10.5275 -2.08762
10.529 -2.0978
10.5305 -2.10798
10.532 -2.11816
10.5335 -2.12835
10.535 -2.13854
10.5365 -2.14873
10.538 -2.15893
10.5395 -2.16913
10.541 -2.17932
10.5425 -2.18952
10.544 -2.19972
10.5455 -2.20993
10.547 -2.22013
10.5485 -2.23033
10.55 -2.24053
10.5515 -2.25074
10.553 -2.26094
10.5545 -2.27114
10.556 -2.28134
10.5575 -2.29154
10.559 -2.30174
10.5605 -2.31194
10.562 -2.32213
10.5635 -2.33232
10.565 -2.34251
10.5665 -2.3527
10.568 -2.36289
10.5695 -2.37307
10.571 -2.38325
10.5725 -2.39342
10.574 -2.4036
10.5755 -2.41376
10.577 -2.42393
10.5785 -2.43409
10.58 -2.44424
10.5815 -2.45439
10.583 -2.46453
10.5845 -2.47467
10.586 -2.4848
10.5875 -2.49493
10.589 -2.50504
10.5905 -2.51516
10.592 -2.52526
10.5935 -2.53536
10.595 -2.54545
10.5965 -2.55553
10.598 -2.56561
10.5995 -2.57568
10.6011 -2.58574
10.6026 -2.59578
10.6041 -2.60583
10.6056 -2.61586
10.6071 -2.62588
10.6086 -2.63589
10.6101 -2.64589
10.6116 -2.65588
10.6131 -2.66586
10.6146 -2.67583
10.6161 -2.68579
10.6176 -2.69574
10.6191 -2.70567
10.6206 -2.7156
10.6221 -2.72551
10.6236 -2.73541
10.6251 -2.74529
10.6266 -2.75516
10.6281 -2.76502
10.6296 -2.77487
10.6311 -2.7847
10.6326 -2.79451
10.6341 -2.80432
10.6356 -2.8141
10.6371 -2.82388
10.6386 -2.83363
10.6401 -2.84337
10.6416 -2.8531
10.6431 -2.86281
10.6446 -2.8725
10.6461 -2.88218
10.6476 -2.89184
10.6491 -2.90148
10.6506 -2.9111
10.6521 -2.92071
10.6536 -2.93029
10.6551 -2.93986
10.6566 -2.94941
10.6581 -2.95894
10.6596 -2.96845
10.6611 -2.97795
10.6626 -2.98742
10.6641 -2.99687
10.6656 -3.0063
10.6671 -3.01571
10.6686 -3.0251
10.6701 -3.03446
10.6716 -3.04381
10.6731 -3.05313
10.6746 -3.06243
10.6761 -3.07171
10.6776 -3.08097
10.6791 -3.0902
10.6806 -3.09941
10.6821 -3.10859
10.6836 -3.11775
10.6851 -3.12689
10.6866 -3.136
10.6881 -3.14509
10.6896 -3.15415
10.6911 -3.16318
10.6926 -3.17219
10.6941 -3.18117
10.6956 -3.19013
10.6971 -3.19906
10.6986 -3.20796
10.7001 -3.21683
10.7016 -3.22568
10.7031 -3.2345
10.7046 -3.24329
10.7061 -3.25205
10.7076 -3.26078
10.7091 -3.26948
10.7106 -3.27815
10.7121 -3.2868
10.7136 -3.29541
10.7151 -3.30399
10.7166 -3.31254
10.7181 -3.32106
10.7196 -3.32955
10.7211 -3.338
10.7226 -3.34642
10.7241 -3.35481
10.7256 -3.36317
10.7271 -3.3715
10.7286 -3.37979
10.7301 -3.38804
10.7316 -3.39627
10.7331 -3.40445
10.7346 -3.41261
10.7361 -3.42072
10.7376 -3.42881
10.7391 -3.43685
10.7406 -3.44486
10.7421 -3.45284
10.7436 -3.46077
10.7451 -3.46867
10.7466 -3.47653
10.7481 -3.48436
10.7496 -3.49215
10.7511 -3.49989
10.7526 -3.5076
10.7541 -3.51527
10.7556 -3.5229
10.7571 -3.53049
10.7586 -3.53804
10.7601 -3.54555
10.7616 -3.55302
10.7631 -3.56045
10.7646 -3.56783
10.7661 -3.57518
10.7676 -3.58248
10.7691 -3.58974
10.7706 -3.59695
10.7721 -3.60413
10.7736 -3.61126
10.7751 -3.61834
10.7766 -3.62538
10.7781 -3.63238
10.7796 -3.63933
10.7811 -3.64624
10.7826 -3.6531
10.7841 -3.65992
10.7856 -3.66668
10.7871 -3.67341
10.7886 -3.68008
10.7901 -3.68671
10.7916 -3.69329
10.7931 -3.69982
10.7946 -3.7063
10.7961 -3.71274
10.7976 -3.71912
10.7991 -3.72546
10.8007 -3.73174
10.8022 -3.73798
10.8037 -3.74416
10.8052 -3.7503
10.8067 -3.75638
10.8082 -3.76241
10.8097 -3.76839
10.8112 -3.77432
10.8127 -3.78019
10.8142 -3.78601
10.8157 -3.79178
10.8172 -3.79749
10.8187 -3.80315
10.8202 -3.80876
10.8217 -3.81431
10.8232 -3.8198
10.8247 -3.82524
10.8262 -3.83062
10.8277 -3.83595
10.8292 -3.84122
10.8307 -3.84643
10.8322 -3.85159
10.8337 -3.85668
10.8352 -3.86172
10.8367 -3.8667
10.8382 -3.87163
10.8397 -3.87649
10.8412 -3.88129
10.8427 -3.88603
10.8442 -3.89072
10.8457 -3.89534
10.8472 -3.8999
10.8487 -3.9044
10.8502 -3.90883
10.8517 -3.91321
10.8532 -3.91752
10.8547 -3.92177
10.8562 -3.92595
10.8577 -3.93007
10.8592 -3.93413
10.8607 -3.93812
10.8622 -3.94205
10.8637 -3.94591
10.8652 -3.94971
10.8667 -3.95344
10.8682 -3.9571
10.8697 -3.9607
10.8712 -3.96423
10.8727 -3.96769
10.8742 -3.97108
10.8757 -3.97441
10.8772 -3.97766
10.8787 -3.98085
10.8802 -3.98397
10.8817 -3.98701
10.8832 -3.98999
10.8847 -3.9929
10.8862 -3.99573
10.8877 -3.9985
10.8892 -4.00119
10.8907 -4.00381
10.8922 -4.00635
10.8937 -4.00882
10.8952 -4.01122
10.8967 -4.01355
10.8982 -4.0158
10.8997 -4.01798
10.9012 -4.02008
10.9027 -4.0221
10.9042 -4.02405
10.9057 -4.02593
10.9072 -4.02772
10.9087 -4.02944
10.9102 -4.03108
10.9117 -4.03265
10.9132 -4.03413
10.9147 -4.03554
10.9162 -4.03687
10.9177 -4.03811
10.9192 -4.03928
10.9207 -4.04037
10.9222 -4.04137
10.9237 -4.0423
10.9252 -4.04314
10.9267 -4.0439
10.9282 -4.04458
10.9297 -4.04518
10.9312 -4.04569
10.9327 -4.04612
10.9342 -4.04647
10.9357 -4.04673
10.9372 -4.0469
10.9387 -4.04699
10.9402 -4.047
10.9417 -4.04691
10.9432 -4.04675
10.9447 -4.04649
10.9462 -4.04615
10.9477 -4.04572
10.9492 -4.0452
10.9507 -4.04459
10.9522 -4.04389
10.9537 -4.0431
10.9552 -4.04223
10.9567 -4.04126
10.9582 -4.0402
10.9597 -4.03905
10.9612 -4.03781
10.9627 -4.03648
10.9642 -4.03505
10.9657 -4.03354
10.9672 -4.03192
10.9687 -4.03022
10.9702 -4.02842
10.9717 -4.02652
10.9732 -4.02453
10.9747 -4.02245
10.9762 -4.02027
10.9777 -4.01799
10.9792 -4.01561
10.9807 -4.01314
10.9822 -4.01057
10.9837 -4.0079
10.9852 -4.00514
10.9867 -4.00227
10.9882 -3.9993
10.9897 -3.99624
10.9912 -3.99307
10.9927 -3.98981
10.9942 -3.98644
10.9957 -3.98297
10.9972 -3.9794
10.9987 -3.97573
11.0003 -3.97195
11.0018 -3.96807
11.0033 -3.96408
11.0048 -3.95999
11.0063 -3.9558
11.0078 -3.9515
11.0093 -3.9471
11.0108 -3.94259
11.0123 -3.93797
11.0138 -3.93325
11.0153 -3.92841
11.0168 -3.92347
11.0183 -3.91843
11.0198 -3.91327
11.0213 -3.908
11.0228 -3.90263
11.0243 -3.89714
11.0258 -3.89154
11.0273 -3.88584
11.0288 -3.88002
11.0303 -3.87409
11.0318 -3.86804
11.0333 -3.86188
11.0348 -3.85561
11.0363 -3.84923
11.0378 -3.84273
11.0393 -3.83612
11.0408 -3.82939
11.0423 -3.82255
11.0438 -3.81558
11.0453 -3.80851
11.0468 -3.80131
11.0483 -3.794
11.0498 -3.78657
11.0513 -3.77902
11.0528 -3.77136
11.0543 -3.76357
11.0558 -3.75566
11.0573 -3.74764
11.0588 -3.73949
11.0603 -3.73122
11.0618 -3.72283
11.0633 -3.71431
11.0648 -3.70568
11.0663 -3.69692
11.0678 -3.68804
11.0693 -3.67903
11.0708 -3.6699
11.0723 -3.66064
11.0738 -3.65126
11.0753 -3.64175
11.0768 -3.63212
11.0783 -3.62235
11.0798 -3.61247
11.0813 -3.60245
11.0828 -3.5923
11.0843 -3.58203
11.0858 -3.57162
11.0873 -3.56109
11.0888 -3.55043
11.0903 -3.53963
11.0918 -3.5287
11.0933 -3.51765
11.0948 -3.50645
11.0963 -3.49513
11.0978 -3.48367
11.0993 -3.47208
11.1008 -3.46036
11.1023 -3.4485
11.1038 -3.4365
11.1053 -3.42437
11.1068 -3.41211
11.1083 -3.3997
11.1098 -3.38716
11.1113 -3.37449
11.1128 -3.36167
11.1143 -3.34871
11.1158 -3.33562
11.1173 -3.32238
11.1188 -3.30901
11.1203 -3.2955
11.1218 -3.28184
11.1233 -3.26804
11.1248 -3.2541
11.1263 -3.24002
11.1278 -3.22579
11.1293 -3.21142
11.1308 -3.19691
11.1323 -3.18225
11.1338 -3.16745
11.1353 -3.1525
11.1368 -3.1374
11.1383 -3.12216
11.1398 -3.10677
11.1413 -3.09124
11.1428 -3.07555
11.1443 -3.05972
11.1458 -3.04373
11.1473 -3.0276
11.1488 -3.01132
11.1503 -2.99488
11.1518 -2.9783
11.1533 -2.96156
11.1548 -2.94467
11.1563 -2.92763
11.1578 -2.91044
11.1593 -2.89309
11.1608 -2.87558
11.1623 -2.85793
11.1638 -2.84011
11.1653 -2.82214
11.1668 -2.80402
11.1683 -2.78573
11.1698 -2.76729
11.1713 -2.7487
11.1728 -2.72994
11.1743 -2.71102
11.1758 -2.69195
11.1773 -2.67271
11.1788 -2.65332
11.1803 -2.63376
11.1818 -2.61404
11.1833 -2.59416
11.1848 -2.57412
11.1863 -2.55391
11.1878 -2.53354
11.1893 -2.51301
11.1908 -2.49231
11.1923 -2.47144
11.1938 -2.45041
11.1953 -2.42921
11.1968 -2.40785
11.1983 -2.38632
11.1998 -2.36462
11.2014 -2.34275
11.2029 -2.32071
11.2044 -2.29851
11.2059 -2.27613
11.2074 -2.25358
11.2089 -2.23087
11.2104 -2.20798
11.2119 -2.18491
11.2134 -2.16168
11.2149 -2.13827
11.2164 -2.11469
11.2179 -2.09093
11.2194 -2.067
11.2209 -2.04289
11.2224 -2.01861
11.2239 -1.99415
11.2254 -1.96951
11.2269 -1.9447
11.2284 -1.91971
11.2299 -1.89453
11.2314 -1.86918
11.2329 -1.84365
11.2344 -1.81794
11.2359 -1.79205
11.2374 -1.76598
11.2389 -1.73972
11.2404 -1.71328
11.2419 -1.68666
11.2434 -1.65986
11.2449 -1.63287
11.2464 -1.60569
11.2479 -1.57833
11.2494 -1.55079
11.2509 -1.52306
11.2524 -1.49514
11.2539 -1.46703
11.2554 -1.43874
11.2569 -1.41025
11.2584 -1.38158
11.2599 -1.35272
11.2614 -1.32367
11.2629 -1.29442
11.2644 -1.26499
11.2659 -1.23536
11.2674 -1.20554
11.2689 -1.17553
11.2704 -1.14532
11.2719 -1.11492
11.2734 -1.08433
11.2749 -1.05353
11.2764 -1.02255
11.2779 -0.991364
11.2794 -0.959983
11.2809 -0.928404
11.2824 -0.896627
11.2839 -0.864652
11.2854 -0.832476
11.2869 -0.800101
11.2884 -0.767525
11.2899 -0.734749
11.2914 -0.70177
11.2929 -0.668589
11.2944 -0.635205
11.2959 -0.601618
11.2974 -0.567827
11.2989 -0.533831
11.3004 -0.49963
11.3019 -0.465224
11.3034 -0.430611
11.3049 -0.395791
11.3064 -0.360764
11.3079 -0.325528
11.3094 -0.290084
11.3109 -0.254431
11.3124 -0.218568
11.3139 -0.182495
11.3154 -0.14621
11.3169 -0.109715
11.3184 -0.0730066
11.3199 -0.0360858
11.3214 0.00104826
11.3229 0.0383962
11.3244 0.0759587
11.3259 0.113736
11.3274 0.151729
11.3289 0.189939
11.3304 0.228365
11.3319 0.267009
11.3334 0.30587
11.3349 0.344951
11.3364 0.38425
11.3379 0.42377
11.3394 0.463509
11.3409 0.50347
11.3424 0.543652
11.3439 0.584057
11.3454 0.624684
11.3469 0.665535
11.3484 0.706609
11.3499 0.747909
11.3514 0.789433
11.3529 0.831183
11.3544 0.87316
11.3559 0.915363
11.3574 0.957794
11.3589 1.00045
11.3604 1.04334
11.3619 1.08646
11.3634 1.12981
11.3649 1.17338
11.3664 1.21719
11.3679 1.26124
11.3694 1.30551
11.3709 1.35002
11.3724 1.39476
11.3739 1.43973
11.3754 1.48494
11.3769 1.53038
11.3784 1.57606
11.3799 1.62198
11.3814 1.66814
11.3829 1.71453
11.3844 1.76116
11.3859 1.80803
11.3874 1.85514
11.3889 1.90249
11.3904 1.95008
11.3919 1.99792
11.3934 2.04599
11.3949 2.09431
11.3964 2.14287
11.3979 2.19168
11.3994 2.24073
11.401 2.29003
11.4025 2.33957
11.404 2.38936
11.4055 2.43939
11.407 2.48968
11.4085 2.54021
11.41 2.59099
11.4115 2.64202
11.413 2.6933
11.4145 2.74483
11.416 2.79662
11.4175 2.84865
11.419 2.90094
11.4205 2.95348
11.422 3.00628
11.4235 3.05933
11.425 3.11264
11.4265 3.1662
11.428 3.22002
11.4295 3.2741
11.431 3.32843
11.4325 3.38303
11.434 3.43788
11.4355 3.49299
11.437 3.54836
11.4385 3.604
11.44 3.65989
11.4415 3.71605
11.443 3.77247
11.4445 3.82915
11.446 3.8861
11.4475 3.94332
11.449 4.0008
11.4505 4.05854
11.452 4.11655
11.4535 4.17483
11.455 4.23338
11.4565 4.2922
11.458 4.35128
11.4595 4.41064
11.461 4.47027
11.4625 4.53017
11.464 4.59034
11.4655 4.65078
11.467 4.7115
11.4685 4.77249
11.47 4.83375
11.4715 4.89529
11.473 4.95711
11.4745 5.01921
11.476 5.08158
11.4775 5.14422
11.479 5.20715
11.4805 5.27036
11.482 5.33384
11.4835 5.39761
11.485 5.46166
11.4865 5.52599
11.488 5.5906
11.4895 5.6555
11.491 5.72068
11.4925 5.78614
11.494 5.85189
11.4955 5.91793
11.497 5.98425
11.4985 6.05086
11.5 6.11775
