8.64802 0.0186137
8.70174 0.120989
8.75547 0.17683
8.80919 0.325739
8.86291 0.642171
8.91664 0.884149
8.97036 1.38672
9.02409 1.28434
9.07781 1.37741
9.13153 1.13543
9.18526 1.15405
9.23898 0.837615
9.29271 0.623558
9.34643 0.456035
9.40015 0.297819
9.45388 0.195443
9.5076 0.0930683
9.56133 0.0651478
9.61505 0.0465342
9.66877 0.0279205
9.7225 0.00930683
9.77622 0.0186137
9.82995 0.0465342
9.88367 0.00930683
9.93739 0.0186137
9.99112 0.0186137
10.0448 0
10.0986 0.0186137
10.1523 0
10.206 0.0186137
10.2597 0.0279205
10.3135 0.0279205
10.3672 0.0465342
10.4209 0.0465342
10.4746 0.120989
10.5284 0.186137
10.5821 0.241978
10.6358 0.307125
10.6895 0.38158
10.7433 0.55841
10.797 0.58633
10.8507 0.725933
10.9044 0.967911
10.9581 0.967911
11.0119 0.781774
11.0656 0.493262
11.1193 0.474648
11.173 0.241978
11.2268 0.0465342
11.2805 0.0744547
