43.5 3.00423
43.5015 2.9422
43.503 2.88044
43.5045 2.81896
43.506 2.75777
43.5075 2.69684
43.509 2.6362
43.5105 2.57583
43.512 2.51573
43.5135 2.45591
43.515 2.39637
43.5165 2.3371
43.518 2.27809
43.5195 2.21937
43.521 2.16091
43.5225 2.10272
43.524 2.04481
43.5255 1.98716
43.527 1.92978
43.5285 1.87267
43.53 1.81583
43.5315 1.75925
43.533 1.70294
43.5345 1.64689
43.536 1.59111
43.5375 1.5356
43.539 1.48035
43.5405 1.42536
43.542 1.37063
43.5435 1.31617
43.545 1.26196
43.5465 1.20802
43.548 1.15434
43.5495 1.10091
43.551 1.04775
43.5525 0.994843
43.554 0.942193
43.5555 0.8898
43.557 0.837664
43.5585 0.785783
43.56 0.734156
43.5615 0.682785
43.563 0.631666
43.5645 0.580801
43.566 0.530188
43.5675 0.479828
43.569 0.429718
43.5705 0.379859
43.572 0.33025
43.5735 0.28089
43.575 0.231779
43.5765 0.182916
43.578 0.134301
43.5795 0.0859327
43.581 0.0378106
43.5825 -0.0100658
43.584 -0.057697
43.5855 -0.105084
43.587 -0.152227
43.5885 -0.199126
43.59 -0.245784
43.5915 -0.292199
43.593 -0.338372
43.5945 -0.384305
43.596 -0.429997
43.5975 -0.47545
43.599 -0.520664
43.6006 -0.565639
43.6021 -0.610377
43.6036 -0.654877
43.6051 -0.699141
43.6066 -0.743169
43.6081 -0.786961
43.6096 -0.830519
43.6111 -0.873842
43.6126 -0.916932
43.6141 -0.959789
43.6156 -1.00241
43.6171 -1.04481
43.6186 -1.08697
43.6201 -1.1289
43.6216 -1.1706
43.6231 -1.21207
43.6246 -1.25331
43.6261 -1.29432
43.6276 -1.33511
43.6291 -1.37567
43.6306 -1.416
43.6321 -1.45611
43.6336 -1.49599
43.6351 -1.53565
43.6366 -1.57508
43.6381 -1.61429
43.6396 -1.65328
43.6411 -1.69204
43.6426 -1.73058
43.6441 -1.7689
43.6456 -1.807
43.6471 -1.84488
43.6486 -1.88254
43.6501 -1.91998
43.6516 -1.95721
43.6531 -1.99421
43.6546 -2.031
43.6561 -2.06757
43.6576 -2.10393
43.6591 -2.14007
43.6606 -2.17599
43.6621 -2.21171
43.6636 -2.2472
43.6651 -2.28249
43.6666 -2.31756
43.6681 -2.35242
43.6696 -2.38707
43.6711 -2.42151
43.6726 -2.45573
43.6741 -2.48975
43.6756 -2.52356
43.6771 -2.55716
43.6786 -2.59055
43.6801 -2.62374
43.6816 -2.65672
43.6831 -2.68949
43.6846 -2.72206
43.6861 -2.75442
43.6876 -2.78657
43.6891 -2.81853
43.6906 -2.85027
43.6921 -2.88182
43.6936 -2.91316
43.6951 -2.94431
43.6966 -2.97525
43.6981 -3.00599
43.6996 -3.03653
43.7011 -3.06687
43.7026 -3.09701
43.7041 -3.12696
43.7056 -3.1567
43.7071 -3.18625
43.7086 -3.2156
43.7101 -3.24476
43.7116 -3.27372
43.7131 -3.30248
43.7146 -3.33105
43.7161 -3.35943
43.7176 -3.38761
43.7191 -3.4156
43.7206 -3.4434
43.7221 -3.47101
43.7236 -3.49842
43.7251 -3.52565
43.7266 -3.55268
43.7281 -3.57952
43.7296 -3.60618
43.7311 -3.63265
43.7326 -3.65893
43.7341 -3.68502
43.7356 -3.71092
43.7371 -3.73664
43.7386 -3.76218
43.7401 -3.78753
43.7416 -3.81269
43.7431 -3.83767
43.7446 -3.86246
43.7461 -3.88708
43.7476 -3.91151
43.7491 -3.93576
43.7506 -3.95982
43.7521 -3.98371
43.7536 -4.00742
43.7551 -4.03094
43.7566 -4.05429
43.7581 -4.07746
43.7596 -4.10045
43.7611 -4.12326
43.7626 -4.14589
43.7641 -4.16835
43.7656 -4.19064
43.7671 -4.21274
43.7686 -4.23467
43.7701 -4.25643
43.7716 -4.27802
43.7731 -4.29943
43.7746 -4.32066
43.7761 -4.34173
43.7776 -4.36262
43.7791 -4.38334
43.7806 -4.4039
43.7821 -4.42428
43.7836 -4.44449
43.7851 -4.46453
43.7866 -4.4844
43.7881 -4.50411
43.7896 -4.52365
43.7911 -4.54302
43.7926 -4.56222
43.7941 -4.58126
43.7956 -4.60013
43.7971 -4.61884
43.7986 -4.63738
43.8002 -4.65576
43.8017 -4.67398
43.8032 -4.69203
43.8047 -4.70992
43.8062 -4.72765
43.8077 -4.74521
43.8092 -4.76262
43.8107 -4.77986
43.8122 -4.79695
43.8137 -4.81387
43.8152 -4.83064
43.8167 -4.84725
43.8182 -4.8637
43.8197 -4.87999
43.8212 -4.89613
43.8227 -4.91211
43.8242 -4.92794
43.8257 -4.94361
43.8272 -4.95912
43.8287 -4.97448
43.8302 -4.98969
43.8317 -5.00474
43.8332 -5.01964
43.8347 -5.03439
43.8362 -5.04899
43.8377 -5.06343
43.8392 -5.07773
43.8407 -5.09187
43.8422 -5.10586
43.8437 -5.11971
43.8452 -5.1334
43.8467 -5.14695
43.8482 -5.16035
43.8497 -5.17361
43.8512 -5.18671
43.8527 -5.19967
43.8542 -5.21249
43.8557 -5.22515
43.8572 -5.23768
43.8587 -5.25006
43.8602 -5.26229
43.8617 -5.27439
43.8632 -5.28633
43.8647 -5.29814
43.8662 -5.30981
43.8677 -5.32133
43.8692 -5.33271
43.8707 -5.34396
43.8722 -5.35506
43.8737 -5.36602
43.8752 -5.37684
43.8767 -5.38753
43.8782 -5.39808
43.8797 -5.40849
43.8812 -5.41876
43.8827 -5.4289
43.8842 -5.4389
43.8857 -5.44876
43.8872 -5.45849
43.8887 -5.46809
43.8902 -5.47755
43.8917 -5.48688
43.8932 -5.49607
43.8947 -5.50513
43.8962 -5.51406
43.8977 -5.52286
43.8992 -5.53152
43.9007 -5.54006
43.9022 -5.54846
43.9037 -5.55674
43.9052 -5.56488
43.9067 -5.5729
43.9082 -5.58079
43.9097 -5.58855
43.9112 -5.59618
43.9127 -5.60369
43.9142 -5.61106
43.9157 -5.61832
43.9172 -5.62544
43.9187 -5.63245
43.9202 -5.63932
43.9217 -5.64608
43.9232 -5.65271
43.9247 -5.65921
43.9262 -5.66559
43.9277 -5.67185
43.9292 -5.67799
43.9307 -5.68401
43.9322 -5.68991
43.9337 -5.69568
43.9352 -5.70134
43.9367 -5.70687
43.9382 -5.71229
43.9397 -5.71759
43.9412 -5.72277
43.9427 -5.72783
43.9442 -5.73277
43.9457 -5.7376
43.9472 -5.74231
43.9487 -5.74691
43.9502 -5.75139
43.9517 -5.75575
43.9532 -5.76
43.9547 -5.76414
43.9562 -5.76816
43.9577 -5.77207
43.9592 -5.77586
43.9607 -5.77954
43.9622 -5.78312
43.9637 -5.78658
43.9652 -5.78992
43.9667 -5.79316
43.9682 -5.79629
43.9697 -5.79931
43.9712 -5.80222
43.9727 -5.80502
43.9742 -5.80771
43.9757 -5.81029
43.9772 -5.81277
43.9787 -5.81514
43.9802 -5.8174
43.9817 -5.81955
43.9832 -5.82161
43.9847 -5.82355
43.9862 -5.82539
43.9877 -5.82713
43.9892 -5.82876
43.9907 -5.83029
43.9922 -5.83171
43.9937 -5.83303
43.9952 -5.83425
43.9967 -5.83537
43.9982 -5.83639
43.9997 -5.8373
44.0013 -5.83812
44.0028 -5.83883
44.0043 -5.83945
44.0058 -5.83997
44.0073 -5.84038
44.0088 -5.8407
44.0103 -5.84092
44.0118 -5.84105
44.0133 -5.84107
44.0148 -5.841
44.0163 -5.84083
44.0178 -5.84057
44.0193 -5.84021
44.0208 -5.83976
44.0223 -5.83921
44.0238 -5.83857
44.0253 -5.83783
44.0268 -5.83701
44.0283 -5.83608
44.0298 -5.83507
44.0313 -5.83396
44.0328 -5.83276
44.0343 -5.83147
44.0358 -5.83009
44.0373 -5.82862
44.0388 -5.82706
44.0403 -5.82541
44.0418 -5.82367
44.0433 -5.82184
44.0448 -5.81993
44.0463 -5.81792
44.0478 -5.81583
44.0493 -5.81365
44.0508 -5.81139
44.0523 -5.80903
44.0538 -5.8066
44.0553 -5.80407
44.0568 -5.80146
44.0583 -5.79877
44.0598 -5.79599
44.0613 -5.79313
44.0628 -5.79019
44.0643 -5.78716
44.0658 -5.78405
44.0673 -5.78086
44.0688 -5.77758
44.0703 -5.77422
44.0718 -5.77079
44.0733 -5.76727
44.0748 -5.76367
44.0763 -5.75999
44.0778 -5.75624
44.0793 -5.7524
44.0808 -5.74848
44.0823 -5.74449
44.0838 -5.74042
44.0853 -5.73627
44.0868 -5.73204
44.0883 -5.72774
44.0898 -5.72336
44.0913 -5.71891
44.0928 -5.71438
44.0943 -5.70977
44.0958 -5.70509
44.0973 -5.70034
44.0988 -5.69551
44.1003 -5.69061
44.1018 -5.68563
44.1033 -5.68058
44.1048 -5.67546
44.1063 -5.67027
44.1078 -5.66501
44.1093 -5.65967
44.1108 -5.65427
44.1123 -5.64879
44.1138 -5.64324
44.1153 -5.63763
44.1168 -5.63194
44.1183 -5.62618
44.1198 -5.62036
44.1213 -5.61447
44.1228 -5.60851
44.1243 -5.60248
44.1258 -5.59639
44.1273 -5.59023
44.1288 -5.584
44.1303 -5.57771
44.1318 -5.57135
44.1333 -5.56493
44.1348 -5.55844
44.1363 -5.55188
44.1378 -5.54527
44.1393 -5.53859
44.1408 -5.53184
44.1423 -5.52504
44.1438 -5.51817
44.1453 -5.51123
44.1468 -5.50424
44.1483 -5.49718
44.1498 -5.49007
44.1513 -5.48289
44.1528 -5.47565
44.1543 -5.46836
44.1558 -5.461
44.1573 -5.45358
44.1588 -5.44611
44.1603 -5.43857
44.1618 -5.43098
44.1633 -5.42333
44.1648 -5.41562
44.1663 -5.40786
44.1678 -5.40003
44.1693 -5.39216
44.1708 -5.38422
44.1723 -5.37623
44.1738 -5.36819
44.1753 -5.36009
44.1768 -5.35193
44.1783 -5.34372
44.1798 -5.33546
44.1813 -5.32714
44.1828 -5.31877
44.1843 -5.31035
44.1858 -5.30188
44.1873 -5.29335
44.1888 -5.28477
44.1903 -5.27614
44.1918 -5.26746
44.1933 -5.25872
44.1948 -5.24994
44.1963 -5.24111
44.1978 -5.23222
44.1993 -5.22329
44.2009 -5.21431
44.2024 -5.20528
44.2039 -5.1962
44.2054 -5.18708
44.2069 -5.1779
44.2084 -5.16868
44.2099 -5.15941
44.2114 -5.1501
44.2129 -5.14073
44.2144 -5.13133
44.2159 -5.12187
44.2174 -5.11238
44.2189 -5.10283
44.2204 -5.09324
44.2219 -5.08361
44.2234 -5.07394
44.2249 -5.06422
44.2264 -5.05445
44.2279 -5.04465
44.2294 -5.0348
44.2309 -5.02491
44.2324 -5.01497
44.2339 -5.005
44.2354 -4.99498
44.2369 -4.98493
44.2384 -4.97483
44.2399 -4.96469
44.2414 -4.95451
44.2429 -4.9443
44.2444 -4.93404
44.2459 -4.92374
44.2474 -4.91341
44.2489 -4.90304
44.2504 -4.89262
44.2519 -4.88218
44.2534 -4.87169
44.2549 -4.86117
44.2564 -4.85061
44.2579 -4.84001
44.2594 -4.82938
44.2609 -4.81871
44.2624 -4.80801
44.2639 -4.79727
44.2654 -4.78649
44.2669 -4.77569
44.2684 -4.76484
44.2699 -4.75397
44.2714 -4.74306
44.2729 -4.73211
44.2744 -4.72114
44.2759 -4.71013
44.2774 -4.69909
44.2789 -4.68801
44.2804 -4.67691
44.2819 -4.66577
44.2834 -4.65461
44.2849 -4.64341
44.2864 -4.63218
44.2879 -4.62092
44.2894 -4.60963
44.2909 -4.59831
44.2924 -4.58697
44.2939 -4.57559
44.2954 -4.56419
44.2969 -4.55275
44.2984 -4.54129
44.2999 -4.5298
44.3014 -4.51829
44.3029 -4.50674
44.3044 -4.49517
44.3059 -4.48357
44.3074 -4.47195
44.3089 -4.4603
44.3104 -4.44863
44.3119 -4.43693
44.3134 -4.4252
44.3149 -4.41345
44.3164 -4.40168
44.3179 -4.38988
44.3194 -4.37806
44.3209 -4.36621
44.3224 -4.35434
44.3239 -4.34245
44.3254 -4.33053
44.3269 -4.3186
44.3284 -4.30664
44.3299 -4.29466
44.3314 -4.28265
44.3329 -4.27063
44.3344 -4.25858
44.3359 -4.24652
44.3374 -4.23443
44.3389 -4.22233
44.3404 -4.2102
44.3419 -4.19806
44.3434 -4.18589
44.3449 -4.17371
44.3464 -4.1615
44.3479 -4.14928
44.3494 -4.13704
44.3509 -4.12479
44.3524 -4.11251
44.3539 -4.10022
44.3554 -4.08791
44.3569 -4.07559
44.3584 -4.06325
44.3599 -4.05089
44.3614 -4.03851
44.3629 -4.02612
44.3644 -4.01372
44.3659 -4.0013
44.3674 -3.98887
44.3689 -3.97642
44.3704 -3.96395
44.3719 -3.95147
44.3734 -3.93898
44.3749 -3.92648
44.3764 -3.91396
44.3779 -3.90143
44.3794 -3.88889
44.3809 -3.87633
44.3824 -3.86376
44.3839 -3.85118
44.3854 -3.83859
44.3869 -3.82599
44.3884 -3.81338
44.3899 -3.80075
44.3914 -3.78812
44.3929 -3.77547
44.3944 -3.76281
44.3959 -3.75015
44.3974 -3.73748
44.3989 -3.72479
44.4005 -3.7121
44.402 -3.6994
44.4035 -3.68669
44.405 -3.67397
44.4065 -3.66124
44.408 -3.64851
44.4095 -3.63577
44.411 -3.62302
44.4125 -3.61026
44.414 -3.5975
44.4155 -3.58473
44.417 -3.57196
44.4185 -3.55918
44.42 -3.54639
44.4215 -3.5336
44.423 -3.52081
44.4245 -3.508
44.426 -3.4952
44.4275 -3.48239
44.429 -3.46957
44.4305 -3.45675
44.432 -3.44393
44.4335 -3.43111
44.435 -3.41828
44.4365 -3.40545
44.438 -3.39261
44.4395 -3.37977
44.441 -3.36693
44.4425 -3.35409
44.444 -3.34125
44.4455 -3.32841
44.447 -3.31556
44.4485 -3.30271
44.45 -3.28987
44.4515 -3.27702
44.453 -3.26417
44.4545 -3.25132
44.456 -3.23847
44.4575 -3.22562
44.459 -3.21278
44.4605 -3.19993
44.462 -3.18709
44.4635 -3.17424
44.465 -3.1614
44.4665 -3.14856
44.468 -3.13572
44.4695 -3.12288
44.471 -3.11005
44.4725 -3.09722
44.474 -3.08439
44.4755 -3.07156
44.477 -3.05874
44.4785 -3.04592
44.48 -3.03311
44.4815 -3.0203
44.483 -3.00749
44.4845 -2.99469
44.486 -2.9819
44.4875 -2.9691
44.489 -2.95632
44.4905 -2.94354
44.492 -2.93076
44.4935 -2.91799
44.495 -2.90523
44.4965 -2.89247
44.498 -2.87972
44.4995 -2.86697
44.501 -2.85424
44.5025 -2.84151
44.504 -2.82878
44.5055 -2.81607
44.507 -2.80336
44.5085 -2.79066
44.51 -2.77797
44.5115 -2.76529
44.513 -2.75261
44.5145 -2.73994
44.516 -2.72729
44.5175 -2.71464
44.519 -2.702
44.5205 -2.68937
44.522 -2.67676
44.5235 -2.66415
44.525 -2.65155
44.5265 -2.63896
44.528 -2.62638
44.5295 -2.61382
44.531 -2.60126
44.5325 -2.58872
44.534 -2.57619
44.5355 -2.56367
44.537 -2.55116
44.5385 -2.53866
44.54 -2.52618
44.5415 -2.5137
44.543 -2.50125
44.5445 -2.4888
44.546 -2.47637
44.5475 -2.46395
44.549 -2.45154
44.5505 -2.43915
44.552 -2.42677
44.5535 -2.4144
44.555 -2.40205
44.5565 -2.38972
44.558 -2.37739
44.5595 -2.36509
44.561 -2.3528
44.5625 -2.34052
44.564 -2.32826
44.5655 -2.31601
44.567 -2.30378
44.5685 -2.29157
44.57 -2.27937
44.5715 -2.26719
44.573 -2.25502
44.5745 -2.24288
44.576 -2.23074
44.5775 -2.21863
44.579 -2.20653
44.5805 -2.19445
44.582 -2.18239
44.5835 -2.17035
44.585 -2.15832
44.5865 -2.14631
44.588 -2.13432
44.5895 -2.12235
44.591 -2.1104
44.5925 -2.09846
44.594 -2.08655
44.5955 -2.07465
44.597 -2.06277
44.5985 -2.05092
44.6001 -2.03908
44.6016 -2.02726
44.6031 -2.01546
44.6046 -2.00369
44.6061 -1.99193
44.6076 -1.98019
44.6091 -1.96848
44.6106 -1.95678
44.6121 -1.94511
44.6136 -1.93346
44.6151 -1.92183
44.6166 -1.91022
44.6181 -1.89863
44.6196 -1.88707
44.6211 -1.87552
44.6226 -1.864
44.6241 -1.8525
44.6256 -1.84102
44.6271 -1.82957
44.6286 -1.81814
44.6301 -1.80673
44.6316 -1.79535
44.6331 -1.78399
44.6346 -1.77265
44.6361 -1.76133
44.6376 -1.75004
44.6391 -1.73878
44.6406 -1.72754
44.6421 -1.71632
44.6436 -1.70512
44.6451 -1.69396
44.6466 -1.68281
44.6481 -1.67169
44.6496 -1.6606
44.6511 -1.64953
44.6526 -1.63849
44.6541 -1.62747
44.6556 -1.61647
44.6571 -1.60551
44.6586 -1.59457
44.6601 -1.58365
44.6616 -1.57276
44.6631 -1.5619
44.6646 -1.55107
44.6661 -1.54026
44.6676 -1.52948
44.6691 -1.51872
44.6706 -1.50799
44.6721 -1.49729
44.6736 -1.48662
44.6751 -1.47597
44.6766 -1.46536
44.6781 -1.45477
44.6796 -1.4442
44.6811 -1.43367
44.6826 -1.42316
44.6841 -1.41269
44.6856 -1.40224
44.6871 -1.39182
44.6886 -1.38143
44.6901 -1.37106
44.6916 -1.36073
44.6931 -1.35042
44.6946 -1.34015
44.6961 -1.3299
44.6976 -1.31969
44.6991 -1.3095
44.7006 -1.29934
44.7021 -1.28922
44.7036 -1.27912
44.7051 -1.26905
44.7066 -1.25902
44.7081 -1.24901
44.7096 -1.23904
44.7111 -1.22909
44.7126 -1.21918
44.7141 -1.2093
44.7156 -1.19945
44.7171 -1.18963
44.7186 -1.17984
44.7201 -1.17008
44.7216 -1.16035
44.7231 -1.15066
44.7246 -1.141
44.7261 -1.13137
44.7276 -1.12177
44.7291 -1.1122
44.7306 -1.10267
44.7321 -1.09317
44.7336 -1.0837
44.7351 -1.07426
44.7366 -1.06486
44.7381 -1.05549
44.7396 -1.04615
44.7411 -1.03684
44.7426 -1.02757
44.7441 -1.01834
44.7456 -1.00913
44.7471 -0.999959
44.7486 -0.990822
44.7501 -0.981718
44.7516 -0.972648
44.7531 -0.963612
44.7546 -0.95461
44.7561 -0.945642
44.7576 -0.936709
44.7591 -0.92781
44.7606 -0.918945
44.7621 -0.910115
44.7636 -0.90132
44.7651 -0.892559
44.7666 -0.883833
44.7681 -0.875143
44.7696 -0.866487
44.7711 -0.857867
44.7726 -0.849282
44.7741 -0.840732
44.7756 -0.832218
44.7771 -0.823739
44.7786 -0.815296
44.7801 -0.806889
44.7816 -0.798518
44.7831 -0.790183
44.7846 -0.781884
44.7861 -0.77362
44.7876 -0.765394
44.7891 -0.757203
44.7906 -0.749049
44.7921 -0.740932
44.7936 -0.732851
44.7951 -0.724806
44.7966 -0.716799
44.7981 -0.708828
44.7996 -0.700895
44.8012 -0.692998
44.8027 -0.685139
44.8042 -0.677317
44.8057 -0.669532
44.8072 -0.661784
44.8087 -0.654074
44.8102 -0.646402
44.8117 -0.638767
44.8132 -0.63117
44.8147 -0.62361
44.8162 -0.616089
44.8177 -0.608605
44.8192 -0.60116
44.8207 -0.593752
44.8222 -0.586383
44.8237 -0.579052
44.8252 -0.57176
44.8267 -0.564506
44.8282 -0.55729
44.8297 -0.550113
44.8312 -0.542975
44.8327 -0.535875
44.8342 -0.528814
44.8357 -0.521792
44.8372 -0.514809
44.8387 -0.507865
44.8402 -0.50096
44.8417 -0.494094
44.8432 -0.487267
44.8447 -0.48048
44.8462 -0.473732
44.8477 -0.467023
44.8492 -0.460354
44.8507 -0.453724
44.8522 -0.447134
44.8537 -0.440584
44.8552 -0.434073
44.8567 -0.427602
44.8582 -0.421171
44.8597 -0.41478
44.8612 -0.408429
44.8627 -0.402118
44.8642 -0.395847
44.8657 -0.389616
44.8672 -0.383425
44.8687 -0.377275
44.8702 -0.371165
44.8717 -0.365095
44.8732 -0.359066
44.8747 -0.353078
44.8762 -0.347129
44.8777 -0.341222
44.8792 -0.335355
44.8807 -0.329529
44.8822 -0.323744
44.8837 -0.317999
44.8852 -0.312295
44.8867 -0.306632
44.8882 -0.301011
44.8897 -0.29543
44.8912 -0.28989
44.8927 -0.284391
44.8942 -0.278934
44.8957 -0.273517
44.8972 -0.268142
44.8987 -0.262809
44.9002 -0.257516
44.9017 -0.252265
44.9032 -0.247055
44.9047 -0.241887
44.9062 -0.23676
44.9077 -0.231675
44.9092 -0.226631
44.9107 -0.221629
44.9122 -0.216669
44.9137 -0.21175
44.9152 -0.206874
44.9167 -0.202038
44.9182 -0.197245
44.9197 -0.192494
44.9212 -0.187784
44.9227 -0.183116
44.9242 -0.178491
44.9257 -0.173907
44.9272 -0.169365
44.9287 -0.164865
44.9302 -0.160408
44.9317 -0.155992
44.9332 -0.151619
44.9347 -0.147287
44.9362 -0.142998
44.9377 -0.138751
44.9392 -0.134547
44.9407 -0.130384
44.9422 -0.126264
44.9437 -0.122187
44.9452 -0.118151
44.9467 -0.114158
44.9482 -0.110208
44.9497 -0.106299
44.9512 -0.102434
44.9527 -0.0986104
44.9542 -0.0948296
44.9557 -0.0910912
44.9572 -0.0873954
44.9587 -0.0837422
44.9602 -0.0801314
44.9617 -0.0765633
44.9632 -0.0730378
44.9647 -0.0695548
44.9662 -0.0661145
44.9677 -0.0627168
44.9692 -0.0593618
44.9707 -0.0560494
44.9722 -0.0527797
44.9737 -0.0495527
44.9752 -0.0463684
44.9767 -0.0432268
44.9782 -0.040128
44.9797 -0.0370718
44.9812 -0.0340584
44.9827 -0.0310878
44.9842 -0.0281599
44.9857 -0.0252748
44.9872 -0.0224324
44.9887 -0.0196329
44.9902 -0.0168761
44.9917 -0.0141621
44.9932 -0.0114909
44.9947 -0.00886244
44.9962 -0.00627682
44.9977 -0.00373399
44.9992 -0.00123396
45.0008 0.00122326
45.0023 0.00363769
45.0038 0.00600932
45.0053 0.00833815
45.0068 0.0106242
45.0083 0.0128674
45.0098 0.0150679
45.0113 0.0172255
45.0128 0.0193404
45.0143 0.0214125
45.0158 0.0234419
45.0173 0.0254284
45.0188 0.0273722
45.0203 0.0292733
45.0218 0.0311316
45.0233 0.0329472
45.0248 0.0347201
45.0263 0.0364502
45.0278 0.0381377
45.0293 0.0397825
45.0308 0.0413845
45.0323 0.042944
45.0338 0.0444607
45.0353 0.0459349
45.0368 0.0473664
45.0383 0.0487553
45.0398 0.0501016
45.0413 0.0514054
45.0428 0.0526665
45.0443 0.0538852
45.0458 0.0550613
45.0473 0.056195
45.0488 0.0572861
45.0503 0.0583348
45.0518 0.0593411
45.0533 0.0603049
45.0548 0.0612263
45.0563 0.0621054
45.0578 0.0629421
45.0593 0.0637365
45.0608 0.0644887
45.0623 0.0651985
45.0638 0.0658661
45.0653 0.0664915
45.0668 0.0670747
45.0683 0.0676157
45.0698 0.0681146
45.0713 0.0685714
45.0728 0.0689861
45.0743 0.0693588
45.0758 0.0696894
45.0773 0.0699781
45.0788 0.0702249
45.0803 0.0704297
45.0818 0.0705927
45.0833 0.0707138
45.0848 0.0707931
45.0863 0.0708307
45.0878 0.0708265
45.0893 0.0707806
45.0908 0.0706931
45.0923 0.0705639
45.0938 0.0703932
45.0953 0.0701809
45.0968 0.0699271
45.0983 0.0696319
45.0998 0.0692952
45.1013 0.0689172
45.1028 0.0684979
45.1043 0.0680372
45.1058 0.0675353
45.1073 0.0669923
45.1088 0.066408
45.1103 0.0657827
45.1118 0.0651163
45.1133 0.0644089
45.1148 0.0636606
45.1163 0.0628713
45.1178 0.0620412
45.1193 0.0611702
45.1208 0.0602585
45.1223 0.0593061
45.1238 0.0583131
45.1253 0.0572794
45.1268 0.0562052
45.1283 0.0550905
45.1298 0.0539353
45.1313 0.0527398
45.1328 0.0515039
45.1343 0.0502277
45.1358 0.0489114
45.1373 0.0475549
45.1388 0.0461583
45.1403 0.0447216
45.1418 0.043245
45.1433 0.0417284
45.1448 0.040172
45.1463 0.0385758
45.1478 0.0369399
45.1493 0.0352643
45.1508 0.0335491
45.1523 0.0317943
45.1538 0.0300001
45.1553 0.0281665
45.1568 0.0262935
45.1583 0.0243812
45.1598 0.0224298
45.1613 0.0204392
45.1628 0.0184095
45.1643 0.0163408
45.1658 0.0142332
45.1673 0.0120868
45.1688 0.00990154
45.1703 0.00767757
45.1718 0.00541496
45.1733 0.00311379
45.1748 0.000774115
45.1763 -0.00160398
45.1778 -0.00402041
45.1793 -0.00647512
45.1808 -0.00896802
45.1823 -0.011499
45.1838 -0.0140681
45.1853 -0.0166751
45.1868 -0.01932
45.1883 -0.0220026
45.1898 -0.024723
45.1913 -0.0274811
45.1928 -0.0302767
45.1943 -0.0331097
45.1958 -0.0359802
45.1973 -0.0388879
45.1988 -0.0418329
45.2004 -0.044815
45.2019 -0.0478341
45.2034 -0.0508903
45.2049 -0.0539832
45.2064 -0.057113
45.2079 -0.0602795
45.2094 -0.0634826
45.2109 -0.0667222
45.2124 -0.0699982
45.2139 -0.0733106
45.2154 -0.0766592
45.2169 -0.080044
45.2184 -0.0834648
45.2199 -0.0869216
45.2214 -0.0904143
45.2229 -0.0939428
45.2244 -0.0975069
45.2259 -0.101107
45.2274 -0.104742
45.2289 -0.108412
45.2304 -0.112118
45.2319 -0.11586
45.2334 -0.119636
45.2349 -0.123447
45.2364 -0.127293
45.2379 -0.131174
45.2394 -0.135089
45.2409 -0.13904
45.2424 -0.143024
45.2439 -0.147043
45.2454 -0.151097
45.2469 -0.155184
45.2484 -0.159306
45.2499 -0.163461
45.2514 -0.167651
45.2529 -0.171874
45.2544 -0.17613
45.2559 -0.180421
45.2574 -0.184744
45.2589 -0.189101
45.2604 -0.193492
45.2619 -0.197915
45.2634 -0.202371
45.2649 -0.20686
45.2664 -0.211382
45.2679 -0.215937
45.2694 -0.220524
45.2709 -0.225143
45.2724 -0.229795
45.2739 -0.234479
45.2754 -0.239195
45.2769 -0.243943
45.2784 -0.248722
45.2799 -0.253534
45.2814 -0.258377
45.2829 -0.263251
45.2844 -0.268157
45.2859 -0.273094
45.2874 -0.278062
45.2889 -0.283061
45.2904 -0.288091
45.2919 -0.293151
45.2934 -0.298242
45.2949 -0.303364
45.2964 -0.308516
45.2979 -0.313698
45.2994 -0.31891
45.3009 -0.324153
45.3024 -0.329425
45.3039 -0.334726
45.3054 -0.340058
45.3069 -0.345419
45.3084 -0.350809
45.3099 -0.356228
45.3114 -0.361676
45.3129 -0.367153
45.3144 -0.372659
45.3159 -0.378194
45.3174 -0.383757
45.3189 -0.389348
45.3204 -0.394968
45.3219 -0.400616
45.3234 -0.406291
45.3249 -0.411995
45.3264 -0.417726
45.3279 -0.423485
45.3294 -0.429271
45.3309 -0.435084
45.3324 -0.440925
45.3339 -0.446792
45.3354 -0.452687
45.3369 -0.458607
45.3384 -0.464555
45.3399 -0.470529
45.3414 -0.476529
45.3429 -0.482555
45.3444 -0.488607
45.3459 -0.494685
45.3474 -0.500789
45.3489 -0.506918
45.3504 -0.513073
45.3519 -0.519252
45.3534 -0.525457
45.3549 -0.531687
45.3564 -0.537941
45.3579 -0.54422
45.3594 -0.550524
45.3609 -0.556851
45.3624 -0.563203
45.3639 -0.569579
45.3654 -0.575979
45.3669 -0.582402
45.3684 -0.588849
45.3699 -0.595319
45.3714 -0.601812
45.3729 -0.608329
45.3744 -0.614868
45.3759 -0.62143
45.3774 -0.628015
45.3789 -0.634622
45.3804 -0.641251
45.3819 -0.647902
45.3834 -0.654575
45.3849 -0.66127
45.3864 -0.667986
45.3879 -0.674724
45.3894 -0.681483
45.3909 -0.688263
45.3924 -0.695064
45.3939 -0.701886
45.3954 -0.708728
45.3969 -0.715591
45.3984 -0.722474
45.3999 -0.729377
45.4015 -0.7363
45.403 -0.743243
45.4045 -0.750205
45.406 -0.757186
45.4075 -0.764187
45.409 -0.771206
45.4105 -0.778245
45.412 -0.785302
45.4135 -0.792378
45.415 -0.799472
45.4165 -0.806584
45.418 -0.813714
45.4195 -0.820862
45.421 -0.828027
45.4225 -0.83521
45.424 -0.84241
45.4255 -0.849627
45.427 -0.856861
45.4285 -0.864112
45.43 -0.871379
45.4315 -0.878662
45.433 -0.885962
45.4345 -0.893277
45.436 -0.900608
45.4375 -0.907955
45.439 -0.915317
45.4405 -0.922695
45.442 -0.930087
45.4435 -0.937494
45.445 -0.944916
45.4465 -0.952353
45.448 -0.959803
45.4495 -0.967268
45.451 -0.974746
45.4525 -0.982238
45.454 -0.989743
45.4555 -0.997262
45.457 -1.00479
45.4585 -1.01234
45.46 -1.0199
45.4615 -1.02747
45.463 -1.03505
45.4645 -1.04264
45.466 -1.05025
45.4675 -1.05787
45.469 -1.0655
45.4705 -1.07314
45.472 -1.08079
45.4735 -1.08845
45.475 -1.09612
45.4765 -1.10381
45.478 -1.1115
45.4795 -1.11921
45.481 -1.12692
45.4825 -1.13464
45.484 -1.14238
45.4855 -1.15012
45.487 -1.15787
45.4885 -1.16563
45.49 -1.1734
45.4915 -1.18118
45.493 -1.18896
45.4945 -1.19675
45.496 -1.20456
45.4975 -1.21236
45.499 -1.22018
45.5005 -1.228
45.502 -1.23583
45.5035 -1.24367
45.505 -1.25151
45.5065 -1.25936
45.508 -1.26722
45.5095 -1.27508
45.511 -1.28295
45.5125 -1.29082
45.514 -1.2987
45.5155 -1.30658
45.517 -1.31446
45.5185 -1.32236
45.52 -1.33025
45.5215 -1.33815
45.523 -1.34606
45.5245 -1.35396
45.526 -1.36187
45.5275 -1.36979
45.529 -1.3777
45.5305 -1.38562
45.532 -1.39355
45.5335 -1.40147
45.535 -1.4094
45.5365 -1.41732
45.538 -1.42525
45.5395 -1.43318
45.541 -1.44112
45.5425 -1.44905
45.544 -1.45698
45.5455 -1.46492
45.547 -1.47285
45.5485 -1.48078
45.55 -1.48872
45.5515 -1.49665
45.553 -1.50458
45.5545 -1.51251
45.556 -1.52044
45.5575 -1.52837
45.559 -1.5363
45.5605 -1.54423
45.562 -1.55215
45.5635 -1.56007
45.565 -1.56799
45.5665 -1.5759
45.568 -1.58381
45.5695 -1.59172
45.571 -1.59962
45.5725 -1.60752
45.574 -1.61542
45.5755 -1.62331
45.577 -1.6312
45.5785 -1.63908
45.58 -1.64696
45.5815 -1.65483
45.583 -1.66269
45.5845 -1.67055
45.586 -1.67841
45.5875 -1.68626
45.589 -1.6941
45.5905 -1.70193
45.592 -1.70976
45.5935 -1.71758
45.595 -1.72539
45.5965 -1.73319
45.598 -1.74099
45.5995 -1.74877
45.6011 -1.75655
45.6026 -1.76432
45.6041 -1.77208
45.6056 -1.77983
45.6071 -1.78757
45.6086 -1.7953
45.6101 -1.80302
45.6116 -1.81073
45.6131 -1.81843
45.6146 -1.82612
45.6161 -1.8338
45.6176 -1.84146
45.6191 -1.84912
45.6206 -1.85676
45.6221 -1.86439
45.6236 -1.872
45.6251 -1.87961
45.6266 -1.8872
45.6281 -1.89478
45.6296 -1.90234
45.6311 -1.90989
45.6326 -1.91742
45.6341 -1.92494
45.6356 -1.93245
45.6371 -1.93994
45.6386 -1.94741
45.6401 -1.95487
45.6416 -1.96232
45.6431 -1.96974
45.6446 -1.97716
45.6461 -1.98455
45.6476 -1.99193
45.6491 -1.99929
45.6506 -2.00663
45.6521 -2.01395
45.6536 -2.02126
45.6551 -2.02855
45.6566 -2.03582
45.6581 -2.04307
45.6596 -2.0503
45.6611 -2.05751
45.6626 -2.0647
45.6641 -2.07187
45.6656 -2.07902
45.6671 -2.08615
45.6686 -2.09326
45.6701 -2.10035
45.6716 -2.10742
45.6731 -2.11446
45.6746 -2.12149
45.6761 -2.12849
45.6776 -2.13547
45.6791 -2.14242
45.6806 -2.14935
45.6821 -2.15626
45.6836 -2.16314
45.6851 -2.17
45.6866 -2.17684
45.6881 -2.18365
45.6896 -2.19044
45.6911 -2.1972
45.6926 -2.20393
45.6941 -2.21064
45.6956 -2.21732
45.6971 -2.22398
45.6986 -2.23061
45.7001 -2.23721
45.7016 -2.24378
45.7031 -2.25033
45.7046 -2.25685
45.7061 -2.26334
45.7076 -2.2698
45.7091 -2.27623
45.7106 -2.28264
45.7121 -2.28901
45.7136 -2.29536
45.7151 -2.30167
45.7166 -2.30795
45.7181 -2.31421
45.7196 -2.32043
45.7211 -2.32662
45.7226 -2.33278
45.7241 -2.3389
45.7256 -2.345
45.7271 -2.35106
45.7286 -2.35709
45.7301 -2.36308
45.7316 -2.36905
45.7331 -2.37497
45.7346 -2.38087
45.7361 -2.38673
45.7376 -2.39255
45.7391 -2.39834
45.7406 -2.40409
45.7421 -2.40981
45.7436 -2.41549
45.7451 -2.42114
45.7466 -2.42675
45.7481 -2.43232
45.7496 -2.43785
45.7511 -2.44335
45.7526 -2.44881
45.7541 -2.45423
45.7556 -2.45961
45.7571 -2.46495
45.7586 -2.47026
45.7601 -2.47552
45.7616 -2.48074
45.7631 -2.48593
45.7646 -2.49107
45.7661 -2.49617
45.7676 -2.50123
45.7691 -2.50625
45.7706 -2.51123
45.7721 -2.51616
45.7736 -2.52105
45.7751 -2.5259
45.7766 -2.53071
45.7781 -2.53547
45.7796 -2.54018
45.7811 -2.54486
45.7826 -2.54949
45.7841 -2.55407
45.7856 -2.55861
45.7871 -2.5631
45.7886 -2.56755
45.7901 -2.57195
45.7916 -2.5763
45.7931 -2.58061
45.7946 -2.58487
45.7961 -2.58908
45.7976 -2.59325
45.7991 -2.59736
45.8007 -2.60143
45.8022 -2.60545
45.8037 -2.60942
45.8052 -2.61334
45.8067 -2.6172
45.8082 -2.62102
45.8097 -2.62479
45.8112 -2.62851
45.8127 -2.63217
45.8142 -2.63578
45.8157 -2.63934
45.8172 -2.64285
45.8187 -2.64631
45.8202 -2.64971
45.8217 -2.65306
45.8232 -2.65635
45.8247 -2.65959
45.8262 -2.66278
45.8277 -2.66591
45.8292 -2.66899
45.8307 -2.67201
45.8322 -2.67497
45.8337 -2.67788
45.8352 -2.68073
45.8367 -2.68352
45.8382 -2.68626
45.8397 -2.68893
45.8412 -2.69155
45.8427 -2.69411
45.8442 -2.69662
45.8457 -2.69906
45.8472 -2.70144
45.8487 -2.70377
45.8502 -2.70603
45.8517 -2.70823
45.8532 -2.71037
45.8547 -2.71245
45.8562 -2.71447
45.8577 -2.71642
45.8592 -2.71832
45.8607 -2.72015
45.8622 -2.72191
45.8637 -2.72362
45.8652 -2.72525
45.8667 -2.72683
45.8682 -2.72834
45.8697 -2.72978
45.8712 -2.73116
45.8727 -2.73247
45.8742 -2.73372
45.8757 -2.7349
45.8772 -2.73601
45.8787 -2.73706
45.8802 -2.73803
45.8817 -2.73894
45.8832 -2.73978
45.8847 -2.74055
45.8862 -2.74126
45.8877 -2.74189
45.8892 -2.74245
45.8907 -2.74294
45.8922 -2.74336
45.8937 -2.74371
45.8952 -2.74399
45.8967 -2.7442
45.8982 -2.74433
45.8997 -2.74439
45.9012 -2.74438
45.9027 -2.74429
45.9042 -2.74413
45.9057 -2.7439
45.9072 -2.74359
45.9087 -2.74321
45.9102 -2.74275
45.9117 -2.74221
45.9132 -2.7416
45.9147 -2.74091
45.9162 -2.74014
45.9177 -2.7393
45.9192 -2.73838
45.9207 -2.73738
45.9222 -2.7363
45.9237 -2.73515
45.9252 -2.73391
45.9267 -2.73259
45.9282 -2.7312
45.9297 -2.72972
45.9312 -2.72816
45.9327 -2.72652
45.9342 -2.7248
45.9357 -2.723
45.9372 -2.72111
45.9387 -2.71914
45.9402 -2.71709
45.9417 -2.71495
45.9432 -2.71273
45.9447 -2.71042
45.9462 -2.70803
45.9477 -2.70556
45.9492 -2.70299
45.9507 -2.70035
45.9522 -2.69761
45.9537 -2.69479
45.9552 -2.69188
45.9567 -2.68888
45.9582 -2.68579
45.9597 -2.68262
45.9612 -2.67935
45.9627 -2.676
45.9642 -2.67256
45.9657 -2.66902
45.9672 -2.6654
45.9687 -2.66168
45.9702 -2.65787
45.9717 -2.65397
45.9732 -2.64998
45.9747 -2.6459
45.9762 -2.64172
45.9777 -2.63744
45.9792 -2.63308
45.9807 -2.62862
45.9822 -2.62406
45.9837 -2.61941
45.9852 -2.61466
45.9867 -2.60982
45.9882 -2.60488
45.9897 -2.59984
45.9912 -2.5947
45.9927 -2.58947
45.9942 -2.58414
45.9957 -2.57871
45.9972 -2.57318
45.9987 -2.56755
46.0003 -2.56182
46.0018 -2.55599
46.0033 -2.55006
46.0048 -2.54403
46.0063 -2.53789
46.0078 -2.53165
46.0093 -2.52531
46.0108 -2.51887
46.0123 -2.51233
46.0138 -2.50568
46.0153 -2.49892
46.0168 -2.49206
46.0183 -2.4851
46.0198 -2.47803
46.0213 -2.47085
46.0228 -2.46357
46.0243 -2.45618
46.0258 -2.44868
46.0273 -2.44107
46.0288 -2.43336
46.0303 -2.42553
46.0318 -2.4176
46.0333 -2.40956
46.0348 -2.40141
46.0363 -2.39314
46.0378 -2.38477
46.0393 -2.37628
46.0408 -2.36769
46.0423 -2.35898
46.0438 -2.35015
46.0453 -2.34122
46.0468 -2.33217
46.0483 -2.323
46.0498 -2.31372
46.0513 -2.30433
46.0528 -2.29482
46.0543 -2.2852
46.0558 -2.27545
46.0573 -2.2656
46.0588 -2.25562
46.0603 -2.24553
46.0618 -2.23531
46.0633 -2.22498
46.0648 -2.21453
46.0663 -2.20396
46.0678 -2.19327
46.0693 -2.18246
46.0708 -2.17153
46.0723 -2.16048
46.0738 -2.1493
46.0753 -2.138
46.0768 -2.12658
46.0783 -2.11504
46.0798 -2.10337
46.0813 -2.09158
46.0828 -2.07967
46.0843 -2.06762
46.0858 -2.05546
46.0873 -2.04316
46.0888 -2.03074
46.0903 -2.0182
46.0918 -2.00552
46.0933 -1.99272
46.0948 -1.97979
46.0963 -1.96673
46.0978 -1.95354
46.0993 -1.94022
46.1008 -1.92677
46.1023 -1.91319
46.1038 -1.89948
46.1053 -1.88563
46.1068 -1.87166
46.1083 -1.85755
46.1098 -1.84331
46.1113 -1.82893
46.1128 -1.81442
46.1143 -1.79978
46.1158 -1.785
46.1173 -1.77009
46.1188 -1.75503
46.1203 -1.73985
46.1218 -1.72452
46.1233 -1.70906
46.1248 -1.69346
46.1263 -1.67772
46.1278 -1.66184
46.1293 -1.64583
46.1308 -1.62967
46.1323 -1.61337
46.1338 -1.59694
46.1353 -1.58036
46.1368 -1.56363
46.1383 -1.54677
46.1398 -1.52976
46.1413 -1.51261
46.1428 -1.49532
46.1443 -1.47788
46.1458 -1.4603
46.1473 -1.44257
46.1488 -1.4247
46.1503 -1.40668
46.1518 -1.38851
46.1533 -1.37019
46.1548 -1.35173
46.1563 -1.33312
46.1578 -1.31436
46.1593 -1.29545
46.1608 -1.27639
46.1623 -1.25719
46.1638 -1.23783
46.1653 -1.21832
46.1668 -1.19865
46.1683 -1.17884
46.1698 -1.15887
46.1713 -1.13875
46.1728 -1.11847
46.1743 -1.09805
46.1758 -1.07746
46.1773 -1.05672
46.1788 -1.03583
46.1803 -1.01478
46.1818 -0.993568
46.1833 -0.972202
46.1848 -0.950679
46.1863 -0.928998
46.1878 -0.907157
46.1893 -0.885157
46.1908 -0.862998
46.1923 -0.840677
46.1938 -0.818196
46.1953 -0.795554
46.1968 -0.77275
46.1983 -0.749783
46.1998 -0.726653
46.2014 -0.70336
46.2029 -0.679902
46.2044 -0.656281
46.2059 -0.632494
46.2074 -0.608541
46.2089 -0.584423
46.2104 -0.560138
46.2119 -0.535686
46.2134 -0.511066
46.2149 -0.486278
46.2164 -0.461322
46.2179 -0.436196
46.2194 -0.410901
46.2209 -0.385435
46.2224 -0.359799
46.2239 -0.333991
46.2254 -0.308011
46.2269 -0.281859
46.2284 -0.255535
46.2299 -0.229036
46.2314 -0.202364
46.2329 -0.175518
46.2344 -0.148496
46.2359 -0.121299
46.2374 -0.093926
46.2389 -0.0663763
46.2404 -0.0386495
46.2419 -0.0107451
46.2434 0.0173376
46.2449 0.0455989
46.2464 0.0740395
46.2479 0.10266
46.2494 0.131461
46.2509 0.160442
46.2524 0.189605
46.2539 0.21895
46.2554 0.248477
46.2569 0.278188
46.2584 0.308081
46.2599 0.338159
46.2614 0.368422
46.2629 0.39887
46.2644 0.429503
46.2659 0.460323
46.2674 0.49133
46.2689 0.522524
46.2704 0.553906
46.2719 0.585476
46.2734 0.617235
46.2749 0.649184
46.2764 0.681323
46.2779 0.713652
46.2794 0.746173
46.2809 0.778886
46.2824 0.81179
46.2839 0.844888
46.2854 0.878179
46.2869 0.911664
46.2884 0.945343
46.2899 0.979218
46.2914 1.01329
46.2929 1.04755
46.2944 1.08202
46.2959 1.11668
46.2974 1.15153
46.2989 1.18659
46.3004 1.22185
46.3019 1.2573
46.3034 1.29296
46.3049 1.32881
46.3064 1.36487
46.3079 1.40113
46.3094 1.43759
46.3109 1.47425
46.3124 1.51112
46.3139 1.54819
46.3154 1.58546
46.3169 1.62295
46.3184 1.66063
46.3199 1.69852
46.3214 1.73662
46.3229 1.77493
46.3244 1.81345
46.3259 1.85217
46.3274 1.8911
46.3289 1.93024
46.3304 1.9696
46.3319 2.00916
46.3334 2.04893
46.3349 2.08892
46.3364 2.12912
46.3379 2.16953
46.3394 2.21016
46.3409 2.251
46.3424 2.29205
46.3439 2.33332
46.3454 2.37481
46.3469 2.41651
46.3484 2.45843
46.3499 2.50057
46.3514 2.54292
46.3529 2.5855
46.3544 2.62829
46.3559 2.67131
46.3574 2.71454
46.3589 2.758
46.3604 2.80168
46.3619 2.84558
46.3634 2.8897
46.3649 2.93405
46.3664 2.97862
46.3679 3.02342
46.3694 3.06844
46.3709 3.11368
46.3724 3.15916
46.3739 3.20486
46.3754 3.25079
46.3769 3.29694
46.3784 3.34333
46.3799 3.38994
46.3814 3.43679
46.3829 3.48387
46.3844 3.53117
46.3859 3.57871
46.3874 3.62648
46.3889 3.67449
46.3904 3.72272
46.3919 3.7712
46.3934 3.8199
46.3949 3.86884
46.3964 3.91802
46.3979 3.96744
46.3994 4.01709
46.401 4.06698
46.4025 4.11711
46.404 4.16748
46.4055 4.21808
46.407 4.26893
46.4085 4.32002
46.41 4.37135
46.4115 4.42292
46.413 4.47473
46.4145 4.52679
46.416 4.57909
46.4175 4.63164
46.419 4.68443
46.4205 4.73746
46.422 4.79075
46.4235 4.84428
46.425 4.89805
46.4265 4.95208
46.428 5.00635
46.4295 5.06088
46.431 5.11565
46.4325 5.17067
46.434 5.22595
46.4355 5.28148
46.437 5.33726
46.4385 5.39329
46.44 5.44958
46.4415 5.50612
46.443 5.56291
46.4445 5.61996
46.446 5.67727
46.4475 5.73483
46.449 5.79266
46.4505 5.85074
46.452 5.90907
46.4535 5.96767
46.455 6.02653
46.4565 6.08565
46.458 6.14503
46.4595 6.20467
46.461 6.26457
46.4625 6.32474
46.464 6.38517
46.4655 6.44586
46.467 6.50682
46.4685 6.56804
46.47 6.62953
46.4715 6.69129
46.473 6.75332
46.4745 6.81561
46.476 6.87817
46.4775 6.941
46.479 7.0041
46.4805 7.06748
46.482 7.13112
46.4835 7.19503
46.485 7.25922
46.4865 7.32368
46.488 7.38842
46.4895 7.45343
46.491 7.51871
46.4925 7.58427
46.494 7.65011
46.4955 7.71622
46.497 7.78261
46.4985 7.84928
46.5 7.91623
