0 -0.0698517
0.1 -0.0698792
0.2 -0.0699218
0.3 -0.069956
0.4 -0.0699894
0.5 -0.0700186
0.6 -0.0700516
0.7 -0.0700812
0.8 -0.0701083
0.9 -0.070127
1 -0.0701427
1.1 -0.0701501
1.2 -0.0701574
1.3 -0.0701607
1.4 -0.0701677
1.5 -0.0701541
1.6 -0.0701427
1.7 -0.0701345
1.8 -0.0701342
1.9 -0.0701236
2 -0.0701033
2.1 -0.0700838
2.2 -0.0700599
2.3 -0.0700392
2.4 -0.0700192
2.5 -0.0699962
2.6 -0.0699524
2.7 -0.0699145
2.8 -0.0698769
2.9 -0.0698465
3 -0.0698129
3.1 -0.0697758
3.2 -0.0697362
3.3 -0.06969
3.4 -0.0696494
3.5 -0.0696001
3.6 -0.0695406
3.7 -0.0694909
3.8 -0.0694385
3.9 -0.0693942
4 -0.0693366
4.1 -0.0692833
4.2 -0.0692344
4.3 -0.0691832
4.4 -0.0691156
4.5 -0.0690516
4.6 -0.0689846
4.7 -0.0689228
4.8 -0.068856
4.9 -0.0687812
5 -0.0687077
5.1 -0.0686333
5.2 -0.0685633
5.3 -0.0684981
5.4 -0.068422
5.5 -0.068327
5.6 -0.0682245
5.7 -0.0681352
5.8 -0.068052
5.9 -0.0679477
6 -0.0678399
6.1 -0.0677392
6.2 -0.0676336
6.3 -0.0675081
6.4 -0.0673984
6.5 -0.0672906
6.6 -0.0671752
6.7 -0.0670742
6.8 -0.0669646
6.9 -0.0668474
7 -0.0667408
7.1 -0.0666334
7.2 -0.0665202
7.3 -0.0663925
7.4 -0.0662703
7.5 -0.0661523
7.6 -0.0660296
7.7 -0.0659113
7.8 -0.065785
7.9 -0.0656599
8 -0.0655506
8.1 -0.0654227
8.2 -0.0653187
8.3 -0.0652237
8.4 -0.0651315
8.5 -0.0650251
8.6 -0.0649251
8.7 -0.0648313
8.8 -0.0647338
8.9 -0.0646275
9 -0.0645419
9.1 -0.0644421
9.2 -0.0643532
9.3 -0.0642678
9.4 -0.064186
9.5 -0.0641169
9.6 -0.0640412
9.7 -0.0639567
9.8 -0.0638727
9.9 -0.0637821
10 -0.0636811
10.1 -0.0636003
10.2 -0.0635133
10.3 -0.0634126
10.4 -0.0633239
10.5 -0.0632423
10.6 -0.0631552
10.7 -0.0630771
10.8 -0.0630163
10.9 -0.0629479
11 -0.062883
11.1 -0.0628257
11.2 -0.0627814
11.3 -0.0627205
11.4 -0.0626743
11.5 -0.0626361
11.6 -0.0625989
11.7 -0.062573
11.8 -0.062539
11.9 -0.0625169
12 -0.0624936
12.1 -0.0624865
12.2 -0.062497
12.3 -0.0625072
12.4 -0.0625307
12.5 -0.0625507
12.6 -0.0625865
12.7 -0.0626332
12.8 -0.0626956
12.9 -0.0627714
13 -0.0628538
13.1 -0.0629561
13.2 -0.0630344
13.3 -0.0631334
13.4 -0.063247
13.5 -0.0633672
13.6 -0.0634949
13.7 -0.0636644
13.8 -0.0638338
13.9 -0.0640031
14 -0.0642021
14.1 -0.0644122
14.2 -0.0646352
14.3 -0.0648563
14.4 -0.0651045
14.5 -0.06536
14.6 -0.0656256
14.7 -0.0659114
14.8 -0.0662344
14.9 -0.0665359
15 -0.066847
15.1 -0.0671976
15.2 -0.0675704
15.3 -0.0679466
15.4 -0.0683295
15.5 -0.0687455
15.6 -0.0691536
15.7 -0.069599
15.8 -0.070066
15.9 -0.0705394
16 -0.0710489
16.1 -0.0715803
16.2 -0.0721337
16.3 -0.0726934
16.4 -0.0732792
16.5 -0.0738922
16.6 -0.0745427
16.7 -0.075246
16.8 -0.0759711
16.9 -0.0767249
17 -0.0775219
17.1 -0.0783638
17.2 -0.0792113
17.3 -0.0800866
17.4 -0.0810015
17.5 -0.0819744
17.6 -0.0829929
17.7 -0.0840318
17.8 -0.0851039
17.9 -0.0862383
18 -0.0873672
18.1 -0.0885483
18.2 -0.0897819
18.3 -0.0910693
18.4 -0.0923817
18.5 -0.0937491
18.6 -0.0951262
18.7 -0.0965627
18.8 -0.0980183
18.9 -0.0995307
19 -0.101123
19.1 -0.102743
19.2 -0.10439
19.3 -0.106069
19.4 -0.10783
19.5 -0.109654
19.6 -0.111523
19.7 -0.113433
19.8 -0.11539
19.9 -0.117385
20 -0.119412
20.1 -0.121508
20.2 -0.123677
20.3 -0.125906
20.4 -0.128177
20.5 -0.13051
20.6 -0.132915
20.7 -0.135364
20.8 -0.137878
20.9 -0.140439
21 -0.143067
21.1 -0.145747
21.2 -0.148521
21.3 -0.151359
21.4 -0.154239
21.5 -0.157179
21.6 -0.160209
21.7 -0.163332
21.8 -0.16649
21.9 -0.169666
22 -0.172906
22.1 -0.176209
22.2 -0.179526
22.3 -0.182901
22.4 -0.186367
22.5 -0.18988
22.6 -0.193439
22.7 -0.197137
22.8 -0.20091
22.9 -0.20481
23 -0.20875
23.1 -0.212749
23.2 -0.216799
23.3 -0.220919
23.4 -0.225124
23.5 -0.229432
23.6 -0.23384
23.7 -0.238236
23.8 -0.242684
23.9 -0.247135
24 -0.251602
24.1 -0.256141
24.2 -0.260666
24.3 -0.26523
24.4 -0.269861
24.5 -0.274575
24.6 -0.27934
24.7 -0.284141
24.8 -0.289011
24.9 -0.293915
25 -0.298906
25.1 -0.303915
25.2 -0.309038
25.3 -0.314099
25.4 -0.319175
25.5 -0.324218
25.6 -0.329266
25.7 -0.334353
25.8 -0.339463
25.9 -0.344577
26 -0.349805
26.1 -0.355036
26.2 -0.360263
26.3 -0.365441
26.4 -0.370614
26.5 -0.375785
26.6 -0.380862
26.7 -0.38595
26.8 -0.391002
26.9 -0.396034
27 -0.401081
27.1 -0.406128
27.2 -0.411119
27.3 -0.4161
27.4 -0.421055
27.5 -0.426025
27.6 -0.430925
27.7 -0.435761
27.8 -0.440556
27.9 -0.445321
28 -0.450019
28.1 -0.454645
28.2 -0.459194
28.3 -0.463683
28.4 -0.468107
28.5 -0.47252
28.6 -0.476898
28.7 -0.4812
28.8 -0.485433
28.9 -0.489615
29 -0.493766
29.1 -0.497849
29.2 -0.501857
29.3 -0.505809
29.4 -0.509737
29.5 -0.513665
29.6 -0.517514
29.7 -0.521317
29.8 -0.525037
29.9 -0.52877
30 -0.532448
30.1 -0.536058
30.2 -0.539582
30.3 -0.543068
30.4 -0.546486
30.5 -0.549847
30.6 -0.553114
30.7 -0.556326
30.8 -0.559466
30.9 -0.562557
31 -0.565614
31.1 -0.56861
31.2 -0.571523
31.3 -0.574357
31.4 -0.577146
31.5 -0.579863
31.6 -0.582509
31.7 -0.585131
31.8 -0.587693
31.9 -0.590187
32 -0.592643
32.1 -0.595068
32.2 -0.59747
32.3 -0.599816
32.4 -0.602127
32.5 -0.604403
32.6 -0.606648
32.7 -0.608835
32.8 -0.610976
32.9 -0.613096
33 -0.615159
33.1 -0.617189
33.2 -0.61918
33.3 -0.621135
33.4 -0.62303
33.5 -0.624914
33.6 -0.626749
33.7 -0.628546
33.8 -0.630331
33.9 -0.632082
34 -0.633821
34.1 -0.635524
34.2 -0.637195
34.3 -0.638824
34.4 -0.640423
34.5 -0.641976
34.6 -0.643515
34.7 -0.645018
34.8 -0.646492
34.9 -0.647936
35 -0.649357
35.1 -0.650764
35.2 -0.652135
35.3 -0.653483
35.4 -0.6548
35.5 -0.656084
35.6 -0.657342
35.7 -0.658577
35.8 -0.65979
35.9 -0.660976
36 -0.662151
36.1 -0.663295
36.2 -0.664402
36.3 -0.665504
36.4 -0.666586
36.5 -0.66765
36.6 -0.668698
36.7 -0.669714
36.8 -0.670716
36.9 -0.671689
37 -0.672649
37.1 -0.673587
37.2 -0.674497
37.3 -0.675396
37.4 -0.676287
37.5 -0.677158
37.6 -0.678018
37.7 -0.678856
37.8 -0.679674
37.9 -0.680478
38 -0.681266
38.1 -0.682038
38.2 -0.682796
38.3 -0.68354
38.4 -0.684276
38.5 -0.685003
38.6 -0.685716
38.7 -0.686419
38.8 -0.687108
38.9 -0.687783
39 -0.688441
39.1 -0.689086
39.2 -0.689713
39.3 -0.690325
39.4 -0.690932
39.5 -0.691524
39.6 -0.692106
39.7 -0.692674
39.8 -0.693232
39.9 -0.69378
40 -0.694316
40.1 -0.694844
40.2 -0.695358
40.3 -0.69586
40.4 -0.696351
40.5 -0.69683
40.6 -0.697304
40.7 -0.697763
40.8 -0.698215
40.9 -0.69866
41 -0.699098
41.1 -0.699529
41.2 -0.699945
41.3 -0.700357
41.4 -0.700758
41.5 -0.70115
41.6 -0.701534
41.7 -0.70191
41.8 -0.702279
41.9 -0.702639
42 -0.702987
42.1 -0.70333
42.2 -0.703663
42.3 -0.703989
42.4 -0.704307
42.5 -0.704617
42.6 -0.70492
42.7 -0.705212
42.8 -0.705497
42.9 -0.705777
43 -0.70605
43.1 -0.706315
43.2 -0.706575
43.3 -0.70683
43.4 -0.707077
43.5 -0.707319
43.6 -0.707556
43.7 -0.707786
43.8 -0.708011
43.9 -0.708229
44 -0.708441
44.1 -0.708646
44.2 -0.708846
44.3 -0.709042
44.4 -0.709234
44.5 -0.70942
44.6 -0.709601
44.7 -0.709775
44.8 -0.709944
44.9 -0.710109
45 -0.710266
45.1 -0.71042
45.2 -0.710568
45.3 -0.71071
45.4 -0.710849
45.5 -0.710983
45.6 -0.711113
45.7 -0.711238
45.8 -0.711359
45.9 -0.711475
46 -0.711587
46.1 -0.711695
46.2 -0.711798
46.3 -0.711898
46.4 -0.711994
46.5 -0.712085
46.6 -0.712173
46.7 -0.712257
46.8 -0.712337
46.9 -0.712413
47 -0.712484
47.1 -0.712553
47.2 -0.712618
47.3 -0.71268
47.4 -0.712738
47.5 -0.712792
47.6 -0.712844
47.7 -0.712893
47.8 -0.712937
47.9 -0.712979
48 -0.713018
48.1 -0.713054
48.2 -0.713086
48.3 -0.713116
48.4 -0.713142
48.5 -0.713166
48.6 -0.713187
48.7 -0.713205
48.8 -0.71322
48.9 -0.713233
49 -0.713243
49.1 -0.71325
49.2 -0.713254
49.3 -0.713256
49.4 -0.713256
49.5 -0.713252
49.6 -0.713247
49.7 -0.713239
49.8 -0.713229
49.9 -0.713216
50 -0.713201
50.1 -0.713183
50.2 -0.713164
50.3 -0.713142
50.4 -0.713118
50.5 -0.713092
50.6 -0.713064
50.7 -0.713034
50.8 -0.713002
50.9 -0.712968
51 -0.712932
51.1 -0.712894
51.2 -0.712855
51.3 -0.712813
51.4 -0.71277
51.5 -0.712725
51.6 -0.712679
51.7 -0.712631
51.8 -0.71258
51.9 -0.712529
52 -0.712477
52.1 -0.712422
52.2 -0.712368
52.3 -0.712311
52.4 -0.712252
52.5 -0.712192
52.6 -0.712132
52.7 -0.71207
52.8 -0.712007
52.9 -0.711943
53 -0.711877
53.1 -0.711812
53.2 -0.711744
53.3 -0.711675
53.4 -0.711604
53.5 -0.711533
53.6 -0.711461
53.7 -0.711387
53.8 -0.711314
53.9 -0.711239
54 -0.711163
54.1 -0.711087
54.2 -0.71101
54.3 -0.710932
54.4 -0.710853
54.5 -0.710776
54.6 -0.710698
54.7 -0.710619
54.8 -0.71054
54.9 -0.71046
55 -0.71038
55.1 -0.710298
55.2 -0.710217
55.3 -0.710137
55.4 -0.710056
55.5 -0.709974
55.6 -0.709894
55.7 -0.709813
55.8 -0.709732
55.9 -0.70965
56 -0.709568
56.1 -0.709488
56.2 -0.709407
56.3 -0.709327
56.4 -0.709246
56.5 -0.709168
56.6 -0.709088
56.7 -0.709011
56.8 -0.708934
56.9 -0.708856
57 -0.70878
57.1 -0.708704
57.2 -0.708628
57.3 -0.708554
57.4 -0.708481
57.5 -0.708409
57.6 -0.708338
57.7 -0.708268
57.8 -0.708199
57.9 -0.708132
58 -0.708065
58.1 -0.707999
58.2 -0.707934
58.3 -0.707871
58.4 -0.707809
58.5 -0.707747
58.6 -0.707688
58.7 -0.707631
58.8 -0.707576
58.9 -0.707521
59 -0.707469
59.1 -0.707418
59.2 -0.707368
59.3 -0.707319
59.4 -0.707272
59.5 -0.707227
59.6 -0.707184
59.7 -0.707142
59.8 -0.707102
59.9 -0.707064
60 -0.707029
60.1 -0.706995
60.2 -0.706962
60.3 -0.706932
60.4 -0.706904
60.5 -0.706878
60.6 -0.706854
60.7 -0.706833
60.8 -0.706813
60.9 -0.706796
61 -0.706781
61.1 -0.706769
61.2 -0.706758
61.3 -0.70675
61.4 -0.706744
61.5 -0.70674
61.6 -0.706739
61.7 -0.70674
61.8 -0.706743
61.9 -0.706749
62 -0.706757
62.1 -0.706767
62.2 -0.706781
62.3 -0.706796
62.4 -0.706814
62.5 -0.706834
62.6 -0.706857
62.7 -0.706882
62.8 -0.706909
62.9 -0.706939
63 -0.706972
63.1 -0.707006
63.2 -0.707043
63.3 -0.707083
63.4 -0.707125
63.5 -0.707169
63.6 -0.707216
63.7 -0.707265
63.8 -0.707316
63.9 -0.707369
64 -0.707425
64.1 -0.707483
64.2 -0.707544
64.3 -0.707607
64.4 -0.707671
64.5 -0.707739
64.6 -0.707809
64.7 -0.70788
64.8 -0.707953
64.9 -0.708028
65 -0.708106
65.1 -0.708185
65.2 -0.708267
65.3 -0.70835
65.4 -0.708435
65.5 -0.708522
65.6 -0.708611
65.7 -0.708701
65.8 -0.708793
65.9 -0.708887
66 -0.708983
66.1 -0.70908
66.2 -0.70918
66.3 -0.709281
66.4 -0.709383
66.5 -0.709487
66.6 -0.709592
66.7 -0.709699
66.8 -0.709808
66.9 -0.709916
67 -0.710027
67.1 -0.710137
67.2 -0.71025
67.3 -0.710365
67.4 -0.710482
67.5 -0.710598
67.6 -0.710715
67.7 -0.710832
67.8 -0.710951
67.9 -0.711071
68 -0.711191
68.1 -0.711312
68.2 -0.711433
68.3 -0.711554
68.4 -0.711678
68.5 -0.711802
68.6 -0.711926
68.7 -0.712051
68.8 -0.712177
68.9 -0.712304
69 -0.712432
69.1 -0.71256
69.2 -0.712689
69.3 -0.712818
69.4 -0.712947
69.5 -0.713078
69.6 -0.713208
69.7 -0.713337
69.8 -0.713466
69.9 -0.713596
70 -0.713725
70.1 -0.713854
70.2 -0.713981
70.3 -0.714109
70.4 -0.714237
70.5 -0.714365
70.6 -0.714493
70.7 -0.714619
70.8 -0.714745
70.9 -0.71487
71 -0.714995
71.1 -0.715119
71.2 -0.715242
71.3 -0.715365
71.4 -0.715486
71.5 -0.715606
71.6 -0.715727
71.7 -0.715847
71.8 -0.715965
71.9 -0.716083
72 -0.716201
72.1 -0.716317
72.2 -0.716433
72.3 -0.716547
72.4 -0.716661
72.5 -0.716774
72.6 -0.716885
72.7 -0.716995
72.8 -0.717104
72.9 -0.71721
73 -0.717316
73.1 -0.717421
73.2 -0.717525
73.3 -0.717628
73.4 -0.717728
73.5 -0.717827
73.6 -0.717925
73.7 -0.718022
73.8 -0.718118
73.9 -0.718211
74 -0.718301
74.1 -0.718391
74.2 -0.718478
74.3 -0.718563
74.4 -0.718647
74.5 -0.71873
74.6 -0.718811
74.7 -0.71889
74.8 -0.718968
74.9 -0.719044
75 -0.719119
75.1 -0.719191
75.2 -0.719263
75.3 -0.719332
75.4 -0.7194
75.5 -0.719466
75.6 -0.71953
75.7 -0.719593
75.8 -0.719655
75.9 -0.719714
76 -0.719772
76.1 -0.719828
76.2 -0.719882
76.3 -0.719935
76.4 -0.719986
76.5 -0.720035
76.6 -0.720083
76.7 -0.720128
76.8 -0.720172
76.9 -0.720215
77 -0.720256
77.1 -0.720294
77.2 -0.720331
77.3 -0.720367
77.4 -0.720401
77.5 -0.720433
77.6 -0.720464
77.7 -0.720493
77.8 -0.72052
77.9 -0.720545
78 -0.720569
78.1 -0.720591
78.2 -0.720611
78.3 -0.72063
78.4 -0.720647
78.5 -0.720663
78.6 -0.720677
78.7 -0.720689
78.8 -0.7207
78.9 -0.720709
79 -0.720717
79.1 -0.720723
79.2 -0.720727
79.3 -0.72073
79.4 -0.720732
79.5 -0.720732
79.6 -0.72073
79.7 -0.720727
79.8 -0.720722
79.9 -0.720716
80 -0.720708
80.1 -0.720699
80.2 -0.720688
80.3 -0.720676
80.4 -0.720662
80.5 -0.720647
80.6 -0.720631
80.7 -0.720613
80.8 -0.720594
80.9 -0.720573
81 -0.720551
81.1 -0.720527
81.2 -0.720502
81.3 -0.720476
81.4 -0.720448
81.5 -0.720419
81.6 -0.72039
81.7 -0.720358
81.8 -0.720326
81.9 -0.720293
82 -0.720258
82.1 -0.720222
82.2 -0.720185
82.3 -0.720147
82.4 -0.720107
82.5 -0.720066
82.6 -0.720024
82.7 -0.719981
82.8 -0.719936
82.9 -0.71989
83 -0.719844
83.1 -0.719796
83.2 -0.719747
83.3 -0.719697
83.4 -0.719646
83.5 -0.719594
83.6 -0.719542
83.7 -0.719488
83.8 -0.719433
83.9 -0.719378
84 -0.719321
84.1 -0.719264
84.2 -0.719206
84.3 -0.719147
84.4 -0.719087
84.5 -0.719026
84.6 -0.718963
84.7 -0.7189
84.8 -0.718836
84.9 -0.718772
85 -0.718707
85.1 -0.718641
85.2 -0.718574
85.3 -0.718506
85.4 -0.718438
85.5 -0.718369
85.6 -0.718298
85.7 -0.718226
85.8 -0.718155
85.9 -0.718082
86 -0.718008
86.1 -0.717934
86.2 -0.717859
86.3 -0.717783
86.4 -0.717707
86.5 -0.71763
86.6 -0.717552
86.7 -0.717474
86.8 -0.717394
86.9 -0.717315
87 -0.717235
87.1 -0.717153
87.2 -0.717071
87.3 -0.716989
87.4 -0.716906
87.5 -0.716822
87.6 -0.716739
87.7 -0.716655
87.8 -0.716571
87.9 -0.716485
88 -0.7164
88.1 -0.716315
88.2 -0.716228
88.3 -0.716143
88.4 -0.716056
88.5 -0.715968
88.6 -0.71588
88.7 -0.715792
88.8 -0.715702
88.9 -0.715613
89 -0.715523
89.1 -0.715434
89.2 -0.715343
89.3 -0.715252
89.4 -0.715162
89.5 -0.715072
89.6 -0.714982
89.7 -0.714891
89.8 -0.714801
89.9 -0.71471
90 -0.714619
90.1 -0.714528
90.2 -0.714436
90.3 -0.714342
90.4 -0.714249
90.5 -0.714155
90.6 -0.714062
90.7 -0.713968
90.8 -0.713874
90.9 -0.713779
91 -0.713684
91.1 -0.71359
91.2 -0.713496
91.3 -0.713401
91.4 -0.713306
91.5 -0.713211
91.6 -0.713116
91.7 -0.713021
91.8 -0.712926
91.9 -0.712829
92 -0.712733
92.1 -0.712635
92.2 -0.712539
92.3 -0.712443
92.4 -0.712346
92.5 -0.712249
92.6 -0.712152
92.7 -0.712053
92.8 -0.711956
92.9 -0.71186
93 -0.711763
93.1 -0.711665
93.2 -0.711569
93.3 -0.711472
93.4 -0.711375
93.5 -0.711278
93.6 -0.71118
93.7 -0.711083
93.8 -0.710985
93.9 -0.710888
94 -0.71079
94.1 -0.710693
94.2 -0.710595
94.3 -0.710498
94.4 -0.710401
94.5 -0.710303
94.6 -0.710205
94.7 -0.710108
94.8 -0.71001
94.9 -0.709913
95 -0.709816
95.1 -0.709718
95.2 -0.709621
95.3 -0.709524
95.4 -0.709427
95.5 -0.709329
95.6 -0.709232
95.7 -0.709135
95.8 -0.709038
95.9 -0.708941
96 -0.708844
96.1 -0.708748
96.2 -0.708652
96.3 -0.708555
96.4 -0.708458
96.5 -0.708362
96.6 -0.708267
96.7 -0.708172
96.8 -0.708076
96.9 -0.70798
97 -0.707885
97.1 -0.70779
97.2 -0.707694
97.3 -0.707599
97.4 -0.707504
97.5 -0.707409
97.6 -0.707314
97.7 -0.707218
97.8 -0.707124
97.9 -0.70703
98 -0.706935
98.1 -0.706839
98.2 -0.706742
98.3 -0.706646
98.4 -0.70655
98.5 -0.706455
98.6 -0.706359
98.7 -0.706263
98.8 -0.706167
98.9 -0.706073
99 -0.705977
99.1 -0.705883
99.2 -0.705788
99.3 -0.705692
99.4 -0.705598
99.5 -0.705503
99.6 -0.705408
99.7 -0.705313
99.8 -0.705219
99.9 -0.705125
100 0.346567
