38.6334 0.134832
38.6853 0.173356
38.7372 0.433389
38.7891 0.693422
38.841 1.40611
38.8929 1.90691
38.9449 2.33067
38.9968 2.29215
39.0487 2.07064
39.1006 1.84913
39.1525 1.5602
39.2044 1.21349
39.2564 0.895671
39.3083 0.471912
39.3602 0.308188
39.4121 0.250403
39.464 0.154094
39.5159 0.0770469
39.5679 0.0481543
39.6198 0.0385235
39.6717 0.0288926
39.7236 0
39.7755 0.0192617
39.8274 0.0192617
39.8793 0
39.9313 0
39.9832 0.00963087
40.0351 0
40.087 0
40.1389 0
40.1908 0.00963087
40.2428 0
40.2947 0.00963087
40.3466 0
40.3985 0
40.4504 0.00963087
40.5023 0.0288926
40.5543 0.0192617
40.6062 0.0288926
40.6581 0.0385235
40.71 0.0481543
40.7619 0.0963087
40.8138 0.10594
40.8658 0.0577852
40.9177 0.0770469
40.9696 0.0963087
41.0215 0.11557
41.0734 0.0674161
41.1253 0.0385235
41.1773 0.0288926
