28.6491 0.0381822
28.7014 0.0763644
28.7538 0.238639
28.8062 0.610915
28.8586 1.12638
28.911 1.68956
28.9633 1.69911
29.0157 2.22411
29.0681 1.91866
29.1205 1.80411
29.1729 1.49865
29.2253 1.12638
29.2776 0.811372
29.33 0.534551
29.3824 0.381822
29.4348 0.248184
29.4872 0.295912
29.5395 0.124092
29.5919 0.0477278
29.6443 0.0286367
29.6967 0
29.7491 0.00954555
29.8014 0.00954555
29.8538 0
29.9062 0.0190911
29.9586 0
30.011 0.00954555
30.0633 0
30.1157 0
30.1681 0.00954555
30.2205 0.00954555
30.2729 0.0190911
30.3252 0.0286367
30.3776 0
30.43 0.0477278
30.4824 0.0477278
30.5348 0.0477278
30.5871 0.0572733
30.6395 0.133638
30.6919 0.181365
30.7443 0.200457
30.7967 0.238639
30.849 0.229093
30.9014 0.229093
30.9538 0.315003
31.0062 0.324549
31.0586 0.190911
31.1109 0.124092
31.1633 0.0763644
31.2157 0.00954555
