38.5005 0.000156143
38.503 0.000174895
38.5055 0.000195734
38.508 0.00021887
38.5105 0.000244535
38.513 0.000272981
38.5155 0.000304481
38.518 0.000339333
38.5205 0.000377862
38.523 0.000420418
38.5255 0.000467382
38.528 0.000519167
38.5305 0.00057622
38.533 0.000639022
38.5355 0.000708095
38.538 0.000784003
38.5405 0.00086735
38.543 0.000958791
38.5455 0.00105903
38.548 0.00116882
38.5505 0.00128897
38.553 0.00142035
38.5555 0.00156389
38.558 0.0017206
38.5605 0.00189154
38.563 0.00207786
38.5655 0.00228076
38.568 0.00250155
38.5705 0.00274162
38.573 0.00300244
38.5755 0.00328557
38.578 0.00359268
38.5805 0.00392555
38.583 0.00428604
38.5855 0.00467614
38.588 0.00509795
38.5905 0.00555369
38.593 0.00604572
38.5955 0.0065765
38.598 0.00714866
38.6006 0.00776493
38.6031 0.00842821
38.6056 0.00914154
38.6081 0.00990811
38.6106 0.0107313
38.6131 0.0116145
38.6156 0.0125616
38.6181 0.0135762
38.6206 0.0146625
38.6231 0.0158246
38.6256 0.0170669
38.6281 0.0183939
38.6306 0.0198104
38.6331 0.0213212
38.6356 0.0229316
38.6381 0.0246467
38.6406 0.026472
38.6431 0.0284133
38.6456 0.0304764
38.6481 0.0326674
38.6506 0.0349924
38.6531 0.037458
38.6556 0.0400707
38.6581 0.0428374
38.6606 0.0457651
38.6631 0.0488609
38.6656 0.0521322
38.6681 0.0555864
38.6706 0.0592312
38.6731 0.0630746
38.6756 0.0671243
38.6781 0.0713887
38.6806 0.0758758
38.6831 0.0805941
38.6856 0.0855521
38.6881 0.0907583
38.6906 0.0962215
38.6931 0.10195
38.6956 0.107954
38.6981 0.11424
38.7006 0.120819
38.7031 0.1277
38.7056 0.13489
38.7081 0.142399
38.7106 0.150237
38.7131 0.158411
38.7156 0.16693
38.7181 0.175804
38.7206 0.185041
38.7231 0.194649
38.7256 0.204636
38.7281 0.215011
38.7306 0.225782
38.7331 0.236957
38.7356 0.248542
38.7381 0.260545
38.7406 0.272973
38.7431 0.285833
38.7456 0.299131
38.7481 0.312873
38.7506 0.327065
38.7531 0.341711
38.7556 0.356817
38.7581 0.372387
38.7606 0.388425
38.7631 0.404934
38.7656 0.421918
38.7681 0.439377
38.7706 0.457316
38.7731 0.475733
38.7756 0.494631
38.7781 0.51401
38.7806 0.533868
38.7831 0.554206
38.7856 0.57502
38.7881 0.596308
38.7906 0.618068
38.7931 0.640295
38.7956 0.662985
38.7981 0.686133
38.8007 0.709733
38.8032 0.733778
38.8057 0.758261
38.8082 0.783173
38.8107 0.808507
38.8132 0.834252
38.8157 0.860398
38.8182 0.886934
38.8207 0.913849
38.8232 0.94113
38.8257 0.968764
38.8282 0.996738
38.8307 1.02504
38.8332 1.05364
38.8357 1.08255
38.8382 1.11172
38.8407 1.14116
38.8432 1.17085
38.8457 1.20075
38.8482 1.23087
38.8507 1.26117
38.8532 1.29163
38.8557 1.32224
38.8582 1.35298
38.8607 1.38383
38.8632 1.41475
38.8657 1.44574
38.8682 1.47676
38.8707 1.5078
38.8732 1.53883
38.8757 1.56984
38.8782 1.60079
38.8807 1.63166
38.8832 1.66243
38.8857 1.69308
38.8882 1.72358
38.8907 1.7539
38.8932 1.78403
38.8957 1.81394
38.8982 1.84361
38.9007 1.87301
38.9032 1.90211
38.9057 1.93091
38.9082 1.95936
38.9107 1.98746
38.9132 2.01517
38.9157 2.04248
38.9182 2.06936
38.9207 2.09579
38.9232 2.12175
38.9257 2.14722
38.9282 2.17218
38.9307 2.19661
38.9332 2.22049
38.9357 2.2438
38.9382 2.26653
38.9407 2.28865
38.9432 2.31015
38.9457 2.33102
38.9482 2.35124
38.9507 2.37078
38.9532 2.38965
38.9557 2.40783
38.9582 2.4253
38.9607 2.44205
38.9632 2.45807
38.9657 2.47335
38.9682 2.48788
38.9707 2.50166
38.9732 2.51467
38.9757 2.52691
38.9782 2.53837
38.9807 2.54904
38.9832 2.55893
38.9857 2.56803
38.9882 2.57633
38.9907 2.58383
38.9932 2.59053
38.9957 2.59643
38.9982 2.60154
39.0008 2.60584
39.0033 2.60935
39.0058 2.61206
39.0083 2.61398
39.0108 2.61512
39.0133 2.61547
39.0158 2.61504
39.0183 2.61385
39.0208 2.61188
39.0233 2.60916
39.0258 2.60569
39.0283 2.60148
39.0308 2.59654
39.0333 2.59087
39.0358 2.5845
39.0383 2.57742
39.0408 2.56965
39.0433 2.5612
39.0458 2.55208
39.0483 2.54231
39.0508 2.53191
39.0533 2.52087
39.0558 2.50922
39.0583 2.49697
39.0608 2.48413
39.0633 2.47073
39.0658 2.45677
39.0683 2.44227
39.0708 2.42724
39.0733 2.41171
39.0758 2.39568
39.0783 2.37917
39.0808 2.36221
39.0833 2.3448
39.0858 2.32696
39.0883 2.3087
39.0908 2.29005
39.0933 2.27103
39.0958 2.25164
39.0983 2.2319
39.1008 2.21183
39.1033 2.19145
39.1058 2.17077
39.1083 2.14981
39.1108 2.12858
39.1133 2.10711
39.1158 2.0854
39.1183 2.06347
39.1208 2.04134
39.1233 2.01903
39.1258 1.99654
39.1283 1.9739
39.1308 1.95111
39.1333 1.9282
39.1358 1.90517
39.1383 1.88204
39.1408 1.85883
39.1433 1.83555
39.1458 1.81221
39.1483 1.78883
39.1508 1.76541
39.1533 1.74197
39.1558 1.71852
39.1583 1.69508
39.1608 1.67165
39.1633 1.64825
39.1658 1.62489
39.1683 1.60158
39.1708 1.57832
39.1733 1.55513
39.1758 1.53203
39.1783 1.50901
39.1808 1.48608
39.1833 1.46327
39.1858 1.44056
39.1883 1.41798
39.1908 1.39553
39.1933 1.37322
39.1958 1.35105
39.1983 1.32903
39.2009 1.30717
39.2034 1.28548
39.2059 1.26395
39.2084 1.24261
39.2109 1.22144
39.2134 1.20046
39.2159 1.17967
39.2184 1.15908
39.2209 1.13869
39.2234 1.1185
39.2259 1.09853
39.2284 1.07876
39.2309 1.05921
39.2334 1.03987
39.2359 1.02076
39.2384 1.00187
39.2409 0.983205
39.2434 0.964769
39.2459 0.946561
39.2484 0.928584
39.2509 0.91084
39.2534 0.89333
39.2559 0.876054
39.2584 0.859014
39.2609 0.84221
39.2634 0.825642
39.2659 0.809312
39.2684 0.793219
39.2709 0.777362
39.2734 0.761743
39.2759 0.74636
39.2784 0.731213
39.2809 0.716302
39.2834 0.701625
39.2859 0.687183
39.2884 0.672973
39.2909 0.658995
39.2934 0.645247
39.2959 0.631729
39.2984 0.618439
39.3009 0.605374
39.3034 0.592535
39.3059 0.579919
39.3084 0.567524
39.3109 0.555348
39.3134 0.54339
39.3159 0.531647
39.3184 0.520118
39.3209 0.5088
39.3234 0.497692
39.3259 0.48679
39.3284 0.476093
39.3309 0.465599
39.3334 0.455304
39.3359 0.445208
39.3384 0.435306
39.3409 0.425598
39.3434 0.416079
39.3459 0.406749
39.3484 0.397604
39.3509 0.388642
39.3534 0.37986
39.3559 0.371256
39.3584 0.362827
39.3609 0.354571
39.3634 0.346484
39.3659 0.338566
39.3684 0.330812
39.3709 0.32322
39.3734 0.315788
39.3759 0.308513
39.3784 0.301392
39.3809 0.294424
39.3834 0.287605
39.3859 0.280932
39.3884 0.274405
39.3909 0.268019
39.3934 0.261772
39.3959 0.255663
39.3984 0.249688
39.401 0.243844
39.4035 0.238131
39.406 0.232544
39.4085 0.227083
39.411 0.221744
39.4135 0.216525
39.416 0.211424
39.4185 0.206438
39.421 0.201566
39.4235 0.196805
39.426 0.192153
39.4285 0.187607
39.431 0.183166
39.4335 0.178828
39.436 0.17459
39.4385 0.17045
39.441 0.166407
39.4435 0.162458
39.446 0.158601
39.4485 0.154835
39.451 0.151157
39.4535 0.147566
39.456 0.14406
39.4585 0.140636
39.461 0.137294
39.4635 0.134031
39.466 0.130846
39.4685 0.127736
39.471 0.124701
39.4735 0.121739
39.476 0.118847
39.4785 0.116025
39.481 0.113271
39.4835 0.110584
39.486 0.107961
39.4885 0.105401
39.491 0.102904
39.4935 0.100467
39.496 0.098089
39.4985 0.0957689
39.501 0.0935052
39.5035 0.0912967
39.506 0.089142
39.5085 0.0870398
39.511 0.0849891
39.5135 0.0829885
39.516 0.0810368
39.5185 0.079133
39.521 0.0772758
39.5235 0.0754642
39.526 0.0736971
39.5285 0.0719734
39.531 0.0702921
39.5335 0.0686521
39.536 0.0670525
39.5385 0.0654923
39.541 0.0639706
39.5435 0.0624863
39.546 0.0610387
39.5485 0.0596267
39.551 0.0582496
39.5535 0.0569065
39.556 0.0555966
39.5585 0.0543189
39.561 0.0530729
39.5635 0.0518576
39.566 0.0506723
39.5685 0.0495163
39.571 0.0483888
39.5735 0.0472892
39.576 0.0462168
39.5785 0.0451708
39.581 0.0441507
39.5835 0.0431557
39.586 0.0421853
39.5885 0.0412389
39.591 0.0403158
39.5935 0.0394154
39.596 0.0385373
39.5985 0.0376808
39.6011 0.0368454
39.6036 0.0360305
39.6061 0.0352357
39.6086 0.0344605
39.6111 0.0337043
39.6136 0.0329667
39.6161 0.0322472
39.6186 0.0315453
39.6211 0.0308607
39.6236 0.0301929
39.6261 0.0295414
39.6286 0.0289058
39.6311 0.0282858
39.6336 0.0276809
39.6361 0.0270908
39.6386 0.0265151
39.6411 0.0259535
39.6436 0.0254055
39.6461 0.0248708
39.6486 0.0243491
39.6511 0.0238401
39.6536 0.0233434
39.6561 0.0228588
39.6586 0.0223859
39.6611 0.0219245
39.6636 0.0214741
39.6661 0.0210347
39.6686 0.0206058
39.6711 0.0201873
39.6736 0.0197788
39.6761 0.0193801
39.6786 0.018991
39.6811 0.0186113
39.6836 0.0182406
39.6861 0.0178787
39.6886 0.0175255
39.6911 0.0171807
39.6936 0.0168442
39.6961 0.0165156
39.6986 0.0161948
39.7011 0.0158816
39.7036 0.0155759
39.7061 0.0152773
39.7086 0.0149858
39.7111 0.0147012
39.7136 0.0144233
39.7161 0.0141519
39.7186 0.0138869
39.7211 0.0136281
39.7236 0.0133754
39.7261 0.0131285
39.7286 0.0128874
39.7311 0.012652
39.7336 0.012422
39.7361 0.0121973
39.7386 0.0119779
39.7411 0.0117635
39.7436 0.0115541
39.7461 0.0113496
39.7486 0.0111497
39.7511 0.0109545
39.7536 0.0107637
39.7561 0.0105773
39.7586 0.0103952
39.7611 0.0102172
39.7636 0.0100433
39.7661 0.00987336
39.7686 0.00970729
39.7711 0.009545
39.7736 0.00938639
39.7761 0.00923137
39.7786 0.00907986
39.7811 0.00893177
39.7836 0.00878701
39.7861 0.00864552
39.7886 0.00850721
39.7911 0.008372
39.7936 0.00823983
39.7961 0.00811061
39.7986 0.00798428
39.8012 0.00786077
39.8037 0.00774002
39.8062 0.00762195
39.8087 0.0075065
39.8112 0.00739362
39.8137 0.00728324
39.8162 0.0071753
39.8187 0.00706975
39.8212 0.00696653
39.8237 0.00686559
39.8262 0.00676687
39.8287 0.00667033
39.8312 0.0065759
39.8337 0.00648355
39.8362 0.00639322
39.8387 0.00630488
39.8412 0.00621846
39.8437 0.00613394
39.8462 0.00605126
39.8487 0.00597039
39.8512 0.00589129
39.8537 0.0058139
39.8562 0.00573821
39.8587 0.00566416
39.8612 0.00559172
39.8637 0.00552086
39.8662 0.00545154
39.8687 0.00538373
39.8712 0.00531739
39.8737 0.00525249
39.8762 0.00518901
39.8787 0.0051269
39.8812 0.00506614
39.8837 0.0050067
39.8862 0.00494855
39.8887 0.00489167
39.8912 0.00483602
39.8937 0.00478158
39.8962 0.00472833
39.8987 0.00467624
39.9012 0.00462529
39.9037 0.00457545
39.9062 0.00452669
39.9087 0.00447901
39.9112 0.00443237
39.9137 0.00438675
39.9162 0.00434213
39.9187 0.0042985
39.9212 0.00425583
39.9237 0.0042141
39.9262 0.0041733
39.9287 0.0041334
39.9312 0.00409439
39.9337 0.00405625
39.9362 0.00401897
39.9387 0.00398252
39.9412 0.00394689
39.9437 0.00391208
39.9462 0.00387805
39.9487 0.00384479
39.9512 0.0038123
39.9537 0.00378055
39.9562 0.00374954
39.9587 0.00371925
39.9612 0.00368966
39.9637 0.00366077
39.9662 0.00363256
39.9687 0.00360502
39.9712 0.00357814
39.9737 0.0035519
39.9762 0.0035263
39.9787 0.00350133
39.9812 0.00347697
39.9837 0.00345321
39.9862 0.00343005
39.9887 0.00340747
39.9912 0.00338547
39.9937 0.00336403
39.9962 0.00334315
39.9987 0.00332282
40.0013 0.00330303
40.0038 0.00328377
40.0063 0.00326503
40.0088 0.00324681
40.0113 0.0032291
40.0138 0.00321188
40.0163 0.00319517
40.0188 0.00317894
40.0213 0.00316319
40.0238 0.00314791
40.0263 0.0031331
40.0288 0.00311875
40.0313 0.00310486
40.0338 0.00309142
40.0363 0.00307843
40.0388 0.00306587
40.0413 0.00305375
40.0438 0.00304205
40.0463 0.00303078
40.0488 0.00301993
40.0513 0.0030095
40.0538 0.00299947
40.0563 0.00298985
40.0588 0.00298064
40.0613 0.00297182
40.0638 0.00296339
40.0663 0.00295536
40.0688 0.00294772
40.0713 0.00294046
40.0738 0.00293358
40.0763 0.00292707
40.0788 0.00292095
40.0813 0.00291519
40.0838 0.00290981
40.0863 0.00290479
40.0888 0.00290014
40.0913 0.00289584
40.0938 0.00289191
40.0963 0.00288834
40.0988 0.00288513
40.1013 0.00288226
40.1038 0.00287975
40.1063 0.0028776
40.1088 0.00287579
40.1113 0.00287433
40.1138 0.00287322
40.1163 0.00287245
40.1188 0.00287203
40.1213 0.00287195
40.1238 0.00287222
40.1263 0.00287283
40.1288 0.00287378
40.1313 0.00287508
40.1338 0.00287671
40.1363 0.00287869
40.1388 0.00288101
40.1413 0.00288366
40.1438 0.00288666
40.1463 0.00289
40.1488 0.00289369
40.1513 0.00289771
40.1538 0.00290208
40.1563 0.00290679
40.1588 0.00291184
40.1613 0.00291724
40.1638 0.00292298
40.1663 0.00292907
40.1688 0.00293551
40.1713 0.00294229
40.1738 0.00294942
40.1763 0.00295691
40.1788 0.00296475
40.1813 0.00297294
40.1838 0.00298149
40.1863 0.00299039
40.1888 0.00299965
40.1913 0.00300928
40.1938 0.00301927
40.1963 0.00302962
40.1988 0.00304034
40.2014 0.00305143
40.2039 0.0030629
40.2064 0.00307473
40.2089 0.00308695
40.2114 0.00309955
40.2139 0.00311253
40.2164 0.00312589
40.2189 0.00313965
40.2214 0.00315379
40.2239 0.00316833
40.2264 0.00318328
40.2289 0.00319862
40.2314 0.00321437
40.2339 0.00323053
40.2364 0.0032471
40.2389 0.00326408
40.2414 0.00328149
40.2439 0.00329933
40.2464 0.00331759
40.2489 0.00333629
40.2514 0.00335542
40.2539 0.003375
40.2564 0.00339502
40.2589 0.0034155
40.2614 0.00343643
40.2639 0.00345782
40.2664 0.00347968
40.2689 0.00350201
40.2714 0.00352482
40.2739 0.00354811
40.2764 0.00357188
40.2789 0.00359615
40.2814 0.00362092
40.2839 0.00364619
40.2864 0.00367197
40.2889 0.00369827
40.2914 0.00372509
40.2939 0.00375244
40.2964 0.00378033
40.2989 0.00380876
40.3014 0.00383773
40.3039 0.00386726
40.3064 0.00389735
40.3089 0.00392802
40.3114 0.00395925
40.3139 0.00399107
40.3164 0.00402348
40.3189 0.00405649
40.3214 0.0040901
40.3239 0.00412433
40.3264 0.00415917
40.3289 0.00419465
40.3314 0.00423076
40.3339 0.00426752
40.3364 0.00430493
40.3389 0.004343
40.3414 0.00438174
40.3439 0.00442116
40.3464 0.00446127
40.3489 0.00450207
40.3514 0.00454358
40.3539 0.0045858
40.3564 0.00462874
40.3589 0.00467242
40.3614 0.00471684
40.3639 0.00476202
40.3664 0.00480795
40.3689 0.00485466
40.3714 0.00490214
40.3739 0.00495042
40.3764 0.0049995
40.3789 0.00504939
40.3814 0.00510011
40.3839 0.00515165
40.3864 0.00520404
40.3889 0.00525729
40.3914 0.00531139
40.3939 0.00536638
40.3964 0.00542225
40.3989 0.00547901
40.4015 0.00553669
40.404 0.00559529
40.4065 0.00565481
40.409 0.00571528
40.4115 0.00577671
40.414 0.0058391
40.4165 0.00590247
40.419 0.00596683
40.4215 0.00603219
40.424 0.00609856
40.4265 0.00616596
40.429 0.00623439
40.4315 0.00630388
40.434 0.00637443
40.4365 0.00644605
40.439 0.00651875
40.4415 0.00659256
40.444 0.00666748
40.4465 0.00674352
40.449 0.00682069
40.4515 0.00689901
40.454 0.0069785
40.4565 0.00705915
40.459 0.00714099
40.4615 0.00722403
40.464 0.00730828
40.4665 0.00739375
40.469 0.00748045
40.4715 0.0075684
40.474 0.00765761
40.4765 0.00774809
40.479 0.00783986
40.4815 0.00793292
40.484 0.00802728
40.4865 0.00812297
40.489 0.00821998
40.4915 0.00831834
40.494 0.00841805
40.4965 0.00851912
40.499 0.00862157
40.5015 0.00872541
40.504 0.00883065
40.5065 0.00893729
40.509 0.00904535
40.5115 0.00915485
40.514 0.00926578
40.5165 0.00937815
40.519 0.00949199
40.5215 0.00960729
40.524 0.00972407
40.5265 0.00984234
40.529 0.0099621
40.5315 0.0100834
40.534 0.0102061
40.5365 0.0103304
40.539 0.0104562
40.5415 0.0105835
40.544 0.0107124
40.5465 0.0108428
40.549 0.0109748
40.5515 0.0111083
40.554 0.0112433
40.5565 0.0113799
40.559 0.0115181
40.5615 0.0116578
40.564 0.0117991
40.5665 0.011942
40.569 0.0120864
40.5715 0.0122324
40.574 0.01238
40.5765 0.0125291
40.579 0.0126798
40.5815 0.0128321
40.584 0.0129859
40.5865 0.0131412
40.589 0.0132981
40.5915 0.0134566
40.594 0.0136165
40.5965 0.013778
40.599 0.013941
40.6016 0.0141055
40.6041 0.0142715
40.6066 0.014439
40.6091 0.014608
40.6116 0.0147784
40.6141 0.0149503
40.6166 0.0151235
40.6191 0.0152982
40.6216 0.0154743
40.6241 0.0156517
40.6266 0.0158305
40.6291 0.0160107
40.6316 0.0161921
40.6341 0.0163748
40.6366 0.0165588
40.6391 0.0167439
40.6416 0.0169303
40.6441 0.0171179
40.6466 0.0173066
40.6491 0.0174963
40.6516 0.0176872
40.6541 0.0178791
40.6566 0.018072
40.6591 0.0182659
40.6616 0.0184606
40.6641 0.0186563
40.6666 0.0188528
40.6691 0.01905
40.6716 0.019248
40.6741 0.0194468
40.6766 0.0196461
40.6791 0.0198461
40.6816 0.0200466
40.6841 0.0202475
40.6866 0.020449
40.6891 0.0206507
40.6916 0.0208528
40.6941 0.0210552
40.6966 0.0212577
40.6991 0.0214604
40.7016 0.0216631
40.7041 0.0218658
40.7066 0.0220684
40.7091 0.0222709
40.7116 0.0224732
40.7141 0.0226751
40.7166 0.0228767
40.7191 0.0230779
40.7216 0.0232785
40.7241 0.0234785
40.7266 0.0236777
40.7291 0.0238763
40.7316 0.0240739
40.7341 0.0242706
40.7366 0.0244662
40.7391 0.0246607
40.7416 0.024854
40.7441 0.025046
40.7466 0.0252366
40.7491 0.0254256
40.7516 0.025613
40.7541 0.0257988
40.7566 0.0259827
40.7591 0.0261647
40.7616 0.0263448
40.7641 0.0265227
40.7666 0.0266984
40.7691 0.0268718
40.7716 0.0270427
40.7741 0.0272111
40.7766 0.0273769
40.7791 0.02754
40.7816 0.0277002
40.7841 0.0278575
40.7866 0.0280116
40.7891 0.0281626
40.7916 0.0283104
40.7941 0.0284547
40.7966 0.0285955
40.7991 0.0287327
40.8017 0.0288662
40.8042 0.0289959
40.8067 0.0291216
40.8092 0.0292433
40.8117 0.0293609
40.8142 0.0294741
40.8167 0.0295831
40.8192 0.0296875
40.8217 0.0297874
40.8242 0.0298826
40.8267 0.0299731
40.8292 0.0300586
40.8317 0.0301392
40.8342 0.0302148
40.8367 0.0302852
40.8392 0.0303503
40.8417 0.0304101
40.8442 0.0304645
40.8467 0.0305133
40.8492 0.0305566
40.8517 0.0305942
40.8542 0.030626
40.8567 0.030652
40.8592 0.0306721
40.8617 0.0306863
40.8642 0.0306944
40.8667 0.0306964
40.8692 0.0306922
40.8717 0.0306818
40.8742 0.0306652
40.8767 0.0306423
40.8792 0.030613
40.8817 0.0305773
40.8842 0.0305352
40.8867 0.0304866
40.8892 0.0304315
40.8917 0.0303699
40.8942 0.0303018
40.8967 0.0302271
40.8992 0.0301459
40.9017 0.0300581
40.9042 0.0299637
40.9067 0.0298628
40.9092 0.0297553
40.9117 0.0296413
40.9142 0.0295208
40.9167 0.0293938
40.9192 0.0292604
40.9217 0.0291205
40.9242 0.0289743
40.9267 0.0288217
40.9292 0.0286628
40.9317 0.0284977
40.9342 0.0283264
40.9367 0.028149
40.9392 0.0279655
40.9417 0.0277762
40.9442 0.0275809
40.9467 0.0273798
40.9492 0.0271731
40.9517 0.0269607
40.9542 0.0267429
40.9567 0.0265196
40.9592 0.026291
40.9617 0.0260573
40.9642 0.0258186
40.9667 0.0255749
40.9692 0.0253263
40.9717 0.0250732
40.9742 0.0248155
40.9767 0.0245534
40.9792 0.024287
40.9817 0.0240166
40.9842 0.0237422
40.9867 0.0234641
40.9892 0.0231822
40.9917 0.022897
40.9942 0.0226084
40.9967 0.0223166
40.9992 0.0220219
41.0018 0.0217244
41.0043 0.0214243
41.0068 0.0211217
41.0093 0.0208168
41.0118 0.0205098
41.0143 0.0202009
41.0168 0.0198903
41.0193 0.0195781
41.0218 0.0192645
41.0243 0.0189498
41.0268 0.018634
41.0293 0.0183174
41.0318 0.0180002
41.0343 0.0176825
41.0368 0.0173645
41.0393 0.0170464
41.0418 0.0167284
41.0443 0.0164107
41.0468 0.0160934
41.0493 0.0157766
41.0518 0.0154607
41.0543 0.0151457
41.0568 0.0148319
41.0593 0.0145193
41.0618 0.0142082
41.0643 0.0138986
41.0668 0.0135909
41.0693 0.013285
41.0718 0.0129812
41.0743 0.0126796
41.0768 0.0123804
41.0793 0.0120837
41.0818 0.0117896
41.0843 0.0114982
41.0868 0.0112098
41.0893 0.0109243
41.0918 0.0106419
41.0943 0.0103628
41.0968 0.010087
41.0993 0.00981471
41.1018 0.00954592
41.1043 0.00928076
41.1068 0.00901931
41.1093 0.00876167
41.1118 0.00850791
41.1143 0.0082581
41.1168 0.0080123
41.1193 0.00777059
41.1218 0.00753302
41.1243 0.00729963
41.1268 0.00707048
41.1293 0.0068456
41.1318 0.00662504
41.1343 0.00640882
41.1368 0.00619698
41.1393 0.00598952
41.1418 0.00578647
41.1443 0.00558784
41.1468 0.00539364
41.1493 0.00520387
41.1518 0.00501852
41.1543 0.00483759
41.1568 0.00466108
41.1593 0.00448895
41.1618 0.00432121
41.1643 0.00415781
41.1668 0.00399874
41.1693 0.00384396
41.1718 0.00369345
41.1743 0.00354715
41.1768 0.00340504
41.1793 0.00326707
41.1818 0.00313318
41.1843 0.00300334
41.1868 0.00287748
41.1893 0.00275556
41.1918 0.00263752
41.1943 0.00252329
41.1968 0.00241281
41.1993 0.00230603
41.2019 0.00220287
41.2044 0.00210327
41.2069 0.00200716
41.2094 0.00191447
41.2119 0.00182513
41.2144 0.00173907
41.2169 0.00165621
41.2194 0.00157649
41.2219 0.00149982
41.2244 0.00142613
41.2269 0.00135535
41.2294 0.0012874
41.2319 0.00122221
41.2344 0.00115971
41.2369 0.00109981
41.2394 0.00104244
41.2419 0.000987524
41.2444 0.000934995
41.2469 0.000884777
41.2494 0.000836795
41.2519 0.000790978
41.2544 0.000747254
41.2569 0.000705554
41.2594 0.000665807
41.2619 0.000627945
41.2644 0.000591901
41.2669 0.000557609
41.2694 0.000525003
41.2719 0.000494019
41.2744 0.000464596
41.2769 0.000436672
41.2794 0.000410187
41.2819 0.000385083
41.2844 0.000361303
41.2869 0.000338791
41.2894 0.000317492
41.2919 0.000297356
41.2944 0.000278329
41.2969 0.000260363
41.2994 0.000243409
41.3019 0.000227421
41.3044 0.000212354
41.3069 0.000198163
41.3094 0.000184806
41.3119 0.000172243
41.3144 0.000160434
41.3169 0.000149341
41.3194 0.000138928
41.3219 0.00012916
41.3244 0.000120002
41.3269 0.000111423
41.3294 0.000103391
41.3319 9.58759e-05
41.3344 8.885e-05
41.3369 8.22856e-05
41.3394 7.61566e-05
41.3419 7.04381e-05
41.3444 6.51062e-05
41.3469 6.01381e-05
41.3494 5.55124e-05
41.3519 5.12084e-05
41.3544 4.72065e-05
41.3569 4.34881e-05
41.3594 4.00356e-05
41.3619 3.68323e-05
41.3644 3.38622e-05
41.3669 3.11103e-05
41.3694 2.85625e-05
41.3719 2.62052e-05
41.3744 2.40259e-05
41.3769 2.20125e-05
41.3794 2.01537e-05
41.3819 1.8439e-05
41.3844 1.68582e-05
41.3869 1.54021e-05
41.3894 1.40618e-05
41.3919 1.28289e-05
41.3944 1.16958e-05
41.3969 1.06551e-05
41.3994 9.69995e-06
41.402 8.82403e-06
41.4045 8.02137e-06
41.407 7.28639e-06
41.4095 6.61389e-06
41.412 5.99903e-06
41.4145 5.43731e-06
41.417 4.92452e-06
41.4195 4.45675e-06
41.422 4.0304e-06
41.4245 3.64209e-06
41.427 3.2887e-06
41.4295 2.96735e-06
41.432 2.67536e-06
41.4345 2.41025e-06
41.437 2.16975e-06
41.4395 1.95174e-06
41.442 1.75427e-06
41.4445 1.57556e-06
41.447 1.41394e-06
41.4495 1.26791e-06
41.452 1.13607e-06
41.4545 1.01713e-06
41.457 9.09922e-07
41.4595 8.13365e-07
41.462 7.26472e-07
41.4645 6.48342e-07
41.467 5.78148e-07
41.4695 5.15136e-07
41.472 4.58619e-07
41.4745 4.0797e-07
41.477 3.62617e-07
41.4795 3.2204e-07
41.482 2.85769e-07
41.4845 2.53372e-07
41.487 2.24461e-07
41.4895 1.98683e-07
41.492 1.75718e-07
41.4945 1.55277e-07
41.497 1.37098e-07
41.4995 1.20944e-07
