33.5005 0.000435106
33.503 0.000482286
33.5055 0.000534163
33.508 0.000591159
33.5105 0.000653727
33.513 0.000722357
33.5155 0.000797575
33.518 0.000879949
33.5205 0.000970087
33.523 0.00106864
33.5255 0.00117632
33.528 0.00129386
33.5305 0.00142207
33.533 0.00156182
33.5355 0.00171402
33.538 0.00187964
33.5405 0.00205975
33.543 0.00225544
33.5455 0.0024679
33.548 0.0026984
33.5505 0.00294827
33.553 0.00321894
33.5555 0.00351191
33.558 0.00382879
33.5605 0.00417125
33.563 0.00454109
33.5655 0.00494021
33.568 0.00537059
33.5705 0.00583433
33.573 0.00633365
33.5755 0.00687089
33.578 0.0074485
33.5805 0.00806905
33.583 0.00873525
33.5855 0.00944993
33.588 0.0102161
33.5905 0.0110368
33.593 0.0119153
33.5955 0.012855
33.598 0.0138594
33.6006 0.0149323
33.6031 0.0160775
33.6056 0.017299
33.6081 0.0186009
33.6106 0.0199875
33.6131 0.0214634
33.6156 0.0230332
33.6181 0.0247017
33.6206 0.0264738
33.6231 0.0283547
33.6256 0.0303496
33.6281 0.0324641
33.6306 0.0347037
33.6331 0.0370743
33.6356 0.0395817
33.6381 0.042232
33.6406 0.0450315
33.6431 0.0479866
33.6456 0.0511038
33.6481 0.0543898
33.6506 0.0578514
33.6531 0.0614956
33.6556 0.0653293
33.6581 0.0693599
33.6606 0.0735945
33.6631 0.0780406
33.6656 0.0827056
33.6681 0.0875971
33.6706 0.0927228
33.6731 0.0980902
33.6756 0.103707
33.6781 0.109582
33.6806 0.115721
33.6831 0.122133
33.6856 0.128826
33.6881 0.135808
33.6906 0.143086
33.6931 0.150668
33.6956 0.158561
33.6981 0.166774
33.7006 0.175314
33.7031 0.184187
33.7056 0.193402
33.7081 0.202965
33.7106 0.212883
33.7131 0.223164
33.7156 0.233812
33.7181 0.244836
33.7206 0.25624
33.7231 0.268031
33.7256 0.280215
33.7281 0.292795
33.7306 0.305778
33.7331 0.319167
33.7356 0.332968
33.7381 0.347183
33.7406 0.361817
33.7431 0.376872
33.7456 0.39235
33.7481 0.408255
33.7506 0.424588
33.7531 0.441349
33.7556 0.45854
33.7581 0.476161
33.7606 0.494211
33.7631 0.51269
33.7656 0.531596
33.7681 0.550927
33.7706 0.570681
33.7731 0.590855
33.7756 0.611445
33.7781 0.632447
33.7806 0.653855
33.7831 0.675665
33.7856 0.697869
33.7881 0.720463
33.7906 0.743437
33.7931 0.766785
33.7956 0.790497
33.7981 0.814565
33.8007 0.838979
33.8032 0.863728
33.8057 0.888801
33.8082 0.914187
33.8107 0.939873
33.8132 0.965847
33.8157 0.992096
33.8182 1.01861
33.8207 1.04536
33.8232 1.07235
33.8257 1.09955
33.8282 1.12695
33.8307 1.15454
33.8332 1.18229
33.8357 1.2102
33.8382 1.23823
33.8407 1.26638
33.8432 1.29462
33.8457 1.32295
33.8482 1.35132
33.8507 1.37974
33.8532 1.40817
33.8557 1.43661
33.8582 1.46502
33.8607 1.49339
33.8632 1.52169
33.8657 1.54992
33.8682 1.57804
33.8707 1.60603
33.8732 1.63388
33.8757 1.66157
33.8782 1.68907
33.8807 1.71636
33.8832 1.74342
33.8857 1.77024
33.8882 1.79678
33.8907 1.82304
33.8932 1.84899
33.8957 1.87461
33.8982 1.89988
33.9007 1.92478
33.9032 1.9493
33.9057 1.97342
33.9082 1.99711
33.9107 2.02035
33.9132 2.04314
33.9157 2.06546
33.9182 2.08728
33.9207 2.1086
33.9232 2.12939
33.9257 2.14965
33.9282 2.16935
33.9307 2.18848
33.9332 2.20704
33.9357 2.225
33.9382 2.24236
33.9407 2.2591
33.9432 2.27522
33.9457 2.29069
33.9482 2.30552
33.9507 2.3197
33.9532 2.33321
33.9557 2.34605
33.9582 2.3582
33.9607 2.36968
33.9632 2.38046
33.9657 2.39055
33.9682 2.39994
33.9707 2.40862
33.9732 2.4166
33.9757 2.42387
33.9782 2.43044
33.9807 2.43629
33.9832 2.44143
33.9857 2.44586
33.9882 2.44958
33.9907 2.45259
33.9932 2.4549
33.9957 2.45651
33.9982 2.45742
34.0008 2.45763
34.0033 2.45716
34.0058 2.456
34.0083 2.45416
34.0108 2.45166
34.0133 2.44849
34.0158 2.44466
34.0183 2.44018
34.0208 2.43506
34.0233 2.42931
34.0258 2.42294
34.0283 2.41596
34.0308 2.40837
34.0333 2.40019
34.0358 2.39143
34.0383 2.3821
34.0408 2.37222
34.0433 2.36178
34.0458 2.35082
34.0483 2.33933
34.0508 2.32733
34.0533 2.31483
34.0558 2.30186
34.0583 2.28841
34.0608 2.2745
34.0633 2.26016
34.0658 2.24538
34.0683 2.23019
34.0708 2.2146
34.0733 2.19862
34.0758 2.18227
34.0783 2.16556
34.0808 2.1485
34.0833 2.13112
34.0858 2.11341
34.0883 2.09541
34.0908 2.07712
34.0933 2.05855
34.0958 2.03972
34.0983 2.02065
34.1008 2.00134
34.1033 1.98181
34.1058 1.96208
34.1083 1.94216
34.1108 1.92206
34.1133 1.9018
34.1158 1.88138
34.1183 1.86082
34.1208 1.84014
34.1233 1.81935
34.1258 1.79845
34.1283 1.77746
34.1308 1.75639
34.1333 1.73526
34.1358 1.71408
34.1383 1.69285
34.1408 1.67159
34.1433 1.6503
34.1458 1.62901
34.1483 1.60771
34.1508 1.58643
34.1533 1.56516
34.1558 1.54392
34.1583 1.52272
34.1608 1.50157
34.1633 1.48047
34.1658 1.45944
34.1683 1.43847
34.1708 1.41759
34.1733 1.3968
34.1758 1.3761
34.1783 1.3555
34.1808 1.33501
34.1833 1.31463
34.1858 1.29438
34.1883 1.27426
34.1908 1.25427
34.1933 1.23442
34.1958 1.21472
34.1983 1.19516
34.2009 1.17576
34.2034 1.15652
34.2059 1.13744
34.2084 1.11853
34.2109 1.09979
34.2134 1.08123
34.2159 1.06285
34.2184 1.04465
34.2209 1.02663
34.2234 1.0088
34.2259 0.991165
34.2284 0.973721
34.2309 0.956471
34.2334 0.939419
34.2359 0.922565
34.2384 0.905912
34.2409 0.889462
34.2434 0.873214
34.2459 0.857172
34.2484 0.841334
34.2509 0.825703
34.2534 0.810279
34.2559 0.795062
34.2584 0.780053
34.2609 0.765252
34.2634 0.750658
34.2659 0.736273
34.2684 0.722096
34.2709 0.708125
34.2734 0.694362
34.2759 0.680806
34.2784 0.667455
34.2809 0.654309
34.2834 0.641368
34.2859 0.62863
34.2884 0.616094
34.2909 0.60376
34.2934 0.591625
34.2959 0.579689
34.2984 0.56795
34.3009 0.556408
34.3034 0.545059
34.3059 0.533904
34.3084 0.52294
34.3109 0.512165
34.3134 0.501578
34.3159 0.491178
34.3184 0.480961
34.3209 0.470927
34.3234 0.461074
34.3259 0.451399
34.3284 0.4419
34.3309 0.432577
34.3334 0.423425
34.3359 0.414445
34.3384 0.405633
34.3409 0.396987
34.3434 0.388505
34.3459 0.380185
34.3484 0.372026
34.3509 0.364024
34.3534 0.356178
34.3559 0.348485
34.3584 0.340943
34.3609 0.333551
34.3634 0.326305
34.3659 0.319204
34.3684 0.312245
34.3709 0.305427
34.3734 0.298747
34.3759 0.292203
34.3784 0.285793
34.3809 0.279514
34.3834 0.273365
34.3859 0.267343
34.3884 0.261446
34.3909 0.255673
34.3934 0.25002
34.3959 0.244487
34.3984 0.23907
34.401 0.233768
34.4035 0.228579
34.406 0.223501
34.4085 0.218531
34.411 0.213668
34.4135 0.20891
34.416 0.204255
34.4185 0.199701
34.421 0.195246
34.4235 0.190888
34.426 0.186626
34.4285 0.182457
34.431 0.178379
34.4335 0.174392
34.436 0.170493
34.4385 0.16668
34.441 0.162952
34.4435 0.159307
34.446 0.155743
34.4485 0.152259
34.451 0.148853
34.4535 0.145524
34.456 0.14227
34.4585 0.139089
34.461 0.13598
34.4635 0.132941
34.466 0.129971
34.4685 0.127069
34.471 0.124232
34.4735 0.121461
34.476 0.118752
34.4785 0.116106
34.481 0.11352
34.4835 0.110994
34.486 0.108525
34.4885 0.106113
34.491 0.103757
34.4935 0.101455
34.496 0.0992059
34.4985 0.0970089
34.501 0.0948627
34.5035 0.0927662
34.506 0.0907182
34.5085 0.0887177
34.511 0.0867636
34.5135 0.0848549
34.516 0.0829906
34.5185 0.0811696
34.521 0.079391
34.5235 0.0776538
34.526 0.0759571
34.5285 0.0742999
34.531 0.0726814
34.5335 0.0711007
34.536 0.0695568
34.5385 0.068049
34.541 0.0665765
34.5435 0.0651383
34.546 0.0637338
34.5485 0.0623621
34.551 0.0610224
34.5535 0.0597141
34.556 0.0584364
34.5585 0.0571886
34.561 0.05597
34.5635 0.0547799
34.566 0.0536176
34.5685 0.0524825
34.571 0.051374
34.5735 0.0502914
34.576 0.0492341
34.5785 0.0482015
34.581 0.047193
34.5835 0.0462081
34.586 0.0452462
34.5885 0.0443068
34.591 0.0433893
34.5935 0.0424932
34.596 0.041618
34.5985 0.0407632
34.6011 0.0399283
34.6036 0.0391129
34.6061 0.0383165
34.6086 0.0375386
34.6111 0.0367787
34.6136 0.0360365
34.6161 0.0353116
34.6186 0.0346035
34.6211 0.0339118
34.6236 0.0332361
34.6261 0.0325761
34.6286 0.0319314
34.6311 0.0313015
34.6336 0.0306862
34.6361 0.0300851
34.6386 0.0294979
34.6411 0.0289242
34.6436 0.0283637
34.6461 0.0278161
34.6486 0.0272811
34.6511 0.0267584
34.6536 0.0262476
34.6561 0.0257486
34.6586 0.0252609
34.6611 0.0247845
34.6636 0.0243189
34.6661 0.0238639
34.6686 0.0234193
34.6711 0.0229848
34.6736 0.0225602
34.6761 0.0221453
34.6786 0.0217397
34.6811 0.0213434
34.6836 0.020956
34.6861 0.0205774
34.6886 0.0202073
34.6911 0.0198455
34.6936 0.019492
34.6961 0.0191463
34.6986 0.0188085
34.7011 0.0184782
34.7036 0.0181553
34.7061 0.0178397
34.7086 0.0175311
34.7111 0.0172294
34.7136 0.0169344
34.7161 0.016646
34.7186 0.016364
34.7211 0.0160882
34.7236 0.0158186
34.7261 0.015555
34.7286 0.0152972
34.7311 0.0150451
34.7336 0.0147985
34.7361 0.0145574
34.7386 0.0143216
34.7411 0.014091
34.7436 0.0138654
34.7461 0.0136448
34.7486 0.013429
34.7511 0.013218
34.7536 0.0130115
34.7561 0.0128096
34.7586 0.012612
34.7611 0.0124188
34.7636 0.0122297
34.7661 0.0120448
34.7686 0.0118638
34.7711 0.0116868
34.7736 0.0115136
34.7761 0.0113442
34.7786 0.0111784
34.7811 0.0110162
34.7836 0.0108575
34.7861 0.0107022
34.7886 0.0105502
34.7911 0.0104015
34.7936 0.010256
34.7961 0.0101136
34.7986 0.0099743
34.8012 0.00983795
34.8037 0.00970452
34.8062 0.00957394
34.8087 0.00944614
34.8112 0.00932108
34.8137 0.00919868
34.8162 0.00907889
34.8187 0.00896166
34.8212 0.00884692
34.8237 0.00873463
34.8262 0.00862472
34.8287 0.00851716
34.8312 0.00841188
34.8337 0.00830884
34.8362 0.008208
34.8387 0.0081093
34.8412 0.0080127
34.8437 0.00791815
34.8462 0.00782562
34.8487 0.00773506
34.8512 0.00764643
34.8537 0.00755968
34.8562 0.00747479
34.8587 0.0073917
34.8612 0.0073104
34.8637 0.00723083
34.8662 0.00715296
34.8687 0.00707676
34.8712 0.00700219
34.8737 0.00692923
34.8762 0.00685784
34.8787 0.00678798
34.8812 0.00671963
34.8837 0.00665276
34.8862 0.00658734
34.8887 0.00652335
34.8912 0.00646074
34.8937 0.0063995
34.8962 0.00633961
34.8987 0.00628102
34.9012 0.00622373
34.9037 0.00616771
34.9062 0.00611292
34.9087 0.00605936
34.9112 0.00600699
34.9137 0.0059558
34.9162 0.00590576
34.9187 0.00585685
34.9212 0.00580906
34.9237 0.00576236
34.9262 0.00571673
34.9287 0.00567216
34.9312 0.00562863
34.9337 0.00558611
34.9362 0.0055446
34.9387 0.00550407
34.9412 0.0054645
34.9437 0.00542589
34.9462 0.00538822
34.9487 0.00535147
34.9512 0.00531563
34.9537 0.00528067
34.9562 0.0052466
34.9587 0.00521339
34.9612 0.00518103
34.9637 0.00514952
34.9662 0.00511882
34.9687 0.00508895
34.9712 0.00505987
34.9737 0.00503159
34.9762 0.00500408
34.9787 0.00497734
34.9812 0.00495137
34.9837 0.00492614
34.9862 0.00490164
34.9887 0.00487788
34.9912 0.00485484
34.9937 0.00483251
34.9962 0.00481087
34.9987 0.00478994
35.0013 0.00476968
35.0038 0.00475011
35.0063 0.0047312
35.0088 0.00471295
35.0113 0.00469536
35.0138 0.00467842
35.0163 0.00466212
35.0188 0.00464645
35.0213 0.00463141
35.0238 0.004617
35.0263 0.0046032
35.0288 0.00459001
35.0313 0.00457743
35.0338 0.00456545
35.0363 0.00455407
35.0388 0.00454327
35.0413 0.00453307
35.0438 0.00452345
35.0463 0.0045144
35.0488 0.00450594
35.0513 0.00449804
35.0538 0.00449071
35.0563 0.00448395
35.0588 0.00447775
35.0613 0.0044721
35.0638 0.00446702
35.0663 0.00446248
35.0688 0.0044585
35.0713 0.00445507
35.0738 0.00445219
35.0763 0.00444985
35.0788 0.00444806
35.0813 0.00444681
35.0838 0.0044461
35.0863 0.00444594
35.0888 0.00444631
35.0913 0.00444722
35.0938 0.00444867
35.0963 0.00445067
35.0988 0.00445319
35.1013 0.00445626
35.1038 0.00445987
35.1063 0.00446401
35.1088 0.0044687
35.1113 0.00447393
35.1138 0.00447969
35.1163 0.004486
35.1188 0.00449286
35.1213 0.00450025
35.1238 0.0045082
35.1263 0.00451669
35.1288 0.00452573
35.1313 0.00453533
35.1338 0.00454548
35.1363 0.00455619
35.1388 0.00456745
35.1413 0.00457928
35.1438 0.00459167
35.1463 0.00460463
35.1488 0.00461817
35.1513 0.00463227
35.1538 0.00464696
35.1563 0.00466223
35.1588 0.00467808
35.1613 0.00469453
35.1638 0.00471157
35.1663 0.00472921
35.1688 0.00474745
35.1713 0.0047663
35.1738 0.00478577
35.1763 0.00480585
35.1788 0.00482656
35.1813 0.0048479
35.1838 0.00486987
35.1863 0.00489248
35.1888 0.00491575
35.1913 0.00493966
35.1938 0.00496424
35.1963 0.00498949
35.1988 0.00501541
35.2014 0.00504201
35.2039 0.0050693
35.2064 0.00509729
35.2089 0.00512598
35.2114 0.00515538
35.2139 0.0051855
35.2164 0.00521635
35.2189 0.00524794
35.2214 0.00528028
35.2239 0.00531337
35.2264 0.00534722
35.2289 0.00538185
35.2314 0.00541726
35.2339 0.00545347
35.2364 0.00549048
35.2389 0.0055283
35.2414 0.00556695
35.2439 0.00560643
35.2464 0.00564677
35.2489 0.00568795
35.2514 0.00573001
35.2539 0.00577295
35.2564 0.00581679
35.2589 0.00586153
35.2614 0.00590719
35.2639 0.00595378
35.2664 0.00600132
35.2689 0.00604982
35.2714 0.00609929
35.2739 0.00614974
35.2764 0.0062012
35.2789 0.00625367
35.2814 0.00630717
35.2839 0.00636171
35.2864 0.00641732
35.2889 0.00647401
35.2914 0.00653178
35.2939 0.00659067
35.2964 0.00665068
35.2989 0.00671184
35.3014 0.00677415
35.3039 0.00683765
35.3064 0.00690234
35.3089 0.00696824
35.3114 0.00703538
35.3139 0.00710377
35.3164 0.00717342
35.3189 0.00724438
35.3214 0.00731664
35.3239 0.00739023
35.3264 0.00746517
35.3289 0.00754149
35.3314 0.0076192
35.3339 0.00769833
35.3364 0.0077789
35.3389 0.00786093
35.3414 0.00794444
35.3439 0.00802946
35.3464 0.00811601
35.3489 0.00820412
35.3514 0.0082938
35.3539 0.00838509
35.3564 0.00847801
35.3589 0.00857258
35.3614 0.00866884
35.3639 0.0087668
35.3664 0.0088665
35.3689 0.00896796
35.3714 0.00907121
35.3739 0.00917628
35.3764 0.00928319
35.3789 0.00939198
35.3814 0.00950268
35.3839 0.0096153
35.3864 0.0097299
35.3889 0.00984648
35.3914 0.0099651
35.3939 0.0100858
35.3964 0.0102085
35.3989 0.0103334
35.4015 0.0104605
35.404 0.0105897
35.4065 0.0107211
35.409 0.0108548
35.4115 0.0109908
35.414 0.0111292
35.4165 0.0112698
35.419 0.0114129
35.4215 0.0115584
35.424 0.0117064
35.4265 0.0118569
35.429 0.0120099
35.4315 0.0121655
35.434 0.0123238
35.4365 0.0124847
35.439 0.0126482
35.4415 0.0128146
35.444 0.0129837
35.4465 0.0131556
35.449 0.0133304
35.4515 0.0135081
35.454 0.0136887
35.4565 0.0138723
35.459 0.0140589
35.4615 0.0142486
35.464 0.0144414
35.4665 0.0146374
35.469 0.0148365
35.4715 0.0150389
35.474 0.0152446
35.4765 0.0154536
35.479 0.015666
35.4815 0.0158818
35.484 0.0161011
35.4865 0.0163239
35.489 0.0165502
35.4915 0.0167801
35.494 0.0170137
35.4965 0.017251
35.499 0.017492
35.5015 0.0177368
35.504 0.0179854
35.5065 0.0182379
35.509 0.0184943
35.5115 0.0187547
35.514 0.0190191
35.5165 0.0192876
35.519 0.0195602
35.5215 0.0198369
35.524 0.0201178
35.5265 0.020403
35.529 0.0206925
35.5315 0.0209863
35.534 0.0212845
35.5365 0.0215871
35.539 0.0218942
35.5415 0.0222058
35.544 0.022522
35.5465 0.0228428
35.549 0.0231682
35.5515 0.0234983
35.554 0.0238332
35.5565 0.0241728
35.559 0.0245172
35.5615 0.0248665
35.564 0.0252207
35.5665 0.0255798
35.569 0.0259438
35.5715 0.0263129
35.574 0.026687
35.5765 0.0270662
35.579 0.0274505
35.5815 0.0278399
35.584 0.0282345
35.5865 0.0286343
35.589 0.0290393
35.5915 0.0294496
35.594 0.0298651
35.5965 0.0302859
35.599 0.0307121
35.6016 0.0311436
35.6041 0.0315805
35.6066 0.0320227
35.6091 0.0324703
35.6116 0.0329234
35.6141 0.0333818
35.6166 0.0338457
35.6191 0.034315
35.6216 0.0347897
35.6241 0.0352699
35.6266 0.0357554
35.6291 0.0362465
35.6316 0.0367429
35.6341 0.0372448
35.6366 0.037752
35.6391 0.0382646
35.6416 0.0387826
35.6441 0.039306
35.6466 0.0398347
35.6491 0.0403686
35.6516 0.0409078
35.6541 0.0414523
35.6566 0.0420019
35.6591 0.0425567
35.6616 0.0431166
35.6641 0.0436815
35.6666 0.0442515
35.6691 0.0448263
35.6716 0.0454061
35.6741 0.0459907
35.6766 0.04658
35.6791 0.0471739
35.6816 0.0477725
35.6841 0.0483755
35.6866 0.048983
35.6891 0.0495948
35.6916 0.0502108
35.6941 0.050831
35.6966 0.0514551
35.6991 0.0520832
35.7016 0.052715
35.7041 0.0533505
35.7066 0.0539895
35.7091 0.0546319
35.7116 0.0552776
35.7141 0.0559264
35.7166 0.0565781
35.7191 0.0572326
35.7216 0.0578898
35.7241 0.0585495
35.7266 0.0592114
35.7291 0.0598755
35.7316 0.0605414
35.7341 0.0612092
35.7366 0.0618785
35.7391 0.0625491
35.7416 0.0632208
35.7441 0.0638935
35.7466 0.0645669
35.7491 0.0652407
35.7516 0.0659148
35.7541 0.0665889
35.7566 0.0672627
35.7591 0.067936
35.7616 0.0686086
35.7641 0.0692802
35.7666 0.0699504
35.7691 0.0706192
35.7716 0.0712861
35.7741 0.0719509
35.7766 0.0726132
35.7791 0.0732729
35.7816 0.0739295
35.7841 0.0745829
35.7866 0.0752326
35.7891 0.0758784
35.7916 0.07652
35.7941 0.0771569
35.7966 0.077789
35.7991 0.0784158
35.8017 0.079037
35.8042 0.0796524
35.8067 0.0802614
35.8092 0.0808638
35.8117 0.0814593
35.8142 0.0820474
35.8167 0.0826279
35.8192 0.0832003
35.8217 0.0837644
35.8242 0.0843196
35.8267 0.0848657
35.8292 0.0854024
35.8317 0.0859291
35.8342 0.0864457
35.8367 0.0869516
35.8392 0.0874465
35.8417 0.0879301
35.8442 0.088402
35.8467 0.0888618
35.8492 0.0893091
35.8517 0.0897436
35.8542 0.090165
35.8567 0.0905728
35.8592 0.0909667
35.8617 0.0913463
35.8642 0.0917113
35.8667 0.0920613
35.8692 0.0923961
35.8717 0.0927151
35.8742 0.0930183
35.8767 0.0933051
35.8792 0.0935752
35.8817 0.0938284
35.8842 0.0940644
35.8867 0.0942828
35.8892 0.0944833
35.8917 0.0946657
35.8942 0.0948297
35.8967 0.094975
35.8992 0.0951013
35.9017 0.0952084
35.9042 0.0952961
35.9067 0.0953641
35.9092 0.0954123
35.9117 0.0954403
35.9142 0.0954481
35.9167 0.0954354
35.9192 0.0954021
35.9217 0.0953479
35.9242 0.0952729
35.9267 0.0951767
35.9292 0.0950594
35.9317 0.0949209
35.9342 0.0947609
35.9367 0.0945796
35.9392 0.0943767
35.9417 0.0941523
35.9442 0.0939064
35.9467 0.0936389
35.9492 0.0933498
35.9517 0.0930393
35.9542 0.0927072
35.9567 0.0923537
35.9592 0.0919789
35.9617 0.0915828
35.9642 0.0911656
35.9667 0.0907274
35.9692 0.0902683
35.9717 0.0897885
35.9742 0.0892882
35.9767 0.0887675
35.9792 0.0882267
35.9817 0.087666
35.9842 0.0870857
35.9867 0.0864861
35.9892 0.0858673
35.9917 0.0852298
35.9942 0.0845737
35.9967 0.0838996
35.9992 0.0832076
36.0018 0.0824982
36.0043 0.0817718
36.0068 0.0810287
36.0093 0.0802693
36.0118 0.0794941
36.0143 0.0787035
36.0168 0.077898
36.0193 0.077078
36.0218 0.0762441
36.0243 0.0753966
36.0268 0.074536
36.0293 0.073663
36.0318 0.072778
36.0343 0.0718815
36.0368 0.0709742
36.0393 0.0700564
36.0418 0.0691289
36.0443 0.0681921
36.0468 0.0672466
36.0493 0.066293
36.0518 0.065332
36.0543 0.0643639
36.0568 0.0633896
36.0593 0.0624095
36.0618 0.0614242
36.0643 0.0604344
36.0668 0.0594406
36.0693 0.0584435
36.0718 0.0574436
36.0743 0.0564416
36.0768 0.0554379
36.0793 0.0544333
36.0818 0.0534284
36.0843 0.0524236
36.0868 0.0514196
36.0893 0.0504169
36.0918 0.0494162
36.0943 0.0484179
36.0968 0.0474227
36.0993 0.0464311
36.1018 0.0454436
36.1043 0.0444607
36.1068 0.043483
36.1093 0.042511
36.1118 0.0415451
36.1143 0.0405859
36.1168 0.0396338
36.1193 0.0386893
36.1218 0.0377528
36.1243 0.0368248
36.1268 0.0359057
36.1293 0.0349958
36.1318 0.0340956
36.1343 0.0332054
36.1368 0.0323256
36.1393 0.0314566
36.1418 0.0305986
36.1443 0.029752
36.1468 0.028917
36.1493 0.028094
36.1518 0.0272832
36.1543 0.0264849
36.1568 0.0256992
36.1593 0.0249264
36.1618 0.0241667
36.1643 0.0234202
36.1668 0.0226871
36.1693 0.0219676
36.1718 0.0212618
36.1743 0.0205697
36.1768 0.0198915
36.1793 0.0192273
36.1818 0.0185771
36.1843 0.0179409
36.1868 0.0173188
36.1893 0.0167109
36.1918 0.016117
36.1943 0.0155372
36.1968 0.0149715
36.1993 0.0144198
36.2019 0.013882
36.2044 0.0133582
36.2069 0.0128481
36.2094 0.0123518
36.2119 0.0118691
36.2144 0.0113998
36.2169 0.010944
36.2194 0.0105013
36.2219 0.0100718
36.2244 0.00965517
36.2269 0.00925131
36.2294 0.00886003
36.2319 0.00848116
36.2344 0.00811451
36.2369 0.00775987
36.2394 0.00741706
36.2419 0.00708586
36.2444 0.00676606
36.2469 0.00645744
36.2494 0.00615978
36.2519 0.00587285
36.2544 0.00559643
36.2569 0.00533028
36.2594 0.00507416
36.2619 0.00482785
36.2644 0.0045911
36.2669 0.00436368
36.2694 0.00414534
36.2719 0.00393584
36.2744 0.00373494
36.2769 0.0035424
36.2794 0.00335799
36.2819 0.00318146
36.2844 0.00301258
36.2869 0.00285111
36.2894 0.00269682
36.2919 0.00254947
36.2944 0.00240885
36.2969 0.00227472
36.2994 0.00214686
36.3019 0.00202505
36.3044 0.00190908
36.3069 0.00179874
36.3094 0.0016938
36.3119 0.00159408
36.3144 0.00149937
36.3169 0.00140948
36.3194 0.00132421
36.3219 0.00124337
36.3244 0.00116679
36.3269 0.00109428
36.3294 0.00102567
36.3319 0.000960797
36.3344 0.00089949
36.3369 0.000841592
36.3394 0.000786947
36.3419 0.000735408
36.3444 0.000686827
36.3469 0.000641066
36.3494 0.000597988
36.3519 0.000557462
36.3544 0.000519363
36.3569 0.000483567
36.3594 0.000449959
36.3619 0.000418425
36.3644 0.000388857
36.3669 0.00036115
36.3694 0.000335205
36.3719 0.000310926
36.3744 0.000288222
36.3769 0.000267004
36.3794 0.000247189
36.3819 0.000228696
36.3844 0.000211449
36.3869 0.000195376
36.3894 0.000180406
36.3919 0.000166473
36.3944 0.000153515
36.3969 0.000141471
36.3994 0.000130285
36.402 0.000119904
36.4045 0.000110275
36.407 0.000101352
36.4095 9.30868e-05
36.412 8.54377e-05
36.4145 7.83636e-05
36.417 7.18258e-05
36.4195 6.57881e-05
36.422 6.02162e-05
36.4245 5.50779e-05
36.427 5.03428e-05
36.4295 4.59826e-05
36.432 4.19705e-05
36.4345 3.82813e-05
36.437 3.48917e-05
36.4395 3.17795e-05
36.442 2.89242e-05
36.4445 2.63065e-05
36.447 2.39085e-05
36.4495 2.17133e-05
36.452 1.97054e-05
36.4545 1.787e-05
36.457 1.61938e-05
36.4595 1.46639e-05
36.462 1.32688e-05
36.4645 1.19975e-05
36.467 1.08399e-05
36.4695 9.78672e-06
36.472 8.8292e-06
36.4745 7.95936e-06
36.477 7.16979e-06
36.4795 6.45363e-06
36.482 5.80457e-06
36.4845 5.2168e-06
36.487 4.68493e-06
36.4895 4.20405e-06
36.492 3.7696e-06
36.4945 3.37741e-06
36.497 3.02367e-06
36.4995 2.70486e-06
