18.5 2.83017
18.5015 2.77027
18.503 2.71065
18.5045 2.6513
18.506 2.59222
18.5075 2.53341
18.509 2.47487
18.5105 2.4166
18.512 2.3586
18.5135 2.30086
18.515 2.2434
18.5165 2.1862
18.518 2.12927
18.5195 2.0726
18.521 2.0162
18.5225 1.96007
18.524 1.9042
18.5255 1.84859
18.527 1.79324
18.5285 1.73816
18.53 1.68334
18.5315 1.62877
18.533 1.57447
18.5345 1.52043
18.536 1.46665
18.5375 1.41312
18.539 1.35986
18.5405 1.30685
18.542 1.25409
18.5435 1.20159
18.545 1.14935
18.5465 1.09736
18.548 1.04563
18.5495 0.994149
18.551 0.942922
18.5525 0.891946
18.554 0.841222
18.5555 0.790748
18.557 0.740525
18.5585 0.690552
18.56 0.640828
18.5615 0.591352
18.563 0.542124
18.5645 0.493143
18.566 0.444409
18.5675 0.395921
18.569 0.347679
18.5705 0.299681
18.572 0.251927
18.5735 0.204417
18.575 0.15715
18.5765 0.110125
18.578 0.0633423
18.5795 0.0168006
18.581 -0.0295006
18.5825 -0.0755618
18.584 -0.121384
18.5855 -0.166967
18.587 -0.212312
18.5885 -0.257419
18.59 -0.302289
18.5915 -0.346923
18.593 -0.391321
18.5945 -0.435484
18.596 -0.479413
18.5975 -0.523107
18.599 -0.566568
18.6006 -0.609797
18.6021 -0.652793
18.6036 -0.695557
18.6051 -0.738091
18.6066 -0.780394
18.6081 -0.822467
18.6096 -0.864311
18.6111 -0.905926
18.6126 -0.947313
18.6141 -0.988473
18.6156 -1.02941
18.6171 -1.07011
18.6186 -1.11059
18.6201 -1.15085
18.6216 -1.19088
18.6231 -1.23069
18.6246 -1.27027
18.6261 -1.30963
18.6276 -1.34877
18.6291 -1.38769
18.6306 -1.42638
18.6321 -1.46486
18.6336 -1.50312
18.6351 -1.54115
18.6366 -1.57897
18.6381 -1.61657
18.6396 -1.65395
18.6411 -1.69112
18.6426 -1.72807
18.6441 -1.7648
18.6456 -1.80132
18.6471 -1.83762
18.6486 -1.87371
18.6501 -1.90958
18.6516 -1.94525
18.6531 -1.9807
18.6546 -2.01593
18.6561 -2.05096
18.6576 -2.08578
18.6591 -2.12038
18.6606 -2.15478
18.6621 -2.18897
18.6636 -2.22295
18.6651 -2.25672
18.6666 -2.29028
18.6681 -2.32364
18.6696 -2.35679
18.6711 -2.38974
18.6726 -2.42248
18.6741 -2.45501
18.6756 -2.48734
18.6771 -2.51947
18.6786 -2.5514
18.6801 -2.58312
18.6816 -2.61465
18.6831 -2.64597
18.6846 -2.67709
18.6861 -2.70801
18.6876 -2.73873
18.6891 -2.76925
18.6906 -2.79958
18.6921 -2.8297
18.6936 -2.85963
18.6951 -2.88936
18.6966 -2.9189
18.6981 -2.94824
18.6996 -2.97739
18.7011 -3.00634
18.7026 -3.0351
18.7041 -3.06366
18.7056 -3.09203
18.7071 -3.12021
18.7086 -3.1482
18.7101 -3.176
18.7116 -3.2036
18.7131 -3.23102
18.7146 -3.25824
18.7161 -3.28528
18.7176 -3.31213
18.7191 -3.33879
18.7206 -3.36526
18.7221 -3.39155
18.7236 -3.41765
18.7251 -3.44357
18.7266 -3.4693
18.7281 -3.49484
18.7296 -3.52021
18.7311 -3.54538
18.7326 -3.57038
18.7341 -3.59519
18.7356 -3.61982
18.7371 -3.64427
18.7386 -3.66854
18.7401 -3.69263
18.7416 -3.71653
18.7431 -3.74026
18.7446 -3.76381
18.7461 -3.78719
18.7476 -3.81038
18.7491 -3.8334
18.7506 -3.85624
18.7521 -3.8789
18.7536 -3.90139
18.7551 -3.92371
18.7566 -3.94585
18.7581 -3.96781
18.7596 -3.98961
18.7611 -4.01123
18.7626 -4.03267
18.7641 -4.05395
18.7656 -4.07505
18.7671 -4.09599
18.7686 -4.11675
18.7701 -4.13734
18.7716 -4.15777
18.7731 -4.17802
18.7746 -4.19811
18.7761 -4.21803
18.7776 -4.23778
18.7791 -4.25737
18.7806 -4.27679
18.7821 -4.29604
18.7836 -4.31513
18.7851 -4.33405
18.7866 -4.35282
18.7881 -4.37141
18.7896 -4.38985
18.7911 -4.40812
18.7926 -4.42623
18.7941 -4.44418
18.7956 -4.46196
18.7971 -4.47959
18.7986 -4.49706
18.8002 -4.51436
18.8017 -4.53151
18.8032 -4.5485
18.8047 -4.56534
18.8062 -4.58201
18.8077 -4.59853
18.8092 -4.61489
18.8107 -4.6311
18.8122 -4.64715
18.8137 -4.66304
18.8152 -4.67878
18.8167 -4.69437
18.8182 -4.7098
18.8197 -4.72508
18.8212 -4.74021
18.8227 -4.75519
18.8242 -4.77002
18.8257 -4.78469
18.8272 -4.79921
18.8287 -4.81359
18.8302 -4.82781
18.8317 -4.84189
18.8332 -4.85582
18.8347 -4.8696
18.8362 -4.88323
18.8377 -4.89672
18.8392 -4.91006
18.8407 -4.92325
18.8422 -4.9363
18.8437 -4.9492
18.8452 -4.96196
18.8467 -4.97457
18.8482 -4.98705
18.8497 -4.99937
18.8512 -5.01156
18.8527 -5.0236
18.8542 -5.03551
18.8557 -5.04727
18.8572 -5.05889
18.8587 -5.07037
18.8602 -5.08171
18.8617 -5.09291
18.8632 -5.10398
18.8647 -5.1149
18.8662 -5.12569
18.8677 -5.13634
18.8692 -5.14686
18.8707 -5.15723
18.8722 -5.16748
18.8737 -5.17758
18.8752 -5.18756
18.8767 -5.19739
18.8782 -5.2071
18.8797 -5.21667
18.8812 -5.22611
18.8827 -5.23541
18.8842 -5.24459
18.8857 -5.25363
18.8872 -5.26254
18.8887 -5.27132
18.8902 -5.27997
18.8917 -5.28849
18.8932 -5.29689
18.8947 -5.30515
18.8962 -5.31329
18.8977 -5.32129
18.8992 -5.32917
18.9007 -5.33693
18.9022 -5.34456
18.9037 -5.35206
18.9052 -5.35944
18.9067 -5.36669
18.9082 -5.37382
18.9097 -5.38082
18.9112 -5.3877
18.9127 -5.39446
18.9142 -5.40109
18.9157 -5.4076
18.9172 -5.41399
18.9187 -5.42026
18.9202 -5.42641
18.9217 -5.43244
18.9232 -5.43835
18.9247 -5.44414
18.9262 -5.44981
18.9277 -5.45536
18.9292 -5.4608
18.9307 -5.46611
18.9322 -5.47131
18.9337 -5.4764
18.9352 -5.48137
18.9367 -5.48622
18.9382 -5.49095
18.9397 -5.49557
18.9412 -5.50008
18.9427 -5.50447
18.9442 -5.50875
18.9457 -5.51292
18.9472 -5.51697
18.9487 -5.52092
18.9502 -5.52475
18.9517 -5.52847
18.9532 -5.53207
18.9547 -5.53557
18.9562 -5.53896
18.9577 -5.54224
18.9592 -5.54541
18.9607 -5.54847
18.9622 -5.55142
18.9637 -5.55427
18.9652 -5.55701
18.9667 -5.55964
18.9682 -5.56216
18.9697 -5.56458
18.9712 -5.5669
18.9727 -5.5691
18.9742 -5.57121
18.9757 -5.57321
18.9772 -5.5751
18.9787 -5.5769
18.9802 -5.57859
18.9817 -5.58017
18.9832 -5.58166
18.9847 -5.58304
18.9862 -5.58433
18.9877 -5.58551
18.9892 -5.58659
18.9907 -5.58757
18.9922 -5.58845
18.9937 -5.58924
18.9952 -5.58992
18.9967 -5.59051
18.9982 -5.591
18.9997 -5.59139
19.0013 -5.59168
19.0028 -5.59188
19.0043 -5.59198
19.0058 -5.59199
19.0073 -5.5919
19.0088 -5.59172
19.0103 -5.59144
19.0118 -5.59107
19.0133 -5.5906
19.0148 -5.59005
19.0163 -5.5894
19.0178 -5.58865
19.0193 -5.58782
19.0208 -5.58689
19.0223 -5.58587
19.0238 -5.58477
19.0253 -5.58357
19.0268 -5.58228
19.0283 -5.5809
19.0298 -5.57944
19.0313 -5.57788
19.0328 -5.57624
19.0343 -5.57451
19.0358 -5.57269
19.0373 -5.57079
19.0388 -5.5688
19.0403 -5.56672
19.0418 -5.56456
19.0433 -5.56231
19.0448 -5.55998
19.0463 -5.55756
19.0478 -5.55506
19.0493 -5.55247
19.0508 -5.5498
19.0523 -5.54705
19.0538 -5.54422
19.0553 -5.54131
19.0568 -5.53831
19.0583 -5.53523
19.0598 -5.53207
19.0613 -5.52883
19.0628 -5.52551
19.0643 -5.52211
19.0658 -5.51863
19.0673 -5.51508
19.0688 -5.51144
19.0703 -5.50773
19.0718 -5.50394
19.0733 -5.50007
19.0748 -5.49612
19.0763 -5.4921
19.0778 -5.488
19.0793 -5.48383
19.0808 -5.47958
19.0823 -5.47526
19.0838 -5.47086
19.0853 -5.46639
19.0868 -5.46184
19.0883 -5.45722
19.0898 -5.45253
19.0913 -5.44776
19.0928 -5.44293
19.0943 -5.43802
19.0958 -5.43304
19.0973 -5.42799
19.0988 -5.42286
19.1003 -5.41767
19.1018 -5.41241
19.1033 -5.40708
19.1048 -5.40168
19.1063 -5.39621
19.1078 -5.39067
19.1093 -5.38506
19.1108 -5.37939
19.1123 -5.37365
19.1138 -5.36784
19.1153 -5.36197
19.1168 -5.35603
19.1183 -5.35002
19.1198 -5.34395
19.1213 -5.33781
19.1228 -5.33161
19.1243 -5.32535
19.1258 -5.31902
19.1273 -5.31263
19.1288 -5.30617
19.1303 -5.29965
19.1318 -5.29307
19.1333 -5.28643
19.1348 -5.27972
19.1363 -5.27296
19.1378 -5.26613
19.1393 -5.25925
19.1408 -5.2523
19.1423 -5.24529
19.1438 -5.23822
19.1453 -5.2311
19.1468 -5.22391
19.1483 -5.21667
19.1498 -5.20937
19.1513 -5.20201
19.1528 -5.1946
19.1543 -5.18712
19.1558 -5.17959
19.1573 -5.17201
19.1588 -5.16437
19.1603 -5.15667
19.1618 -5.14892
19.1633 -5.14111
19.1648 -5.13325
19.1663 -5.12534
19.1678 -5.11737
19.1693 -5.10935
19.1708 -5.10127
19.1723 -5.09314
19.1738 -5.08496
19.1753 -5.07673
19.1768 -5.06845
19.1783 -5.06011
19.1798 -5.05173
19.1813 -5.04329
19.1828 -5.0348
19.1843 -5.02627
19.1858 -5.01768
19.1873 -5.00905
19.1888 -5.00036
19.1903 -4.99163
19.1918 -4.98285
19.1933 -4.97402
19.1948 -4.96514
19.1963 -4.95622
19.1978 -4.94725
19.1993 -4.93823
19.2009 -4.92917
19.2024 -4.92006
19.2039 -4.91091
19.2054 -4.90171
19.2069 -4.89247
19.2084 -4.88318
19.2099 -4.87385
19.2114 -4.86447
19.2129 -4.85505
19.2144 -4.84559
19.2159 -4.83609
19.2174 -4.82654
19.2189 -4.81695
19.2204 -4.80732
19.2219 -4.79765
19.2234 -4.78793
19.2249 -4.77818
19.2264 -4.76839
19.2279 -4.75855
19.2294 -4.74868
19.2309 -4.73876
19.2324 -4.72881
19.2339 -4.71882
19.2354 -4.70879
19.2369 -4.69872
19.2384 -4.68861
19.2399 -4.67847
19.2414 -4.66829
19.2429 -4.65807
19.2444 -4.64782
19.2459 -4.63753
19.2474 -4.6272
19.2489 -4.61684
19.2504 -4.60644
19.2519 -4.59601
19.2534 -4.58554
19.2549 -4.57504
19.2564 -4.56451
19.2579 -4.55394
19.2594 -4.54334
19.2609 -4.5327
19.2624 -4.52204
19.2639 -4.51134
19.2654 -4.50061
19.2669 -4.48984
19.2684 -4.47905
19.2699 -4.46822
19.2714 -4.45736
19.2729 -4.44648
19.2744 -4.43556
19.2759 -4.42461
19.2774 -4.41363
19.2789 -4.40263
19.2804 -4.39159
19.2819 -4.38053
19.2834 -4.36943
19.2849 -4.35831
19.2864 -4.34716
19.2879 -4.33599
19.2894 -4.32478
19.2909 -4.31355
19.2924 -4.3023
19.2939 -4.29101
19.2954 -4.27971
19.2969 -4.26837
19.2984 -4.25701
19.2999 -4.24563
19.3014 -4.23422
19.3029 -4.22278
19.3044 -4.21132
19.3059 -4.19984
19.3074 -4.18834
19.3089 -4.17681
19.3104 -4.16525
19.3119 -4.15368
19.3134 -4.14208
19.3149 -4.13046
19.3164 -4.11882
19.3179 -4.10716
19.3194 -4.09547
19.3209 -4.08377
19.3224 -4.07204
19.3239 -4.0603
19.3254 -4.04853
19.3269 -4.03674
19.3284 -4.02494
19.3299 -4.01311
19.3314 -4.00127
19.3329 -3.98941
19.3344 -3.97753
19.3359 -3.96563
19.3374 -3.95371
19.3389 -3.94178
19.3404 -3.92982
19.3419 -3.91785
19.3434 -3.90587
19.3449 -3.89387
19.3464 -3.88185
19.3479 -3.86982
19.3494 -3.85777
19.3509 -3.8457
19.3524 -3.83362
19.3539 -3.82153
19.3554 -3.80942
19.3569 -3.79729
19.3584 -3.78516
19.3599 -3.77301
19.3614 -3.76084
19.3629 -3.74866
19.3644 -3.73647
19.3659 -3.72427
19.3674 -3.71205
19.3689 -3.69983
19.3704 -3.68759
19.3719 -3.67534
19.3734 -3.66307
19.3749 -3.6508
19.3764 -3.63852
19.3779 -3.62622
19.3794 -3.61392
19.3809 -3.60161
19.3824 -3.58928
19.3839 -3.57695
19.3854 -3.56461
19.3869 -3.55225
19.3884 -3.53989
19.3899 -3.52753
19.3914 -3.51515
19.3929 -3.50276
19.3944 -3.49037
19.3959 -3.47797
19.3974 -3.46557
19.3989 -3.45315
19.4005 -3.44073
19.402 -3.42831
19.4035 -3.41588
19.405 -3.40344
19.4065 -3.39099
19.408 -3.37854
19.4095 -3.36609
19.411 -3.35363
19.4125 -3.34117
19.414 -3.3287
19.4155 -3.31623
19.417 -3.30375
19.4185 -3.29128
19.42 -3.27879
19.4215 -3.26631
19.423 -3.25382
19.4245 -3.24133
19.426 -3.22884
19.4275 -3.21634
19.429 -3.20384
19.4305 -3.19134
19.432 -3.17884
19.4335 -3.16634
19.435 -3.15384
19.4365 -3.14134
19.438 -3.12884
19.4395 -3.11633
19.441 -3.10383
19.4425 -3.09133
19.444 -3.07883
19.4455 -3.06632
19.447 -3.05382
19.4485 -3.04132
19.45 -3.02883
19.4515 -3.01633
19.453 -3.00384
19.4545 -2.99135
19.456 -2.97886
19.4575 -2.96637
19.459 -2.95389
19.4605 -2.9414
19.462 -2.92893
19.4635 -2.91645
19.465 -2.90398
19.4665 -2.89152
19.468 -2.87906
19.4695 -2.8666
19.471 -2.85415
19.4725 -2.8417
19.474 -2.82926
19.4755 -2.81682
19.477 -2.80439
19.4785 -2.79196
19.48 -2.77954
19.4815 -2.76713
19.483 -2.75472
19.4845 -2.74232
19.486 -2.72993
19.4875 -2.71754
19.489 -2.70517
19.4905 -2.69279
19.492 -2.68043
19.4935 -2.66808
19.495 -2.65573
19.4965 -2.64339
19.498 -2.63106
19.4995 -2.61874
19.501 -2.60643
19.5025 -2.59412
19.504 -2.58183
19.5055 -2.56955
19.507 -2.55727
19.5085 -2.54501
19.51 -2.53276
19.5115 -2.52052
19.513 -2.50828
19.5145 -2.49606
19.516 -2.48385
19.5175 -2.47166
19.519 -2.45947
19.5205 -2.44729
19.522 -2.43513
19.5235 -2.42298
19.525 -2.41084
19.5265 -2.39872
19.528 -2.3866
19.5295 -2.3745
19.531 -2.36242
19.5325 -2.35034
19.534 -2.33828
19.5355 -2.32624
19.537 -2.3142
19.5385 -2.30219
19.54 -2.29018
19.5415 -2.27819
19.543 -2.26622
19.5445 -2.25426
19.546 -2.24232
19.5475 -2.23039
19.549 -2.21848
19.5505 -2.20658
19.552 -2.1947
19.5535 -2.18283
19.555 -2.17098
19.5565 -2.15915
19.558 -2.14733
19.5595 -2.13554
19.561 -2.12375
19.5625 -2.11199
19.564 -2.10024
19.5655 -2.08851
19.567 -2.0768
19.5685 -2.06511
19.57 -2.05343
19.5715 -2.04177
19.573 -2.03014
19.5745 -2.01851
19.576 -2.00691
19.5775 -1.99533
19.579 -1.98377
19.5805 -1.97223
19.582 -1.9607
19.5835 -1.9492
19.585 -1.93771
19.5865 -1.92625
19.588 -1.91481
19.5895 -1.90338
19.591 -1.89198
19.5925 -1.8806
19.594 -1.86924
19.5955 -1.8579
19.597 -1.84658
19.5985 -1.83528
19.6001 -1.82401
19.6016 -1.81276
19.6031 -1.80153
19.6046 -1.79032
19.6061 -1.77913
19.6076 -1.76797
19.6091 -1.75683
19.6106 -1.74571
19.6121 -1.73461
19.6136 -1.72354
19.6151 -1.71249
19.6166 -1.70147
19.6181 -1.69047
19.6196 -1.67949
19.6211 -1.66854
19.6226 -1.65761
19.6241 -1.6467
19.6256 -1.63582
19.6271 -1.62496
19.6286 -1.61413
19.6301 -1.60333
19.6316 -1.59255
19.6331 -1.58179
19.6346 -1.57106
19.6361 -1.56036
19.6376 -1.54968
19.6391 -1.53903
19.6406 -1.5284
19.6421 -1.5178
19.6436 -1.50722
19.6451 -1.49668
19.6466 -1.48616
19.6481 -1.47566
19.6496 -1.46519
19.6511 -1.45475
19.6526 -1.44434
19.6541 -1.43396
19.6556 -1.4236
19.6571 -1.41327
19.6586 -1.40297
19.6601 -1.39269
19.6616 -1.38244
19.6631 -1.37223
19.6646 -1.36204
19.6661 -1.35188
19.6676 -1.34174
19.6691 -1.33164
19.6706 -1.32157
19.6721 -1.31152
19.6736 -1.30151
19.6751 -1.29152
19.6766 -1.28156
19.6781 -1.27164
19.6796 -1.26174
19.6811 -1.25187
19.6826 -1.24203
19.6841 -1.23223
19.6856 -1.22245
19.6871 -1.2127
19.6886 -1.20299
19.6901 -1.1933
19.6916 -1.18365
19.6931 -1.17403
19.6946 -1.16443
19.6961 -1.15487
19.6976 -1.14534
19.6991 -1.13585
19.7006 -1.12638
19.7021 -1.11695
19.7036 -1.10754
19.7051 -1.09817
19.7066 -1.08884
19.7081 -1.07953
19.7096 -1.07026
19.7111 -1.06102
19.7126 -1.05181
19.7141 -1.04263
19.7156 -1.03349
19.7171 -1.02438
19.7186 -1.01531
19.7201 -1.00626
19.7216 -0.997256
19.7231 -0.98828
19.7246 -0.979338
19.7261 -0.970429
19.7276 -0.961555
19.7291 -0.952714
19.7306 -0.943908
19.7321 -0.935136
19.7336 -0.926398
19.7351 -0.917694
19.7366 -0.909026
19.7381 -0.900391
19.7396 -0.891792
19.7411 -0.883227
19.7426 -0.874698
19.7441 -0.866203
19.7456 -0.857744
19.7471 -0.84932
19.7486 -0.840932
19.7501 -0.832579
19.7516 -0.824261
19.7531 -0.81598
19.7546 -0.807734
19.7561 -0.799525
19.7576 -0.791351
19.7591 -0.783213
19.7606 -0.775112
19.7621 -0.767047
19.7636 -0.759019
19.7651 -0.751027
19.7666 -0.743072
19.7681 -0.735154
19.7696 -0.727272
19.7711 -0.719428
19.7726 -0.71162
19.7741 -0.70385
19.7756 -0.696117
19.7771 -0.688421
19.7786 -0.680763
19.7801 -0.673142
19.7816 -0.665559
19.7831 -0.658014
19.7846 -0.650507
19.7861 -0.643037
19.7876 -0.635605
19.7891 -0.628212
19.7906 -0.620857
19.7921 -0.61354
19.7936 -0.606261
19.7951 -0.599021
19.7966 -0.591819
19.7981 -0.584656
19.7996 -0.577532
19.8012 -0.570446
19.8027 -0.5634
19.8042 -0.556392
19.8057 -0.549423
19.8072 -0.542494
19.8087 -0.535603
19.8102 -0.528752
19.8117 -0.521941
19.8132 -0.515169
19.8147 -0.508436
19.8162 -0.501743
19.8177 -0.49509
19.8192 -0.488476
19.8207 -0.481902
19.8222 -0.475369
19.8237 -0.468875
19.8252 -0.462421
19.8267 -0.456008
19.8282 -0.449634
19.8297 -0.443301
19.8312 -0.437008
19.8327 -0.430756
19.8342 -0.424544
19.8357 -0.418373
19.8372 -0.412243
19.8387 -0.406153
19.8402 -0.400104
19.8417 -0.394096
19.8432 -0.388129
19.8447 -0.382202
19.8462 -0.376317
19.8477 -0.370473
19.8492 -0.36467
19.8507 -0.358909
19.8522 -0.353188
19.8537 -0.34751
19.8552 -0.341872
19.8567 -0.336276
19.8582 -0.330722
19.8597 -0.325209
19.8612 -0.319738
19.8627 -0.314308
19.8642 -0.308921
19.8657 -0.303575
19.8672 -0.298271
19.8687 -0.29301
19.8702 -0.28779
19.8717 -0.282612
19.8732 -0.277477
19.8747 -0.272383
19.8762 -0.267332
19.8777 -0.262323
19.8792 -0.257357
19.8807 -0.252433
19.8822 -0.247551
19.8837 -0.242712
19.8852 -0.237916
19.8867 -0.233162
19.8882 -0.228451
19.8897 -0.223782
19.8912 -0.219156
19.8927 -0.214573
19.8942 -0.210033
19.8957 -0.205536
19.8972 -0.201081
19.8987 -0.19667
19.9002 -0.192302
19.9017 -0.187976
19.9032 -0.183694
19.9047 -0.179455
19.9062 -0.175259
19.9077 -0.171106
19.9092 -0.166997
19.9107 -0.162931
19.9122 -0.158908
19.9137 -0.154929
19.9152 -0.150993
19.9167 -0.1471
19.9182 -0.143251
19.9197 -0.139446
19.9212 -0.135684
19.9227 -0.131965
19.9242 -0.128291
19.9257 -0.124659
19.9272 -0.121072
19.9287 -0.117528
19.9302 -0.114028
19.9317 -0.110572
19.9332 -0.10716
19.9347 -0.103791
19.9362 -0.100467
19.9377 -0.0971859
19.9392 -0.093949
19.9407 -0.0907561
19.9422 -0.0876072
19.9437 -0.0845022
19.9452 -0.0814413
19.9467 -0.0784244
19.9482 -0.0754516
19.9497 -0.0725229
19.9512 -0.0696383
19.9527 -0.0667978
19.9542 -0.0640014
19.9557 -0.0612493
19.9572 -0.0585413
19.9587 -0.0558775
19.9602 -0.0532579
19.9617 -0.0506826
19.9632 -0.0481516
19.9647 -0.0456648
19.9662 -0.0432223
19.9677 -0.0408242
19.9692 -0.0384703
19.9707 -0.0361608
19.9722 -0.0338956
19.9737 -0.0316748
19.9752 -0.0294983
19.9767 -0.0273663
19.9782 -0.0252786
19.9797 -0.0232353
19.9812 -0.0212364
19.9827 -0.0192819
19.9842 -0.0173719
19.9857 -0.0155063
19.9872 -0.0136851
19.9887 -0.0119084
19.9902 -0.0101761
19.9917 -0.00848831
19.9932 -0.00684494
19.9947 -0.00524603
19.9962 -0.00369158
19.9977 -0.0021816
19.9992 -0.000716084
20.0008 0.000704967
20.0023 0.00208155
20.0038 0.00341367
20.0053 0.00470133
20.0068 0.00594452
20.0083 0.00714325
20.0098 0.00829753
20.0113 0.00940736
20.0128 0.0104727
20.0143 0.0114937
20.0158 0.0124702
20.0173 0.0134022
20.0188 0.0142899
20.0203 0.0151331
20.0218 0.0159319
20.0233 0.0166863
20.0248 0.0173964
20.0263 0.018062
20.0278 0.0186833
20.0293 0.0192602
20.0308 0.0197928
20.0323 0.020281
20.0338 0.020725
20.0353 0.0211246
20.0368 0.0214799
20.0383 0.021791
20.0398 0.0220578
20.0413 0.0222803
20.0428 0.0224586
20.0443 0.0225928
20.0458 0.0226827
20.0473 0.0227285
20.0488 0.0227301
20.0503 0.0226875
20.0518 0.0226009
20.0533 0.0224702
20.0548 0.0222954
20.0563 0.0220766
20.0578 0.0218138
20.0593 0.0215069
20.0608 0.0211561
20.0623 0.0207614
20.0638 0.0203227
20.0653 0.0198401
20.0668 0.0193137
20.0683 0.0187435
20.0698 0.0181294
20.0713 0.0174715
20.0728 0.0167699
20.0743 0.0160246
20.0758 0.0152356
20.0773 0.014403
20.0788 0.0135267
20.0803 0.0126069
20.0818 0.0116434
20.0833 0.0106365
20.0848 0.00958607
20.0863 0.00849219
20.0878 0.0073549
20.0893 0.00617423
20.0908 0.00495023
20.0923 0.00368292
20.0938 0.00237235
20.0953 0.00101855
20.0968 -0.000378424
20.0983 -0.00181854
20.0998 -0.00330177
20.1013 -0.00482805
20.1028 -0.00639734
20.1043 -0.00800961
20.1058 -0.00966481
20.1073 -0.0113629
20.1088 -0.0131038
20.1103 -0.0148875
20.1118 -0.016714
20.1133 -0.0185832
20.1148 -0.020495
20.1163 -0.0224494
20.1178 -0.0244464
20.1193 -0.0264859
20.1208 -0.0285678
20.1223 -0.0306921
20.1238 -0.0328588
20.1253 -0.0350678
20.1268 -0.0373191
20.1283 -0.0396125
20.1298 -0.0419481
20.1313 -0.0443257
20.1328 -0.0467454
20.1343 -0.0492071
20.1358 -0.0517107
20.1373 -0.0542561
20.1388 -0.0568434
20.1403 -0.0594723
20.1418 -0.062143
20.1433 -0.0648553
20.1448 -0.0676092
20.1463 -0.0704046
20.1478 -0.0732414
20.1493 -0.0761195
20.1508 -0.079039
20.1523 -0.0819998
20.1538 -0.0850017
20.1553 -0.0880448
20.1568 -0.0911289
20.1583 -0.094254
20.1598 -0.0974201
20.1613 -0.100627
20.1628 -0.103875
20.1643 -0.107163
20.1658 -0.110492
20.1673 -0.113862
20.1688 -0.117272
20.1703 -0.120723
20.1718 -0.124213
20.1733 -0.127745
20.1748 -0.131316
20.1763 -0.134928
20.1778 -0.13858
20.1793 -0.142271
20.1808 -0.146003
20.1823 -0.149774
20.1838 -0.153586
20.1853 -0.157436
20.1868 -0.161327
20.1883 -0.165257
20.1898 -0.169227
20.1913 -0.173235
20.1928 -0.177284
20.1943 -0.181371
20.1958 -0.185498
20.1973 -0.189663
20.1988 -0.193868
20.2004 -0.198111
20.2019 -0.202393
20.2034 -0.206714
20.2049 -0.211074
20.2064 -0.215472
20.2079 -0.219909
20.2094 -0.224383
20.2109 -0.228897
20.2124 -0.233448
20.2139 -0.238037
20.2154 -0.242665
20.2169 -0.24733
20.2184 -0.252033
20.2199 -0.256774
20.2214 -0.261553
20.2229 -0.266369
20.2244 -0.271223
20.2259 -0.276114
20.2274 -0.281042
20.2289 -0.286007
20.2304 -0.29101
20.2319 -0.296049
20.2334 -0.301125
20.2349 -0.306238
20.2364 -0.311388
20.2379 -0.316574
20.2394 -0.321797
20.2409 -0.327056
20.2424 -0.332351
20.2439 -0.337683
20.2454 -0.343051
20.2469 -0.348454
20.2484 -0.353894
20.2499 -0.359369
20.2514 -0.36488
20.2529 -0.370426
20.2544 -0.376008
20.2559 -0.381625
20.2574 -0.387277
20.2589 -0.392965
20.2604 -0.398687
20.2619 -0.404444
20.2634 -0.410237
20.2649 -0.416063
20.2664 -0.421925
20.2679 -0.42782
20.2694 -0.433751
20.2709 -0.439715
20.2724 -0.445713
20.2739 -0.451746
20.2754 -0.457812
20.2769 -0.463912
20.2784 -0.470046
20.2799 -0.476213
20.2814 -0.482413
20.2829 -0.488647
20.2844 -0.494914
20.2859 -0.501214
20.2874 -0.507547
20.2889 -0.513913
20.2904 -0.520312
20.2919 -0.526743
20.2934 -0.533206
20.2949 -0.539702
20.2964 -0.54623
20.2979 -0.55279
20.2994 -0.559382
20.3009 -0.566005
20.3024 -0.572661
20.3039 -0.579348
20.3054 -0.586066
20.3069 -0.592816
20.3084 -0.599596
20.3099 -0.606408
20.3114 -0.613251
20.3129 -0.620125
20.3144 -0.627029
20.3159 -0.633963
20.3174 -0.640928
20.3189 -0.647924
20.3204 -0.654949
20.3219 -0.662004
20.3234 -0.669089
20.3249 -0.676204
20.3264 -0.683348
20.3279 -0.690522
20.3294 -0.697725
20.3309 -0.704958
20.3324 -0.712219
20.3339 -0.719509
20.3354 -0.726828
20.3369 -0.734175
20.3384 -0.741551
20.3399 -0.748955
20.3414 -0.756387
20.3429 -0.763847
20.3444 -0.771335
20.3459 -0.778851
20.3474 -0.786394
20.3489 -0.793965
20.3504 -0.801563
20.3519 -0.809188
20.3534 -0.81684
20.3549 -0.824519
20.3564 -0.832225
20.3579 -0.839957
20.3594 -0.847715
20.3609 -0.8555
20.3624 -0.863311
20.3639 -0.871147
20.3654 -0.87901
20.3669 -0.886898
20.3684 -0.894811
20.3699 -0.90275
20.3714 -0.910714
20.3729 -0.918703
20.3744 -0.926716
20.3759 -0.934755
20.3774 -0.942817
20.3789 -0.950905
20.3804 -0.959016
20.3819 -0.967151
20.3834 -0.97531
20.3849 -0.983493
20.3864 -0.9917
20.3879 -0.99993
20.3894 -1.00818
20.3909 -1.01646
20.3924 -1.02476
20.3939 -1.03308
20.3954 -1.04142
20.3969 -1.04979
20.3984 -1.05818
20.3999 -1.06659
20.4015 -1.07502
20.403 -1.08348
20.4045 -1.09195
20.406 -1.10045
20.4075 -1.10897
20.409 -1.11751
20.4105 -1.12607
20.412 -1.13465
20.4135 -1.14325
20.415 -1.15187
20.4165 -1.16051
20.418 -1.16918
20.4195 -1.17786
20.421 -1.18656
20.4225 -1.19528
20.424 -1.20402
20.4255 -1.21278
20.427 -1.22156
20.4285 -1.23035
20.43 -1.23917
20.4315 -1.248
20.433 -1.25685
20.4345 -1.26572
20.436 -1.27461
20.4375 -1.28352
20.439 -1.29244
20.4405 -1.30138
20.442 -1.31034
20.4435 -1.31931
20.445 -1.3283
20.4465 -1.33731
20.448 -1.34633
20.4495 -1.35537
20.451 -1.36442
20.4525 -1.3735
20.454 -1.38258
20.4555 -1.39168
20.457 -1.4008
20.4585 -1.40993
20.46 -1.41908
20.4615 -1.42824
20.463 -1.43742
20.4645 -1.44661
20.466 -1.45581
20.4675 -1.46503
20.469 -1.47426
20.4705 -1.4835
20.472 -1.49276
20.4735 -1.50203
20.475 -1.51132
20.4765 -1.52061
20.478 -1.52992
20.4795 -1.53924
20.481 -1.54857
20.4825 -1.55792
20.484 -1.56728
20.4855 -1.57664
20.487 -1.58602
20.4885 -1.59541
20.49 -1.60481
20.4915 -1.61422
20.493 -1.62364
20.4945 -1.63308
20.496 -1.64252
20.4975 -1.65197
20.499 -1.66143
20.5005 -1.6709
20.502 -1.68038
20.5035 -1.68987
20.505 -1.69936
20.5065 -1.70887
20.508 -1.71838
20.5095 -1.7279
20.511 -1.73743
20.5125 -1.74697
20.514 -1.75651
20.5155 -1.76606
20.517 -1.77562
20.5185 -1.78518
20.52 -1.79476
20.5215 -1.80433
20.523 -1.81392
20.5245 -1.82351
20.526 -1.8331
20.5275 -1.8427
20.529 -1.85231
20.5305 -1.86192
20.532 -1.87153
20.5335 -1.88115
20.535 -1.89077
20.5365 -1.9004
20.538 -1.91003
20.5395 -1.91967
20.541 -1.92931
20.5425 -1.93895
20.544 -1.94859
20.5455 -1.95824
20.547 -1.96789
20.5485 -1.97754
20.55 -1.9872
20.5515 -1.99685
20.553 -2.00651
20.5545 -2.01617
20.556 -2.02583
20.5575 -2.03549
20.559 -2.04515
20.5605 -2.05481
20.562 -2.06447
20.5635 -2.07413
20.565 -2.08379
20.5665 -2.09345
20.568 -2.10311
20.5695 -2.11277
20.571 -2.12242
20.5725 -2.13208
20.574 -2.14173
20.5755 -2.15138
20.577 -2.16103
20.5785 -2.17068
20.58 -2.18032
20.5815 -2.18996
20.583 -2.1996
20.5845 -2.20923
20.586 -2.21886
20.5875 -2.22849
20.589 -2.23811
20.5905 -2.24772
20.592 -2.25734
20.5935 -2.26694
20.595 -2.27654
20.5965 -2.28614
20.598 -2.29573
20.5995 -2.30531
20.6011 -2.31489
20.6026 -2.32446
20.6041 -2.33403
20.6056 -2.34358
20.6071 -2.35313
20.6086 -2.36268
20.6101 -2.37221
20.6116 -2.38174
20.6131 -2.39126
20.6146 -2.40076
20.6161 -2.41026
20.6176 -2.41976
20.6191 -2.42924
20.6206 -2.43871
20.6221 -2.44817
20.6236 -2.45762
20.6251 -2.46707
20.6266 -2.4765
20.6281 -2.48592
20.6296 -2.49533
20.6311 -2.50472
20.6326 -2.51411
20.6341 -2.52348
20.6356 -2.53284
20.6371 -2.54219
20.6386 -2.55153
20.6401 -2.56085
20.6416 -2.57016
20.6431 -2.57945
20.6446 -2.58873
20.6461 -2.598
20.6476 -2.60725
20.6491 -2.61649
20.6506 -2.62571
20.6521 -2.63492
20.6536 -2.64411
20.6551 -2.65329
20.6566 -2.66245
20.6581 -2.67159
20.6596 -2.68072
20.6611 -2.68983
20.6626 -2.69892
20.6641 -2.708
20.6656 -2.71705
20.6671 -2.72609
20.6686 -2.73511
20.6701 -2.74411
20.6716 -2.7531
20.6731 -2.76206
20.6746 -2.771
20.6761 -2.77993
20.6776 -2.78883
20.6791 -2.79772
20.6806 -2.80658
20.6821 -2.81542
20.6836 -2.82424
20.6851 -2.83304
20.6866 -2.84182
20.6881 -2.85057
20.6896 -2.85931
20.6911 -2.86802
20.6926 -2.87671
20.6941 -2.88537
20.6956 -2.89401
20.6971 -2.90263
20.6986 -2.91122
20.7001 -2.91979
20.7016 -2.92833
20.7031 -2.93685
20.7046 -2.94534
20.7061 -2.95381
20.7076 -2.96225
20.7091 -2.97066
20.7106 -2.97905
20.7121 -2.98741
20.7136 -2.99574
20.7151 -3.00405
20.7166 -3.01233
20.7181 -3.02058
20.7196 -3.0288
20.7211 -3.037
20.7226 -3.04516
20.7241 -3.0533
20.7256 -3.0614
20.7271 -3.06948
20.7286 -3.07752
20.7301 -3.08554
20.7316 -3.09352
20.7331 -3.10148
20.7346 -3.1094
20.7361 -3.11729
20.7376 -3.12514
20.7391 -3.13297
20.7406 -3.14076
20.7421 -3.14852
20.7436 -3.15625
20.7451 -3.16394
20.7466 -3.1716
20.7481 -3.17922
20.7496 -3.18681
20.7511 -3.19437
20.7526 -3.20189
20.7541 -3.20937
20.7556 -3.21682
20.7571 -3.22423
20.7586 -3.23161
20.7601 -3.23895
20.7616 -3.24625
20.7631 -3.25351
20.7646 -3.26074
20.7661 -3.26793
20.7676 -3.27508
20.7691 -3.28219
20.7706 -3.28926
20.7721 -3.29629
20.7736 -3.30328
20.7751 -3.31024
20.7766 -3.31715
20.7781 -3.32402
20.7796 -3.33085
20.7811 -3.33764
20.7826 -3.34438
20.7841 -3.35109
20.7856 -3.35775
20.7871 -3.36437
20.7886 -3.37095
20.7901 -3.37748
20.7916 -3.38397
20.7931 -3.39042
20.7946 -3.39682
20.7961 -3.40318
20.7976 -3.40949
20.7991 -3.41575
20.8007 -3.42197
20.8022 -3.42815
20.8037 -3.43427
20.8052 -3.44036
20.8067 -3.44639
20.8082 -3.45238
20.8097 -3.45831
20.8112 -3.4642
20.8127 -3.47005
20.8142 -3.47584
20.8157 -3.48158
20.8172 -3.48728
20.8187 -3.49292
20.8202 -3.49852
20.8217 -3.50406
20.8232 -3.50955
20.8247 -3.515
20.8262 -3.52039
20.8277 -3.52572
20.8292 -3.53101
20.8307 -3.53624
20.8322 -3.54142
20.8337 -3.54655
20.8352 -3.55162
20.8367 -3.55664
20.8382 -3.56161
20.8397 -3.56652
20.8412 -3.57137
20.8427 -3.57617
20.8442 -3.58091
20.8457 -3.5856
20.8472 -3.59023
20.8487 -3.5948
20.8502 -3.59932
20.8517 -3.60378
20.8532 -3.60818
20.8547 -3.61252
20.8562 -3.6168
20.8577 -3.62103
20.8592 -3.62519
20.8607 -3.6293
20.8622 -3.63334
20.8637 -3.63733
20.8652 -3.64125
20.8667 -3.64511
20.8682 -3.64892
20.8697 -3.65265
20.8712 -3.65633
20.8727 -3.65994
20.8742 -3.66349
20.8757 -3.66698
20.8772 -3.6704
20.8787 -3.67376
20.8802 -3.67706
20.8817 -3.68029
20.8832 -3.68345
20.8847 -3.68655
20.8862 -3.68958
20.8877 -3.69255
20.8892 -3.69544
20.8907 -3.69828
20.8922 -3.70104
20.8937 -3.70374
20.8952 -3.70636
20.8967 -3.70892
20.8982 -3.71141
20.8997 -3.71383
20.9012 -3.71618
20.9027 -3.71846
20.9042 -3.72067
20.9057 -3.72281
20.9072 -3.72488
20.9087 -3.72687
20.9102 -3.72879
20.9117 -3.73064
20.9132 -3.73242
20.9147 -3.73413
20.9162 -3.73576
20.9177 -3.73731
20.9192 -3.73879
20.9207 -3.7402
20.9222 -3.74153
20.9237 -3.74279
20.9252 -3.74397
20.9267 -3.74507
20.9282 -3.7461
20.9297 -3.74705
20.9312 -3.74792
20.9327 -3.74871
20.9342 -3.74943
20.9357 -3.75006
20.9372 -3.75062
20.9387 -3.7511
20.9402 -3.75149
20.9417 -3.75181
20.9432 -3.75205
20.9447 -3.7522
20.9462 -3.75228
20.9477 -3.75227
20.9492 -3.75218
20.9507 -3.752
20.9522 -3.75174
20.9537 -3.7514
20.9552 -3.75098
20.9567 -3.75047
20.9582 -3.74987
20.9597 -3.7492
20.9612 -3.74843
20.9627 -3.74758
20.9642 -3.74664
20.9657 -3.74562
20.9672 -3.74451
20.9687 -3.74331
20.9702 -3.74202
20.9717 -3.74064
20.9732 -3.73918
20.9747 -3.73762
20.9762 -3.73598
20.9777 -3.73424
20.9792 -3.73242
20.9807 -3.7305
20.9822 -3.7285
20.9837 -3.7264
20.9852 -3.72421
20.9867 -3.72192
20.9882 -3.71955
20.9897 -3.71708
20.9912 -3.71451
20.9927 -3.71185
20.9942 -3.7091
20.9957 -3.70625
20.9972 -3.70331
20.9987 -3.70026
21.0003 -3.69713
21.0018 -3.69389
21.0033 -3.69056
21.0048 -3.68713
21.0063 -3.68361
21.0078 -3.67998
21.0093 -3.67626
21.0108 -3.67243
21.0123 -3.66851
21.0138 -3.66449
21.0153 -3.66036
21.0168 -3.65614
21.0183 -3.65181
21.0198 -3.64738
21.0213 -3.64285
21.0228 -3.63821
21.0243 -3.63347
21.0258 -3.62863
21.0273 -3.62369
21.0288 -3.61863
21.0303 -3.61348
21.0318 -3.60822
21.0333 -3.60285
21.0348 -3.59738
21.0363 -3.5918
21.0378 -3.58611
21.0393 -3.58031
21.0408 -3.57441
21.0423 -3.5684
21.0438 -3.56228
21.0453 -3.55605
21.0468 -3.54971
21.0483 -3.54326
21.0498 -3.5367
21.0513 -3.53002
21.0528 -3.52324
21.0543 -3.51634
21.0558 -3.50934
21.0573 -3.50221
21.0588 -3.49498
21.0603 -3.48763
21.0618 -3.48017
21.0633 -3.47259
21.0648 -3.46489
21.0663 -3.45708
21.0678 -3.44916
21.0693 -3.44112
21.0708 -3.43296
21.0723 -3.42468
21.0738 -3.41629
21.0753 -3.40777
21.0768 -3.39914
21.0783 -3.39039
21.0798 -3.38152
21.0813 -3.37253
21.0828 -3.36342
21.0843 -3.35418
21.0858 -3.34483
21.0873 -3.33535
21.0888 -3.32575
21.0903 -3.31603
21.0918 -3.30619
21.0933 -3.29622
21.0948 -3.28612
21.0963 -3.2759
21.0978 -3.26556
21.0993 -3.25509
21.1008 -3.24449
21.1023 -3.23377
21.1038 -3.22292
21.1053 -3.21194
21.1068 -3.20084
21.1083 -3.1896
21.1098 -3.17824
21.1113 -3.16674
21.1128 -3.15512
21.1143 -3.14337
21.1158 -3.13148
21.1173 -3.11947
21.1188 -3.10732
21.1203 -3.09504
21.1218 -3.08263
21.1233 -3.07008
21.1248 -3.0574
21.1263 -3.04459
21.1278 -3.03164
21.1293 -3.01855
21.1308 -3.00533
21.1323 -2.99198
21.1338 -2.97848
21.1353 -2.96485
21.1368 -2.95108
21.1383 -2.93718
21.1398 -2.92313
21.1413 -2.90895
21.1428 -2.89463
21.1443 -2.88017
21.1458 -2.86556
21.1473 -2.85082
21.1488 -2.83593
21.1503 -2.8209
21.1518 -2.80573
21.1533 -2.79042
21.1548 -2.77496
21.1563 -2.75936
21.1578 -2.74362
21.1593 -2.72773
21.1608 -2.71169
21.1623 -2.69551
21.1638 -2.67918
21.1653 -2.66271
21.1668 -2.64608
21.1683 -2.62931
21.1698 -2.6124
21.1713 -2.59533
21.1728 -2.57811
21.1743 -2.56075
21.1758 -2.54323
21.1773 -2.52556
21.1788 -2.50774
21.1803 -2.48977
21.1818 -2.47165
21.1833 -2.45337
21.1848 -2.43494
21.1863 -2.41636
21.1878 -2.39762
21.1893 -2.37873
21.1908 -2.35968
21.1923 -2.34048
21.1938 -2.32112
21.1953 -2.3016
21.1968 -2.28193
21.1983 -2.26209
21.1998 -2.2421
21.2014 -2.22195
21.2029 -2.20165
21.2044 -2.18118
21.2059 -2.16055
21.2074 -2.13976
21.2089 -2.11881
21.2104 -2.09769
21.2119 -2.07642
21.2134 -2.05498
21.2149 -2.03337
21.2164 -2.01161
21.2179 -1.98968
21.2194 -1.96758
21.2209 -1.94532
21.2224 -1.92289
21.2239 -1.90029
21.2254 -1.87753
21.2269 -1.8546
21.2284 -1.83151
21.2299 -1.80824
21.2314 -1.7848
21.2329 -1.7612
21.2344 -1.73742
21.2359 -1.71348
21.2374 -1.68936
21.2389 -1.66507
21.2404 -1.64061
21.2419 -1.61597
21.2434 -1.59117
21.2449 -1.56618
21.2464 -1.54103
21.2479 -1.5157
21.2494 -1.49019
21.2509 -1.46451
21.2524 -1.43865
21.2539 -1.41261
21.2554 -1.3864
21.2569 -1.36
21.2584 -1.33343
21.2599 -1.30668
21.2614 -1.27975
21.2629 -1.25264
21.2644 -1.22535
21.2659 -1.19788
21.2674 -1.17022
21.2689 -1.14239
21.2704 -1.11437
21.2719 -1.08616
21.2734 -1.05777
21.2749 -1.0292
21.2764 -1.00045
21.2779 -0.971502
21.2794 -0.942373
21.2809 -0.913057
21.2824 -0.883554
21.2839 -0.853862
21.2854 -0.823983
21.2869 -0.793914
21.2884 -0.763656
21.2899 -0.733208
21.2914 -0.70257
21.2929 -0.67174
21.2944 -0.640719
21.2959 -0.609505
21.2974 -0.578098
21.2989 -0.546499
21.3004 -0.514705
21.3019 -0.482717
21.3034 -0.450534
21.3049 -0.418156
21.3064 -0.385581
21.3079 -0.35281
21.3094 -0.319841
21.3109 -0.286675
21.3124 -0.253311
21.3139 -0.219747
21.3154 -0.185984
21.3169 -0.152022
21.3184 -0.117858
21.3199 -0.0834941
21.3214 -0.0489281
21.3229 -0.0141599
21.3244 0.0208111
21.3259 0.0559854
21.3274 0.0913636
21.3289 0.126946
21.3304 0.162734
21.3319 0.198727
21.3334 0.234926
21.3349 0.271333
21.3364 0.307946
21.3379 0.344767
21.3394 0.381797
21.3409 0.419035
21.3424 0.456483
21.3439 0.494142
21.3454 0.532011
21.3469 0.570091
21.3484 0.608383
21.3499 0.646887
21.3514 0.685605
21.3529 0.724536
21.3544 0.763681
21.3559 0.80304
21.3574 0.842615
21.3589 0.882406
21.3604 0.922413
21.3619 0.962637
21.3634 1.00308
21.3649 1.04374
21.3664 1.08462
21.3679 1.12572
21.3694 1.16703
21.3709 1.20857
21.3724 1.25033
21.3739 1.29231
21.3754 1.33452
21.3769 1.37694
21.3784 1.41959
21.3799 1.46246
21.3814 1.50556
21.3829 1.54888
21.3844 1.59243
21.3859 1.63621
21.3874 1.68021
21.3889 1.72444
21.3904 1.7689
21.3919 1.81358
21.3934 1.8585
21.3949 1.90364
21.3964 1.94902
21.3979 1.99463
21.3994 2.04046
21.401 2.08653
21.4025 2.13284
21.404 2.17937
21.4055 2.22614
21.407 2.27315
21.4085 2.32039
21.41 2.36787
21.4115 2.41558
21.413 2.46353
21.4145 2.51171
21.416 2.56014
21.4175 2.6088
21.419 2.65771
21.4205 2.70685
21.422 2.75623
21.4235 2.80586
21.425 2.85573
21.4265 2.90584
21.428 2.95619
21.4295 3.00678
21.431 3.05762
21.4325 3.10871
21.434 3.16004
21.4355 3.21161
21.437 3.26344
21.4385 3.31551
21.44 3.36782
21.4415 3.42039
21.443 3.47321
21.4445 3.52627
21.446 3.57959
21.4475 3.63315
21.449 3.68697
21.4505 3.74104
21.452 3.79536
21.4535 3.84994
21.455 3.90477
21.4565 3.95985
21.458 4.01519
21.4595 4.07079
21.461 4.12664
21.4625 4.18275
21.464 4.23912
21.4655 4.29574
21.467 4.35263
21.4685 4.40977
21.47 4.46717
21.4715 4.52484
21.473 4.58277
21.4745 4.64095
21.476 4.6994
21.4775 4.75812
21.479 4.8171
21.4805 4.87634
21.482 4.93585
21.4835 4.99562
21.485 5.05566
21.4865 5.11597
21.488 5.17654
21.4895 5.23738
21.491 5.2985
21.4925 5.35988
21.494 5.42153
21.4955 5.48345
21.497 5.54565
21.4985 5.60811
21.5 5.67085
