8.62205 0.0707427
8.67859 0.1857
8.73513 0.300657
8.79167 0.680899
8.84822 1.14073
8.90476 1.44138
8.9613 1.83047
9.01785 1.39717
9.07439 1.5475
9.13093 1.12304
9.18747 0.680899
9.24402 0.601313
9.30056 0.300657
9.3571 0.238757
9.41365 0.150328
9.47019 0.0972713
9.52673 0.0353714
9.58328 0.0353714
9.63982 0.00884284
9.69636 0.00884284
9.7529 0
9.80945 0
9.86599 0.00884284
9.92253 0
9.97908 0.00884284
10.0356 0.00884284
10.0922 0.0176857
10.1487 0.00884284
10.2052 0.00884284
10.2618 0.0176857
10.3183 0.0265285
10.3749 0.0176857
10.4314 0.0265285
10.488 0.0707427
10.5445 0.0618999
10.601 0.1238
10.6576 0.150328
10.7141 0.2476
10.7707 0.362557
10.8272 0.389085
10.8838 0.495199
10.9403 0.627842
10.9968 0.769327
11.0534 0.733956
11.1099 0.760484
11.1665 0.380242
11.223 0.2476
11.2796 0.132643
11.3361 0.0353714
11.3926 0.0707427
