0 5
0.1 5.33667
0.2 5.33693
0.3 5.33719
0.4 5.33745
0.5 5.33772
0.6 5.33798
0.7 5.33825
0.8 5.33851
0.9 5.33878
1 5.33905
1.1 5.33933
1.2 5.3396
1.3 5.33987
1.4 5.34015
1.5 5.34043
1.6 5.34071
1.7 5.34099
1.8 5.34127
1.9 5.34156
2 5.34184
2.1 5.34213
2.2 5.34242
2.3 5.34271
2.4 5.343
2.5 5.34329
2.6 5.34358
2.7 5.34388
2.8 5.34418
2.9 5.34448
3 5.34478
3.1 5.34508
3.2 5.34538
3.3 5.34569
3.4 5.34599
3.5 5.3463
3.6 5.34661
3.7 5.34692
3.8 5.34724
3.9 5.34755
4 5.34787
4.1 5.34819
4.2 5.3485
4.3 5.34883
4.4 5.34915
4.5 5.34947
4.6 5.3498
4.7 5.35012
4.8 5.35045
4.9 5.35078
5 5.35112
5.1 5.35145
5.2 5.35178
5.3 5.35212
5.4 5.35246
5.5 5.3528
5.6 5.35314
5.7 5.35349
5.8 5.35383
5.9 5.35418
6 5.35453
6.1 5.35488
6.2 5.35523
6.3 5.35558
6.4 5.35594
6.5 5.35629
6.6 5.35665
6.7 5.35701
6.8 5.35737
6.9 5.35773
7 5.3581
7.1 5.35847
7.2 5.35883
7.3 5.3592
7.4 5.35958
7.5 5.35995
7.6 5.36033
7.7 5.3607
7.8 5.36108
7.9 5.36146
8 5.36184
8.1 5.36223
8.2 5.36261
8.3 5.363
8.4 5.36339
8.5 5.36378
8.6 5.36417
8.7 5.36457
8.8 5.36496
8.9 5.36536
9 5.36576
9.1 5.36616
9.2 5.36656
9.3 5.36697
9.4 5.36737
9.5 5.36778
9.6 5.36819
9.7 5.3686
9.8 5.36902
9.9 5.36943
10 5.36985
10.1 5.37027
10.2 5.37069
10.3 5.37111
10.4 5.37153
10.5 5.37196
10.6 5.37239
10.7 5.37282
10.8 5.37325
10.9 5.37368
11 5.37412
11.1 5.37455
11.2 5.37499
11.3 5.37543
11.4 5.37587
11.5 5.37632
11.6 5.37676
11.7 5.37721
11.8 5.37766
11.9 5.37811
12 5.37856
12.1 5.37902
12.2 5.37947
12.3 5.37993
12.4 5.38039
12.5 5.38085
12.6 5.38132
12.7 5.38178
12.8 5.38225
12.9 5.38272
13 5.38319
13.1 5.38366
13.2 5.38414
13.3 5.38461
13.4 5.38509
13.5 5.38557
13.6 5.38605
13.7 5.38654
13.8 5.38702
13.9 5.38751
14 5.388
14.1 5.38849
14.2 5.38898
14.3 5.38947
14.4 5.38997
14.5 5.39047
14.6 5.39097
14.7 5.39147
14.8 5.39197
14.9 5.39248
15 5.39298
15.1 5.39349
15.2 5.394
15.3 5.39451
15.4 5.39503
15.5 5.39554
15.6 5.39606
15.7 5.39658
15.8 5.3971
15.9 5.39762
16 5.39814
16.1 5.39867
16.2 5.3992
16.3 5.39972
16.4 5.40025
16.5 5.40079
16.6 5.40132
16.7 5.40186
16.8 5.40239
16.9 5.40293
17 5.40347
17.1 5.40402
17.2 5.40456
17.3 5.4051
17.4 5.40565
17.5 5.4062
17.6 5.40675
17.7 5.4073
17.8 5.40786
17.9 5.40841
18 5.40897
18.1 5.40952
18.2 5.41008
18.3 5.41065
18.4 5.41121
18.5 5.41177
18.6 5.41234
18.7 5.4129
18.8 5.41347
18.9 5.41404
19 5.41461
19.1 5.41519
19.2 5.41576
19.3 5.41634
19.4 5.41691
19.5 5.41749
19.6 5.41807
19.7 5.41865
19.8 5.41924
19.9 5.41982
20 5.4204
20.1 5.42099
20.2 5.42158
20.3 5.42217
20.4 5.42276
20.5 5.42335
20.6 5.42394
20.7 5.42454
20.8 5.42513
20.9 5.42573
21 5.42632
21.1 5.42692
21.2 5.42752
21.3 5.42812
21.4 5.42872
21.5 5.42933
21.6 5.42993
21.7 5.43054
21.8 5.43114
21.9 5.43175
22 5.43236
22.1 5.43297
22.2 5.43358
22.3 5.43419
22.4 5.4348
22.5 5.43541
22.6 5.43602
22.7 5.43664
22.8 5.43725
22.9 5.43787
23 5.43849
23.1 5.43911
23.2 5.43972
23.3 5.44034
23.4 5.44096
23.5 5.44158
23.6 5.44221
23.7 5.44283
23.8 5.44345
23.9 5.44407
24 5.4447
24.1 5.44532
24.2 5.44595
24.3 5.44657
24.4 5.4472
24.5 5.44783
24.6 5.44845
24.7 5.44908
24.8 5.44971
24.9 5.45034
25 5.45097
25.1 5.4516
25.2 5.45223
25.3 5.45286
25.4 5.45349
25.5 5.45412
25.6 5.45475
25.7 5.45539
25.8 5.45602
25.9 5.45665
26 5.45728
26.1 5.45792
26.2 5.45855
26.3 5.45918
26.4 5.45982
26.5 5.46045
26.6 5.46108
26.7 5.46172
26.8 5.46235
26.9 5.46299
27 5.46362
27.1 5.46425
27.2 5.46489
27.3 5.46552
27.4 5.46616
27.5 5.46679
27.6 5.46743
27.7 5.46806
27.8 5.4687
27.9 5.46933
28 5.46996
28.1 5.4706
28.2 5.47123
28.3 5.47187
28.4 5.4725
28.5 5.47313
28.6 5.47377
28.7 5.4744
28.8 5.47503
28.9 5.47566
29 5.4763
29.1 5.47693
29.2 5.47756
29.3 5.47819
29.4 5.47882
29.5 5.47945
29.6 5.48008
29.7 5.48071
29.8 5.48134
29.9 5.48197
30 5.4826
30.1 5.48323
30.2 5.48386
30.3 5.48448
30.4 5.48511
30.5 5.48574
30.6 5.48636
30.7 5.48699
30.8 5.48761
30.9 5.48824
31 5.48886
31.1 5.48949
31.2 5.49011
31.3 5.49073
31.4 5.49135
31.5 5.49197
31.6 5.49259
31.7 5.49321
31.8 5.49383
31.9 5.49445
32 5.49507
32.1 5.49568
32.2 5.4963
32.3 5.49692
32.4 5.49753
32.5 5.49814
32.6 5.49876
32.7 5.49937
32.8 5.49998
32.9 5.50059
33 5.5012
33.1 5.50181
33.2 5.50242
33.3 5.50302
33.4 5.50363
33.5 5.50424
33.6 5.50484
33.7 5.50544
33.8 5.50605
33.9 5.50665
34 5.50725
34.1 5.50785
34.2 5.50845
34.3 5.50905
34.4 5.50964
34.5 5.51024
34.6 5.51083
34.7 5.51143
34.8 5.51202
34.9 5.51261
35 5.5132
35.1 5.51379
35.2 5.51438
35.3 5.51496
35.4 5.51555
35.5 5.51614
35.6 5.51672
35.7 5.5173
35.8 5.51788
35.9 5.51846
36 5.51904
36.1 5.51962
36.2 5.5202
36.3 5.52077
36.4 5.52135
36.5 5.52192
36.6 5.52249
36.7 5.52306
36.8 5.52363
36.9 5.5242
37 5.52477
37.1 5.52533
37.2 5.5259
37.3 5.52646
37.4 5.52702
37.5 5.52758
37.6 5.52814
37.7 5.5287
37.8 5.52925
37.9 5.52981
38 5.53036
38.1 5.53091
38.2 5.53146
38.3 5.53201
38.4 5.53256
38.5 5.53311
38.6 5.53365
38.7 5.53419
38.8 5.53474
38.9 5.53528
39 5.53582
39.1 5.53636
39.2 5.53689
39.3 5.53743
39.4 5.53796
39.5 5.53849
39.6 5.53902
39.7 5.53955
39.8 5.54008
39.9 5.54061
40 5.54113
40.1 5.54166
40.2 5.54218
40.3 5.5427
40.4 5.54322
40.5 5.54373
40.6 5.54425
40.7 5.54476
40.8 5.54528
40.9 5.54579
41 5.5463
41.1 5.54681
41.2 5.54731
41.3 5.54782
41.4 5.54832
41.5 5.54883
41.6 5.54933
41.7 5.54983
41.8 5.55032
41.9 5.55082
42 5.55132
42.1 5.55181
42.2 5.5523
42.3 5.55279
42.4 5.55328
42.5 5.55377
42.6 5.55425
42.7 5.55474
42.8 5.55522
42.9 5.5557
43 5.55618
43.1 5.55666
43.2 5.55714
43.3 5.55761
43.4 5.55809
43.5 5.55856
43.6 5.55903
43.7 5.5595
43.8 5.55997
43.9 5.56044
44 5.5609
44.1 5.56137
44.2 5.56183
44.3 5.56229
44.4 5.56275
44.5 5.56321
44.6 5.56366
44.7 5.56412
44.8 5.56457
44.9 5.56503
45 5.56548
45.1 5.56593
45.2 5.56638
45.3 5.56682
45.4 5.56727
45.5 5.56772
45.6 5.56816
45.7 5.5686
45.8 5.56904
45.9 5.56948
46 5.56992
46.1 5.57036
46.2 5.57079
46.3 5.57123
46.4 5.57166
46.5 5.57209
46.6 5.57252
46.7 5.57295
46.8 5.57338
46.9 5.57381
47 5.57423
47.1 5.57466
47.2 5.57508
47.3 5.57551
47.4 5.57593
47.5 5.57635
47.6 5.57677
47.7 5.57719
47.8 5.5776
47.9 5.57802
48 5.57843
48.1 5.57885
48.2 5.57926
48.3 5.57967
48.4 5.58009
48.5 5.5805
48.6 5.5809
48.7 5.58131
48.8 5.58172
48.9 5.58213
49 5.58253
49.1 5.58294
49.2 5.58334
49.3 5.58375
49.4 5.58415
49.5 5.58455
49.6 5.58495
49.7 5.58535
49.8 5.58575
49.9 5.58615
50 5.58655
50.1 5.58695
50.2 5.58734
50.3 5.58774
50.4 5.58813
50.5 5.58853
50.6 5.58892
50.7 5.58932
50.8 5.58971
50.9 5.5901
51 5.5905
51.1 5.59089
51.2 5.59128
51.3 5.59167
51.4 5.59206
51.5 5.59245
51.6 5.59284
51.7 5.59323
51.8 5.59362
51.9 5.59401
52 5.59439
52.1 5.59478
52.2 5.59517
52.3 5.59556
52.4 5.59594
52.5 5.59633
52.6 5.59672
52.7 5.59711
52.8 5.59749
52.9 5.59788
53 5.59827
53.1 5.59865
53.2 5.59904
53.3 5.59942
53.4 5.59981
53.5 5.6002
53.6 5.60058
53.7 5.60097
53.8 5.60136
53.9 5.60174
54 5.60213
54.1 5.60252
54.2 5.6029
54.3 5.60329
54.4 5.60368
54.5 5.60406
54.6 5.60445
54.7 5.60484
54.8 5.60523
54.9 5.60562
55 5.60601
55.1 5.6064
55.2 5.60679
55.3 5.60718
55.4 5.60757
55.5 5.60796
55.6 5.60835
55.7 5.60874
55.8 5.60913
55.9 5.60953
56 5.60992
56.1 5.61031
56.2 5.61071
56.3 5.6111
56.4 5.6115
56.5 5.6119
56.6 5.61229
56.7 5.61269
56.8 5.61309
56.9 5.61349
57 5.61389
57.1 5.61429
57.2 5.61469
57.3 5.6151
57.4 5.6155
57.5 5.6159
57.6 5.61631
57.7 5.61672
57.8 5.61712
57.9 5.61753
58 5.61794
58.1 5.61835
58.2 5.61876
58.3 5.61917
58.4 5.61958
58.5 5.62
58.6 5.62041
58.7 5.62083
58.8 5.62125
58.9 5.62166
59 5.62208
59.1 5.6225
59.2 5.62292
59.3 5.62335
59.4 5.62377
59.5 5.6242
59.6 5.62462
59.7 5.62505
59.8 5.62548
59.9 5.62591
60 5.62634
60.1 5.62677
60.2 5.62721
60.3 5.62764
60.4 5.62808
60.5 5.62851
60.6 5.62895
60.7 5.62939
60.8 5.62984
60.9 5.63028
61 5.63072
61.1 5.63117
61.2 5.63162
61.3 5.63206
61.4 5.63251
61.5 5.63297
61.6 5.63342
61.7 5.63387
61.8 5.63433
61.9 5.63478
62 5.63524
62.1 5.6357
62.2 5.63616
62.3 5.63663
62.4 5.63709
62.5 5.63756
62.6 5.63802
62.7 5.63849
62.8 5.63896
62.9 5.63943
63 5.6399
63.1 5.64038
63.2 5.64085
63.3 5.64133
63.4 5.64181
63.5 5.64228
63.6 5.64277
63.7 5.64325
63.8 5.64373
63.9 5.64421
64 5.6447
64.1 5.64519
64.2 5.64568
64.3 5.64617
64.4 5.64666
64.5 5.64715
64.6 5.64764
64.7 5.64814
64.8 5.64863
64.9 5.64913
65 5.64963
65.1 5.65013
65.2 5.65063
65.3 5.65113
65.4 5.65163
65.5 5.65213
65.6 5.65263
65.7 5.65314
65.8 5.65365
65.9 5.65415
66 5.65466
66.1 5.65517
66.2 5.65568
66.3 5.65619
66.4 5.6567
66.5 5.65721
66.6 5.65772
66.7 5.65823
66.8 5.65874
66.9 5.65925
67 5.65977
67.1 5.66028
67.2 5.66079
67.3 5.66131
67.4 5.66182
67.5 5.66233
67.6 5.66285
67.7 5.66336
67.8 5.66387
67.9 5.66439
68 5.6649
68.1 5.66541
68.2 5.66593
68.3 5.66644
68.4 5.66695
68.5 5.66746
68.6 5.66797
68.7 5.66848
68.8 5.66899
68.9 5.6695
69 5.67
69.1 5.67051
69.2 5.67101
69.3 5.67152
69.4 5.67202
69.5 5.67252
69.6 5.67302
69.7 5.67351
69.8 5.67401
69.9 5.6745
70 5.67499
70.1 5.67548
70.2 5.67597
70.3 5.67645
70.4 5.67693
70.5 5.67741
70.6 5.67789
70.7 5.67837
70.8 5.67884
70.9 5.67931
71 5.67977
71.1 5.68023
71.2 5.68069
71.3 5.68115
71.4 5.6816
71.5 5.68205
71.6 5.6825
71.7 5.68294
71.8 5.68337
71.9 5.68381
72 5.68424
72.1 5.68466
72.2 5.68508
72.3 5.68549
72.4 5.68591
72.5 5.68631
72.6 5.68671
72.7 5.68711
72.8 5.6875
72.9 5.68788
73 5.68826
73.1 5.68863
73.2 5.689
73.3 5.68936
73.4 5.68972
73.5 5.69007
73.6 5.69041
73.7 5.69075
73.8 5.69108
73.9 5.69141
74 5.69172
74.1 5.69203
74.2 5.69234
74.3 5.69263
74.4 5.69292
74.5 5.6932
74.6 5.69348
74.7 5.69374
74.8 5.694
74.9 5.69426
75 5.6945
75.1 5.69473
75.2 5.69496
75.3 5.69518
75.4 5.69539
75.5 5.6956
75.6 5.69579
75.7 5.69598
75.8 5.69615
75.9 5.69632
76 5.69648
76.1 5.69663
76.2 5.69678
76.3 5.69691
76.4 5.69703
76.5 5.69715
76.6 5.69726
76.7 5.69735
76.8 5.69744
76.9 5.69752
77 5.69759
77.1 5.69765
77.2 5.6977
77.3 5.69774
77.4 5.69777
77.5 5.6978
77.6 5.69781
77.7 5.69781
77.8 5.69781
77.9 5.69779
78 5.69777
78.1 5.69773
78.2 5.69769
78.3 5.69763
78.4 5.69757
78.5 5.6975
78.6 5.69742
78.7 5.69732
78.8 5.69722
78.9 5.69711
79 5.69699
79.1 5.69687
79.2 5.69673
79.3 5.69658
79.4 5.69643
79.5 5.69626
79.6 5.69609
79.7 5.6959
79.8 5.69571
79.9 5.69551
80 5.6953
80.1 5.69508
80.2 5.69485
80.3 5.69462
80.4 5.69437
80.5 5.69412
80.6 5.69386
80.7 5.69359
80.8 5.69331
80.9 5.69303
81 5.69273
81.1 5.69243
81.2 5.69212
81.3 5.69181
81.4 5.69148
81.5 5.69115
81.6 5.69081
81.7 5.69047
81.8 5.69011
81.9 5.68975
82 5.68939
82.1 5.68901
82.2 5.68863
82.3 5.68824
82.4 5.68785
82.5 5.68745
82.6 5.68704
82.7 5.68663
82.8 5.68621
82.9 5.68579
83 5.68536
83.1 5.68492
83.2 5.68448
83.3 5.68403
83.4 5.68358
83.5 5.68312
83.6 5.68266
83.7 5.6822
83.8 5.68172
83.9 5.68125
84 5.68077
84.1 5.68028
84.2 5.67979
84.3 5.6793
84.4 5.6788
84.5 5.67829
84.6 5.67779
84.7 5.67728
84.8 5.67676
84.9 5.67625
85 5.67573
85.1 5.6752
85.2 5.67468
85.3 5.67415
85.4 5.67361
85.5 5.67308
85.6 5.67254
85.7 5.672
85.8 5.67145
85.9 5.6709
86 5.67036
86.1 5.6698
86.2 5.66925
86.3 5.6687
86.4 5.66814
86.5 5.66758
86.6 5.66702
86.7 5.66645
86.8 5.66589
86.9 5.66532
87 5.66476
87.1 5.66419
87.2 5.66362
87.3 5.66305
87.4 5.66247
87.5 5.6619
87.6 5.66133
87.7 5.66075
87.8 5.66017
87.9 5.6596
88 5.65902
88.1 5.65844
88.2 5.65786
88.3 5.65728
88.4 5.6567
88.5 5.65612
88.6 5.65554
88.7 5.65496
88.8 5.65438
88.9 5.6538
89 5.65322
89.1 5.65264
89.2 5.65206
89.3 5.65148
89.4 5.6509
89.5 5.65032
89.6 5.64975
89.7 5.64917
89.8 5.64859
89.9 5.64801
90 5.64743
90.1 5.64686
90.2 5.64628
90.3 5.6457
90.4 5.64513
90.5 5.64456
90.6 5.64398
90.7 5.64341
90.8 5.64284
90.9 5.64227
91 5.6417
91.1 5.64113
91.2 5.64056
91.3 5.64
91.4 5.63943
91.5 5.63886
91.6 5.6383
91.7 5.63774
91.8 5.63718
91.9 5.63662
92 5.63606
92.1 5.6355
92.2 5.63495
92.3 5.63439
92.4 5.63384
92.5 5.63328
92.6 5.63273
92.7 5.63218
92.8 5.63164
92.9 5.63109
93 5.63054
93.1 5.63
93.2 5.62946
93.3 5.62892
93.4 5.62838
93.5 5.62784
93.6 5.6273
93.7 5.62677
93.8 5.62624
93.9 5.62571
94 5.62518
94.1 5.62465
94.2 5.62412
94.3 5.6236
94.4 5.62307
94.5 5.62255
94.6 5.62203
94.7 5.62151
94.8 5.621
94.9 5.62048
95 5.61997
95.1 5.61946
95.2 5.61895
95.3 5.61844
95.4 5.61793
95.5 5.61743
95.6 5.61692
95.7 5.61642
95.8 5.61592
95.9 5.61543
96 5.61493
96.1 5.61443
96.2 5.61394
96.3 5.61345
96.4 5.61296
96.5 5.61248
96.6 5.61199
96.7 5.61151
96.8 5.61102
96.9 5.61054
97 5.61007
97.1 5.60959
97.2 5.60911
97.3 5.60864
97.4 5.60817
97.5 5.6077
97.6 5.60723
97.7 5.60676
97.8 5.6063
97.9 5.60584
98 5.60538
98.1 5.60492
98.2 5.60446
98.3 5.604
98.4 5.60355
98.5 5.6031
98.6 5.60265
98.7 5.6022
98.8 5.60175
98.9 5.60131
99 5.60086
99.1 5.60042
99.2 5.59998
99.3 5.59954
99.4 5.59911
99.5 5.59867
99.6 5.59824
99.7 5.59781
99.8 5.59738
99.9 5.59695
100 5.59653
100.001 5
