3.65623 0.0275111
3.71075 0.137556
3.76527 0.293452
3.8198 0.50437
3.87432 0.669437
3.92884 0.862015
3.98337 1.17381
4.03789 1.25634
4.09241 1.00874
4.14694 0.944548
4.20146 0.733629
4.25598 0.541052
4.31051 0.2476
4.36503 0.330133
4.41955 0.183407
4.47408 0.137556
4.5286 0.0641926
4.58313 0.0550222
4.63765 0.0275111
4.69217 0.0275111
4.7467 0.0275111
4.80122 0.0183407
4.85574 0
4.91027 0.00917037
4.96479 0.0183407
5.01931 0.00917037
5.07384 0.0275111
5.12836 0.0183407
5.18288 0.00917037
5.23741 0.00917037
5.29193 0.0366815
5.34645 0.0275111
5.40098 0.0641926
5.4555 0.0550222
5.51002 0.119215
5.56455 0.155896
5.61907 0.25677
5.67359 0.311792
5.72812 0.449348
5.78264 0.76114
5.83716 0.935377
5.89169 0.926207
5.94621 1.10961
6.00073 1.17381
6.05526 0.972059
6.10978 0.806992
6.1643 0.486029
6.21883 0.192578
6.27335 0.0917037
6.32788 0.0366815
