18.5005 7.32694e-05
18.503 8.21527e-05
18.5055 9.20366e-05
18.508 0.000103024
18.5105 0.000115229
18.513 0.000128774
18.5155 0.000143793
18.518 0.000160434
18.5205 0.000178855
18.523 0.00019923
18.5255 0.000221747
18.528 0.000246612
18.5305 0.000274046
18.533 0.00030429
18.5355 0.000337604
18.538 0.00037427
18.5405 0.000414592
18.543 0.000458899
18.5455 0.000507545
18.548 0.000560912
18.5505 0.00061941
18.553 0.000683483
18.5555 0.000753605
18.558 0.000830287
18.5605 0.000914074
18.563 0.00100555
18.5655 0.00110536
18.568 0.00121415
18.5705 0.00133265
18.573 0.00146163
18.5755 0.0016019
18.578 0.00175433
18.5805 0.00191985
18.583 0.00209945
18.5855 0.00229417
18.588 0.00250512
18.5905 0.0027335
18.593 0.00298054
18.5955 0.00324757
18.598 0.00353599
18.6006 0.00384728
18.6031 0.00418301
18.6056 0.00454483
18.6081 0.00493446
18.6106 0.00535374
18.6131 0.0058046
18.6156 0.00628905
18.6181 0.00680922
18.6206 0.00736733
18.6231 0.00796573
18.6256 0.00860684
18.6281 0.00929323
18.6306 0.0100276
18.6331 0.0108126
18.6356 0.0116513
18.6381 0.0125467
18.6406 0.0135018
18.6431 0.0145201
18.6456 0.0156048
18.6481 0.0167596
18.6506 0.0179881
18.6531 0.019294
18.6556 0.0206813
18.6581 0.0221541
18.6606 0.0237165
18.6631 0.0253728
18.6656 0.0271275
18.6681 0.0289852
18.6706 0.0309506
18.6731 0.0330284
18.6756 0.0352237
18.6781 0.0375416
18.6806 0.0399871
18.6831 0.0425657
18.6856 0.0452827
18.6881 0.0481437
18.6906 0.0511543
18.6931 0.0543202
18.6956 0.0576473
18.6981 0.0611415
18.7006 0.0648086
18.7031 0.0686549
18.7056 0.0726864
18.7081 0.0769092
18.7106 0.0813297
18.7131 0.085954
18.7156 0.0907885
18.7181 0.0958394
18.7206 0.101113
18.7231 0.106616
18.7256 0.112354
18.7281 0.118334
18.7306 0.124562
18.7331 0.131043
18.7356 0.137785
18.7381 0.144794
18.7406 0.152074
18.7431 0.159632
18.7456 0.167474
18.7481 0.175606
18.7506 0.184032
18.7531 0.192759
18.7556 0.20179
18.7581 0.211132
18.7606 0.220788
18.7631 0.230764
18.7656 0.241063
18.7681 0.25169
18.7706 0.262647
18.7731 0.27394
18.7756 0.285571
18.7781 0.297542
18.7806 0.309856
18.7831 0.322516
18.7856 0.335523
18.7881 0.348879
18.7906 0.362585
18.7931 0.376641
18.7956 0.391047
18.7981 0.405805
18.8007 0.420912
18.8032 0.436369
18.8057 0.452174
18.8082 0.468324
18.8107 0.484818
18.8132 0.501653
18.8157 0.518826
18.8182 0.536332
18.8207 0.554168
18.8232 0.57233
18.8257 0.590811
18.8282 0.609606
18.8307 0.62871
18.8332 0.648115
18.8357 0.667814
18.8382 0.687801
18.8407 0.708066
18.8432 0.728601
18.8457 0.749398
18.8482 0.770446
18.8507 0.791737
18.8532 0.813259
18.8557 0.835002
18.8582 0.856954
18.8607 0.879104
18.8632 0.90144
18.8657 0.92395
18.8682 0.94662
18.8707 0.969438
18.8732 0.992389
18.8757 1.01546
18.8782 1.03864
18.8807 1.06191
18.8832 1.08525
18.8857 1.10866
18.8882 1.13211
18.8907 1.1556
18.8932 1.1791
18.8957 1.2026
18.8982 1.22608
18.9007 1.24953
18.9032 1.27293
18.9057 1.29626
18.9082 1.31952
18.9107 1.34267
18.9132 1.36571
18.9157 1.38862
18.9182 1.41138
18.9207 1.43398
18.9232 1.4564
18.9257 1.47862
18.9282 1.50063
18.9307 1.52241
18.9332 1.54394
18.9357 1.56522
18.9382 1.58622
18.9407 1.60693
18.9432 1.62733
18.9457 1.64741
18.9482 1.66716
18.9507 1.68656
18.9532 1.70559
18.9557 1.72425
18.9582 1.74252
18.9607 1.76039
18.9632 1.77784
18.9657 1.79487
18.9682 1.81146
18.9707 1.82759
18.9732 1.84328
18.9757 1.85849
18.9782 1.87322
18.9807 1.88746
18.9832 1.9012
18.9857 1.91444
18.9882 1.92717
18.9907 1.93937
18.9932 1.95105
18.9957 1.96219
18.9982 1.97279
19.0008 1.98285
19.0033 1.99236
19.0058 2.00132
19.0083 2.00972
19.0108 2.01756
19.0133 2.02483
19.0158 2.03154
19.0183 2.03769
19.0208 2.04327
19.0233 2.04828
19.0258 2.05272
19.0283 2.0566
19.0308 2.05991
19.0333 2.06265
19.0358 2.06483
19.0383 2.06645
19.0408 2.06752
19.0433 2.06803
19.0458 2.06799
19.0483 2.06741
19.0508 2.06628
19.0533 2.06462
19.0558 2.06243
19.0583 2.05971
19.0608 2.05647
19.0633 2.05272
19.0658 2.04847
19.0683 2.04372
19.0708 2.03848
19.0733 2.03275
19.0758 2.02655
19.0783 2.01989
19.0808 2.01277
19.0833 2.0052
19.0858 1.99719
19.0883 1.98875
19.0908 1.97989
19.0933 1.97062
19.0958 1.96095
19.0983 1.95089
19.1008 1.94045
19.1033 1.92964
19.1058 1.91847
19.1083 1.90695
19.1108 1.89509
19.1133 1.88291
19.1158 1.87041
19.1183 1.8576
19.1208 1.8445
19.1233 1.83112
19.1258 1.81746
19.1283 1.80354
19.1308 1.78937
19.1333 1.77496
19.1358 1.76032
19.1383 1.74546
19.1408 1.73039
19.1433 1.71513
19.1458 1.69968
19.1483 1.68405
19.1508 1.66826
19.1533 1.65231
19.1558 1.63622
19.1583 1.62
19.1608 1.60365
19.1633 1.58718
19.1658 1.57062
19.1683 1.55395
19.1708 1.5372
19.1733 1.52037
19.1758 1.50348
19.1783 1.48653
19.1808 1.46952
19.1833 1.45248
19.1858 1.43541
19.1883 1.41831
19.1908 1.40119
19.1933 1.38407
19.1958 1.36694
19.1983 1.34982
19.2009 1.33272
19.2034 1.31564
19.2059 1.29858
19.2084 1.28157
19.2109 1.26459
19.2134 1.24766
19.2159 1.23079
19.2184 1.21398
19.2209 1.19723
19.2234 1.18056
19.2259 1.16396
19.2284 1.14744
19.2309 1.13102
19.2334 1.11468
19.2359 1.09844
19.2384 1.08231
19.2409 1.06627
19.2434 1.05035
19.2459 1.03454
19.2484 1.01885
19.2509 1.00328
19.2534 0.987833
19.2559 0.972513
19.2584 0.957323
19.2609 0.942267
19.2634 0.927346
19.2659 0.912563
19.2684 0.897921
19.2709 0.883422
19.2734 0.869068
19.2759 0.85486
19.2784 0.840801
19.2809 0.826892
19.2834 0.813134
19.2859 0.79953
19.2884 0.786079
19.2909 0.772784
19.2934 0.759644
19.2959 0.746662
19.2984 0.733837
19.3009 0.721171
19.3034 0.708663
19.3059 0.696315
19.3084 0.684125
19.3109 0.672096
19.3134 0.660226
19.3159 0.648515
19.3184 0.636964
19.3209 0.625573
19.3234 0.61434
19.3259 0.603266
19.3284 0.592351
19.3309 0.581593
19.3334 0.570992
19.3359 0.560547
19.3384 0.550258
19.3409 0.540125
19.3434 0.530145
19.3459 0.520318
19.3484 0.510644
19.3509 0.501121
19.3534 0.491748
19.3559 0.482524
19.3584 0.473448
19.3609 0.464519
19.3634 0.455735
19.3659 0.447095
19.3684 0.438598
19.3709 0.430243
19.3734 0.422028
19.3759 0.413952
19.3784 0.406013
19.3809 0.39821
19.3834 0.390542
19.3859 0.383007
19.3884 0.375603
19.3909 0.368329
19.3934 0.361183
19.3959 0.354165
19.3984 0.347272
19.401 0.340502
19.4035 0.333855
19.406 0.327328
19.4085 0.320921
19.411 0.31463
19.4135 0.308456
19.416 0.302396
19.4185 0.296448
19.421 0.290612
19.4235 0.284885
19.426 0.279266
19.4285 0.273753
19.431 0.268344
19.4335 0.263039
19.436 0.257835
19.4385 0.252732
19.441 0.247726
19.4435 0.242818
19.446 0.238004
19.4485 0.233285
19.451 0.228657
19.4535 0.224121
19.456 0.219673
19.4585 0.215314
19.461 0.21104
19.4635 0.206851
19.466 0.202746
19.4685 0.198723
19.471 0.19478
19.4735 0.190916
19.476 0.187129
19.4785 0.183419
19.481 0.179784
19.4835 0.176223
19.486 0.172734
19.4885 0.169316
19.491 0.165967
19.4935 0.162687
19.496 0.159474
19.4985 0.156327
19.501 0.153244
19.5035 0.150225
19.506 0.147268
19.5085 0.144372
19.511 0.141536
19.5135 0.138759
19.516 0.136039
19.5185 0.133376
19.521 0.130768
19.5235 0.128214
19.526 0.125714
19.5285 0.123266
19.531 0.120869
19.5335 0.118522
19.536 0.116224
19.5385 0.113975
19.541 0.111772
19.5435 0.109616
19.546 0.107506
19.5485 0.105439
19.551 0.103417
19.5535 0.101436
19.556 0.0994981
19.5585 0.0976006
19.561 0.0957432
19.5635 0.093925
19.566 0.0921452
19.5685 0.0904031
19.571 0.0886979
19.5735 0.0870287
19.576 0.0853949
19.5785 0.0837957
19.581 0.0822303
19.5835 0.0806982
19.586 0.0791985
19.5885 0.0777307
19.591 0.0762939
19.5935 0.0748876
19.596 0.0735112
19.5985 0.0721639
19.6011 0.0708453
19.6036 0.0695546
19.6061 0.0682912
19.6086 0.0670547
19.6111 0.0658444
19.6136 0.0646598
19.6161 0.0635003
19.6186 0.0623653
19.6211 0.0612544
19.6236 0.0601671
19.6261 0.0591028
19.6286 0.058061
19.6311 0.0570413
19.6336 0.0560431
19.6361 0.0550661
19.6386 0.0541098
19.6411 0.0531736
19.6436 0.0522573
19.6461 0.0513603
19.6486 0.0504822
19.6511 0.0496227
19.6536 0.0487812
19.6561 0.0479576
19.6586 0.0471513
19.6611 0.0463619
19.6636 0.0455892
19.6661 0.0448327
19.6686 0.0440922
19.6711 0.0433672
19.6736 0.0426574
19.6761 0.0419625
19.6786 0.0412822
19.6811 0.0406161
19.6836 0.039964
19.6861 0.0393256
19.6886 0.0387005
19.6911 0.0380884
19.6936 0.0374892
19.6961 0.0369024
19.6986 0.0363279
19.7011 0.0357654
19.7036 0.0352146
19.7061 0.0346753
19.7086 0.0341471
19.7111 0.03363
19.7136 0.0331236
19.7161 0.0326277
19.7186 0.0321421
19.7211 0.0316666
19.7236 0.0312009
19.7261 0.0307449
19.7286 0.0302983
19.7311 0.029861
19.7336 0.0294327
19.7361 0.0290132
19.7386 0.0286024
19.7411 0.0282001
19.7436 0.027806
19.7461 0.0274201
19.7486 0.0270422
19.7511 0.026672
19.7536 0.0263095
19.7561 0.0259544
19.7586 0.0256066
19.7611 0.025266
19.7636 0.0249324
19.7661 0.0246056
19.7686 0.0242856
19.7711 0.0239721
19.7736 0.0236651
19.7761 0.0233643
19.7786 0.0230698
19.7811 0.0227813
19.7836 0.0224987
19.7861 0.022222
19.7886 0.0219509
19.7911 0.0216854
19.7936 0.0214253
19.7961 0.0211706
19.7986 0.0209211
19.8012 0.0206768
19.8037 0.0204375
19.8062 0.0202032
19.8087 0.0199736
19.8112 0.0197488
19.8137 0.0195287
19.8162 0.0193131
19.8187 0.019102
19.8212 0.0188952
19.8237 0.0186928
19.8262 0.0184945
19.8287 0.0183004
19.8312 0.0181103
19.8337 0.0179242
19.8362 0.017742
19.8387 0.0175636
19.8412 0.0173889
19.8437 0.0172179
19.8462 0.0170506
19.8487 0.0168867
19.8512 0.0167264
19.8537 0.0165694
19.8562 0.0164159
19.8587 0.0162656
19.8612 0.0161185
19.8637 0.0159746
19.8662 0.0158338
19.8687 0.0156961
19.8712 0.0155613
19.8737 0.0154296
19.8762 0.0153007
19.8787 0.0151747
19.8812 0.0150515
19.8837 0.014931
19.8862 0.0148132
19.8887 0.0146981
19.8912 0.0145857
19.8937 0.0144758
19.8962 0.0143684
19.8987 0.0142635
19.9012 0.0141611
19.9037 0.0140611
19.9062 0.0139634
19.9087 0.0138681
19.9112 0.0137751
19.9137 0.0136844
19.9162 0.0135959
19.9187 0.0135096
19.9212 0.0134254
19.9237 0.0133434
19.9262 0.0132636
19.9287 0.0131857
19.9312 0.01311
19.9337 0.0130362
19.9362 0.0129644
19.9387 0.0128947
19.9412 0.0128268
19.9437 0.0127608
19.9462 0.0126968
19.9487 0.0126346
19.9512 0.0125742
19.9537 0.0125157
19.9562 0.012459
19.9587 0.012404
19.9612 0.0123508
19.9637 0.0122994
19.9662 0.0122497
19.9687 0.0122016
19.9712 0.0121553
19.9737 0.0121106
19.9762 0.0120676
19.9787 0.0120262
19.9812 0.0119864
19.9837 0.0119482
19.9862 0.0119116
19.9887 0.0118766
19.9912 0.0118432
19.9937 0.0118113
19.9962 0.0117809
19.9987 0.0117521
20.0013 0.0117248
20.0038 0.011699
20.0063 0.0116747
20.0088 0.0116519
20.0113 0.0116305
20.0138 0.0116107
20.0163 0.0115923
20.0188 0.0115753
20.0213 0.0115599
20.0238 0.0115458
20.0263 0.0115332
20.0288 0.011522
20.0313 0.0115123
20.0338 0.011504
20.0363 0.011497
20.0388 0.0114916
20.0413 0.0114875
20.0438 0.0114848
20.0463 0.0114836
20.0488 0.0114837
20.0513 0.0114853
20.0538 0.0114882
20.0563 0.0114926
20.0588 0.0114984
20.0613 0.0115055
20.0638 0.0115141
20.0663 0.0115241
20.0688 0.0115355
20.0713 0.0115484
20.0738 0.0115626
20.0763 0.0115782
20.0788 0.0115953
20.0813 0.0116138
20.0838 0.0116338
20.0863 0.0116552
20.0888 0.011678
20.0913 0.0117022
20.0938 0.011728
20.0963 0.0117552
20.0988 0.0117838
20.1013 0.011814
20.1038 0.0118456
20.1063 0.0118787
20.1088 0.0119134
20.1113 0.0119495
20.1138 0.0119872
20.1163 0.0120264
20.1188 0.0120672
20.1213 0.0121095
20.1238 0.0121534
20.1263 0.0121988
20.1288 0.0122459
20.1313 0.0122946
20.1338 0.0123449
20.1363 0.0123969
20.1388 0.0124505
20.1413 0.0125058
20.1438 0.0125628
20.1463 0.0126214
20.1488 0.0126818
20.1513 0.012744
20.1538 0.0128079
20.1563 0.0128736
20.1588 0.0129411
20.1613 0.0130104
20.1638 0.0130815
20.1663 0.0131546
20.1688 0.0132294
20.1713 0.0133063
20.1738 0.013385
20.1763 0.0134657
20.1788 0.0135484
20.1813 0.013633
20.1838 0.0137197
20.1863 0.0138085
20.1888 0.0138993
20.1913 0.0139923
20.1938 0.0140874
20.1963 0.0141847
20.1988 0.0142841
20.2014 0.0143858
20.2039 0.0144898
20.2064 0.0145961
20.2089 0.0147047
20.2114 0.0148156
20.2139 0.014929
20.2164 0.0150447
20.2189 0.015163
20.2214 0.0152837
20.2239 0.015407
20.2264 0.0155329
20.2289 0.0156614
20.2314 0.0157926
20.2339 0.0159264
20.2364 0.016063
20.2389 0.0162024
20.2414 0.0163446
20.2439 0.0164897
20.2464 0.0166377
20.2489 0.0167887
20.2514 0.0169427
20.2539 0.0170997
20.2564 0.0172599
20.2589 0.0174232
20.2614 0.0175898
20.2639 0.0177596
20.2664 0.0179327
20.2689 0.0181092
20.2714 0.0182892
20.2739 0.0184726
20.2764 0.0186596
20.2789 0.0188502
20.2814 0.0190445
20.2839 0.0192425
20.2864 0.0194442
20.2889 0.0196499
20.2914 0.0198594
20.2939 0.020073
20.2964 0.0202906
20.2989 0.0205123
20.3014 0.0207382
20.3039 0.0209684
20.3064 0.0212029
20.3089 0.0214418
20.3114 0.0216852
20.3139 0.0219332
20.3164 0.0221859
20.3189 0.0224432
20.3214 0.0227054
20.3239 0.0229724
20.3264 0.0232445
20.3289 0.0235215
20.3314 0.0238038
20.3339 0.0240912
20.3364 0.024384
20.3389 0.0246822
20.3414 0.0249859
20.3439 0.0252952
20.3464 0.0256103
20.3489 0.0259311
20.3514 0.0262578
20.3539 0.0265905
20.3564 0.0269293
20.3589 0.0272744
20.3614 0.0276257
20.3639 0.0279835
20.3664 0.0283478
20.3689 0.0287188
20.3714 0.0290965
20.3739 0.0294811
20.3764 0.0298727
20.3789 0.0302714
20.3814 0.0306773
20.3839 0.0310906
20.3864 0.0315114
20.3889 0.0319398
20.3914 0.0323759
20.3939 0.0328199
20.3964 0.0332718
20.3989 0.033732
20.4015 0.0342003
20.404 0.0346771
20.4065 0.0351625
20.409 0.0356565
20.4115 0.0361593
20.414 0.0366712
20.4165 0.0371921
20.419 0.0377224
20.4215 0.038262
20.424 0.0388112
20.4265 0.0393702
20.429 0.0399391
20.4315 0.040518
20.434 0.0411071
20.4365 0.0417066
20.439 0.0423166
20.4415 0.0429373
20.444 0.0435689
20.4465 0.0442115
20.449 0.0448654
20.4515 0.0455306
20.454 0.0462074
20.4565 0.0468959
20.459 0.0475963
20.4615 0.0483089
20.464 0.0490337
20.4665 0.049771
20.469 0.0505209
20.4715 0.0512836
20.474 0.0520594
20.4765 0.0528484
20.479 0.0536507
20.4815 0.0544667
20.484 0.0552964
20.4865 0.0561401
20.489 0.056998
20.4915 0.0578702
20.494 0.0587571
20.4965 0.0596586
20.499 0.0605751
20.5015 0.0615068
20.504 0.0624539
20.5065 0.0634165
20.509 0.0643948
20.5115 0.0653891
20.514 0.0663996
20.5165 0.0674264
20.519 0.0684698
20.5215 0.0695299
20.524 0.070607
20.5265 0.0717012
20.529 0.0728129
20.5315 0.073942
20.534 0.075089
20.5365 0.0762538
20.539 0.0774369
20.5415 0.0786382
20.544 0.0798581
20.5465 0.0810967
20.549 0.0823542
20.5515 0.0836309
20.554 0.0849268
20.5565 0.0862421
20.559 0.0875771
20.5615 0.088932
20.564 0.0903068
20.5665 0.0917018
20.569 0.0931171
20.5715 0.0945529
20.574 0.0960093
20.5765 0.0974866
20.579 0.0989847
20.5815 0.100504
20.584 0.102045
20.5865 0.103606
20.589 0.10519
20.5915 0.106795
20.594 0.108421
20.5965 0.11007
20.599 0.111741
20.6016 0.113433
20.6041 0.115148
20.6066 0.116885
20.6091 0.118644
20.6116 0.120425
20.6141 0.122229
20.6166 0.124055
20.6191 0.125904
20.6216 0.127775
20.6241 0.129669
20.6266 0.131585
20.6291 0.133524
20.6316 0.135485
20.6341 0.137469
20.6366 0.139475
20.6391 0.141503
20.6416 0.143554
20.6441 0.145627
20.6466 0.147722
20.6491 0.149839
20.6516 0.151977
20.6541 0.154138
20.6566 0.15632
20.6591 0.158523
20.6616 0.160748
20.6641 0.162993
20.6666 0.16526
20.6691 0.167547
20.6716 0.169854
20.6741 0.172181
20.6766 0.174528
20.6791 0.176894
20.6816 0.179279
20.6841 0.181683
20.6866 0.184105
20.6891 0.186545
20.6916 0.189003
20.6941 0.191477
20.6966 0.193969
20.6991 0.196476
20.7016 0.198999
20.7041 0.201537
20.7066 0.204089
20.7091 0.206656
20.7116 0.209235
20.7141 0.211828
20.7166 0.214432
20.7191 0.217048
20.7216 0.219675
20.7241 0.222311
20.7266 0.224957
20.7291 0.227611
20.7316 0.230273
20.7341 0.232942
20.7366 0.235616
20.7391 0.238296
20.7416 0.24098
20.7441 0.243667
20.7466 0.246357
20.7491 0.249048
20.7516 0.251739
20.7541 0.25443
20.7566 0.257119
20.7591 0.259805
20.7616 0.262487
20.7641 0.265165
20.7666 0.267836
20.7691 0.270499
20.7716 0.273154
20.7741 0.2758
20.7766 0.278434
20.7791 0.281056
20.7816 0.283665
20.7841 0.286258
20.7866 0.288836
20.7891 0.291396
20.7916 0.293937
20.7941 0.296458
20.7966 0.298957
20.7991 0.301432
20.8017 0.303884
20.8042 0.306309
20.8067 0.308707
20.8092 0.311076
20.8117 0.313414
20.8142 0.31572
20.8167 0.317993
20.8192 0.320231
20.8217 0.322433
20.8242 0.324596
20.8267 0.32672
20.8292 0.328803
20.8317 0.330843
20.8342 0.332839
20.8367 0.334789
20.8392 0.336692
20.8417 0.338546
20.8442 0.340349
20.8467 0.342101
20.8492 0.343799
20.8517 0.345443
20.8542 0.34703
20.8567 0.348559
20.8592 0.350028
20.8617 0.351437
20.8642 0.352784
20.8667 0.354067
20.8692 0.355285
20.8717 0.356436
20.8742 0.35752
20.8767 0.358535
20.8792 0.359479
20.8817 0.360352
20.8842 0.361152
20.8867 0.361879
20.8892 0.36253
20.8917 0.363105
20.8942 0.363603
20.8967 0.364022
20.8992 0.364362
20.9017 0.364623
20.9042 0.364802
20.9067 0.364899
20.9092 0.364914
20.9117 0.364845
20.9142 0.364693
20.9167 0.364456
20.9192 0.364134
20.9217 0.363726
20.9242 0.363232
20.9267 0.362652
20.9292 0.361985
20.9317 0.361232
20.9342 0.360391
20.9367 0.359463
20.9392 0.358448
20.9417 0.357346
20.9442 0.356156
20.9467 0.35488
20.9492 0.353517
20.9517 0.352068
20.9542 0.350533
20.9567 0.348913
20.9592 0.347207
20.9617 0.345418
20.9642 0.343545
20.9667 0.341589
20.9692 0.339551
20.9717 0.337432
20.9742 0.335232
20.9767 0.332954
20.9792 0.330598
20.9817 0.328165
20.9842 0.325657
20.9867 0.323075
20.9892 0.320419
20.9917 0.317693
20.9942 0.314897
20.9967 0.312033
20.9992 0.309102
21.0018 0.306106
21.0043 0.303048
21.0068 0.299928
21.0093 0.29675
21.0118 0.293513
21.0143 0.290222
21.0168 0.286877
21.0193 0.283481
21.0218 0.280037
21.0243 0.276545
21.0268 0.273008
21.0293 0.26943
21.0318 0.265811
21.0343 0.262154
21.0368 0.258462
21.0393 0.254737
21.0418 0.250981
21.0443 0.247197
21.0468 0.243387
21.0493 0.239553
21.0518 0.235699
21.0543 0.231826
21.0568 0.227937
21.0593 0.224035
21.0618 0.220121
21.0643 0.216199
21.0668 0.21227
21.0693 0.208338
21.0718 0.204404
21.0743 0.200472
21.0768 0.196543
21.0793 0.192619
21.0818 0.188704
21.0843 0.184799
21.0868 0.180906
21.0893 0.177029
21.0918 0.173168
21.0943 0.169327
21.0968 0.165507
21.0993 0.16171
21.1018 0.157939
21.1043 0.154195
21.1068 0.15048
21.1093 0.146797
21.1118 0.143146
21.1143 0.13953
21.1168 0.13595
21.1193 0.132408
21.1218 0.128905
21.1243 0.125444
21.1268 0.122025
21.1293 0.118649
21.1318 0.115319
21.1343 0.112035
21.1368 0.108798
21.1393 0.10561
21.1418 0.102471
21.1443 0.0993825
21.1468 0.0963454
21.1493 0.0933603
21.1518 0.0904281
21.1543 0.0875494
21.1568 0.0847247
21.1593 0.0819546
21.1618 0.0792395
21.1643 0.0765798
21.1668 0.0739758
21.1693 0.0714279
21.1718 0.0689361
21.1743 0.0665005
21.1768 0.0641213
21.1793 0.0617984
21.1818 0.0595318
21.1843 0.0573213
21.1868 0.0551668
21.1893 0.053068
21.1918 0.0510246
21.1943 0.0490363
21.1968 0.0471027
21.1993 0.0452234
21.2019 0.0433979
21.2044 0.0416255
21.2069 0.0399059
21.2094 0.0382383
21.2119 0.0366222
21.2144 0.0350567
21.2169 0.0335413
21.2194 0.0320751
21.2219 0.0306574
21.2244 0.0292874
21.2269 0.0279642
21.2294 0.0266869
21.2319 0.0254548
21.2344 0.0242669
21.2369 0.0231223
21.2394 0.0220201
21.2419 0.0209593
21.2444 0.019939
21.2469 0.0189581
21.2494 0.0180159
21.2519 0.0171112
21.2544 0.0162431
21.2569 0.0154107
21.2594 0.0146128
21.2619 0.0138487
21.2644 0.0131172
21.2669 0.0124175
21.2694 0.0117485
21.2719 0.0111093
21.2744 0.0104989
21.2769 0.0099165
21.2794 0.00936102
21.2819 0.0088316
21.2844 0.00832733
21.2869 0.0078473
21.2894 0.00739065
21.2919 0.00695651
21.2944 0.00654404
21.2969 0.00615239
21.2994 0.00578075
21.3019 0.00542834
21.3044 0.00509436
21.3069 0.00477806
21.3094 0.0044787
21.3119 0.00419555
21.3144 0.00392791
21.3169 0.00367509
21.3194 0.00343643
21.3219 0.00321129
21.3244 0.00299904
21.3269 0.00279907
21.3294 0.00261081
21.3319 0.00243367
21.3344 0.00226712
21.3369 0.00211063
21.3394 0.00196369
21.3419 0.00182581
21.3444 0.00169653
21.3469 0.00157538
21.3494 0.00146193
21.3519 0.00135577
21.3544 0.00125649
21.3569 0.00116372
21.3594 0.00107709
21.3619 0.000996248
21.3644 0.00092086
21.3669 0.000850607
21.3694 0.000785187
21.3719 0.000724309
21.3744 0.000667699
21.3769 0.000615094
21.3794 0.000566247
21.3819 0.000520922
21.3844 0.000478894
21.3869 0.000439953
21.3894 0.000403898
21.3919 0.000370538
21.3944 0.000339696
21.3969 0.000311201
21.3994 0.000284896
21.402 0.000260629
21.4045 0.000238259
21.407 0.000217653
21.4095 0.000198687
21.412 0.000181242
21.4145 0.000165209
21.417 0.000150485
21.4195 0.000136973
21.422 0.000124583
21.4245 0.00011323
21.427 0.000102835
21.4295 9.33259e-05
21.432 8.46325e-05
21.4345 7.66915e-05
21.437 6.94433e-05
21.4395 6.28327e-05
21.442 5.68082e-05
21.4445 5.13224e-05
21.447 4.63308e-05
21.4495 4.17927e-05
21.452 3.767e-05
21.4545 3.39278e-05
21.457 3.05336e-05
21.4595 2.74575e-05
21.462 2.4672e-05
21.4645 2.21517e-05
21.467 1.98731e-05
21.4695 1.78148e-05
21.472 1.5957e-05
21.4745 1.42815e-05
21.477 1.27717e-05
21.4795 1.14124e-05
21.482 1.01894e-05
21.4845 9.09019e-06
21.487 8.10293e-06
21.4895 7.21699e-06
21.492 6.42264e-06
21.4945 5.71102e-06
21.497 5.07404e-06
21.4995 4.50437e-06
