0 0.893905
0.1 0.860529
0.2 0.848514
0.3 0.838258
0.4 0.828653
0.5 0.817915
0.6 0.802582
0.7 0.788998
0.8 0.788726
0.9 0.77413
1 0.767645
1.1 0.765217
1.2 0.755713
1.3 0.752611
1.4 0.746087
1.5 0.732245
1.6 0.732703
1.7 0.727218
1.8 0.720533
1.9 0.718582
2 0.699267
2.1 0.690354
2.2 0.684583
2.3 0.67693
2.4 0.671369
2.5 0.675006
2.6 0.664107
2.7 0.65428
2.8 0.65508
2.9 0.637148
3 0.631525
3.1 0.630901
3.2 0.621066
3.3 0.614419
3.4 0.612827
3.5 0.609511
3.6 0.608463
3.7 0.599418
3.8 0.591877
3.9 0.581012
4 0.578515
4.1 0.576423
4.2 0.564239
4.3 0.551539
4.4 0.539568
4.5 0.529578
4.6 0.529766
4.7 0.518324
4.8 0.508211
4.9 0.51159
5 0.509305
5.1 0.501414
5.2 0.499599
5.3 0.491495
5.4 0.480187
5.5 0.454075
5.6 0.466737
5.7 0.460173
5.8 0.45355
5.9 0.438714
6 0.434192
6.1 0.419993
6.2 0.423528
6.3 0.430689
6.4 0.413783
6.5 0.41774
6.6 0.406986
6.7 0.411663
6.8 0.402932
6.9 0.391988
7 0.401071
7.1 0.392917
7.2 0.386063
7.3 0.38926
7.4 0.376397
7.5 0.373683
7.6 0.365696
7.7 0.383709
7.8 0.363627
7.9 0.359247
8 0.365434
8.1 0.362913
8.2 0.348588
8.3 0.342836
8.4 0.347811
8.5 0.351512
8.6 0.351159
8.7 0.345397
8.8 0.340772
8.9 0.327299
9 0.315093
9.1 0.313957
9.2 0.310883
9.3 0.323285
9.4 0.317555
9.5 0.314018
9.6 0.306885
9.7 0.305815
9.8 0.300817
9.9 0.302711
10 0.284734
10.1 0.279913
10.2 0.286182
10.3 0.266578
10.4 0.26451
10.5 0.272389
10.6 0.255586
10.7 0.257433
10.8 0.266551
10.9 0.264144
11 0.251987
11.1 0.250326
11.2 0.244996
11.3 0.252908
11.4 0.23675
11.5 0.239082
11.6 0.232844
11.7 0.224517
11.8 0.213354
11.9 0.2122
12 0.222677
12.1 0.221275
12.2 0.228582
12.3 0.204856
12.4 0.204042
12.5 0.201976
12.6 0.200743
12.7 0.188728
12.8 0.195855
12.9 0.192925
13 0.187265
13.1 0.185765
13.2 0.166628
13.3 0.182672
13.4 0.164811
13.5 0.151173
13.6 0.151619
13.7 0.152551
13.8 0.140518
13.9 0.141615
14 0.143972
14.1 0.13894
14.2 0.132972
14.3 0.138849
14.4 0.115635
14.5 0.117768
14.6 0.12408
14.7 0.117232
14.8 0.111992
14.9 0.105959
15 0.107408
15.1 0.0949319
15.2 0.101812
15.3 0.0983812
15.4 0.0911953
15.5 0.0852769
15.6 0.0835115
15.7 0.0820837
15.8 0.07967
15.9 0.0712706
16 0.0809143
16.1 0.0636265
16.2 0.0703105
16.3 0.059234
16.4 0.0541324
16.5 0.0544427
16.6 0.0651912
16.7 0.0565244
16.8 0.053382
16.9 0.0457833
17 0.0547139
17.1 0.0428954
17.2 0.0448972
17.3 0.0488783
17.4 0.0438367
17.5 0.0325158
17.6 0.0362365
17.7 0.0358122
17.8 0.0344423
17.9 0.0227022
18 0.0227639
18.1 0.0167085
18.2 0.01077
18.3 0.0152513
18.4 0.0140435
18.5 0.00849032
18.6 0.015728
18.7 -0.000168805
18.8 0.00352168
18.9 0.00631161
19 -0.000399916
19.1 -0.00689076
19.2 0.00200575
19.3 -0.00468387
19.4 -0.00488091
19.5 -0.0126886
19.6 -0.0171187
19.7 -0.0321988
19.8 -0.0305878
19.9 -0.042059
20 -0.0311428
20.1 -0.0368091
20.2 -0.0416945
20.3 -0.0375601
20.4 -0.0547107
20.5 -0.0630307
20.6 -0.0590272
20.7 -0.0710932
20.8 -0.0629702
20.9 -0.0703526
21 -0.0558744
21.1 -0.075197
21.2 -0.0697634
21.3 -0.0709166
21.4 -0.0758575
21.5 -0.0840131
21.6 -0.0859249
21.7 -0.0937829
21.8 -0.0806544
21.9 -0.0857739
22 -0.0872663
22.1 -0.0883998
22.2 -0.0880588
22.3 -0.0866008
22.4 -0.0895919
22.5 -0.0782534
22.6 -0.080382
22.7 -0.0826416
22.8 -0.0727521
22.9 -0.0824431
23 -0.0889483
23.1 -0.0853404
23.2 -0.0911234
23.3 -0.0972395
23.4 -0.0847866
23.5 -0.0808054
23.6 -0.0960897
23.7 -0.0946226
23.8 -0.100127
23.9 -0.102985
24 -0.0825623
24.1 -0.0810971
24.2 -0.0912946
24.3 -0.0915246
24.4 -0.102404
24.5 -0.0903416
24.6 -0.0906219
24.7 -0.0953783
24.8 -0.0969059
24.9 -0.101939
25 -0.100584
25.1 -0.112793
25.2 -0.1211
25.3 -0.112111
25.4 -0.124104
25.5 -0.129483
25.6 -0.114614
25.7 -0.126872
25.8 -0.131001
25.9 -0.140109
26 -0.136152
26.1 -0.132471
26.2 -0.132231
26.3 -0.132418
26.4 -0.127195
26.5 -0.129017
26.6 -0.130594
26.7 -0.135798
26.8 -0.144737
26.9 -0.138501
27 -0.135749
27.1 -0.137235
27.2 -0.130084
27.3 -0.12756
27.4 -0.143292
27.5 -0.143439
27.6 -0.157431
27.7 -0.153914
27.8 -0.14268
27.9 -0.145145
28 -0.153159
28.1 -0.156337
28.2 -0.155703
28.3 -0.158783
28.4 -0.157129
28.5 -0.147457
28.6 -0.155223
28.7 -0.167098
28.8 -0.171707
28.9 -0.171834
29 -0.157169
29.1 -0.18251
29.2 -0.182501
29.3 -0.176464
29.4 -0.178865
29.5 -0.182958
29.6 -0.170331
29.7 -0.175543
29.8 -0.174474
29.9 -0.184531
30 -0.182068
30.1 -0.18996
30.2 -0.177407
30.3 -0.180515
30.4 -0.173902
30.5 -0.183564
30.6 -0.175464
30.7 -0.175878
30.8 -0.178348
30.9 -0.168552
31 -0.1653
31.1 -0.17942
31.2 -0.165056
31.3 -0.162895
31.4 -0.164351
31.5 -0.169953
31.6 -0.172019
31.7 -0.171037
31.8 -0.181705
31.9 -0.174682
32 -0.184015
32.1 -0.176817
32.2 -0.180758
32.3 -0.175122
32.4 -0.184419
32.5 -0.194645
32.6 -0.191047
32.7 -0.188097
32.8 -0.197962
32.9 -0.194214
33 -0.191572
33.1 -0.19759
33.2 -0.19306
33.3 -0.197536
33.4 -0.205304
33.5 -0.199215
33.6 -0.188696
33.7 -0.195709
33.8 -0.193324
33.9 -0.210356
34 -0.215357
34.1 -0.214405
34.2 -0.21691
34.3 -0.215299
34.4 -0.222453
34.5 -0.207845
34.6 -0.206732
34.7 -0.221132
34.8 -0.221056
34.9 -0.228713
35 -0.230186
35.1 -0.2366
35.2 -0.222233
35.3 -0.224665
35.4 -0.232681
35.5 -0.225079
35.6 -0.232227
35.7 -0.250562
35.8 -0.247576
35.9 -0.239641
36 -0.247985
36.1 -0.25038
36.2 -0.255556
36.3 -0.262737
36.4 -0.26245
36.5 -0.269608
36.6 -0.263114
36.7 -0.273271
36.8 -0.275857
36.9 -0.278603
37 -0.275731
37.1 -0.268708
37.2 -0.287587
37.3 -0.279845
37.4 -0.267109
37.5 -0.278153
37.6 -0.29786
37.7 -0.285646
37.8 -0.292772
37.9 -0.288225
38 -0.281529
38.1 -0.284233
38.2 -0.290698
38.3 -0.302483
38.4 -0.289553
38.5 -0.299904
38.6 -0.297068
38.7 -0.294779
38.8 -0.288024
38.9 -0.291693
39 -0.292782
39.1 -0.301914
39.2 -0.307721
39.3 -0.307642
39.4 -0.315395
39.5 -0.317598
39.6 -0.320011
39.7 -0.316614
39.8 -0.311731
39.9 -0.325165
40 -0.336671
40.1 -0.337478
40.2 -0.331613
40.3 -0.33833
40.4 -0.326679
40.5 -0.339031
40.6 -0.3267
40.7 -0.353837
40.8 -0.359417
40.9 -0.368818
41 -0.362347
41.1 -0.364239
41.2 -0.371048
41.3 -0.370547
41.4 -0.369074
41.5 -0.376807
41.6 -0.390639
41.7 -0.389434
41.8 -0.391642
41.9 -0.384652
42 -0.38777
42.1 -0.393923
42.2 -0.397357
42.3 -0.407341
42.4 -0.400782
42.5 -0.397
42.6 -0.403434
42.7 -0.413271
42.8 -0.401915
42.9 -0.409743
43 -0.410061
43.1 -0.418341
43.2 -0.424211
43.3 -0.412724
43.4 -0.414417
43.5 -0.425478
43.6 -0.428794
43.7 -0.424686
43.8 -0.421664
43.9 -0.42982
44 -0.425377
44.1 -0.435501
44.2 -0.424572
44.3 -0.43147
44.4 -0.414155
44.5 -0.422756
44.6 -0.411755
44.7 -0.422647
44.8 -0.403912
44.9 -0.412422
45 -0.419716
45.1 -0.423531
45.2 -0.418459
45.3 -0.418522
45.4 -0.435464
45.5 -0.429671
45.6 -0.423013
45.7 -0.417577
45.8 -0.434013
45.9 -0.435321
46 -0.433884
46.1 -0.435948
46.2 -0.430358
46.3 -0.445625
46.4 -0.454772
46.5 -0.44874
46.6 -0.451381
46.7 -0.439226
46.8 -0.447768
46.9 -0.44312
47 -0.443808
47.1 -0.457614
47.2 -0.447583
47.3 -0.459019
47.4 -0.455688
47.5 -0.461713
47.6 -0.466935
47.7 -0.461821
47.8 -0.458641
47.9 -0.460668
48 -0.463383
48.1 -0.466316
48.2 -0.456092
48.3 -0.47209
48.4 -0.474574
48.5 -0.473313
48.6 -0.475905
48.7 -0.47078
48.8 -0.473935
48.9 -0.474205
49 -0.460348
49.1 -0.460807
49.2 -0.469384
49.3 -0.470013
49.4 -0.469452
49.5 -0.457602
49.6 -0.467427
49.7 -0.479138
49.8 -0.474749
49.9 -0.474324
50 -0.473423
50.1 -0.46881
50.2 -0.466836
50.3 -0.463028
50.4 -0.462575
50.5 -0.460505
50.6 -0.451342
50.7 -0.469485
50.8 -0.468501
50.9 -0.470324
51 -0.473325
51.1 -0.47345
51.2 -0.482298
51.3 -0.4774
51.4 -0.499242
51.5 -0.497294
51.6 -0.496375
51.7 -0.508184
51.8 -0.492865
51.9 -0.511315
52 -0.489991
52.1 -0.493243
52.2 -0.486379
52.3 -0.486958
52.4 -0.491072
52.5 -0.500275
52.6 -0.498495
52.7 -0.479271
52.8 -0.487793
52.9 -0.500138
53 -0.504387
53.1 -0.489905
53.2 -0.479979
53.3 -0.489514
53.4 -0.487142
53.5 -0.4853
53.6 -0.497636
53.7 -0.503751
53.8 -0.509576
53.9 -0.513073
54 -0.512478
54.1 -0.516885
54.2 -0.508277
54.3 -0.513093
54.4 -0.494871
54.5 -0.50562
54.6 -0.510889
54.7 -0.511507
54.8 -0.525053
54.9 -0.523997
55 -0.525431
55.1 -0.53571
55.2 -0.522303
55.3 -0.522219
55.4 -0.515987
55.5 -0.519052
55.6 -0.521324
55.7 -0.515374
55.8 -0.52897
55.9 -0.5386
56 -0.535986
56.1 -0.534691
56.2 -0.539816
56.3 -0.530934
56.4 -0.548699
56.5 -0.548648
56.6 -0.54764
56.7 -0.549811
56.8 -0.5359
56.9 -0.543313
57 -0.554701
57.1 -0.548906
57.2 -0.55491
57.3 -0.560341
57.4 -0.556225
57.5 -0.574683
57.6 -0.561344
57.7 -0.574491
57.8 -0.571058
57.9 -0.572307
58 -0.583811
58.1 -0.581566
58.2 -0.571311
58.3 -0.580872
58.4 -0.588199
58.5 -0.576711
58.6 -0.587501
58.7 -0.591436
58.8 -0.5814
58.9 -0.594948
59 -0.59155
59.1 -0.601308
59.2 -0.606859
59.3 -0.619335
59.4 -0.607562
59.5 -0.610593
59.6 -0.6104
59.7 -0.620326
59.8 -0.612822
59.9 -0.617735
60 -0.617997
60.1 -0.617332
60.2 -0.614176
60.3 -0.63288
60.4 -0.614387
60.5 -0.605196
60.6 -0.616339
60.7 -0.612687
60.8 -0.610505
60.9 -0.620417
61 -0.621004
61.1 -0.619287
61.2 -0.626122
61.3 -0.61677
61.4 -0.623825
61.5 -0.619953
61.6 -0.609263
61.7 -0.625215
61.8 -0.632759
61.9 -0.622086
62 -0.623871
62.1 -0.620317
62.2 -0.629009
62.3 -0.621008
62.4 -0.615586
62.5 -0.627362
62.6 -0.632592
62.7 -0.640769
62.8 -0.639716
62.9 -0.639785
63 -0.644302
63.1 -0.648221
63.2 -0.643174
63.3 -0.641072
63.4 -0.647263
63.5 -0.657588
63.6 -0.648296
63.7 -0.655696
63.8 -0.654591
63.9 -0.659126
64 -0.668863
64.1 -0.672874
64.2 -0.683854
64.3 -0.683876
64.4 -0.680895
64.5 -0.686549
64.6 -0.690128
64.7 -0.694872
64.8 -0.697476
64.9 -0.696451
65 -0.699342
65.1 -0.688553
65.2 -0.692371
65.3 -0.702886
65.4 -0.692534
65.5 -0.693782
65.6 -0.688853
65.7 -0.694195
65.8 -0.701897
65.9 -0.702912
66 -0.699572
66.1 -0.713261
66.2 -0.703865
66.3 -0.706192
66.4 -0.701319
66.5 -0.705984
66.6 -0.717919
66.7 -0.708859
66.8 -0.720147
66.9 -0.708207
67 -0.73287
67.1 -0.730669
67.2 -0.717058
67.3 -0.730901
67.4 -0.72412
67.5 -0.739073
67.6 -0.737812
67.7 -0.738146
67.8 -0.73546
67.9 -0.742051
68 -0.738946
68.1 -0.751052
68.2 -0.743853
68.3 -0.751795
68.4 -0.741058
68.5 -0.748847
68.6 -0.759604
68.7 -0.752705
68.8 -0.752287
68.9 -0.754911
69 -0.761083
69.1 -0.76168
69.2 -0.769008
69.3 -0.770561
69.4 -0.771091
69.5 -0.775838
69.6 -0.779304
69.7 -0.774356
69.8 -0.775343
69.9 -0.79158
70 -0.786238
70.1 -0.784703
70.2 -0.783124
70.3 -0.786569
70.4 -0.783467
70.5 -0.782286
70.6 -0.785484
70.7 -0.798672
70.8 -0.778397
70.9 -0.79693
71 -0.786217
71.1 -0.803532
71.2 -0.81022
71.3 -0.804261
71.4 -0.79664
71.5 -0.807071
71.6 -0.804913
71.7 -0.806487
71.8 -0.809191
71.9 -0.808118
72 -0.814573
72.1 -0.818574
72.2 -0.819891
72.3 -0.825051
72.4 -0.8361
72.5 -0.830828
72.6 -0.833317
72.7 -0.838999
72.8 -0.836648
72.9 -0.837109
73 -0.830107
73.1 -0.830696
73.2 -0.834371
73.3 -0.822349
73.4 -0.836932
73.5 -0.841681
73.6 -0.833801
73.7 -0.848818
73.8 -0.855957
73.9 -0.843712
74 -0.844962
74.1 -0.847466
74.2 -0.843502
74.3 -0.852648
74.4 -0.854679
74.5 -0.840554
74.6 -0.845525
74.7 -0.843597
74.8 -0.836805
74.9 -0.843716
75 -0.854146
75.1 -0.84542
75.2 -0.860438
75.3 -0.856295
75.4 -0.859434
75.5 -0.848165
75.6 -0.850458
75.7 -0.870169
75.8 -0.872315
75.9 -0.865876
76 -0.870516
76.1 -0.875137
76.2 -0.872877
76.3 -0.871665
76.4 -0.878328
76.5 -0.872284
76.6 -0.873847
76.7 -0.870927
76.8 -0.870847
76.9 -0.881711
77 -0.869489
77.1 -0.877344
77.2 -0.871176
77.3 -0.873251
77.4 -0.881665
77.5 -0.88221
77.6 -0.883914
77.7 -0.88205
77.8 -0.884699
77.9 -0.886522
78 -0.896772
78.1 -0.887154
78.2 -0.887774
78.3 -0.878269
78.4 -0.885532
78.5 -0.880637
78.6 -0.891346
78.7 -0.872557
78.8 -0.886698
78.9 -0.889051
79 -0.889166
79.1 -0.889945
79.2 -0.894093
79.3 -0.902465
79.4 -0.894034
79.5 -0.895008
79.6 -0.903257
79.7 -0.896882
79.8 -0.894052
79.9 -0.900985
80 -0.895502
80.1 -0.898309
80.2 -0.89902
80.3 -0.898298
80.4 -0.903315
80.5 -0.891556
80.6 -0.899223
80.7 -0.902828
80.8 -0.906573
80.9 -0.898012
81 -0.907158
81.1 -0.909898
81.2 -0.908487
81.3 -0.902868
81.4 -0.898555
81.5 -0.906695
81.6 -0.912057
81.7 -0.909059
81.8 -0.908897
81.9 -0.903321
82 -0.916149
82.1 -0.900558
82.2 -0.907628
82.3 -0.91406
82.4 -0.922267
82.5 -0.912851
82.6 -0.913637
82.7 -0.911061
82.8 -0.91514
82.9 -0.923081
83 -0.917151
83.1 -0.924578
83.2 -0.920886
83.3 -0.91895
83.4 -0.921796
83.5 -0.922133
83.6 -0.914451
83.7 -0.918319
83.8 -0.914406
83.9 -0.918729
84 -0.903616
84.1 -0.901994
84.2 -0.917069
84.3 -0.913418
84.4 -0.914974
84.5 -0.909077
84.6 -0.912892
84.7 -0.913039
84.8 -0.918637
84.9 -0.908225
85 -0.908151
85.1 -0.916631
85.2 -0.91193
85.3 -0.914673
85.4 -0.915426
85.5 -0.91203
85.6 -0.908373
85.7 -0.920595
85.8 -0.914206
85.9 -0.917564
86 -0.916955
86.1 -0.927671
86.2 -0.914026
86.3 -0.91341
86.4 -0.927741
86.5 -0.921019
86.6 -0.921881
86.7 -0.913244
86.8 -0.916761
86.9 -0.931969
87 -0.927068
87.1 -0.937286
87.2 -0.929353
87.3 -0.935711
87.4 -0.92342
87.5 -0.921846
87.6 -0.935296
87.7 -0.918626
87.8 -0.932142
87.9 -0.926027
88 -0.927323
88.1 -0.924887
88.2 -0.927248
88.3 -0.928119
88.4 -0.929405
88.5 -0.928771
88.6 -0.933189
88.7 -0.936136
88.8 -0.940412
88.9 -0.931197
89 -0.932083
89.1 -0.946177
89.2 -0.934434
89.3 -0.940119
89.4 -0.943954
89.5 -0.934925
89.6 -0.938148
89.7 -0.934318
89.8 -0.94189
89.9 -0.944363
90 -0.934134
90.1 -0.932814
90.2 -0.935878
90.3 -0.935468
90.4 -0.941565
90.5 -0.939297
90.6 -0.936515
90.7 -0.930883
90.8 -0.939142
90.9 -0.940824
91 -0.947263
91.1 -0.942535
91.2 -0.943425
91.3 -0.942209
91.4 -0.925805
91.5 -0.940396
91.6 -0.939679
91.7 -0.924159
91.8 -0.940715
91.9 -0.943547
92 -0.931859
92.1 -0.937703
92.2 -0.934206
92.3 -0.941598
92.4 -0.938877
92.5 -0.932011
92.6 -0.939051
92.7 -0.933169
92.8 -0.934095
92.9 -0.939519
93 -0.921798
93.1 -0.9322
93.2 -0.936542
93.3 -0.92911
93.4 -0.919409
93.5 -0.943983
93.6 -0.935503
93.7 -0.936893
93.8 -0.932287
93.9 -0.923833
94 -0.932318
94.1 -0.931677
94.2 -0.931425
94.3 -0.934045
94.4 -0.92754
94.5 -0.926545
94.6 -0.934345
94.7 -0.92702
94.8 -0.93094
94.9 -0.922352
95 -0.931015
95.1 -0.937857
95.2 -0.933282
95.3 -0.931089
95.4 -0.936191
95.5 -0.9356
95.6 -0.924552
95.7 -0.936433
95.8 -0.932465
95.9 -0.935524
96 -0.936118
96.1 -0.941193
96.2 -0.938016
96.3 -0.936879
96.4 -0.945979
96.5 -0.937162
96.6 -0.940185
96.7 -0.942845
96.8 -0.939933
96.9 -0.942697
97 -0.941701
97.1 -0.933668
97.2 -0.936723
97.3 -0.947237
97.4 -0.943591
97.5 -0.947964
97.6 -0.953312
97.7 -0.956418
97.8 -0.947902
97.9 -0.95645
98 -0.956443
98.1 -0.949229
98.2 -0.951457
98.3 -0.947043
98.4 -0.945036
98.5 -0.942673
98.6 -0.94243
98.7 -0.942248
98.8 -0.936881
98.9 -0.935309
99 -0.935952
99.1 -0.937369
99.2 -0.935449
99.3 -0.921266
99.4 -0.930254
99.5 -0.943966
99.6 -0.94614
99.7 -0.953484
99.8 -0.94383
99.9 -0.945997
100 -0.936144
