-4.73063 0.113367
-4.54144 0
-4.35225 0
-4.16306 0
-3.97387 0
-3.78468 0
-3.59549 0.0182168
-3.4063 0
-3.21711 0
-3.02792 0.0103271
-2.83873 0
-2.64954 0.00707379
-2.46035 0
-2.27116 0.00484534
-2.08198 0
-1.89279 0
-1.7036 0
-1.51441 0
-1.32522 0.0018815
-1.13603 0.00155719
-0.946839 0.00257755
-0.75765 0.00426651
-0.56846 0.00882773
-0.379271 0.0277632
-0.190081 0.0532113
-0.000891853 0.0610544
0.188298 0.0724822
0.377487 0.0630736
0.566676 0.055606
0.755866 0.0464908
0.945055 0.0343962
1.13424 0.022999
1.32343 0.0187685
1.51262 0.012008
1.70181 0.00957351
1.891 0.00671596
2.08019 0.00312266
2.26938 0.00237765
2.45857 0.00102669
2.64776 0.00102674
2.83695 0.000644646
3.02614 0.000339518
3.21533 0.00018064
3.40452 9.96685e-05
3.59371 6.87405e-05
3.7829 2.27567e-05
3.97209 9.41705e-06
4.16128 7.79383e-06
4.35046 0
4.53965 1.06771e-05
