43.5592 0.0281021
43.6125 0.0749388
43.6659 0.281021
43.7193 0.533939
43.7727 0.908633
43.826 1.60182
43.8794 2.01398
43.9328 2.61349
43.9862 2.37931
44.0396 2.33247
44.0929 1.75169
44.1463 1.29269
44.1997 0.889898
44.2531 0.63698
44.3064 0.281021
44.3598 0.234184
44.4132 0.121776
44.4666 0.0843062
44.5199 0.0562041
44.5733 0.0187347
44.6267 0
44.6801 0.0187347
44.7335 0.00936735
44.7868 0.00936735
44.8402 0
44.8936 0
44.947 0.00936735
45.0003 0
45.0537 0.00936735
45.1071 0
45.1605 0
45.2138 0
45.2672 0
45.3206 0
45.374 0
45.4274 0.0187347
45.4807 0.0187347
45.5341 0.0187347
45.5875 0.0281021
45.6409 0.00936735
45.6942 0.00936735
45.7476 0.0374694
45.801 0.0374694
45.8544 0.0468368
45.9077 0.0562041
45.9611 0.0655715
46.0145 0.0749388
46.0679 0.0749388
46.1213 0.0187347
46.1746 0.0281021
