0 -10
0.1 -10.1274
0.2 -10.1271
0.3 -10.1268
0.4 -10.1264
0.5 -10.1261
0.6 -10.1258
0.7 -10.1254
0.8 -10.1251
0.9 -10.1248
1 -10.1244
1.1 -10.1241
1.2 -10.1238
1.3 -10.1234
1.4 -10.1231
1.5 -10.1228
1.6 -10.1225
1.7 -10.1221
1.8 -10.1218
1.9 -10.1215
2 -10.1212
2.1 -10.1209
2.2 -10.1205
2.3 -10.1202
2.4 -10.1199
2.5 -10.1196
2.6 -10.1193
2.7 -10.119
2.8 -10.1187
2.9 -10.1183
3 -10.118
3.1 -10.1177
3.2 -10.1174
3.3 -10.1171
3.4 -10.1168
3.5 -10.1165
3.6 -10.1162
3.7 -10.1159
3.8 -10.1156
3.9 -10.1153
4 -10.115
4.1 -10.1146
4.2 -10.1143
4.3 -10.114
4.4 -10.1137
4.5 -10.1134
4.6 -10.1131
4.7 -10.1128
4.8 -10.1125
4.9 -10.1122
5 -10.1119
5.1 -10.1116
5.2 -10.1113
5.3 -10.111
5.4 -10.1107
5.5 -10.1104
5.6 -10.1101
5.7 -10.1098
5.8 -10.1095
5.9 -10.1092
6 -10.1089
6.1 -10.1087
6.2 -10.1084
6.3 -10.1081
6.4 -10.1078
6.5 -10.1075
6.6 -10.1072
6.7 -10.1069
6.8 -10.1066
6.9 -10.1063
7 -10.106
7.1 -10.1057
7.2 -10.1054
7.3 -10.1051
7.4 -10.1048
7.5 -10.1045
7.6 -10.1042
7.7 -10.1039
7.8 -10.1036
7.9 -10.1033
8 -10.103
8.1 -10.1027
8.2 -10.1024
8.3 -10.1021
8.4 -10.1018
8.5 -10.1015
8.6 -10.1012
8.7 -10.1009
8.8 -10.1006
8.9 -10.1003
9 -10.1
9.1 -10.0997
9.2 -10.0994
9.3 -10.0991
9.4 -10.0988
9.5 -10.0985
9.6 -10.0982
9.7 -10.0979
9.8 -10.0976
9.9 -10.0973
10 -10.097
10.1 -10.0967
10.2 -10.0964
10.3 -10.0961
10.4 -10.0958
10.5 -10.0955
10.6 -10.0951
10.7 -10.0948
10.8 -10.0945
10.9 -10.0942
11 -10.0939
11.1 -10.0936
11.2 -10.0933
11.3 -10.0929
11.4 -10.0926
11.5 -10.0923
11.6 -10.092
11.7 -10.0916
11.8 -10.0913
11.9 -10.091
12 -10.0907
12.1 -10.0903
12.2 -10.09
12.3 -10.0897
12.4 -10.0893
12.5 -10.089
12.6 -10.0887
12.7 -10.0883
12.8 -10.088
12.9 -10.0876
13 -10.0873
13.1 -10.0869
13.2 -10.0866
13.3 -10.0862
13.4 -10.0859
13.5 -10.0855
13.6 -10.0852
13.7 -10.0848
13.8 -10.0844
13.9 -10.0841
14 -10.0837
14.1 -10.0833
14.2 -10.083
14.3 -10.0826
14.4 -10.0822
14.5 -10.0818
14.6 -10.0815
14.7 -10.0811
14.8 -10.0807
14.9 -10.0803
15 -10.0799
15.1 -10.0795
15.2 -10.0791
15.3 -10.0787
15.4 -10.0783
15.5 -10.0779
15.6 -10.0775
15.7 -10.0771
15.8 -10.0767
15.9 -10.0762
16 -10.0758
16.1 -10.0754
16.2 -10.0749
16.3 -10.0745
16.4 -10.0741
16.5 -10.0736
16.6 -10.0732
16.7 -10.0727
16.8 -10.0723
16.9 -10.0718
17 -10.0713
17.1 -10.0709
17.2 -10.0704
17.3 -10.0699
17.4 -10.0694
17.5 -10.069
17.6 -10.0685
17.7 -10.068
17.8 -10.0675
17.9 -10.067
18 -10.0665
18.1 -10.0659
18.2 -10.0654
18.3 -10.0649
18.4 -10.0644
18.5 -10.0638
18.6 -10.0633
18.7 -10.0628
18.8 -10.0622
18.9 -10.0616
19 -10.0611
19.1 -10.0605
19.2 -10.0599
19.3 -10.0594
19.4 -10.0588
19.5 -10.0582
19.6 -10.0576
19.7 -10.057
19.8 -10.0564
19.9 -10.0557
20 -10.0551
20.1 -10.0545
20.2 -10.0538
20.3 -10.0532
20.4 -10.0526
20.5 -10.0519
20.6 -10.0512
20.7 -10.0506
20.8 -10.0499
20.9 -10.0492
21 -10.0485
21.1 -10.0478
21.2 -10.0471
21.3 -10.0464
21.4 -10.0457
21.5 -10.0449
21.6 -10.0442
21.7 -10.0434
21.8 -10.0427
21.9 -10.0419
22 -10.0412
22.1 -10.0404
22.2 -10.0396
22.3 -10.0388
22.4 -10.038
22.5 -10.0372
22.6 -10.0364
22.7 -10.0356
22.8 -10.0347
22.9 -10.0339
23 -10.0331
23.1 -10.0322
23.2 -10.0314
23.3 -10.0305
23.4 -10.0296
23.5 -10.0287
23.6 -10.0278
23.7 -10.0269
23.8 -10.026
23.9 -10.0251
24 -10.0242
24.1 -10.0233
24.2 -10.0223
24.3 -10.0214
24.4 -10.0204
24.5 -10.0195
24.6 -10.0185
24.7 -10.0176
24.8 -10.0166
24.9 -10.0156
25 -10.0146
25.1 -10.0136
25.2 -10.0126
25.3 -10.0116
25.4 -10.0106
25.5 -10.0096
25.6 -10.0086
25.7 -10.0075
25.8 -10.0065
25.9 -10.0055
26 -10.0044
26.1 -10.0034
26.2 -10.0023
26.3 -10.0013
26.4 -10.0002
26.5 -9.99917
26.6 -9.99811
26.7 -9.99705
26.8 -9.99599
26.9 -9.99492
27 -9.99385
27.1 -9.99278
27.2 -9.99171
27.3 -9.99064
27.4 -9.98957
27.5 -9.9885
27.6 -9.98742
27.7 -9.98635
27.8 -9.98528
27.9 -9.98421
28 -9.98315
28.1 -9.98208
28.2 -9.98102
28.3 -9.97996
28.4 -9.9789
28.5 -9.97784
28.6 -9.97679
28.7 -9.97574
28.8 -9.97469
28.9 -9.97365
29 -9.97262
29.1 -9.97159
29.2 -9.97056
29.3 -9.96954
29.4 -9.96852
29.5 -9.96752
29.6 -9.96651
29.7 -9.96552
29.8 -9.96453
29.9 -9.96354
30 -9.96257
30.1 -9.9616
30.2 -9.96064
30.3 -9.95968
30.4 -9.95874
30.5 -9.9578
30.6 -9.95687
30.7 -9.95595
30.8 -9.95504
30.9 -9.95414
31 -9.95324
31.1 -9.95236
31.2 -9.95148
31.3 -9.95061
31.4 -9.94976
31.5 -9.94891
31.6 -9.94807
31.7 -9.94724
31.8 -9.94642
31.9 -9.94561
32 -9.94481
32.1 -9.94402
32.2 -9.94324
32.3 -9.94247
32.4 -9.94171
32.5 -9.94096
32.6 -9.94021
32.7 -9.93948
32.8 -9.93876
32.9 -9.93805
33 -9.93735
33.1 -9.93665
33.2 -9.93597
33.3 -9.93529
33.4 -9.93463
33.5 -9.93397
33.6 -9.93333
33.7 -9.93269
33.8 -9.93206
33.9 -9.93145
34 -9.93084
34.1 -9.93024
34.2 -9.92964
34.3 -9.92906
34.4 -9.92849
34.5 -9.92792
34.6 -9.92737
34.7 -9.92682
34.8 -9.92628
34.9 -9.92574
35 -9.92522
35.1 -9.9247
35.2 -9.92419
35.3 -9.92369
35.4 -9.9232
35.5 -9.92271
35.6 -9.92224
35.7 -9.92177
35.8 -9.9213
35.9 -9.92084
36 -9.92039
36.1 -9.91995
36.2 -9.91951
36.3 -9.91909
36.4 -9.91866
36.5 -9.91824
36.6 -9.91783
36.7 -9.91743
36.8 -9.91703
36.9 -9.91664
37 -9.91625
37.1 -9.91587
37.2 -9.9155
37.3 -9.91513
37.4 -9.91476
37.5 -9.9144
37.6 -9.91405
37.7 -9.9137
37.8 -9.91336
37.9 -9.91302
38 -9.91268
38.1 -9.91236
38.2 -9.91203
38.3 -9.91171
38.4 -9.9114
38.5 -9.91109
38.6 -9.91078
38.7 -9.91048
38.8 -9.91018
38.9 -9.90988
39 -9.90959
39.1 -9.90931
39.2 -9.90903
39.3 -9.90875
39.4 -9.90847
39.5 -9.9082
39.6 -9.90793
39.7 -9.90767
39.8 -9.90741
39.9 -9.90715
40 -9.9069
40.1 -9.90665
40.2 -9.9064
40.3 -9.90615
40.4 -9.90591
40.5 -9.90567
40.6 -9.90544
40.7 -9.90521
40.8 -9.90497
40.9 -9.90475
41 -9.90452
41.1 -9.9043
41.2 -9.90408
41.3 -9.90386
41.4 -9.90365
41.5 -9.90344
41.6 -9.90323
41.7 -9.90302
41.8 -9.90281
41.9 -9.90261
42 -9.90241
42.1 -9.90221
42.2 -9.90201
42.3 -9.90182
42.4 -9.90162
42.5 -9.90143
42.6 -9.90124
42.7 -9.90106
42.8 -9.90087
42.9 -9.90069
43 -9.90051
43.1 -9.90033
43.2 -9.90015
43.3 -9.89997
43.4 -9.8998
43.5 -9.89962
43.6 -9.89945
43.7 -9.89928
43.8 -9.89911
43.9 -9.89894
44 -9.89877
44.1 -9.89861
44.2 -9.89845
44.3 -9.89828
44.4 -9.89812
44.5 -9.89796
44.6 -9.8978
44.7 -9.89764
44.8 -9.89749
44.9 -9.89733
45 -9.89718
45.1 -9.89703
45.2 -9.89687
45.3 -9.89672
45.4 -9.89657
45.5 -9.89642
45.6 -9.89627
45.7 -9.89613
45.8 -9.89598
45.9 -9.89583
46 -9.89569
46.1 -9.89554
46.2 -9.8954
46.3 -9.89526
46.4 -9.89512
46.5 -9.89497
46.6 -9.89483
46.7 -9.89469
46.8 -9.89455
46.9 -9.89442
47 -9.89428
47.1 -9.89414
47.2 -9.894
47.3 -9.89387
47.4 -9.89373
47.5 -9.8936
47.6 -9.89346
47.7 -9.89333
47.8 -9.89319
47.9 -9.89306
48 -9.89293
48.1 -9.89279
48.2 -9.89266
48.3 -9.89253
48.4 -9.8924
48.5 -9.89226
48.6 -9.89213
48.7 -9.892
48.8 -9.89187
48.9 -9.89174
49 -9.89161
49.1 -9.89148
49.2 -9.89135
49.3 -9.89122
49.4 -9.89109
49.5 -9.89096
49.6 -9.89083
49.7 -9.8907
49.8 -9.89057
49.9 -9.89044
50 -9.89031
50.1 -9.89018
50.2 -9.89005
50.3 -9.88993
50.4 -9.8898
50.5 -9.88967
50.6 -9.88954
50.7 -9.88941
50.8 -9.88928
50.9 -9.88915
51 -9.88902
51.1 -9.88889
51.2 -9.88876
51.3 -9.88863
51.4 -9.8885
51.5 -9.88837
51.6 -9.88823
51.7 -9.8881
51.8 -9.88797
51.9 -9.88784
52 -9.88771
52.1 -9.88757
52.2 -9.88744
52.3 -9.88731
52.4 -9.88717
52.5 -9.88704
52.6 -9.88691
52.7 -9.88677
52.8 -9.88663
52.9 -9.8865
53 -9.88636
53.1 -9.88623
53.2 -9.88609
53.3 -9.88595
53.4 -9.88581
53.5 -9.88567
53.6 -9.88553
53.7 -9.88539
53.8 -9.88525
53.9 -9.88511
54 -9.88497
54.1 -9.88483
54.2 -9.88468
54.3 -9.88454
54.4 -9.88439
54.5 -9.88425
54.6 -9.8841
54.7 -9.88395
54.8 -9.88381
54.9 -9.88366
55 -9.88351
55.1 -9.88336
55.2 -9.8832
55.3 -9.88305
55.4 -9.8829
55.5 -9.88274
55.6 -9.88259
55.7 -9.88243
55.8 -9.88228
55.9 -9.88212
56 -9.88196
56.1 -9.8818
56.2 -9.88164
56.3 -9.88147
56.4 -9.88131
56.5 -9.88114
56.6 -9.88098
56.7 -9.88081
56.8 -9.88064
56.9 -9.88047
57 -9.8803
57.1 -9.88013
57.2 -9.87996
57.3 -9.87978
57.4 -9.8796
57.5 -9.87943
57.6 -9.87925
57.7 -9.87907
57.8 -9.87888
57.9 -9.8787
58 -9.87851
58.1 -9.87833
58.2 -9.87814
58.3 -9.87795
58.4 -9.87776
58.5 -9.87756
58.6 -9.87737
58.7 -9.87717
58.8 -9.87697
58.9 -9.87677
59 -9.87657
59.1 -9.87636
59.2 -9.87616
59.3 -9.87595
59.4 -9.87574
59.5 -9.87553
59.6 -9.87531
59.7 -9.8751
59.8 -9.87488
59.9 -9.87466
60 -9.87444
60.1 -9.87421
60.2 -9.87398
60.3 -9.87375
60.4 -9.87352
60.5 -9.87329
60.6 -9.87305
60.7 -9.87281
60.8 -9.87257
60.9 -9.87233
61 -9.87208
61.1 -9.87183
61.2 -9.87158
61.3 -9.87132
61.4 -9.87107
61.5 -9.87081
61.6 -9.87054
61.7 -9.87028
61.8 -9.87001
61.9 -9.86974
62 -9.86946
62.1 -9.86919
62.2 -9.8689
62.3 -9.86862
62.4 -9.86833
62.5 -9.86804
62.6 -9.86775
62.7 -9.86745
62.8 -9.86715
62.9 -9.86685
63 -9.86654
63.1 -9.86623
63.2 -9.86592
63.3 -9.8656
63.4 -9.86528
63.5 -9.86495
63.6 -9.86462
63.7 -9.86429
63.8 -9.86395
63.9 -9.86361
64 -9.86327
64.1 -9.86292
64.2 -9.86257
64.3 -9.86221
64.4 -9.86185
64.5 -9.86149
64.6 -9.86112
64.7 -9.86074
64.8 -9.86037
64.9 -9.85999
65 -9.8596
65.1 -9.85921
65.2 -9.85882
65.3 -9.85842
65.4 -9.85801
65.5 -9.85761
65.6 -9.85719
65.7 -9.85678
65.8 -9.85636
65.9 -9.85593
66 -9.8555
66.1 -9.85507
66.2 -9.85463
66.3 -9.85418
66.4 -9.85373
66.5 -9.85328
66.6 -9.85282
66.7 -9.85236
66.8 -9.85189
66.9 -9.85142
67 -9.85095
67.1 -9.85047
67.2 -9.84998
67.3 -9.84949
67.4 -9.849
67.5 -9.8485
67.6 -9.848
67.7 -9.84749
67.8 -9.84698
67.9 -9.84647
68 -9.84595
68.1 -9.84543
68.2 -9.8449
68.3 -9.84437
68.4 -9.84383
68.5 -9.8433
68.6 -9.84275
68.7 -9.84221
68.8 -9.84166
68.9 -9.84111
69 -9.84055
69.1 -9.83999
69.2 -9.83943
69.3 -9.83887
69.4 -9.8383
69.5 -9.83773
69.6 -9.83715
69.7 -9.83658
69.8 -9.836
69.9 -9.83542
70 -9.83484
70.1 -9.83426
70.2 -9.83367
70.3 -9.83308
70.4 -9.83249
70.5 -9.8319
70.6 -9.83131
70.7 -9.83072
70.8 -9.83013
70.9 -9.82954
71 -9.82894
71.1 -9.82835
71.2 -9.82775
71.3 -9.82716
71.4 -9.82656
71.5 -9.82597
71.6 -9.82538
71.7 -9.82478
71.8 -9.82419
71.9 -9.8236
72 -9.82301
72.1 -9.82242
72.2 -9.82184
72.3 -9.82125
72.4 -9.82067
72.5 -9.82009
72.6 -9.81951
72.7 -9.81893
72.8 -9.81835
72.9 -9.81778
73 -9.81721
73.1 -9.81665
73.2 -9.81608
73.3 -9.81552
73.4 -9.81496
73.5 -9.81441
73.6 -9.81386
73.7 -9.81331
73.8 -9.81277
73.9 -9.81223
74 -9.81169
74.1 -9.81116
74.2 -9.81063
74.3 -9.81011
74.4 -9.80959
74.5 -9.80908
74.6 -9.80857
74.7 -9.80806
74.8 -9.80756
74.9 -9.80707
75 -9.80658
75.1 -9.80609
75.2 -9.80561
75.3 -9.80513
75.4 -9.80466
75.5 -9.8042
75.6 -9.80374
75.7 -9.80328
75.8 -9.80283
75.9 -9.80239
76 -9.80195
76.1 -9.80151
76.2 -9.80108
76.3 -9.80066
76.4 -9.80024
76.5 -9.79983
76.6 -9.79942
76.7 -9.79902
76.8 -9.79862
76.9 -9.79823
77 -9.79785
77.1 -9.79747
77.2 -9.79709
77.3 -9.79672
77.4 -9.79636
77.5 -9.796
77.6 -9.79564
77.7 -9.7953
77.8 -9.79495
77.9 -9.79462
78 -9.79428
78.1 -9.79396
78.2 -9.79363
78.3 -9.79332
78.4 -9.79301
78.5 -9.7927
78.6 -9.7924
78.7 -9.7921
78.8 -9.79181
78.9 -9.79152
79 -9.79124
79.1 -9.79097
79.2 -9.79069
79.3 -9.79043
79.4 -9.79016
79.5 -9.78991
79.6 -9.78965
79.7 -9.7894
79.8 -9.78916
79.9 -9.78892
80 -9.78869
80.1 -9.78846
80.2 -9.78823
80.3 -9.78801
80.4 -9.78779
80.5 -9.78758
80.6 -9.78737
80.7 -9.78716
80.8 -9.78696
80.9 -9.78676
81 -9.78657
81.1 -9.78638
81.2 -9.78619
81.3 -9.78601
81.4 -9.78583
81.5 -9.78566
81.6 -9.78549
81.7 -9.78532
81.8 -9.78515
81.9 -9.78499
82 -9.78484
82.1 -9.78468
82.2 -9.78453
82.3 -9.78439
82.4 -9.78424
82.5 -9.7841
82.6 -9.78396
82.7 -9.78383
82.8 -9.7837
82.9 -9.78357
83 -9.78344
83.1 -9.78332
83.2 -9.7832
83.3 -9.78308
83.4 -9.78297
83.5 -9.78286
83.6 -9.78275
83.7 -9.78264
83.8 -9.78254
83.9 -9.78244
84 -9.78234
84.1 -9.78224
84.2 -9.78215
84.3 -9.78206
84.4 -9.78197
84.5 -9.78188
84.6 -9.7818
84.7 -9.78172
84.8 -9.78164
84.9 -9.78156
85 -9.78148
85.1 -9.78141
85.2 -9.78134
85.3 -9.78127
85.4 -9.7812
85.5 -9.78114
85.6 -9.78107
85.7 -9.78101
85.8 -9.78095
85.9 -9.78089
86 -9.78084
86.1 -9.78078
86.2 -9.78073
86.3 -9.78068
86.4 -9.78063
86.5 -9.78058
86.6 -9.78054
86.7 -9.78049
86.8 -9.78045
86.9 -9.78041
87 -9.78037
87.1 -9.78033
87.2 -9.78029
87.3 -9.78026
87.4 -9.78022
87.5 -9.78019
87.6 -9.78016
87.7 -9.78013
87.8 -9.7801
87.9 -9.78007
88 -9.78005
88.1 -9.78002
88.2 -9.78
88.3 -9.77998
88.4 -9.77996
88.5 -9.77994
88.6 -9.77992
88.7 -9.7799
88.8 -9.77988
88.9 -9.77987
89 -9.77985
89.1 -9.77984
89.2 -9.77983
89.3 -9.77982
89.4 -9.77981
89.5 -9.7798
89.6 -9.77979
89.7 -9.77978
89.8 -9.77978
89.9 -9.77977
90 -9.77977
90.1 -9.77976
90.2 -9.77976
90.3 -9.77976
90.4 -9.77976
90.5 -9.77976
90.6 -9.77976
90.7 -9.77976
90.8 -9.77976
90.9 -9.77976
91 -9.77977
91.1 -9.77977
91.2 -9.77978
91.3 -9.77978
91.4 -9.77979
91.5 -9.7798
91.6 -9.7798
91.7 -9.77981
91.8 -9.77982
91.9 -9.77983
92 -9.77984
92.1 -9.77986
92.2 -9.77987
92.3 -9.77988
92.4 -9.77989
92.5 -9.77991
92.6 -9.77992
92.7 -9.77994
92.8 -9.77995
92.9 -9.77997
93 -9.77999
93.1 -9.78
93.2 -9.78002
93.3 -9.78004
93.4 -9.78006
93.5 -9.78008
93.6 -9.7801
93.7 -9.78012
93.8 -9.78014
93.9 -9.78016
94 -9.78018
94.1 -9.7802
94.2 -9.78023
94.3 -9.78025
94.4 -9.78027
94.5 -9.7803
94.6 -9.78032
94.7 -9.78035
94.8 -9.78037
94.9 -9.7804
95 -9.78042
95.1 -9.78045
95.2 -9.78048
95.3 -9.78051
95.4 -9.78053
95.5 -9.78056
95.6 -9.78059
95.7 -9.78062
95.8 -9.78065
95.9 -9.78068
96 -9.78071
96.1 -9.78074
96.2 -9.78077
96.3 -9.7808
96.4 -9.78083
96.5 -9.78086
96.6 -9.7809
96.7 -9.78093
96.8 -9.78096
96.9 -9.78099
97 -9.78103
97.1 -9.78106
97.2 -9.78109
97.3 -9.78113
97.4 -9.78116
97.5 -9.7812
97.6 -9.78123
97.7 -9.78127
97.8 -9.7813
97.9 -9.78134
98 -9.78138
98.1 -9.78141
98.2 -9.78145
98.3 -9.78149
98.4 -9.78152
98.5 -9.78156
98.6 -9.7816
98.7 -9.78164
98.8 -9.78167
98.9 -9.78171
99 -9.78175
99.1 -9.78179
99.2 -9.78183
99.3 -9.78187
99.4 -9.78191
99.5 -9.78195
99.6 -9.78199
99.7 -9.78203
99.8 -9.78207
99.9 -9.78211
100 -9.78215
100.001 -10
